FANN_FLO_2.1
num_layers=3
learning_rate=0.500000
connection_rate=1.000000
network_type=0
learning_momentum=0.000000
training_algorithm=2
train_error_function=1
train_stop_function=0
cascade_output_change_fraction=0.010000
quickprop_decay=-0.000100
quickprop_mu=1.750000
rprop_increase_factor=1.200000
rprop_decrease_factor=0.500000
rprop_delta_min=0.000000
rprop_delta_max=50.000000
rprop_delta_zero=0.100000
cascade_output_stagnation_epochs=12
cascade_candidate_change_fraction=0.010000
cascade_candidate_stagnation_epochs=12
cascade_max_out_epochs=150
cascade_min_out_epochs=50
cascade_max_cand_epochs=150
cascade_min_cand_epochs=50
cascade_num_candidate_groups=2
bit_fail_limit=3.49999994039535522461e-01
cascade_candidate_limit=1.00000000000000000000e+03
cascade_weight_multiplier=4.00000005960464477539e-01
cascade_activation_functions_count=10
cascade_activation_functions=3 5 7 8 10 11 14 15 16 17 
cascade_activation_steepnesses_count=4
cascade_activation_steepnesses=2.50000000000000000000e-01 5.00000000000000000000e-01 7.50000000000000000000e-01 1.00000000000000000000e+00 
layer_sizes=10 5 2 
scale_included=0
neurons (num_inputs, activation_function, activation_steepness)=(0, 0, 0.00000000000000000000e+00) (0, 0, 0.00000000000000000000e+00) (0, 0, 0.00000000000000000000e+00) (0, 0, 0.00000000000000000000e+00) (0, 0, 0.00000000000000000000e+00) (0, 0, 0.00000000000000000000e+00) (0, 0, 0.00000000000000000000e+00) (0, 0, 0.00000000000000000000e+00) (0, 0, 0.00000000000000000000e+00) (0, 0, 0.00000000000000000000e+00) (10, 3, 5.00000000000000000000e-01) (10, 3, 5.00000000000000000000e-01) (10, 3, 5.00000000000000000000e-01) (10, 3, 5.00000000000000000000e-01) (0, 3, 0.00000000000000000000e+00) (5, 3, 5.00000000000000000000e-01) (0, 3, 0.00000000000000000000e+00) 
connections (connected_to_neuron, weight)=(0, -2.59982452392578125000e+01) (1, -6.79465055465698242188e+00) (2, -7.06647396087646484375e+00) (3, -5.68230152130126953125e-01) (4, 2.42391948699951171875e+01) (5, -1.41432924270629882812e+01) (6, -1.20492115020751953125e+01) (7, -1.70146310329437255859e+00) (8, 3.91152496337890625000e+01) (9, -3.92459511756896972656e+00) (0, 2.19763278961181640625e+01) (1, 1.58917760848999023438e+01) (2, -2.99293727874755859375e+01) (3, 8.86178588867187500000e+00) (4, 7.80725002288818359375e+00) (5, -3.50526618957519531250e+00) (6, 2.76541924476623535156e+00) (7, -8.20549106597900390625e+00) (8, -5.26801967620849609375e+00) (9, -7.62292480468750000000e+00) (0, 1.21935375976562500000e+03) (1, -1.50000000000000000000e+03) (2, -1.15688819885253906250e+02) (3, 1.83416538238525390625e+01) (4, 1.43044853210449218750e+00) (5, -5.96080064773559570312e+00) (6, -1.91267907619476318359e+00) (7, -4.47210884094238281250e+00) (8, 1.00929489135742187500e+01) (9, -5.61245441436767578125e+00) (0, 4.44758605957031250000e+02) (1, 1.93567535400390625000e+02) (2, 3.60472412109375000000e+02) (3, 1.44496774673461914062e+00) (4, 6.04893646240234375000e+01) (5, 4.99091186523437500000e+01) (6, -1.06859692382812500000e+03) (7, -5.39469238281250000000e+02) (8, 6.52385950088500976562e+00) (9, -3.92675697803497314453e-01) (10, 1.13219249248504638672e+00) (11, 2.27779054641723632812e+00) (12, 1.13909864425659179688e+00) (13, 1.14406549930572509766e+00) (14, -1.39592480659484863281e+00) 
