FANN_FLO_2.1
num_layers=3
learning_rate=0.400000
connection_rate=1.000000
network_type=0
learning_momentum=0.000000
training_algorithm=2
train_error_function=1
train_stop_function=0
cascade_output_change_fraction=0.010000
quickprop_decay=-0.000100
quickprop_mu=1.750000
rprop_increase_factor=1.200000
rprop_decrease_factor=0.500000
rprop_delta_min=0.000000
rprop_delta_max=50.000000
rprop_delta_zero=0.100000
cascade_output_stagnation_epochs=12
cascade_candidate_change_fraction=0.010000
cascade_candidate_stagnation_epochs=12
cascade_max_out_epochs=150
cascade_min_out_epochs=50
cascade_max_cand_epochs=150
cascade_min_cand_epochs=50
cascade_num_candidate_groups=2
bit_fail_limit=3.49999994039535522461e-01
cascade_candidate_limit=1.00000000000000000000e+03
cascade_weight_multiplier=4.00000005960464477539e-01
cascade_activation_functions_count=10
cascade_activation_functions=3 5 7 8 10 11 14 15 16 17 
cascade_activation_steepnesses_count=4
cascade_activation_steepnesses=2.50000000000000000000e-01 5.00000000000000000000e-01 7.50000000000000000000e-01 1.00000000000000000000e+00 
layer_sizes=19 3 3 
scale_included=0
neurons (num_inputs, activation_function, activation_steepness)=(0, 0, 0.00000000000000000000e+00) (0, 0, 0.00000000000000000000e+00) (0, 0, 0.00000000000000000000e+00) (0, 0, 0.00000000000000000000e+00) (0, 0, 0.00000000000000000000e+00) (0, 0, 0.00000000000000000000e+00) (0, 0, 0.00000000000000000000e+00) (0, 0, 0.00000000000000000000e+00) (0, 0, 0.00000000000000000000e+00) (0, 0, 0.00000000000000000000e+00) (0, 0, 0.00000000000000000000e+00) (0, 0, 0.00000000000000000000e+00) (0, 0, 0.00000000000000000000e+00) (0, 0, 0.00000000000000000000e+00) (0, 0, 0.00000000000000000000e+00) (0, 0, 0.00000000000000000000e+00) (0, 0, 0.00000000000000000000e+00) (0, 0, 0.00000000000000000000e+00) (0, 0, 0.00000000000000000000e+00) (19, 3, 5.00000000000000000000e-01) (19, 3, 5.00000000000000000000e-01) (0, 3, 0.00000000000000000000e+00) (3, 3, 5.00000000000000000000e-01) (3, 3, 5.00000000000000000000e-01) (0, 3, 0.00000000000000000000e+00) 
connections (connected_to_neuron, weight)=(0, -2.38564157485961914062e+00) (1, 2.34001731872558593750e+00) (2, 7.13004350662231445312e-01) (3, -5.37810659408569335938e+00) (4, 2.20353364944458007812e+00) (5, -8.91731071472167968750e+00) (6, -3.95606422424316406250e+00) (7, 2.36339306831359863281e+00) (8, 1.97188034653663635254e-02) (9, 4.39289665222167968750e+00) (10, -3.04296827316284179688e+00) (11, 2.96881556510925292969e-01) (12, 5.65556144714355468750e+00) (13, -2.75287842750549316406e+00) (14, -1.16550974547863006592e-01) (15, 3.73034405708312988281e+00) (16, -4.37001991271972656250e+00) (17, -1.93513703346252441406e+00) (18, 1.98555007576942443848e-01) (0, -2.97383032739162445068e-02) (1, -1.12641630172729492188e+01) (2, -8.42483329772949218750e+00) (3, 8.61029148101806640625e+00) (4, -2.10881686210632324219e+00) (5, 2.83728599548339843750e+01) (6, 7.92812061309814453125e+00) (7, 9.65958952903747558594e-01) (8, -3.51076602935791015625e+00) (9, -4.23554706573486328125e+00) (10, 6.14460134506225585938e+00) (11, -1.49082195758819580078e+00) (12, -1.15532283782958984375e+01) (13, 7.68225717544555664062e+00) (14, 1.18203091621398925781e+00) (15, -9.15378379821777343750e+00) (16, 4.99778747558593750000e+00) (17, 6.44091939926147460938e+00) (18, 2.31299668550491333008e-01) (19, -2.19604301452636718750e+00) (20, -1.61167550086975097656e+00) (21, 1.09855556488037109375e+00) (19, 2.19546580314636230469e+00) (20, 1.60925471782684326172e+00) (21, -1.09661686420440673828e+00) 
