FANN_FLO_2.1
num_layers=4
learning_rate=0.400000
connection_rate=1.000000
network_type=0
learning_momentum=0.000000
training_algorithm=2
train_error_function=1
train_stop_function=0
cascade_output_change_fraction=0.010000
quickprop_decay=-0.000100
quickprop_mu=1.750000
rprop_increase_factor=1.200000
rprop_decrease_factor=0.500000
rprop_delta_min=0.000000
rprop_delta_max=50.000000
rprop_delta_zero=0.100000
cascade_output_stagnation_epochs=12
cascade_candidate_change_fraction=0.010000
cascade_candidate_stagnation_epochs=12
cascade_max_out_epochs=150
cascade_min_out_epochs=50
cascade_max_cand_epochs=150
cascade_min_cand_epochs=50
cascade_num_candidate_groups=2
bit_fail_limit=3.49999994039535522461e-01
cascade_candidate_limit=1.00000000000000000000e+03
cascade_weight_multiplier=4.00000005960464477539e-01
cascade_activation_functions_count=10
cascade_activation_functions=3 5 7 8 10 11 14 15 16 17 
cascade_activation_steepnesses_count=4
cascade_activation_steepnesses=2.50000000000000000000e-01 5.00000000000000000000e-01 7.50000000000000000000e-01 1.00000000000000000000e+00 
layer_sizes=7 5 5 2 
scale_included=0
neurons (num_inputs, activation_function, activation_steepness)=(0, 0, 0.00000000000000000000e+00) (0, 0, 0.00000000000000000000e+00) (0, 0, 0.00000000000000000000e+00) (0, 0, 0.00000000000000000000e+00) (0, 0, 0.00000000000000000000e+00) (0, 0, 0.00000000000000000000e+00) (0, 0, 0.00000000000000000000e+00) (7, 3, 5.00000000000000000000e-01) (7, 3, 5.00000000000000000000e-01) (7, 3, 5.00000000000000000000e-01) (7, 3, 5.00000000000000000000e-01) (0, 3, 0.00000000000000000000e+00) (5, 3, 5.00000000000000000000e-01) (5, 3, 5.00000000000000000000e-01) (5, 3, 5.00000000000000000000e-01) (5, 3, 5.00000000000000000000e-01) (0, 3, 0.00000000000000000000e+00) (5, 3, 5.00000000000000000000e-01) (0, 3, 0.00000000000000000000e+00) 
connections (connected_to_neuron, weight)=(0, -1.49767260742187500000e+03) (1, -9.47350082397460937500e+01) (2, -1.50000000000000000000e+03) (3, 1.50000000000000000000e+03) (4, -1.11320007324218750000e+03) (5, 1.12153906250000000000e+03) (6, 1.20535671710968017578e+00) (0, -2.57303929328918457031e+00) (1, 5.18977355957031250000e+00) (2, 2.50171768188476562500e+02) (3, 2.31047391891479492188e+00) (4, -4.64745292663574218750e+01) (5, 2.54840717315673828125e+01) (6, 4.65186309814453125000e+00) (0, -5.60584449768066406250e+00) (1, 1.79106998443603515625e+00) (2, 1.51872835159301757812e+01) (3, -6.61857080459594726562e+00) (4, -3.24811506271362304688e+00) (5, 8.83133411407470703125e-01) (6, 4.93712234497070312500e+00) (0, -1.49301623535156250000e+03) (1, 3.27646606445312500000e+02) (2, -1.50000000000000000000e+03) (3, 1.50000000000000000000e+03) (4, -1.48383361816406250000e+03) (5, 1.16776647949218750000e+03) (6, 5.55165827274322509766e-01) (7, 1.50000000000000000000e+03) (8, 1.15022361278533935547e+00) (9, 2.84808897972106933594e+00) (10, 1.07406298828125000000e+03) (11, -7.34751164913177490234e-01) (7, -9.22619438171386718750e+00) (8, 3.86030311584472656250e+01) (9, -1.49029553222656250000e+03) (10, 8.02800109863281250000e+02) (11, 2.92037397623062133789e-01) (7, 1.50000000000000000000e+03) (8, -3.77088432312011718750e+01) (9, 1.50000000000000000000e+03) (10, -2.97605113983154296875e+01) (11, -1.57336342334747314453e+00) (7, 1.50000000000000000000e+03) (8, -1.15241546630859375000e+02) (9, 2.24524337768554687500e+02) (10, 1.07406298828125000000e+03) (11, -9.80922985076904296875e+00) (12, -2.14253234863281250000e+00) (13, 1.36390447616577148438e+00) (14, -5.42450428009033203125e-01) (15, -5.31136453151702880859e-01) (16, -3.94283920526504516602e-01) 
