FANN_FLO_2.1
num_layers=3
learning_rate=0.500000
connection_rate=1.000000
network_type=0
learning_momentum=0.000000
training_algorithm=2
train_error_function=1
train_stop_function=0
cascade_output_change_fraction=0.010000
quickprop_decay=-0.000100
quickprop_mu=1.750000
rprop_increase_factor=1.200000
rprop_decrease_factor=0.500000
rprop_delta_min=0.000000
rprop_delta_max=50.000000
rprop_delta_zero=0.100000
cascade_output_stagnation_epochs=12
cascade_candidate_change_fraction=0.010000
cascade_candidate_stagnation_epochs=12
cascade_max_out_epochs=150
cascade_min_out_epochs=50
cascade_max_cand_epochs=150
cascade_min_cand_epochs=50
cascade_num_candidate_groups=2
bit_fail_limit=3.49999994039535522461e-01
cascade_candidate_limit=1.00000000000000000000e+03
cascade_weight_multiplier=4.00000005960464477539e-01
cascade_activation_functions_count=10
cascade_activation_functions=3 5 7 8 10 11 14 15 16 17 
cascade_activation_steepnesses_count=4
cascade_activation_steepnesses=2.50000000000000000000e-01 5.00000000000000000000e-01 7.50000000000000000000e-01 1.00000000000000000000e+00 
layer_sizes=10 3 2 
scale_included=0
neurons (num_inputs, activation_function, activation_steepness)=(0, 0, 0.00000000000000000000e+00) (0, 0, 0.00000000000000000000e+00) (0, 0, 0.00000000000000000000e+00) (0, 0, 0.00000000000000000000e+00) (0, 0, 0.00000000000000000000e+00) (0, 0, 0.00000000000000000000e+00) (0, 0, 0.00000000000000000000e+00) (0, 0, 0.00000000000000000000e+00) (0, 0, 0.00000000000000000000e+00) (0, 0, 0.00000000000000000000e+00) (10, 3, 5.00000000000000000000e-01) (10, 3, 5.00000000000000000000e-01) (0, 3, 0.00000000000000000000e+00) (3, 3, 5.00000000000000000000e-01) (0, 3, 0.00000000000000000000e+00) 
connections (connected_to_neuron, weight)=(0, 9.84493350982666015625e+00) (1, -2.44206142425537109375e+01) (2, -2.13218137621879577637e-01) (3, -9.43991661071777343750e+00) (4, 2.49675426483154296875e+01) (5, -1.43674192428588867188e+01) (6, 5.63397026062011718750e+00) (7, 1.99211959838867187500e+01) (8, -1.70767498016357421875e+01) (9, 5.57180786132812500000e+00) (0, 5.78363943099975585938e+00) (1, -8.70614528656005859375e+00) (2, -1.99293117523193359375e+01) (3, -9.44011688232421875000e+00) (4, 6.83741331100463867188e+00) (5, -5.70381402969360351562e+00) (6, 1.16789855957031250000e+01) (7, 2.14747543334960937500e+01) (8, -3.10518598556518554688e+00) (9, 3.74337029457092285156e+00) (10, -2.95149445533752441406e-01) (11, -1.99296247959136962891e+00) (12, 1.14563095569610595703e+00) 
