FANN_FLO_2.1
num_layers=3
learning_rate=0.400000
connection_rate=1.000000
network_type=0
learning_momentum=0.000000
training_algorithm=2
train_error_function=1
train_stop_function=0
cascade_output_change_fraction=0.010000
quickprop_decay=-0.000100
quickprop_mu=1.750000
rprop_increase_factor=1.200000
rprop_decrease_factor=0.500000
rprop_delta_min=0.000000
rprop_delta_max=50.000000
rprop_delta_zero=0.100000
cascade_output_stagnation_epochs=12
cascade_candidate_change_fraction=0.010000
cascade_candidate_stagnation_epochs=12
cascade_max_out_epochs=150
cascade_min_out_epochs=50
cascade_max_cand_epochs=150
cascade_min_cand_epochs=50
cascade_num_candidate_groups=2
bit_fail_limit=3.49999994039535522461e-01
cascade_candidate_limit=1.00000000000000000000e+03
cascade_weight_multiplier=4.00000005960464477539e-01
cascade_activation_functions_count=10
cascade_activation_functions=3 5 7 8 10 11 14 15 16 17 
cascade_activation_steepnesses_count=4
cascade_activation_steepnesses=2.50000000000000000000e-01 5.00000000000000000000e-01 7.50000000000000000000e-01 1.00000000000000000000e+00 
layer_sizes=19 3 3 
scale_included=0
neurons (num_inputs, activation_function, activation_steepness)=(0, 0, 0.00000000000000000000e+00) (0, 0, 0.00000000000000000000e+00) (0, 0, 0.00000000000000000000e+00) (0, 0, 0.00000000000000000000e+00) (0, 0, 0.00000000000000000000e+00) (0, 0, 0.00000000000000000000e+00) (0, 0, 0.00000000000000000000e+00) (0, 0, 0.00000000000000000000e+00) (0, 0, 0.00000000000000000000e+00) (0, 0, 0.00000000000000000000e+00) (0, 0, 0.00000000000000000000e+00) (0, 0, 0.00000000000000000000e+00) (0, 0, 0.00000000000000000000e+00) (0, 0, 0.00000000000000000000e+00) (0, 0, 0.00000000000000000000e+00) (0, 0, 0.00000000000000000000e+00) (0, 0, 0.00000000000000000000e+00) (0, 0, 0.00000000000000000000e+00) (0, 0, 0.00000000000000000000e+00) (19, 3, 5.00000000000000000000e-01) (19, 3, 5.00000000000000000000e-01) (0, 3, 0.00000000000000000000e+00) (3, 3, 5.00000000000000000000e-01) (3, 3, 5.00000000000000000000e-01) (0, 3, 0.00000000000000000000e+00) 
connections (connected_to_neuron, weight)=(0, -9.62438201904296875000e+00) (1, 4.03852891921997070312e+00) (2, 3.31404495239257812500e+00) (3, -2.74477314949035644531e+00) (4, -4.91177892684936523438e+00) (5, -5.28749513626098632812e+00) (6, -4.90976762771606445312e+00) (7, -4.48645687103271484375e+00) (8, 2.09377670288085937500e+00) (9, 4.62257289886474609375e+00) (10, -5.02002382278442382812e+00) (11, -8.67695426940917968750e+00) (12, 4.75928354263305664062e+00) (13, 4.61996269226074218750e+00) (14, 1.30199837684631347656e+00) (15, 7.01914215087890625000e+00) (16, 1.42151880264282226562e+01) (17, 3.12453937530517578125e+00) (18, 3.66577839851379394531e+00) (0, 5.57559299468994140625e+00) (1, -1.11346626281738281250e+00) (2, -2.04923772811889648438e+00) (3, 2.89129757881164550781e+00) (4, 2.73124217987060546875e+00) (5, 1.94697046279907226562e+00) (6, 4.39882135391235351562e+00) (7, 3.69438838958740234375e+00) (8, -1.30192935466766357422e+00) (9, -5.71424484252929687500e+00) (10, -2.36184988170862197876e-03) (11, 2.96977257728576660156e+00) (12, -3.80965590476989746094e+00) (13, -4.41902542114257812500e+00) (14, 2.29563891887664794922e-01) (15, -3.64289045333862304688e+00) (16, -6.70629596710205078125e+00) (17, -2.15209499001502990723e-01) (18, -2.39301085472106933594e+00) (19, -1.65144884586334228516e+00) (20, -2.46731042861938476562e+00) (21, 1.16916000843048095703e+00) (19, 1.64769411087036132812e+00) (20, 2.46378254890441894531e+00) (21, -1.16581094264984130859e+00) 
