FANN_FLO_2.1
num_layers=3
learning_rate=0.400000
connection_rate=1.000000
network_type=0
learning_momentum=0.000000
training_algorithm=2
train_error_function=1
train_stop_function=0
cascade_output_change_fraction=0.010000
quickprop_decay=-0.000100
quickprop_mu=1.750000
rprop_increase_factor=1.200000
rprop_decrease_factor=0.500000
rprop_delta_min=0.000000
rprop_delta_max=50.000000
rprop_delta_zero=0.100000
cascade_output_stagnation_epochs=12
cascade_candidate_change_fraction=0.010000
cascade_candidate_stagnation_epochs=12
cascade_max_out_epochs=150
cascade_min_out_epochs=50
cascade_max_cand_epochs=150
cascade_min_cand_epochs=50
cascade_num_candidate_groups=2
bit_fail_limit=3.49999994039535522461e-01
cascade_candidate_limit=1.00000000000000000000e+03
cascade_weight_multiplier=4.00000005960464477539e-01
cascade_activation_functions_count=10
cascade_activation_functions=3 5 7 8 10 11 14 15 16 17 
cascade_activation_steepnesses_count=4
cascade_activation_steepnesses=2.50000000000000000000e-01 5.00000000000000000000e-01 7.50000000000000000000e-01 1.00000000000000000000e+00 
layer_sizes=19 3 3 
scale_included=0
neurons (num_inputs, activation_function, activation_steepness)=(0, 0, 0.00000000000000000000e+00) (0, 0, 0.00000000000000000000e+00) (0, 0, 0.00000000000000000000e+00) (0, 0, 0.00000000000000000000e+00) (0, 0, 0.00000000000000000000e+00) (0, 0, 0.00000000000000000000e+00) (0, 0, 0.00000000000000000000e+00) (0, 0, 0.00000000000000000000e+00) (0, 0, 0.00000000000000000000e+00) (0, 0, 0.00000000000000000000e+00) (0, 0, 0.00000000000000000000e+00) (0, 0, 0.00000000000000000000e+00) (0, 0, 0.00000000000000000000e+00) (0, 0, 0.00000000000000000000e+00) (0, 0, 0.00000000000000000000e+00) (0, 0, 0.00000000000000000000e+00) (0, 0, 0.00000000000000000000e+00) (0, 0, 0.00000000000000000000e+00) (0, 0, 0.00000000000000000000e+00) (19, 3, 5.00000000000000000000e-01) (19, 3, 5.00000000000000000000e-01) (0, 3, 0.00000000000000000000e+00) (3, 3, 5.00000000000000000000e-01) (3, 3, 5.00000000000000000000e-01) (0, 3, 0.00000000000000000000e+00) 
connections (connected_to_neuron, weight)=(0, 6.14802002906799316406e-01) (1, 1.74827327728271484375e+01) (2, -4.49141263961791992188e+00) (3, -1.37092602252960205078e+00) (4, 1.30730361938476562500e+01) (5, 8.76093769073486328125e+00) (6, -4.18243694305419921875e+00) (7, 1.05935459136962890625e+01) (8, -1.00480718612670898438e+01) (9, -5.62093973159790039062e-01) (10, -1.23386802673339843750e+01) (11, 2.78815674781799316406e+00) (12, 3.88158822059631347656e+00) (13, -1.24052391052246093750e+01) (14, 4.43809598684310913086e-01) (15, 5.94255065917968750000e+00) (16, -1.48541679382324218750e+01) (17, -8.87615299224853515625e+00) (18, 2.90575003623962402344e+00) (0, -5.37802755832672119141e-01) (1, -6.16048336029052734375e+00) (2, -3.50922971963882446289e-01) (3, 8.99336755275726318359e-01) (4, -6.38032293319702148438e+00) (5, -1.03388214111328125000e+00) (6, 7.21279829740524291992e-02) (7, -4.69442796707153320312e+00) (8, 9.50641155242919921875e-01) (9, -9.96038556098937988281e-01) (10, 5.53603363037109375000e+00) (11, -1.13665652275085449219e+00) (12, -2.74012136459350585938e+00) (13, 4.14998483657836914062e+00) (14, 2.29493796825408935547e-01) (15, -2.47089695930480957031e+00) (16, 5.56848239898681640625e+00) (17, 1.81882715225219726562e+00) (18, 4.25419569015502929688e-01) (19, -1.11333787441253662109e+00) (20, -1.79205262660980224609e+00) (21, 4.92814391851425170898e-01) (19, 1.11363554000854492188e+00) (20, 1.79226601123809814453e+00) (21, -4.92583870887756347656e-01) 
