FANN_FLO_2.1
num_layers=3
learning_rate=0.400000
connection_rate=1.000000
network_type=0
learning_momentum=0.000000
training_algorithm=2
train_error_function=1
train_stop_function=0
cascade_output_change_fraction=0.010000
quickprop_decay=-0.000100
quickprop_mu=1.750000
rprop_increase_factor=1.200000
rprop_decrease_factor=0.500000
rprop_delta_min=0.000000
rprop_delta_max=50.000000
rprop_delta_zero=0.100000
cascade_output_stagnation_epochs=12
cascade_candidate_change_fraction=0.010000
cascade_candidate_stagnation_epochs=12
cascade_max_out_epochs=150
cascade_min_out_epochs=50
cascade_max_cand_epochs=150
cascade_min_cand_epochs=50
cascade_num_candidate_groups=2
bit_fail_limit=3.49999994039535522461e-01
cascade_candidate_limit=1.00000000000000000000e+03
cascade_weight_multiplier=4.00000005960464477539e-01
cascade_activation_functions_count=10
cascade_activation_functions=3 5 7 8 10 11 14 15 16 17 
cascade_activation_steepnesses_count=4
cascade_activation_steepnesses=2.50000000000000000000e-01 5.00000000000000000000e-01 7.50000000000000000000e-01 1.00000000000000000000e+00 
layer_sizes=7 9 2 
scale_included=0
neurons (num_inputs, activation_function, activation_steepness)=(0, 0, 0.00000000000000000000e+00) (0, 0, 0.00000000000000000000e+00) (0, 0, 0.00000000000000000000e+00) (0, 0, 0.00000000000000000000e+00) (0, 0, 0.00000000000000000000e+00) (0, 0, 0.00000000000000000000e+00) (0, 0, 0.00000000000000000000e+00) (7, 3, 5.00000000000000000000e-01) (7, 3, 5.00000000000000000000e-01) (7, 3, 5.00000000000000000000e-01) (7, 3, 5.00000000000000000000e-01) (7, 3, 5.00000000000000000000e-01) (7, 3, 5.00000000000000000000e-01) (7, 3, 5.00000000000000000000e-01) (7, 3, 5.00000000000000000000e-01) (0, 3, 0.00000000000000000000e+00) (9, 3, 5.00000000000000000000e-01) (0, 3, 0.00000000000000000000e+00) 
connections (connected_to_neuron, weight)=(0, -2.99865818023681640625e+00) (1, -2.30425190925598144531e+00) (2, -4.12844610214233398438e+00) (3, 1.74627280235290527344e+00) (4, 2.40437555313110351562e+00) (5, 2.99146699905395507812e+00) (6, -3.34548449516296386719e+00) (0, 2.48107647895812988281e+00) (1, -2.03269076347351074219e+00) (2, -3.83570432662963867188e+00) (3, 1.36918246746063232422e+00) (4, -1.79082190990447998047e+00) (5, 1.16939029693603515625e+01) (6, -6.36646318435668945312e+00) (0, 8.62228775024414062500e+00) (1, -2.18046188354492187500e+00) (2, -9.61011314392089843750e+00) (3, 3.77399563789367675781e+00) (4, -4.18992328643798828125e+00) (5, 9.88358974456787109375e+00) (6, -4.68695020675659179688e+00) (0, -9.61967372894287109375e+00) (1, -3.79005789756774902344e+00) (2, -3.68429160118103027344e+00) (3, 2.79005599021911621094e+00) (4, 2.26135492324829101562e+00) (5, 4.04464435577392578125e+00) (6, 7.93796181678771972656e-01) (0, -3.88806748390197753906e+00) (1, -3.31351852416992187500e+00) (2, -3.13999247550964355469e+00) (3, 1.40059220790863037109e+00) (4, 5.60157716274261474609e-01) (5, 1.26041758060455322266e+00) (6, -6.63355350494384765625e-01) (0, -3.98929834365844726562e+00) (1, -3.43080663681030273438e+00) (2, -3.07199692726135253906e+00) (3, 1.40245127677917480469e+00) (4, 1.45840096473693847656e+00) (5, 4.95440632104873657227e-01) (6, -7.28443145751953125000e-01) (0, -4.15493679046630859375e+00) (1, -3.04384326934814453125e+00) (2, -2.81462669372558593750e+00) (3, 1.88105678558349609375e+00) (4, 1.69168424606323242188e+00) (5, 7.45778322219848632812e-01) (6, -1.53325319290161132812e+00) (0, -1.40865588188171386719e+00) (1, -7.17382013797760009766e-01) (2, 4.02831220626831054688e+00) (3, 4.16554260253906250000e+00) (4, 1.70307612419128417969e+00) (5, -9.20605468750000000000e+00) (6, -4.43704277276992797852e-01) (7, 1.07994246482849121094e+00) (8, 1.57985317707061767578e+00) (9, 8.89910340309143066406e-01) (10, 5.92841386795043945312e-01) (11, 6.84735476970672607422e-01) (12, 1.11948943138122558594e+00) (13, 1.48961877822875976562e+00) (14, 3.13510870933532714844e+00) (15, -2.65340256690979003906e+00) 
