FANN_FLO_2.1
num_layers=3
learning_rate=0.400000
connection_rate=1.000000
network_type=0
learning_momentum=0.000000
training_algorithm=2
train_error_function=1
train_stop_function=0
cascade_output_change_fraction=0.010000
quickprop_decay=-0.000100
quickprop_mu=1.750000
rprop_increase_factor=1.200000
rprop_decrease_factor=0.500000
rprop_delta_min=0.000000
rprop_delta_max=50.000000
rprop_delta_zero=0.100000
cascade_output_stagnation_epochs=12
cascade_candidate_change_fraction=0.010000
cascade_candidate_stagnation_epochs=12
cascade_max_out_epochs=150
cascade_min_out_epochs=50
cascade_max_cand_epochs=150
cascade_min_cand_epochs=50
cascade_num_candidate_groups=2
bit_fail_limit=3.49999994039535522461e-01
cascade_candidate_limit=1.00000000000000000000e+03
cascade_weight_multiplier=4.00000005960464477539e-01
cascade_activation_functions_count=10
cascade_activation_functions=3 5 7 8 10 11 14 15 16 17 
cascade_activation_steepnesses_count=4
cascade_activation_steepnesses=2.50000000000000000000e-01 5.00000000000000000000e-01 7.50000000000000000000e-01 1.00000000000000000000e+00 
layer_sizes=7 9 2 
scale_included=0
neurons (num_inputs, activation_function, activation_steepness)=(0, 0, 0.00000000000000000000e+00) (0, 0, 0.00000000000000000000e+00) (0, 0, 0.00000000000000000000e+00) (0, 0, 0.00000000000000000000e+00) (0, 0, 0.00000000000000000000e+00) (0, 0, 0.00000000000000000000e+00) (0, 0, 0.00000000000000000000e+00) (7, 3, 5.00000000000000000000e-01) (7, 3, 5.00000000000000000000e-01) (7, 3, 5.00000000000000000000e-01) (7, 3, 5.00000000000000000000e-01) (7, 3, 5.00000000000000000000e-01) (7, 3, 5.00000000000000000000e-01) (7, 3, 5.00000000000000000000e-01) (7, 3, 5.00000000000000000000e-01) (0, 3, 0.00000000000000000000e+00) (9, 3, 5.00000000000000000000e-01) (0, 3, 0.00000000000000000000e+00) 
connections (connected_to_neuron, weight)=(0, 1.49075769042968750000e+03) (1, 2.13969841003417968750e+01) (2, 7.11622142791748046875e+00) (3, 1.46543994140625000000e+03) (4, 4.05112075805664062500e+00) (5, 8.18275630474090576172e-01) (6, 5.30336380004882812500e-01) (0, -2.61464953422546386719e-01) (1, 5.47450602054595947266e-01) (2, -1.28905677795410156250e+00) (3, -2.95436620712280273438e+00) (4, -1.04768268764019012451e-01) (5, 1.47328078746795654297e-02) (6, 9.63985979557037353516e-01) (0, -1.02444255352020263672e+00) (1, 1.44831228256225585938e+00) (2, 2.31884646415710449219e+00) (3, -3.46033048629760742188e+00) (4, 9.18972301483154296875e+00) (5, -1.14764032363891601562e+01) (6, 4.66524362564086914062e+00) (0, 1.49075769042968750000e+03) (1, 1.53591566085815429688e+01) (2, 9.61874306201934814453e-01) (3, 1.46543994140625000000e+03) (4, 3.99172234535217285156e+00) (5, -8.40150415897369384766e-02) (6, 9.19032275676727294922e-01) (0, 8.32581424713134765625e+00) (1, 3.51067304611206054688e+00) (2, 5.24899864196777343750e+00) (3, -2.98911333084106445312e+00) (4, -1.35859704017639160156e+00) (5, -8.84375929832458496094e-01) (6, -2.59184169769287109375e+00) (0, 9.63710594177246093750e+00) (1, 2.26327586174011230469e+00) (2, 8.13040256500244140625e+00) (3, -5.62088584899902343750e+00) (4, -3.62872910499572753906e+00) (5, 1.08404850959777832031e+00) (6, 1.67660927772521972656e+00) (0, 1.50235998630523681641e+00) (1, 1.61694169044494628906e+00) (2, -6.50306701660156250000e+00) (3, -2.45072412490844726562e+00) (4, -9.50443744659423828125e-01) (5, 5.64297294616699218750e+00) (6, 2.24263119697570800781e+00) (0, -1.15273714065551757812e+00) (1, -1.21786367893218994141e+00) (2, -1.85167169570922851562e+00) (3, 1.88895501196384429932e-02) (4, 8.75594711303710937500e+00) (5, -1.31052148342132568359e+00) (6, -1.55642628669738769531e+00) (7, 1.13417375087738037109e+00) (8, -1.18407750129699707031e+00) (9, -2.57249021530151367188e+00) (10, 1.16813147068023681641e+00) (11, -8.90968799591064453125e-01) (12, -1.11769914627075195312e+00) (13, -1.12943005561828613281e+00) (14, 2.78156590461730957031e+00) (15, 2.95979708433151245117e-01) 
