FANN_FLO_2.1
num_layers=4
learning_rate=0.500000
connection_rate=1.000000
network_type=0
learning_momentum=0.000000
training_algorithm=2
train_error_function=1
train_stop_function=0
cascade_output_change_fraction=0.010000
quickprop_decay=-0.000100
quickprop_mu=1.750000
rprop_increase_factor=1.200000
rprop_decrease_factor=0.500000
rprop_delta_min=0.000000
rprop_delta_max=50.000000
rprop_delta_zero=0.100000
cascade_output_stagnation_epochs=12
cascade_candidate_change_fraction=0.010000
cascade_candidate_stagnation_epochs=12
cascade_max_out_epochs=150
cascade_min_out_epochs=50
cascade_max_cand_epochs=150
cascade_min_cand_epochs=50
cascade_num_candidate_groups=2
bit_fail_limit=3.49999994039535522461e-01
cascade_candidate_limit=1.00000000000000000000e+03
cascade_weight_multiplier=4.00000005960464477539e-01
cascade_activation_functions_count=10
cascade_activation_functions=3 5 7 8 10 11 14 15 16 17 
cascade_activation_steepnesses_count=4
cascade_activation_steepnesses=2.50000000000000000000e-01 5.00000000000000000000e-01 7.50000000000000000000e-01 1.00000000000000000000e+00 
layer_sizes=2 5 5 3 
scale_included=0
neurons (num_inputs, activation_function, activation_steepness)=(0, 0, 0.00000000000000000000e+00) (0, 0, 0.00000000000000000000e+00) (2, 3, 5.00000000000000000000e-01) (2, 3, 5.00000000000000000000e-01) (2, 3, 5.00000000000000000000e-01) (2, 3, 5.00000000000000000000e-01) (0, 3, 0.00000000000000000000e+00) (5, 3, 5.00000000000000000000e-01) (5, 3, 5.00000000000000000000e-01) (5, 3, 5.00000000000000000000e-01) (5, 3, 5.00000000000000000000e-01) (0, 3, 0.00000000000000000000e+00) (5, 0, 5.00000000000000000000e-01) (5, 0, 5.00000000000000000000e-01) (0, 0, 0.00000000000000000000e+00) 
connections (connected_to_neuron, weight)=(0, 1.50000000000000000000e+03) (1, 2.19913692474365234375e+01) (0, 1.50000000000000000000e+03) (1, 2.13592281341552734375e+01) (0, 1.50000000000000000000e+03) (1, 8.77476596832275390625e+00) (0, 1.50000000000000000000e+03) (1, 2.33606071472167968750e+01) (2, 9.91880321502685546875e+00) (3, 4.76199150085449218750e+00) (4, -4.08920383453369140625e+00) (5, 1.28910884857177734375e+01) (6, 6.55915915966033935547e-01) (2, 9.68276916503906250000e+02) (3, 5.98038024902343750000e+02) (4, 2.89320106506347656250e+01) (5, 1.03727941894531250000e+03) (6, -2.32018423080444335938e+00) (2, -1.03068115234375000000e+03) (3, -6.27869140625000000000e+02) (4, -5.62794828414916992188e+00) (5, -1.40553381347656250000e+03) (6, 5.50485658645629882812e+00) (2, -2.52915382385253906250e+00) (3, -2.46638491749763488770e-01) (4, 4.53207540512084960938e+00) (5, -1.13081693649291992188e+00) (6, -9.68786895275115966797e-01) (7, -1.61079716682434082031e+00) (8, 2.78495311737060546875e-01) (9, 1.50000000000000000000e+03) (10, 6.46566212177276611328e-01) (11, -1.59399844706058502197e-02) (7, 1.82164525985717773438e+00) (8, 8.46969544887542724609e-01) (9, 1.50000000000000000000e+03) (10, -7.42605018615722656250e+00) (11, 4.73410278558731079102e-01) 
