FANN_FLO_2.1
num_layers=4
learning_rate=0.500000
connection_rate=1.000000
network_type=0
learning_momentum=0.000000
training_algorithm=2
train_error_function=1
train_stop_function=0
cascade_output_change_fraction=0.010000
quickprop_decay=-0.000100
quickprop_mu=1.750000
rprop_increase_factor=1.200000
rprop_decrease_factor=0.500000
rprop_delta_min=0.000000
rprop_delta_max=50.000000
rprop_delta_zero=0.100000
cascade_output_stagnation_epochs=12
cascade_candidate_change_fraction=0.010000
cascade_candidate_stagnation_epochs=12
cascade_max_out_epochs=150
cascade_min_out_epochs=50
cascade_max_cand_epochs=150
cascade_min_cand_epochs=50
cascade_num_candidate_groups=2
bit_fail_limit=3.49999994039535522461e-01
cascade_candidate_limit=1.00000000000000000000e+03
cascade_weight_multiplier=4.00000005960464477539e-01
cascade_activation_functions_count=10
cascade_activation_functions=3 5 7 8 10 11 14 15 16 17 
cascade_activation_steepnesses_count=4
cascade_activation_steepnesses=2.50000000000000000000e-01 5.00000000000000000000e-01 7.50000000000000000000e-01 1.00000000000000000000e+00 
layer_sizes=10 3 3 2 
scale_included=0
neurons (num_inputs, activation_function, activation_steepness)=(0, 0, 0.00000000000000000000e+00) (0, 0, 0.00000000000000000000e+00) (0, 0, 0.00000000000000000000e+00) (0, 0, 0.00000000000000000000e+00) (0, 0, 0.00000000000000000000e+00) (0, 0, 0.00000000000000000000e+00) (0, 0, 0.00000000000000000000e+00) (0, 0, 0.00000000000000000000e+00) (0, 0, 0.00000000000000000000e+00) (0, 0, 0.00000000000000000000e+00) (10, 3, 5.00000000000000000000e-01) (10, 3, 5.00000000000000000000e-01) (0, 3, 0.00000000000000000000e+00) (3, 3, 5.00000000000000000000e-01) (3, 3, 5.00000000000000000000e-01) (0, 3, 0.00000000000000000000e+00) (3, 3, 5.00000000000000000000e-01) (0, 3, 0.00000000000000000000e+00) 
connections (connected_to_neuron, weight)=(0, 6.87734305858612060547e-01) (1, 1.37978684902191162109e+00) (2, -1.78891181945800781250e+00) (3, -4.99704265594482421875e+00) (4, 2.30795049667358398438e+00) (5, 5.34638690948486328125e+00) (6, -5.80977201461791992188e+00) (7, -9.82681274414062500000e+00) (8, 1.37888896465301513672e+00) (9, 1.93468987941741943359e+00) (0, 1.04222035408020019531e+00) (1, 2.04637551307678222656e+00) (2, -8.37580871582031250000e+00) (3, 5.96013188362121582031e-01) (4, 4.20866870880126953125e+00) (5, -8.21093654632568359375e+00) (6, 1.45952367782592773438e+00) (7, -5.97653961181640625000e+00) (8, -3.26017832756042480469e+00) (9, 1.31780481338500976562e+00) (10, 1.50000000000000000000e+03) (11, 1.50000000000000000000e+03) (12, -1.59597721099853515625e+01) (10, 1.64564476013183593750e+01) (11, 1.50000000000000000000e+03) (12, -4.64637804031372070312e+00) (13, 1.21880578994750976562e+00) (14, 1.38908874988555908203e+00) (15, -1.76278889179229736328e+00) 
