FANN_FLO_2.1
num_layers=4
learning_rate=0.400000
connection_rate=1.000000
network_type=0
learning_momentum=0.000000
training_algorithm=2
train_error_function=1
train_stop_function=0
cascade_output_change_fraction=0.010000
quickprop_decay=-0.000100
quickprop_mu=1.750000
rprop_increase_factor=1.200000
rprop_decrease_factor=0.500000
rprop_delta_min=0.000000
rprop_delta_max=50.000000
rprop_delta_zero=0.100000
cascade_output_stagnation_epochs=12
cascade_candidate_change_fraction=0.010000
cascade_candidate_stagnation_epochs=12
cascade_max_out_epochs=150
cascade_min_out_epochs=50
cascade_max_cand_epochs=150
cascade_min_cand_epochs=50
cascade_num_candidate_groups=2
bit_fail_limit=3.49999994039535522461e-01
cascade_candidate_limit=1.00000000000000000000e+03
cascade_weight_multiplier=4.00000005960464477539e-01
cascade_activation_functions_count=10
cascade_activation_functions=3 5 7 8 10 11 14 15 16 17 
cascade_activation_steepnesses_count=4
cascade_activation_steepnesses=2.50000000000000000000e-01 5.00000000000000000000e-01 7.50000000000000000000e-01 1.00000000000000000000e+00 
layer_sizes=7 5 5 2 
scale_included=0
neurons (num_inputs, activation_function, activation_steepness)=(0, 0, 0.00000000000000000000e+00) (0, 0, 0.00000000000000000000e+00) (0, 0, 0.00000000000000000000e+00) (0, 0, 0.00000000000000000000e+00) (0, 0, 0.00000000000000000000e+00) (0, 0, 0.00000000000000000000e+00) (0, 0, 0.00000000000000000000e+00) (7, 3, 5.00000000000000000000e-01) (7, 3, 5.00000000000000000000e-01) (7, 3, 5.00000000000000000000e-01) (7, 3, 5.00000000000000000000e-01) (0, 3, 0.00000000000000000000e+00) (5, 3, 5.00000000000000000000e-01) (5, 3, 5.00000000000000000000e-01) (5, 3, 5.00000000000000000000e-01) (5, 3, 5.00000000000000000000e-01) (0, 3, 0.00000000000000000000e+00) (5, 3, 5.00000000000000000000e-01) (0, 3, 0.00000000000000000000e+00) 
connections (connected_to_neuron, weight)=(0, -1.31872386932373046875e+01) (1, -1.74858319759368896484e+00) (2, 2.52331948280334472656e+00) (3, -2.74426877498626708984e-01) (4, -8.90253365039825439453e-01) (5, 2.30809097290039062500e+01) (6, 9.62858676910400390625e+00) (0, -1.81762733459472656250e+01) (1, 1.46500253677368164062e+01) (2, -5.65322351455688476562e+00) (3, -1.23860416412353515625e+01) (4, -3.46682429313659667969e+00) (5, -1.02473039627075195312e+01) (6, 8.97551441192626953125e+00) (0, -1.81437480449676513672e+00) (1, -4.53721714019775390625e+00) (2, 8.57535552978515625000e+01) (3, -1.50000000000000000000e+03) (4, -1.21668806076049804688e+01) (5, 3.77642486572265625000e+02) (6, 1.11219334602355957031e+00) (0, -4.31981354951858520508e-01) (1, 4.57957983016967773438e+00) (2, 1.35068130493164062500e+01) (3, 6.43558084964752197266e-01) (4, 8.85955274105072021484e-01) (5, -5.09567880630493164062e+00) (6, 1.44240212440490722656e+00) (7, 1.50000000000000000000e+03) (8, 1.50000000000000000000e+03) (9, 1.50000000000000000000e+03) (10, -6.42548599243164062500e+01) (11, 1.69940872192382812500e+01) (7, 3.38223495483398437500e+01) (8, 1.50000000000000000000e+03) (9, 1.50000000000000000000e+03) (10, -2.38548831939697265625e+01) (11, -1.15606155395507812500e+01) (7, -9.05386535644531250000e+02) (8, -1.49819079589843750000e+03) (9, -1.50000000000000000000e+03) (10, 1.39209753417968750000e+03) (11, 1.13474645614624023438e+01) (7, 1.50000000000000000000e+03) (8, 1.50000000000000000000e+03) (9, 1.50000000000000000000e+03) (10, -2.08098468780517578125e+01) (11, -1.58366477489471435547e+00) (12, -7.29870498180389404297e-01) (13, -9.20413553714752197266e-01) (14, 1.20230472087860107422e+00) (15, -1.14300787448883056641e+00) (16, -5.61083912849426269531e-01) 
