FANN_FLO_2.1
num_layers=4
learning_rate=0.500000
connection_rate=1.000000
network_type=0
learning_momentum=0.000000
training_algorithm=2
train_error_function=1
train_stop_function=0
cascade_output_change_fraction=0.010000
quickprop_decay=-0.000100
quickprop_mu=1.750000
rprop_increase_factor=1.200000
rprop_decrease_factor=0.500000
rprop_delta_min=0.000000
rprop_delta_max=50.000000
rprop_delta_zero=0.100000
cascade_output_stagnation_epochs=12
cascade_candidate_change_fraction=0.010000
cascade_candidate_stagnation_epochs=12
cascade_max_out_epochs=150
cascade_min_out_epochs=50
cascade_max_cand_epochs=150
cascade_min_cand_epochs=50
cascade_num_candidate_groups=2
bit_fail_limit=3.49999994039535522461e-01
cascade_candidate_limit=1.00000000000000000000e+03
cascade_weight_multiplier=4.00000005960464477539e-01
cascade_activation_functions_count=10
cascade_activation_functions=3 5 7 8 10 11 14 15 16 17 
cascade_activation_steepnesses_count=4
cascade_activation_steepnesses=2.50000000000000000000e-01 5.00000000000000000000e-01 7.50000000000000000000e-01 1.00000000000000000000e+00 
layer_sizes=10 3 3 2 
scale_included=0
neurons (num_inputs, activation_function, activation_steepness)=(0, 0, 0.00000000000000000000e+00) (0, 0, 0.00000000000000000000e+00) (0, 0, 0.00000000000000000000e+00) (0, 0, 0.00000000000000000000e+00) (0, 0, 0.00000000000000000000e+00) (0, 0, 0.00000000000000000000e+00) (0, 0, 0.00000000000000000000e+00) (0, 0, 0.00000000000000000000e+00) (0, 0, 0.00000000000000000000e+00) (0, 0, 0.00000000000000000000e+00) (10, 3, 5.00000000000000000000e-01) (10, 3, 5.00000000000000000000e-01) (0, 3, 0.00000000000000000000e+00) (3, 3, 5.00000000000000000000e-01) (3, 3, 5.00000000000000000000e-01) (0, 3, 0.00000000000000000000e+00) (3, 3, 5.00000000000000000000e-01) (0, 3, 0.00000000000000000000e+00) 
connections (connected_to_neuron, weight)=(0, -1.24928789138793945312e+01) (1, 3.75897407531738281250e+01) (2, 6.42082548141479492188e+00) (3, -9.00135612487792968750e+00) (4, 1.85179150104522705078e+00) (5, -6.63866996765136718750e+00) (6, -7.37131071090698242188e+00) (7, -3.71875762939453125000e-01) (8, -1.56036853790283203125e+01) (9, 1.46190285682678222656e-01) (0, -1.24078998565673828125e+01) (1, 2.50307674407958984375e+01) (2, -1.32240247726440429688e+00) (3, -1.43670377731323242188e+01) (4, 2.59851002693176269531e+00) (5, 2.88825702667236328125e+00) (6, -2.34932670593261718750e+01) (7, -1.00922470092773437500e+01) (8, -2.04341626167297363281e+00) (9, 7.66982793807983398438e+00) (10, 2.06931552886962890625e+01) (11, 9.88841342926025390625e+00) (12, -5.97748184204101562500e+00) (10, 9.58671379089355468750e+00) (11, 1.17043638229370117188e+01) (12, -5.99938106536865234375e+00) (13, 1.37547326087951660156e+00) (14, 6.55589401721954345703e-01) (15, -1.14766228199005126953e+00) 
