FANN_FLO_2.1
num_layers=4
learning_rate=0.400000
connection_rate=1.000000
network_type=0
learning_momentum=0.000000
training_algorithm=2
train_error_function=1
train_stop_function=0
cascade_output_change_fraction=0.010000
quickprop_decay=-0.000100
quickprop_mu=1.750000
rprop_increase_factor=1.200000
rprop_decrease_factor=0.500000
rprop_delta_min=0.000000
rprop_delta_max=50.000000
rprop_delta_zero=0.100000
cascade_output_stagnation_epochs=12
cascade_candidate_change_fraction=0.010000
cascade_candidate_stagnation_epochs=12
cascade_max_out_epochs=150
cascade_min_out_epochs=50
cascade_max_cand_epochs=150
cascade_min_cand_epochs=50
cascade_num_candidate_groups=2
bit_fail_limit=3.49999994039535522461e-01
cascade_candidate_limit=1.00000000000000000000e+03
cascade_weight_multiplier=4.00000005960464477539e-01
cascade_activation_functions_count=10
cascade_activation_functions=3 5 7 8 10 11 14 15 16 17 
cascade_activation_steepnesses_count=4
cascade_activation_steepnesses=2.50000000000000000000e-01 5.00000000000000000000e-01 7.50000000000000000000e-01 1.00000000000000000000e+00 
layer_sizes=7 5 5 2 
scale_included=0
neurons (num_inputs, activation_function, activation_steepness)=(0, 0, 0.00000000000000000000e+00) (0, 0, 0.00000000000000000000e+00) (0, 0, 0.00000000000000000000e+00) (0, 0, 0.00000000000000000000e+00) (0, 0, 0.00000000000000000000e+00) (0, 0, 0.00000000000000000000e+00) (0, 0, 0.00000000000000000000e+00) (7, 3, 5.00000000000000000000e-01) (7, 3, 5.00000000000000000000e-01) (7, 3, 5.00000000000000000000e-01) (7, 3, 5.00000000000000000000e-01) (0, 3, 0.00000000000000000000e+00) (5, 3, 5.00000000000000000000e-01) (5, 3, 5.00000000000000000000e-01) (5, 3, 5.00000000000000000000e-01) (5, 3, 5.00000000000000000000e-01) (0, 3, 0.00000000000000000000e+00) (5, 3, 5.00000000000000000000e-01) (0, 3, 0.00000000000000000000e+00) 
connections (connected_to_neuron, weight)=(0, 2.42900753021240234375e+00) (1, -7.34659719467163085938e+00) (2, 6.92269146442413330078e-01) (3, -1.41954708099365234375e+00) (4, -3.20114016532897949219e-01) (5, 3.84344291687011718750e+00) (6, 4.85846996307373046875e-01) (0, -2.71743988990783691406e+00) (1, -6.72076654434204101562e+00) (2, -1.07284569740295410156e+00) (3, -1.16158831119537353516e+00) (4, -1.33785828948020935059e-01) (5, 3.48875069618225097656e+00) (6, 3.99619030952453613281e+00) (0, -6.95845174789428710938e+00) (1, 5.26818990707397460938e+00) (2, -7.39573574066162109375e+00) (3, -1.85900175571441650391e+00) (4, 4.45291519165039062500e-01) (5, -5.72771549224853515625e+00) (6, 4.93753820657730102539e-01) (0, -3.08931922912597656250e+00) (1, 2.03458994626998901367e-01) (2, 1.65932121276855468750e+01) (3, 1.37674820423126220703e+00) (4, -4.12574291229248046875e+00) (5, -6.66490983963012695312e+00) (6, 1.49212729930877685547e+00) (7, 2.04225482940673828125e+01) (8, -1.50000000000000000000e+03) (9, 1.25856752395629882812e+01) (10, 2.51073589324951171875e+01) (11, -2.77380347251892089844e+00) (7, 7.58684539794921875000e+00) (8, -5.16569709777832031250e+00) (9, 8.88096523284912109375e+00) (10, 1.62907857447862625122e-02) (11, -2.34709596633911132812e+00) (7, 1.32829344272613525391e+00) (8, 2.64245929718017578125e+01) (9, 2.64526691436767578125e+01) (10, 1.10307769775390625000e+01) (11, -9.71472644805908203125e+00) (7, 3.63986854553222656250e+01) (8, -3.01405010223388671875e+01) (9, -4.95225286483764648438e+00) (10, 2.84638385772705078125e+01) (11, -2.65713477134704589844e+00) (12, -6.27733707427978515625e-01) (13, -4.57223653793334960938e+00) (14, -1.22346770763397216797e+00) (15, -8.62473905086517333984e-01) (16, -2.15228870511054992676e-01) 
