FANN_FLO_2.1
num_layers=4
learning_rate=0.500000
connection_rate=1.000000
network_type=0
learning_momentum=0.000000
training_algorithm=2
train_error_function=1
train_stop_function=0
cascade_output_change_fraction=0.010000
quickprop_decay=-0.000100
quickprop_mu=1.750000
rprop_increase_factor=1.200000
rprop_decrease_factor=0.500000
rprop_delta_min=0.000000
rprop_delta_max=50.000000
rprop_delta_zero=0.100000
cascade_output_stagnation_epochs=12
cascade_candidate_change_fraction=0.010000
cascade_candidate_stagnation_epochs=12
cascade_max_out_epochs=150
cascade_min_out_epochs=50
cascade_max_cand_epochs=150
cascade_min_cand_epochs=50
cascade_num_candidate_groups=2
bit_fail_limit=3.49999994039535522461e-01
cascade_candidate_limit=1.00000000000000000000e+03
cascade_weight_multiplier=4.00000005960464477539e-01
cascade_activation_functions_count=10
cascade_activation_functions=3 5 7 8 10 11 14 15 16 17 
cascade_activation_steepnesses_count=4
cascade_activation_steepnesses=2.50000000000000000000e-01 5.00000000000000000000e-01 7.50000000000000000000e-01 1.00000000000000000000e+00 
layer_sizes=10 5 3 2 
scale_included=0
neurons (num_inputs, activation_function, activation_steepness)=(0, 0, 0.00000000000000000000e+00) (0, 0, 0.00000000000000000000e+00) (0, 0, 0.00000000000000000000e+00) (0, 0, 0.00000000000000000000e+00) (0, 0, 0.00000000000000000000e+00) (0, 0, 0.00000000000000000000e+00) (0, 0, 0.00000000000000000000e+00) (0, 0, 0.00000000000000000000e+00) (0, 0, 0.00000000000000000000e+00) (0, 0, 0.00000000000000000000e+00) (10, 3, 5.00000000000000000000e-01) (10, 3, 5.00000000000000000000e-01) (10, 3, 5.00000000000000000000e-01) (10, 3, 5.00000000000000000000e-01) (0, 3, 0.00000000000000000000e+00) (5, 3, 5.00000000000000000000e-01) (5, 3, 5.00000000000000000000e-01) (0, 3, 0.00000000000000000000e+00) (3, 3, 5.00000000000000000000e-01) (0, 3, 0.00000000000000000000e+00) 
connections (connected_to_neuron, weight)=(0, -1.84078419208526611328e+00) (1, -2.56115198135375976562e+00) (2, 1.68229179382324218750e+01) (3, -4.69615268707275390625e+00) (4, -4.80519294738769531250e+00) (5, 1.34851856231689453125e+01) (6, -4.73345088958740234375e+00) (7, -4.61591482162475585938e+00) (8, -3.20064568519592285156e+00) (9, -3.87871122360229492188e+00) (0, 2.41127347946166992188e+00) (1, 2.68410754203796386719e+00) (2, 1.42972068786621093750e+01) (3, -3.69115090370178222656e+00) (4, -3.62574243545532226562e+00) (5, 7.48857450485229492188e+00) (6, 1.61204028129577636719e+00) (7, -1.10341548919677734375e+01) (8, -5.07983636856079101562e+00) (9, 1.07703292742371559143e-02) (0, 1.71437871456146240234e+00) (1, 1.06539702415466308594e+00) (2, 1.96761016845703125000e+01) (3, -4.94818401336669921875e+00) (4, -1.48192822933197021484e+00) (5, 2.00125646591186523438e+00) (6, -6.81304216384887695312e+00) (7, -1.82087955474853515625e+01) (8, 1.98871994018554687500e+01) (9, 4.40222591161727905273e-01) (0, 1.20471239089965820312e+01) (1, -6.90560102462768554688e+00) (2, -7.93843154907226562500e+01) (3, 6.48061394691467285156e-01) (4, 7.80291140079498291016e-01) (5, -6.92519855499267578125e+00) (6, 6.22288284301757812500e+01) (7, 1.17628395080566406250e+02) (8, -9.61249618530273437500e+01) (9, -8.36716651916503906250e+00) (10, 2.67231578826904296875e+01) (11, -9.93934822082519531250e+00) (12, -1.17547154426574707031e+00) (13, 1.50000000000000000000e+03) (14, 1.32534205913543701172e-01) (10, 2.73302268981933593750e+01) (11, -1.33269376754760742188e+01) (12, 5.65673448145389556885e-02) (13, 1.50000000000000000000e+03) (14, 2.17574167251586914062e+00) (15, 9.20361876487731933594e-01) (16, 1.44248533248901367188e+00) (17, -1.50946426391601562500e+00) 
