FANN_FLO_2.1
num_layers=3
learning_rate=0.400000
connection_rate=1.000000
network_type=0
learning_momentum=0.000000
training_algorithm=2
train_error_function=1
train_stop_function=0
cascade_output_change_fraction=0.010000
quickprop_decay=-0.000100
quickprop_mu=1.750000
rprop_increase_factor=1.200000
rprop_decrease_factor=0.500000
rprop_delta_min=0.000000
rprop_delta_max=50.000000
rprop_delta_zero=0.100000
cascade_output_stagnation_epochs=12
cascade_candidate_change_fraction=0.010000
cascade_candidate_stagnation_epochs=12
cascade_max_out_epochs=150
cascade_min_out_epochs=50
cascade_max_cand_epochs=150
cascade_min_cand_epochs=50
cascade_num_candidate_groups=2
bit_fail_limit=3.49999994039535522461e-01
cascade_candidate_limit=1.00000000000000000000e+03
cascade_weight_multiplier=4.00000005960464477539e-01
cascade_activation_functions_count=10
cascade_activation_functions=3 5 7 8 10 11 14 15 16 17 
cascade_activation_steepnesses_count=4
cascade_activation_steepnesses=2.50000000000000000000e-01 5.00000000000000000000e-01 7.50000000000000000000e-01 1.00000000000000000000e+00 
layer_sizes=7 5 2 
scale_included=0
neurons (num_inputs, activation_function, activation_steepness)=(0, 0, 0.00000000000000000000e+00) (0, 0, 0.00000000000000000000e+00) (0, 0, 0.00000000000000000000e+00) (0, 0, 0.00000000000000000000e+00) (0, 0, 0.00000000000000000000e+00) (0, 0, 0.00000000000000000000e+00) (0, 0, 0.00000000000000000000e+00) (7, 3, 5.00000000000000000000e-01) (7, 3, 5.00000000000000000000e-01) (7, 3, 5.00000000000000000000e-01) (7, 3, 5.00000000000000000000e-01) (0, 3, 0.00000000000000000000e+00) (5, 3, 5.00000000000000000000e-01) (0, 3, 0.00000000000000000000e+00) 
connections (connected_to_neuron, weight)=(0, -2.26571464538574218750e+00) (1, -3.54655218124389648438e+00) (2, -5.31830215454101562500e+00) (3, -1.98748123645782470703e+00) (4, -7.35309660434722900391e-01) (5, 1.31671369075775146484e+00) (6, 6.33894205093383789062e+00) (0, -9.66608333587646484375e+00) (1, 8.85910034179687500000e+00) (2, -1.97111022472381591797e+00) (3, -1.36245322227478027344e+00) (4, -8.97529184818267822266e-01) (5, 3.81028389930725097656e+00) (6, 9.81608867645263671875e-01) (0, 1.26233510971069335938e+01) (1, -1.33816156387329101562e+01) (2, 4.96567869186401367188e+00) (3, -2.33594179153442382812e+00) (4, -1.27738654613494873047e-01) (5, -4.56865501403808593750e+00) (6, 5.34722757339477539062e+00) (0, -6.69147014617919921875e-01) (1, -6.13036155700683593750e+00) (2, 9.19157600402832031250e+00) (3, -7.06828832626342773438e+00) (4, -2.69335055351257324219e+00) (5, 2.56936341524124145508e-01) (6, 1.03049373626708984375e+01) (7, -1.28850281238555908203e-01) (8, -4.41780233383178710938e+00) (9, -4.02634382247924804688e+00) (10, -5.39087176322937011719e-01) (11, 3.45381164550781250000e+00) 
