FANN_FLO_2.1
num_layers=4
learning_rate=0.500000
connection_rate=1.000000
network_type=0
learning_momentum=0.000000
training_algorithm=2
train_error_function=1
train_stop_function=0
cascade_output_change_fraction=0.010000
quickprop_decay=-0.000100
quickprop_mu=1.750000
rprop_increase_factor=1.200000
rprop_decrease_factor=0.500000
rprop_delta_min=0.000000
rprop_delta_max=50.000000
rprop_delta_zero=0.100000
cascade_output_stagnation_epochs=12
cascade_candidate_change_fraction=0.010000
cascade_candidate_stagnation_epochs=12
cascade_max_out_epochs=150
cascade_min_out_epochs=50
cascade_max_cand_epochs=150
cascade_min_cand_epochs=50
cascade_num_candidate_groups=2
bit_fail_limit=3.49999994039535522461e-01
cascade_candidate_limit=1.00000000000000000000e+03
cascade_weight_multiplier=4.00000005960464477539e-01
cascade_activation_functions_count=10
cascade_activation_functions=3 5 7 8 10 11 14 15 16 17 
cascade_activation_steepnesses_count=4
cascade_activation_steepnesses=2.50000000000000000000e-01 5.00000000000000000000e-01 7.50000000000000000000e-01 1.00000000000000000000e+00 
layer_sizes=2 5 3 3 
scale_included=0
neurons (num_inputs, activation_function, activation_steepness)=(0, 0, 0.00000000000000000000e+00) (0, 0, 0.00000000000000000000e+00) (2, 3, 5.00000000000000000000e-01) (2, 3, 5.00000000000000000000e-01) (2, 3, 5.00000000000000000000e-01) (2, 3, 5.00000000000000000000e-01) (0, 3, 0.00000000000000000000e+00) (5, 3, 5.00000000000000000000e-01) (5, 3, 5.00000000000000000000e-01) (0, 3, 0.00000000000000000000e+00) (3, 0, 5.00000000000000000000e-01) (3, 0, 5.00000000000000000000e-01) (0, 0, 0.00000000000000000000e+00) 
connections (connected_to_neuron, weight)=(0, 1.94404375553131103516e+00) (1, 9.40901339054107666016e-01) (0, 7.73241329193115234375e+00) (1, -1.64361047744750976562e+00) (0, -7.53026676177978515625e+00) (1, 1.00472903251647949219e+00) (0, -6.39926223754882812500e+01) (1, 3.21181154251098632812e+00) (2, 7.03470468521118164062e-01) (3, 2.21030330657958984375e+00) (4, -4.81678915023803710938e+00) (5, -1.06116771697998046875e+00) (6, 5.84171593189239501953e-01) (2, -1.06602001190185546875e+00) (3, -1.63785383105278015137e-01) (4, 1.44641904830932617188e+01) (5, -7.97275018692016601562e+00) (6, -5.06277382373809814453e-01) (7, -2.40001273155212402344e+00) (8, -3.60559034347534179688e+00) (9, 3.09574842453002929688e+00) (7, -3.25097227096557617188e+00) (8, 2.42446208000183105469e+00) (9, 8.57413485646247863770e-02) 
