FANN_FLO_2.1
num_layers=3
learning_rate=0.400000
connection_rate=1.000000
network_type=0
learning_momentum=0.000000
training_algorithm=2
train_error_function=1
train_stop_function=0
cascade_output_change_fraction=0.010000
quickprop_decay=-0.000100
quickprop_mu=1.750000
rprop_increase_factor=1.200000
rprop_decrease_factor=0.500000
rprop_delta_min=0.000000
rprop_delta_max=50.000000
rprop_delta_zero=0.100000
cascade_output_stagnation_epochs=12
cascade_candidate_change_fraction=0.010000
cascade_candidate_stagnation_epochs=12
cascade_max_out_epochs=150
cascade_min_out_epochs=50
cascade_max_cand_epochs=150
cascade_min_cand_epochs=50
cascade_num_candidate_groups=2
bit_fail_limit=3.49999994039535522461e-01
cascade_candidate_limit=1.00000000000000000000e+03
cascade_weight_multiplier=4.00000005960464477539e-01
cascade_activation_functions_count=10
cascade_activation_functions=3 5 7 8 10 11 14 15 16 17 
cascade_activation_steepnesses_count=4
cascade_activation_steepnesses=2.50000000000000000000e-01 5.00000000000000000000e-01 7.50000000000000000000e-01 1.00000000000000000000e+00 
layer_sizes=19 3 3 
scale_included=0
neurons (num_inputs, activation_function, activation_steepness)=(0, 0, 0.00000000000000000000e+00) (0, 0, 0.00000000000000000000e+00) (0, 0, 0.00000000000000000000e+00) (0, 0, 0.00000000000000000000e+00) (0, 0, 0.00000000000000000000e+00) (0, 0, 0.00000000000000000000e+00) (0, 0, 0.00000000000000000000e+00) (0, 0, 0.00000000000000000000e+00) (0, 0, 0.00000000000000000000e+00) (0, 0, 0.00000000000000000000e+00) (0, 0, 0.00000000000000000000e+00) (0, 0, 0.00000000000000000000e+00) (0, 0, 0.00000000000000000000e+00) (0, 0, 0.00000000000000000000e+00) (0, 0, 0.00000000000000000000e+00) (0, 0, 0.00000000000000000000e+00) (0, 0, 0.00000000000000000000e+00) (0, 0, 0.00000000000000000000e+00) (0, 0, 0.00000000000000000000e+00) (19, 3, 5.00000000000000000000e-01) (19, 3, 5.00000000000000000000e-01) (0, 3, 0.00000000000000000000e+00) (3, 3, 5.00000000000000000000e-01) (3, 3, 5.00000000000000000000e-01) (0, 3, 0.00000000000000000000e+00) 
connections (connected_to_neuron, weight)=(0, -2.17712330818176269531e+00) (1, -2.57167744636535644531e+00) (2, 7.19840645790100097656e-01) (3, -1.09637117385864257812e+01) (4, -8.84127426147460937500e+00) (5, 5.99529981613159179688e+00) (6, 7.00667190551757812500e+00) (7, 1.09017047882080078125e+01) (8, 5.56627941131591796875e+00) (9, -2.76425749063491821289e-01) (10, -2.01353549957275390625e+01) (11, 2.88550472259521484375e+00) (12, 1.15349411964416503906e+00) (13, 8.42762279510498046875e+00) (14, 7.24658966064453125000e-01) (15, -3.19697976112365722656e+00) (16, 3.06733417510986328125e+00) (17, -2.99429535865783691406e+00) (18, 1.32552108764648437500e+01) (0, -8.87064552307128906250e+00) (1, 7.85459280014038085938e+00) (2, 2.83459615707397460938e+00) (3, 3.01513175964355468750e+01) (4, 4.27443504333496093750e+00) (5, 3.98913550376892089844e+00) (6, -1.86872119903564453125e+01) (7, -1.76585693359375000000e+01) (8, 2.32643842697143554688e+00) (9, -6.56392860412597656250e+00) (10, 2.97091054916381835938e+00) (11, -4.37170457839965820312e+00) (12, 1.37649154663085937500e+00) (13, -3.88792300224304199219e+00) (14, 2.47216057777404785156e+00) (15, 4.72944784164428710938e+00) (16, 3.27516889572143554688e+00) (17, 9.52801418304443359375e+00) (18, 1.58272457122802734375e+00) (19, -1.02971827983856201172e+00) (20, -6.94556415081024169922e-01) (21, 8.61311197280883789062e-01) (19, 1.02766954898834228516e+00) (20, 6.94756090641021728516e-01) (21, -8.59836935997009277344e-01) 
