FANN_FLO_2.1
num_layers=3
learning_rate=0.500000
connection_rate=1.000000
network_type=0
learning_momentum=0.000000
training_algorithm=2
train_error_function=1
train_stop_function=0
cascade_output_change_fraction=0.010000
quickprop_decay=-0.000100
quickprop_mu=1.750000
rprop_increase_factor=1.200000
rprop_decrease_factor=0.500000
rprop_delta_min=0.000000
rprop_delta_max=50.000000
rprop_delta_zero=0.100000
cascade_output_stagnation_epochs=12
cascade_candidate_change_fraction=0.010000
cascade_candidate_stagnation_epochs=12
cascade_max_out_epochs=150
cascade_min_out_epochs=50
cascade_max_cand_epochs=150
cascade_min_cand_epochs=50
cascade_num_candidate_groups=2
bit_fail_limit=3.49999994039535522461e-01
cascade_candidate_limit=1.00000000000000000000e+03
cascade_weight_multiplier=4.00000005960464477539e-01
cascade_activation_functions_count=10
cascade_activation_functions=3 5 7 8 10 11 14 15 16 17 
cascade_activation_steepnesses_count=4
cascade_activation_steepnesses=2.50000000000000000000e-01 5.00000000000000000000e-01 7.50000000000000000000e-01 1.00000000000000000000e+00 
layer_sizes=10 3 2 
scale_included=0
neurons (num_inputs, activation_function, activation_steepness)=(0, 0, 0.00000000000000000000e+00) (0, 0, 0.00000000000000000000e+00) (0, 0, 0.00000000000000000000e+00) (0, 0, 0.00000000000000000000e+00) (0, 0, 0.00000000000000000000e+00) (0, 0, 0.00000000000000000000e+00) (0, 0, 0.00000000000000000000e+00) (0, 0, 0.00000000000000000000e+00) (0, 0, 0.00000000000000000000e+00) (0, 0, 0.00000000000000000000e+00) (10, 3, 5.00000000000000000000e-01) (10, 3, 5.00000000000000000000e-01) (0, 3, 0.00000000000000000000e+00) (3, 3, 5.00000000000000000000e-01) (0, 3, 0.00000000000000000000e+00) 
connections (connected_to_neuron, weight)=(0, 4.51496032714843750000e+02) (1, -1.02671146392822265625e+01) (2, 1.89711578369140625000e+02) (3, -1.19663467407226562500e+02) (4, -1.25001983642578125000e+01) (5, -2.53433929443359375000e+02) (6, -7.21734558105468750000e+02) (7, 4.00606353759765625000e+02) (8, -2.58611621856689453125e+01) (9, 1.24635517597198486328e+00) (0, 2.85527563095092773438e+00) (1, -1.38748192787170410156e+00) (2, 9.37512683868408203125e+00) (3, 1.52198135852813720703e+00) (4, 3.85147666931152343750e+00) (5, 1.45894765853881835938e+01) (6, -1.93787117004394531250e+01) (7, 8.58461856842041015625e+00) (8, -2.57398319244384765625e+01) (9, 1.34334254264831542969e+00) (10, -3.03036272525787353516e-01) (11, 2.62354874610900878906e+00) (12, -1.63444697856903076172e+00) 
