FANN_FLO_2.1
num_layers=4
learning_rate=0.400000
connection_rate=1.000000
network_type=0
learning_momentum=0.000000
training_algorithm=2
train_error_function=1
train_stop_function=0
cascade_output_change_fraction=0.010000
quickprop_decay=-0.000100
quickprop_mu=1.750000
rprop_increase_factor=1.200000
rprop_decrease_factor=0.500000
rprop_delta_min=0.000000
rprop_delta_max=50.000000
rprop_delta_zero=0.100000
cascade_output_stagnation_epochs=12
cascade_candidate_change_fraction=0.010000
cascade_candidate_stagnation_epochs=12
cascade_max_out_epochs=150
cascade_min_out_epochs=50
cascade_max_cand_epochs=150
cascade_min_cand_epochs=50
cascade_num_candidate_groups=2
bit_fail_limit=3.49999994039535522461e-01
cascade_candidate_limit=1.00000000000000000000e+03
cascade_weight_multiplier=4.00000005960464477539e-01
cascade_activation_functions_count=10
cascade_activation_functions=3 5 7 8 10 11 14 15 16 17 
cascade_activation_steepnesses_count=4
cascade_activation_steepnesses=2.50000000000000000000e-01 5.00000000000000000000e-01 7.50000000000000000000e-01 1.00000000000000000000e+00 
layer_sizes=7 5 3 2 
scale_included=0
neurons (num_inputs, activation_function, activation_steepness)=(0, 0, 0.00000000000000000000e+00) (0, 0, 0.00000000000000000000e+00) (0, 0, 0.00000000000000000000e+00) (0, 0, 0.00000000000000000000e+00) (0, 0, 0.00000000000000000000e+00) (0, 0, 0.00000000000000000000e+00) (0, 0, 0.00000000000000000000e+00) (7, 3, 5.00000000000000000000e-01) (7, 3, 5.00000000000000000000e-01) (7, 3, 5.00000000000000000000e-01) (7, 3, 5.00000000000000000000e-01) (0, 3, 0.00000000000000000000e+00) (5, 3, 5.00000000000000000000e-01) (5, 3, 5.00000000000000000000e-01) (0, 3, 0.00000000000000000000e+00) (3, 3, 5.00000000000000000000e-01) (0, 3, 0.00000000000000000000e+00) 
connections (connected_to_neuron, weight)=(0, 4.59925727844238281250e+01) (1, 1.91380863189697265625e+01) (2, -1.47479992675781250000e+03) (3, -4.79537750244140625000e+02) (4, -3.55295898437500000000e+02) (5, 3.64922760009765625000e+02) (6, 7.37286090850830078125e+00) (0, -3.35475635528564453125e+00) (1, 2.24447584152221679688e+00) (2, -2.99242210388183593750e+00) (3, -3.51846623420715332031e+00) (4, -1.30841803550720214844e+00) (5, 1.01347410678863525391e+00) (6, 6.85355126857757568359e-01) (0, -1.44812500000000000000e+03) (1, -8.72861206054687500000e+02) (2, 1.36557067871093750000e+02) (3, -1.28505859375000000000e+03) (4, 8.96260314941406250000e+02) (5, 1.15173327636718750000e+03) (6, -6.39944195747375488281e-01) (0, -4.43696258544921875000e+02) (1, -1.17246801757812500000e+03) (2, 1.44644702148437500000e+03) (3, 1.24677868652343750000e+03) (4, 2.91727478027343750000e+02) (5, 5.31430358886718750000e+02) (6, 2.36516265869140625000e+01) (7, -2.68337893486022949219e+00) (8, 1.66877460479736328125e+01) (9, 1.32137327194213867188e+01) (10, -1.07776842117309570312e+01) (11, -2.13731932640075683594e+00) (7, -8.03228259086608886719e-01) (8, 1.03248920440673828125e+01) (9, -2.30415606498718261719e+00) (10, 1.45030033588409423828e+00) (11, -7.77901172637939453125e-01) (12, -1.20373296737670898438e+00) (13, -2.11348009109497070312e+00) (14, -6.34782195091247558594e-01) 
