FANN_FLO_2.1
num_layers=3
learning_rate=0.400000
connection_rate=1.000000
network_type=0
learning_momentum=0.000000
training_algorithm=2
train_error_function=1
train_stop_function=0
cascade_output_change_fraction=0.010000
quickprop_decay=-0.000100
quickprop_mu=1.750000
rprop_increase_factor=1.200000
rprop_decrease_factor=0.500000
rprop_delta_min=0.000000
rprop_delta_max=50.000000
rprop_delta_zero=0.100000
cascade_output_stagnation_epochs=12
cascade_candidate_change_fraction=0.010000
cascade_candidate_stagnation_epochs=12
cascade_max_out_epochs=150
cascade_min_out_epochs=50
cascade_max_cand_epochs=150
cascade_min_cand_epochs=50
cascade_num_candidate_groups=2
bit_fail_limit=3.49999994039535522461e-01
cascade_candidate_limit=1.00000000000000000000e+03
cascade_weight_multiplier=4.00000005960464477539e-01
cascade_activation_functions_count=10
cascade_activation_functions=3 5 7 8 10 11 14 15 16 17 
cascade_activation_steepnesses_count=4
cascade_activation_steepnesses=2.50000000000000000000e-01 5.00000000000000000000e-01 7.50000000000000000000e-01 1.00000000000000000000e+00 
layer_sizes=7 5 2 
scale_included=0
neurons (num_inputs, activation_function, activation_steepness)=(0, 0, 0.00000000000000000000e+00) (0, 0, 0.00000000000000000000e+00) (0, 0, 0.00000000000000000000e+00) (0, 0, 0.00000000000000000000e+00) (0, 0, 0.00000000000000000000e+00) (0, 0, 0.00000000000000000000e+00) (0, 0, 0.00000000000000000000e+00) (7, 3, 5.00000000000000000000e-01) (7, 3, 5.00000000000000000000e-01) (7, 3, 5.00000000000000000000e-01) (7, 3, 5.00000000000000000000e-01) (0, 3, 0.00000000000000000000e+00) (5, 3, 5.00000000000000000000e-01) (0, 3, 0.00000000000000000000e+00) 
connections (connected_to_neuron, weight)=(0, -3.93084383010864257812e+00) (1, 3.80392760038375854492e-01) (2, -3.63290882110595703125e+00) (3, -1.02914130687713623047e+00) (4, -4.85319018363952636719e-01) (5, 1.33677566051483154297e+00) (6, 4.68997812271118164062e+00) (0, -3.95639491081237792969e+00) (1, -1.32223653793334960938e+00) (2, -2.23761892318725585938e+00) (3, 1.58804678916931152344e+00) (4, 2.49855017662048339844e+00) (5, 1.24615013599395751953e+00) (6, -2.61991047859191894531e+00) (0, -6.74708127975463867188e-01) (1, -9.44261729717254638672e-01) (2, -2.95782637596130371094e+00) (3, 1.90856575965881347656e+00) (4, -1.92757487297058105469e+00) (5, 6.44197368621826171875e+00) (6, -2.58557391166687011719e+00) (0, -7.09428131580352783203e-01) (1, 3.85864406824111938477e-01) (2, -3.37896680831909179688e+00) (3, -4.67442178726196289062e+00) (4, -4.94644260406494140625e+00) (5, 1.27076959609985351562e+01) (6, 2.09563493728637695312e+00) (7, -1.29832911491394042969e+00) (8, 6.94892263412475585938e+00) (9, 3.13694739341735839844e+00) (10, -2.35690546035766601562e+00) (11, 6.61256253719329833984e-01) 
