FANN_FLO_2.1
num_layers=4
learning_rate=0.500000
connection_rate=1.000000
network_type=0
learning_momentum=0.000000
training_algorithm=2
train_error_function=1
train_stop_function=0
cascade_output_change_fraction=0.010000
quickprop_decay=-0.000100
quickprop_mu=1.750000
rprop_increase_factor=1.200000
rprop_decrease_factor=0.500000
rprop_delta_min=0.000000
rprop_delta_max=50.000000
rprop_delta_zero=0.100000
cascade_output_stagnation_epochs=12
cascade_candidate_change_fraction=0.010000
cascade_candidate_stagnation_epochs=12
cascade_max_out_epochs=150
cascade_min_out_epochs=50
cascade_max_cand_epochs=150
cascade_min_cand_epochs=50
cascade_num_candidate_groups=2
bit_fail_limit=3.49999994039535522461e-01
cascade_candidate_limit=1.00000000000000000000e+03
cascade_weight_multiplier=4.00000005960464477539e-01
cascade_activation_functions_count=10
cascade_activation_functions=3 5 7 8 10 11 14 15 16 17 
cascade_activation_steepnesses_count=4
cascade_activation_steepnesses=2.50000000000000000000e-01 5.00000000000000000000e-01 7.50000000000000000000e-01 1.00000000000000000000e+00 
layer_sizes=2 5 3 3 
scale_included=0
neurons (num_inputs, activation_function, activation_steepness)=(0, 0, 0.00000000000000000000e+00) (0, 0, 0.00000000000000000000e+00) (2, 3, 5.00000000000000000000e-01) (2, 3, 5.00000000000000000000e-01) (2, 3, 5.00000000000000000000e-01) (2, 3, 5.00000000000000000000e-01) (0, 3, 0.00000000000000000000e+00) (5, 3, 5.00000000000000000000e-01) (5, 3, 5.00000000000000000000e-01) (0, 3, 0.00000000000000000000e+00) (3, 0, 5.00000000000000000000e-01) (3, 0, 5.00000000000000000000e-01) (0, 0, 0.00000000000000000000e+00) 
connections (connected_to_neuron, weight)=(0, 1.50000000000000000000e+03) (1, -2.48781452178955078125e+01) (0, 1.50000000000000000000e+03) (1, -2.58491587638854980469e+00) (0, 7.96898803710937500000e+02) (1, -9.91193237304687500000e+01) (0, 1.91812095642089843750e+01) (1, -5.48076438903808593750e+00) (2, 4.15796327590942382812e+00) (3, 4.24887084960937500000e+00) (4, 1.02985250949859619141e+00) (5, 4.14368724822998046875e+00) (6, -1.00904846191406250000e+01) (2, 1.80363237857818603516e+00) (3, 1.71131938695907592773e-01) (4, 1.51127891540527343750e+01) (5, -1.81879558563232421875e+01) (6, -7.06122696399688720703e-01) (7, -6.91026449203491210938e-01) (8, -2.06881666183471679688e+00) (9, 6.56379461288452148438e-01) (7, -3.99301099777221679688e+00) (8, 1.01082193851470947266e+00) (9, 1.68158531188964843750e+00) 
