FANN_FLO_2.1
num_layers=4
learning_rate=0.400000
connection_rate=1.000000
network_type=0
learning_momentum=0.000000
training_algorithm=2
train_error_function=1
train_stop_function=0
cascade_output_change_fraction=0.010000
quickprop_decay=-0.000100
quickprop_mu=1.750000
rprop_increase_factor=1.200000
rprop_decrease_factor=0.500000
rprop_delta_min=0.000000
rprop_delta_max=50.000000
rprop_delta_zero=0.100000
cascade_output_stagnation_epochs=12
cascade_candidate_change_fraction=0.010000
cascade_candidate_stagnation_epochs=12
cascade_max_out_epochs=150
cascade_min_out_epochs=50
cascade_max_cand_epochs=150
cascade_min_cand_epochs=50
cascade_num_candidate_groups=2
bit_fail_limit=3.49999994039535522461e-01
cascade_candidate_limit=1.00000000000000000000e+03
cascade_weight_multiplier=4.00000005960464477539e-01
cascade_activation_functions_count=10
cascade_activation_functions=3 5 7 8 10 11 14 15 16 17 
cascade_activation_steepnesses_count=4
cascade_activation_steepnesses=2.50000000000000000000e-01 5.00000000000000000000e-01 7.50000000000000000000e-01 1.00000000000000000000e+00 
layer_sizes=7 5 5 2 
scale_included=0
neurons (num_inputs, activation_function, activation_steepness)=(0, 0, 0.00000000000000000000e+00) (0, 0, 0.00000000000000000000e+00) (0, 0, 0.00000000000000000000e+00) (0, 0, 0.00000000000000000000e+00) (0, 0, 0.00000000000000000000e+00) (0, 0, 0.00000000000000000000e+00) (0, 0, 0.00000000000000000000e+00) (7, 3, 5.00000000000000000000e-01) (7, 3, 5.00000000000000000000e-01) (7, 3, 5.00000000000000000000e-01) (7, 3, 5.00000000000000000000e-01) (0, 3, 0.00000000000000000000e+00) (5, 3, 5.00000000000000000000e-01) (5, 3, 5.00000000000000000000e-01) (5, 3, 5.00000000000000000000e-01) (5, 3, 5.00000000000000000000e-01) (0, 3, 0.00000000000000000000e+00) (5, 3, 5.00000000000000000000e-01) (0, 3, 0.00000000000000000000e+00) 
connections (connected_to_neuron, weight)=(0, -2.39048814773559570312e+00) (1, 1.20547084808349609375e+01) (2, 1.29167510986328125000e+02) (3, 2.49076628684997558594e+00) (4, -1.62303314208984375000e+01) (5, 8.91994285583496093750e+00) (6, -8.02091312408447265625e+00) (0, -1.35313635253906250000e+03) (1, -1.93205940723419189453e+00) (2, 1.49916564941406250000e+03) (3, -1.22746838378906250000e+03) (4, 1.31455202102661132812e+01) (5, 1.38758056640625000000e+03) (6, -7.63619842529296875000e+01) (0, -1.52112693786621093750e+01) (1, -1.99721488952636718750e+01) (2, 2.72863708496093750000e+02) (3, -9.28848571777343750000e+02) (4, 7.83983032226562500000e+02) (5, -3.38118988037109375000e+02) (6, 8.24101829528808593750e+00) (0, -6.32670116424560546875e+00) (1, 1.63373219966888427734e+00) (2, -9.33443355560302734375e+00) (3, -5.48865699768066406250e+00) (4, -2.62451410293579101562e+00) (5, -1.61399614810943603516e+00) (6, 7.20693969726562500000e+00) (7, -4.96494233608245849609e-01) (8, 8.48714160919189453125e+00) (9, 4.41832602024078369141e-01) (10, 4.29288387298583984375e+00) (11, -3.69439697265625000000e+00) (7, 1.89544086456298828125e+01) (8, -1.19479827880859375000e+01) (9, 1.50000000000000000000e+03) (10, -4.50803136825561523438e+00) (11, -4.07178783416748046875e+00) (7, 3.80745788574218750000e+02) (8, -8.33371448516845703125e+00) (9, -4.70815086364746093750e+01) (10, 1.19366943359375000000e+02) (11, -3.99628090858459472656e+00) (7, -2.50652098655700683594e+00) (8, -1.05233879089355468750e+01) (9, 6.37411475181579589844e-01) (10, 5.80681915283203125000e+01) (11, -5.09347105026245117188e+00) (12, -1.53289616107940673828e+00) (13, -8.53791475296020507812e-01) (14, -8.59223127365112304688e-01) (15, -7.84267604351043701172e-01) (16, -2.05368235707283020020e-01) 
