FANN_FLO_2.1
num_layers=4
learning_rate=0.400000
connection_rate=1.000000
network_type=0
learning_momentum=0.000000
training_algorithm=2
train_error_function=1
train_stop_function=0
cascade_output_change_fraction=0.010000
quickprop_decay=-0.000100
quickprop_mu=1.750000
rprop_increase_factor=1.200000
rprop_decrease_factor=0.500000
rprop_delta_min=0.000000
rprop_delta_max=50.000000
rprop_delta_zero=0.100000
cascade_output_stagnation_epochs=12
cascade_candidate_change_fraction=0.010000
cascade_candidate_stagnation_epochs=12
cascade_max_out_epochs=150
cascade_min_out_epochs=50
cascade_max_cand_epochs=150
cascade_min_cand_epochs=50
cascade_num_candidate_groups=2
bit_fail_limit=3.49999994039535522461e-01
cascade_candidate_limit=1.00000000000000000000e+03
cascade_weight_multiplier=4.00000005960464477539e-01
cascade_activation_functions_count=10
cascade_activation_functions=3 5 7 8 10 11 14 15 16 17 
cascade_activation_steepnesses_count=4
cascade_activation_steepnesses=2.50000000000000000000e-01 5.00000000000000000000e-01 7.50000000000000000000e-01 1.00000000000000000000e+00 
layer_sizes=7 3 3 2 
scale_included=0
neurons (num_inputs, activation_function, activation_steepness)=(0, 0, 0.00000000000000000000e+00) (0, 0, 0.00000000000000000000e+00) (0, 0, 0.00000000000000000000e+00) (0, 0, 0.00000000000000000000e+00) (0, 0, 0.00000000000000000000e+00) (0, 0, 0.00000000000000000000e+00) (0, 0, 0.00000000000000000000e+00) (7, 3, 5.00000000000000000000e-01) (7, 3, 5.00000000000000000000e-01) (0, 3, 0.00000000000000000000e+00) (3, 3, 5.00000000000000000000e-01) (3, 3, 5.00000000000000000000e-01) (0, 3, 0.00000000000000000000e+00) (3, 3, 5.00000000000000000000e-01) (0, 3, 0.00000000000000000000e+00) 
connections (connected_to_neuron, weight)=(0, -4.75376701354980468750e+00) (1, 1.53983378410339355469e+00) (2, 9.13745784759521484375e+00) (3, -4.03522396087646484375e+00) (4, -2.92778944969177246094e+00) (5, 5.10885298252105712891e-01) (6, 4.03346824645996093750e+00) (0, 1.16594763183593750000e+03) (1, 1.06488623046875000000e+03) (2, 1.48500000000000000000e+03) (3, -1.34718896484375000000e+03) (4, -1.16671362304687500000e+03) (5, 1.33368209838867187500e+02) (6, -5.68929260253906250000e+02) (7, 3.98359155654907226562e+00) (8, 1.35000124573707580566e-01) (9, -2.19152450561523437500e+00) (7, 1.08253974914550781250e+02) (8, -4.21001148223876953125e+00) (9, -1.39701309204101562500e+01) (10, -1.21703588962554931641e+00) (11, -8.78078818321228027344e-01) (12, -1.44515061378479003906e+00) 
