FANN_FLO_2.1
num_layers=4
learning_rate=0.500000
connection_rate=1.000000
network_type=0
learning_momentum=0.000000
training_algorithm=2
train_error_function=1
train_stop_function=0
cascade_output_change_fraction=0.010000
quickprop_decay=-0.000100
quickprop_mu=1.750000
rprop_increase_factor=1.200000
rprop_decrease_factor=0.500000
rprop_delta_min=0.000000
rprop_delta_max=50.000000
rprop_delta_zero=0.100000
cascade_output_stagnation_epochs=12
cascade_candidate_change_fraction=0.010000
cascade_candidate_stagnation_epochs=12
cascade_max_out_epochs=150
cascade_min_out_epochs=50
cascade_max_cand_epochs=150
cascade_min_cand_epochs=50
cascade_num_candidate_groups=2
bit_fail_limit=3.49999994039535522461e-01
cascade_candidate_limit=1.00000000000000000000e+03
cascade_weight_multiplier=4.00000005960464477539e-01
cascade_activation_functions_count=10
cascade_activation_functions=3 5 7 8 10 11 14 15 16 17 
cascade_activation_steepnesses_count=4
cascade_activation_steepnesses=2.50000000000000000000e-01 5.00000000000000000000e-01 7.50000000000000000000e-01 1.00000000000000000000e+00 
layer_sizes=2 5 3 3 
scale_included=0
neurons (num_inputs, activation_function, activation_steepness)=(0, 0, 0.00000000000000000000e+00) (0, 0, 0.00000000000000000000e+00) (2, 3, 5.00000000000000000000e-01) (2, 3, 5.00000000000000000000e-01) (2, 3, 5.00000000000000000000e-01) (2, 3, 5.00000000000000000000e-01) (0, 3, 0.00000000000000000000e+00) (5, 3, 5.00000000000000000000e-01) (5, 3, 5.00000000000000000000e-01) (0, 3, 0.00000000000000000000e+00) (3, 0, 5.00000000000000000000e-01) (3, 0, 5.00000000000000000000e-01) (0, 0, 0.00000000000000000000e+00) 
connections (connected_to_neuron, weight)=(0, 1.50000000000000000000e+03) (1, 6.35358035564422607422e-01) (0, -4.58465003967285156250e+01) (1, 1.20553817749023437500e+01) (0, 1.50000000000000000000e+03) (1, 1.24718971252441406250e+01) (0, -2.76726665496826171875e+01) (1, 1.66440582275390625000e+01) (2, 3.76427102088928222656e+00) (3, -7.14550590515136718750e+00) (4, 2.38320136070251464844e+00) (5, -5.36461353302001953125e-01) (6, 1.46008682250976562500e+00) (2, 6.78963708877563476562e+00) (3, 1.50000000000000000000e+03) (4, -8.66990566253662109375e-01) (5, -1.37530870437622070312e+01) (6, -1.60676705837249755859e+00) (7, -2.33760070800781250000e+00) (8, -1.39891970157623291016e+00) (9, 1.55017721652984619141e+00) (7, -3.41903948783874511719e+00) (8, 1.34272158145904541016e+00) (9, 1.59283256530761718750e+00) 
