FANN_FLO_2.1
num_layers=3
learning_rate=0.400000
connection_rate=1.000000
network_type=0
learning_momentum=0.000000
training_algorithm=2
train_error_function=1
train_stop_function=0
cascade_output_change_fraction=0.010000
quickprop_decay=-0.000100
quickprop_mu=1.750000
rprop_increase_factor=1.200000
rprop_decrease_factor=0.500000
rprop_delta_min=0.000000
rprop_delta_max=50.000000
rprop_delta_zero=0.100000
cascade_output_stagnation_epochs=12
cascade_candidate_change_fraction=0.010000
cascade_candidate_stagnation_epochs=12
cascade_max_out_epochs=150
cascade_min_out_epochs=50
cascade_max_cand_epochs=150
cascade_min_cand_epochs=50
cascade_num_candidate_groups=2
bit_fail_limit=3.49999994039535522461e-01
cascade_candidate_limit=1.00000000000000000000e+03
cascade_weight_multiplier=4.00000005960464477539e-01
cascade_activation_functions_count=10
cascade_activation_functions=3 5 7 8 10 11 14 15 16 17 
cascade_activation_steepnesses_count=4
cascade_activation_steepnesses=2.50000000000000000000e-01 5.00000000000000000000e-01 7.50000000000000000000e-01 1.00000000000000000000e+00 
layer_sizes=7 9 2 
scale_included=0
neurons (num_inputs, activation_function, activation_steepness)=(0, 0, 0.00000000000000000000e+00) (0, 0, 0.00000000000000000000e+00) (0, 0, 0.00000000000000000000e+00) (0, 0, 0.00000000000000000000e+00) (0, 0, 0.00000000000000000000e+00) (0, 0, 0.00000000000000000000e+00) (0, 0, 0.00000000000000000000e+00) (7, 3, 5.00000000000000000000e-01) (7, 3, 5.00000000000000000000e-01) (7, 3, 5.00000000000000000000e-01) (7, 3, 5.00000000000000000000e-01) (7, 3, 5.00000000000000000000e-01) (7, 3, 5.00000000000000000000e-01) (7, 3, 5.00000000000000000000e-01) (7, 3, 5.00000000000000000000e-01) (0, 3, 0.00000000000000000000e+00) (9, 3, 5.00000000000000000000e-01) (0, 3, 0.00000000000000000000e+00) 
connections (connected_to_neuron, weight)=(0, -1.56070065498352050781e+00) (1, 2.03357124328613281250e+00) (2, 1.84542000293731689453e+00) (3, -1.86303281784057617188e+00) (4, 5.76543998718261718750e+00) (5, -1.24180574417114257812e+01) (6, 6.59212350845336914062e+00) (0, 1.92116904258728027344e+00) (1, 1.60873484611511230469e+00) (2, 7.70878195762634277344e-01) (3, -2.33521771430969238281e+00) (4, 1.68363785743713378906e+00) (5, 1.22509276866912841797e+00) (6, 1.41789376735687255859e+00) (0, -5.14985466003417968750e+00) (1, -1.92397749423980712891e+00) (2, 3.30718827247619628906e+00) (3, 3.36765289306640625000e+00) (4, 8.62926721572875976562e-01) (5, -9.68319797515869140625e+00) (6, -1.40036988258361816406e+00) (0, 9.40733373165130615234e-01) (1, -1.27383005619049072266e+00) (2, -4.07825851440429687500e+00) (3, 7.17477655410766601562e+00) (4, 6.06161260604858398438e+00) (5, -5.85129213333129882812e+00) (6, 5.52806437015533447266e-01) (0, -6.32950353622436523438e+00) (1, -3.03270220756530761719e+00) (2, -1.35837709903717041016e+00) (3, 2.34159040451049804688e+00) (4, 8.40095877647399902344e-01) (5, 2.89013952016830444336e-01) (6, -2.88251936435699462891e-01) (0, 2.87987565994262695312e+00) (1, 1.70652186870574951172e+00) (2, 1.36400496959686279297e+00) (3, -2.28381037712097167969e+00) (4, 1.78617668151855468750e+00) (5, 8.86953592300415039062e-01) (6, 4.90573793649673461914e-01) (0, -9.40713346004486083984e-01) (1, -7.30323314666748046875e-01) (2, 3.31390547752380371094e+00) (3, 3.63876700401306152344e+00) (4, 1.03475403785705566406e+00) (5, -2.73945045471191406250e+00) (6, -2.35823678970336914062e+00) (0, -1.34673833847045898438e+00) (1, -1.57346081733703613281e+00) (2, -3.20279359817504882812e+00) (3, -1.87240481376647949219e+00) (4, 1.33617849349975585938e+01) (5, -1.65721249580383300781e+00) (6, -1.79207623004913330078e+00) (7, -2.57698822021484375000e+00) (8, -6.16647064685821533203e-01) (9, 1.42256534099578857422e+00) (10, 6.67826950550079345703e-01) (11, 2.79816317558288574219e+00) (12, -4.00270313024520874023e-01) (13, 1.29604268074035644531e+00) (14, 1.87156069278717041016e+00) (15, 4.51115332543849945068e-03) 
