FANN_FLO_2.1
num_layers=3
learning_rate=0.400000
connection_rate=1.000000
network_type=0
learning_momentum=0.000000
training_algorithm=2
train_error_function=1
train_stop_function=0
cascade_output_change_fraction=0.010000
quickprop_decay=-0.000100
quickprop_mu=1.750000
rprop_increase_factor=1.200000
rprop_decrease_factor=0.500000
rprop_delta_min=0.000000
rprop_delta_max=50.000000
rprop_delta_zero=0.100000
cascade_output_stagnation_epochs=12
cascade_candidate_change_fraction=0.010000
cascade_candidate_stagnation_epochs=12
cascade_max_out_epochs=150
cascade_min_out_epochs=50
cascade_max_cand_epochs=150
cascade_min_cand_epochs=50
cascade_num_candidate_groups=2
bit_fail_limit=3.49999994039535522461e-01
cascade_candidate_limit=1.00000000000000000000e+03
cascade_weight_multiplier=4.00000005960464477539e-01
cascade_activation_functions_count=10
cascade_activation_functions=3 5 7 8 10 11 14 15 16 17 
cascade_activation_steepnesses_count=4
cascade_activation_steepnesses=2.50000000000000000000e-01 5.00000000000000000000e-01 7.50000000000000000000e-01 1.00000000000000000000e+00 
layer_sizes=7 5 2 
scale_included=0
neurons (num_inputs, activation_function, activation_steepness)=(0, 0, 0.00000000000000000000e+00) (0, 0, 0.00000000000000000000e+00) (0, 0, 0.00000000000000000000e+00) (0, 0, 0.00000000000000000000e+00) (0, 0, 0.00000000000000000000e+00) (0, 0, 0.00000000000000000000e+00) (0, 0, 0.00000000000000000000e+00) (7, 3, 5.00000000000000000000e-01) (7, 3, 5.00000000000000000000e-01) (7, 3, 5.00000000000000000000e-01) (7, 3, 5.00000000000000000000e-01) (0, 3, 0.00000000000000000000e+00) (5, 3, 5.00000000000000000000e-01) (0, 3, 0.00000000000000000000e+00) 
connections (connected_to_neuron, weight)=(0, -1.14436531066894531250e+00) (1, -1.17830097675323486328e+00) (2, -3.06727677583694458008e-01) (3, -4.55981940031051635742e-02) (4, 4.47399997711181640625e+00) (5, -1.03750967979431152344e+00) (6, 9.87626388669013977051e-02) (0, 1.22232074737548828125e+01) (1, 4.08194589614868164062e+00) (2, 3.66944551467895507812e+00) (3, -4.18767833709716796875e+00) (4, -3.44177126884460449219e+00) (5, -1.44664084911346435547e+00) (6, 1.57410889863967895508e-01) (0, -1.30679404735565185547e+00) (1, 3.98921227455139160156e+00) (2, 1.69504249095916748047e+00) (3, -3.24860358238220214844e+00) (4, 9.42264842987060546875e+00) (5, -1.16781110763549804688e+01) (6, 3.79472136497497558594e+00) (0, -1.93734598159790039062e+00) (1, 9.99705851078033447266e-01) (2, -4.10823297500610351562e+00) (3, -8.96386146545410156250e+00) (4, -9.35699343681335449219e-02) (5, 1.07217950820922851562e+01) (6, 2.71026802062988281250e+00) (7, 4.13323736190795898438e+00) (8, -1.44838488101959228516e+00) (9, -2.59821939468383789062e+00) (10, -1.17341744899749755859e+00) (11, 6.64857864379882812500e-01) 
