FANN_FLO_2.1
num_layers=4
learning_rate=0.500000
connection_rate=1.000000
network_type=0
learning_momentum=0.000000
training_algorithm=2
train_error_function=1
train_stop_function=0
cascade_output_change_fraction=0.010000
quickprop_decay=-0.000100
quickprop_mu=1.750000
rprop_increase_factor=1.200000
rprop_decrease_factor=0.500000
rprop_delta_min=0.000000
rprop_delta_max=50.000000
rprop_delta_zero=0.100000
cascade_output_stagnation_epochs=12
cascade_candidate_change_fraction=0.010000
cascade_candidate_stagnation_epochs=12
cascade_max_out_epochs=150
cascade_min_out_epochs=50
cascade_max_cand_epochs=150
cascade_min_cand_epochs=50
cascade_num_candidate_groups=2
bit_fail_limit=3.49999994039535522461e-01
cascade_candidate_limit=1.00000000000000000000e+03
cascade_weight_multiplier=4.00000005960464477539e-01
cascade_activation_functions_count=10
cascade_activation_functions=3 5 7 8 10 11 14 15 16 17 
cascade_activation_steepnesses_count=4
cascade_activation_steepnesses=2.50000000000000000000e-01 5.00000000000000000000e-01 7.50000000000000000000e-01 1.00000000000000000000e+00 
layer_sizes=10 5 3 2 
scale_included=0
neurons (num_inputs, activation_function, activation_steepness)=(0, 0, 0.00000000000000000000e+00) (0, 0, 0.00000000000000000000e+00) (0, 0, 0.00000000000000000000e+00) (0, 0, 0.00000000000000000000e+00) (0, 0, 0.00000000000000000000e+00) (0, 0, 0.00000000000000000000e+00) (0, 0, 0.00000000000000000000e+00) (0, 0, 0.00000000000000000000e+00) (0, 0, 0.00000000000000000000e+00) (0, 0, 0.00000000000000000000e+00) (10, 3, 5.00000000000000000000e-01) (10, 3, 5.00000000000000000000e-01) (10, 3, 5.00000000000000000000e-01) (10, 3, 5.00000000000000000000e-01) (0, 3, 0.00000000000000000000e+00) (5, 3, 5.00000000000000000000e-01) (5, 3, 5.00000000000000000000e-01) (0, 3, 0.00000000000000000000e+00) (3, 3, 5.00000000000000000000e-01) (0, 3, 0.00000000000000000000e+00) 
connections (connected_to_neuron, weight)=(0, 2.09187850952148437500e+01) (1, -3.02448616027832031250e+01) (2, -2.48441529273986816406e+00) (3, 5.23739337921142578125e+00) (4, -6.91557025909423828125e+00) (5, -1.74069919586181640625e+01) (6, 1.13746042251586914062e+01) (7, 5.01562500000000000000e+00) (8, 5.47654807567596435547e-01) (9, -3.34234714508056640625e+00) (0, 1.76309032440185546875e+01) (1, 6.17716789245605468750e+00) (2, -3.12594580650329589844e+00) (3, -4.54915046691894531250e+00) (4, -9.15525734424591064453e-01) (5, -2.23772068023681640625e+01) (6, 5.23166894912719726562e+00) (7, -3.96562552452087402344e+00) (8, 6.72688531875610351562e+00) (9, -1.61853456497192382812e+00) (0, 1.01796960830688476562e+01) (1, -7.83557116985321044922e-01) (2, -3.24762010574340820312e+00) (3, -4.01421755552291870117e-01) (4, -7.59556913375854492188e+00) (5, -1.35245237350463867188e+01) (6, 2.70974874496459960938e+00) (7, 1.41342859268188476562e+01) (8, 7.61176705360412597656e-01) (9, -1.97340965270996093750e+00) (0, 1.08140029907226562500e+01) (1, -9.13099944591522216797e-01) (2, 2.37276864051818847656e+00) (3, -1.70460109710693359375e+01) (4, -3.40264320373535156250e+00) (5, -4.21561288833618164062e+00) (6, 7.66943645477294921875e+00) (7, -2.54040479660034179688e+00) (8, -1.40660476684570312500e+00) (9, -1.21220910549163818359e+00) (10, -3.43376045227050781250e+01) (11, -7.75587618350982666016e-01) (12, -3.75806093215942382812e+00) (13, -6.50228440761566162109e-01) (14, 7.54905879497528076172e-01) (10, 2.36859073638916015625e+01) (11, -1.08966875076293945312e+00) (12, -3.82993626594543457031e+00) (13, -2.80256366729736328125e+00) (14, 7.62828767299652099609e-01) (15, 1.29700160026550292969e+00) (16, 2.70852780342102050781e+00) (17, -1.82494223117828369141e+00) 
