FANN_FLO_2.1
num_layers=4
learning_rate=0.500000
connection_rate=1.000000
network_type=0
learning_momentum=0.000000
training_algorithm=2
train_error_function=1
train_stop_function=0
cascade_output_change_fraction=0.010000
quickprop_decay=-0.000100
quickprop_mu=1.750000
rprop_increase_factor=1.200000
rprop_decrease_factor=0.500000
rprop_delta_min=0.000000
rprop_delta_max=50.000000
rprop_delta_zero=0.100000
cascade_output_stagnation_epochs=12
cascade_candidate_change_fraction=0.010000
cascade_candidate_stagnation_epochs=12
cascade_max_out_epochs=150
cascade_min_out_epochs=50
cascade_max_cand_epochs=150
cascade_min_cand_epochs=50
cascade_num_candidate_groups=2
bit_fail_limit=3.49999994039535522461e-01
cascade_candidate_limit=1.00000000000000000000e+03
cascade_weight_multiplier=4.00000005960464477539e-01
cascade_activation_functions_count=10
cascade_activation_functions=3 5 7 8 10 11 14 15 16 17 
cascade_activation_steepnesses_count=4
cascade_activation_steepnesses=2.50000000000000000000e-01 5.00000000000000000000e-01 7.50000000000000000000e-01 1.00000000000000000000e+00 
layer_sizes=2 5 3 3 
scale_included=0
neurons (num_inputs, activation_function, activation_steepness)=(0, 0, 0.00000000000000000000e+00) (0, 0, 0.00000000000000000000e+00) (2, 3, 5.00000000000000000000e-01) (2, 3, 5.00000000000000000000e-01) (2, 3, 5.00000000000000000000e-01) (2, 3, 5.00000000000000000000e-01) (0, 3, 0.00000000000000000000e+00) (5, 3, 5.00000000000000000000e-01) (5, 3, 5.00000000000000000000e-01) (0, 3, 0.00000000000000000000e+00) (3, 0, 5.00000000000000000000e-01) (3, 0, 5.00000000000000000000e-01) (0, 0, 0.00000000000000000000e+00) 
connections (connected_to_neuron, weight)=(0, 2.78937225341796875000e+02) (1, -6.90353059768676757812e+00) (0, 3.49192786216735839844e+00) (1, 2.12321221828460693359e-01) (0, 1.37468595504760742188e+01) (1, -5.91394186019897460938e+00) (0, -1.35106983184814453125e+01) (1, 2.87937617301940917969e+00) (2, 7.23361635208129882812e+00) (3, -2.33698368072509765625e-01) (4, -6.98121452331542968750e+00) (5, -7.35042285919189453125e+00) (6, -1.45346558094024658203e+00) (2, 6.98160946369171142578e-01) (3, -4.80324804782867431641e-01) (4, -3.82468605041503906250e+00) (5, 1.80764055252075195312e+00) (6, -5.16642928123474121094e-02) (7, -2.55719470977783203125e+00) (8, -2.08664155006408691406e+00) (9, 1.65649282932281494141e+00) (7, -1.59712302684783935547e+00) (8, 4.00218057632446289062e+00) (9, -1.19886958599090576172e+00) 
