FANN_FLO_2.1
num_layers=4
learning_rate=0.400000
connection_rate=1.000000
network_type=0
learning_momentum=0.000000
training_algorithm=2
train_error_function=1
train_stop_function=0
cascade_output_change_fraction=0.010000
quickprop_decay=-0.000100
quickprop_mu=1.750000
rprop_increase_factor=1.200000
rprop_decrease_factor=0.500000
rprop_delta_min=0.000000
rprop_delta_max=50.000000
rprop_delta_zero=0.100000
cascade_output_stagnation_epochs=12
cascade_candidate_change_fraction=0.010000
cascade_candidate_stagnation_epochs=12
cascade_max_out_epochs=150
cascade_min_out_epochs=50
cascade_max_cand_epochs=150
cascade_min_cand_epochs=50
cascade_num_candidate_groups=2
bit_fail_limit=3.49999994039535522461e-01
cascade_candidate_limit=1.00000000000000000000e+03
cascade_weight_multiplier=4.00000005960464477539e-01
cascade_activation_functions_count=10
cascade_activation_functions=3 5 7 8 10 11 14 15 16 17 
cascade_activation_steepnesses_count=4
cascade_activation_steepnesses=2.50000000000000000000e-01 5.00000000000000000000e-01 7.50000000000000000000e-01 1.00000000000000000000e+00 
layer_sizes=7 5 3 2 
scale_included=0
neurons (num_inputs, activation_function, activation_steepness)=(0, 0, 0.00000000000000000000e+00) (0, 0, 0.00000000000000000000e+00) (0, 0, 0.00000000000000000000e+00) (0, 0, 0.00000000000000000000e+00) (0, 0, 0.00000000000000000000e+00) (0, 0, 0.00000000000000000000e+00) (0, 0, 0.00000000000000000000e+00) (7, 3, 5.00000000000000000000e-01) (7, 3, 5.00000000000000000000e-01) (7, 3, 5.00000000000000000000e-01) (7, 3, 5.00000000000000000000e-01) (0, 3, 0.00000000000000000000e+00) (5, 3, 5.00000000000000000000e-01) (5, 3, 5.00000000000000000000e-01) (0, 3, 0.00000000000000000000e+00) (3, 3, 5.00000000000000000000e-01) (0, 3, 0.00000000000000000000e+00) 
connections (connected_to_neuron, weight)=(0, 5.40800048828125000000e+02) (1, -1.43050476074218750000e+03) (2, 3.24301635742187500000e+02) (3, -1.50000000000000000000e+03) (4, -5.37982055664062500000e+02) (5, 1.14570922851562500000e+01) (6, -6.31416320800781250000e+01) (0, 1.50000000000000000000e+03) (1, -1.41067285156250000000e+03) (2, 7.85220581054687500000e+02) (3, -1.46024475097656250000e+03) (4, 4.59168273925781250000e+02) (5, 1.01903472900390625000e+02) (6, 7.04943275451660156250e+00) (0, 1.34064238518476486206e-02) (1, -3.67905879020690917969e+00) (2, -2.75864052772521972656e+00) (3, -6.79328060150146484375e+00) (4, -1.73361873626708984375e+00) (5, 3.14634704589843750000e+00) (6, 5.58491659164428710938e+00) (0, 9.42696189880371093750e+00) (1, -1.10049085617065429688e+01) (2, -2.30294689536094665527e-01) (3, -1.82432949542999267578e+00) (4, -2.48170793056488037109e-01) (5, -9.50540637969970703125e+00) (6, 1.51713502407073974609e+00) (7, 3.12558013916015625000e+02) (8, 1.32853857421875000000e+03) (9, 1.50000000000000000000e+03) (10, -2.53123931884765625000e+01) (11, 1.37325191497802734375e+00) (7, 3.46766166687011718750e+01) (8, -1.70585803985595703125e+01) (9, 1.49404420852661132812e+01) (10, -1.35211744308471679688e+01) (11, -1.45989668369293212891e+00) (12, -9.02960598468780517578e-01) (13, -1.64135682582855224609e+00) (14, -1.78999578952789306641e+00) 
