FANN_FLO_2.1
num_layers=3
learning_rate=0.400000
connection_rate=1.000000
network_type=0
learning_momentum=0.000000
training_algorithm=2
train_error_function=1
train_stop_function=0
cascade_output_change_fraction=0.010000
quickprop_decay=-0.000100
quickprop_mu=1.750000
rprop_increase_factor=1.200000
rprop_decrease_factor=0.500000
rprop_delta_min=0.000000
rprop_delta_max=50.000000
rprop_delta_zero=0.100000
cascade_output_stagnation_epochs=12
cascade_candidate_change_fraction=0.010000
cascade_candidate_stagnation_epochs=12
cascade_max_out_epochs=150
cascade_min_out_epochs=50
cascade_max_cand_epochs=150
cascade_min_cand_epochs=50
cascade_num_candidate_groups=2
bit_fail_limit=3.49999994039535522461e-01
cascade_candidate_limit=1.00000000000000000000e+03
cascade_weight_multiplier=4.00000005960464477539e-01
cascade_activation_functions_count=10
cascade_activation_functions=3 5 7 8 10 11 14 15 16 17 
cascade_activation_steepnesses_count=4
cascade_activation_steepnesses=2.50000000000000000000e-01 5.00000000000000000000e-01 7.50000000000000000000e-01 1.00000000000000000000e+00 
layer_sizes=7 5 2 
scale_included=0
neurons (num_inputs, activation_function, activation_steepness)=(0, 0, 0.00000000000000000000e+00) (0, 0, 0.00000000000000000000e+00) (0, 0, 0.00000000000000000000e+00) (0, 0, 0.00000000000000000000e+00) (0, 0, 0.00000000000000000000e+00) (0, 0, 0.00000000000000000000e+00) (0, 0, 0.00000000000000000000e+00) (7, 3, 5.00000000000000000000e-01) (7, 3, 5.00000000000000000000e-01) (7, 3, 5.00000000000000000000e-01) (7, 3, 5.00000000000000000000e-01) (0, 3, 0.00000000000000000000e+00) (5, 3, 5.00000000000000000000e-01) (0, 3, 0.00000000000000000000e+00) 
connections (connected_to_neuron, weight)=(0, -8.44058132171630859375e+00) (1, 6.36003732681274414062e+00) (2, -8.94256687164306640625e+00) (3, -3.34704947471618652344e+00) (4, -2.27739945054054260254e-01) (5, 2.27223181724548339844e+00) (6, 2.66908383369445800781e+00) (0, -5.35263729095458984375e+00) (1, 4.51727914810180664062e+00) (2, 1.05746710300445556641e+00) (3, -7.33921468257904052734e-01) (4, -7.63351321220397949219e-01) (5, -1.48261315917968750000e+03) (6, 7.88712024688720703125e-01) (0, -3.07914328575134277344e+00) (1, -1.13430709838867187500e+01) (2, 2.42393550872802734375e+01) (3, -8.53005218505859375000e+00) (4, -1.43469238281250000000e+01) (5, 1.72892341613769531250e+01) (6, 3.70756506919860839844e+00) (0, 9.18659973144531250000e+00) (1, -9.55303573608398437500e+00) (2, 6.72921657562255859375e+00) (3, -1.58417117595672607422e+00) (4, 9.14727337658405303955e-03) (5, 3.05720043182373046875e+00) (6, -3.86452031135559082031e+00) (7, -1.77357327938079833984e+00) (8, -5.74485826492309570312e+00) (9, -3.09086948633193969727e-01) (10, -7.99015474319458007812e+00) (11, 5.28725385665893554688e-01) 
