FANN_FLO_2.1
num_layers=4
learning_rate=0.500000
connection_rate=1.000000
network_type=0
learning_momentum=0.000000
training_algorithm=2
train_error_function=1
train_stop_function=0
cascade_output_change_fraction=0.010000
quickprop_decay=-0.000100
quickprop_mu=1.750000
rprop_increase_factor=1.200000
rprop_decrease_factor=0.500000
rprop_delta_min=0.000000
rprop_delta_max=50.000000
rprop_delta_zero=0.100000
cascade_output_stagnation_epochs=12
cascade_candidate_change_fraction=0.010000
cascade_candidate_stagnation_epochs=12
cascade_max_out_epochs=150
cascade_min_out_epochs=50
cascade_max_cand_epochs=150
cascade_min_cand_epochs=50
cascade_num_candidate_groups=2
bit_fail_limit=3.49999994039535522461e-01
cascade_candidate_limit=1.00000000000000000000e+03
cascade_weight_multiplier=4.00000005960464477539e-01
cascade_activation_functions_count=10
cascade_activation_functions=3 5 7 8 10 11 14 15 16 17 
cascade_activation_steepnesses_count=4
cascade_activation_steepnesses=2.50000000000000000000e-01 5.00000000000000000000e-01 7.50000000000000000000e-01 1.00000000000000000000e+00 
layer_sizes=10 5 3 2 
scale_included=0
neurons (num_inputs, activation_function, activation_steepness)=(0, 0, 0.00000000000000000000e+00) (0, 0, 0.00000000000000000000e+00) (0, 0, 0.00000000000000000000e+00) (0, 0, 0.00000000000000000000e+00) (0, 0, 0.00000000000000000000e+00) (0, 0, 0.00000000000000000000e+00) (0, 0, 0.00000000000000000000e+00) (0, 0, 0.00000000000000000000e+00) (0, 0, 0.00000000000000000000e+00) (0, 0, 0.00000000000000000000e+00) (10, 3, 5.00000000000000000000e-01) (10, 3, 5.00000000000000000000e-01) (10, 3, 5.00000000000000000000e-01) (10, 3, 5.00000000000000000000e-01) (0, 3, 0.00000000000000000000e+00) (5, 3, 5.00000000000000000000e-01) (5, 3, 5.00000000000000000000e-01) (0, 3, 0.00000000000000000000e+00) (3, 3, 5.00000000000000000000e-01) (0, 3, 0.00000000000000000000e+00) 
connections (connected_to_neuron, weight)=(0, -9.05426204204559326172e-01) (1, -4.69090193510055541992e-01) (2, -1.03223991394042968750e+00) (3, -1.34834277629852294922e+00) (4, 6.56354367733001708984e-01) (5, -1.81585061550140380859e+00) (6, -2.32849383354187011719e+00) (7, -1.45640897750854492188e+00) (8, -2.04332351684570312500e+00) (9, 4.72190809249877929688e+00) (0, -1.22577877044677734375e+01) (1, -7.85248565673828125000e+00) (2, -5.35879194736480712891e-01) (3, -1.52726066112518310547e+00) (4, 4.36006367206573486328e-01) (5, -9.03360426425933837891e-01) (6, -9.27468657493591308594e-01) (7, 6.82227659225463867188e+00) (8, 2.70299696922302246094e+00) (9, 2.02318930625915527344e+00) (0, 1.50000000000000000000e+03) (1, 1.49246594238281250000e+03) (2, 1.50000000000000000000e+03) (3, 1.50000000000000000000e+03) (4, 1.11616015625000000000e+03) (5, 1.50000000000000000000e+03) (6, 1.50000000000000000000e+03) (7, 1.50000000000000000000e+03) (8, 1.50000000000000000000e+03) (9, 3.94129037857055664062e+00) (0, -8.32398509979248046875e+00) (1, -1.74888095855712890625e+01) (2, -1.47500000000000000000e+03) (3, -8.73249893188476562500e+01) (4, 6.24052581787109375000e+01) (5, -1.47500000000000000000e+03) (6, -1.47500000000000000000e+03) (7, -1.50000000000000000000e+03) (8, -1.47500000000000000000e+03) (9, -3.19470939636230468750e+01) (10, 2.34081649780273437500e+01) (11, 1.50000000000000000000e+03) (12, -5.47821521759033203125e+00) (13, 1.50000000000000000000e+03) (14, -2.90296673774719238281e+00) (10, 2.79407958984375000000e+01) (11, 1.50000000000000000000e+03) (12, -5.91976737976074218750e+00) (13, 1.50000000000000000000e+03) (14, -3.60936713218688964844e+00) (15, 2.60668087005615234375e+00) (16, 8.77143442630767822266e-01) (17, -2.61986827850341796875e+00) 
