FANN_FLO_2.1
num_layers=3
learning_rate=0.400000
connection_rate=1.000000
network_type=0
learning_momentum=0.000000
training_algorithm=2
train_error_function=1
train_stop_function=0
cascade_output_change_fraction=0.010000
quickprop_decay=-0.000100
quickprop_mu=1.750000
rprop_increase_factor=1.200000
rprop_decrease_factor=0.500000
rprop_delta_min=0.000000
rprop_delta_max=50.000000
rprop_delta_zero=0.100000
cascade_output_stagnation_epochs=12
cascade_candidate_change_fraction=0.010000
cascade_candidate_stagnation_epochs=12
cascade_max_out_epochs=150
cascade_min_out_epochs=50
cascade_max_cand_epochs=150
cascade_min_cand_epochs=50
cascade_num_candidate_groups=2
bit_fail_limit=3.49999994039535522461e-01
cascade_candidate_limit=1.00000000000000000000e+03
cascade_weight_multiplier=4.00000005960464477539e-01
cascade_activation_functions_count=10
cascade_activation_functions=3 5 7 8 10 11 14 15 16 17 
cascade_activation_steepnesses_count=4
cascade_activation_steepnesses=2.50000000000000000000e-01 5.00000000000000000000e-01 7.50000000000000000000e-01 1.00000000000000000000e+00 
layer_sizes=7 9 2 
scale_included=0
neurons (num_inputs, activation_function, activation_steepness)=(0, 0, 0.00000000000000000000e+00) (0, 0, 0.00000000000000000000e+00) (0, 0, 0.00000000000000000000e+00) (0, 0, 0.00000000000000000000e+00) (0, 0, 0.00000000000000000000e+00) (0, 0, 0.00000000000000000000e+00) (0, 0, 0.00000000000000000000e+00) (7, 3, 5.00000000000000000000e-01) (7, 3, 5.00000000000000000000e-01) (7, 3, 5.00000000000000000000e-01) (7, 3, 5.00000000000000000000e-01) (7, 3, 5.00000000000000000000e-01) (7, 3, 5.00000000000000000000e-01) (7, 3, 5.00000000000000000000e-01) (7, 3, 5.00000000000000000000e-01) (0, 3, 0.00000000000000000000e+00) (9, 3, 5.00000000000000000000e-01) (0, 3, 0.00000000000000000000e+00) 
connections (connected_to_neuron, weight)=(0, 1.80965721607208251953e+00) (1, 1.09660756587982177734e+00) (2, 1.78252255916595458984e+00) (3, 1.00692045688629150391e+00) (4, -1.56753196716308593750e+01) (5, 1.13232688903808593750e+01) (6, 8.29544484615325927734e-01) (0, -6.85504913330078125000e-01) (1, -7.71208643913269042969e-01) (2, -1.36460292339324951172e+00) (3, 1.56736254692077636719e+00) (4, -3.51292043924331665039e-01) (5, 4.10954713821411132812e+00) (6, -2.30939340591430664062e+00) (0, -3.76785397529602050781e+00) (1, -3.01294445991516113281e+00) (2, -2.20339632034301757812e+00) (3, 1.55458366870880126953e+00) (4, 1.85776126384735107422e+00) (5, 1.08885693550109863281e+00) (6, -1.21035408973693847656e+00) (0, -2.19457411766052246094e+00) (1, -1.49824988842010498047e+00) (2, -8.23230266571044921875e+00) (3, -9.81916999816894531250e+00) (4, 4.72909450531005859375e+00) (5, 1.69093303680419921875e+01) (6, 1.69340515136718750000e+00) (0, 3.53341674804687500000e+00) (1, 2.41026020050048828125e+00) (2, -1.04923248291015625000e+01) (3, 2.27302089333534240723e-01) (4, -5.19573152065277099609e-01) (5, 1.03573093414306640625e+01) (6, 1.19665431976318359375e+00) (0, -1.57672224044799804688e+01) (1, 1.21474817395210266113e-01) (2, -1.81450593471527099609e+00) (3, -1.73679816722869873047e+00) (4, 1.42542645335197448730e-01) (5, 2.12789082527160644531e+00) (6, 6.94009900093078613281e-01) (0, -9.51827824115753173828e-01) (1, -1.22031474113464355469e+00) (2, -1.24021792411804199219e+00) (3, 6.51101946830749511719e-01) (4, -3.99158537387847900391e-01) (5, 1.74661779403686523438e+00) (6, -1.23503291606903076172e+00) (0, -1.69224953651428222656e+00) (1, 3.50939780473709106445e-01) (2, -1.01714837551116943359e+00) (3, -7.51568019390106201172e-01) (4, -2.59820342063903808594e+00) (5, -2.25500799715518951416e-02) (6, 4.52866464853286743164e-01) (7, -2.22999548912048339844e+00) (8, 4.81055498123168945312e+00) (9, 2.73275446891784667969e+00) (10, -9.25365507602691650391e-01) (11, -6.61152899265289306641e-01) (12, -1.62459504604339599609e+00) (13, 1.44839191436767578125e+00) (14, -7.51710653305053710938e-01) (15, 4.72990199923515319824e-02) 
