FANN_FLO_2.1
num_layers=3
learning_rate=0.500000
connection_rate=1.000000
network_type=0
learning_momentum=0.000000
training_algorithm=2
train_error_function=1
train_stop_function=0
cascade_output_change_fraction=0.010000
quickprop_decay=-0.000100
quickprop_mu=1.750000
rprop_increase_factor=1.200000
rprop_decrease_factor=0.500000
rprop_delta_min=0.000000
rprop_delta_max=50.000000
rprop_delta_zero=0.100000
cascade_output_stagnation_epochs=12
cascade_candidate_change_fraction=0.010000
cascade_candidate_stagnation_epochs=12
cascade_max_out_epochs=150
cascade_min_out_epochs=50
cascade_max_cand_epochs=150
cascade_min_cand_epochs=50
cascade_num_candidate_groups=2
bit_fail_limit=3.49999994039535522461e-01
cascade_candidate_limit=1.00000000000000000000e+03
cascade_weight_multiplier=4.00000005960464477539e-01
cascade_activation_functions_count=10
cascade_activation_functions=3 5 7 8 10 11 14 15 16 17 
cascade_activation_steepnesses_count=4
cascade_activation_steepnesses=2.50000000000000000000e-01 5.00000000000000000000e-01 7.50000000000000000000e-01 1.00000000000000000000e+00 
layer_sizes=10 5 2 
scale_included=0
neurons (num_inputs, activation_function, activation_steepness)=(0, 0, 0.00000000000000000000e+00) (0, 0, 0.00000000000000000000e+00) (0, 0, 0.00000000000000000000e+00) (0, 0, 0.00000000000000000000e+00) (0, 0, 0.00000000000000000000e+00) (0, 0, 0.00000000000000000000e+00) (0, 0, 0.00000000000000000000e+00) (0, 0, 0.00000000000000000000e+00) (0, 0, 0.00000000000000000000e+00) (0, 0, 0.00000000000000000000e+00) (10, 3, 5.00000000000000000000e-01) (10, 3, 5.00000000000000000000e-01) (10, 3, 5.00000000000000000000e-01) (10, 3, 5.00000000000000000000e-01) (0, 3, 0.00000000000000000000e+00) (5, 3, 5.00000000000000000000e-01) (0, 3, 0.00000000000000000000e+00) 
connections (connected_to_neuron, weight)=(0, -8.22996139526367187500e+00) (1, 1.49737286567687988281e+00) (2, -3.96590948104858398438e-01) (3, -2.70196533203125000000e+01) (4, -3.56561511754989624023e-01) (5, 1.53257274627685546875e+01) (6, -1.06309700012207031250e+01) (7, 8.39892864227294921875e+00) (8, 1.26476430892944335938e+00) (9, -2.09022209048271179199e-01) (0, -6.38454500585794448853e-03) (1, 1.50121116638183593750e+01) (2, 3.00315618515014648438e+00) (3, -1.64986804127693176270e-01) (4, 1.56934666633605957031e+00) (5, 1.00301551818847656250e+01) (6, -7.43099987506866455078e-01) (7, -2.78553047180175781250e+01) (8, -2.56845831871032714844e+00) (9, -3.74318623542785644531e+00) (0, 1.13480007648468017578e+00) (1, 1.00191993713378906250e+01) (2, 5.59680032730102539062e+00) (3, -1.89503818750381469727e-01) (4, 9.01933968067169189453e-01) (5, 8.96228885650634765625e+00) (6, 2.15780210494995117188e+00) (7, -2.24172611236572265625e+01) (8, -8.12273406982421875000e+00) (9, -3.22571945190429687500e+00) (0, 5.86297941207885742188e+00) (1, -3.98673677444458007812e+00) (2, 2.40896911621093750000e+01) (3, -9.47237968444824218750e-01) (4, -4.52301025390625000000e+00) (5, -4.58347797393798828125e+00) (6, -3.95837903022766113281e+00) (7, -5.77386760711669921875e+00) (8, -2.01115036010742187500e+00) (9, 4.52433824539184570312e-01) (10, 2.33188080787658691406e+00) (11, 1.72939980030059814453e+00) (12, 8.67176532745361328125e-01) (13, -2.61202239990234375000e+00) (14, 8.70495021343231201172e-01) 
