FANN_FLO_2.1
num_layers=4
learning_rate=0.500000
connection_rate=1.000000
network_type=0
learning_momentum=0.000000
training_algorithm=2
train_error_function=1
train_stop_function=0
cascade_output_change_fraction=0.010000
quickprop_decay=-0.000100
quickprop_mu=1.750000
rprop_increase_factor=1.200000
rprop_decrease_factor=0.500000
rprop_delta_min=0.000000
rprop_delta_max=50.000000
rprop_delta_zero=0.100000
cascade_output_stagnation_epochs=12
cascade_candidate_change_fraction=0.010000
cascade_candidate_stagnation_epochs=12
cascade_max_out_epochs=150
cascade_min_out_epochs=50
cascade_max_cand_epochs=150
cascade_min_cand_epochs=50
cascade_num_candidate_groups=2
bit_fail_limit=3.49999994039535522461e-01
cascade_candidate_limit=1.00000000000000000000e+03
cascade_weight_multiplier=4.00000005960464477539e-01
cascade_activation_functions_count=10
cascade_activation_functions=3 5 7 8 10 11 14 15 16 17 
cascade_activation_steepnesses_count=4
cascade_activation_steepnesses=2.50000000000000000000e-01 5.00000000000000000000e-01 7.50000000000000000000e-01 1.00000000000000000000e+00 
layer_sizes=2 5 5 3 
scale_included=0
neurons (num_inputs, activation_function, activation_steepness)=(0, 0, 0.00000000000000000000e+00) (0, 0, 0.00000000000000000000e+00) (2, 3, 5.00000000000000000000e-01) (2, 3, 5.00000000000000000000e-01) (2, 3, 5.00000000000000000000e-01) (2, 3, 5.00000000000000000000e-01) (0, 3, 0.00000000000000000000e+00) (5, 3, 5.00000000000000000000e-01) (5, 3, 5.00000000000000000000e-01) (5, 3, 5.00000000000000000000e-01) (5, 3, 5.00000000000000000000e-01) (0, 3, 0.00000000000000000000e+00) (5, 0, 5.00000000000000000000e-01) (5, 0, 5.00000000000000000000e-01) (0, 0, 0.00000000000000000000e+00) 
connections (connected_to_neuron, weight)=(0, -1.66129550933837890625e+01) (1, 1.87683010101318359375e+00) (0, 2.55253028869628906250e+00) (1, 4.20030027627944946289e-01) (0, -1.34096622467041015625e+01) (1, 2.20166325569152832031e+00) (0, -1.00236320495605468750e+01) (1, 3.52649569511413574219e+00) (2, -8.49633979797363281250e+00) (3, -1.99529898166656494141e+00) (4, 5.19691288471221923828e-01) (5, 8.70533370971679687500e+00) (6, -9.73703503608703613281e-01) (2, -4.18745607137680053711e-01) (3, 1.89816272258758544922e+00) (4, -2.14714503288269042969e+00) (5, -3.69080972671508789062e+00) (6, 2.98265004158020019531e+00) (2, -1.36597328186035156250e+01) (3, -1.67235243320465087891e+00) (4, 1.49096813201904296875e+01) (5, 3.81935429573059082031e+00) (6, -1.56263911724090576172e+00) (2, 1.50000000000000000000e+03) (3, -3.11037719249725341797e-01) (4, 1.48813928222656250000e+03) (5, 4.17818786621093750000e+02) (6, 3.17705571651458740234e-02) (7, -2.30897116661071777344e+00) (8, -9.03963685035705566406e-01) (9, -4.60957169532775878906e-01) (10, 5.36150693893432617188e-01) (11, 8.14231932163238525391e-01) (7, 7.77246579527854919434e-02) (8, -3.30504775047302246094e+00) (9, 1.50050830841064453125e+00) (10, 7.85769283771514892578e-01) (11, 2.68369376659393310547e-01) 
