FANN_FLO_2.1
num_layers=3
learning_rate=0.400000
connection_rate=1.000000
network_type=0
learning_momentum=0.000000
training_algorithm=2
train_error_function=1
train_stop_function=0
cascade_output_change_fraction=0.010000
quickprop_decay=-0.000100
quickprop_mu=1.750000
rprop_increase_factor=1.200000
rprop_decrease_factor=0.500000
rprop_delta_min=0.000000
rprop_delta_max=50.000000
rprop_delta_zero=0.100000
cascade_output_stagnation_epochs=12
cascade_candidate_change_fraction=0.010000
cascade_candidate_stagnation_epochs=12
cascade_max_out_epochs=150
cascade_min_out_epochs=50
cascade_max_cand_epochs=150
cascade_min_cand_epochs=50
cascade_num_candidate_groups=2
bit_fail_limit=3.49999994039535522461e-01
cascade_candidate_limit=1.00000000000000000000e+03
cascade_weight_multiplier=4.00000005960464477539e-01
cascade_activation_functions_count=10
cascade_activation_functions=3 5 7 8 10 11 14 15 16 17 
cascade_activation_steepnesses_count=4
cascade_activation_steepnesses=2.50000000000000000000e-01 5.00000000000000000000e-01 7.50000000000000000000e-01 1.00000000000000000000e+00 
layer_sizes=19 3 3 
scale_included=0
neurons (num_inputs, activation_function, activation_steepness)=(0, 0, 0.00000000000000000000e+00) (0, 0, 0.00000000000000000000e+00) (0, 0, 0.00000000000000000000e+00) (0, 0, 0.00000000000000000000e+00) (0, 0, 0.00000000000000000000e+00) (0, 0, 0.00000000000000000000e+00) (0, 0, 0.00000000000000000000e+00) (0, 0, 0.00000000000000000000e+00) (0, 0, 0.00000000000000000000e+00) (0, 0, 0.00000000000000000000e+00) (0, 0, 0.00000000000000000000e+00) (0, 0, 0.00000000000000000000e+00) (0, 0, 0.00000000000000000000e+00) (0, 0, 0.00000000000000000000e+00) (0, 0, 0.00000000000000000000e+00) (0, 0, 0.00000000000000000000e+00) (0, 0, 0.00000000000000000000e+00) (0, 0, 0.00000000000000000000e+00) (0, 0, 0.00000000000000000000e+00) (19, 3, 5.00000000000000000000e-01) (19, 3, 5.00000000000000000000e-01) (0, 3, 0.00000000000000000000e+00) (3, 3, 5.00000000000000000000e-01) (3, 3, 5.00000000000000000000e-01) (0, 3, 0.00000000000000000000e+00) 
connections (connected_to_neuron, weight)=(0, 7.57761240005493164062e-01) (1, 1.52918899059295654297e+00) (2, -8.07488918304443359375e+00) (3, 2.05181789398193359375e+00) (4, 6.11323928833007812500e+00) (5, -6.67254304885864257812e+00) (6, -6.62422776222229003906e-01) (7, 1.24033796787261962891e+00) (8, -1.67841327190399169922e+00) (9, -3.34224486351013183594e+00) (10, -9.56376016139984130859e-01) (11, 2.25864315032958984375e+00) (12, 3.15583586692810058594e-01) (13, -7.68804609775543212891e-01) (14, 3.68965387344360351562e+00) (15, 1.98678004741668701172e+00) (16, -6.78949069976806640625e+00) (17, 7.94582843780517578125e+00) (18, 8.69949758052825927734e-01) (0, -1.13878928124904632568e-01) (1, -3.45884919166564941406e+00) (2, 6.39261007308959960938e+00) (3, -1.15004014968872070312e+00) (4, -4.55038118362426757812e+00) (5, 5.47525262832641601562e+00) (6, -2.20834035426378250122e-02) (7, -2.42651963233947753906e+00) (8, 2.76957082748413085938e+00) (9, 1.50242388248443603516e+00) (10, 2.16895222663879394531e+00) (11, -2.72035980224609375000e+00) (12, -8.45112919807434082031e-01) (13, 2.13071703910827636719e+00) (14, -4.00965547561645507812e+00) (15, 1.85723483562469482422e-01) (16, 4.22546482086181640625e+00) (17, -6.14128446578979492188e+00) (18, -2.03400945663452148438e+00) (19, -1.79453670978546142578e+00) (20, -2.17442107200622558594e+00) (21, 1.04557490348815917969e+00) (19, 1.79554343223571777344e+00) (20, 2.17543578147888183594e+00) (21, -1.04563081264495849609e+00) 
