FANN_FLO_2.1
num_layers=4
learning_rate=0.500000
connection_rate=1.000000
network_type=0
learning_momentum=0.000000
training_algorithm=2
train_error_function=1
train_stop_function=0
cascade_output_change_fraction=0.010000
quickprop_decay=-0.000100
quickprop_mu=1.750000
rprop_increase_factor=1.200000
rprop_decrease_factor=0.500000
rprop_delta_min=0.000000
rprop_delta_max=50.000000
rprop_delta_zero=0.100000
cascade_output_stagnation_epochs=12
cascade_candidate_change_fraction=0.010000
cascade_candidate_stagnation_epochs=12
cascade_max_out_epochs=150
cascade_min_out_epochs=50
cascade_max_cand_epochs=150
cascade_min_cand_epochs=50
cascade_num_candidate_groups=2
bit_fail_limit=3.49999994039535522461e-01
cascade_candidate_limit=1.00000000000000000000e+03
cascade_weight_multiplier=4.00000005960464477539e-01
cascade_activation_functions_count=10
cascade_activation_functions=3 5 7 8 10 11 14 15 16 17 
cascade_activation_steepnesses_count=4
cascade_activation_steepnesses=2.50000000000000000000e-01 5.00000000000000000000e-01 7.50000000000000000000e-01 1.00000000000000000000e+00 
layer_sizes=2 5 5 3 
scale_included=0
neurons (num_inputs, activation_function, activation_steepness)=(0, 0, 0.00000000000000000000e+00) (0, 0, 0.00000000000000000000e+00) (2, 3, 5.00000000000000000000e-01) (2, 3, 5.00000000000000000000e-01) (2, 3, 5.00000000000000000000e-01) (2, 3, 5.00000000000000000000e-01) (0, 3, 0.00000000000000000000e+00) (5, 3, 5.00000000000000000000e-01) (5, 3, 5.00000000000000000000e-01) (5, 3, 5.00000000000000000000e-01) (5, 3, 5.00000000000000000000e-01) (0, 3, 0.00000000000000000000e+00) (5, 0, 5.00000000000000000000e-01) (5, 0, 5.00000000000000000000e-01) (0, 0, 0.00000000000000000000e+00) 
connections (connected_to_neuron, weight)=(0, -2.80187644958496093750e+01) (1, 1.02103691101074218750e+01) (0, -2.07539119720458984375e+01) (1, 7.94432592391967773438e+00) (0, -1.17909154891967773438e+01) (1, 3.42876672744750976562e+00) (0, -1.25318038940429687500e+02) (1, 4.33937072753906250000e+01) (2, -6.44262933731079101562e+00) (3, -6.92824888229370117188e+00) (4, 2.01833457946777343750e+01) (5, -4.77604293823242187500e+00) (6, -1.33675098419189453125e+00) (2, 1.50000000000000000000e+03) (3, 1.50000000000000000000e+03) (4, 1.50000000000000000000e+03) (5, 1.50000000000000000000e+03) (6, 1.77133285999298095703e+00) (2, 1.50000000000000000000e+03) (3, 1.50000000000000000000e+03) (4, 1.50000000000000000000e+03) (5, 1.50000000000000000000e+03) (6, 8.86089401245117187500e+01) (2, 8.54102894663810729980e-02) (3, -5.41777312755584716797e-01) (4, -3.02886748313903808594e+00) (5, 1.99866890907287597656e-01) (6, 2.28412270545959472656e+00) (7, 3.80403113365173339844e+00) (8, -6.94012343883514404297e-01) (9, -6.92319750785827636719e-01) (10, 3.38943600654602050781e-01) (11, -7.29829907417297363281e-01) (7, 5.05754113197326660156e-01) (8, 1.51090574264526367188e+00) (9, 1.08398485183715820312e+00) (10, -6.65858411788940429688e+00) (11, 1.07030749320983886719e+00) 
