FANN_FLO_2.1
num_layers=4
learning_rate=0.500000
connection_rate=1.000000
network_type=0
learning_momentum=0.000000
training_algorithm=2
train_error_function=1
train_stop_function=0
cascade_output_change_fraction=0.010000
quickprop_decay=-0.000100
quickprop_mu=1.750000
rprop_increase_factor=1.200000
rprop_decrease_factor=0.500000
rprop_delta_min=0.000000
rprop_delta_max=50.000000
rprop_delta_zero=0.100000
cascade_output_stagnation_epochs=12
cascade_candidate_change_fraction=0.010000
cascade_candidate_stagnation_epochs=12
cascade_max_out_epochs=150
cascade_min_out_epochs=50
cascade_max_cand_epochs=150
cascade_min_cand_epochs=50
cascade_num_candidate_groups=2
bit_fail_limit=3.49999994039535522461e-01
cascade_candidate_limit=1.00000000000000000000e+03
cascade_weight_multiplier=4.00000005960464477539e-01
cascade_activation_functions_count=10
cascade_activation_functions=3 5 7 8 10 11 14 15 16 17 
cascade_activation_steepnesses_count=4
cascade_activation_steepnesses=2.50000000000000000000e-01 5.00000000000000000000e-01 7.50000000000000000000e-01 1.00000000000000000000e+00 
layer_sizes=10 5 3 2 
scale_included=0
neurons (num_inputs, activation_function, activation_steepness)=(0, 0, 0.00000000000000000000e+00) (0, 0, 0.00000000000000000000e+00) (0, 0, 0.00000000000000000000e+00) (0, 0, 0.00000000000000000000e+00) (0, 0, 0.00000000000000000000e+00) (0, 0, 0.00000000000000000000e+00) (0, 0, 0.00000000000000000000e+00) (0, 0, 0.00000000000000000000e+00) (0, 0, 0.00000000000000000000e+00) (0, 0, 0.00000000000000000000e+00) (10, 3, 5.00000000000000000000e-01) (10, 3, 5.00000000000000000000e-01) (10, 3, 5.00000000000000000000e-01) (10, 3, 5.00000000000000000000e-01) (0, 3, 0.00000000000000000000e+00) (5, 3, 5.00000000000000000000e-01) (5, 3, 5.00000000000000000000e-01) (0, 3, 0.00000000000000000000e+00) (3, 3, 5.00000000000000000000e-01) (0, 3, 0.00000000000000000000e+00) 
connections (connected_to_neuron, weight)=(0, 2.11760449409484863281e+00) (1, 3.09947204589843750000e+00) (2, -6.26658773422241210938e+00) (3, -1.28134667873382568359e+00) (4, 1.16406047344207763672e+00) (5, 4.31958532333374023438e+00) (6, -2.55912971496582031250e+00) (7, -1.15071046352386474609e+00) (8, -6.91054046154022216797e-01) (9, 9.63261365890502929688e-01) (0, 3.88757324218750000000e+00) (1, -3.18205380439758300781e+00) (2, 1.25811934471130371094e+00) (3, 2.80400967597961425781e+00) (4, -6.00502490997314453125e+00) (5, -4.13060283660888671875e+00) (6, 5.64204263687133789062e+00) (7, 2.17401003837585449219e+00) (8, 2.15444278717041015625e+00) (9, -2.92236304283142089844e+00) (0, 5.12106847763061523438e+00) (1, -1.04410636425018310547e+00) (2, 1.28994309902191162109e+00) (3, 2.03853130340576171875e+00) (4, -3.39005589485168457031e+00) (5, -2.69657111167907714844e+00) (6, 1.72346746921539306641e+00) (7, 1.65131723880767822266e+00) (8, 2.72614693641662597656e+00) (9, -3.34027934074401855469e+00) (0, 4.99800252914428710938e+00) (1, -8.35587620735168457031e-01) (2, 1.45989191532135009766e+00) (3, 2.01885437965393066406e+00) (4, -3.45266079902648925781e+00) (5, -2.73962736129760742188e+00) (6, 1.70422911643981933594e+00) (7, 1.68831980228424072266e+00) (8, 2.73792767524719238281e+00) (9, -3.24421954154968261719e+00) (10, 8.35796165466308593750e+00) (11, -1.12040061950683593750e+01) (12, -3.57771587371826171875e+00) (13, -3.38508844375610351562e+00) (14, 1.58822488784790039062e+00) (10, 1.71544380187988281250e+01) (11, -2.56803932189941406250e+01) (12, 2.54839718341827392578e-01) (13, 7.41093635559082031250e-01) (14, 2.01778554916381835938e+00) (15, 4.10330867767333984375e+00) (16, -2.46829199790954589844e+00) (17, -7.33214318752288818359e-01) 
