FANN_FLO_2.1
num_layers=4
learning_rate=0.500000
connection_rate=1.000000
network_type=0
learning_momentum=0.000000
training_algorithm=2
train_error_function=1
train_stop_function=0
cascade_output_change_fraction=0.010000
quickprop_decay=-0.000100
quickprop_mu=1.750000
rprop_increase_factor=1.200000
rprop_decrease_factor=0.500000
rprop_delta_min=0.000000
rprop_delta_max=50.000000
rprop_delta_zero=0.100000
cascade_output_stagnation_epochs=12
cascade_candidate_change_fraction=0.010000
cascade_candidate_stagnation_epochs=12
cascade_max_out_epochs=150
cascade_min_out_epochs=50
cascade_max_cand_epochs=150
cascade_min_cand_epochs=50
cascade_num_candidate_groups=2
bit_fail_limit=3.49999994039535522461e-01
cascade_candidate_limit=1.00000000000000000000e+03
cascade_weight_multiplier=4.00000005960464477539e-01
cascade_activation_functions_count=10
cascade_activation_functions=3 5 7 8 10 11 14 15 16 17 
cascade_activation_steepnesses_count=4
cascade_activation_steepnesses=2.50000000000000000000e-01 5.00000000000000000000e-01 7.50000000000000000000e-01 1.00000000000000000000e+00 
layer_sizes=2 5 3 3 
scale_included=0
neurons (num_inputs, activation_function, activation_steepness)=(0, 0, 0.00000000000000000000e+00) (0, 0, 0.00000000000000000000e+00) (2, 3, 5.00000000000000000000e-01) (2, 3, 5.00000000000000000000e-01) (2, 3, 5.00000000000000000000e-01) (2, 3, 5.00000000000000000000e-01) (0, 3, 0.00000000000000000000e+00) (5, 3, 5.00000000000000000000e-01) (5, 3, 5.00000000000000000000e-01) (0, 3, 0.00000000000000000000e+00) (3, 0, 5.00000000000000000000e-01) (3, 0, 5.00000000000000000000e-01) (0, 0, 0.00000000000000000000e+00) 
connections (connected_to_neuron, weight)=(0, 1.54834182739257812500e+02) (1, -6.52967596054077148438e+00) (0, 2.05476055145263671875e+01) (1, -2.96118378639221191406e+00) (0, 1.50000000000000000000e+03) (1, -2.10193595886230468750e+01) (0, -8.57798194885253906250e+00) (1, 3.55079007148742675781e+00) (2, 2.49560549855232238770e-01) (3, -3.81031560897827148438e+00) (4, -6.56521022319793701172e-02) (5, 5.47723770141601562500e+00) (6, 2.39452403038740158081e-02) (2, 9.19590771198272705078e-01) (3, 2.42401289939880371094e+00) (4, 1.03516483306884765625e+00) (5, -4.41536140441894531250e+00) (6, 6.43867135047912597656e-01) (7, -3.71982789039611816406e+00) (8, -3.82747840881347656250e+00) (9, 3.75688362121582031250e+00) (7, 2.96391725540161132812e+00) (8, -1.88166570663452148438e+00) (9, -8.15695106983184814453e-01) 
