FANN_FLO_2.1
num_layers=4
learning_rate=0.500000
connection_rate=1.000000
network_type=0
learning_momentum=0.000000
training_algorithm=2
train_error_function=1
train_stop_function=0
cascade_output_change_fraction=0.010000
quickprop_decay=-0.000100
quickprop_mu=1.750000
rprop_increase_factor=1.200000
rprop_decrease_factor=0.500000
rprop_delta_min=0.000000
rprop_delta_max=50.000000
rprop_delta_zero=0.100000
cascade_output_stagnation_epochs=12
cascade_candidate_change_fraction=0.010000
cascade_candidate_stagnation_epochs=12
cascade_max_out_epochs=150
cascade_min_out_epochs=50
cascade_max_cand_epochs=150
cascade_min_cand_epochs=50
cascade_num_candidate_groups=2
bit_fail_limit=3.49999994039535522461e-01
cascade_candidate_limit=1.00000000000000000000e+03
cascade_weight_multiplier=4.00000005960464477539e-01
cascade_activation_functions_count=10
cascade_activation_functions=3 5 7 8 10 11 14 15 16 17 
cascade_activation_steepnesses_count=4
cascade_activation_steepnesses=2.50000000000000000000e-01 5.00000000000000000000e-01 7.50000000000000000000e-01 1.00000000000000000000e+00 
layer_sizes=2 5 5 3 
scale_included=0
neurons (num_inputs, activation_function, activation_steepness)=(0, 0, 0.00000000000000000000e+00) (0, 0, 0.00000000000000000000e+00) (2, 3, 5.00000000000000000000e-01) (2, 3, 5.00000000000000000000e-01) (2, 3, 5.00000000000000000000e-01) (2, 3, 5.00000000000000000000e-01) (0, 3, 0.00000000000000000000e+00) (5, 3, 5.00000000000000000000e-01) (5, 3, 5.00000000000000000000e-01) (5, 3, 5.00000000000000000000e-01) (5, 3, 5.00000000000000000000e-01) (0, 3, 0.00000000000000000000e+00) (5, 0, 5.00000000000000000000e-01) (5, 0, 5.00000000000000000000e-01) (0, 0, 0.00000000000000000000e+00) 
connections (connected_to_neuron, weight)=(0, -1.01216144561767578125e+01) (1, 4.04943406581878662109e-01) (0, 5.38995027542114257812e+00) (1, 1.03175485134124755859e+00) (0, -9.49391937255859375000e+00) (1, 2.46135354042053222656e+00) (0, -7.62298917770385742188e+00) (1, 2.91774344444274902344e+00) (2, -1.49943542480468750000e+01) (3, 1.40320432186126708984e+00) (4, 4.24114644527435302734e-01) (5, 5.96180498600006103516e-01) (6, 1.34239494800567626953e+00) (2, -1.48271846771240234375e+01) (3, -4.45278835296630859375e+00) (4, 8.76071548461914062500e+00) (5, 7.27776718139648437500e+00) (6, -5.17990708351135253906e-01) (2, 3.72927474975585937500e+00) (3, -4.04265117645263671875e+00) (4, 5.21182155609130859375e+00) (5, 5.23305940628051757812e+00) (6, -2.68047356605529785156e+00) (2, -2.14450988769531250000e+01) (3, -3.37979936599731445312e+00) (4, 7.19677305221557617188e+00) (5, 7.42139244079589843750e+00) (6, -2.24637001752853393555e-01) (7, -1.07354664802551269531e+00) (8, -9.82746899127960205078e-01) (9, -2.56689190864562988281e-01) (10, -1.31293118000030517578e+00) (11, 1.31684637069702148438e+00) (7, -1.36624455451965332031e+00) (8, 1.22342228889465332031e+00) (9, 1.72860133647918701172e+00) (10, -3.63104283809661865234e-01) (11, -7.84446418285369873047e-01) 
