FANN_FLO_2.1
num_layers=3
learning_rate=0.400000
connection_rate=1.000000
network_type=0
learning_momentum=0.000000
training_algorithm=2
train_error_function=1
train_stop_function=0
cascade_output_change_fraction=0.010000
quickprop_decay=-0.000100
quickprop_mu=1.750000
rprop_increase_factor=1.200000
rprop_decrease_factor=0.500000
rprop_delta_min=0.000000
rprop_delta_max=50.000000
rprop_delta_zero=0.100000
cascade_output_stagnation_epochs=12
cascade_candidate_change_fraction=0.010000
cascade_candidate_stagnation_epochs=12
cascade_max_out_epochs=150
cascade_min_out_epochs=50
cascade_max_cand_epochs=150
cascade_min_cand_epochs=50
cascade_num_candidate_groups=2
bit_fail_limit=3.49999994039535522461e-01
cascade_candidate_limit=1.00000000000000000000e+03
cascade_weight_multiplier=4.00000005960464477539e-01
cascade_activation_functions_count=10
cascade_activation_functions=3 5 7 8 10 11 14 15 16 17 
cascade_activation_steepnesses_count=4
cascade_activation_steepnesses=2.50000000000000000000e-01 5.00000000000000000000e-01 7.50000000000000000000e-01 1.00000000000000000000e+00 
layer_sizes=7 5 2 
scale_included=0
neurons (num_inputs, activation_function, activation_steepness)=(0, 0, 0.00000000000000000000e+00) (0, 0, 0.00000000000000000000e+00) (0, 0, 0.00000000000000000000e+00) (0, 0, 0.00000000000000000000e+00) (0, 0, 0.00000000000000000000e+00) (0, 0, 0.00000000000000000000e+00) (0, 0, 0.00000000000000000000e+00) (7, 3, 5.00000000000000000000e-01) (7, 3, 5.00000000000000000000e-01) (7, 3, 5.00000000000000000000e-01) (7, 3, 5.00000000000000000000e-01) (0, 3, 0.00000000000000000000e+00) (5, 3, 5.00000000000000000000e-01) (0, 3, 0.00000000000000000000e+00) 
connections (connected_to_neuron, weight)=(0, 3.81251263618469238281e+00) (1, 3.64331555366516113281e+00) (2, 7.76004266738891601562e+00) (3, -3.68048810958862304688e+00) (4, -9.86833989620208740234e-01) (5, -2.72582173347473144531e-01) (6, -9.90120708942413330078e-01) (0, -3.10599684715270996094e-01) (1, -9.12706434726715087891e-01) (2, -5.85167288780212402344e-01) (3, 1.20305812358856201172e+00) (4, -1.46221682429313659668e-01) (5, 2.19787263870239257812e+00) (6, -1.46937692165374755859e+00) (0, 1.52111256122589111328e+00) (1, 1.33855235576629638672e+00) (2, 2.78646254539489746094e+00) (3, 5.70526599884033203125e+00) (4, -1.47552881240844726562e+01) (5, 5.69115591049194335938e+00) (6, 1.01045943796634674072e-01) (0, 1.58787953853607177734e+00) (1, 1.64664113521575927734e+00) (2, -4.99331808090209960938e+00) (3, -1.38888585567474365234e+00) (4, -1.90206265449523925781e+00) (5, -3.76307463645935058594e+00) (6, 3.35661864280700683594e+00) (7, -1.37834727764129638672e+00) (8, 7.29156732559204101562e+00) (9, -3.60908842086791992188e+00) (10, -3.88746523857116699219e+00) (11, 9.21013474464416503906e-01) 
