FANN_FLO_2.1
num_layers=4
learning_rate=0.500000
connection_rate=1.000000
network_type=0
learning_momentum=0.000000
training_algorithm=2
train_error_function=1
train_stop_function=0
cascade_output_change_fraction=0.010000
quickprop_decay=-0.000100
quickprop_mu=1.750000
rprop_increase_factor=1.200000
rprop_decrease_factor=0.500000
rprop_delta_min=0.000000
rprop_delta_max=50.000000
rprop_delta_zero=0.100000
cascade_output_stagnation_epochs=12
cascade_candidate_change_fraction=0.010000
cascade_candidate_stagnation_epochs=12
cascade_max_out_epochs=150
cascade_min_out_epochs=50
cascade_max_cand_epochs=150
cascade_min_cand_epochs=50
cascade_num_candidate_groups=2
bit_fail_limit=3.49999994039535522461e-01
cascade_candidate_limit=1.00000000000000000000e+03
cascade_weight_multiplier=4.00000005960464477539e-01
cascade_activation_functions_count=10
cascade_activation_functions=3 5 7 8 10 11 14 15 16 17 
cascade_activation_steepnesses_count=4
cascade_activation_steepnesses=2.50000000000000000000e-01 5.00000000000000000000e-01 7.50000000000000000000e-01 1.00000000000000000000e+00 
layer_sizes=10 5 3 2 
scale_included=0
neurons (num_inputs, activation_function, activation_steepness)=(0, 0, 0.00000000000000000000e+00) (0, 0, 0.00000000000000000000e+00) (0, 0, 0.00000000000000000000e+00) (0, 0, 0.00000000000000000000e+00) (0, 0, 0.00000000000000000000e+00) (0, 0, 0.00000000000000000000e+00) (0, 0, 0.00000000000000000000e+00) (0, 0, 0.00000000000000000000e+00) (0, 0, 0.00000000000000000000e+00) (0, 0, 0.00000000000000000000e+00) (10, 3, 5.00000000000000000000e-01) (10, 3, 5.00000000000000000000e-01) (10, 3, 5.00000000000000000000e-01) (10, 3, 5.00000000000000000000e-01) (0, 3, 0.00000000000000000000e+00) (5, 3, 5.00000000000000000000e-01) (5, 3, 5.00000000000000000000e-01) (0, 3, 0.00000000000000000000e+00) (3, 3, 5.00000000000000000000e-01) (0, 3, 0.00000000000000000000e+00) 
connections (connected_to_neuron, weight)=(0, -1.97502446174621582031e+00) (1, -3.90286386013031005859e-01) (2, -5.30566167831420898438e+00) (3, -7.44480550289154052734e-01) (4, -1.26102888584136962891e+00) (5, -6.99101328849792480469e-01) (6, 1.14639396667480468750e+01) (7, -4.35114800930023193359e-01) (8, -6.81559419631958007812e+00) (9, 1.54019725322723388672e+00) (0, 2.70564293861389160156e+00) (1, 1.87800204753875732422e+00) (2, 6.21749591827392578125e+00) (3, -7.38480150699615478516e-01) (4, -1.17405736446380615234e+00) (5, -3.12995672225952148438e-01) (6, -9.08858776092529296875e+00) (7, -4.96215057373046875000e+00) (8, -3.48259854316711425781e+00) (9, 9.92923200130462646484e-01) (0, -1.58218059539794921875e+01) (1, -1.28943310546875000000e+03) (2, -2.57079956054687500000e+02) (3, -1.46418518066406250000e+03) (4, -1.41460095214843750000e+03) (5, -1.46394262695312500000e+03) (6, -1.14476072788238525391e+00) (7, -3.54184150695800781250e+00) (8, -4.39468383789062500000e+00) (9, 1.66361927986145019531e+00) (0, -1.62870681762695312500e+02) (1, -1.31774011230468750000e+03) (2, -1.25117346191406250000e+03) (3, -3.43266010284423828125e+00) (4, -2.70591348409652709961e-01) (5, -5.65060675144195556641e-01) (6, -1.37499547004699707031e+00) (7, -2.23529398441314697266e-01) (8, -2.86569416522979736328e-01) (9, 1.25170314311981201172e+00) (10, 1.83759002685546875000e+01) (11, 3.11212577819824218750e+01) (12, 1.50000000000000000000e+03) (13, -4.19113616943359375000e+01) (14, -8.26399707794189453125e+00) (10, 2.72636184692382812500e+01) (11, 1.47196283340454101562e+01) (12, 1.50000000000000000000e+03) (13, -4.01096572875976562500e+01) (14, -5.65063571929931640625e+00) (15, 7.92202830314636230469e-01) (16, 1.15100240707397460938e+00) (17, -1.07043409347534179688e+00) 
