FANN_FLO_2.1
num_layers=4
learning_rate=0.500000
connection_rate=1.000000
network_type=0
learning_momentum=0.000000
training_algorithm=2
train_error_function=1
train_stop_function=0
cascade_output_change_fraction=0.010000
quickprop_decay=-0.000100
quickprop_mu=1.750000
rprop_increase_factor=1.200000
rprop_decrease_factor=0.500000
rprop_delta_min=0.000000
rprop_delta_max=50.000000
rprop_delta_zero=0.100000
cascade_output_stagnation_epochs=12
cascade_candidate_change_fraction=0.010000
cascade_candidate_stagnation_epochs=12
cascade_max_out_epochs=150
cascade_min_out_epochs=50
cascade_max_cand_epochs=150
cascade_min_cand_epochs=50
cascade_num_candidate_groups=2
bit_fail_limit=3.49999994039535522461e-01
cascade_candidate_limit=1.00000000000000000000e+03
cascade_weight_multiplier=4.00000005960464477539e-01
cascade_activation_functions_count=10
cascade_activation_functions=3 5 7 8 10 11 14 15 16 17 
cascade_activation_steepnesses_count=4
cascade_activation_steepnesses=2.50000000000000000000e-01 5.00000000000000000000e-01 7.50000000000000000000e-01 1.00000000000000000000e+00 
layer_sizes=2 5 3 3 
scale_included=0
neurons (num_inputs, activation_function, activation_steepness)=(0, 0, 0.00000000000000000000e+00) (0, 0, 0.00000000000000000000e+00) (2, 3, 5.00000000000000000000e-01) (2, 3, 5.00000000000000000000e-01) (2, 3, 5.00000000000000000000e-01) (2, 3, 5.00000000000000000000e-01) (0, 3, 0.00000000000000000000e+00) (5, 3, 5.00000000000000000000e-01) (5, 3, 5.00000000000000000000e-01) (0, 3, 0.00000000000000000000e+00) (3, 0, 5.00000000000000000000e-01) (3, 0, 5.00000000000000000000e-01) (0, 0, 0.00000000000000000000e+00) 
connections (connected_to_neuron, weight)=(0, 2.01496696472167968750e+01) (1, -7.80230700969696044922e-01) (0, 1.74967269897460937500e+01) (1, -8.59254360198974609375e+00) (0, 3.54108085632324218750e+01) (1, -6.51371002197265625000e+00) (0, 2.75261497497558593750e+01) (1, -8.02158832550048828125e+00) (2, 3.37698078155517578125e+00) (3, -4.50155258178710937500e+00) (4, 7.20084011554718017578e-01) (5, 2.88014054298400878906e+00) (6, -3.09600543975830078125e+00) (2, 2.62503695487976074219e+00) (3, -4.84873294830322265625e+00) (4, -3.32481749355792999268e-02) (5, -1.55468356609344482422e+00) (6, -6.14338994026184082031e-01) (7, -1.82519555091857910156e+00) (8, -2.73625516891479492188e+00) (9, 1.71558511257171630859e+00) (7, -3.83356404304504394531e+00) (8, 2.75784611701965332031e+00) (9, 9.06531274318695068359e-01) 
