FANN_FLO_2.1
num_layers=3
learning_rate=0.500000
connection_rate=1.000000
network_type=0
learning_momentum=0.000000
training_algorithm=2
train_error_function=1
train_stop_function=0
cascade_output_change_fraction=0.010000
quickprop_decay=-0.000100
quickprop_mu=1.750000
rprop_increase_factor=1.200000
rprop_decrease_factor=0.500000
rprop_delta_min=0.000000
rprop_delta_max=50.000000
rprop_delta_zero=0.100000
cascade_output_stagnation_epochs=12
cascade_candidate_change_fraction=0.010000
cascade_candidate_stagnation_epochs=12
cascade_max_out_epochs=150
cascade_min_out_epochs=50
cascade_max_cand_epochs=150
cascade_min_cand_epochs=50
cascade_num_candidate_groups=2
bit_fail_limit=3.49999994039535522461e-01
cascade_candidate_limit=1.00000000000000000000e+03
cascade_weight_multiplier=4.00000005960464477539e-01
cascade_activation_functions_count=10
cascade_activation_functions=3 5 7 8 10 11 14 15 16 17 
cascade_activation_steepnesses_count=4
cascade_activation_steepnesses=2.50000000000000000000e-01 5.00000000000000000000e-01 7.50000000000000000000e-01 1.00000000000000000000e+00 
layer_sizes=10 3 2 
scale_included=0
neurons (num_inputs, activation_function, activation_steepness)=(0, 0, 0.00000000000000000000e+00) (0, 0, 0.00000000000000000000e+00) (0, 0, 0.00000000000000000000e+00) (0, 0, 0.00000000000000000000e+00) (0, 0, 0.00000000000000000000e+00) (0, 0, 0.00000000000000000000e+00) (0, 0, 0.00000000000000000000e+00) (0, 0, 0.00000000000000000000e+00) (0, 0, 0.00000000000000000000e+00) (0, 0, 0.00000000000000000000e+00) (10, 3, 5.00000000000000000000e-01) (10, 3, 5.00000000000000000000e-01) (0, 3, 0.00000000000000000000e+00) (3, 3, 5.00000000000000000000e-01) (0, 3, 0.00000000000000000000e+00) 
connections (connected_to_neuron, weight)=(0, -6.89780473709106445312e-01) (1, -2.41538405418395996094e+00) (2, -1.50000000000000000000e+03) (3, 3.76119852066040039062e-01) (4, 7.53435641527175903320e-02) (5, -1.71193683147430419922e+00) (6, 5.21027147769927978516e-01) (7, -7.61968195438385009766e-01) (8, -7.34208941459655761719e-01) (9, 2.31454777717590332031e+00) (0, -4.81190967559814453125e+00) (1, 9.18570613861083984375e+00) (2, 4.28980541229248046875e+00) (3, -1.88843488693237304688e+00) (4, 9.12192344665527343750e+00) (5, 1.00123720169067382812e+01) (6, 2.13182163238525390625e+00) (7, -2.78788719177246093750e+01) (8, 1.03853821754455566406e+00) (9, -7.59316906332969665527e-02) (10, 6.37660694122314453125e+00) (11, 4.78353357315063476562e+00) (12, -3.87026214599609375000e+00) 
