FANN_FLO_2.1
num_layers=4
learning_rate=0.500000
connection_rate=1.000000
network_type=0
learning_momentum=0.000000
training_algorithm=2
train_error_function=1
train_stop_function=0
cascade_output_change_fraction=0.010000
quickprop_decay=-0.000100
quickprop_mu=1.750000
rprop_increase_factor=1.200000
rprop_decrease_factor=0.500000
rprop_delta_min=0.000000
rprop_delta_max=50.000000
rprop_delta_zero=0.100000
cascade_output_stagnation_epochs=12
cascade_candidate_change_fraction=0.010000
cascade_candidate_stagnation_epochs=12
cascade_max_out_epochs=150
cascade_min_out_epochs=50
cascade_max_cand_epochs=150
cascade_min_cand_epochs=50
cascade_num_candidate_groups=2
bit_fail_limit=3.49999994039535522461e-01
cascade_candidate_limit=1.00000000000000000000e+03
cascade_weight_multiplier=4.00000005960464477539e-01
cascade_activation_functions_count=10
cascade_activation_functions=3 5 7 8 10 11 14 15 16 17 
cascade_activation_steepnesses_count=4
cascade_activation_steepnesses=2.50000000000000000000e-01 5.00000000000000000000e-01 7.50000000000000000000e-01 1.00000000000000000000e+00 
layer_sizes=10 3 3 2 
scale_included=0
neurons (num_inputs, activation_function, activation_steepness)=(0, 0, 0.00000000000000000000e+00) (0, 0, 0.00000000000000000000e+00) (0, 0, 0.00000000000000000000e+00) (0, 0, 0.00000000000000000000e+00) (0, 0, 0.00000000000000000000e+00) (0, 0, 0.00000000000000000000e+00) (0, 0, 0.00000000000000000000e+00) (0, 0, 0.00000000000000000000e+00) (0, 0, 0.00000000000000000000e+00) (0, 0, 0.00000000000000000000e+00) (10, 3, 5.00000000000000000000e-01) (10, 3, 5.00000000000000000000e-01) (0, 3, 0.00000000000000000000e+00) (3, 3, 5.00000000000000000000e-01) (3, 3, 5.00000000000000000000e-01) (0, 3, 0.00000000000000000000e+00) (3, 3, 5.00000000000000000000e-01) (0, 3, 0.00000000000000000000e+00) 
connections (connected_to_neuron, weight)=(0, -4.73307752609252929688e+00) (1, 1.28144502639770507812e+00) (2, -5.59736919403076171875e+00) (3, -4.38463449478149414062e-01) (4, 4.04160976409912109375e+00) (5, -3.65744400024414062500e+00) (6, 2.15336465835571289062e+00) (7, -5.68751859664916992188e+00) (8, -2.79120516777038574219e+00) (9, 3.25274682044982910156e+00) (0, 3.43595910072326660156e+00) (1, 3.68665486574172973633e-01) (2, -5.79045028686523437500e+01) (3, -1.00688531494140625000e+03) (4, 9.84254598617553710938e-01) (5, -1.46095410156250000000e+03) (6, 2.15959899902343750000e+02) (7, -8.43120361328125000000e+02) (8, -3.03629422187805175781e+00) (9, 1.93182373046875000000e+02) (10, 1.25920007324218750000e+03) (11, 1.50000000000000000000e+03) (12, -1.20784873962402343750e+01) (10, 1.16133178710937500000e+03) (11, 1.50000000000000000000e+03) (12, -1.91508007049560546875e+01) (13, 1.34097838401794433594e+00) (14, 5.91772198677062988281e-01) (15, -1.10286307334899902344e+00) 
