FANN_FLO_2.1
num_layers=4
learning_rate=0.500000
connection_rate=1.000000
network_type=0
learning_momentum=0.000000
training_algorithm=2
train_error_function=1
train_stop_function=0
cascade_output_change_fraction=0.010000
quickprop_decay=-0.000100
quickprop_mu=1.750000
rprop_increase_factor=1.200000
rprop_decrease_factor=0.500000
rprop_delta_min=0.000000
rprop_delta_max=50.000000
rprop_delta_zero=0.100000
cascade_output_stagnation_epochs=12
cascade_candidate_change_fraction=0.010000
cascade_candidate_stagnation_epochs=12
cascade_max_out_epochs=150
cascade_min_out_epochs=50
cascade_max_cand_epochs=150
cascade_min_cand_epochs=50
cascade_num_candidate_groups=2
bit_fail_limit=3.49999994039535522461e-01
cascade_candidate_limit=1.00000000000000000000e+03
cascade_weight_multiplier=4.00000005960464477539e-01
cascade_activation_functions_count=10
cascade_activation_functions=3 5 7 8 10 11 14 15 16 17 
cascade_activation_steepnesses_count=4
cascade_activation_steepnesses=2.50000000000000000000e-01 5.00000000000000000000e-01 7.50000000000000000000e-01 1.00000000000000000000e+00 
layer_sizes=10 3 3 2 
scale_included=0
neurons (num_inputs, activation_function, activation_steepness)=(0, 0, 0.00000000000000000000e+00) (0, 0, 0.00000000000000000000e+00) (0, 0, 0.00000000000000000000e+00) (0, 0, 0.00000000000000000000e+00) (0, 0, 0.00000000000000000000e+00) (0, 0, 0.00000000000000000000e+00) (0, 0, 0.00000000000000000000e+00) (0, 0, 0.00000000000000000000e+00) (0, 0, 0.00000000000000000000e+00) (0, 0, 0.00000000000000000000e+00) (10, 3, 5.00000000000000000000e-01) (10, 3, 5.00000000000000000000e-01) (0, 3, 0.00000000000000000000e+00) (3, 3, 5.00000000000000000000e-01) (3, 3, 5.00000000000000000000e-01) (0, 3, 0.00000000000000000000e+00) (3, 3, 5.00000000000000000000e-01) (0, 3, 0.00000000000000000000e+00) 
connections (connected_to_neuron, weight)=(0, 1.49999536132812500000e+03) (1, 1.49999560546875000000e+03) (2, 1.49999987792968750000e+03) (3, 2.47800254821777343750e+00) (4, 1.50000000000000000000e+03) (5, 1.50000000000000000000e+03) (6, 1.65238964557647705078e+00) (7, 4.78727960586547851562e+00) (8, 3.97223043441772460938e+00) (9, -1.90409398078918457031e+00) (0, -2.83264040946960449219e+00) (1, -9.42596256732940673828e-01) (2, -4.24847841262817382812e+00) (3, 1.28641903400421142578e-01) (4, -4.23431634902954101562e-01) (5, 1.10766625404357910156e+00) (6, 1.53377914428710937500e+00) (7, -3.70568513870239257812e+00) (8, -1.88453769683837890625e+00) (9, 5.81474208831787109375e+00) (10, -9.60222244262695312500e+00) (11, 2.80071239471435546875e+01) (12, -6.00647807121276855469e-01) (10, -6.09437799453735351562e+00) (11, 1.49634122848510742188e+01) (12, -1.32245564460754394531e+00) (13, 2.54365062713623046875e+00) (14, 1.78292536735534667969e+00) (15, -3.44614648818969726562e+00) 
