FANN_FLO_2.1
num_layers=3
learning_rate=0.400000
connection_rate=1.000000
network_type=0
learning_momentum=0.000000
training_algorithm=2
train_error_function=1
train_stop_function=0
cascade_output_change_fraction=0.010000
quickprop_decay=-0.000100
quickprop_mu=1.750000
rprop_increase_factor=1.200000
rprop_decrease_factor=0.500000
rprop_delta_min=0.000000
rprop_delta_max=50.000000
rprop_delta_zero=0.100000
cascade_output_stagnation_epochs=12
cascade_candidate_change_fraction=0.010000
cascade_candidate_stagnation_epochs=12
cascade_max_out_epochs=150
cascade_min_out_epochs=50
cascade_max_cand_epochs=150
cascade_min_cand_epochs=50
cascade_num_candidate_groups=2
bit_fail_limit=3.49999994039535522461e-01
cascade_candidate_limit=1.00000000000000000000e+03
cascade_weight_multiplier=4.00000005960464477539e-01
cascade_activation_functions_count=10
cascade_activation_functions=3 5 7 8 10 11 14 15 16 17 
cascade_activation_steepnesses_count=4
cascade_activation_steepnesses=2.50000000000000000000e-01 5.00000000000000000000e-01 7.50000000000000000000e-01 1.00000000000000000000e+00 
layer_sizes=7 5 2 
scale_included=0
neurons (num_inputs, activation_function, activation_steepness)=(0, 0, 0.00000000000000000000e+00) (0, 0, 0.00000000000000000000e+00) (0, 0, 0.00000000000000000000e+00) (0, 0, 0.00000000000000000000e+00) (0, 0, 0.00000000000000000000e+00) (0, 0, 0.00000000000000000000e+00) (0, 0, 0.00000000000000000000e+00) (7, 3, 5.00000000000000000000e-01) (7, 3, 5.00000000000000000000e-01) (7, 3, 5.00000000000000000000e-01) (7, 3, 5.00000000000000000000e-01) (0, 3, 0.00000000000000000000e+00) (5, 3, 5.00000000000000000000e-01) (0, 3, 0.00000000000000000000e+00) 
connections (connected_to_neuron, weight)=(0, -8.07959938049316406250e+00) (1, 7.69884300231933593750e+00) (2, -1.37453854084014892578e+00) (3, -1.50473892688751220703e+00) (4, -6.02990388870239257812e-01) (5, -1.50000000000000000000e+03) (6, -1.17536759376525878906e+00) (0, -5.33723115921020507812e+00) (1, -1.26932659149169921875e+01) (2, -9.24414873123168945312e-01) (3, 1.20750308036804199219e+00) (4, -2.07514762878417968750e-01) (5, 3.22501659393310546875e+00) (6, 1.35698747634887695312e+01) (0, 5.96795654296875000000e+00) (1, -7.64943504333496093750e+00) (2, 3.61084818840026855469e+00) (3, -2.13181924819946289062e+00) (4, -3.04833114147186279297e-01) (5, 4.14819145202636718750e+00) (6, -3.87936234474182128906e+00) (0, 1.18539295196533203125e+01) (1, 1.81135833263397216797e+00) (2, -1.45688962936401367188e+00) (3, -8.93900585174560546875e+00) (4, -3.49940371513366699219e+00) (5, -1.08520090579986572266e-01) (6, -5.32435369491577148438e+00) (7, -1.57324275970458984375e+01) (8, -1.11301636695861816406e+00) (9, -7.89944458007812500000e+00) (10, -7.66518592834472656250e-01) (11, -1.44675344228744506836e-01) 
