FANN_FLO_2.1
num_layers=3
learning_rate=0.500000
connection_rate=1.000000
network_type=0
learning_momentum=0.000000
training_algorithm=2
train_error_function=1
train_stop_function=0
cascade_output_change_fraction=0.010000
quickprop_decay=-0.000100
quickprop_mu=1.750000
rprop_increase_factor=1.200000
rprop_decrease_factor=0.500000
rprop_delta_min=0.000000
rprop_delta_max=50.000000
rprop_delta_zero=0.100000
cascade_output_stagnation_epochs=12
cascade_candidate_change_fraction=0.010000
cascade_candidate_stagnation_epochs=12
cascade_max_out_epochs=150
cascade_min_out_epochs=50
cascade_max_cand_epochs=150
cascade_min_cand_epochs=50
cascade_num_candidate_groups=2
bit_fail_limit=3.49999994039535522461e-01
cascade_candidate_limit=1.00000000000000000000e+03
cascade_weight_multiplier=4.00000005960464477539e-01
cascade_activation_functions_count=10
cascade_activation_functions=3 5 7 8 10 11 14 15 16 17 
cascade_activation_steepnesses_count=4
cascade_activation_steepnesses=2.50000000000000000000e-01 5.00000000000000000000e-01 7.50000000000000000000e-01 1.00000000000000000000e+00 
layer_sizes=10 5 2 
scale_included=0
neurons (num_inputs, activation_function, activation_steepness)=(0, 0, 0.00000000000000000000e+00) (0, 0, 0.00000000000000000000e+00) (0, 0, 0.00000000000000000000e+00) (0, 0, 0.00000000000000000000e+00) (0, 0, 0.00000000000000000000e+00) (0, 0, 0.00000000000000000000e+00) (0, 0, 0.00000000000000000000e+00) (0, 0, 0.00000000000000000000e+00) (0, 0, 0.00000000000000000000e+00) (0, 0, 0.00000000000000000000e+00) (10, 3, 5.00000000000000000000e-01) (10, 3, 5.00000000000000000000e-01) (10, 3, 5.00000000000000000000e-01) (10, 3, 5.00000000000000000000e-01) (0, 3, 0.00000000000000000000e+00) (5, 3, 5.00000000000000000000e-01) (0, 3, 0.00000000000000000000e+00) 
connections (connected_to_neuron, weight)=(0, -7.37898409366607666016e-01) (1, 9.31383895874023437500e+00) (2, -1.55168429017066955566e-01) (3, -2.45681071281433105469e+00) (4, 3.31300044059753417969e+00) (5, 4.12855958938598632812e+00) (6, -1.13668947219848632812e+01) (7, -3.15646433830261230469e+00) (8, -4.74512481689453125000e+00) (9, 2.16856312751770019531e+00) (0, -1.36287832260131835938e+00) (1, -7.85486984252929687500e+00) (2, -8.08241558074951171875e+00) (3, 6.05446147918701171875e+00) (4, 1.03044703602790832520e-01) (5, -1.44553589820861816406e+00) (6, 1.38787765502929687500e+01) (7, -5.43114900588989257812e-01) (8, 3.24076843261718750000e+00) (9, -1.24309241771697998047e+00) (0, 1.00381823730468750000e+03) (1, -1.88308155536651611328e+00) (2, -1.49817614746093750000e+03) (3, -6.93474721908569335938e+00) (4, 4.34503257274627685547e-02) (5, 8.69358158111572265625e+00) (6, 1.41447290039062500000e+03) (7, -1.47639733886718750000e+03) (8, 2.40621089935302734375e+00) (9, -4.27349619567394256592e-02) (0, 1.13459110260009765625e+00) (1, 3.58808517456054687500e-01) (2, -1.67121753692626953125e+01) (3, -1.49343162775039672852e-01) (4, 3.36221098899841308594e-01) (5, -1.72768497467041015625e+00) (6, 1.32135400772094726562e+01) (7, 2.97753310203552246094e+00) (8, -6.31507813930511474609e-01) (9, 3.60705018043518066406e-01) (10, 2.06946063041687011719e+00) (11, -2.78347516059875488281e+00) (12, 1.72969937324523925781e+00) (13, 3.08994817733764648438e+00) (14, -1.20909595489501953125e+00) 
