FANN_FLO_2.1
num_layers=3
learning_rate=0.400000
connection_rate=1.000000
network_type=0
learning_momentum=0.000000
training_algorithm=2
train_error_function=1
train_stop_function=0
cascade_output_change_fraction=0.010000
quickprop_decay=-0.000100
quickprop_mu=1.750000
rprop_increase_factor=1.200000
rprop_decrease_factor=0.500000
rprop_delta_min=0.000000
rprop_delta_max=50.000000
rprop_delta_zero=0.100000
cascade_output_stagnation_epochs=12
cascade_candidate_change_fraction=0.010000
cascade_candidate_stagnation_epochs=12
cascade_max_out_epochs=150
cascade_min_out_epochs=50
cascade_max_cand_epochs=150
cascade_min_cand_epochs=50
cascade_num_candidate_groups=2
bit_fail_limit=3.49999994039535522461e-01
cascade_candidate_limit=1.00000000000000000000e+03
cascade_weight_multiplier=4.00000005960464477539e-01
cascade_activation_functions_count=10
cascade_activation_functions=3 5 7 8 10 11 14 15 16 17 
cascade_activation_steepnesses_count=4
cascade_activation_steepnesses=2.50000000000000000000e-01 5.00000000000000000000e-01 7.50000000000000000000e-01 1.00000000000000000000e+00 
layer_sizes=7 9 2 
scale_included=0
neurons (num_inputs, activation_function, activation_steepness)=(0, 0, 0.00000000000000000000e+00) (0, 0, 0.00000000000000000000e+00) (0, 0, 0.00000000000000000000e+00) (0, 0, 0.00000000000000000000e+00) (0, 0, 0.00000000000000000000e+00) (0, 0, 0.00000000000000000000e+00) (0, 0, 0.00000000000000000000e+00) (7, 3, 5.00000000000000000000e-01) (7, 3, 5.00000000000000000000e-01) (7, 3, 5.00000000000000000000e-01) (7, 3, 5.00000000000000000000e-01) (7, 3, 5.00000000000000000000e-01) (7, 3, 5.00000000000000000000e-01) (7, 3, 5.00000000000000000000e-01) (7, 3, 5.00000000000000000000e-01) (0, 3, 0.00000000000000000000e+00) (9, 3, 5.00000000000000000000e-01) (0, 3, 0.00000000000000000000e+00) 
connections (connected_to_neuron, weight)=(0, -8.53220224380493164062e-01) (1, 4.32271623611450195312e+00) (2, -4.77316427230834960938e+00) (3, 1.52718698978424072266e+00) (4, -3.40278553962707519531e+00) (5, 7.87204599380493164062e+00) (6, -4.07048988342285156250e+00) (0, -2.31528091430664062500e+00) (1, 1.23345382511615753174e-01) (2, 1.49164602160453796387e-01) (3, -4.47794526815414428711e-01) (4, -2.24432969093322753906e+00) (5, 7.09566891193389892578e-01) (6, 8.62828016281127929688e-01) (0, -1.80230629444122314453e+00) (1, 3.45923677086830139160e-02) (2, -6.64700806140899658203e-01) (3, 8.57349693775177001953e-01) (4, -2.23474192619323730469e+00) (5, 4.67312514781951904297e-01) (6, 1.58692097663879394531e+00) (0, -1.48610639572143554688e+00) (1, -5.95055198669433593750e+00) (2, -1.12666916847229003906e+00) (3, 1.13118135929107666016e+00) (4, 1.31576144695281982422e+00) (5, 7.16012418270111083984e-01) (6, -8.15403819084167480469e-01) (0, -8.90372562408447265625e+00) (1, -2.04611778259277343750e+00) (2, -1.79596245288848876953e+00) (3, 2.85398197174072265625e+00) (4, 2.05826091766357421875e+00) (5, 3.58533740043640136719e+00) (6, -2.63758838176727294922e-01) (0, 3.73542070388793945312e+00) (1, 1.59444522857666015625e+00) (2, -3.38280844688415527344e+00) (3, -5.85992670059204101562e+00) (4, 4.31248569488525390625e+00) (5, 7.16771662235260009766e-01) (6, 2.34654092788696289062e+00) (0, -1.52949810028076171875e+00) (1, -1.49019420146942138672e+00) (2, 6.18675994873046875000e+00) (3, -2.93218827247619628906e+00) (4, 4.29213571548461914062e+00) (5, -1.57966032028198242188e+01) (6, 4.40562248229980468750e-01) (0, -1.01185023784637451172e+00) (1, -9.68254625797271728516e-01) (2, 1.40316820144653320312e+00) (3, 1.06527045369148254395e-01) (4, 2.28103399276733398438e+00) (5, -7.12449252605438232422e-01) (6, -2.13901185989379882812e+00) (7, 2.50338721275329589844e+00) (8, -3.18184614181518554688e+00) (9, -1.61272525787353515625e+00) (10, 4.99355602264404296875e+00) (11, 1.55545198917388916016e+00) (12, -9.41404759883880615234e-01) (13, 2.34453344345092773438e+00) (14, 6.24483168125152587891e-01) (15, -3.14869314432144165039e-01) 
