FANN_FLO_2.1
num_layers=3
learning_rate=0.400000
connection_rate=1.000000
network_type=0
learning_momentum=0.000000
training_algorithm=2
train_error_function=1
train_stop_function=0
cascade_output_change_fraction=0.010000
quickprop_decay=-0.000100
quickprop_mu=1.750000
rprop_increase_factor=1.200000
rprop_decrease_factor=0.500000
rprop_delta_min=0.000000
rprop_delta_max=50.000000
rprop_delta_zero=0.100000
cascade_output_stagnation_epochs=12
cascade_candidate_change_fraction=0.010000
cascade_candidate_stagnation_epochs=12
cascade_max_out_epochs=150
cascade_min_out_epochs=50
cascade_max_cand_epochs=150
cascade_min_cand_epochs=50
cascade_num_candidate_groups=2
bit_fail_limit=3.49999994039535522461e-01
cascade_candidate_limit=1.00000000000000000000e+03
cascade_weight_multiplier=4.00000005960464477539e-01
cascade_activation_functions_count=10
cascade_activation_functions=3 5 7 8 10 11 14 15 16 17 
cascade_activation_steepnesses_count=4
cascade_activation_steepnesses=2.50000000000000000000e-01 5.00000000000000000000e-01 7.50000000000000000000e-01 1.00000000000000000000e+00 
layer_sizes=7 5 2 
scale_included=0
neurons (num_inputs, activation_function, activation_steepness)=(0, 0, 0.00000000000000000000e+00) (0, 0, 0.00000000000000000000e+00) (0, 0, 0.00000000000000000000e+00) (0, 0, 0.00000000000000000000e+00) (0, 0, 0.00000000000000000000e+00) (0, 0, 0.00000000000000000000e+00) (0, 0, 0.00000000000000000000e+00) (7, 3, 5.00000000000000000000e-01) (7, 3, 5.00000000000000000000e-01) (7, 3, 5.00000000000000000000e-01) (7, 3, 5.00000000000000000000e-01) (0, 3, 0.00000000000000000000e+00) (5, 3, 5.00000000000000000000e-01) (0, 3, 0.00000000000000000000e+00) 
connections (connected_to_neuron, weight)=(0, -2.49385285377502441406e+00) (1, -2.60311460494995117188e+00) (2, -2.28233337402343750000e+00) (3, 2.65080666542053222656e+00) (4, -2.32701110839843750000e+00) (5, 7.92772674560546875000e+00) (6, -2.73542666435241699219e+00) (0, -4.52866220474243164062e+00) (1, -3.35379528999328613281e+00) (2, -2.60018110275268554688e+00) (3, -5.59089958667755126953e-01) (4, 5.57413959503173828125e+00) (5, 1.41339552402496337891e+00) (6, -2.51826667785644531250e+00) (0, -1.24362049102783203125e+01) (1, -1.82889735698699951172e+00) (2, 2.73003721237182617188e+00) (3, 7.69987821578979492188e+00) (4, -3.01193785667419433594e+00) (5, -2.05817532539367675781e+00) (6, -3.91064333915710449219e+00) (0, 6.85851478576660156250e+00) (1, -8.13269149512052536011e-03) (2, 2.37339735031127929688e-01) (3, 2.15013051033020019531e+00) (4, 5.61689376831054687500e+00) (5, -5.12476587295532226562e+00) (6, -6.18879842758178710938e+00) (7, 2.72330045700073242188e+00) (8, 3.68313884735107421875e+00) (9, 2.14667758941650390625e+01) (10, 2.80610752105712890625e+00) (11, -2.36116623878479003906e+00) 
