FANN_FLO_2.1
num_layers=3
learning_rate=0.500000
connection_rate=1.000000
network_type=0
learning_momentum=0.000000
training_algorithm=2
train_error_function=1
train_stop_function=0
cascade_output_change_fraction=0.010000
quickprop_decay=-0.000100
quickprop_mu=1.750000
rprop_increase_factor=1.200000
rprop_decrease_factor=0.500000
rprop_delta_min=0.000000
rprop_delta_max=50.000000
rprop_delta_zero=0.100000
cascade_output_stagnation_epochs=12
cascade_candidate_change_fraction=0.010000
cascade_candidate_stagnation_epochs=12
cascade_max_out_epochs=150
cascade_min_out_epochs=50
cascade_max_cand_epochs=150
cascade_min_cand_epochs=50
cascade_num_candidate_groups=2
bit_fail_limit=3.49999994039535522461e-01
cascade_candidate_limit=1.00000000000000000000e+03
cascade_weight_multiplier=4.00000005960464477539e-01
cascade_activation_functions_count=10
cascade_activation_functions=3 5 7 8 10 11 14 15 16 17 
cascade_activation_steepnesses_count=4
cascade_activation_steepnesses=2.50000000000000000000e-01 5.00000000000000000000e-01 7.50000000000000000000e-01 1.00000000000000000000e+00 
layer_sizes=10 3 2 
scale_included=0
neurons (num_inputs, activation_function, activation_steepness)=(0, 0, 0.00000000000000000000e+00) (0, 0, 0.00000000000000000000e+00) (0, 0, 0.00000000000000000000e+00) (0, 0, 0.00000000000000000000e+00) (0, 0, 0.00000000000000000000e+00) (0, 0, 0.00000000000000000000e+00) (0, 0, 0.00000000000000000000e+00) (0, 0, 0.00000000000000000000e+00) (0, 0, 0.00000000000000000000e+00) (0, 0, 0.00000000000000000000e+00) (10, 3, 5.00000000000000000000e-01) (10, 3, 5.00000000000000000000e-01) (0, 3, 0.00000000000000000000e+00) (3, 3, 5.00000000000000000000e-01) (0, 3, 0.00000000000000000000e+00) 
connections (connected_to_neuron, weight)=(0, -4.27810370922088623047e-01) (1, 8.60000514984130859375e+00) (2, 6.36597776412963867188e+00) (3, -1.45060932636260986328e+00) (4, -7.06374454498291015625e+00) (5, 1.35877799987792968750e+00) (6, -1.29146921634674072266e+00) (7, -9.00569736957550048828e-01) (8, -6.53026676177978515625e+00) (9, -2.76840209960937500000e-01) (0, -4.69037055969238281250e+00) (1, -2.14163398742675781250e+00) (2, 1.50958614349365234375e+01) (3, 1.00825858116149902344e+00) (4, -1.56313390731811523438e+01) (5, -2.22578811645507812500e+00) (6, -9.78380739688873291016e-02) (7, 2.52085375785827636719e+00) (8, 7.92378306388854980469e-01) (9, 4.32034111022949218750e+00) (10, 4.67506265640258789062e+00) (11, -4.22638750076293945312e+00) (12, 5.75066804885864257812e-01) 
