FANN_FLO_2.1
num_layers=3
learning_rate=0.400000
connection_rate=1.000000
network_type=0
learning_momentum=0.000000
training_algorithm=2
train_error_function=1
train_stop_function=0
cascade_output_change_fraction=0.010000
quickprop_decay=-0.000100
quickprop_mu=1.750000
rprop_increase_factor=1.200000
rprop_decrease_factor=0.500000
rprop_delta_min=0.000000
rprop_delta_max=50.000000
rprop_delta_zero=0.100000
cascade_output_stagnation_epochs=12
cascade_candidate_change_fraction=0.010000
cascade_candidate_stagnation_epochs=12
cascade_max_out_epochs=150
cascade_min_out_epochs=50
cascade_max_cand_epochs=150
cascade_min_cand_epochs=50
cascade_num_candidate_groups=2
bit_fail_limit=3.49999994039535522461e-01
cascade_candidate_limit=1.00000000000000000000e+03
cascade_weight_multiplier=4.00000005960464477539e-01
cascade_activation_functions_count=10
cascade_activation_functions=3 5 7 8 10 11 14 15 16 17 
cascade_activation_steepnesses_count=4
cascade_activation_steepnesses=2.50000000000000000000e-01 5.00000000000000000000e-01 7.50000000000000000000e-01 1.00000000000000000000e+00 
layer_sizes=7 5 2 
scale_included=0
neurons (num_inputs, activation_function, activation_steepness)=(0, 0, 0.00000000000000000000e+00) (0, 0, 0.00000000000000000000e+00) (0, 0, 0.00000000000000000000e+00) (0, 0, 0.00000000000000000000e+00) (0, 0, 0.00000000000000000000e+00) (0, 0, 0.00000000000000000000e+00) (0, 0, 0.00000000000000000000e+00) (7, 3, 5.00000000000000000000e-01) (7, 3, 5.00000000000000000000e-01) (7, 3, 5.00000000000000000000e-01) (7, 3, 5.00000000000000000000e-01) (0, 3, 0.00000000000000000000e+00) (5, 3, 5.00000000000000000000e-01) (0, 3, 0.00000000000000000000e+00) 
connections (connected_to_neuron, weight)=(0, -1.84511566162109375000e+00) (1, 3.85769724845886230469e-01) (2, -3.50296449661254882812e+00) (3, -3.34630942344665527344e+00) (4, -3.84718370437622070312e+00) (5, 1.72981605529785156250e+01) (6, 2.08418980240821838379e-01) (0, -2.66952705383300781250e+00) (1, -4.43157434463500976562e+00) (2, -6.82368516921997070312e+00) (3, -4.92252302169799804688e+00) (4, 6.44270610809326171875e+00) (5, 7.07753515243530273438e+00) (6, 1.19871564209461212158e-01) (0, -1.29290211200714111328e+00) (1, -1.49433147907257080078e+00) (2, -1.28040838241577148438e+00) (3, 2.70851969718933105469e+00) (4, -5.77526152133941650391e-01) (5, 2.59768581390380859375e+00) (6, -2.13365530967712402344e+00) (0, 1.75921797752380371094e-01) (1, 7.38613903522491455078e-01) (2, -2.40945696830749511719e+00) (3, -1.19625020027160644531e+00) (4, -1.13306987285614013672e+00) (5, -6.69090509414672851562e-01) (6, 1.05398631095886230469e+00) (7, -2.37638545036315917969e+00) (8, 1.50168132781982421875e+00) (9, 4.77337741851806640625e+00) (10, -5.28630495071411132812e+00) (11, 6.94170296192169189453e-01) 
