FANN_FLO_2.1
num_layers=3
learning_rate=0.400000
connection_rate=1.000000
network_type=0
learning_momentum=0.000000
training_algorithm=2
train_error_function=1
train_stop_function=0
cascade_output_change_fraction=0.010000
quickprop_decay=-0.000100
quickprop_mu=1.750000
rprop_increase_factor=1.200000
rprop_decrease_factor=0.500000
rprop_delta_min=0.000000
rprop_delta_max=50.000000
rprop_delta_zero=0.100000
cascade_output_stagnation_epochs=12
cascade_candidate_change_fraction=0.010000
cascade_candidate_stagnation_epochs=12
cascade_max_out_epochs=150
cascade_min_out_epochs=50
cascade_max_cand_epochs=150
cascade_min_cand_epochs=50
cascade_num_candidate_groups=2
bit_fail_limit=3.49999994039535522461e-01
cascade_candidate_limit=1.00000000000000000000e+03
cascade_weight_multiplier=4.00000005960464477539e-01
cascade_activation_functions_count=10
cascade_activation_functions=3 5 7 8 10 11 14 15 16 17 
cascade_activation_steepnesses_count=4
cascade_activation_steepnesses=2.50000000000000000000e-01 5.00000000000000000000e-01 7.50000000000000000000e-01 1.00000000000000000000e+00 
layer_sizes=7 9 2 
scale_included=0
neurons (num_inputs, activation_function, activation_steepness)=(0, 0, 0.00000000000000000000e+00) (0, 0, 0.00000000000000000000e+00) (0, 0, 0.00000000000000000000e+00) (0, 0, 0.00000000000000000000e+00) (0, 0, 0.00000000000000000000e+00) (0, 0, 0.00000000000000000000e+00) (0, 0, 0.00000000000000000000e+00) (7, 3, 5.00000000000000000000e-01) (7, 3, 5.00000000000000000000e-01) (7, 3, 5.00000000000000000000e-01) (7, 3, 5.00000000000000000000e-01) (7, 3, 5.00000000000000000000e-01) (7, 3, 5.00000000000000000000e-01) (7, 3, 5.00000000000000000000e-01) (7, 3, 5.00000000000000000000e-01) (0, 3, 0.00000000000000000000e+00) (9, 3, 5.00000000000000000000e-01) (0, 3, 0.00000000000000000000e+00) 
connections (connected_to_neuron, weight)=(0, -3.70311379432678222656e+00) (1, -1.54129922389984130859e+00) (2, 9.49795818328857421875e+00) (3, -6.08371496200561523438e+00) (4, -2.81178188323974609375e+00) (5, 8.68610668182373046875e+00) (6, -3.56835246086120605469e-01) (0, 1.79910526275634765625e+01) (1, -2.01794853210449218750e+01) (2, 4.68668079376220703125e+00) (3, -2.74224781990051269531e+00) (4, -1.88611340522766113281e+00) (5, -1.02852697372436523438e+01) (6, 1.24111309051513671875e+01) (0, -2.87379026412963867188e+00) (1, -1.61122381687164306641e+00) (2, 1.44181022644042968750e+01) (3, -1.43375415802001953125e+01) (4, -2.48311114311218261719e+00) (5, 8.43125724792480468750e+00) (6, -2.86301404237747192383e-01) (0, -4.16380077600479125977e-01) (1, -1.11752681434154510498e-01) (2, -4.54024791717529296875e+00) (3, -5.18708038330078125000e+00) (4, 1.37709450721740722656e+00) (5, 2.00338673591613769531e+00) (6, 3.51275175809860229492e-01) (0, -1.91624221801757812500e+01) (1, 1.56048994064331054688e+01) (2, -1.24217662811279296875e+01) (3, -5.94110965728759765625e+00) (4, -1.51508295536041259766e+00) (5, 1.38479284667968750000e+03) (6, 5.15304327011108398438e+00) (0, -2.91320174932479858398e-01) (1, -2.04329073429107666016e-01) (2, 3.59070777893066406250e-01) (3, -3.87778258323669433594e+00) (4, 1.82708978652954101562e-01) (5, 2.24497675895690917969e+00) (6, 4.04180049896240234375e-01) (0, 4.81992699205875396729e-02) (1, 6.24376237392425537109e-01) (2, 5.28404521942138671875e+00) (3, -5.04863023757934570312e+00) (4, 4.39288425445556640625e+00) (5, 4.20265972614288330078e-01) (6, 1.65028297901153564453e+00) (0, -1.44214367866516113281e+00) (1, -8.67360472679138183594e-01) (2, 3.67221117019653320312e-01) (3, -3.83382129669189453125e+00) (4, -2.57418751716613769531e+00) (5, 2.21373271942138671875e+00) (6, 1.04923868179321289062e+00) (7, -9.63146507740020751953e-01) (8, -3.13930416107177734375e+00) (9, -1.10132825374603271484e+00) (10, -2.89014518260955810547e-01) (11, -2.85332226753234863281e+00) (12, -3.28609585762023925781e-01) (13, 1.97288155555725097656e+00) (14, 2.67342853546142578125e+00) (15, -1.56254127621650695801e-01) 
