FANN_FLO_2.1
num_layers=4
learning_rate=0.500000
connection_rate=1.000000
network_type=0
learning_momentum=0.000000
training_algorithm=2
train_error_function=1
train_stop_function=0
cascade_output_change_fraction=0.010000
quickprop_decay=-0.000100
quickprop_mu=1.750000
rprop_increase_factor=1.200000
rprop_decrease_factor=0.500000
rprop_delta_min=0.000000
rprop_delta_max=50.000000
rprop_delta_zero=0.100000
cascade_output_stagnation_epochs=12
cascade_candidate_change_fraction=0.010000
cascade_candidate_stagnation_epochs=12
cascade_max_out_epochs=150
cascade_min_out_epochs=50
cascade_max_cand_epochs=150
cascade_min_cand_epochs=50
cascade_num_candidate_groups=2
bit_fail_limit=3.49999994039535522461e-01
cascade_candidate_limit=1.00000000000000000000e+03
cascade_weight_multiplier=4.00000005960464477539e-01
cascade_activation_functions_count=10
cascade_activation_functions=3 5 7 8 10 11 14 15 16 17 
cascade_activation_steepnesses_count=4
cascade_activation_steepnesses=2.50000000000000000000e-01 5.00000000000000000000e-01 7.50000000000000000000e-01 1.00000000000000000000e+00 
layer_sizes=2 5 5 3 
scale_included=0
neurons (num_inputs, activation_function, activation_steepness)=(0, 0, 0.00000000000000000000e+00) (0, 0, 0.00000000000000000000e+00) (2, 3, 5.00000000000000000000e-01) (2, 3, 5.00000000000000000000e-01) (2, 3, 5.00000000000000000000e-01) (2, 3, 5.00000000000000000000e-01) (0, 3, 0.00000000000000000000e+00) (5, 3, 5.00000000000000000000e-01) (5, 3, 5.00000000000000000000e-01) (5, 3, 5.00000000000000000000e-01) (5, 3, 5.00000000000000000000e-01) (0, 3, 0.00000000000000000000e+00) (5, 0, 5.00000000000000000000e-01) (5, 0, 5.00000000000000000000e-01) (0, 0, 0.00000000000000000000e+00) 
connections (connected_to_neuron, weight)=(0, 8.81522274017333984375e+00) (1, -1.34349906444549560547e+00) (0, 9.99265098571777343750e+00) (1, -4.39640855789184570312e+00) (0, 1.10734748840332031250e+01) (1, -3.17579150199890136719e+00) (0, 1.71681766510009765625e+01) (1, -1.31856524944305419922e+00) (2, 4.87319827079772949219e-01) (3, -9.12753868103027343750e+00) (4, -5.05728781223297119141e-01) (5, 7.00766146183013916016e-01) (6, 2.19178497791290283203e-01) (2, -1.26303017139434814453e+00) (3, -6.36728143692016601562e+00) (4, -1.42684340476989746094e+00) (5, -8.35688531398773193359e-01) (6, 2.80571436882019042969e+00) (2, 1.24407827854156494141e+00) (3, -7.59742879867553710938e+00) (4, -2.34850808978080749512e-01) (5, 3.35257530212402343750e+00) (6, -8.76411139965057373047e-01) (2, -8.02903831005096435547e-01) (3, 4.81266140937805175781e-01) (4, -1.17385506629943847656e+00) (5, -8.68784248828887939453e-01) (6, 1.18760597705841064453e+00) (7, -1.34509003162384033203e+00) (8, 6.22166275978088378906e-01) (9, -2.56747412681579589844e+00) (10, 2.47551083564758300781e+00) (11, -2.21620067954063415527e-01) (7, -3.35695117712020874023e-01) (8, 3.13266634941101074219e+00) (9, 8.36457252502441406250e-01) (10, 2.69670796394348144531e+00) (11, -2.89425063133239746094e+00) 
