FANN_FLO_2.1
num_layers=3
learning_rate=0.400000
connection_rate=1.000000
network_type=0
learning_momentum=0.000000
training_algorithm=2
train_error_function=1
train_stop_function=0
cascade_output_change_fraction=0.010000
quickprop_decay=-0.000100
quickprop_mu=1.750000
rprop_increase_factor=1.200000
rprop_decrease_factor=0.500000
rprop_delta_min=0.000000
rprop_delta_max=50.000000
rprop_delta_zero=0.100000
cascade_output_stagnation_epochs=12
cascade_candidate_change_fraction=0.010000
cascade_candidate_stagnation_epochs=12
cascade_max_out_epochs=150
cascade_min_out_epochs=50
cascade_max_cand_epochs=150
cascade_min_cand_epochs=50
cascade_num_candidate_groups=2
bit_fail_limit=3.49999994039535522461e-01
cascade_candidate_limit=1.00000000000000000000e+03
cascade_weight_multiplier=4.00000005960464477539e-01
cascade_activation_functions_count=10
cascade_activation_functions=3 5 7 8 10 11 14 15 16 17 
cascade_activation_steepnesses_count=4
cascade_activation_steepnesses=2.50000000000000000000e-01 5.00000000000000000000e-01 7.50000000000000000000e-01 1.00000000000000000000e+00 
layer_sizes=7 9 2 
scale_included=0
neurons (num_inputs, activation_function, activation_steepness)=(0, 0, 0.00000000000000000000e+00) (0, 0, 0.00000000000000000000e+00) (0, 0, 0.00000000000000000000e+00) (0, 0, 0.00000000000000000000e+00) (0, 0, 0.00000000000000000000e+00) (0, 0, 0.00000000000000000000e+00) (0, 0, 0.00000000000000000000e+00) (7, 3, 5.00000000000000000000e-01) (7, 3, 5.00000000000000000000e-01) (7, 3, 5.00000000000000000000e-01) (7, 3, 5.00000000000000000000e-01) (7, 3, 5.00000000000000000000e-01) (7, 3, 5.00000000000000000000e-01) (7, 3, 5.00000000000000000000e-01) (7, 3, 5.00000000000000000000e-01) (0, 3, 0.00000000000000000000e+00) (9, 3, 5.00000000000000000000e-01) (0, 3, 0.00000000000000000000e+00) 
connections (connected_to_neuron, weight)=(0, -1.49920105468481779099e-03) (1, -2.99441933631896972656e+00) (2, -2.72055172920227050781e+00) (3, 2.36301088333129882812e+00) (4, -7.71392583847045898438e+00) (5, 7.95015478134155273438e+00) (6, -3.98822039365768432617e-01) (0, -4.16739845275878906250e+00) (1, -4.58950376510620117188e+00) (2, -4.84184789657592773438e+00) (3, 3.80357193946838378906e+00) (4, -3.36416006088256835938e-01) (5, 7.54009342193603515625e+00) (6, -4.21074986457824707031e-01) (0, -4.05080652236938476562e+00) (1, -3.05687236785888671875e+00) (2, 1.96557521820068359375e-01) (3, 1.94694662094116210938e+00) (4, 2.70194506645202636719e+00) (5, -1.78279352188110351562e+00) (6, -1.08746671676635742188e+00) (0, 1.91442513465881347656e+00) (1, 1.64111053943634033203e+00) (2, 2.02159571647644042969e+00) (3, 8.05999696254730224609e-01) (4, 2.77055919170379638672e-01) (5, 1.23393547534942626953e+00) (6, 1.46772193908691406250e+01) (0, -2.34715414047241210938e+00) (1, -1.15116155147552490234e+00) (2, -2.75301194190979003906e+00) (3, 1.05012595653533935547e+00) (4, -1.09741020202636718750e+00) (5, -2.28662624955177307129e-01) (6, 4.52377367019653320312e+00) (0, 3.14748382568359375000e+00) (1, -6.95475673675537109375e+00) (2, -7.12903404235839843750e+00) (3, 1.50016808509826660156e+00) (4, -2.82500576972961425781e+00) (5, 8.11479949951171875000e+00) (6, -3.97654819488525390625e+00) (0, -7.52496767044067382812e+00) (1, -1.43975853919982910156e+00) (2, 2.87824177742004394531e+00) (3, 4.39069414138793945312e+00) (4, 5.33941626548767089844e-01) (5, -6.34359359741210937500e+00) (6, -1.22856855392456054688e+00) (0, -3.04052138328552246094e+00) (1, -1.46173977851867675781e+00) (2, 1.71628177165985107422e+00) (3, 5.12234735488891601562e+00) (4, 5.76215171813964843750e+00) (5, -9.36073112487792968750e+00) (6, -4.08958315849304199219e-01) (7, 2.13714885711669921875e+00) (8, 1.03509163856506347656e+00) (9, 1.59001314640045166016e+00) (10, -8.72067153453826904297e-01) (11, -2.16317486763000488281e+00) (12, 2.80326199531555175781e+00) (13, 1.84266889095306396484e+00) (14, 2.47661352157592773438e+00) (15, -4.49846565723419189453e-01) 
