FANN_FLO_2.1
num_layers=4
learning_rate=0.500000
connection_rate=1.000000
network_type=0
learning_momentum=0.000000
training_algorithm=2
train_error_function=1
train_stop_function=0
cascade_output_change_fraction=0.010000
quickprop_decay=-0.000100
quickprop_mu=1.750000
rprop_increase_factor=1.200000
rprop_decrease_factor=0.500000
rprop_delta_min=0.000000
rprop_delta_max=50.000000
rprop_delta_zero=0.100000
cascade_output_stagnation_epochs=12
cascade_candidate_change_fraction=0.010000
cascade_candidate_stagnation_epochs=12
cascade_max_out_epochs=150
cascade_min_out_epochs=50
cascade_max_cand_epochs=150
cascade_min_cand_epochs=50
cascade_num_candidate_groups=2
bit_fail_limit=3.49999994039535522461e-01
cascade_candidate_limit=1.00000000000000000000e+03
cascade_weight_multiplier=4.00000005960464477539e-01
cascade_activation_functions_count=10
cascade_activation_functions=3 5 7 8 10 11 14 15 16 17 
cascade_activation_steepnesses_count=4
cascade_activation_steepnesses=2.50000000000000000000e-01 5.00000000000000000000e-01 7.50000000000000000000e-01 1.00000000000000000000e+00 
layer_sizes=10 3 3 2 
scale_included=0
neurons (num_inputs, activation_function, activation_steepness)=(0, 0, 0.00000000000000000000e+00) (0, 0, 0.00000000000000000000e+00) (0, 0, 0.00000000000000000000e+00) (0, 0, 0.00000000000000000000e+00) (0, 0, 0.00000000000000000000e+00) (0, 0, 0.00000000000000000000e+00) (0, 0, 0.00000000000000000000e+00) (0, 0, 0.00000000000000000000e+00) (0, 0, 0.00000000000000000000e+00) (0, 0, 0.00000000000000000000e+00) (10, 3, 5.00000000000000000000e-01) (10, 3, 5.00000000000000000000e-01) (0, 3, 0.00000000000000000000e+00) (3, 3, 5.00000000000000000000e-01) (3, 3, 5.00000000000000000000e-01) (0, 3, 0.00000000000000000000e+00) (3, 3, 5.00000000000000000000e-01) (0, 3, 0.00000000000000000000e+00) 
connections (connected_to_neuron, weight)=(0, -6.89257264137268066406e-01) (1, -1.08178645372390747070e-01) (2, -2.79711693525314331055e-01) (3, -1.55633598566055297852e-01) (4, -5.57411313056945800781e-01) (5, 6.78685665130615234375e-01) (6, -1.96321010589599609375e+00) (7, -5.10272789001464843750e+00) (8, -3.16221976280212402344e+00) (9, 5.29666185379028320312e+00) (0, 1.63082969188690185547e+00) (1, 9.05564308166503906250e+00) (2, 2.39173526763916015625e+01) (3, -9.82839334756135940552e-03) (4, -1.15310609340667724609e+00) (5, -2.90262103080749511719e-01) (6, -2.10635700225830078125e+01) (7, 2.27068853378295898438e+00) (8, -8.40108394622802734375e+00) (9, -2.70146441459655761719e+00) (10, 1.13762617111206054688e+01) (11, -7.71066999435424804688e+00) (12, 2.07742595672607421875e+00) (10, 1.13667764663696289062e+01) (11, -7.62432241439819335938e+00) (12, 2.00572729110717773438e+00) (13, 1.97957181930541992188e+00) (14, 2.30260062217712402344e+00) (15, -3.37829446792602539062e+00) 
