FANN_FLO_2.1
num_layers=4
learning_rate=0.400000
connection_rate=1.000000
network_type=0
learning_momentum=0.000000
training_algorithm=2
train_error_function=1
train_stop_function=0
cascade_output_change_fraction=0.010000
quickprop_decay=-0.000100
quickprop_mu=1.750000
rprop_increase_factor=1.200000
rprop_decrease_factor=0.500000
rprop_delta_min=0.000000
rprop_delta_max=50.000000
rprop_delta_zero=0.100000
cascade_output_stagnation_epochs=12
cascade_candidate_change_fraction=0.010000
cascade_candidate_stagnation_epochs=12
cascade_max_out_epochs=150
cascade_min_out_epochs=50
cascade_max_cand_epochs=150
cascade_min_cand_epochs=50
cascade_num_candidate_groups=2
bit_fail_limit=3.49999994039535522461e-01
cascade_candidate_limit=1.00000000000000000000e+03
cascade_weight_multiplier=4.00000005960464477539e-01
cascade_activation_functions_count=10
cascade_activation_functions=3 5 7 8 10 11 14 15 16 17 
cascade_activation_steepnesses_count=4
cascade_activation_steepnesses=2.50000000000000000000e-01 5.00000000000000000000e-01 7.50000000000000000000e-01 1.00000000000000000000e+00 
layer_sizes=7 5 3 2 
scale_included=0
neurons (num_inputs, activation_function, activation_steepness)=(0, 0, 0.00000000000000000000e+00) (0, 0, 0.00000000000000000000e+00) (0, 0, 0.00000000000000000000e+00) (0, 0, 0.00000000000000000000e+00) (0, 0, 0.00000000000000000000e+00) (0, 0, 0.00000000000000000000e+00) (0, 0, 0.00000000000000000000e+00) (7, 3, 5.00000000000000000000e-01) (7, 3, 5.00000000000000000000e-01) (7, 3, 5.00000000000000000000e-01) (7, 3, 5.00000000000000000000e-01) (0, 3, 0.00000000000000000000e+00) (5, 3, 5.00000000000000000000e-01) (5, 3, 5.00000000000000000000e-01) (0, 3, 0.00000000000000000000e+00) (3, 3, 5.00000000000000000000e-01) (0, 3, 0.00000000000000000000e+00) 
connections (connected_to_neuron, weight)=(0, -1.50000000000000000000e+03) (1, -1.50000000000000000000e+03) (2, -1.50000000000000000000e+03) (3, 1.48446997070312500000e+03) (4, -1.50000000000000000000e+03) (5, 1.50000000000000000000e+03) (6, -4.18938941955566406250e+01) (0, 1.99058389663696289062e+00) (1, -5.18383359909057617188e+00) (2, 1.30078630447387695312e+01) (3, -8.05623340606689453125e+00) (4, -2.82009577751159667969e+00) (5, -1.45890879631042480469e+00) (6, 5.89376735687255859375e+00) (0, -1.50000000000000000000e+03) (1, -1.50000000000000000000e+03) (2, -1.50000000000000000000e+03) (3, 1.48868005371093750000e+03) (4, -1.50000000000000000000e+03) (5, 1.50000000000000000000e+03) (6, -4.90744514465332031250e+01) (0, -1.81301345825195312500e+01) (1, 1.87727355957031250000e+01) (2, -1.60405120849609375000e+01) (3, 4.35379552841186523438e+00) (4, 7.30324625968933105469e-01) (5, 3.45516418457031250000e+02) (6, -8.75063121318817138672e-01) (7, 3.60371805727481842041e-02) (8, 2.40531134605407714844e+00) (9, -4.73436415195465087891e-02) (10, 2.32672381401062011719e+00) (11, -3.07418060302734375000e+00) (7, 1.50000000000000000000e+03) (8, 5.19992523193359375000e+01) (9, 1.50000000000000000000e+03) (10, -8.04921686649322509766e-01) (11, -2.33386540412902832031e+00) (12, -5.12622404098510742188e+00) (13, -6.75511240959167480469e-01) (14, 8.99572670459747314453e-02) 
