FANN_FLO_2.1
num_layers=4
learning_rate=0.500000
connection_rate=1.000000
network_type=0
learning_momentum=0.000000
training_algorithm=2
train_error_function=1
train_stop_function=0
cascade_output_change_fraction=0.010000
quickprop_decay=-0.000100
quickprop_mu=1.750000
rprop_increase_factor=1.200000
rprop_decrease_factor=0.500000
rprop_delta_min=0.000000
rprop_delta_max=50.000000
rprop_delta_zero=0.100000
cascade_output_stagnation_epochs=12
cascade_candidate_change_fraction=0.010000
cascade_candidate_stagnation_epochs=12
cascade_max_out_epochs=150
cascade_min_out_epochs=50
cascade_max_cand_epochs=150
cascade_min_cand_epochs=50
cascade_num_candidate_groups=2
bit_fail_limit=3.49999994039535522461e-01
cascade_candidate_limit=1.00000000000000000000e+03
cascade_weight_multiplier=4.00000005960464477539e-01
cascade_activation_functions_count=10
cascade_activation_functions=3 5 7 8 10 11 14 15 16 17 
cascade_activation_steepnesses_count=4
cascade_activation_steepnesses=2.50000000000000000000e-01 5.00000000000000000000e-01 7.50000000000000000000e-01 1.00000000000000000000e+00 
layer_sizes=10 3 3 2 
scale_included=0
neurons (num_inputs, activation_function, activation_steepness)=(0, 0, 0.00000000000000000000e+00) (0, 0, 0.00000000000000000000e+00) (0, 0, 0.00000000000000000000e+00) (0, 0, 0.00000000000000000000e+00) (0, 0, 0.00000000000000000000e+00) (0, 0, 0.00000000000000000000e+00) (0, 0, 0.00000000000000000000e+00) (0, 0, 0.00000000000000000000e+00) (0, 0, 0.00000000000000000000e+00) (0, 0, 0.00000000000000000000e+00) (10, 3, 5.00000000000000000000e-01) (10, 3, 5.00000000000000000000e-01) (0, 3, 0.00000000000000000000e+00) (3, 3, 5.00000000000000000000e-01) (3, 3, 5.00000000000000000000e-01) (0, 3, 0.00000000000000000000e+00) (3, 3, 5.00000000000000000000e-01) (0, 3, 0.00000000000000000000e+00) 
connections (connected_to_neuron, weight)=(0, -4.96595874428749084473e-02) (1, 1.43483281135559082031e+00) (2, -2.15499782562255859375e+00) (3, -5.63139200210571289062e-01) (4, 4.83662271499633789062e+00) (5, 9.40930247306823730469e-01) (6, -1.94604861736297607422e+00) (7, 7.05822929739952087402e-02) (8, -3.41331458091735839844e+00) (9, -1.00279740989208221436e-01) (0, -1.37462892532348632812e+01) (1, -5.03168478608131408691e-02) (2, -5.72644472122192382812e-01) (3, -2.18806958198547363281e+00) (4, 1.53341646194458007812e+01) (5, 3.79087710380554199219e+00) (6, -1.02370367050170898438e+01) (7, -4.90450620651245117188e+00) (8, 1.11277401447296142578e+00) (9, 2.01978373527526855469e+00) (10, -5.98185777664184570312e+00) (11, -3.53323602676391601562e+00) (12, 1.91809523105621337891e+00) (10, 5.14824056625366210938e+00) (11, 2.36036324501037597656e+00) (12, -4.55667108297348022461e-01) (13, -3.58910894393920898438e+00) (14, 8.50567042827606201172e-01) (15, 6.63200840353965759277e-02) 
