FANN_FLO_2.1
num_layers=3
learning_rate=0.400000
connection_rate=1.000000
network_type=0
learning_momentum=0.000000
training_algorithm=2
train_error_function=1
train_stop_function=0
cascade_output_change_fraction=0.010000
quickprop_decay=-0.000100
quickprop_mu=1.750000
rprop_increase_factor=1.200000
rprop_decrease_factor=0.500000
rprop_delta_min=0.000000
rprop_delta_max=50.000000
rprop_delta_zero=0.100000
cascade_output_stagnation_epochs=12
cascade_candidate_change_fraction=0.010000
cascade_candidate_stagnation_epochs=12
cascade_max_out_epochs=150
cascade_min_out_epochs=50
cascade_max_cand_epochs=150
cascade_min_cand_epochs=50
cascade_num_candidate_groups=2
bit_fail_limit=3.49999994039535522461e-01
cascade_candidate_limit=1.00000000000000000000e+03
cascade_weight_multiplier=4.00000005960464477539e-01
cascade_activation_functions_count=10
cascade_activation_functions=3 5 7 8 10 11 14 15 16 17 
cascade_activation_steepnesses_count=4
cascade_activation_steepnesses=2.50000000000000000000e-01 5.00000000000000000000e-01 7.50000000000000000000e-01 1.00000000000000000000e+00 
layer_sizes=7 5 2 
scale_included=0
neurons (num_inputs, activation_function, activation_steepness)=(0, 0, 0.00000000000000000000e+00) (0, 0, 0.00000000000000000000e+00) (0, 0, 0.00000000000000000000e+00) (0, 0, 0.00000000000000000000e+00) (0, 0, 0.00000000000000000000e+00) (0, 0, 0.00000000000000000000e+00) (0, 0, 0.00000000000000000000e+00) (7, 3, 5.00000000000000000000e-01) (7, 3, 5.00000000000000000000e-01) (7, 3, 5.00000000000000000000e-01) (7, 3, 5.00000000000000000000e-01) (0, 3, 0.00000000000000000000e+00) (5, 3, 5.00000000000000000000e-01) (0, 3, 0.00000000000000000000e+00) 
connections (connected_to_neuron, weight)=(0, 1.40280568599700927734e+00) (1, -1.06879794597625732422e+00) (2, -2.15117263793945312500e+00) (3, -4.24829810857772827148e-01) (4, 6.71054601669311523438e+00) (5, -1.24923932552337646484e+00) (6, -1.23455095291137695312e+00) (0, 6.13422989845275878906e-01) (1, 6.11362278461456298828e-01) (2, -7.92170381546020507812e+00) (3, -3.35351657867431640625e+00) (4, 2.41533637046813964844e+00) (5, 5.53327322006225585938e+00) (6, 2.16989469528198242188e+00) (0, -6.61989510059356689453e-01) (1, 1.42456305027008056641e+00) (2, 2.83640503883361816406e+00) (3, -3.11858224868774414062e+00) (4, 7.43808078765869140625e+00) (5, -1.38499412536621093750e+01) (6, 6.55540418624877929688e+00) (0, 7.35979890823364257812e+00) (1, 3.06838297843933105469e+00) (2, 2.64600539207458496094e+00) (3, -4.29843091964721679688e+00) (4, -5.19991636276245117188e-01) (5, -2.96679705381393432617e-01) (6, -7.38820731639862060547e-01) (7, 3.34674096107482910156e+00) (8, -1.35395622253417968750e+00) (9, -2.32794976234436035156e+00) (10, -2.13522219657897949219e+00) (11, 1.87439429759979248047e+00) 
