FANN_FLO_2.1
num_layers=3
learning_rate=0.500000
connection_rate=1.000000
network_type=0
learning_momentum=0.000000
training_algorithm=2
train_error_function=1
train_stop_function=0
cascade_output_change_fraction=0.010000
quickprop_decay=-0.000100
quickprop_mu=1.750000
rprop_increase_factor=1.200000
rprop_decrease_factor=0.500000
rprop_delta_min=0.000000
rprop_delta_max=50.000000
rprop_delta_zero=0.100000
cascade_output_stagnation_epochs=12
cascade_candidate_change_fraction=0.010000
cascade_candidate_stagnation_epochs=12
cascade_max_out_epochs=150
cascade_min_out_epochs=50
cascade_max_cand_epochs=150
cascade_min_cand_epochs=50
cascade_num_candidate_groups=2
bit_fail_limit=3.49999994039535522461e-01
cascade_candidate_limit=1.00000000000000000000e+03
cascade_weight_multiplier=4.00000005960464477539e-01
cascade_activation_functions_count=10
cascade_activation_functions=3 5 7 8 10 11 14 15 16 17 
cascade_activation_steepnesses_count=4
cascade_activation_steepnesses=2.50000000000000000000e-01 5.00000000000000000000e-01 7.50000000000000000000e-01 1.00000000000000000000e+00 
layer_sizes=10 3 2 
scale_included=0
neurons (num_inputs, activation_function, activation_steepness)=(0, 0, 0.00000000000000000000e+00) (0, 0, 0.00000000000000000000e+00) (0, 0, 0.00000000000000000000e+00) (0, 0, 0.00000000000000000000e+00) (0, 0, 0.00000000000000000000e+00) (0, 0, 0.00000000000000000000e+00) (0, 0, 0.00000000000000000000e+00) (0, 0, 0.00000000000000000000e+00) (0, 0, 0.00000000000000000000e+00) (0, 0, 0.00000000000000000000e+00) (10, 3, 5.00000000000000000000e-01) (10, 3, 5.00000000000000000000e-01) (0, 3, 0.00000000000000000000e+00) (3, 3, 5.00000000000000000000e-01) (0, 3, 0.00000000000000000000e+00) 
connections (connected_to_neuron, weight)=(0, 5.11181414127349853516e-01) (1, 1.66608059406280517578e+00) (2, 1.55609922409057617188e+01) (3, -5.86097538471221923828e-01) (4, -2.69189536571502685547e-01) (5, 3.35678875446319580078e-01) (6, -3.64790840148925781250e+01) (7, -5.60360050201416015625e+00) (8, 1.72962799072265625000e+01) (9, 4.50813150405883789062e+00) (0, 1.09731447696685791016e+00) (1, 1.99713802337646484375e+01) (2, -8.11272335052490234375e+00) (3, -3.63063430786132812500e+00) (4, 6.86750221252441406250e+00) (5, 9.48624992370605468750e+00) (6, -2.33610553741455078125e+01) (7, -1.04857053756713867188e+01) (8, -7.40540444850921630859e-01) (9, -5.09029924869537353516e-01) (10, -2.85380315780639648438e+00) (11, 2.89275097846984863281e+00) (12, 8.70797872543334960938e-01) 
