FANN_FLO_2.1
num_layers=3
learning_rate=0.400000
connection_rate=1.000000
network_type=0
learning_momentum=0.000000
training_algorithm=2
train_error_function=1
train_stop_function=0
cascade_output_change_fraction=0.010000
quickprop_decay=-0.000100
quickprop_mu=1.750000
rprop_increase_factor=1.200000
rprop_decrease_factor=0.500000
rprop_delta_min=0.000000
rprop_delta_max=50.000000
rprop_delta_zero=0.100000
cascade_output_stagnation_epochs=12
cascade_candidate_change_fraction=0.010000
cascade_candidate_stagnation_epochs=12
cascade_max_out_epochs=150
cascade_min_out_epochs=50
cascade_max_cand_epochs=150
cascade_min_cand_epochs=50
cascade_num_candidate_groups=2
bit_fail_limit=3.49999994039535522461e-01
cascade_candidate_limit=1.00000000000000000000e+03
cascade_weight_multiplier=4.00000005960464477539e-01
cascade_activation_functions_count=10
cascade_activation_functions=3 5 7 8 10 11 14 15 16 17 
cascade_activation_steepnesses_count=4
cascade_activation_steepnesses=2.50000000000000000000e-01 5.00000000000000000000e-01 7.50000000000000000000e-01 1.00000000000000000000e+00 
layer_sizes=19 3 3 
scale_included=0
neurons (num_inputs, activation_function, activation_steepness)=(0, 0, 0.00000000000000000000e+00) (0, 0, 0.00000000000000000000e+00) (0, 0, 0.00000000000000000000e+00) (0, 0, 0.00000000000000000000e+00) (0, 0, 0.00000000000000000000e+00) (0, 0, 0.00000000000000000000e+00) (0, 0, 0.00000000000000000000e+00) (0, 0, 0.00000000000000000000e+00) (0, 0, 0.00000000000000000000e+00) (0, 0, 0.00000000000000000000e+00) (0, 0, 0.00000000000000000000e+00) (0, 0, 0.00000000000000000000e+00) (0, 0, 0.00000000000000000000e+00) (0, 0, 0.00000000000000000000e+00) (0, 0, 0.00000000000000000000e+00) (0, 0, 0.00000000000000000000e+00) (0, 0, 0.00000000000000000000e+00) (0, 0, 0.00000000000000000000e+00) (0, 0, 0.00000000000000000000e+00) (19, 3, 5.00000000000000000000e-01) (19, 3, 5.00000000000000000000e-01) (0, 3, 0.00000000000000000000e+00) (3, 3, 5.00000000000000000000e-01) (3, 3, 5.00000000000000000000e-01) (0, 3, 0.00000000000000000000e+00) 
connections (connected_to_neuron, weight)=(0, -2.79689550399780273438e+00) (1, 2.63781213760375976562e+00) (2, 6.95362985134124755859e-01) (3, -5.76368856430053710938e+00) (4, 2.32390499114990234375e+00) (5, -9.55342864990234375000e+00) (6, -4.16714668273925781250e+00) (7, 2.71234822273254394531e+00) (8, 1.83625966310501098633e-01) (9, 4.04510354995727539062e+00) (10, -2.87556576728820800781e+00) (11, 4.44950193166732788086e-01) (12, 6.17514085769653320312e+00) (13, -3.12204623222351074219e+00) (14, -2.07782402634620666504e-01) (15, 3.34761762619018554688e+00) (16, -4.72434854507446289062e+00) (17, -2.17700266838073730469e+00) (18, 6.73218190670013427734e-01) (0, 2.04685187339782714844e+00) (1, -1.23600702285766601562e+01) (2, -9.17543125152587890625e+00) (3, 8.59786796569824218750e+00) (4, -1.51999747753143310547e+00) (5, 3.01791725158691406250e+01) (6, 7.69520759582519531250e+00) (7, 2.06386372447013854980e-01) (8, -3.87716412544250488281e+00) (9, -1.74823820590972900391e+00) (10, 5.74898862838745117188e+00) (11, -2.34702444076538085938e+00) (12, -1.31694040298461914062e+01) (13, 8.50649833679199218750e+00) (14, 2.19331598281860351562e+00) (15, -8.55226993560791015625e+00) (16, 4.35919523239135742188e+00) (17, 7.47037124633789062500e+00) (18, -4.33569252490997314453e-01) (19, -2.15047359466552734375e+00) (20, -1.61869251728057861328e+00) (21, 1.10633206367492675781e+00) (19, 2.15208315849304199219e+00) (20, 1.61945557594299316406e+00) (21, -1.10692012310028076172e+00) 
