FANN_FLO_2.1
num_layers=4
learning_rate=0.500000
connection_rate=1.000000
network_type=0
learning_momentum=0.000000
training_algorithm=2
train_error_function=1
train_stop_function=0
cascade_output_change_fraction=0.010000
quickprop_decay=-0.000100
quickprop_mu=1.750000
rprop_increase_factor=1.200000
rprop_decrease_factor=0.500000
rprop_delta_min=0.000000
rprop_delta_max=50.000000
rprop_delta_zero=0.100000
cascade_output_stagnation_epochs=12
cascade_candidate_change_fraction=0.010000
cascade_candidate_stagnation_epochs=12
cascade_max_out_epochs=150
cascade_min_out_epochs=50
cascade_max_cand_epochs=150
cascade_min_cand_epochs=50
cascade_num_candidate_groups=2
bit_fail_limit=3.49999994039535522461e-01
cascade_candidate_limit=1.00000000000000000000e+03
cascade_weight_multiplier=4.00000005960464477539e-01
cascade_activation_functions_count=10
cascade_activation_functions=3 5 7 8 10 11 14 15 16 17 
cascade_activation_steepnesses_count=4
cascade_activation_steepnesses=2.50000000000000000000e-01 5.00000000000000000000e-01 7.50000000000000000000e-01 1.00000000000000000000e+00 
layer_sizes=10 5 3 2 
scale_included=0
neurons (num_inputs, activation_function, activation_steepness)=(0, 0, 0.00000000000000000000e+00) (0, 0, 0.00000000000000000000e+00) (0, 0, 0.00000000000000000000e+00) (0, 0, 0.00000000000000000000e+00) (0, 0, 0.00000000000000000000e+00) (0, 0, 0.00000000000000000000e+00) (0, 0, 0.00000000000000000000e+00) (0, 0, 0.00000000000000000000e+00) (0, 0, 0.00000000000000000000e+00) (0, 0, 0.00000000000000000000e+00) (10, 3, 5.00000000000000000000e-01) (10, 3, 5.00000000000000000000e-01) (10, 3, 5.00000000000000000000e-01) (10, 3, 5.00000000000000000000e-01) (0, 3, 0.00000000000000000000e+00) (5, 3, 5.00000000000000000000e-01) (5, 3, 5.00000000000000000000e-01) (0, 3, 0.00000000000000000000e+00) (3, 3, 5.00000000000000000000e-01) (0, 3, 0.00000000000000000000e+00) 
connections (connected_to_neuron, weight)=(0, 1.87919601798057556152e-01) (1, 1.46036893129348754883e-01) (2, -1.51314010620117187500e+01) (3, 6.65271580219268798828e-01) (4, 2.14157506823539733887e-01) (5, 1.96321713924407958984e+00) (6, 3.79784917831420898438e+00) (7, 1.39212703704833984375e+00) (8, -8.64915561676025390625e+00) (9, 1.20783463120460510254e-01) (0, 7.00022935867309570312e-01) (1, 7.94822514057159423828e-01) (2, -5.76726913452148437500e+00) (3, -1.10932111740112304688e+00) (4, 2.09763407707214355469e-01) (5, -8.39868068695068359375e+00) (6, -3.95889949798583984375e+00) (7, 2.59330101013183593750e+01) (8, -1.79204845428466796875e+01) (9, 7.36886858940124511719e-01) (0, 8.56160700321197509766e-01) (1, -1.00685119628906250000e+00) (2, -3.98211669921875000000e+00) (3, -1.92777895927429199219e+00) (4, 9.80580568313598632812e-01) (5, -3.05405330657958984375e+00) (6, 1.61093282699584960938e+00) (7, -3.13850975036621093750e+00) (8, 1.62764370441436767578e+00) (9, 3.55091357231140136719e+00) (0, -8.03222846984863281250e+00) (1, -1.14805150032043457031e+00) (2, -3.15593504905700683594e+00) (3, -2.58878493309020996094e+00) (4, -2.14569497108459472656e+00) (5, -3.99361801147460937500e+00) (6, -1.85736238956451416016e-01) (7, 1.39804601669311523438e+01) (8, 6.04200077056884765625e+00) (9, 2.31795191764831542969e+00) (10, 9.25643188476562500000e+02) (11, -1.59188289642333984375e+01) (12, 1.05389413833618164062e+01) (13, -4.26242828369140625000e+00) (14, -1.49813282489776611328e+00) (10, 4.59867980957031250000e+02) (11, -8.89623413085937500000e+01) (12, 1.45692844390869140625e+01) (13, -1.25711069107055664062e+01) (14, 2.11693495512008666992e-01) (15, 2.48426437377929687500e+00) (16, -5.51060497760772705078e-01) (17, -1.05499660968780517578e+00) 
