FANN_FLO_2.1
num_layers=3
learning_rate=0.400000
connection_rate=1.000000
network_type=0
learning_momentum=0.000000
training_algorithm=2
train_error_function=1
train_stop_function=0
cascade_output_change_fraction=0.010000
quickprop_decay=-0.000100
quickprop_mu=1.750000
rprop_increase_factor=1.200000
rprop_decrease_factor=0.500000
rprop_delta_min=0.000000
rprop_delta_max=50.000000
rprop_delta_zero=0.100000
cascade_output_stagnation_epochs=12
cascade_candidate_change_fraction=0.010000
cascade_candidate_stagnation_epochs=12
cascade_max_out_epochs=150
cascade_min_out_epochs=50
cascade_max_cand_epochs=150
cascade_min_cand_epochs=50
cascade_num_candidate_groups=2
bit_fail_limit=3.49999994039535522461e-01
cascade_candidate_limit=1.00000000000000000000e+03
cascade_weight_multiplier=4.00000005960464477539e-01
cascade_activation_functions_count=10
cascade_activation_functions=3 5 7 8 10 11 14 15 16 17 
cascade_activation_steepnesses_count=4
cascade_activation_steepnesses=2.50000000000000000000e-01 5.00000000000000000000e-01 7.50000000000000000000e-01 1.00000000000000000000e+00 
layer_sizes=7 9 2 
scale_included=0
neurons (num_inputs, activation_function, activation_steepness)=(0, 0, 0.00000000000000000000e+00) (0, 0, 0.00000000000000000000e+00) (0, 0, 0.00000000000000000000e+00) (0, 0, 0.00000000000000000000e+00) (0, 0, 0.00000000000000000000e+00) (0, 0, 0.00000000000000000000e+00) (0, 0, 0.00000000000000000000e+00) (7, 3, 5.00000000000000000000e-01) (7, 3, 5.00000000000000000000e-01) (7, 3, 5.00000000000000000000e-01) (7, 3, 5.00000000000000000000e-01) (7, 3, 5.00000000000000000000e-01) (7, 3, 5.00000000000000000000e-01) (7, 3, 5.00000000000000000000e-01) (7, 3, 5.00000000000000000000e-01) (0, 3, 0.00000000000000000000e+00) (9, 3, 5.00000000000000000000e-01) (0, 3, 0.00000000000000000000e+00) 
connections (connected_to_neuron, weight)=(0, 7.28076398372650146484e-02) (1, -4.46859776973724365234e-01) (2, 3.47654294967651367188e+00) (3, -9.97956097126007080078e-01) (4, -1.40114581584930419922e+00) (5, 1.50164282321929931641e+00) (6, 4.53065961599349975586e-01) (0, 6.21882438659667968750e+00) (1, -9.98710346221923828125e+00) (2, -6.56530904769897460938e+00) (3, -4.77632713317871093750e+00) (4, -2.00915908813476562500e+00) (5, 5.49432182312011718750e+00) (6, -1.74049806594848632812e+00) (0, -7.91512429714202880859e-01) (1, -9.06101942062377929688e-01) (2, 1.44011869430541992188e+01) (3, -3.53175473213195800781e+00) (4, -1.28706848621368408203e+00) (5, 2.48610138893127441406e+00) (6, 7.00257271528244018555e-02) (0, -6.06018126010894775391e-01) (1, -5.73386383056640625000e+00) (2, 2.62039542198181152344e+00) (3, -1.71250801086425781250e+01) (4, 7.90842771530151367188e+00) (5, 2.72600674629211425781e+00) (6, 1.68939018249511718750e+00) (0, -5.72825968265533447266e-01) (1, -1.10573992133140563965e-02) (2, -1.58544015884399414062e+01) (3, 3.60922956466674804688e+00) (4, -9.88444685935974121094e-01) (5, 7.45084571838378906250e+00) (6, 5.66671013832092285156e-01) (0, -3.66272306442260742188e+00) (1, -2.41556239128112792969e+00) (2, -8.71141815185546875000e+00) (3, -6.70877790451049804688e+00) (4, -3.13844561576843261719e+00) (5, 1.64569723606109619141e+00) (6, 4.65158557891845703125e+00) (0, -1.04231290817260742188e+01) (1, 7.99636888504028320312e+00) (2, -3.43974471092224121094e+00) (3, -2.88579845428466796875e+00) (4, -1.71776115894317626953e+00) (5, -1.09483079910278320312e+01) (6, 1.65712881088256835938e+00) (0, 2.15431714057922363281e+00) (1, -6.50439739227294921875e+00) (2, 3.81448440551757812500e+01) (3, -2.63293027877807617188e+00) (4, -1.49094200134277343750e+00) (5, -9.26119685173034667969e-01) (6, 5.97589159011840820312e+00) (7, -4.83867973089218139648e-01) (8, -1.01321430206298828125e+01) (9, -6.48490071296691894531e-01) (10, -5.63829541206359863281e-01) (11, -5.44185340404510498047e-01) (12, 5.34955024719238281250e+00) (13, -1.13886499404907226562e+01) (14, -5.84842264652252197266e-01) (15, -2.65267848968505859375e-01) 
