FANN_FLO_2.1
num_layers=4
learning_rate=0.500000
connection_rate=1.000000
network_type=0
learning_momentum=0.000000
training_algorithm=2
train_error_function=1
train_stop_function=0
cascade_output_change_fraction=0.010000
quickprop_decay=-0.000100
quickprop_mu=1.750000
rprop_increase_factor=1.200000
rprop_decrease_factor=0.500000
rprop_delta_min=0.000000
rprop_delta_max=50.000000
rprop_delta_zero=0.100000
cascade_output_stagnation_epochs=12
cascade_candidate_change_fraction=0.010000
cascade_candidate_stagnation_epochs=12
cascade_max_out_epochs=150
cascade_min_out_epochs=50
cascade_max_cand_epochs=150
cascade_min_cand_epochs=50
cascade_num_candidate_groups=2
bit_fail_limit=3.49999994039535522461e-01
cascade_candidate_limit=1.00000000000000000000e+03
cascade_weight_multiplier=4.00000005960464477539e-01
cascade_activation_functions_count=10
cascade_activation_functions=3 5 7 8 10 11 14 15 16 17 
cascade_activation_steepnesses_count=4
cascade_activation_steepnesses=2.50000000000000000000e-01 5.00000000000000000000e-01 7.50000000000000000000e-01 1.00000000000000000000e+00 
layer_sizes=2 5 5 3 
scale_included=0
neurons (num_inputs, activation_function, activation_steepness)=(0, 0, 0.00000000000000000000e+00) (0, 0, 0.00000000000000000000e+00) (2, 3, 5.00000000000000000000e-01) (2, 3, 5.00000000000000000000e-01) (2, 3, 5.00000000000000000000e-01) (2, 3, 5.00000000000000000000e-01) (0, 3, 0.00000000000000000000e+00) (5, 3, 5.00000000000000000000e-01) (5, 3, 5.00000000000000000000e-01) (5, 3, 5.00000000000000000000e-01) (5, 3, 5.00000000000000000000e-01) (0, 3, 0.00000000000000000000e+00) (5, 0, 5.00000000000000000000e-01) (5, 0, 5.00000000000000000000e-01) (0, 0, 0.00000000000000000000e+00) 
connections (connected_to_neuron, weight)=(0, 1.26153669357299804688e+01) (1, -2.94866299629211425781e+00) (0, 1.32248649597167968750e+01) (1, -5.15372610092163085938e+00) (0, 1.41889934539794921875e+01) (1, -1.58717322349548339844e+00) (0, 1.38883180618286132812e+01) (1, -7.87213027477264404297e-01) (2, -1.23685133457183837891e+00) (3, 3.19328022003173828125e+00) (4, -1.33114457130432128906e+00) (5, -1.43714249134063720703e+00) (6, 1.89078357070684432983e-02) (2, -5.37446618080139160156e-01) (3, -8.29129314422607421875e+00) (4, -4.85712252557277679443e-02) (5, 9.33426618576049804688e-01) (6, 1.25104093551635742188e+00) (2, 6.14314854145050048828e-01) (3, -4.45911407470703125000e+00) (4, -1.90519765019416809082e-01) (5, -1.52313515543937683105e-01) (6, 2.84703779220581054688e+00) (2, 2.37649536132812500000e+00) (3, 3.17171216011047363281e+00) (4, 1.36567199230194091797e+00) (5, 1.34670424461364746094e+00) (6, -3.12002134323120117188e+00) (7, 6.53658533096313476562e+00) (8, -4.23917293548583984375e-01) (9, -1.54354918003082275391e+00) (10, -5.16254127025604248047e-01) (11, -3.29982101917266845703e-01) (7, 6.85703828930854797363e-02) (8, 1.20728397369384765625e+00) (9, 1.21454548835754394531e+00) (10, -2.67523074150085449219e+00) (11, 9.87417101860046386719e-02) 
