FANN_FLO_2.1
num_layers=3
learning_rate=0.500000
connection_rate=1.000000
network_type=0
learning_momentum=0.000000
training_algorithm=2
train_error_function=1
train_stop_function=0
cascade_output_change_fraction=0.010000
quickprop_decay=-0.000100
quickprop_mu=1.750000
rprop_increase_factor=1.200000
rprop_decrease_factor=0.500000
rprop_delta_min=0.000000
rprop_delta_max=50.000000
rprop_delta_zero=0.100000
cascade_output_stagnation_epochs=12
cascade_candidate_change_fraction=0.010000
cascade_candidate_stagnation_epochs=12
cascade_max_out_epochs=150
cascade_min_out_epochs=50
cascade_max_cand_epochs=150
cascade_min_cand_epochs=50
cascade_num_candidate_groups=2
bit_fail_limit=3.49999994039535522461e-01
cascade_candidate_limit=1.00000000000000000000e+03
cascade_weight_multiplier=4.00000005960464477539e-01
cascade_activation_functions_count=10
cascade_activation_functions=3 5 7 8 10 11 14 15 16 17 
cascade_activation_steepnesses_count=4
cascade_activation_steepnesses=2.50000000000000000000e-01 5.00000000000000000000e-01 7.50000000000000000000e-01 1.00000000000000000000e+00 
layer_sizes=10 5 2 
scale_included=0
neurons (num_inputs, activation_function, activation_steepness)=(0, 0, 0.00000000000000000000e+00) (0, 0, 0.00000000000000000000e+00) (0, 0, 0.00000000000000000000e+00) (0, 0, 0.00000000000000000000e+00) (0, 0, 0.00000000000000000000e+00) (0, 0, 0.00000000000000000000e+00) (0, 0, 0.00000000000000000000e+00) (0, 0, 0.00000000000000000000e+00) (0, 0, 0.00000000000000000000e+00) (0, 0, 0.00000000000000000000e+00) (10, 3, 5.00000000000000000000e-01) (10, 3, 5.00000000000000000000e-01) (10, 3, 5.00000000000000000000e-01) (10, 3, 5.00000000000000000000e-01) (0, 3, 0.00000000000000000000e+00) (5, 3, 5.00000000000000000000e-01) (0, 3, 0.00000000000000000000e+00) 
connections (connected_to_neuron, weight)=(0, -9.96968150138854980469e-02) (1, -8.43221282958984375000e+00) (2, -6.64038121700286865234e-01) (3, 8.57938861846923828125e+00) (4, -9.91049671173095703125e+00) (5, 3.22190594673156738281e+00) (6, -2.72359907627105712891e-01) (7, 8.63613796234130859375e+00) (8, 1.46555161476135253906e+00) (9, 4.64436560869216918945e-02) (0, -7.83015258789062500000e+02) (1, 1.12353466451168060303e-01) (2, -7.06849718093872070312e+00) (3, 2.62850522994995117188e-01) (4, 9.52002763748168945312e-01) (5, -8.14880728721618652344e-01) (6, 5.09997665882110595703e-01) (7, 1.08489263057708740234e+00) (8, 4.95849829167127609253e-03) (9, 8.93998026847839355469e-01) (0, -1.18622106933593750000e+03) (1, -4.61737346649169921875e+00) (2, -1.71936178207397460938e+00) (3, 2.88923829793930053711e-01) (4, 1.07242739200592041016e+00) (5, -4.15555334091186523438e+00) (6, 3.81882876157760620117e-01) (7, 1.11172127723693847656e+00) (8, 1.35353639721870422363e-01) (9, 3.97698193788528442383e-01) (0, 5.41201972961425781250e+00) (1, -9.07326042652130126953e-02) (2, -6.02973461151123046875e+00) (3, 1.02803327143192291260e-01) (4, 2.33355140686035156250e+00) (5, 9.89505797624588012695e-02) (6, 1.69686627388000488281e+00) (7, -7.46184706687927246094e-01) (8, 5.91657209396362304688e+00) (9, -1.23550069332122802734e+00) (10, -4.15891170501708984375e+00) (11, 1.95368552207946777344e+00) (12, 1.67063236236572265625e+00) (13, 2.41680765151977539062e+00) (14, 1.48454621434211730957e-01) 
