FANN_FLO_2.1
num_layers=3
learning_rate=0.500000
connection_rate=1.000000
network_type=0
learning_momentum=0.000000
training_algorithm=2
train_error_function=1
train_stop_function=0
cascade_output_change_fraction=0.010000
quickprop_decay=-0.000100
quickprop_mu=1.750000
rprop_increase_factor=1.200000
rprop_decrease_factor=0.500000
rprop_delta_min=0.000000
rprop_delta_max=50.000000
rprop_delta_zero=0.100000
cascade_output_stagnation_epochs=12
cascade_candidate_change_fraction=0.010000
cascade_candidate_stagnation_epochs=12
cascade_max_out_epochs=150
cascade_min_out_epochs=50
cascade_max_cand_epochs=150
cascade_min_cand_epochs=50
cascade_num_candidate_groups=2
bit_fail_limit=3.49999994039535522461e-01
cascade_candidate_limit=1.00000000000000000000e+03
cascade_weight_multiplier=4.00000005960464477539e-01
cascade_activation_functions_count=10
cascade_activation_functions=3 5 7 8 10 11 14 15 16 17 
cascade_activation_steepnesses_count=4
cascade_activation_steepnesses=2.50000000000000000000e-01 5.00000000000000000000e-01 7.50000000000000000000e-01 1.00000000000000000000e+00 
layer_sizes=10 3 2 
scale_included=0
neurons (num_inputs, activation_function, activation_steepness)=(0, 0, 0.00000000000000000000e+00) (0, 0, 0.00000000000000000000e+00) (0, 0, 0.00000000000000000000e+00) (0, 0, 0.00000000000000000000e+00) (0, 0, 0.00000000000000000000e+00) (0, 0, 0.00000000000000000000e+00) (0, 0, 0.00000000000000000000e+00) (0, 0, 0.00000000000000000000e+00) (0, 0, 0.00000000000000000000e+00) (0, 0, 0.00000000000000000000e+00) (10, 3, 5.00000000000000000000e-01) (10, 3, 5.00000000000000000000e-01) (0, 3, 0.00000000000000000000e+00) (3, 3, 5.00000000000000000000e-01) (0, 3, 0.00000000000000000000e+00) 
connections (connected_to_neuron, weight)=(0, -2.36236810684204101562e+00) (1, -5.02795505523681640625e+00) (2, 3.27029876708984375000e+01) (3, -1.32164239883422851562e+01) (4, -1.82461774349212646484e+00) (5, 6.78662252426147460938e+00) (6, -1.79974341392517089844e+00) (7, 1.49659335613250732422e+00) (8, 1.34588899612426757812e+01) (9, -4.52486658096313476562e+00) (0, -3.79232478141784667969e+00) (1, 2.90085911750793457031e+00) (2, 5.18145990371704101562e+00) (3, -1.70542418956756591797e+00) (4, 1.92665898799896240234e+00) (5, 1.40281248092651367188e+01) (6, 1.92591261863708496094e+00) (7, -1.86834888458251953125e+01) (8, 2.88721710443496704102e-01) (9, -1.51253595948219299316e-01) (10, -5.73578834533691406250e+00) (11, 5.79359483718872070312e+00) (12, 8.59442710876464843750e-01) 
