FANN_FLO_2.1
num_layers=3
learning_rate=0.400000
connection_rate=1.000000
network_type=0
learning_momentum=0.000000
training_algorithm=2
train_error_function=1
train_stop_function=0
cascade_output_change_fraction=0.010000
quickprop_decay=-0.000100
quickprop_mu=1.750000
rprop_increase_factor=1.200000
rprop_decrease_factor=0.500000
rprop_delta_min=0.000000
rprop_delta_max=50.000000
rprop_delta_zero=0.100000
cascade_output_stagnation_epochs=12
cascade_candidate_change_fraction=0.010000
cascade_candidate_stagnation_epochs=12
cascade_max_out_epochs=150
cascade_min_out_epochs=50
cascade_max_cand_epochs=150
cascade_min_cand_epochs=50
cascade_num_candidate_groups=2
bit_fail_limit=3.49999994039535522461e-01
cascade_candidate_limit=1.00000000000000000000e+03
cascade_weight_multiplier=4.00000005960464477539e-01
cascade_activation_functions_count=10
cascade_activation_functions=3 5 7 8 10 11 14 15 16 17 
cascade_activation_steepnesses_count=4
cascade_activation_steepnesses=2.50000000000000000000e-01 5.00000000000000000000e-01 7.50000000000000000000e-01 1.00000000000000000000e+00 
layer_sizes=7 5 2 
scale_included=0
neurons (num_inputs, activation_function, activation_steepness)=(0, 0, 0.00000000000000000000e+00) (0, 0, 0.00000000000000000000e+00) (0, 0, 0.00000000000000000000e+00) (0, 0, 0.00000000000000000000e+00) (0, 0, 0.00000000000000000000e+00) (0, 0, 0.00000000000000000000e+00) (0, 0, 0.00000000000000000000e+00) (7, 3, 5.00000000000000000000e-01) (7, 3, 5.00000000000000000000e-01) (7, 3, 5.00000000000000000000e-01) (7, 3, 5.00000000000000000000e-01) (0, 3, 0.00000000000000000000e+00) (5, 3, 5.00000000000000000000e-01) (0, 3, 0.00000000000000000000e+00) 
connections (connected_to_neuron, weight)=(0, -6.18027687072753906250e+00) (1, 6.06076908111572265625e+00) (2, -9.87801492214202880859e-01) (3, -7.91288197040557861328e-01) (4, -9.53990757465362548828e-01) (5, -4.28878736495971679688e+00) (6, -4.96582627296447753906e-01) (0, 8.84998416900634765625e+00) (1, -1.01467943191528320312e+01) (2, 3.23104500770568847656e+00) (3, -2.94126892089843750000e+00) (4, -7.43166282773017883301e-02) (5, 4.76534032821655273438e+00) (6, -4.68801832199096679688e+00) (0, -2.83480477333068847656e+00) (1, -9.23057556152343750000e-01) (2, -3.14171180725097656250e+01) (3, 2.60050743818283081055e-01) (4, 5.47341299057006835938e+00) (5, 1.50000000000000000000e+03) (6, -3.41510653495788574219e-01) (0, -1.23302626609802246094e+00) (1, -2.93826484680175781250e+00) (2, 7.15179872512817382812e+00) (3, -7.36128807067871093750e+00) (4, -3.48119854927062988281e+00) (5, 1.16003990173339843750e+00) (6, 8.36159420013427734375e+00) (7, -9.27029895782470703125e+00) (8, -8.28028011322021484375e+00) (9, -9.64309453964233398438e-01) (10, -7.66254007816314697266e-01) (11, 1.19785428047180175781e-01) 
