FANN_FLO_2.1
num_layers=4
learning_rate=0.400000
connection_rate=1.000000
network_type=0
learning_momentum=0.000000
training_algorithm=2
train_error_function=1
train_stop_function=0
cascade_output_change_fraction=0.010000
quickprop_decay=-0.000100
quickprop_mu=1.750000
rprop_increase_factor=1.200000
rprop_decrease_factor=0.500000
rprop_delta_min=0.000000
rprop_delta_max=50.000000
rprop_delta_zero=0.100000
cascade_output_stagnation_epochs=12
cascade_candidate_change_fraction=0.010000
cascade_candidate_stagnation_epochs=12
cascade_max_out_epochs=150
cascade_min_out_epochs=50
cascade_max_cand_epochs=150
cascade_min_cand_epochs=50
cascade_num_candidate_groups=2
bit_fail_limit=3.49999994039535522461e-01
cascade_candidate_limit=1.00000000000000000000e+03
cascade_weight_multiplier=4.00000005960464477539e-01
cascade_activation_functions_count=10
cascade_activation_functions=3 5 7 8 10 11 14 15 16 17 
cascade_activation_steepnesses_count=4
cascade_activation_steepnesses=2.50000000000000000000e-01 5.00000000000000000000e-01 7.50000000000000000000e-01 1.00000000000000000000e+00 
layer_sizes=7 5 5 2 
scale_included=0
neurons (num_inputs, activation_function, activation_steepness)=(0, 0, 0.00000000000000000000e+00) (0, 0, 0.00000000000000000000e+00) (0, 0, 0.00000000000000000000e+00) (0, 0, 0.00000000000000000000e+00) (0, 0, 0.00000000000000000000e+00) (0, 0, 0.00000000000000000000e+00) (0, 0, 0.00000000000000000000e+00) (7, 3, 5.00000000000000000000e-01) (7, 3, 5.00000000000000000000e-01) (7, 3, 5.00000000000000000000e-01) (7, 3, 5.00000000000000000000e-01) (0, 3, 0.00000000000000000000e+00) (5, 3, 5.00000000000000000000e-01) (5, 3, 5.00000000000000000000e-01) (5, 3, 5.00000000000000000000e-01) (5, 3, 5.00000000000000000000e-01) (0, 3, 0.00000000000000000000e+00) (5, 3, 5.00000000000000000000e-01) (0, 3, 0.00000000000000000000e+00) 
connections (connected_to_neuron, weight)=(0, -6.00531860351562500000e+02) (1, 6.12459716796875000000e+02) (2, -1.01890447998046875000e+03) (3, 1.47812652587890625000e+01) (4, 3.04947528839111328125e+01) (5, 1.35604049682617187500e+02) (6, 9.16367650032043457031e-01) (0, -6.30465459823608398438e+00) (1, 1.61440014839172363281e+00) (2, 2.35009231567382812500e+01) (3, -7.66689682006835937500e+00) (4, -4.01865053176879882812e+00) (5, -8.96383702754974365234e-01) (6, 5.50412416458129882812e+00) (0, -1.47500000000000000000e+03) (1, -1.47500000000000000000e+03) (2, 1.49089135742187500000e+03) (3, -1.49252429199218750000e+03) (4, -1.26848706054687500000e+03) (5, -1.50000000000000000000e+03) (6, -4.84281682968139648438e+00) (0, -7.30581045150756835938e+00) (1, -5.29808878898620605469e-01) (2, -4.38447357177734375000e+02) (3, -3.45006103515625000000e+01) (4, 7.58219718933105468750e+00) (5, 2.25519924163818359375e+01) (6, 1.17885196208953857422e+00) (7, -1.09394192695617675781e-01) (8, 5.68192243576049804688e+00) (9, 1.50000000000000000000e+03) (10, 2.81557202339172363281e-01) (11, -9.87868726253509521484e-01) (7, 6.36248168945312500000e+02) (8, 3.02011442184448242188e+00) (9, 1.50000000000000000000e+03) (10, 6.42848937988281250000e+02) (11, -1.54338264465332031250e+00) (7, -2.57314720153808593750e+01) (8, 1.18003149032592773438e+01) (9, 1.50000000000000000000e+03) (10, 1.81768054962158203125e+01) (11, -2.44196438789367675781e+00) (7, 4.98768844604492187500e+01) (8, 1.50000000000000000000e+03) (9, 1.50000000000000000000e+03) (10, 6.42848937988281250000e+02) (11, -5.78860473632812500000e+01) (12, -3.14125561714172363281e+00) (13, -3.45117658376693725586e-01) (14, 1.49796962738037109375e+00) (15, -6.62423431873321533203e-01) (16, -4.74640727043151855469e-01) 
