FANN_FLO_2.1
num_layers=3
learning_rate=0.500000
connection_rate=1.000000
network_type=0
learning_momentum=0.000000
training_algorithm=2
train_error_function=1
train_stop_function=0
cascade_output_change_fraction=0.010000
quickprop_decay=-0.000100
quickprop_mu=1.750000
rprop_increase_factor=1.200000
rprop_decrease_factor=0.500000
rprop_delta_min=0.000000
rprop_delta_max=50.000000
rprop_delta_zero=0.100000
cascade_output_stagnation_epochs=12
cascade_candidate_change_fraction=0.010000
cascade_candidate_stagnation_epochs=12
cascade_max_out_epochs=150
cascade_min_out_epochs=50
cascade_max_cand_epochs=150
cascade_min_cand_epochs=50
cascade_num_candidate_groups=2
bit_fail_limit=3.49999994039535522461e-01
cascade_candidate_limit=1.00000000000000000000e+03
cascade_weight_multiplier=4.00000005960464477539e-01
cascade_activation_functions_count=10
cascade_activation_functions=3 5 7 8 10 11 14 15 16 17 
cascade_activation_steepnesses_count=4
cascade_activation_steepnesses=2.50000000000000000000e-01 5.00000000000000000000e-01 7.50000000000000000000e-01 1.00000000000000000000e+00 
layer_sizes=10 5 2 
scale_included=0
neurons (num_inputs, activation_function, activation_steepness)=(0, 0, 0.00000000000000000000e+00) (0, 0, 0.00000000000000000000e+00) (0, 0, 0.00000000000000000000e+00) (0, 0, 0.00000000000000000000e+00) (0, 0, 0.00000000000000000000e+00) (0, 0, 0.00000000000000000000e+00) (0, 0, 0.00000000000000000000e+00) (0, 0, 0.00000000000000000000e+00) (0, 0, 0.00000000000000000000e+00) (0, 0, 0.00000000000000000000e+00) (10, 3, 5.00000000000000000000e-01) (10, 3, 5.00000000000000000000e-01) (10, 3, 5.00000000000000000000e-01) (10, 3, 5.00000000000000000000e-01) (0, 3, 0.00000000000000000000e+00) (5, 3, 5.00000000000000000000e-01) (0, 3, 0.00000000000000000000e+00) 
connections (connected_to_neuron, weight)=(0, -3.01813793182373046875e+00) (1, -1.82210922241210937500e+01) (2, 4.67265754938125610352e-01) (3, 2.67443990707397460938e+00) (4, 4.10974085330963134766e-01) (5, 3.59305620193481445312e+00) (6, 3.34062528610229492188e+00) (7, -2.32713818550109863281e+00) (8, -3.18078994750976562500e+00) (9, 4.14167165756225585938e-01) (0, -8.34907913208007812500e+00) (1, -1.06655704975128173828e+00) (2, 1.60312116146087646484e+00) (3, -3.30344128608703613281e+00) (4, 7.19050741195678710938e+00) (5, 1.08363161087036132812e+01) (6, -4.66431045532226562500e+00) (7, 2.03144282102584838867e-01) (8, -3.71268004179000854492e-01) (9, -2.98617213964462280273e-01) (0, -8.51306629180908203125e+00) (1, -3.36156487464904785156e+00) (2, 2.80580258369445800781e+00) (3, -7.30151176452636718750e+00) (4, 1.02222223281860351562e+01) (5, 1.26797647476196289062e+01) (6, -4.99649620056152343750e+00) (7, -7.20916628837585449219e-01) (8, 2.35357189178466796875e+00) (9, -7.84708023071289062500e-01) (0, 1.36945788574218750000e+03) (1, -1.31927917480468750000e+03) (2, -3.53827095031738281250e+01) (3, 1.36479040527343750000e+03) (4, -3.00931954383850097656e+00) (5, -5.27207899093627929688e+00) (6, -4.31531181335449218750e+01) (7, -1.42348889160156250000e+03) (8, -5.33084907531738281250e+01) (9, -4.65266723632812500000e+01) (10, 3.00832724571228027344e+00) (11, 1.16375589370727539062e+00) (12, 2.20096278190612792969e+00) (13, 5.15706896781921386719e-01) (14, -2.45723319053649902344e+00) 
