FANN_FLO_2.1
num_layers=3
learning_rate=0.400000
connection_rate=1.000000
network_type=0
learning_momentum=0.000000
training_algorithm=2
train_error_function=1
train_stop_function=0
cascade_output_change_fraction=0.010000
quickprop_decay=-0.000100
quickprop_mu=1.750000
rprop_increase_factor=1.200000
rprop_decrease_factor=0.500000
rprop_delta_min=0.000000
rprop_delta_max=50.000000
rprop_delta_zero=0.100000
cascade_output_stagnation_epochs=12
cascade_candidate_change_fraction=0.010000
cascade_candidate_stagnation_epochs=12
cascade_max_out_epochs=150
cascade_min_out_epochs=50
cascade_max_cand_epochs=150
cascade_min_cand_epochs=50
cascade_num_candidate_groups=2
bit_fail_limit=3.49999994039535522461e-01
cascade_candidate_limit=1.00000000000000000000e+03
cascade_weight_multiplier=4.00000005960464477539e-01
cascade_activation_functions_count=10
cascade_activation_functions=3 5 7 8 10 11 14 15 16 17 
cascade_activation_steepnesses_count=4
cascade_activation_steepnesses=2.50000000000000000000e-01 5.00000000000000000000e-01 7.50000000000000000000e-01 1.00000000000000000000e+00 
layer_sizes=7 9 2 
scale_included=0
neurons (num_inputs, activation_function, activation_steepness)=(0, 0, 0.00000000000000000000e+00) (0, 0, 0.00000000000000000000e+00) (0, 0, 0.00000000000000000000e+00) (0, 0, 0.00000000000000000000e+00) (0, 0, 0.00000000000000000000e+00) (0, 0, 0.00000000000000000000e+00) (0, 0, 0.00000000000000000000e+00) (7, 3, 5.00000000000000000000e-01) (7, 3, 5.00000000000000000000e-01) (7, 3, 5.00000000000000000000e-01) (7, 3, 5.00000000000000000000e-01) (7, 3, 5.00000000000000000000e-01) (7, 3, 5.00000000000000000000e-01) (7, 3, 5.00000000000000000000e-01) (7, 3, 5.00000000000000000000e-01) (0, 3, 0.00000000000000000000e+00) (9, 3, 5.00000000000000000000e-01) (0, 3, 0.00000000000000000000e+00) 
connections (connected_to_neuron, weight)=(0, -3.02314281463623046875e-01) (1, 1.45015567541122436523e-01) (2, 5.81293201446533203125e+00) (3, -3.58202981948852539062e+00) (4, -1.01724112033843994141e+00) (5, -7.96163737773895263672e-01) (6, 9.26944196224212646484e-01) (0, -9.81284523010253906250e+00) (1, -1.62621879577636718750e+01) (2, 2.38789248466491699219e+00) (3, -1.20294356346130371094e+00) (4, 6.17261469364166259766e-01) (5, 6.98365211486816406250e+00) (6, 2.65271615982055664062e+00) (0, 4.26135444641113281250e+00) (1, -3.59677600860595703125e+00) (2, 3.33729434013366699219e+00) (3, -3.71208834648132324219e+00) (4, -1.45400917530059814453e+00) (5, -1.09366452693939208984e+00) (6, 2.17042827606201171875e+00) (0, -1.06187763214111328125e+01) (1, 1.02509269714355468750e+01) (2, -1.08008956909179687500e+01) (3, 2.54721283912658691406e+00) (4, 9.81839716434478759766e-01) (5, 5.29596567153930664062e+00) (6, 1.00623287260532379150e-01) (0, -6.54948830604553222656e-01) (1, -1.35824930667877197266e+00) (2, 1.11728820800781250000e+01) (3, -3.21591496467590332031e+00) (4, -8.15835177898406982422e-01) (5, -4.62467193603515625000e+00) (6, 3.28969359397888183594e+00) (0, -1.27712936401367187500e+01) (1, 1.13425302505493164062e+01) (2, -1.69239501953125000000e+01) (3, 3.61180305480957031250e+00) (4, -5.23818540573120117188e+00) (5, 1.26887588500976562500e+01) (6, 1.15109813213348388672e+00) (0, -1.46112108230590820312e+00) (1, 2.17304617166519165039e-01) (2, 6.24985408782958984375e+00) (3, -2.17628383636474609375e+00) (4, -1.67886167764663696289e-01) (5, -1.46883422851562500000e+03) (6, 1.03673243522644042969e+00) (0, -2.87439882755279541016e-01) (1, 6.33396878838539123535e-02) (2, 6.41536998748779296875e+00) (3, -3.15156936645507812500e+00) (4, -9.16063070297241210938e-01) (5, -8.45460951328277587891e-01) (6, 7.95872867107391357422e-01) (7, -7.83539116382598876953e-01) (8, -3.49823522567749023438e+00) (9, -2.29634380340576171875e+00) (10, -3.68852996826171875000e+00) (11, -1.27378845214843750000e+00) (12, -1.00421416759490966797e+00) (13, -1.14501714706420898438e+00) (14, -9.70140874385833740234e-01) (15, 3.48442721366882324219e+00) 
