FANN_FLO_2.1
num_layers=3
learning_rate=0.400000
connection_rate=1.000000
network_type=0
learning_momentum=0.000000
training_algorithm=2
train_error_function=1
train_stop_function=0
cascade_output_change_fraction=0.010000
quickprop_decay=-0.000100
quickprop_mu=1.750000
rprop_increase_factor=1.200000
rprop_decrease_factor=0.500000
rprop_delta_min=0.000000
rprop_delta_max=50.000000
rprop_delta_zero=0.100000
cascade_output_stagnation_epochs=12
cascade_candidate_change_fraction=0.010000
cascade_candidate_stagnation_epochs=12
cascade_max_out_epochs=150
cascade_min_out_epochs=50
cascade_max_cand_epochs=150
cascade_min_cand_epochs=50
cascade_num_candidate_groups=2
bit_fail_limit=3.49999994039535522461e-01
cascade_candidate_limit=1.00000000000000000000e+03
cascade_weight_multiplier=4.00000005960464477539e-01
cascade_activation_functions_count=10
cascade_activation_functions=3 5 7 8 10 11 14 15 16 17 
cascade_activation_steepnesses_count=4
cascade_activation_steepnesses=2.50000000000000000000e-01 5.00000000000000000000e-01 7.50000000000000000000e-01 1.00000000000000000000e+00 
layer_sizes=7 9 2 
scale_included=0
neurons (num_inputs, activation_function, activation_steepness)=(0, 0, 0.00000000000000000000e+00) (0, 0, 0.00000000000000000000e+00) (0, 0, 0.00000000000000000000e+00) (0, 0, 0.00000000000000000000e+00) (0, 0, 0.00000000000000000000e+00) (0, 0, 0.00000000000000000000e+00) (0, 0, 0.00000000000000000000e+00) (7, 3, 5.00000000000000000000e-01) (7, 3, 5.00000000000000000000e-01) (7, 3, 5.00000000000000000000e-01) (7, 3, 5.00000000000000000000e-01) (7, 3, 5.00000000000000000000e-01) (7, 3, 5.00000000000000000000e-01) (7, 3, 5.00000000000000000000e-01) (7, 3, 5.00000000000000000000e-01) (0, 3, 0.00000000000000000000e+00) (9, 3, 5.00000000000000000000e-01) (0, 3, 0.00000000000000000000e+00) 
connections (connected_to_neuron, weight)=(0, -2.43485450744628906250e+00) (1, 2.05135879516601562500e+01) (2, 1.23883414268493652344e+00) (3, 1.76805293560028076172e+00) (4, -8.83911311626434326172e-01) (5, -3.50631380081176757812e+00) (6, -5.29791736602783203125e+00) (0, 9.01066899299621582031e-01) (1, 1.08294773101806640625e+00) (2, 1.50782299041748046875e+00) (3, -2.68654632568359375000e+00) (4, 6.49453783035278320312e+00) (5, -1.12216615676879882812e+01) (6, 4.74924945831298828125e+00) (0, 1.72214639186859130859e+00) (1, -4.93818342685699462891e-01) (2, -1.31629884243011474609e-01) (3, 1.59504163265228271484e+00) (4, 3.41945981979370117188e+00) (5, 2.73778617382049560547e-01) (6, -5.99442958831787109375e-01) (0, -7.13205456733703613281e-01) (1, -5.02064943313598632812e-01) (2, 4.43757414817810058594e-01) (3, -9.49585318565368652344e-01) (4, 3.39976477622985839844e+00) (5, 1.91184341907501220703e+00) (6, 5.96707426011562347412e-02) (0, 2.75306344032287597656e+00) (1, -3.88105630874633789062e-01) (2, -7.59961903095245361328e-01) (3, 1.75546813011169433594e+00) (4, 3.40779161453247070312e+00) (5, -1.33957457542419433594e+00) (6, -7.18257904052734375000e-01) (0, 8.34081649780273437500e+00) (1, 3.48326039314270019531e+00) (2, 6.05359494686126708984e-01) (3, -4.99568653106689453125e+00) (4, -4.88672941923141479492e-01) (5, -2.15394449234008789062e+00) (6, 1.01552069187164306641e+00) (0, 9.15913105010986328125e-01) (1, 2.48822355270385742188e+00) (2, -7.91036558151245117188e+00) (3, -3.60292339324951171875e+00) (4, -4.31970930099487304688e+00) (5, 1.70614166259765625000e+01) (6, 1.51284027099609375000e+00) (0, -2.38471722602844238281e+00) (1, 9.03788745403289794922e-01) (2, 9.29474592208862304688e-01) (3, -1.14977073669433593750e+00) (4, -4.31841278076171875000e+00) (5, -6.28357589244842529297e-01) (6, 1.34656310081481933594e+00) (7, -9.49311971664428710938e-01) (8, -1.81184005737304687500e+00) (9, 1.50315165519714355469e+00) (10, 1.33197748661041259766e+00) (11, 1.60844850540161132812e+00) (12, -1.41623079776763916016e+00) (13, -1.58606588840484619141e+00) (14, -5.44659662246704101562e+00) (15, 4.14648324251174926758e-01) 
