FANN_FLO_2.1
num_layers=3
learning_rate=0.400000
connection_rate=1.000000
network_type=0
learning_momentum=0.000000
training_algorithm=2
train_error_function=1
train_stop_function=0
cascade_output_change_fraction=0.010000
quickprop_decay=-0.000100
quickprop_mu=1.750000
rprop_increase_factor=1.200000
rprop_decrease_factor=0.500000
rprop_delta_min=0.000000
rprop_delta_max=50.000000
rprop_delta_zero=0.100000
cascade_output_stagnation_epochs=12
cascade_candidate_change_fraction=0.010000
cascade_candidate_stagnation_epochs=12
cascade_max_out_epochs=150
cascade_min_out_epochs=50
cascade_max_cand_epochs=150
cascade_min_cand_epochs=50
cascade_num_candidate_groups=2
bit_fail_limit=3.49999994039535522461e-01
cascade_candidate_limit=1.00000000000000000000e+03
cascade_weight_multiplier=4.00000005960464477539e-01
cascade_activation_functions_count=10
cascade_activation_functions=3 5 7 8 10 11 14 15 16 17 
cascade_activation_steepnesses_count=4
cascade_activation_steepnesses=2.50000000000000000000e-01 5.00000000000000000000e-01 7.50000000000000000000e-01 1.00000000000000000000e+00 
layer_sizes=7 9 2 
scale_included=0
neurons (num_inputs, activation_function, activation_steepness)=(0, 0, 0.00000000000000000000e+00) (0, 0, 0.00000000000000000000e+00) (0, 0, 0.00000000000000000000e+00) (0, 0, 0.00000000000000000000e+00) (0, 0, 0.00000000000000000000e+00) (0, 0, 0.00000000000000000000e+00) (0, 0, 0.00000000000000000000e+00) (7, 3, 5.00000000000000000000e-01) (7, 3, 5.00000000000000000000e-01) (7, 3, 5.00000000000000000000e-01) (7, 3, 5.00000000000000000000e-01) (7, 3, 5.00000000000000000000e-01) (7, 3, 5.00000000000000000000e-01) (7, 3, 5.00000000000000000000e-01) (7, 3, 5.00000000000000000000e-01) (0, 3, 0.00000000000000000000e+00) (9, 3, 5.00000000000000000000e-01) (0, 3, 0.00000000000000000000e+00) 
connections (connected_to_neuron, weight)=(0, 1.00030100345611572266e+00) (1, -4.31559413671493530273e-01) (2, -5.80586493015289306641e-01) (3, 9.46474850177764892578e-01) (4, 2.99366497993469238281e+00) (5, 2.08724641799926757812e+00) (6, -1.48393511772155761719e+00) (0, -7.93466031551361083984e-01) (1, -5.56261301040649414062e-01) (2, -6.86606764793395996094e-01) (3, 5.80339848995208740234e-01) (4, 3.22758984565734863281e+00) (5, 4.10817766189575195312e+00) (6, -3.32079625129699707031e+00) (0, 2.35549426078796386719e+00) (1, 1.74389243125915527344e+00) (2, 1.29519021511077880859e+00) (3, -8.72860908508300781250e+00) (4, 9.49921321868896484375e+00) (5, -5.45586204528808593750e+00) (6, 2.99404478073120117188e+00) (0, 1.26239454746246337891e+00) (1, -2.86755025386810302734e-01) (2, -6.56467151641845703125e+00) (3, -2.40660309791564941406e+00) (4, -5.69698095321655273438e+00) (5, 1.70716400146484375000e+01) (6, 2.36360812187194824219e+00) (0, 7.41228580474853515625e+00) (1, 4.88820028305053710938e+00) (2, 2.98765063285827636719e+00) (3, -7.64051795005798339844e-01) (4, -2.88171339035034179688e+00) (5, -4.75247049331665039062e+00) (6, 2.01523110270500183105e-01) (0, 5.44532060623168945312e-01) (1, -3.51681858301162719727e-01) (2, -5.15631556510925292969e-01) (3, 7.45394468307495117188e-01) (4, 3.03043460845947265625e+00) (5, 2.19563841819763183594e+00) (6, -1.07248520851135253906e+00) (0, 1.39809608459472656250e+01) (1, 3.97528100013732910156e+00) (2, 2.10506343841552734375e+01) (3, -6.49501991271972656250e+00) (4, -7.09616088867187500000e+00) (5, -4.91456079483032226562e+00) (6, 3.91457653045654296875e+00) (0, 8.69282364845275878906e-01) (1, -5.85845172405242919922e-01) (2, -6.47409141063690185547e-01) (3, 5.36511957645416259766e-01) (4, 3.21766304969787597656e+00) (5, 2.08004403114318847656e+00) (6, -1.15145409107208251953e+00) (7, 9.48015570640563964844e-01) (8, 2.77061414718627929688e+00) (9, -1.09611439704895019531e+00) (10, -2.29480290412902832031e+00) (11, -1.50710427761077880859e+00) (12, 9.21655952930450439453e-01) (13, -8.11276555061340332031e-01) (14, 9.05125319957733154297e-01) (15, 1.65639311075210571289e-01) 
