FANN_FLO_2.1
num_layers=3
learning_rate=0.500000
connection_rate=1.000000
network_type=0
learning_momentum=0.000000
training_algorithm=2
train_error_function=1
train_stop_function=0
cascade_output_change_fraction=0.010000
quickprop_decay=-0.000100
quickprop_mu=1.750000
rprop_increase_factor=1.200000
rprop_decrease_factor=0.500000
rprop_delta_min=0.000000
rprop_delta_max=50.000000
rprop_delta_zero=0.100000
cascade_output_stagnation_epochs=12
cascade_candidate_change_fraction=0.010000
cascade_candidate_stagnation_epochs=12
cascade_max_out_epochs=150
cascade_min_out_epochs=50
cascade_max_cand_epochs=150
cascade_min_cand_epochs=50
cascade_num_candidate_groups=2
bit_fail_limit=3.49999994039535522461e-01
cascade_candidate_limit=1.00000000000000000000e+03
cascade_weight_multiplier=4.00000005960464477539e-01
cascade_activation_functions_count=10
cascade_activation_functions=3 5 7 8 10 11 14 15 16 17 
cascade_activation_steepnesses_count=4
cascade_activation_steepnesses=2.50000000000000000000e-01 5.00000000000000000000e-01 7.50000000000000000000e-01 1.00000000000000000000e+00 
layer_sizes=10 5 2 
scale_included=0
neurons (num_inputs, activation_function, activation_steepness)=(0, 0, 0.00000000000000000000e+00) (0, 0, 0.00000000000000000000e+00) (0, 0, 0.00000000000000000000e+00) (0, 0, 0.00000000000000000000e+00) (0, 0, 0.00000000000000000000e+00) (0, 0, 0.00000000000000000000e+00) (0, 0, 0.00000000000000000000e+00) (0, 0, 0.00000000000000000000e+00) (0, 0, 0.00000000000000000000e+00) (0, 0, 0.00000000000000000000e+00) (10, 3, 5.00000000000000000000e-01) (10, 3, 5.00000000000000000000e-01) (10, 3, 5.00000000000000000000e-01) (10, 3, 5.00000000000000000000e-01) (0, 3, 0.00000000000000000000e+00) (5, 3, 5.00000000000000000000e-01) (0, 3, 0.00000000000000000000e+00) 
connections (connected_to_neuron, weight)=(0, 9.86437892913818359375e+00) (1, 1.07525002956390380859e+00) (2, 3.79801979064941406250e+01) (3, -4.46161079406738281250e+00) (4, -4.89170789718627929688e+00) (5, 2.86276507377624511719e+00) (6, -9.78893852233886718750e+00) (7, -1.10545186996459960938e+01) (8, -3.47640347480773925781e+00) (9, -3.11308574676513671875e+00) (0, 2.54558861255645751953e-01) (1, -1.27348458766937255859e+00) (2, 2.30247303843498229980e-01) (3, 2.08515286445617675781e+00) (4, -3.51578772068023681641e-01) (5, 3.17273283004760742188e+00) (6, 2.94562876224517822266e-01) (7, -4.08597022294998168945e-01) (8, -3.90509748458862304688e+00) (9, 9.50253784656524658203e-01) (0, 1.39452290534973144531e+00) (1, 4.90298509597778320312e+00) (2, 7.41777086257934570312e+00) (3, -2.45022344589233398438e+00) (4, -7.57344841957092285156e-01) (5, 2.54324245452880859375e+00) (6, -4.19429588317871093750e+00) (7, -1.21359682083129882812e+01) (8, 3.32603836059570312500e+00) (9, -6.38185501098632812500e-01) (0, -3.67652606964111328125e+00) (1, 3.98175787925720214844e+00) (2, -1.91174907684326171875e+01) (3, 5.63921153545379638672e-01) (4, 7.65639483928680419922e-01) (5, -3.43346142768859863281e+00) (6, 1.23020257949829101562e+01) (7, 6.33541774749755859375e+00) (8, -9.09984302520751953125e+00) (9, -3.07811778038740158081e-02) (10, -2.27241802215576171875e+00) (11, -1.19671165943145751953e+00) (12, 4.14981698989868164062e+00) (13, 1.79619634151458740234e+00) (14, 5.35228811204433441162e-02) 
