FANN_FLO_2.1
num_layers=3
learning_rate=0.400000
connection_rate=1.000000
network_type=0
learning_momentum=0.000000
training_algorithm=2
train_error_function=1
train_stop_function=0
cascade_output_change_fraction=0.010000
quickprop_decay=-0.000100
quickprop_mu=1.750000
rprop_increase_factor=1.200000
rprop_decrease_factor=0.500000
rprop_delta_min=0.000000
rprop_delta_max=50.000000
rprop_delta_zero=0.100000
cascade_output_stagnation_epochs=12
cascade_candidate_change_fraction=0.010000
cascade_candidate_stagnation_epochs=12
cascade_max_out_epochs=150
cascade_min_out_epochs=50
cascade_max_cand_epochs=150
cascade_min_cand_epochs=50
cascade_num_candidate_groups=2
bit_fail_limit=3.49999994039535522461e-01
cascade_candidate_limit=1.00000000000000000000e+03
cascade_weight_multiplier=4.00000005960464477539e-01
cascade_activation_functions_count=10
cascade_activation_functions=3 5 7 8 10 11 14 15 16 17 
cascade_activation_steepnesses_count=4
cascade_activation_steepnesses=2.50000000000000000000e-01 5.00000000000000000000e-01 7.50000000000000000000e-01 1.00000000000000000000e+00 
layer_sizes=7 9 2 
scale_included=0
neurons (num_inputs, activation_function, activation_steepness)=(0, 0, 0.00000000000000000000e+00) (0, 0, 0.00000000000000000000e+00) (0, 0, 0.00000000000000000000e+00) (0, 0, 0.00000000000000000000e+00) (0, 0, 0.00000000000000000000e+00) (0, 0, 0.00000000000000000000e+00) (0, 0, 0.00000000000000000000e+00) (7, 3, 5.00000000000000000000e-01) (7, 3, 5.00000000000000000000e-01) (7, 3, 5.00000000000000000000e-01) (7, 3, 5.00000000000000000000e-01) (7, 3, 5.00000000000000000000e-01) (7, 3, 5.00000000000000000000e-01) (7, 3, 5.00000000000000000000e-01) (7, 3, 5.00000000000000000000e-01) (0, 3, 0.00000000000000000000e+00) (9, 3, 5.00000000000000000000e-01) (0, 3, 0.00000000000000000000e+00) 
connections (connected_to_neuron, weight)=(0, -2.41355046629905700684e-01) (1, -4.09489691257476806641e-01) (2, 2.57135772705078125000e+00) (3, -6.78099393844604492188e-01) (4, 4.32249426841735839844e-01) (5, 1.49987089633941650391e+00) (6, 3.94719839096069335938e-02) (0, 1.16022300720214843750e+01) (1, 8.24787998199462890625e+00) (2, 1.51830923557281494141e+00) (3, -3.55726027488708496094e+00) (4, -5.64242982864379882812e+00) (5, -6.96397447586059570312e+00) (6, 3.72754305601119995117e-01) (0, -6.13004970550537109375e+00) (1, -1.10125756263732910156e+00) (2, -2.95781755447387695312e+00) (3, 8.44248771667480468750e-01) (4, 1.49626719951629638672e+00) (5, 1.77980577945709228516e+00) (6, -6.46851181983947753906e-01) (0, -2.38788914680480957031e+00) (1, 4.94594097137451171875e-01) (2, -5.41497421264648437500e+00) (3, -3.32391428947448730469e+00) (4, -2.76646089553833007812e+00) (5, 1.14118785858154296875e+01) (6, 3.08869552612304687500e+00) (0, -7.54050076007843017578e-01) (1, -6.55885398387908935547e-01) (2, -2.60424947738647460938e+00) (3, 7.26938128471374511719e-01) (4, -2.65299940109252929688e+00) (5, 1.77114331722259521484e+00) (6, -5.21680772304534912109e-01) (0, -5.25686025619506835938e-01) (1, -4.24802422523498535156e-01) (2, -2.32180261611938476562e+00) (3, 9.62702214717864990234e-01) (4, -2.24087977409362792969e+00) (5, 1.17621636390686035156e+00) (6, -5.30549418181180953979e-03) (0, -3.45422792434692382812e+00) (1, 1.05019092559814453125e+00) (2, 3.23133796453475952148e-01) (3, -1.91742849349975585938e+00) (4, -5.31420516967773437500e+00) (5, -4.19718623161315917969e-01) (6, 2.78867697715759277344e+00) (0, 3.97456526756286621094e+00) (1, 6.10567522048950195312e+00) (2, 1.54802179336547851562e+00) (3, -2.55639743804931640625e+00) (4, 1.68599586486816406250e+01) (5, -2.19648113250732421875e+01) (6, 3.80844926834106445312e+00) (7, 1.47081005573272705078e+00) (8, -6.04730725288391113281e-01) (9, 4.09718132019042968750e+00) (10, -1.28795325756072998047e+00) (11, 1.14638817310333251953e+00) (12, 8.96726548671722412109e-01) (13, -1.05971307754516601562e+01) (14, -1.00268864631652832031e+00) (15, 7.50554263591766357422e-01) 
