FANN_FLO_2.1
num_layers=3
learning_rate=0.400000
connection_rate=1.000000
network_type=0
learning_momentum=0.000000
training_algorithm=2
train_error_function=1
train_stop_function=0
cascade_output_change_fraction=0.010000
quickprop_decay=-0.000100
quickprop_mu=1.750000
rprop_increase_factor=1.200000
rprop_decrease_factor=0.500000
rprop_delta_min=0.000000
rprop_delta_max=50.000000
rprop_delta_zero=0.100000
cascade_output_stagnation_epochs=12
cascade_candidate_change_fraction=0.010000
cascade_candidate_stagnation_epochs=12
cascade_max_out_epochs=150
cascade_min_out_epochs=50
cascade_max_cand_epochs=150
cascade_min_cand_epochs=50
cascade_num_candidate_groups=2
bit_fail_limit=3.49999994039535522461e-01
cascade_candidate_limit=1.00000000000000000000e+03
cascade_weight_multiplier=4.00000005960464477539e-01
cascade_activation_functions_count=10
cascade_activation_functions=3 5 7 8 10 11 14 15 16 17 
cascade_activation_steepnesses_count=4
cascade_activation_steepnesses=2.50000000000000000000e-01 5.00000000000000000000e-01 7.50000000000000000000e-01 1.00000000000000000000e+00 
layer_sizes=7 5 2 
scale_included=0
neurons (num_inputs, activation_function, activation_steepness)=(0, 0, 0.00000000000000000000e+00) (0, 0, 0.00000000000000000000e+00) (0, 0, 0.00000000000000000000e+00) (0, 0, 0.00000000000000000000e+00) (0, 0, 0.00000000000000000000e+00) (0, 0, 0.00000000000000000000e+00) (0, 0, 0.00000000000000000000e+00) (7, 3, 5.00000000000000000000e-01) (7, 3, 5.00000000000000000000e-01) (7, 3, 5.00000000000000000000e-01) (7, 3, 5.00000000000000000000e-01) (0, 3, 0.00000000000000000000e+00) (5, 3, 5.00000000000000000000e-01) (0, 3, 0.00000000000000000000e+00) 
connections (connected_to_neuron, weight)=(0, -4.69174909591674804688e+00) (1, 7.81037092208862304688e-01) (2, 8.53553235530853271484e-01) (3, -2.72167539596557617188e+00) (4, -4.68176412582397460938e+00) (5, 1.59038209915161132812e+01) (6, 1.32149589061737060547e+00) (0, 8.77909088134765625000e+00) (1, 1.89059841632843017578e+00) (2, 7.37922608852386474609e-01) (3, -1.16275424957275390625e+01) (4, 3.76338934898376464844e+00) (5, -2.23153686523437500000e+00) (6, 2.75573992729187011719e+00) (0, 7.98886954784393310547e-01) (1, -8.87173950672149658203e-01) (2, 7.88698613643646240234e-01) (3, -8.99678468704223632812e-01) (4, 1.98312902450561523438e+00) (5, -5.10398292541503906250e+00) (6, -5.51529787480831146240e-02) (0, 1.46269667148590087891e+00) (1, -2.51278448104858398438e+00) (2, -3.47748613357543945312e+00) (3, -5.27060627937316894531e-01) (4, 2.91196131706237792969e+00) (5, 6.35802364349365234375e+00) (6, -4.47772741317749023438e+00) (7, -1.00767374038696289062e+00) (8, -1.85097885131835937500e+00) (9, 2.99307799339294433594e+00) (10, 3.74069046974182128906e+00) (11, 3.37292879819869995117e-01) 
