FANN_FLO_2.1
num_layers=3
learning_rate=0.400000
connection_rate=1.000000
network_type=0
learning_momentum=0.000000
training_algorithm=2
train_error_function=1
train_stop_function=0
cascade_output_change_fraction=0.010000
quickprop_decay=-0.000100
quickprop_mu=1.750000
rprop_increase_factor=1.200000
rprop_decrease_factor=0.500000
rprop_delta_min=0.000000
rprop_delta_max=50.000000
rprop_delta_zero=0.100000
cascade_output_stagnation_epochs=12
cascade_candidate_change_fraction=0.010000
cascade_candidate_stagnation_epochs=12
cascade_max_out_epochs=150
cascade_min_out_epochs=50
cascade_max_cand_epochs=150
cascade_min_cand_epochs=50
cascade_num_candidate_groups=2
bit_fail_limit=3.49999994039535522461e-01
cascade_candidate_limit=1.00000000000000000000e+03
cascade_weight_multiplier=4.00000005960464477539e-01
cascade_activation_functions_count=10
cascade_activation_functions=3 5 7 8 10 11 14 15 16 17 
cascade_activation_steepnesses_count=4
cascade_activation_steepnesses=2.50000000000000000000e-01 5.00000000000000000000e-01 7.50000000000000000000e-01 1.00000000000000000000e+00 
layer_sizes=19 3 3 
scale_included=0
neurons (num_inputs, activation_function, activation_steepness)=(0, 0, 0.00000000000000000000e+00) (0, 0, 0.00000000000000000000e+00) (0, 0, 0.00000000000000000000e+00) (0, 0, 0.00000000000000000000e+00) (0, 0, 0.00000000000000000000e+00) (0, 0, 0.00000000000000000000e+00) (0, 0, 0.00000000000000000000e+00) (0, 0, 0.00000000000000000000e+00) (0, 0, 0.00000000000000000000e+00) (0, 0, 0.00000000000000000000e+00) (0, 0, 0.00000000000000000000e+00) (0, 0, 0.00000000000000000000e+00) (0, 0, 0.00000000000000000000e+00) (0, 0, 0.00000000000000000000e+00) (0, 0, 0.00000000000000000000e+00) (0, 0, 0.00000000000000000000e+00) (0, 0, 0.00000000000000000000e+00) (0, 0, 0.00000000000000000000e+00) (0, 0, 0.00000000000000000000e+00) (19, 3, 5.00000000000000000000e-01) (19, 3, 5.00000000000000000000e-01) (0, 3, 0.00000000000000000000e+00) (3, 3, 5.00000000000000000000e-01) (3, 3, 5.00000000000000000000e-01) (0, 3, 0.00000000000000000000e+00) 
connections (connected_to_neuron, weight)=(0, 3.97095888853073120117e-01) (1, 1.14936656951904296875e+01) (2, -4.50018692016601562500e+00) (3, -3.56339907646179199219e+00) (4, 1.55835800170898437500e+01) (5, -6.69683551788330078125e+00) (6, -2.85311937332153320312e+00) (7, 1.19328632354736328125e+01) (8, 2.07598066329956054688e+00) (9, -3.01794958114624023438e+00) (10, -4.94636058807373046875e+00) (11, 1.57702302932739257812e+00) (12, 3.36778402328491210938e+00) (13, -3.69701933860778808594e+00) (14, 7.02072334289550781250e+00) (15, 2.91191840171813964844e+00) (16, -1.22868671417236328125e+01) (17, 1.08737123012542724609e+00) (18, -1.07196950912475585938e+01) (0, 1.08284723758697509766e+00) (1, -8.37403583526611328125e+00) (2, 4.61485004425048828125e+00) (3, 1.24052548408508300781e+00) (4, -7.36777305603027343750e+00) (5, 3.16541743278503417969e+00) (6, 5.01632690429687500000e-01) (7, -6.33163690567016601562e+00) (8, 2.00414228439331054688e+00) (9, -1.12030737102031707764e-01) (10, 4.57021141052246093750e+00) (11, -9.94896411895751953125e-01) (12, -1.39374685287475585938e+00) (13, 5.99929428100585937500e+00) (14, -4.65287160873413085938e+00) (15, 6.13337934017181396484e-01) (16, 4.46115827560424804688e+00) (17, -2.07864427566528320312e+00) (18, -1.26841163635253906250e+00) (19, -1.14069461822509765625e+00) (20, -1.46004354953765869141e+00) (21, 3.21263343095779418945e-01) (19, 1.13906073570251464844e+00) (20, 1.45880806446075439453e+00) (21, -3.19583505392074584961e-01) 
