FANN_FLO_2.1
num_layers=4
learning_rate=0.500000
connection_rate=1.000000
network_type=0
learning_momentum=0.000000
training_algorithm=2
train_error_function=1
train_stop_function=0
cascade_output_change_fraction=0.010000
quickprop_decay=-0.000100
quickprop_mu=1.750000
rprop_increase_factor=1.200000
rprop_decrease_factor=0.500000
rprop_delta_min=0.000000
rprop_delta_max=50.000000
rprop_delta_zero=0.100000
cascade_output_stagnation_epochs=12
cascade_candidate_change_fraction=0.010000
cascade_candidate_stagnation_epochs=12
cascade_max_out_epochs=150
cascade_min_out_epochs=50
cascade_max_cand_epochs=150
cascade_min_cand_epochs=50
cascade_num_candidate_groups=2
bit_fail_limit=3.49999994039535522461e-01
cascade_candidate_limit=1.00000000000000000000e+03
cascade_weight_multiplier=4.00000005960464477539e-01
cascade_activation_functions_count=10
cascade_activation_functions=3 5 7 8 10 11 14 15 16 17 
cascade_activation_steepnesses_count=4
cascade_activation_steepnesses=2.50000000000000000000e-01 5.00000000000000000000e-01 7.50000000000000000000e-01 1.00000000000000000000e+00 
layer_sizes=2 5 5 3 
scale_included=0
neurons (num_inputs, activation_function, activation_steepness)=(0, 0, 0.00000000000000000000e+00) (0, 0, 0.00000000000000000000e+00) (2, 3, 5.00000000000000000000e-01) (2, 3, 5.00000000000000000000e-01) (2, 3, 5.00000000000000000000e-01) (2, 3, 5.00000000000000000000e-01) (0, 3, 0.00000000000000000000e+00) (5, 3, 5.00000000000000000000e-01) (5, 3, 5.00000000000000000000e-01) (5, 3, 5.00000000000000000000e-01) (5, 3, 5.00000000000000000000e-01) (0, 3, 0.00000000000000000000e+00) (5, 0, 5.00000000000000000000e-01) (5, 0, 5.00000000000000000000e-01) (0, 0, 0.00000000000000000000e+00) 
connections (connected_to_neuron, weight)=(0, -8.86677646636962890625e+00) (1, 1.20587122440338134766e+00) (0, -1.75981307983398437500e+02) (1, 6.39694595336914062500e+00) (0, -1.09183378219604492188e+01) (1, 3.94125294685363769531e+00) (0, -1.29999580383300781250e+01) (1, 1.60014963150024414062e+00) (2, -3.39963269233703613281e+00) (3, -1.50000000000000000000e+03) (4, -7.11171984672546386719e-01) (5, -2.25621342658996582031e+00) (6, 1.21179950237274169922e+00) (2, 4.17096257209777832031e-01) (3, 7.56763637065887451172e-01) (4, 3.42201083898544311523e-01) (5, -1.00607991218566894531e+00) (6, 5.79054117202758789062e-01) (2, -6.97032868862152099609e-01) (3, -1.50000000000000000000e+03) (4, 4.02403306961059570312e+00) (5, -8.16362285614013671875e+00) (6, 7.01544940471649169922e-01) (2, -2.02800393104553222656e+00) (3, 4.13139915466308593750e+00) (4, -3.23041176795959472656e+00) (5, -2.00247287750244140625e+00) (6, 4.38558757305145263672e-01) (7, -1.20919287204742431641e+00) (8, -5.00524699687957763672e-01) (9, -1.19419264793395996094e+00) (10, 5.60441970825195312500e+00) (11, -4.26439434289932250977e-01) (7, -5.01816558837890625000e+00) (8, 1.26077926158905029297e+00) (9, -2.18230292201042175293e-01) (10, -6.04891359806060791016e-01) (11, 1.11873996257781982422e+00) 
