FANN_FLO_2.1
num_layers=4
learning_rate=0.400000
connection_rate=1.000000
network_type=0
learning_momentum=0.000000
training_algorithm=2
train_error_function=1
train_stop_function=0
cascade_output_change_fraction=0.010000
quickprop_decay=-0.000100
quickprop_mu=1.750000
rprop_increase_factor=1.200000
rprop_decrease_factor=0.500000
rprop_delta_min=0.000000
rprop_delta_max=50.000000
rprop_delta_zero=0.100000
cascade_output_stagnation_epochs=12
cascade_candidate_change_fraction=0.010000
cascade_candidate_stagnation_epochs=12
cascade_max_out_epochs=150
cascade_min_out_epochs=50
cascade_max_cand_epochs=150
cascade_min_cand_epochs=50
cascade_num_candidate_groups=2
bit_fail_limit=3.49999994039535522461e-01
cascade_candidate_limit=1.00000000000000000000e+03
cascade_weight_multiplier=4.00000005960464477539e-01
cascade_activation_functions_count=10
cascade_activation_functions=3 5 7 8 10 11 14 15 16 17 
cascade_activation_steepnesses_count=4
cascade_activation_steepnesses=2.50000000000000000000e-01 5.00000000000000000000e-01 7.50000000000000000000e-01 1.00000000000000000000e+00 
layer_sizes=7 5 3 2 
scale_included=0
neurons (num_inputs, activation_function, activation_steepness)=(0, 0, 0.00000000000000000000e+00) (0, 0, 0.00000000000000000000e+00) (0, 0, 0.00000000000000000000e+00) (0, 0, 0.00000000000000000000e+00) (0, 0, 0.00000000000000000000e+00) (0, 0, 0.00000000000000000000e+00) (0, 0, 0.00000000000000000000e+00) (7, 3, 5.00000000000000000000e-01) (7, 3, 5.00000000000000000000e-01) (7, 3, 5.00000000000000000000e-01) (7, 3, 5.00000000000000000000e-01) (0, 3, 0.00000000000000000000e+00) (5, 3, 5.00000000000000000000e-01) (5, 3, 5.00000000000000000000e-01) (0, 3, 0.00000000000000000000e+00) (3, 3, 5.00000000000000000000e-01) (0, 3, 0.00000000000000000000e+00) 
connections (connected_to_neuron, weight)=(0, -5.24131822586059570312e+00) (1, 4.69531393051147460938e+00) (2, -3.25691676139831542969e+00) (3, -1.61089217662811279297e+00) (4, -3.48215162754058837891e-01) (5, -8.23984432220458984375e+00) (6, 8.98591056466102600098e-03) (0, -4.64112472534179687500e+00) (1, -1.09584674835205078125e+01) (2, 7.14514875411987304688e+00) (3, -1.15500676631927490234e+00) (4, 1.68312951922416687012e-01) (5, 1.04182777404785156250e+01) (6, 3.49277973175048828125e+00) (0, 4.58831787109375000000e+00) (1, 2.52264881134033203125e+00) (2, 1.16336765289306640625e+01) (3, -1.66440925598144531250e+01) (4, -4.66082382202148437500e+00) (5, 9.54345130920410156250e+00) (6, -6.25897121429443359375e+00) (0, -1.19559121131896972656e+00) (1, -1.15055179595947265625e+00) (2, 4.30919761657714843750e+01) (3, 3.36593894958496093750e+01) (4, -1.24671806335449218750e+02) (5, -7.15167760848999023438e+00) (6, 3.35478711128234863281e+00) (7, 1.27998266220092773438e+01) (8, 4.60960578918457031250e+00) (9, 1.64962375164031982422e+00) (10, 8.02284479141235351562e-01) (11, -4.59667968750000000000e+00) (7, 6.76277542114257812500e+00) (8, 1.82751659303903579712e-02) (9, 6.36186480522155761719e-01) (10, 4.03547465801239013672e-01) (11, -2.70176911354064941406e+00) (12, -3.07836198806762695312e+00) (13, -4.49013519287109375000e+00) (14, -8.75575602054595947266e-01) 
