FANN_FLO_2.1
num_layers=3
learning_rate=0.400000
connection_rate=1.000000
network_type=0
learning_momentum=0.000000
training_algorithm=2
train_error_function=1
train_stop_function=0
cascade_output_change_fraction=0.010000
quickprop_decay=-0.000100
quickprop_mu=1.750000
rprop_increase_factor=1.200000
rprop_decrease_factor=0.500000
rprop_delta_min=0.000000
rprop_delta_max=50.000000
rprop_delta_zero=0.100000
cascade_output_stagnation_epochs=12
cascade_candidate_change_fraction=0.010000
cascade_candidate_stagnation_epochs=12
cascade_max_out_epochs=150
cascade_min_out_epochs=50
cascade_max_cand_epochs=150
cascade_min_cand_epochs=50
cascade_num_candidate_groups=2
bit_fail_limit=3.49999994039535522461e-01
cascade_candidate_limit=1.00000000000000000000e+03
cascade_weight_multiplier=4.00000005960464477539e-01
cascade_activation_functions_count=10
cascade_activation_functions=3 5 7 8 10 11 14 15 16 17 
cascade_activation_steepnesses_count=4
cascade_activation_steepnesses=2.50000000000000000000e-01 5.00000000000000000000e-01 7.50000000000000000000e-01 1.00000000000000000000e+00 
layer_sizes=19 3 3 
scale_included=0
neurons (num_inputs, activation_function, activation_steepness)=(0, 0, 0.00000000000000000000e+00) (0, 0, 0.00000000000000000000e+00) (0, 0, 0.00000000000000000000e+00) (0, 0, 0.00000000000000000000e+00) (0, 0, 0.00000000000000000000e+00) (0, 0, 0.00000000000000000000e+00) (0, 0, 0.00000000000000000000e+00) (0, 0, 0.00000000000000000000e+00) (0, 0, 0.00000000000000000000e+00) (0, 0, 0.00000000000000000000e+00) (0, 0, 0.00000000000000000000e+00) (0, 0, 0.00000000000000000000e+00) (0, 0, 0.00000000000000000000e+00) (0, 0, 0.00000000000000000000e+00) (0, 0, 0.00000000000000000000e+00) (0, 0, 0.00000000000000000000e+00) (0, 0, 0.00000000000000000000e+00) (0, 0, 0.00000000000000000000e+00) (0, 0, 0.00000000000000000000e+00) (19, 3, 5.00000000000000000000e-01) (19, 3, 5.00000000000000000000e-01) (0, 3, 0.00000000000000000000e+00) (3, 3, 5.00000000000000000000e-01) (3, 3, 5.00000000000000000000e-01) (0, 3, 0.00000000000000000000e+00) 
connections (connected_to_neuron, weight)=(0, 7.70898199081420898438e+00) (1, 4.84636020660400390625e+00) (2, -5.92191886901855468750e+00) (3, 9.89996814727783203125e+00) (4, -8.93142938613891601562e-01) (5, -1.63989543914794921875e+00) (6, 1.25792303085327148438e+01) (7, 3.86667922139167785645e-02) (8, -4.06728410720825195312e+00) (9, -1.19389314651489257812e+01) (10, -3.55416512489318847656e+00) (11, 6.01035976409912109375e+00) (12, -5.38650512695312500000e+00) (13, -1.47181451320648193359e+00) (14, 2.39146709442138671875e+00) (15, -9.27764701843261718750e+00) (16, -6.70705699920654296875e+00) (17, 3.83494687080383300781e+00) (18, -4.73524045944213867188e+00) (0, -7.50963115692138671875e+00) (1, -2.54906725883483886719e+00) (2, 4.34263992309570312500e+00) (3, -9.54828643798828125000e+00) (4, -6.45255684852600097656e-01) (5, 5.90343666076660156250e+00) (6, -1.17033452987670898438e+01) (7, -1.39377057552337646484e+00) (8, 1.63634967803955078125e+00) (9, 7.48177099227905273438e+00) (10, 1.39227354526519775391e+00) (11, -8.02872180938720703125e-01) (12, 6.88737392425537109375e+00) (13, -1.86452820897102355957e-01) (14, -1.62375795841217041016e+00) (15, 1.02310533523559570312e+01) (16, 2.35128313302993774414e-01) (17, -4.56772565841674804688e+00) (18, -3.53038835525512695312e+00) (19, -1.22552597522735595703e+00) (20, -1.19976055622100830078e+00) (21, 5.65635934472084045410e-02) (19, 1.22636067867279052734e+00) (20, 1.20005881786346435547e+00) (21, -5.65364472568035125732e-02) 
