FANN_FLO_2.1
num_layers=3
learning_rate=0.400000
connection_rate=1.000000
network_type=0
learning_momentum=0.000000
training_algorithm=2
train_error_function=1
train_stop_function=0
cascade_output_change_fraction=0.010000
quickprop_decay=-0.000100
quickprop_mu=1.750000
rprop_increase_factor=1.200000
rprop_decrease_factor=0.500000
rprop_delta_min=0.000000
rprop_delta_max=50.000000
rprop_delta_zero=0.100000
cascade_output_stagnation_epochs=12
cascade_candidate_change_fraction=0.010000
cascade_candidate_stagnation_epochs=12
cascade_max_out_epochs=150
cascade_min_out_epochs=50
cascade_max_cand_epochs=150
cascade_min_cand_epochs=50
cascade_num_candidate_groups=2
bit_fail_limit=3.49999994039535522461e-01
cascade_candidate_limit=1.00000000000000000000e+03
cascade_weight_multiplier=4.00000005960464477539e-01
cascade_activation_functions_count=10
cascade_activation_functions=3 5 7 8 10 11 14 15 16 17 
cascade_activation_steepnesses_count=4
cascade_activation_steepnesses=2.50000000000000000000e-01 5.00000000000000000000e-01 7.50000000000000000000e-01 1.00000000000000000000e+00 
layer_sizes=7 9 2 
scale_included=0
neurons (num_inputs, activation_function, activation_steepness)=(0, 0, 0.00000000000000000000e+00) (0, 0, 0.00000000000000000000e+00) (0, 0, 0.00000000000000000000e+00) (0, 0, 0.00000000000000000000e+00) (0, 0, 0.00000000000000000000e+00) (0, 0, 0.00000000000000000000e+00) (0, 0, 0.00000000000000000000e+00) (7, 3, 5.00000000000000000000e-01) (7, 3, 5.00000000000000000000e-01) (7, 3, 5.00000000000000000000e-01) (7, 3, 5.00000000000000000000e-01) (7, 3, 5.00000000000000000000e-01) (7, 3, 5.00000000000000000000e-01) (7, 3, 5.00000000000000000000e-01) (7, 3, 5.00000000000000000000e-01) (0, 3, 0.00000000000000000000e+00) (9, 3, 5.00000000000000000000e-01) (0, 3, 0.00000000000000000000e+00) 
connections (connected_to_neuron, weight)=(0, 4.88440608978271484375e+00) (1, 2.31490206718444824219e+00) (2, -2.94228649139404296875e+00) (3, -6.12264871597290039062e+00) (4, 4.18161958456039428711e-01) (5, 1.11628389358520507812e+00) (6, 3.70232844352722167969e+00) (0, 1.03205394744873046875e+00) (1, -1.81073784828186035156e+00) (2, -3.28884816169738769531e+00) (3, 2.63270378112792968750e+00) (4, -1.76985263824462890625e+00) (5, 7.92723560333251953125e+00) (6, -3.68310523033142089844e+00) (0, -2.48837900161743164062e+00) (1, -1.42046642303466796875e+00) (2, -1.10762453079223632812e+00) (3, 2.66354227066040039062e+00) (4, 4.11291688680648803711e-01) (5, 9.89053919911384582520e-02) (6, -3.59038424491882324219e+00) (0, -4.61479949951171875000e+00) (1, -1.16688847541809082031e+00) (2, -2.25805950164794921875e+00) (3, 4.21760272979736328125e+00) (4, 1.28734219074249267578e+00) (5, 1.34940373897552490234e+00) (6, -4.73015213012695312500e+00) (0, -4.46885347366333007812e+00) (1, 4.62215334177017211914e-01) (2, 5.60447633266448974609e-01) (3, 9.75582301616668701172e-02) (4, 1.75553369522094726562e+00) (5, 5.18617987632751464844e-01) (6, 2.82248616218566894531e+00) (0, -1.30714976787567138672e+00) (1, -1.28795206546783447266e+00) (2, -1.20524144172668457031e+00) (3, 1.35736513137817382812e+00) (4, 1.71685457229614257812e+00) (5, 5.57853877544403076172e-01) (6, -4.42683315277099609375e+00) (0, -2.95389246940612792969e+00) (1, -6.63733100891113281250e+00) (2, -4.85534477233886718750e+00) (3, 7.97383934259414672852e-02) (4, 4.38785648345947265625e+00) (5, 4.11584615707397460938e+00) (6, -8.28320205211639404297e-01) (0, -8.43668460845947265625e-01) (1, -9.27731156349182128906e-01) (2, 3.60386347770690917969e+00) (3, 1.31781339645385742188e+00) (4, 5.91224050521850585938e+00) (5, -8.57469749450683593750e+00) (6, -2.47099280357360839844e+00) (7, -1.45334255695343017578e+00) (8, 2.63177680969238281250e+00) (9, 2.89438635110855102539e-01) (10, 2.77850699424743652344e+00) (11, -9.38155651092529296875e-01) (12, -2.95415019989013671875e+00) (13, 1.48451530933380126953e+00) (14, 3.01292872428894042969e+00) (15, -4.34150367975234985352e-01) 
