FANN_FLO_2.1
num_layers=4
learning_rate=0.400000
connection_rate=1.000000
network_type=0
learning_momentum=0.000000
training_algorithm=2
train_error_function=1
train_stop_function=0
cascade_output_change_fraction=0.010000
quickprop_decay=-0.000100
quickprop_mu=1.750000
rprop_increase_factor=1.200000
rprop_decrease_factor=0.500000
rprop_delta_min=0.000000
rprop_delta_max=50.000000
rprop_delta_zero=0.100000
cascade_output_stagnation_epochs=12
cascade_candidate_change_fraction=0.010000
cascade_candidate_stagnation_epochs=12
cascade_max_out_epochs=150
cascade_min_out_epochs=50
cascade_max_cand_epochs=150
cascade_min_cand_epochs=50
cascade_num_candidate_groups=2
bit_fail_limit=3.49999994039535522461e-01
cascade_candidate_limit=1.00000000000000000000e+03
cascade_weight_multiplier=4.00000005960464477539e-01
cascade_activation_functions_count=10
cascade_activation_functions=3 5 7 8 10 11 14 15 16 17 
cascade_activation_steepnesses_count=4
cascade_activation_steepnesses=2.50000000000000000000e-01 5.00000000000000000000e-01 7.50000000000000000000e-01 1.00000000000000000000e+00 
layer_sizes=7 3 3 2 
scale_included=0
neurons (num_inputs, activation_function, activation_steepness)=(0, 0, 0.00000000000000000000e+00) (0, 0, 0.00000000000000000000e+00) (0, 0, 0.00000000000000000000e+00) (0, 0, 0.00000000000000000000e+00) (0, 0, 0.00000000000000000000e+00) (0, 0, 0.00000000000000000000e+00) (0, 0, 0.00000000000000000000e+00) (7, 3, 5.00000000000000000000e-01) (7, 3, 5.00000000000000000000e-01) (0, 3, 0.00000000000000000000e+00) (3, 3, 5.00000000000000000000e-01) (3, 3, 5.00000000000000000000e-01) (0, 3, 0.00000000000000000000e+00) (3, 3, 5.00000000000000000000e-01) (0, 3, 0.00000000000000000000e+00) 
connections (connected_to_neuron, weight)=(0, -1.18159561157226562500e+01) (1, 1.02857942581176757812e+01) (2, -1.86778831481933593750e+00) (3, -2.86379170417785644531e+00) (4, -1.43947613239288330078e+00) (5, -7.27241760253906250000e+02) (6, 1.62539684772491455078e+00) (0, 8.86063575744628906250e+00) (1, -1.03220777511596679688e+01) (2, 3.01744818687438964844e+00) (3, -3.42247867584228515625e+00) (4, -4.40458774566650390625e-01) (5, 6.27521371841430664062e+00) (6, -5.19229650497436523438e+00) (7, 4.76595401763916015625e+00) (8, 5.97580623626708984375e+00) (9, -3.41402006149291992188e+00) (7, 2.39835243225097656250e+01) (8, 3.07218036651611328125e+01) (9, -1.26943993568420410156e+00) (10, -8.02927207946777343750e+00) (11, -1.34708750247955322266e+00) (12, -4.72420483827590942383e-01) 
