FANN_FLO_2.1
num_layers=4
learning_rate=0.500000
connection_rate=1.000000
network_type=0
learning_momentum=0.000000
training_algorithm=2
train_error_function=1
train_stop_function=0
cascade_output_change_fraction=0.010000
quickprop_decay=-0.000100
quickprop_mu=1.750000
rprop_increase_factor=1.200000
rprop_decrease_factor=0.500000
rprop_delta_min=0.000000
rprop_delta_max=50.000000
rprop_delta_zero=0.100000
cascade_output_stagnation_epochs=12
cascade_candidate_change_fraction=0.010000
cascade_candidate_stagnation_epochs=12
cascade_max_out_epochs=150
cascade_min_out_epochs=50
cascade_max_cand_epochs=150
cascade_min_cand_epochs=50
cascade_num_candidate_groups=2
bit_fail_limit=3.49999994039535522461e-01
cascade_candidate_limit=1.00000000000000000000e+03
cascade_weight_multiplier=4.00000005960464477539e-01
cascade_activation_functions_count=10
cascade_activation_functions=3 5 7 8 10 11 14 15 16 17 
cascade_activation_steepnesses_count=4
cascade_activation_steepnesses=2.50000000000000000000e-01 5.00000000000000000000e-01 7.50000000000000000000e-01 1.00000000000000000000e+00 
layer_sizes=10 5 3 2 
scale_included=0
neurons (num_inputs, activation_function, activation_steepness)=(0, 0, 0.00000000000000000000e+00) (0, 0, 0.00000000000000000000e+00) (0, 0, 0.00000000000000000000e+00) (0, 0, 0.00000000000000000000e+00) (0, 0, 0.00000000000000000000e+00) (0, 0, 0.00000000000000000000e+00) (0, 0, 0.00000000000000000000e+00) (0, 0, 0.00000000000000000000e+00) (0, 0, 0.00000000000000000000e+00) (0, 0, 0.00000000000000000000e+00) (10, 3, 5.00000000000000000000e-01) (10, 3, 5.00000000000000000000e-01) (10, 3, 5.00000000000000000000e-01) (10, 3, 5.00000000000000000000e-01) (0, 3, 0.00000000000000000000e+00) (5, 3, 5.00000000000000000000e-01) (5, 3, 5.00000000000000000000e-01) (0, 3, 0.00000000000000000000e+00) (3, 3, 5.00000000000000000000e-01) (0, 3, 0.00000000000000000000e+00) 
connections (connected_to_neuron, weight)=(0, 1.78467807769775390625e+01) (1, 1.18072557449340820312e+00) (2, 4.53707244873046875000e+02) (3, 4.40017890930175781250e+00) (4, 4.46110391616821289062e+00) (5, 2.40043659210205078125e+01) (6, -1.71486644744873046875e+01) (7, 1.18502068519592285156e+00) (8, -5.45956726074218750000e+02) (9, 1.09467113018035888672e+00) (0, -1.56055335998535156250e+01) (1, -2.52665698528289794922e-01) (2, 1.35023756027221679688e+01) (3, 1.59941911697387695312e+00) (4, 1.30716693401336669922e+00) (5, 1.76025600433349609375e+01) (6, -1.61719512939453125000e+01) (7, 1.43282747268676757812e+00) (8, -1.02767076492309570312e+01) (9, -4.74046468734741210938e-01) (0, -9.79123413085937500000e+02) (1, -7.36379861831665039062e-01) (2, 3.23257560729980468750e+01) (3, -7.25941240787506103516e-01) (4, -7.65536010265350341797e-01) (5, -3.25096368789672851562e+00) (6, -2.18460063934326171875e+01) (7, -5.52289819717407226562e+00) (8, 1.02102307128906250000e+03) (9, 4.53603893518447875977e-01) (0, 1.67047576904296875000e+01) (1, 2.26313948631286621094e+00) (2, -1.49146191406250000000e+03) (3, 5.49808288574218750000e+02) (4, 1.05771032714843750000e+03) (5, 2.67902412414550781250e+01) (6, -3.02932403564453125000e+02) (7, 2.54827697753906250000e+02) (8, -4.59547668457031250000e+02) (9, 7.99408316612243652344e-01) (10, 3.46279640197753906250e+01) (11, 5.87693969726562500000e+02) (12, -5.54888610839843750000e+01) (13, 1.40283215332031250000e+03) (14, -3.54156494140625000000e-01) (10, -6.69639587402343750000e+00) (11, -2.40969824790954589844e+00) (12, -6.16695213317871093750e+00) (13, -6.42903289794921875000e+01) (14, 3.70999908447265625000e+00) (15, 1.27125537395477294922e+00) (16, -8.20253944396972656250e+00) (17, -4.27884250879287719727e-01) 
