FANN_FLO_2.1
num_layers=3
learning_rate=0.400000
connection_rate=1.000000
network_type=0
learning_momentum=0.000000
training_algorithm=2
train_error_function=1
train_stop_function=0
cascade_output_change_fraction=0.010000
quickprop_decay=-0.000100
quickprop_mu=1.750000
rprop_increase_factor=1.200000
rprop_decrease_factor=0.500000
rprop_delta_min=0.000000
rprop_delta_max=50.000000
rprop_delta_zero=0.100000
cascade_output_stagnation_epochs=12
cascade_candidate_change_fraction=0.010000
cascade_candidate_stagnation_epochs=12
cascade_max_out_epochs=150
cascade_min_out_epochs=50
cascade_max_cand_epochs=150
cascade_min_cand_epochs=50
cascade_num_candidate_groups=2
bit_fail_limit=3.49999994039535522461e-01
cascade_candidate_limit=1.00000000000000000000e+03
cascade_weight_multiplier=4.00000005960464477539e-01
cascade_activation_functions_count=10
cascade_activation_functions=3 5 7 8 10 11 14 15 16 17 
cascade_activation_steepnesses_count=4
cascade_activation_steepnesses=2.50000000000000000000e-01 5.00000000000000000000e-01 7.50000000000000000000e-01 1.00000000000000000000e+00 
layer_sizes=19 3 3 
scale_included=0
neurons (num_inputs, activation_function, activation_steepness)=(0, 0, 0.00000000000000000000e+00) (0, 0, 0.00000000000000000000e+00) (0, 0, 0.00000000000000000000e+00) (0, 0, 0.00000000000000000000e+00) (0, 0, 0.00000000000000000000e+00) (0, 0, 0.00000000000000000000e+00) (0, 0, 0.00000000000000000000e+00) (0, 0, 0.00000000000000000000e+00) (0, 0, 0.00000000000000000000e+00) (0, 0, 0.00000000000000000000e+00) (0, 0, 0.00000000000000000000e+00) (0, 0, 0.00000000000000000000e+00) (0, 0, 0.00000000000000000000e+00) (0, 0, 0.00000000000000000000e+00) (0, 0, 0.00000000000000000000e+00) (0, 0, 0.00000000000000000000e+00) (0, 0, 0.00000000000000000000e+00) (0, 0, 0.00000000000000000000e+00) (0, 0, 0.00000000000000000000e+00) (19, 3, 5.00000000000000000000e-01) (19, 3, 5.00000000000000000000e-01) (0, 3, 0.00000000000000000000e+00) (3, 3, 5.00000000000000000000e-01) (3, 3, 5.00000000000000000000e-01) (0, 3, 0.00000000000000000000e+00) 
connections (connected_to_neuron, weight)=(0, -1.24742734432220458984e+00) (1, 4.67710226774215698242e-01) (2, -4.13459396362304687500e+00) (3, 5.84779262542724609375e-01) (4, 7.52779245376586914062e+00) (5, -4.42326927185058593750e+00) (6, 2.44533729553222656250e+00) (7, 4.17670583724975585938e+00) (8, -2.13919496536254882812e+00) (9, -1.09651744365692138672e-01) (10, -1.42572596669197082520e-01) (11, 3.51717442274093627930e-01) (12, 7.98823773860931396484e-01) (13, -2.50771433115005493164e-01) (14, 5.35448312759399414062e+00) (15, 1.99454593658447265625e+00) (16, -1.00755071640014648438e+01) (17, 4.61547565460205078125e+00) (18, -6.36125326156616210938e-01) (0, 1.32244014739990234375e+00) (1, -2.22363972663879394531e+00) (2, 4.66415882110595703125e+00) (3, -8.22649747133255004883e-02) (4, -7.00359582901000976562e+00) (5, 4.22978067398071289062e+00) (6, -1.73615169525146484375e+00) (7, -5.08574008941650390625e+00) (8, 3.24008750915527343750e+00) (9, -7.33972311019897460938e-01) (10, 1.98579812049865722656e+00) (11, -1.12788939476013183594e+00) (12, -1.49700605869293212891e+00) (13, 2.27107429504394531250e+00) (14, -4.86780691146850585938e+00) (15, -9.58239912986755371094e-01) (16, 8.33297729492187500000e+00) (17, -4.64783334732055664062e+00) (18, -1.49382781982421875000e+00) (19, -2.39642024040222167969e+00) (20, -2.92344951629638671875e+00) (21, 1.75991857051849365234e+00) (19, 2.40876698493957519531e+00) (20, 2.93503642082214355469e+00) (21, -1.77207517623901367188e+00) 
