FANN_FLO_2.1
num_layers=3
learning_rate=0.400000
connection_rate=1.000000
network_type=0
learning_momentum=0.000000
training_algorithm=2
train_error_function=1
train_stop_function=0
cascade_output_change_fraction=0.010000
quickprop_decay=-0.000100
quickprop_mu=1.750000
rprop_increase_factor=1.200000
rprop_decrease_factor=0.500000
rprop_delta_min=0.000000
rprop_delta_max=50.000000
rprop_delta_zero=0.100000
cascade_output_stagnation_epochs=12
cascade_candidate_change_fraction=0.010000
cascade_candidate_stagnation_epochs=12
cascade_max_out_epochs=150
cascade_min_out_epochs=50
cascade_max_cand_epochs=150
cascade_min_cand_epochs=50
cascade_num_candidate_groups=2
bit_fail_limit=3.49999994039535522461e-01
cascade_candidate_limit=1.00000000000000000000e+03
cascade_weight_multiplier=4.00000005960464477539e-01
cascade_activation_functions_count=10
cascade_activation_functions=3 5 7 8 10 11 14 15 16 17 
cascade_activation_steepnesses_count=4
cascade_activation_steepnesses=2.50000000000000000000e-01 5.00000000000000000000e-01 7.50000000000000000000e-01 1.00000000000000000000e+00 
layer_sizes=7 5 2 
scale_included=0
neurons (num_inputs, activation_function, activation_steepness)=(0, 0, 0.00000000000000000000e+00) (0, 0, 0.00000000000000000000e+00) (0, 0, 0.00000000000000000000e+00) (0, 0, 0.00000000000000000000e+00) (0, 0, 0.00000000000000000000e+00) (0, 0, 0.00000000000000000000e+00) (0, 0, 0.00000000000000000000e+00) (7, 3, 5.00000000000000000000e-01) (7, 3, 5.00000000000000000000e-01) (7, 3, 5.00000000000000000000e-01) (7, 3, 5.00000000000000000000e-01) (0, 3, 0.00000000000000000000e+00) (5, 3, 5.00000000000000000000e-01) (0, 3, 0.00000000000000000000e+00) 
connections (connected_to_neuron, weight)=(0, -3.63775277137756347656e+00) (1, 6.50187730789184570312e-01) (2, -6.50864422321319580078e-01) (3, 6.34312057495117187500e+00) (4, -4.04198408126831054688e+00) (5, 1.61152315139770507812e+00) (6, 1.46220374107360839844e+00) (0, -2.30235052108764648438e+00) (1, -1.62906324863433837891e+00) (2, 4.42240333557128906250e+00) (3, 4.49096679687500000000e+00) (4, 1.33352315425872802734e+00) (5, -4.94801044464111328125e+00) (6, -3.26272916793823242188e+00) (0, 1.84288346767425537109e+00) (1, -2.45006942749023437500e+00) (2, -2.43545937538146972656e+00) (3, 3.92562985420227050781e+00) (4, -6.00671482086181640625e+00) (5, 9.38224697113037109375e+00) (6, -3.90843486785888671875e+00) (0, -2.57852387428283691406e+00) (1, -3.78307366371154785156e+00) (2, -4.04853296279907226562e+00) (3, 2.18384003639221191406e+00) (4, 2.76494979858398437500e+00) (5, 2.16590499877929687500e+00) (6, -1.05986964702606201172e+00) (7, -3.01547884941101074219e+00) (8, 3.65653467178344726562e+00) (9, 2.37459135055541992188e+00) (10, 2.96197533607482910156e+00) (11, -1.92760989069938659668e-01) 
