FANN_FLO_2.1
num_layers=3
learning_rate=0.400000
connection_rate=1.000000
network_type=0
learning_momentum=0.000000
training_algorithm=2
train_error_function=1
train_stop_function=0
cascade_output_change_fraction=0.010000
quickprop_decay=-0.000100
quickprop_mu=1.750000
rprop_increase_factor=1.200000
rprop_decrease_factor=0.500000
rprop_delta_min=0.000000
rprop_delta_max=50.000000
rprop_delta_zero=0.100000
cascade_output_stagnation_epochs=12
cascade_candidate_change_fraction=0.010000
cascade_candidate_stagnation_epochs=12
cascade_max_out_epochs=150
cascade_min_out_epochs=50
cascade_max_cand_epochs=150
cascade_min_cand_epochs=50
cascade_num_candidate_groups=2
bit_fail_limit=3.49999994039535522461e-01
cascade_candidate_limit=1.00000000000000000000e+03
cascade_weight_multiplier=4.00000005960464477539e-01
cascade_activation_functions_count=10
cascade_activation_functions=3 5 7 8 10 11 14 15 16 17 
cascade_activation_steepnesses_count=4
cascade_activation_steepnesses=2.50000000000000000000e-01 5.00000000000000000000e-01 7.50000000000000000000e-01 1.00000000000000000000e+00 
layer_sizes=7 5 2 
scale_included=0
neurons (num_inputs, activation_function, activation_steepness)=(0, 0, 0.00000000000000000000e+00) (0, 0, 0.00000000000000000000e+00) (0, 0, 0.00000000000000000000e+00) (0, 0, 0.00000000000000000000e+00) (0, 0, 0.00000000000000000000e+00) (0, 0, 0.00000000000000000000e+00) (0, 0, 0.00000000000000000000e+00) (7, 3, 5.00000000000000000000e-01) (7, 3, 5.00000000000000000000e-01) (7, 3, 5.00000000000000000000e-01) (7, 3, 5.00000000000000000000e-01) (0, 3, 0.00000000000000000000e+00) (5, 3, 5.00000000000000000000e-01) (0, 3, 0.00000000000000000000e+00) 
connections (connected_to_neuron, weight)=(0, -3.44104504585266113281e+00) (1, -2.58516430854797363281e+00) (2, -4.85673522949218750000e+00) (3, 1.49825179576873779297e+00) (4, 1.40111947059631347656e+00) (5, 1.53161823749542236328e+00) (6, -1.00828742980957031250e+00) (0, 1.27664089202880859375e+00) (1, 1.24327945709228515625e+00) (2, -3.88875508308410644531e+00) (3, -5.08255577087402343750e+00) (4, -7.24436092376708984375e+00) (5, 1.59399089813232421875e+01) (6, 2.04448151588439941406e+00) (0, -1.84523594379425048828e+00) (1, -1.26974594593048095703e+00) (2, -1.44430053234100341797e+00) (3, 1.79749500751495361328e+00) (4, 2.00243502855300903320e-01) (5, 4.81385803222656250000e+00) (6, -2.49104094505310058594e+00) (0, -1.01086640357971191406e+00) (1, 6.47910892963409423828e-01) (2, -2.63519930839538574219e+00) (3, -1.16481435298919677734e+00) (4, -5.05935013294219970703e-01) (5, -1.04330636560916900635e-01) (6, 1.88204538822174072266e+00) (7, 4.02459907531738281250e+00) (8, -3.05510663986206054688e+00) (9, 4.49284029006958007812e+00) (10, -2.09109210968017578125e+00) (11, 5.53134202957153320312e-01) 
