FANN_FLO_2.1
num_layers=3
learning_rate=0.400000
connection_rate=1.000000
network_type=0
learning_momentum=0.000000
training_algorithm=2
train_error_function=1
train_stop_function=0
cascade_output_change_fraction=0.010000
quickprop_decay=-0.000100
quickprop_mu=1.750000
rprop_increase_factor=1.200000
rprop_decrease_factor=0.500000
rprop_delta_min=0.000000
rprop_delta_max=50.000000
rprop_delta_zero=0.100000
cascade_output_stagnation_epochs=12
cascade_candidate_change_fraction=0.010000
cascade_candidate_stagnation_epochs=12
cascade_max_out_epochs=150
cascade_min_out_epochs=50
cascade_max_cand_epochs=150
cascade_min_cand_epochs=50
cascade_num_candidate_groups=2
bit_fail_limit=3.49999994039535522461e-01
cascade_candidate_limit=1.00000000000000000000e+03
cascade_weight_multiplier=4.00000005960464477539e-01
cascade_activation_functions_count=10
cascade_activation_functions=3 5 7 8 10 11 14 15 16 17 
cascade_activation_steepnesses_count=4
cascade_activation_steepnesses=2.50000000000000000000e-01 5.00000000000000000000e-01 7.50000000000000000000e-01 1.00000000000000000000e+00 
layer_sizes=19 3 3 
scale_included=0
neurons (num_inputs, activation_function, activation_steepness)=(0, 0, 0.00000000000000000000e+00) (0, 0, 0.00000000000000000000e+00) (0, 0, 0.00000000000000000000e+00) (0, 0, 0.00000000000000000000e+00) (0, 0, 0.00000000000000000000e+00) (0, 0, 0.00000000000000000000e+00) (0, 0, 0.00000000000000000000e+00) (0, 0, 0.00000000000000000000e+00) (0, 0, 0.00000000000000000000e+00) (0, 0, 0.00000000000000000000e+00) (0, 0, 0.00000000000000000000e+00) (0, 0, 0.00000000000000000000e+00) (0, 0, 0.00000000000000000000e+00) (0, 0, 0.00000000000000000000e+00) (0, 0, 0.00000000000000000000e+00) (0, 0, 0.00000000000000000000e+00) (0, 0, 0.00000000000000000000e+00) (0, 0, 0.00000000000000000000e+00) (0, 0, 0.00000000000000000000e+00) (19, 3, 5.00000000000000000000e-01) (19, 3, 5.00000000000000000000e-01) (0, 3, 0.00000000000000000000e+00) (3, 3, 5.00000000000000000000e-01) (3, 3, 5.00000000000000000000e-01) (0, 3, 0.00000000000000000000e+00) 
connections (connected_to_neuron, weight)=(0, 4.79418754577636718750e+00) (1, -1.92870652675628662109e+00) (2, 1.38924586772918701172e+00) (3, 3.06641912460327148438e+00) (4, -1.65091800689697265625e+00) (5, 2.08680748939514160156e+00) (6, 3.87446761131286621094e+00) (7, -1.59543299674987792969e+00) (8, -1.63569569587707519531e-01) (9, -2.79074454307556152344e+00) (10, 3.45332169532775878906e+00) (11, -6.70776426792144775391e-01) (12, -3.70569849014282226562e+00) (13, -1.57808676362037658691e-01) (14, 2.33143702149391174316e-01) (15, -3.63328862190246582031e+00) (16, 5.37049397826194763184e-02) (17, -2.60723900794982910156e+00) (18, -3.86829900741577148438e+00) (0, -1.35013275146484375000e+01) (1, 6.24804115295410156250e+00) (2, -3.74315452575683593750e+00) (3, -1.79421031475067138672e+00) (4, 4.36198091506958007812e+00) (5, -3.85172915458679199219e+00) (6, -6.00425910949707031250e+00) (7, 5.64570331573486328125e+00) (8, 1.31817948818206787109e+00) (9, -3.50239896774291992188e+00) (10, -1.06473112106323242188e+01) (11, -3.91637897491455078125e+00) (12, 5.97488594055175781250e+00) (13, 3.46004080772399902344e+00) (14, 5.09298071265220642090e-02) (15, 1.13029413223266601562e+01) (16, 6.32342958450317382812e+00) (17, 1.13680229187011718750e+01) (18, 1.58000957965850830078e+00) (19, -2.08196115493774414062e+00) (20, -1.28775799274444580078e+00) (21, 8.02461683750152587891e-01) (19, 2.08260941505432128906e+00) (20, 1.28703725337982177734e+00) (21, -8.02085041999816894531e-01) 
