FANN_FLO_2.1
num_layers=4
learning_rate=0.400000
connection_rate=1.000000
network_type=0
learning_momentum=0.000000
training_algorithm=2
train_error_function=1
train_stop_function=0
cascade_output_change_fraction=0.010000
quickprop_decay=-0.000100
quickprop_mu=1.750000
rprop_increase_factor=1.200000
rprop_decrease_factor=0.500000
rprop_delta_min=0.000000
rprop_delta_max=50.000000
rprop_delta_zero=0.100000
cascade_output_stagnation_epochs=12
cascade_candidate_change_fraction=0.010000
cascade_candidate_stagnation_epochs=12
cascade_max_out_epochs=150
cascade_min_out_epochs=50
cascade_max_cand_epochs=150
cascade_min_cand_epochs=50
cascade_num_candidate_groups=2
bit_fail_limit=3.49999994039535522461e-01
cascade_candidate_limit=1.00000000000000000000e+03
cascade_weight_multiplier=4.00000005960464477539e-01
cascade_activation_functions_count=10
cascade_activation_functions=3 5 7 8 10 11 14 15 16 17 
cascade_activation_steepnesses_count=4
cascade_activation_steepnesses=2.50000000000000000000e-01 5.00000000000000000000e-01 7.50000000000000000000e-01 1.00000000000000000000e+00 
layer_sizes=7 5 3 2 
scale_included=0
neurons (num_inputs, activation_function, activation_steepness)=(0, 0, 0.00000000000000000000e+00) (0, 0, 0.00000000000000000000e+00) (0, 0, 0.00000000000000000000e+00) (0, 0, 0.00000000000000000000e+00) (0, 0, 0.00000000000000000000e+00) (0, 0, 0.00000000000000000000e+00) (0, 0, 0.00000000000000000000e+00) (7, 3, 5.00000000000000000000e-01) (7, 3, 5.00000000000000000000e-01) (7, 3, 5.00000000000000000000e-01) (7, 3, 5.00000000000000000000e-01) (0, 3, 0.00000000000000000000e+00) (5, 3, 5.00000000000000000000e-01) (5, 3, 5.00000000000000000000e-01) (0, 3, 0.00000000000000000000e+00) (3, 3, 5.00000000000000000000e-01) (0, 3, 0.00000000000000000000e+00) 
connections (connected_to_neuron, weight)=(0, 3.43162012100219726562e+00) (1, -3.85010566711425781250e+01) (2, 7.81343307495117187500e+01) (3, -1.50000000000000000000e+03) (4, -1.50000000000000000000e+03) (5, 6.11857849121093750000e+02) (6, 1.55060780048370361328e+00) (0, -8.29177017211914062500e+01) (1, -5.93981704711914062500e+01) (2, -8.71414978027343750000e+02) (3, -4.11955642700195312500e+00) (4, 4.14835853576660156250e+01) (5, -2.00241821289062500000e+02) (6, 4.93861160278320312500e+01) (0, -2.21241607666015625000e+02) (1, -6.00321105957031250000e+02) (2, -9.44557800292968750000e+02) (3, -7.80410034179687500000e+02) (4, -8.60829589843750000000e+02) (5, 1.17793624877929687500e+02) (6, 1.03946437835693359375e+01) (0, -9.95595397949218750000e+01) (1, -6.76097946166992187500e+01) (2, -8.70724731445312500000e+02) (3, 9.94529724121093750000e+00) (4, 3.40491638183593750000e+01) (5, -7.53632690429687500000e+02) (6, 5.75898857116699218750e+01) (7, -2.27928375244140625000e+02) (8, 1.18704260253906250000e+03) (9, 1.45000000000000000000e+03) (10, 1.08778576660156250000e+03) (11, -2.83939571380615234375e+01) (7, 9.39618110656738281250e-01) (8, 1.50000000000000000000e+03) (9, 1.50000000000000000000e+03) (10, 1.50000000000000000000e+03) (11, -3.59706193208694458008e-01) (12, 1.16000343322753906250e+02) (13, -3.51512575149536132812e+00) (14, -1.15769958496093750000e+00) 
