FANN_FLO_2.1
num_layers=4
learning_rate=0.500000
connection_rate=1.000000
network_type=0
learning_momentum=0.000000
training_algorithm=2
train_error_function=1
train_stop_function=0
cascade_output_change_fraction=0.010000
quickprop_decay=-0.000100
quickprop_mu=1.750000
rprop_increase_factor=1.200000
rprop_decrease_factor=0.500000
rprop_delta_min=0.000000
rprop_delta_max=50.000000
rprop_delta_zero=0.100000
cascade_output_stagnation_epochs=12
cascade_candidate_change_fraction=0.010000
cascade_candidate_stagnation_epochs=12
cascade_max_out_epochs=150
cascade_min_out_epochs=50
cascade_max_cand_epochs=150
cascade_min_cand_epochs=50
cascade_num_candidate_groups=2
bit_fail_limit=3.49999994039535522461e-01
cascade_candidate_limit=1.00000000000000000000e+03
cascade_weight_multiplier=4.00000005960464477539e-01
cascade_activation_functions_count=10
cascade_activation_functions=3 5 7 8 10 11 14 15 16 17 
cascade_activation_steepnesses_count=4
cascade_activation_steepnesses=2.50000000000000000000e-01 5.00000000000000000000e-01 7.50000000000000000000e-01 1.00000000000000000000e+00 
layer_sizes=10 3 3 2 
scale_included=0
neurons (num_inputs, activation_function, activation_steepness)=(0, 0, 0.00000000000000000000e+00) (0, 0, 0.00000000000000000000e+00) (0, 0, 0.00000000000000000000e+00) (0, 0, 0.00000000000000000000e+00) (0, 0, 0.00000000000000000000e+00) (0, 0, 0.00000000000000000000e+00) (0, 0, 0.00000000000000000000e+00) (0, 0, 0.00000000000000000000e+00) (0, 0, 0.00000000000000000000e+00) (0, 0, 0.00000000000000000000e+00) (10, 3, 5.00000000000000000000e-01) (10, 3, 5.00000000000000000000e-01) (0, 3, 0.00000000000000000000e+00) (3, 3, 5.00000000000000000000e-01) (3, 3, 5.00000000000000000000e-01) (0, 3, 0.00000000000000000000e+00) (3, 3, 5.00000000000000000000e-01) (0, 3, 0.00000000000000000000e+00) 
connections (connected_to_neuron, weight)=(0, -9.43372344970703125000e+00) (1, -1.47578597068786621094e+00) (2, 9.16807270050048828125e+00) (3, -1.36496448516845703125e+00) (4, -7.95976686477661132812e+00) (5, -1.26682484149932861328e+00) (6, 8.78698825836181640625e+00) (7, 1.33661007881164550781e+00) (8, 4.88225907087326049805e-01) (9, -1.79371595382690429688e+00) (0, 3.88707580566406250000e+01) (1, 2.83624976873397827148e-01) (2, -1.84053916931152343750e+01) (3, -8.26443290710449218750e+00) (4, -2.06896519660949707031e+00) (5, -3.99764537811279296875e+00) (6, 4.85280227661132812500e+00) (7, 1.64184188842773437500e+00) (8, -7.09710657596588134766e-01) (9, -5.38452625274658203125e-01) (10, -2.28466293334960937500e+02) (11, 3.85685026645660400391e-01) (12, 6.08148765563964843750e+00) (10, 1.49995495605468750000e+03) (11, -1.49973144531250000000e+03) (12, -2.19158362597227096558e-02) (13, 2.35945582389831542969e+00) (14, 2.37633013725280761719e+00) (15, -1.50664567947387695312e+00) 
