FANN_FLO_2.1
num_layers=3
learning_rate=0.500000
connection_rate=1.000000
network_type=0
learning_momentum=0.000000
training_algorithm=2
train_error_function=1
train_stop_function=0
cascade_output_change_fraction=0.010000
quickprop_decay=-0.000100
quickprop_mu=1.750000
rprop_increase_factor=1.200000
rprop_decrease_factor=0.500000
rprop_delta_min=0.000000
rprop_delta_max=50.000000
rprop_delta_zero=0.100000
cascade_output_stagnation_epochs=12
cascade_candidate_change_fraction=0.010000
cascade_candidate_stagnation_epochs=12
cascade_max_out_epochs=150
cascade_min_out_epochs=50
cascade_max_cand_epochs=150
cascade_min_cand_epochs=50
cascade_num_candidate_groups=2
bit_fail_limit=3.49999994039535522461e-01
cascade_candidate_limit=1.00000000000000000000e+03
cascade_weight_multiplier=4.00000005960464477539e-01
cascade_activation_functions_count=10
cascade_activation_functions=3 5 7 8 10 11 14 15 16 17 
cascade_activation_steepnesses_count=4
cascade_activation_steepnesses=2.50000000000000000000e-01 5.00000000000000000000e-01 7.50000000000000000000e-01 1.00000000000000000000e+00 
layer_sizes=10 5 2 
scale_included=0
neurons (num_inputs, activation_function, activation_steepness)=(0, 0, 0.00000000000000000000e+00) (0, 0, 0.00000000000000000000e+00) (0, 0, 0.00000000000000000000e+00) (0, 0, 0.00000000000000000000e+00) (0, 0, 0.00000000000000000000e+00) (0, 0, 0.00000000000000000000e+00) (0, 0, 0.00000000000000000000e+00) (0, 0, 0.00000000000000000000e+00) (0, 0, 0.00000000000000000000e+00) (0, 0, 0.00000000000000000000e+00) (10, 3, 5.00000000000000000000e-01) (10, 3, 5.00000000000000000000e-01) (10, 3, 5.00000000000000000000e-01) (10, 3, 5.00000000000000000000e-01) (0, 3, 0.00000000000000000000e+00) (5, 3, 5.00000000000000000000e-01) (0, 3, 0.00000000000000000000e+00) 
connections (connected_to_neuron, weight)=(0, -5.51788806915283203125e+00) (1, -2.06868705749511718750e+01) (2, -4.00010585784912109375e+00) (3, -8.44808101654052734375e+00) (4, 1.65952253341674804688e+00) (5, 1.09810185432434082031e+00) (6, 1.69617519378662109375e+01) (7, 6.79430055618286132812e+00) (8, 2.60295438766479492188e+00) (9, 6.27577483654022216797e-01) (0, -5.89061164855957031250e+00) (1, 8.85549128055572509766e-01) (2, 1.51275348663330078125e+00) (3, -7.94998836517333984375e+00) (4, 2.31157588958740234375e+00) (5, 3.77124824523925781250e+01) (6, -2.21034107208251953125e+01) (7, -2.82759094238281250000e+00) (8, -2.53663778305053710938e-01) (9, -3.49048161506652832031e+00) (0, -6.16971826553344726562e+00) (1, 2.66429930925369262695e-01) (2, 6.18212759494781494141e-01) (3, 1.95003795623779296875e+00) (4, 1.01233978271484375000e+01) (5, 1.38740577697753906250e+01) (6, -2.88224744796752929688e+00) (7, -9.75816726684570312500e-01) (8, -1.78200936317443847656e+00) (9, -4.02565479278564453125e+00) (0, -1.90887975692749023438e+00) (1, 1.04782736301422119141e+00) (2, 4.35520857572555541992e-01) (3, -6.75095510482788085938e+00) (4, -1.82367527484893798828e+00) (5, 6.22618770599365234375e+00) (6, -2.56776332855224609375e+00) (7, -3.36135721206665039062e+00) (8, 5.93457460403442382812e+00) (9, 1.35456669330596923828e+00) (10, 1.96997237205505371094e+00) (11, 2.03986048698425292969e+00) (12, 4.59772109985351562500e-01) (13, -2.74777621030807495117e-01) (14, -1.36505675315856933594e+00) 
