FANN_FLO_2.1
num_layers=3
learning_rate=0.400000
connection_rate=1.000000
network_type=0
learning_momentum=0.000000
training_algorithm=2
train_error_function=1
train_stop_function=0
cascade_output_change_fraction=0.010000
quickprop_decay=-0.000100
quickprop_mu=1.750000
rprop_increase_factor=1.200000
rprop_decrease_factor=0.500000
rprop_delta_min=0.000000
rprop_delta_max=50.000000
rprop_delta_zero=0.100000
cascade_output_stagnation_epochs=12
cascade_candidate_change_fraction=0.010000
cascade_candidate_stagnation_epochs=12
cascade_max_out_epochs=150
cascade_min_out_epochs=50
cascade_max_cand_epochs=150
cascade_min_cand_epochs=50
cascade_num_candidate_groups=2
bit_fail_limit=3.49999994039535522461e-01
cascade_candidate_limit=1.00000000000000000000e+03
cascade_weight_multiplier=4.00000005960464477539e-01
cascade_activation_functions_count=10
cascade_activation_functions=3 5 7 8 10 11 14 15 16 17 
cascade_activation_steepnesses_count=4
cascade_activation_steepnesses=2.50000000000000000000e-01 5.00000000000000000000e-01 7.50000000000000000000e-01 1.00000000000000000000e+00 
layer_sizes=7 9 2 
scale_included=0
neurons (num_inputs, activation_function, activation_steepness)=(0, 0, 0.00000000000000000000e+00) (0, 0, 0.00000000000000000000e+00) (0, 0, 0.00000000000000000000e+00) (0, 0, 0.00000000000000000000e+00) (0, 0, 0.00000000000000000000e+00) (0, 0, 0.00000000000000000000e+00) (0, 0, 0.00000000000000000000e+00) (7, 3, 5.00000000000000000000e-01) (7, 3, 5.00000000000000000000e-01) (7, 3, 5.00000000000000000000e-01) (7, 3, 5.00000000000000000000e-01) (7, 3, 5.00000000000000000000e-01) (7, 3, 5.00000000000000000000e-01) (7, 3, 5.00000000000000000000e-01) (7, 3, 5.00000000000000000000e-01) (0, 3, 0.00000000000000000000e+00) (9, 3, 5.00000000000000000000e-01) (0, 3, 0.00000000000000000000e+00) 
connections (connected_to_neuron, weight)=(0, -1.33858287334442138672e+00) (1, -2.78734534978866577148e-01) (2, -4.11928844451904296875e+00) (3, -8.69138062000274658203e-01) (4, -1.16206228733062744141e+00) (5, 6.38829183578491210938e+00) (6, 2.18553018569946289062e+00) (0, -1.94397044181823730469e+00) (1, -2.81671404838562011719e+00) (2, -3.69386100769042968750e+00) (3, 6.16514444351196289062e-01) (4, 2.78552746772766113281e+00) (5, 5.56085169315338134766e-01) (6, -1.22494268417358398438e+00) (0, 2.17534780502319335938e+00) (1, 2.63566106557846069336e-01) (2, -1.16299915313720703125e+00) (3, 1.01569116115570068359e+00) (4, 3.21651244163513183594e+00) (5, -4.82907712459564208984e-01) (6, -5.08322060108184814453e-01) (0, -6.23520553112030029297e-01) (1, 2.28940024971961975098e-01) (2, -2.89030385017395019531e+00) (3, -1.94788181781768798828e+00) (4, -5.82411670684814453125e+00) (5, 8.51539802551269531250e+00) (6, 1.57791101932525634766e+00) (0, -1.15664792060852050781e+00) (1, -1.98423767089843750000e+00) (2, -1.95291554927825927734e+00) (3, 1.88902342319488525391e+00) (4, -1.91602647304534912109e+00) (5, 8.85082912445068359375e+00) (6, -4.22348070144653320312e+00) (0, -2.24938678741455078125e+00) (1, -2.65497350692749023438e+00) (2, -2.33035087585449218750e+00) (3, 1.32199013233184814453e+00) (4, 1.23091483116149902344e+00) (5, 1.60586524009704589844e+00) (6, -2.21751332283020019531e+00) (0, -2.44972372055053710938e+00) (1, 4.83664959669113159180e-01) (2, -5.39282739162445068359e-01) (3, -1.65814089775085449219e+00) (4, -2.52086830139160156250e+00) (5, 1.35760974884033203125e+00) (6, 1.22402560710906982422e+00) (0, -3.67227625846862792969e+00) (1, 5.71282207965850830078e-01) (2, 1.96594133973121643066e-01) (3, -2.01090264320373535156e+00) (4, -2.51251506805419921875e+00) (5, 1.03529608249664306641e+00) (6, 1.52343177795410156250e+00) (7, -2.16219925880432128906e+00) (8, 4.72638034820556640625e+00) (9, 7.64288544654846191406e-01) (10, -1.12783265113830566406e+00) (11, 3.64144706726074218750e+00) (12, 1.99676144123077392578e+00) (13, -5.81605792045593261719e-01) (14, -1.46034502983093261719e+00) (15, -1.05549305677413940430e-01) 
