FANN_FLO_2.1
num_layers=3
learning_rate=0.400000
connection_rate=1.000000
network_type=0
learning_momentum=0.000000
training_algorithm=2
train_error_function=1
train_stop_function=0
cascade_output_change_fraction=0.010000
quickprop_decay=-0.000100
quickprop_mu=1.750000
rprop_increase_factor=1.200000
rprop_decrease_factor=0.500000
rprop_delta_min=0.000000
rprop_delta_max=50.000000
rprop_delta_zero=0.100000
cascade_output_stagnation_epochs=12
cascade_candidate_change_fraction=0.010000
cascade_candidate_stagnation_epochs=12
cascade_max_out_epochs=150
cascade_min_out_epochs=50
cascade_max_cand_epochs=150
cascade_min_cand_epochs=50
cascade_num_candidate_groups=2
bit_fail_limit=3.49999994039535522461e-01
cascade_candidate_limit=1.00000000000000000000e+03
cascade_weight_multiplier=4.00000005960464477539e-01
cascade_activation_functions_count=10
cascade_activation_functions=3 5 7 8 10 11 14 15 16 17 
cascade_activation_steepnesses_count=4
cascade_activation_steepnesses=2.50000000000000000000e-01 5.00000000000000000000e-01 7.50000000000000000000e-01 1.00000000000000000000e+00 
layer_sizes=19 3 3 
scale_included=0
neurons (num_inputs, activation_function, activation_steepness)=(0, 0, 0.00000000000000000000e+00) (0, 0, 0.00000000000000000000e+00) (0, 0, 0.00000000000000000000e+00) (0, 0, 0.00000000000000000000e+00) (0, 0, 0.00000000000000000000e+00) (0, 0, 0.00000000000000000000e+00) (0, 0, 0.00000000000000000000e+00) (0, 0, 0.00000000000000000000e+00) (0, 0, 0.00000000000000000000e+00) (0, 0, 0.00000000000000000000e+00) (0, 0, 0.00000000000000000000e+00) (0, 0, 0.00000000000000000000e+00) (0, 0, 0.00000000000000000000e+00) (0, 0, 0.00000000000000000000e+00) (0, 0, 0.00000000000000000000e+00) (0, 0, 0.00000000000000000000e+00) (0, 0, 0.00000000000000000000e+00) (0, 0, 0.00000000000000000000e+00) (0, 0, 0.00000000000000000000e+00) (19, 3, 5.00000000000000000000e-01) (19, 3, 5.00000000000000000000e-01) (0, 3, 0.00000000000000000000e+00) (3, 3, 5.00000000000000000000e-01) (3, 3, 5.00000000000000000000e-01) (0, 3, 0.00000000000000000000e+00) 
connections (connected_to_neuron, weight)=(0, -6.37441217899322509766e-01) (1, 1.48030924797058105469e+00) (2, -6.61876201629638671875e+00) (3, -7.98189222812652587891e-01) (4, 8.48250102996826171875e+00) (5, -1.11735391616821289062e+01) (6, -2.20795202255249023438e+00) (7, 3.89999890327453613281e+00) (8, -3.90252375602722167969e+00) (9, 2.29552984237670898438e+00) (10, -4.45036745071411132812e+00) (11, 4.74486494064331054688e+00) (12, -4.20982450246810913086e-01) (13, -1.94417297840118408203e+00) (14, 7.57265377044677734375e+00) (15, 9.15359240025281906128e-03) (16, -8.52423858642578125000e+00) (17, 5.64590263366699218750e+00) (18, 1.29109573364257812500e+00) (0, -2.77827769517898559570e-01) (1, -1.26984429359436035156e+00) (2, 3.51401376724243164062e+00) (3, 1.44917936995625495911e-02) (4, -4.19388389587402343750e+00) (5, 5.82952404022216796875e+00) (6, 1.11023640632629394531e+00) (7, -2.24249553680419921875e+00) (8, 2.19986534118652343750e+00) (9, -1.14044451713562011719e+00) (10, 2.52337002754211425781e+00) (11, -3.75655698776245117188e+00) (12, -4.33142244815826416016e-01) (13, 1.23494923114776611328e+00) (14, -3.68700313568115234375e+00) (15, -1.06950092315673828125e+00) (16, 3.34937381744384765625e+00) (17, -3.11817884445190429688e+00) (18, -4.49459940195083618164e-01) (19, -1.78628766536712646484e+00) (20, -1.98836040496826171875e+00) (21, 9.59026098251342773438e-01) (19, 1.78576433658599853516e+00) (20, 1.98753368854522705078e+00) (21, -9.59095835685729980469e-01) 
