FANN_FLO_2.1
num_layers=4
learning_rate=0.400000
connection_rate=1.000000
network_type=0
learning_momentum=0.000000
training_algorithm=2
train_error_function=1
train_stop_function=0
cascade_output_change_fraction=0.010000
quickprop_decay=-0.000100
quickprop_mu=1.750000
rprop_increase_factor=1.200000
rprop_decrease_factor=0.500000
rprop_delta_min=0.000000
rprop_delta_max=50.000000
rprop_delta_zero=0.100000
cascade_output_stagnation_epochs=12
cascade_candidate_change_fraction=0.010000
cascade_candidate_stagnation_epochs=12
cascade_max_out_epochs=150
cascade_min_out_epochs=50
cascade_max_cand_epochs=150
cascade_min_cand_epochs=50
cascade_num_candidate_groups=2
bit_fail_limit=3.49999994039535522461e-01
cascade_candidate_limit=1.00000000000000000000e+03
cascade_weight_multiplier=4.00000005960464477539e-01
cascade_activation_functions_count=10
cascade_activation_functions=3 5 7 8 10 11 14 15 16 17 
cascade_activation_steepnesses_count=4
cascade_activation_steepnesses=2.50000000000000000000e-01 5.00000000000000000000e-01 7.50000000000000000000e-01 1.00000000000000000000e+00 
layer_sizes=7 5 5 2 
scale_included=0
neurons (num_inputs, activation_function, activation_steepness)=(0, 0, 0.00000000000000000000e+00) (0, 0, 0.00000000000000000000e+00) (0, 0, 0.00000000000000000000e+00) (0, 0, 0.00000000000000000000e+00) (0, 0, 0.00000000000000000000e+00) (0, 0, 0.00000000000000000000e+00) (0, 0, 0.00000000000000000000e+00) (7, 3, 5.00000000000000000000e-01) (7, 3, 5.00000000000000000000e-01) (7, 3, 5.00000000000000000000e-01) (7, 3, 5.00000000000000000000e-01) (0, 3, 0.00000000000000000000e+00) (5, 3, 5.00000000000000000000e-01) (5, 3, 5.00000000000000000000e-01) (5, 3, 5.00000000000000000000e-01) (5, 3, 5.00000000000000000000e-01) (0, 3, 0.00000000000000000000e+00) (5, 3, 5.00000000000000000000e-01) (0, 3, 0.00000000000000000000e+00) 
connections (connected_to_neuron, weight)=(0, -5.60791373252868652344e-01) (1, -1.03837311267852783203e+00) (2, -1.01192970275878906250e+01) (3, -4.13664245605468750000e+01) (4, -1.46915245056152343750e+00) (5, 4.42392110824584960938e+00) (6, 1.00674962997436523438e+01) (0, -4.05608844757080078125e+00) (1, 4.04274826049804687500e+01) (2, -3.55460662841796875000e+01) (3, -5.67307586669921875000e+01) (4, -2.77065873146057128906e+00) (5, -1.94960079193115234375e+01) (6, 3.28117632865905761719e+00) (0, -4.24577617645263671875e+00) (1, 2.33777236938476562500e+01) (2, -1.06311973571777343750e+02) (3, -8.60603523254394531250e+00) (4, -3.25115299224853515625e+00) (5, -8.53867340087890625000e+00) (6, 6.12536048889160156250e+00) (0, -4.48259210586547851562e+00) (1, -3.39687466621398925781e+00) (2, -1.62806015014648437500e+01) (3, -2.92523145675659179688e+00) (4, -1.21641616821289062500e+01) (5, 1.99664378166198730469e+00) (6, 8.38873672485351562500e+00) (7, -1.50000000000000000000e+03) (8, 5.95218582153320312500e+01) (9, 2.23883838653564453125e+01) (10, -1.50000000000000000000e+03) (11, -1.88851127624511718750e+01) (7, 1.50000000000000000000e+03) (8, 1.32947460937500000000e+03) (9, -1.26292053222656250000e+03) (10, 1.50000000000000000000e+03) (11, 1.31214272975921630859e+00) (7, 1.50000000000000000000e+03) (8, 1.50000000000000000000e+03) (9, -1.11866235733032226562e+00) (10, 1.50000000000000000000e+03) (11, 2.37099003791809082031e+00) (7, 1.50000000000000000000e+03) (8, 1.50000000000000000000e+03) (9, 1.52762711048126220703e+00) (10, 1.50000000000000000000e+03) (11, -6.00668251514434814453e-01) (12, 8.88371229171752929688e-01) (13, -9.20535624027252197266e-01) (14, -1.34123826026916503906e+00) (15, -6.55824303627014160156e-01) (16, -4.79230880737304687500e-01) 
