FANN_FLO_2.1
num_layers=4
learning_rate=0.500000
connection_rate=1.000000
network_type=0
learning_momentum=0.000000
training_algorithm=2
train_error_function=1
train_stop_function=0
cascade_output_change_fraction=0.010000
quickprop_decay=-0.000100
quickprop_mu=1.750000
rprop_increase_factor=1.200000
rprop_decrease_factor=0.500000
rprop_delta_min=0.000000
rprop_delta_max=50.000000
rprop_delta_zero=0.100000
cascade_output_stagnation_epochs=12
cascade_candidate_change_fraction=0.010000
cascade_candidate_stagnation_epochs=12
cascade_max_out_epochs=150
cascade_min_out_epochs=50
cascade_max_cand_epochs=150
cascade_min_cand_epochs=50
cascade_num_candidate_groups=2
bit_fail_limit=3.49999994039535522461e-01
cascade_candidate_limit=1.00000000000000000000e+03
cascade_weight_multiplier=4.00000005960464477539e-01
cascade_activation_functions_count=10
cascade_activation_functions=3 5 7 8 10 11 14 15 16 17 
cascade_activation_steepnesses_count=4
cascade_activation_steepnesses=2.50000000000000000000e-01 5.00000000000000000000e-01 7.50000000000000000000e-01 1.00000000000000000000e+00 
layer_sizes=10 5 3 2 
scale_included=0
neurons (num_inputs, activation_function, activation_steepness)=(0, 0, 0.00000000000000000000e+00) (0, 0, 0.00000000000000000000e+00) (0, 0, 0.00000000000000000000e+00) (0, 0, 0.00000000000000000000e+00) (0, 0, 0.00000000000000000000e+00) (0, 0, 0.00000000000000000000e+00) (0, 0, 0.00000000000000000000e+00) (0, 0, 0.00000000000000000000e+00) (0, 0, 0.00000000000000000000e+00) (0, 0, 0.00000000000000000000e+00) (10, 3, 5.00000000000000000000e-01) (10, 3, 5.00000000000000000000e-01) (10, 3, 5.00000000000000000000e-01) (10, 3, 5.00000000000000000000e-01) (0, 3, 0.00000000000000000000e+00) (5, 3, 5.00000000000000000000e-01) (5, 3, 5.00000000000000000000e-01) (0, 3, 0.00000000000000000000e+00) (3, 3, 5.00000000000000000000e-01) (0, 3, 0.00000000000000000000e+00) 
connections (connected_to_neuron, weight)=(0, -3.34371685981750488281e-01) (1, 3.80617141723632812500e-01) (2, -5.09424507617950439453e-01) (3, -7.25296437740325927734e-01) (4, 9.14453789591789245605e-02) (5, -6.36175155639648437500e-01) (6, -4.97231101989746093750e+00) (7, -5.47327995300292968750e-01) (8, 2.15785309672355651855e-01) (9, 3.33133697509765625000e+00) (0, 1.11422481536865234375e+01) (1, -2.10108304023742675781e+00) (2, 2.25628066062927246094e+00) (3, 1.44219541549682617188e+00) (4, -7.75981009006500244141e-01) (5, 2.67358803749084472656e+00) (6, 4.97276753187179565430e-01) (7, 6.56457126140594482422e-01) (8, 9.55652773380279541016e-01) (9, -3.68363070487976074219e+00) (0, -6.01704716682434082031e-01) (1, -2.28845421224832534790e-02) (2, -2.18687236309051513672e-01) (3, -1.67933785915374755859e+00) (4, 1.55398681759834289551e-01) (5, -1.17054009437561035156e+00) (6, -1.16537070274353027344e+00) (7, -2.99753844738006591797e-01) (8, 1.79273262619972229004e-01) (9, 1.71468973159790039062e+00) (0, 6.86371564865112304688e-01) (1, -7.47769451141357421875e+00) (2, -6.06444025039672851562e+00) (3, 1.19886323809623718262e-01) (4, 6.90783441066741943359e-01) (5, -3.00615549087524414062e+00) (6, 9.04118716716766357422e-01) (7, 4.09426259994506835938e+00) (8, -6.83292293548583984375e+00) (9, 2.69052791595458984375e+00) (10, 1.10271892547607421875e+01) (11, -9.64712810516357421875e+00) (12, 1.34055614471435546875e+01) (13, 1.20323901367187500000e+03) (14, -8.92137169837951660156e-01) (10, 8.63525867462158203125e+00) (11, -7.84217977523803710938e+00) (12, 1.16538066864013671875e+01) (13, 1.44120007324218750000e+03) (14, 9.54706668853759765625e-02) (15, 2.88649749755859375000e+00) (16, 2.37908720970153808594e-01) (17, -2.25791049003601074219e+00) 
