FANN_FLO_2.1
num_layers=3
learning_rate=0.400000
connection_rate=1.000000
network_type=0
learning_momentum=0.000000
training_algorithm=2
train_error_function=1
train_stop_function=0
cascade_output_change_fraction=0.010000
quickprop_decay=-0.000100
quickprop_mu=1.750000
rprop_increase_factor=1.200000
rprop_decrease_factor=0.500000
rprop_delta_min=0.000000
rprop_delta_max=50.000000
rprop_delta_zero=0.100000
cascade_output_stagnation_epochs=12
cascade_candidate_change_fraction=0.010000
cascade_candidate_stagnation_epochs=12
cascade_max_out_epochs=150
cascade_min_out_epochs=50
cascade_max_cand_epochs=150
cascade_min_cand_epochs=50
cascade_num_candidate_groups=2
bit_fail_limit=3.49999994039535522461e-01
cascade_candidate_limit=1.00000000000000000000e+03
cascade_weight_multiplier=4.00000005960464477539e-01
cascade_activation_functions_count=10
cascade_activation_functions=3 5 7 8 10 11 14 15 16 17 
cascade_activation_steepnesses_count=4
cascade_activation_steepnesses=2.50000000000000000000e-01 5.00000000000000000000e-01 7.50000000000000000000e-01 1.00000000000000000000e+00 
layer_sizes=7 9 2 
scale_included=0
neurons (num_inputs, activation_function, activation_steepness)=(0, 0, 0.00000000000000000000e+00) (0, 0, 0.00000000000000000000e+00) (0, 0, 0.00000000000000000000e+00) (0, 0, 0.00000000000000000000e+00) (0, 0, 0.00000000000000000000e+00) (0, 0, 0.00000000000000000000e+00) (0, 0, 0.00000000000000000000e+00) (7, 3, 5.00000000000000000000e-01) (7, 3, 5.00000000000000000000e-01) (7, 3, 5.00000000000000000000e-01) (7, 3, 5.00000000000000000000e-01) (7, 3, 5.00000000000000000000e-01) (7, 3, 5.00000000000000000000e-01) (7, 3, 5.00000000000000000000e-01) (7, 3, 5.00000000000000000000e-01) (0, 3, 0.00000000000000000000e+00) (9, 3, 5.00000000000000000000e-01) (0, 3, 0.00000000000000000000e+00) 
connections (connected_to_neuron, weight)=(0, -2.22166204452514648438e+00) (1, -3.04991006851196289062e+00) (2, 1.89300489425659179688e+00) (3, -4.31518459320068359375e+00) (4, -1.76575219631195068359e+00) (5, 3.73753041028976440430e-01) (6, 7.34363460540771484375e+00) (0, 7.74260878562927246094e-01) (1, -6.25258111953735351562e+00) (2, 1.80883731842041015625e+01) (3, -5.87783956527709960938e+00) (4, 4.02460336685180664062e+00) (5, -4.33065557479858398438e+00) (6, 4.83015584945678710938e+00) (0, 2.21819806098937988281e+00) (1, 8.42376887798309326172e-01) (2, -5.03311538696289062500e+01) (3, 1.06710710525512695312e+01) (4, -7.00457811355590820312e+00) (5, -2.25393936038017272949e-01) (6, -2.15189313888549804688e+00) (0, 1.33863711357116699219e+00) (1, 1.96818695068359375000e+01) (2, 7.31007156372070312500e+01) (3, 2.88076353073120117188e+00) (4, -4.87223663330078125000e+01) (5, -6.43800926208496093750e+00) (6, -1.01817398071289062500e+01) (0, -2.08632159233093261719e+00) (1, -3.93891978263854980469e+00) (2, 4.52185583114624023438e+00) (3, -4.40720558166503906250e+00) (4, -1.97779309749603271484e+00) (5, 1.81276366114616394043e-01) (6, 7.89246988296508789062e+00) (0, -2.90353484451770782471e-02) (1, -1.64064521789550781250e+01) (2, 2.98334193229675292969e+00) (3, -1.97494089603424072266e+00) (4, -6.95387184619903564453e-01) (5, 5.38211345672607421875e+00) (6, 4.05944406986236572266e-01) (0, 1.62066688537597656250e+01) (1, -9.68589782714843750000e+00) (2, 1.38376483917236328125e+01) (3, -4.98876714706420898438e+00) (4, -1.19523763656616210938e-01) (5, -1.00214824676513671875e+01) (6, 5.24270439147949218750e+00) (0, -1.98202819824218750000e+01) (1, 1.88275928497314453125e+01) (2, -7.87250518798828125000e+00) (3, -3.31929206848144531250e+00) (4, -6.36703133583068847656e-01) (5, 6.31830263137817382812e+00) (6, 1.60755252838134765625e+00) (7, -5.19050419330596923828e-01) (8, -4.00609523057937622070e-01) (9, -4.11400288343429565430e-01) (10, -9.42631542682647705078e-01) (11, -5.02073824405670166016e-01) (12, -8.45509815216064453125e+00) (13, -2.59813094139099121094e+00) (14, -2.95807051658630371094e+00) (15, 2.14469671249389648438e+00) 
