FANN_FLO_2.1
num_layers=3
learning_rate=0.500000
connection_rate=1.000000
network_type=0
learning_momentum=0.000000
training_algorithm=2
train_error_function=1
train_stop_function=0
cascade_output_change_fraction=0.010000
quickprop_decay=-0.000100
quickprop_mu=1.750000
rprop_increase_factor=1.200000
rprop_decrease_factor=0.500000
rprop_delta_min=0.000000
rprop_delta_max=50.000000
rprop_delta_zero=0.100000
cascade_output_stagnation_epochs=12
cascade_candidate_change_fraction=0.010000
cascade_candidate_stagnation_epochs=12
cascade_max_out_epochs=150
cascade_min_out_epochs=50
cascade_max_cand_epochs=150
cascade_min_cand_epochs=50
cascade_num_candidate_groups=2
bit_fail_limit=3.49999994039535522461e-01
cascade_candidate_limit=1.00000000000000000000e+03
cascade_weight_multiplier=4.00000005960464477539e-01
cascade_activation_functions_count=10
cascade_activation_functions=3 5 7 8 10 11 14 15 16 17 
cascade_activation_steepnesses_count=4
cascade_activation_steepnesses=2.50000000000000000000e-01 5.00000000000000000000e-01 7.50000000000000000000e-01 1.00000000000000000000e+00 
layer_sizes=10 5 2 
scale_included=0
neurons (num_inputs, activation_function, activation_steepness)=(0, 0, 0.00000000000000000000e+00) (0, 0, 0.00000000000000000000e+00) (0, 0, 0.00000000000000000000e+00) (0, 0, 0.00000000000000000000e+00) (0, 0, 0.00000000000000000000e+00) (0, 0, 0.00000000000000000000e+00) (0, 0, 0.00000000000000000000e+00) (0, 0, 0.00000000000000000000e+00) (0, 0, 0.00000000000000000000e+00) (0, 0, 0.00000000000000000000e+00) (10, 3, 5.00000000000000000000e-01) (10, 3, 5.00000000000000000000e-01) (10, 3, 5.00000000000000000000e-01) (10, 3, 5.00000000000000000000e-01) (0, 3, 0.00000000000000000000e+00) (5, 3, 5.00000000000000000000e-01) (0, 3, 0.00000000000000000000e+00) 
connections (connected_to_neuron, weight)=(0, 2.41984415054321289062e+00) (1, 9.25855159759521484375e+00) (2, 2.36354827880859375000e+00) (3, -2.12905430793762207031e+00) (4, 5.62177360057830810547e-01) (5, -4.04670953750610351562e-01) (6, -9.66458225250244140625e+00) (7, -2.53504467010498046875e+00) (8, -2.84854865074157714844e+00) (9, 7.49078691005706787109e-01) (0, -9.06834125518798828125e+00) (1, 5.31822824478149414062e+00) (2, 1.47396488189697265625e+01) (3, -1.23851346969604492188e+01) (4, 8.77239823341369628906e-01) (5, 4.80687141418457031250e+00) (6, 4.84183740615844726562e+00) (7, -3.17008829116821289062e+00) (8, -8.29238700866699218750e+00) (9, -5.56942582130432128906e-01) (0, 1.60077655315399169922e+00) (1, -1.58391094207763671875e+00) (2, 1.31834535598754882812e+01) (3, -5.46371519565582275391e-01) (4, -1.97845458984375000000e+00) (5, -4.78171205520629882812e+00) (6, -1.12489376068115234375e+01) (7, 7.80518174171447753906e-01) (8, 1.85236680507659912109e+00) (9, 2.25370860099792480469e+00) (0, 1.60320615768432617188e+00) (1, -9.64388728141784667969e-01) (2, 1.25449857711791992188e+01) (3, 5.29045343399047851562e-01) (4, -1.80870068073272705078e+00) (5, -4.78656101226806640625e+00) (6, -1.27190637588500976562e+01) (7, 2.28052234649658203125e+00) (8, 1.88493406772613525391e+00) (9, 1.79668951034545898438e+00) (10, 3.39655160903930664062e+00) (11, 2.08875274658203125000e+00) (12, -3.00961971282958984375e+00) (13, -2.46048259735107421875e+00) (14, 9.12992715835571289062e-01) 
