FANN_FLO_2.1
num_layers=3
learning_rate=0.400000
connection_rate=1.000000
network_type=0
learning_momentum=0.000000
training_algorithm=2
train_error_function=1
train_stop_function=0
cascade_output_change_fraction=0.010000
quickprop_decay=-0.000100
quickprop_mu=1.750000
rprop_increase_factor=1.200000
rprop_decrease_factor=0.500000
rprop_delta_min=0.000000
rprop_delta_max=50.000000
rprop_delta_zero=0.100000
cascade_output_stagnation_epochs=12
cascade_candidate_change_fraction=0.010000
cascade_candidate_stagnation_epochs=12
cascade_max_out_epochs=150
cascade_min_out_epochs=50
cascade_max_cand_epochs=150
cascade_min_cand_epochs=50
cascade_num_candidate_groups=2
bit_fail_limit=3.49999994039535522461e-01
cascade_candidate_limit=1.00000000000000000000e+03
cascade_weight_multiplier=4.00000005960464477539e-01
cascade_activation_functions_count=10
cascade_activation_functions=3 5 7 8 10 11 14 15 16 17 
cascade_activation_steepnesses_count=4
cascade_activation_steepnesses=2.50000000000000000000e-01 5.00000000000000000000e-01 7.50000000000000000000e-01 1.00000000000000000000e+00 
layer_sizes=7 5 2 
scale_included=0
neurons (num_inputs, activation_function, activation_steepness)=(0, 0, 0.00000000000000000000e+00) (0, 0, 0.00000000000000000000e+00) (0, 0, 0.00000000000000000000e+00) (0, 0, 0.00000000000000000000e+00) (0, 0, 0.00000000000000000000e+00) (0, 0, 0.00000000000000000000e+00) (0, 0, 0.00000000000000000000e+00) (7, 3, 5.00000000000000000000e-01) (7, 3, 5.00000000000000000000e-01) (7, 3, 5.00000000000000000000e-01) (7, 3, 5.00000000000000000000e-01) (0, 3, 0.00000000000000000000e+00) (5, 3, 5.00000000000000000000e-01) (0, 3, 0.00000000000000000000e+00) 
connections (connected_to_neuron, weight)=(0, -1.23227043151855468750e+01) (1, 1.05934877395629882812e+01) (2, -3.76936197280883789062e+00) (3, -2.07305812835693359375e+00) (4, -1.12015676498413085938e+00) (5, 3.58707690238952636719e+00) (6, 1.80136203765869140625e+00) (0, -6.37434625625610351562e+00) (1, -2.49700856208801269531e+00) (2, -8.15306127071380615234e-01) (3, -1.57232255935668945312e+01) (4, 9.73240280151367187500e+00) (5, -6.93325757980346679688e-01) (6, 7.97830104827880859375e-01) (0, 5.38741636276245117188e+00) (1, -5.78381729125976562500e+00) (2, 1.88342723995447158813e-02) (3, -6.00521564483642578125e-01) (4, -8.14140975475311279297e-01) (5, -2.14141583442687988281e+00) (6, 2.52069926261901855469e+00) (0, 1.57209539413452148438e+01) (1, -1.59973735809326171875e+01) (2, 1.05003433227539062500e+01) (3, -2.28602147102355957031e+00) (4, 5.11602520942687988281e-01) (5, -8.92775249481201171875e+00) (6, 9.03062152862548828125e+00) (7, -4.82286691665649414062e+00) (8, -8.73138844966888427734e-01) (9, -2.89519667625427246094e+00) (10, -2.40777993202209472656e+00) (11, 3.79397678375244140625e+00) 
