FANN_FLO_2.1
num_layers=3
learning_rate=0.400000
connection_rate=1.000000
network_type=0
learning_momentum=0.000000
training_algorithm=2
train_error_function=1
train_stop_function=0
cascade_output_change_fraction=0.010000
quickprop_decay=-0.000100
quickprop_mu=1.750000
rprop_increase_factor=1.200000
rprop_decrease_factor=0.500000
rprop_delta_min=0.000000
rprop_delta_max=50.000000
rprop_delta_zero=0.100000
cascade_output_stagnation_epochs=12
cascade_candidate_change_fraction=0.010000
cascade_candidate_stagnation_epochs=12
cascade_max_out_epochs=150
cascade_min_out_epochs=50
cascade_max_cand_epochs=150
cascade_min_cand_epochs=50
cascade_num_candidate_groups=2
bit_fail_limit=3.49999994039535522461e-01
cascade_candidate_limit=1.00000000000000000000e+03
cascade_weight_multiplier=4.00000005960464477539e-01
cascade_activation_functions_count=10
cascade_activation_functions=3 5 7 8 10 11 14 15 16 17 
cascade_activation_steepnesses_count=4
cascade_activation_steepnesses=2.50000000000000000000e-01 5.00000000000000000000e-01 7.50000000000000000000e-01 1.00000000000000000000e+00 
layer_sizes=7 5 2 
scale_included=0
neurons (num_inputs, activation_function, activation_steepness)=(0, 0, 0.00000000000000000000e+00) (0, 0, 0.00000000000000000000e+00) (0, 0, 0.00000000000000000000e+00) (0, 0, 0.00000000000000000000e+00) (0, 0, 0.00000000000000000000e+00) (0, 0, 0.00000000000000000000e+00) (0, 0, 0.00000000000000000000e+00) (7, 3, 5.00000000000000000000e-01) (7, 3, 5.00000000000000000000e-01) (7, 3, 5.00000000000000000000e-01) (7, 3, 5.00000000000000000000e-01) (0, 3, 0.00000000000000000000e+00) (5, 3, 5.00000000000000000000e-01) (0, 3, 0.00000000000000000000e+00) 
connections (connected_to_neuron, weight)=(0, -5.19353008270263671875e+00) (1, 5.36663293838500976562e+00) (2, -6.87887954711914062500e+00) (3, -1.18709218502044677734e+00) (4, -5.67197203636169433594e-01) (5, -1.50000000000000000000e+03) (6, -3.78360718488693237305e-01) (0, 1.52839593887329101562e+01) (1, -1.64299030303955078125e+01) (2, 6.14933431148529052734e-01) (3, -3.70959162712097167969e+00) (4, -9.75501060485839843750e-01) (5, 4.96479225158691406250e+00) (6, -5.18988037109375000000e+00) (0, -2.24989199638366699219e+00) (1, -5.03926658630371093750e+00) (2, 7.82160615921020507812e+00) (3, -5.77751493453979492188e+00) (4, -2.12650632858276367188e+00) (5, 1.11658543348312377930e-01) (6, 1.09235363006591796875e+01) (0, -1.10441904067993164062e+01) (1, 4.89104175567626953125e+00) (2, 2.33698654174804687500e+01) (3, -3.16155731678009033203e-01) (4, -6.53506666421890258789e-02) (5, 6.27724027633666992188e+00) (6, 5.15709996223449707031e-01) (7, -8.45960712432861328125e+00) (8, -1.12140331268310546875e+01) (9, -1.17867588996887207031e+00) (10, -1.42114698886871337891e+00) (11, 4.59436833858489990234e-01) 
