FANN_FLO_2.1
num_layers=4
learning_rate=0.500000
connection_rate=1.000000
network_type=0
learning_momentum=0.000000
training_algorithm=2
train_error_function=1
train_stop_function=0
cascade_output_change_fraction=0.010000
quickprop_decay=-0.000100
quickprop_mu=1.750000
rprop_increase_factor=1.200000
rprop_decrease_factor=0.500000
rprop_delta_min=0.000000
rprop_delta_max=50.000000
rprop_delta_zero=0.100000
cascade_output_stagnation_epochs=12
cascade_candidate_change_fraction=0.010000
cascade_candidate_stagnation_epochs=12
cascade_max_out_epochs=150
cascade_min_out_epochs=50
cascade_max_cand_epochs=150
cascade_min_cand_epochs=50
cascade_num_candidate_groups=2
bit_fail_limit=3.49999994039535522461e-01
cascade_candidate_limit=1.00000000000000000000e+03
cascade_weight_multiplier=4.00000005960464477539e-01
cascade_activation_functions_count=10
cascade_activation_functions=3 5 7 8 10 11 14 15 16 17 
cascade_activation_steepnesses_count=4
cascade_activation_steepnesses=2.50000000000000000000e-01 5.00000000000000000000e-01 7.50000000000000000000e-01 1.00000000000000000000e+00 
layer_sizes=10 5 3 2 
scale_included=0
neurons (num_inputs, activation_function, activation_steepness)=(0, 0, 0.00000000000000000000e+00) (0, 0, 0.00000000000000000000e+00) (0, 0, 0.00000000000000000000e+00) (0, 0, 0.00000000000000000000e+00) (0, 0, 0.00000000000000000000e+00) (0, 0, 0.00000000000000000000e+00) (0, 0, 0.00000000000000000000e+00) (0, 0, 0.00000000000000000000e+00) (0, 0, 0.00000000000000000000e+00) (0, 0, 0.00000000000000000000e+00) (10, 3, 5.00000000000000000000e-01) (10, 3, 5.00000000000000000000e-01) (10, 3, 5.00000000000000000000e-01) (10, 3, 5.00000000000000000000e-01) (0, 3, 0.00000000000000000000e+00) (5, 3, 5.00000000000000000000e-01) (5, 3, 5.00000000000000000000e-01) (0, 3, 0.00000000000000000000e+00) (3, 3, 5.00000000000000000000e-01) (0, 3, 0.00000000000000000000e+00) 
connections (connected_to_neuron, weight)=(0, -1.60887098312377929688e+00) (1, 3.99871110916137695312e-01) (2, 2.18074703216552734375e+00) (3, -1.87152624130249023438e+00) (4, 5.06381511688232421875e-01) (5, 1.87227594852447509766e+00) (6, -3.57754158973693847656e+00) (7, -5.23395955562591552734e-01) (8, 5.34345984458923339844e-01) (9, 1.26857578754425048828e+00) (0, 1.29627037048339843750e+00) (1, 3.61498087644577026367e-01) (2, -5.21705985069274902344e-01) (3, 8.64163875579833984375e-01) (4, 4.15668562054634094238e-02) (5, -2.95396494865417480469e+00) (6, 2.01519823074340820312e+00) (7, 1.40979909896850585938e+00) (8, -8.29778730869293212891e-01) (9, -6.34874820709228515625e-01) (0, -3.49039286375045776367e-01) (1, -1.72618910670280456543e-01) (2, -7.30531740188598632812e+00) (3, -3.12640592455863952637e-02) (4, 3.73088985681533813477e-01) (5, -1.47515182495117187500e+01) (6, 1.03223495483398437500e+01) (7, 3.23780864477157592773e-01) (8, -6.28450870513916015625e-01) (9, 1.19598902761936187744e-01) (0, 4.10575747489929199219e-01) (1, 1.55903768539428710938e+00) (2, 3.29370164871215820312e+00) (3, -3.28133511543273925781e+00) (4, -8.59741592407226562500e+00) (5, -4.28907155990600585938e+00) (6, 7.41896629333496093750e+00) (7, 1.36159434914588928223e-01) (8, -1.09194908142089843750e+01) (9, 5.64821052551269531250e+00) (10, -5.69803714752197265625e+00) (11, 3.40083789825439453125e+00) (12, -6.34475660324096679688e+00) (13, -8.52686405181884765625e-01) (14, -3.09057325124740600586e-01) (10, 3.59057188034057617188e+00) (11, -6.55891275405883789062e+00) (12, 4.82191543579101562500e+01) (13, 1.04078245162963867188e+01) (14, 3.47417332231998443604e-02) (15, -9.87759780883789062500e+00) (16, 9.69517409801483154297e-01) (17, -2.19944361597299575806e-02) 
