FANN_FLO_2.1
num_layers=4
learning_rate=0.500000
connection_rate=1.000000
network_type=0
learning_momentum=0.000000
training_algorithm=2
train_error_function=1
train_stop_function=0
cascade_output_change_fraction=0.010000
quickprop_decay=-0.000100
quickprop_mu=1.750000
rprop_increase_factor=1.200000
rprop_decrease_factor=0.500000
rprop_delta_min=0.000000
rprop_delta_max=50.000000
rprop_delta_zero=0.100000
cascade_output_stagnation_epochs=12
cascade_candidate_change_fraction=0.010000
cascade_candidate_stagnation_epochs=12
cascade_max_out_epochs=150
cascade_min_out_epochs=50
cascade_max_cand_epochs=150
cascade_min_cand_epochs=50
cascade_num_candidate_groups=2
bit_fail_limit=3.49999994039535522461e-01
cascade_candidate_limit=1.00000000000000000000e+03
cascade_weight_multiplier=4.00000005960464477539e-01
cascade_activation_functions_count=10
cascade_activation_functions=3 5 7 8 10 11 14 15 16 17 
cascade_activation_steepnesses_count=4
cascade_activation_steepnesses=2.50000000000000000000e-01 5.00000000000000000000e-01 7.50000000000000000000e-01 1.00000000000000000000e+00 
layer_sizes=2 5 3 3 
scale_included=0
neurons (num_inputs, activation_function, activation_steepness)=(0, 0, 0.00000000000000000000e+00) (0, 0, 0.00000000000000000000e+00) (2, 3, 5.00000000000000000000e-01) (2, 3, 5.00000000000000000000e-01) (2, 3, 5.00000000000000000000e-01) (2, 3, 5.00000000000000000000e-01) (0, 3, 0.00000000000000000000e+00) (5, 3, 5.00000000000000000000e-01) (5, 3, 5.00000000000000000000e-01) (0, 3, 0.00000000000000000000e+00) (3, 0, 5.00000000000000000000e-01) (3, 0, 5.00000000000000000000e-01) (0, 0, 0.00000000000000000000e+00) 
connections (connected_to_neuron, weight)=(0, -8.40683898925781250000e+01) (1, 1.60580310821533203125e+01) (0, -1.04790678024291992188e+01) (1, 3.28119921684265136719e+00) (0, -9.49700164794921875000e+00) (1, 2.64688515663146972656e+00) (0, -3.25646018981933593750e+01) (1, 1.56533253192901611328e+00) (2, 8.80837154388427734375e+00) (3, 1.07770013809204101562e+01) (4, -5.26751327514648437500e+00) (5, -1.22979087829589843750e+01) (6, -2.17099046707153320312e+00) (2, -8.17939817905426025391e-01) (3, -2.77661609649658203125e+00) (4, 4.32264834642410278320e-01) (5, -2.93449401855468750000e+00) (6, 2.64838099479675292969e+00) (7, -2.95049881935119628906e+00) (8, -2.90684533119201660156e+00) (9, 2.71444296836853027344e+00) (7, 2.50260591506958007812e+00) (8, -2.92264842987060546875e+00) (9, -6.52576237916946411133e-02) 
