FANN_FLO_2.1
num_layers=3
learning_rate=0.400000
connection_rate=1.000000
network_type=0
learning_momentum=0.000000
training_algorithm=2
train_error_function=1
train_stop_function=0
cascade_output_change_fraction=0.010000
quickprop_decay=-0.000100
quickprop_mu=1.750000
rprop_increase_factor=1.200000
rprop_decrease_factor=0.500000
rprop_delta_min=0.000000
rprop_delta_max=50.000000
rprop_delta_zero=0.100000
cascade_output_stagnation_epochs=12
cascade_candidate_change_fraction=0.010000
cascade_candidate_stagnation_epochs=12
cascade_max_out_epochs=150
cascade_min_out_epochs=50
cascade_max_cand_epochs=150
cascade_min_cand_epochs=50
cascade_num_candidate_groups=2
bit_fail_limit=3.49999994039535522461e-01
cascade_candidate_limit=1.00000000000000000000e+03
cascade_weight_multiplier=4.00000005960464477539e-01
cascade_activation_functions_count=10
cascade_activation_functions=3 5 7 8 10 11 14 15 16 17 
cascade_activation_steepnesses_count=4
cascade_activation_steepnesses=2.50000000000000000000e-01 5.00000000000000000000e-01 7.50000000000000000000e-01 1.00000000000000000000e+00 
layer_sizes=7 9 2 
scale_included=0
neurons (num_inputs, activation_function, activation_steepness)=(0, 0, 0.00000000000000000000e+00) (0, 0, 0.00000000000000000000e+00) (0, 0, 0.00000000000000000000e+00) (0, 0, 0.00000000000000000000e+00) (0, 0, 0.00000000000000000000e+00) (0, 0, 0.00000000000000000000e+00) (0, 0, 0.00000000000000000000e+00) (7, 3, 5.00000000000000000000e-01) (7, 3, 5.00000000000000000000e-01) (7, 3, 5.00000000000000000000e-01) (7, 3, 5.00000000000000000000e-01) (7, 3, 5.00000000000000000000e-01) (7, 3, 5.00000000000000000000e-01) (7, 3, 5.00000000000000000000e-01) (7, 3, 5.00000000000000000000e-01) (0, 3, 0.00000000000000000000e+00) (9, 3, 5.00000000000000000000e-01) (0, 3, 0.00000000000000000000e+00) 
connections (connected_to_neuron, weight)=(0, -5.03539943695068359375e+00) (1, -2.84565567970275878906e+00) (2, -8.02016067504882812500e+00) (3, -7.16763734817504882812e+00) (4, 6.63075494766235351562e+00) (5, 2.76149320602416992188e+00) (6, 3.58331024646759033203e-01) (0, -9.39989089965820312500e+00) (1, 1.08243198394775390625e+01) (2, 9.43667218089103698730e-02) (3, -1.48884117603302001953e+00) (4, -5.52312135696411132812e-01) (5, -4.41096305847167968750e+00) (6, -1.55751895904541015625e+00) (0, -3.84294176101684570312e+00) (1, -1.71267533302307128906e+00) (2, 9.77388381958007812500e+00) (3, -1.28207826614379882812e+00) (4, -4.23566865921020507812e+00) (5, 1.51968753337860107422e+00) (6, 4.89829969406127929688e+00) (0, -2.44460582733154296875e+00) (1, -1.51948010921478271484e+00) (2, 2.62390756607055664062e+00) (3, -1.23606932163238525391e+00) (4, -3.42192173004150390625e+00) (5, 5.22122025489807128906e-01) (6, 4.64369153976440429688e+00) (0, -2.71699237823486328125e+00) (1, -1.68144106864929199219e+00) (2, 4.85145282745361328125e+00) (3, -8.37000966072082519531e-01) (4, -3.85282659530639648438e+00) (5, 7.87496626377105712891e-01) (6, 4.70700740814208984375e+00) (0, -1.91562614440917968750e+01) (1, 9.38001441955566406250e+00) (2, -1.73086795806884765625e+01) (3, 2.94710159301757812500e+00) (4, 2.93512582778930664062e-01) (5, 1.50000000000000000000e+03) (6, 3.37016296386718750000e+00) (0, 5.38223348557949066162e-02) (1, -2.06349778175354003906e+00) (2, -4.62732086181640625000e+01) (3, -5.88623619079589843750e+00) (4, 1.20298314094543457031e+00) (5, 6.54695177078247070312e+00) (6, 5.54694496095180511475e-02) (0, 1.63272857666015625000e+01) (1, -1.31798057556152343750e+01) (2, 3.23723220825195312500e+01) (3, 9.61292028427124023438e-01) (4, -1.10116779804229736328e+00) (5, -9.19714355468750000000e+00) (6, 6.52300024032592773438e+00) (7, -1.21693348884582519531e+00) (8, -5.39136171340942382812e+00) (9, -5.09247660636901855469e-01) (10, -3.19563955068588256836e-01) (11, -4.90068465471267700195e-01) (12, -6.14278554916381835938e-01) (13, -1.94902610778808593750e+00) (14, -2.82459592819213867188e+00) (15, 2.11014676094055175781e+00) 
