FANN_FLO_2.1
num_layers=3
learning_rate=0.400000
connection_rate=1.000000
network_type=0
learning_momentum=0.000000
training_algorithm=2
train_error_function=1
train_stop_function=0
cascade_output_change_fraction=0.010000
quickprop_decay=-0.000100
quickprop_mu=1.750000
rprop_increase_factor=1.200000
rprop_decrease_factor=0.500000
rprop_delta_min=0.000000
rprop_delta_max=50.000000
rprop_delta_zero=0.100000
cascade_output_stagnation_epochs=12
cascade_candidate_change_fraction=0.010000
cascade_candidate_stagnation_epochs=12
cascade_max_out_epochs=150
cascade_min_out_epochs=50
cascade_max_cand_epochs=150
cascade_min_cand_epochs=50
cascade_num_candidate_groups=2
bit_fail_limit=3.49999994039535522461e-01
cascade_candidate_limit=1.00000000000000000000e+03
cascade_weight_multiplier=4.00000005960464477539e-01
cascade_activation_functions_count=10
cascade_activation_functions=3 5 7 8 10 11 14 15 16 17 
cascade_activation_steepnesses_count=4
cascade_activation_steepnesses=2.50000000000000000000e-01 5.00000000000000000000e-01 7.50000000000000000000e-01 1.00000000000000000000e+00 
layer_sizes=19 3 3 
scale_included=0
neurons (num_inputs, activation_function, activation_steepness)=(0, 0, 0.00000000000000000000e+00) (0, 0, 0.00000000000000000000e+00) (0, 0, 0.00000000000000000000e+00) (0, 0, 0.00000000000000000000e+00) (0, 0, 0.00000000000000000000e+00) (0, 0, 0.00000000000000000000e+00) (0, 0, 0.00000000000000000000e+00) (0, 0, 0.00000000000000000000e+00) (0, 0, 0.00000000000000000000e+00) (0, 0, 0.00000000000000000000e+00) (0, 0, 0.00000000000000000000e+00) (0, 0, 0.00000000000000000000e+00) (0, 0, 0.00000000000000000000e+00) (0, 0, 0.00000000000000000000e+00) (0, 0, 0.00000000000000000000e+00) (0, 0, 0.00000000000000000000e+00) (0, 0, 0.00000000000000000000e+00) (0, 0, 0.00000000000000000000e+00) (0, 0, 0.00000000000000000000e+00) (19, 3, 5.00000000000000000000e-01) (19, 3, 5.00000000000000000000e-01) (0, 3, 0.00000000000000000000e+00) (3, 3, 5.00000000000000000000e-01) (3, 3, 5.00000000000000000000e-01) (0, 3, 0.00000000000000000000e+00) 
connections (connected_to_neuron, weight)=(0, -3.85684585571289062500e+00) (1, 4.61690008640289306641e-01) (2, 2.02443265914916992188e+00) (3, -2.76787066459655761719e+00) (4, 1.40565967559814453125e+00) (5, 2.77569532394409179688e-01) (6, -2.50140380859375000000e+00) (7, 8.62662792205810546875e-01) (8, 3.38809728622436523438e+00) (9, 3.17363643646240234375e+00) (10, -2.55641746520996093750e+00) (11, -1.15901017189025878906e+00) (12, 2.13024592399597167969e+00) (13, -1.72248303890228271484e+00) (14, -2.17958402633666992188e+00) (15, 2.47294259071350097656e+00) (16, -4.89170521497726440430e-01) (17, -3.12085717916488647461e-01) (18, -3.70114374160766601562e+00) (0, 1.08547191619873046875e+01) (1, 1.93083256483078002930e-01) (2, -3.60305428504943847656e+00) (3, 8.53474903106689453125e+00) (4, -2.72730112075805664062e+00) (5, 1.87835350036621093750e+01) (6, 4.36003017425537109375e+00) (7, -2.77668285369873046875e+00) (8, -2.52293968200683593750e+01) (9, -9.36701774597167968750e+00) (10, 1.67692642211914062500e+01) (11, 4.38393974304199218750e+00) (12, -2.01946735382080078125e-01) (13, 1.00420808792114257812e+00) (14, 9.74310207366943359375e+00) (15, -8.80015254020690917969e-01) (16, -5.90464162826538085938e+00) (17, -2.56155610084533691406e+00) (18, 5.83787775039672851562e+00) (19, -2.71216106414794921875e+00) (20, -1.74244189262390136719e+00) (21, 1.30973649024963378906e+00) (19, 2.70438241958618164062e+00) (20, 1.74435126781463623047e+00) (21, -1.31214976310729980469e+00) 
