FANN_FLO_2.1
num_layers=4
learning_rate=0.500000
connection_rate=1.000000
network_type=0
learning_momentum=0.000000
training_algorithm=2
train_error_function=1
train_stop_function=0
cascade_output_change_fraction=0.010000
quickprop_decay=-0.000100
quickprop_mu=1.750000
rprop_increase_factor=1.200000
rprop_decrease_factor=0.500000
rprop_delta_min=0.000000
rprop_delta_max=50.000000
rprop_delta_zero=0.100000
cascade_output_stagnation_epochs=12
cascade_candidate_change_fraction=0.010000
cascade_candidate_stagnation_epochs=12
cascade_max_out_epochs=150
cascade_min_out_epochs=50
cascade_max_cand_epochs=150
cascade_min_cand_epochs=50
cascade_num_candidate_groups=2
bit_fail_limit=3.49999994039535522461e-01
cascade_candidate_limit=1.00000000000000000000e+03
cascade_weight_multiplier=4.00000005960464477539e-01
cascade_activation_functions_count=10
cascade_activation_functions=3 5 7 8 10 11 14 15 16 17 
cascade_activation_steepnesses_count=4
cascade_activation_steepnesses=2.50000000000000000000e-01 5.00000000000000000000e-01 7.50000000000000000000e-01 1.00000000000000000000e+00 
layer_sizes=2 5 3 3 
scale_included=0
neurons (num_inputs, activation_function, activation_steepness)=(0, 0, 0.00000000000000000000e+00) (0, 0, 0.00000000000000000000e+00) (2, 3, 5.00000000000000000000e-01) (2, 3, 5.00000000000000000000e-01) (2, 3, 5.00000000000000000000e-01) (2, 3, 5.00000000000000000000e-01) (0, 3, 0.00000000000000000000e+00) (5, 3, 5.00000000000000000000e-01) (5, 3, 5.00000000000000000000e-01) (0, 3, 0.00000000000000000000e+00) (3, 0, 5.00000000000000000000e-01) (3, 0, 5.00000000000000000000e-01) (0, 0, 0.00000000000000000000e+00) 
connections (connected_to_neuron, weight)=(0, 4.64893760681152343750e+01) (1, -1.78547990322113037109e+00) (0, 1.40630893707275390625e+01) (1, -1.83410406112670898438e+00) (0, 6.50547714233398437500e+01) (1, -7.87133693695068359375e+00) (0, 1.35846500396728515625e+01) (1, -5.19482898712158203125e+00) (2, 1.12637186050415039062e+00) (3, 2.31958317756652832031e+00) (4, 6.93356990814208984375e-02) (5, 6.25500249862670898438e+00) (6, -3.01783013343811035156e+00) (2, 1.04239571094512939453e+00) (3, 1.30433052778244018555e-01) (4, 5.55310308933258056641e-01) (5, -3.55885004997253417969e+00) (6, 2.56873548030853271484e-01) (7, -1.68372452259063720703e+00) (8, -4.11835098266601562500e+00) (9, 2.58712100982666015625e+00) (7, -3.71977758407592773438e+00) (8, 2.13057470321655273438e+00) (9, 9.97616648674011230469e-01) 
