FANN_FLO_2.1
num_layers=3
learning_rate=0.500000
connection_rate=1.000000
network_type=0
learning_momentum=0.000000
training_algorithm=2
train_error_function=1
train_stop_function=0
cascade_output_change_fraction=0.010000
quickprop_decay=-0.000100
quickprop_mu=1.750000
rprop_increase_factor=1.200000
rprop_decrease_factor=0.500000
rprop_delta_min=0.000000
rprop_delta_max=50.000000
rprop_delta_zero=0.100000
cascade_output_stagnation_epochs=12
cascade_candidate_change_fraction=0.010000
cascade_candidate_stagnation_epochs=12
cascade_max_out_epochs=150
cascade_min_out_epochs=50
cascade_max_cand_epochs=150
cascade_min_cand_epochs=50
cascade_num_candidate_groups=2
bit_fail_limit=3.49999994039535522461e-01
cascade_candidate_limit=1.00000000000000000000e+03
cascade_weight_multiplier=4.00000005960464477539e-01
cascade_activation_functions_count=10
cascade_activation_functions=3 5 7 8 10 11 14 15 16 17 
cascade_activation_steepnesses_count=4
cascade_activation_steepnesses=2.50000000000000000000e-01 5.00000000000000000000e-01 7.50000000000000000000e-01 1.00000000000000000000e+00 
layer_sizes=10 5 2 
scale_included=0
neurons (num_inputs, activation_function, activation_steepness)=(0, 0, 0.00000000000000000000e+00) (0, 0, 0.00000000000000000000e+00) (0, 0, 0.00000000000000000000e+00) (0, 0, 0.00000000000000000000e+00) (0, 0, 0.00000000000000000000e+00) (0, 0, 0.00000000000000000000e+00) (0, 0, 0.00000000000000000000e+00) (0, 0, 0.00000000000000000000e+00) (0, 0, 0.00000000000000000000e+00) (0, 0, 0.00000000000000000000e+00) (10, 3, 5.00000000000000000000e-01) (10, 3, 5.00000000000000000000e-01) (10, 3, 5.00000000000000000000e-01) (10, 3, 5.00000000000000000000e-01) (0, 3, 0.00000000000000000000e+00) (5, 3, 5.00000000000000000000e-01) (0, 3, 0.00000000000000000000e+00) 
connections (connected_to_neuron, weight)=(0, -1.38453423976898193359e+00) (1, 1.27924156188964843750e+01) (2, 2.61366987228393554688e+00) (3, -2.96546983718872070312e+00) (4, 3.83651733398437500000e-01) (5, 2.85028481483459472656e+00) (6, -9.01438045501708984375e+00) (7, -3.38424634933471679688e+00) (8, -3.09809064865112304688e+00) (9, -7.44131207466125488281e-01) (0, -4.54551649093627929688e+00) (1, 1.06043319702148437500e+01) (2, 1.07508468627929687500e+01) (3, -4.12066793441772460938e+00) (4, -3.75650668144226074219e+00) (5, 1.32009398937225341797e+00) (6, -3.08274149894714355469e+00) (7, -2.64148259162902832031e+00) (8, -6.68778610229492187500e+00) (9, 1.87639683485031127930e-01) (0, 6.09667181968688964844e-01) (1, -1.11197547912597656250e+01) (2, 1.54705200195312500000e+01) (3, 1.15199796855449676514e-01) (4, 8.65224227309226989746e-02) (5, -6.47612869739532470703e-01) (6, -1.22172327041625976562e+01) (7, 2.82722187042236328125e+00) (8, 1.22191178798675537109e+00) (9, 2.94243264198303222656e+00) (0, 2.41141700744628906250e+00) (1, 1.78577713668346405029e-02) (2, 1.20836954116821289062e+01) (3, 3.71814996004104614258e-01) (4, 1.91778123378753662109e-01) (5, -5.31746292114257812500e+00) (6, -1.43790922164916992188e+01) (7, 7.57410466670989990234e-01) (8, 2.92050504684448242188e+00) (9, 2.03774690628051757812e+00) (10, 2.54999208450317382812e+00) (11, 1.83653628826141357422e+00) (12, -1.07122540473937988281e+00) (13, -3.40599131584167480469e+00) (14, 9.96314406394958496094e-01) 
