FANN_FLO_2.1
num_layers=4
learning_rate=0.500000
connection_rate=1.000000
network_type=0
learning_momentum=0.000000
training_algorithm=2
train_error_function=1
train_stop_function=0
cascade_output_change_fraction=0.010000
quickprop_decay=-0.000100
quickprop_mu=1.750000
rprop_increase_factor=1.200000
rprop_decrease_factor=0.500000
rprop_delta_min=0.000000
rprop_delta_max=50.000000
rprop_delta_zero=0.100000
cascade_output_stagnation_epochs=12
cascade_candidate_change_fraction=0.010000
cascade_candidate_stagnation_epochs=12
cascade_max_out_epochs=150
cascade_min_out_epochs=50
cascade_max_cand_epochs=150
cascade_min_cand_epochs=50
cascade_num_candidate_groups=2
bit_fail_limit=3.49999994039535522461e-01
cascade_candidate_limit=1.00000000000000000000e+03
cascade_weight_multiplier=4.00000005960464477539e-01
cascade_activation_functions_count=10
cascade_activation_functions=3 5 7 8 10 11 14 15 16 17 
cascade_activation_steepnesses_count=4
cascade_activation_steepnesses=2.50000000000000000000e-01 5.00000000000000000000e-01 7.50000000000000000000e-01 1.00000000000000000000e+00 
layer_sizes=2 5 3 3 
scale_included=0
neurons (num_inputs, activation_function, activation_steepness)=(0, 0, 0.00000000000000000000e+00) (0, 0, 0.00000000000000000000e+00) (2, 3, 5.00000000000000000000e-01) (2, 3, 5.00000000000000000000e-01) (2, 3, 5.00000000000000000000e-01) (2, 3, 5.00000000000000000000e-01) (0, 3, 0.00000000000000000000e+00) (5, 3, 5.00000000000000000000e-01) (5, 3, 5.00000000000000000000e-01) (0, 3, 0.00000000000000000000e+00) (3, 0, 5.00000000000000000000e-01) (3, 0, 5.00000000000000000000e-01) (0, 0, 0.00000000000000000000e+00) 
connections (connected_to_neuron, weight)=(0, 1.16114616394042968750e+01) (1, -4.89278841018676757812e+00) (0, 1.44028167724609375000e+01) (1, -6.35120773315429687500e+00) (0, -1.29999194335937500000e+03) (1, 1.58396339416503906250e+01) (0, -2.31639003753662109375e+01) (1, 6.93101167678833007812e-01) (2, 3.20467453002929687500e+01) (3, -2.99192752838134765625e+01) (4, -1.50000000000000000000e+03) (5, -3.73901748657226562500e+00) (6, -7.25748240947723388672e-01) (2, -2.60153937339782714844e+00) (3, -6.24966979026794433594e-01) (4, -4.76378900930285453796e-03) (5, -9.53959226608276367188e-01) (6, 3.86442452669143676758e-01) (7, -2.05550336837768554688e+00) (8, -4.95715093612670898438e+00) (9, 2.12604641914367675781e+00) (7, -3.01489377021789550781e+00) (8, 5.14375686645507812500e+00) (9, -2.34410241246223449707e-01) 
