FANN_FLO_2.1
num_layers=4
learning_rate=0.500000
connection_rate=1.000000
network_type=0
learning_momentum=0.000000
training_algorithm=2
train_error_function=1
train_stop_function=0
cascade_output_change_fraction=0.010000
quickprop_decay=-0.000100
quickprop_mu=1.750000
rprop_increase_factor=1.200000
rprop_decrease_factor=0.500000
rprop_delta_min=0.000000
rprop_delta_max=50.000000
rprop_delta_zero=0.100000
cascade_output_stagnation_epochs=12
cascade_candidate_change_fraction=0.010000
cascade_candidate_stagnation_epochs=12
cascade_max_out_epochs=150
cascade_min_out_epochs=50
cascade_max_cand_epochs=150
cascade_min_cand_epochs=50
cascade_num_candidate_groups=2
bit_fail_limit=3.49999994039535522461e-01
cascade_candidate_limit=1.00000000000000000000e+03
cascade_weight_multiplier=4.00000005960464477539e-01
cascade_activation_functions_count=10
cascade_activation_functions=3 5 7 8 10 11 14 15 16 17 
cascade_activation_steepnesses_count=4
cascade_activation_steepnesses=2.50000000000000000000e-01 5.00000000000000000000e-01 7.50000000000000000000e-01 1.00000000000000000000e+00 
layer_sizes=10 3 3 2 
scale_included=0
neurons (num_inputs, activation_function, activation_steepness)=(0, 0, 0.00000000000000000000e+00) (0, 0, 0.00000000000000000000e+00) (0, 0, 0.00000000000000000000e+00) (0, 0, 0.00000000000000000000e+00) (0, 0, 0.00000000000000000000e+00) (0, 0, 0.00000000000000000000e+00) (0, 0, 0.00000000000000000000e+00) (0, 0, 0.00000000000000000000e+00) (0, 0, 0.00000000000000000000e+00) (0, 0, 0.00000000000000000000e+00) (10, 3, 5.00000000000000000000e-01) (10, 3, 5.00000000000000000000e-01) (0, 3, 0.00000000000000000000e+00) (3, 3, 5.00000000000000000000e-01) (3, 3, 5.00000000000000000000e-01) (0, 3, 0.00000000000000000000e+00) (3, 3, 5.00000000000000000000e-01) (0, 3, 0.00000000000000000000e+00) 
connections (connected_to_neuron, weight)=(0, -2.47626209259033203125e+00) (1, -1.74895286560058593750e+01) (2, 6.24858093261718750000e+00) (3, 1.38330414891242980957e-01) (4, -1.00217695236206054688e+01) (5, -5.31239891052246093750e+00) (6, 2.03023457527160644531e+00) (7, 1.29442386627197265625e+01) (8, 1.10199851989746093750e+01) (9, 3.52667856216430664062e+00) (0, -3.33728146553039550781e+00) (1, -8.94083309173583984375e+00) (2, 6.80144131183624267578e-01) (3, -7.15483248233795166016e-01) (4, 5.16260528564453125000e+00) (5, -9.67501926422119140625e+00) (6, 6.60635650157928466797e-01) (7, 2.54828548431396484375e+00) (8, 2.34293994903564453125e+01) (9, -5.18934297561645507812e+00) (10, -1.00823936462402343750e+01) (11, 9.45966339111328125000e+00) (12, 4.16871213912963867188e+00) (10, -5.82049846649169921875e+00) (11, 6.58068943023681640625e+00) (12, 3.48650336265563964844e+00) (13, 1.63857913017272949219e+00) (14, 7.00620710849761962891e-01) (15, -1.41465353965759277344e+00) 
