FANN_FLO_2.1
num_layers=4
learning_rate=0.500000
connection_rate=1.000000
network_type=0
learning_momentum=0.000000
training_algorithm=2
train_error_function=1
train_stop_function=0
cascade_output_change_fraction=0.010000
quickprop_decay=-0.000100
quickprop_mu=1.750000
rprop_increase_factor=1.200000
rprop_decrease_factor=0.500000
rprop_delta_min=0.000000
rprop_delta_max=50.000000
rprop_delta_zero=0.100000
cascade_output_stagnation_epochs=12
cascade_candidate_change_fraction=0.010000
cascade_candidate_stagnation_epochs=12
cascade_max_out_epochs=150
cascade_min_out_epochs=50
cascade_max_cand_epochs=150
cascade_min_cand_epochs=50
cascade_num_candidate_groups=2
bit_fail_limit=3.49999994039535522461e-01
cascade_candidate_limit=1.00000000000000000000e+03
cascade_weight_multiplier=4.00000005960464477539e-01
cascade_activation_functions_count=10
cascade_activation_functions=3 5 7 8 10 11 14 15 16 17 
cascade_activation_steepnesses_count=4
cascade_activation_steepnesses=2.50000000000000000000e-01 5.00000000000000000000e-01 7.50000000000000000000e-01 1.00000000000000000000e+00 
layer_sizes=2 5 5 3 
scale_included=0
neurons (num_inputs, activation_function, activation_steepness)=(0, 0, 0.00000000000000000000e+00) (0, 0, 0.00000000000000000000e+00) (2, 3, 5.00000000000000000000e-01) (2, 3, 5.00000000000000000000e-01) (2, 3, 5.00000000000000000000e-01) (2, 3, 5.00000000000000000000e-01) (0, 3, 0.00000000000000000000e+00) (5, 3, 5.00000000000000000000e-01) (5, 3, 5.00000000000000000000e-01) (5, 3, 5.00000000000000000000e-01) (5, 3, 5.00000000000000000000e-01) (0, 3, 0.00000000000000000000e+00) (5, 0, 5.00000000000000000000e-01) (5, 0, 5.00000000000000000000e-01) (0, 0, 0.00000000000000000000e+00) 
connections (connected_to_neuron, weight)=(0, -7.47883728027343750000e+02) (1, 1.91069778442382812500e+02) (0, -8.44068115234375000000e+02) (1, -4.47338008880615234375e+00) (0, 7.96262741088867187500e+01) (1, -1.24290561676025390625e+01) (0, -3.16185474395751953125e+01) (1, 9.24055576324462890625e+00) (2, 1.50000000000000000000e+03) (3, -1.50000000000000000000e+03) (4, -1.23803901672363281250e+02) (5, 1.50000000000000000000e+03) (6, 1.20644882202148437500e+02) (2, 1.50000000000000000000e+03) (3, -1.50000000000000000000e+03) (4, 1.12380212402343750000e+03) (5, 1.50000000000000000000e+03) (6, -1.32295446777343750000e+03) (2, -2.26264667510986328125e+00) (3, -6.22443151473999023438e+00) (4, 1.50000000000000000000e+03) (5, -1.85323238372802734375e+00) (6, 4.90379428863525390625e+00) (2, 3.23689666748046875000e+02) (3, -1.50000000000000000000e+03) (4, -1.50000000000000000000e+03) (5, 1.48866320800781250000e+03) (6, 1.57926356792449951172e+00) (7, 1.65968179702758789062e-01) (8, -1.01127862930297851562e+00) (9, -4.21997117996215820312e+00) (10, 4.35951113700866699219e-01) (11, 3.08520174026489257812e+00) (7, 1.05030417442321777344e+00) (8, 9.43617522716522216797e-01) (9, -3.74272537231445312500e+00) (10, 1.68286263942718505859e+00) (11, 1.01915013790130615234e+00) 
