FANN_FLO_2.1
num_layers=3
learning_rate=0.400000
connection_rate=1.000000
network_type=0
learning_momentum=0.000000
training_algorithm=2
train_error_function=1
train_stop_function=0
cascade_output_change_fraction=0.010000
quickprop_decay=-0.000100
quickprop_mu=1.750000
rprop_increase_factor=1.200000
rprop_decrease_factor=0.500000
rprop_delta_min=0.000000
rprop_delta_max=50.000000
rprop_delta_zero=0.100000
cascade_output_stagnation_epochs=12
cascade_candidate_change_fraction=0.010000
cascade_candidate_stagnation_epochs=12
cascade_max_out_epochs=150
cascade_min_out_epochs=50
cascade_max_cand_epochs=150
cascade_min_cand_epochs=50
cascade_num_candidate_groups=2
bit_fail_limit=3.49999994039535522461e-01
cascade_candidate_limit=1.00000000000000000000e+03
cascade_weight_multiplier=4.00000005960464477539e-01
cascade_activation_functions_count=10
cascade_activation_functions=3 5 7 8 10 11 14 15 16 17 
cascade_activation_steepnesses_count=4
cascade_activation_steepnesses=2.50000000000000000000e-01 5.00000000000000000000e-01 7.50000000000000000000e-01 1.00000000000000000000e+00 
layer_sizes=19 3 3 
scale_included=0
neurons (num_inputs, activation_function, activation_steepness)=(0, 0, 0.00000000000000000000e+00) (0, 0, 0.00000000000000000000e+00) (0, 0, 0.00000000000000000000e+00) (0, 0, 0.00000000000000000000e+00) (0, 0, 0.00000000000000000000e+00) (0, 0, 0.00000000000000000000e+00) (0, 0, 0.00000000000000000000e+00) (0, 0, 0.00000000000000000000e+00) (0, 0, 0.00000000000000000000e+00) (0, 0, 0.00000000000000000000e+00) (0, 0, 0.00000000000000000000e+00) (0, 0, 0.00000000000000000000e+00) (0, 0, 0.00000000000000000000e+00) (0, 0, 0.00000000000000000000e+00) (0, 0, 0.00000000000000000000e+00) (0, 0, 0.00000000000000000000e+00) (0, 0, 0.00000000000000000000e+00) (0, 0, 0.00000000000000000000e+00) (0, 0, 0.00000000000000000000e+00) (19, 3, 5.00000000000000000000e-01) (19, 3, 5.00000000000000000000e-01) (0, 3, 0.00000000000000000000e+00) (3, 3, 5.00000000000000000000e-01) (3, 3, 5.00000000000000000000e-01) (0, 3, 0.00000000000000000000e+00) 
connections (connected_to_neuron, weight)=(0, 2.09678355604410171509e-02) (1, -2.38768911361694335938e+00) (2, -3.91233295202255249023e-01) (3, -1.99220761656761169434e-01) (4, -1.56552338600158691406e+00) (5, -4.49718904495239257812e+00) (6, -1.51985275745391845703e+00) (7, -2.97205376625061035156e+00) (8, -6.68228244781494140625e+00) (9, 5.39204776287078857422e-01) (10, 1.40100336074829101562e+00) (11, 6.46863365173339843750e+00) (12, -1.32766640186309814453e+00) (13, 3.32580208778381347656e+00) (14, 4.06393289566040039062e+00) (15, 1.11758840084075927734e+00) (16, 1.56036853790283203125e+00) (17, 3.45628023147583007812e+00) (18, -3.84345602989196777344e+00) (0, -3.19018006324768066406e-01) (1, 1.25968780517578125000e+01) (2, -9.15066909790039062500e+00) (3, 3.53789925575256347656e+00) (4, 1.15449655055999755859e+00) (5, 1.14171552658081054688e+01) (6, 7.53621959686279296875e+00) (7, 4.55288982391357421875e+00) (8, 2.44971828460693359375e+01) (9, -2.48801186680793762207e-02) (10, -7.20430374145507812500e+00) (11, -2.38802242279052734375e+01) (12, 8.24911689758300781250e+00) (13, -1.01632061004638671875e+01) (14, -4.34160327911376953125e+00) (15, -2.14752602577209472656e+00) (16, -5.63281726837158203125e+00) (17, -6.94874429702758789062e+00) (18, 4.72567415237426757812e+00) (19, -2.06394338607788085938e+00) (20, -1.21334636211395263672e+00) (21, 6.70112669467926025391e-01) (19, 2.06690955162048339844e+00) (20, 1.21315777301788330078e+00) (21, -6.70339107513427734375e-01) 
