FANN_FLO_2.1
num_layers=3
learning_rate=0.400000
connection_rate=1.000000
network_type=0
learning_momentum=0.000000
training_algorithm=2
train_error_function=1
train_stop_function=0
cascade_output_change_fraction=0.010000
quickprop_decay=-0.000100
quickprop_mu=1.750000
rprop_increase_factor=1.200000
rprop_decrease_factor=0.500000
rprop_delta_min=0.000000
rprop_delta_max=50.000000
rprop_delta_zero=0.100000
cascade_output_stagnation_epochs=12
cascade_candidate_change_fraction=0.010000
cascade_candidate_stagnation_epochs=12
cascade_max_out_epochs=150
cascade_min_out_epochs=50
cascade_max_cand_epochs=150
cascade_min_cand_epochs=50
cascade_num_candidate_groups=2
bit_fail_limit=3.49999994039535522461e-01
cascade_candidate_limit=1.00000000000000000000e+03
cascade_weight_multiplier=4.00000005960464477539e-01
cascade_activation_functions_count=10
cascade_activation_functions=3 5 7 8 10 11 14 15 16 17 
cascade_activation_steepnesses_count=4
cascade_activation_steepnesses=2.50000000000000000000e-01 5.00000000000000000000e-01 7.50000000000000000000e-01 1.00000000000000000000e+00 
layer_sizes=19 3 3 
scale_included=0
neurons (num_inputs, activation_function, activation_steepness)=(0, 0, 0.00000000000000000000e+00) (0, 0, 0.00000000000000000000e+00) (0, 0, 0.00000000000000000000e+00) (0, 0, 0.00000000000000000000e+00) (0, 0, 0.00000000000000000000e+00) (0, 0, 0.00000000000000000000e+00) (0, 0, 0.00000000000000000000e+00) (0, 0, 0.00000000000000000000e+00) (0, 0, 0.00000000000000000000e+00) (0, 0, 0.00000000000000000000e+00) (0, 0, 0.00000000000000000000e+00) (0, 0, 0.00000000000000000000e+00) (0, 0, 0.00000000000000000000e+00) (0, 0, 0.00000000000000000000e+00) (0, 0, 0.00000000000000000000e+00) (0, 0, 0.00000000000000000000e+00) (0, 0, 0.00000000000000000000e+00) (0, 0, 0.00000000000000000000e+00) (0, 0, 0.00000000000000000000e+00) (19, 3, 5.00000000000000000000e-01) (19, 3, 5.00000000000000000000e-01) (0, 3, 0.00000000000000000000e+00) (3, 3, 5.00000000000000000000e-01) (3, 3, 5.00000000000000000000e-01) (0, 3, 0.00000000000000000000e+00) 
connections (connected_to_neuron, weight)=(0, -8.07386207580566406250e+00) (1, -3.87087273597717285156e+00) (2, 5.74368810653686523438e+00) (3, -7.52539062500000000000e+00) (4, -5.24919509887695312500e+00) (5, 6.01755523681640625000e+00) (6, -5.43313407897949218750e+00) (7, -2.36969947814941406250e-01) (8, 2.33097338676452636719e+00) (9, 1.22987737655639648438e+01) (10, 1.82785761356353759766e+00) (11, -9.02600574493408203125e+00) (12, 4.07916402816772460938e+00) (13, 4.58074188232421875000e+00) (14, -3.42605853080749511719e+00) (15, 1.28634405136108398438e+00) (16, 6.26832199096679687500e+00) (17, 1.37136793136596679688e+00) (18, -1.20335423946380615234e+00) (0, 4.15050792694091796875e+00) (1, 1.54100358486175537109e+00) (2, -3.08919763565063476562e+00) (3, 4.34863519668579101562e+00) (4, 2.42441153526306152344e+00) (5, -2.74391055107116699219e+00) (6, 3.63856816291809082031e+00) (7, 5.07754981517791748047e-01) (8, -2.30240917205810546875e+00) (9, -6.87861537933349609375e+00) (10, -2.14752125740051269531e+00) (11, 3.66284704208374023438e+00) (12, -2.93002963066101074219e+00) (13, -2.55163431167602539062e+00) (14, 2.16082406044006347656e+00) (15, -1.17121338844299316406e+00) (16, -3.02110981941223144531e+00) (17, 8.64306390285491943359e-01) (18, -2.56286233663558959961e-01) (19, -1.83688616752624511719e+00) (20, -2.47354817390441894531e+00) (21, 1.26103973388671875000e+00) (19, 1.83506822586059570312e+00) (20, 2.46993637084960937500e+00) (21, -1.25868105888366699219e+00) 
