FANN_FLO_2.1
num_layers=4
learning_rate=0.400000
connection_rate=1.000000
network_type=0
learning_momentum=0.000000
training_algorithm=2
train_error_function=1
train_stop_function=0
cascade_output_change_fraction=0.010000
quickprop_decay=-0.000100
quickprop_mu=1.750000
rprop_increase_factor=1.200000
rprop_decrease_factor=0.500000
rprop_delta_min=0.000000
rprop_delta_max=50.000000
rprop_delta_zero=0.100000
cascade_output_stagnation_epochs=12
cascade_candidate_change_fraction=0.010000
cascade_candidate_stagnation_epochs=12
cascade_max_out_epochs=150
cascade_min_out_epochs=50
cascade_max_cand_epochs=150
cascade_min_cand_epochs=50
cascade_num_candidate_groups=2
bit_fail_limit=3.49999994039535522461e-01
cascade_candidate_limit=1.00000000000000000000e+03
cascade_weight_multiplier=4.00000005960464477539e-01
cascade_activation_functions_count=10
cascade_activation_functions=3 5 7 8 10 11 14 15 16 17 
cascade_activation_steepnesses_count=4
cascade_activation_steepnesses=2.50000000000000000000e-01 5.00000000000000000000e-01 7.50000000000000000000e-01 1.00000000000000000000e+00 
layer_sizes=7 5 3 2 
scale_included=0
neurons (num_inputs, activation_function, activation_steepness)=(0, 0, 0.00000000000000000000e+00) (0, 0, 0.00000000000000000000e+00) (0, 0, 0.00000000000000000000e+00) (0, 0, 0.00000000000000000000e+00) (0, 0, 0.00000000000000000000e+00) (0, 0, 0.00000000000000000000e+00) (0, 0, 0.00000000000000000000e+00) (7, 3, 5.00000000000000000000e-01) (7, 3, 5.00000000000000000000e-01) (7, 3, 5.00000000000000000000e-01) (7, 3, 5.00000000000000000000e-01) (0, 3, 0.00000000000000000000e+00) (5, 3, 5.00000000000000000000e-01) (5, 3, 5.00000000000000000000e-01) (0, 3, 0.00000000000000000000e+00) (3, 3, 5.00000000000000000000e-01) (0, 3, 0.00000000000000000000e+00) 
connections (connected_to_neuron, weight)=(0, 1.09787460327148437500e+02) (1, -2.06802001953125000000e+02) (2, -4.16575897216796875000e+02) (3, 4.41139801025390625000e+02) (4, 3.26666290283203125000e+02) (5, -1.52830230712890625000e+02) (6, -2.39470611572265625000e+02) (0, -1.50000000000000000000e+03) (1, -1.50000000000000000000e+03) (2, -1.35374536132812500000e+03) (3, -1.50000000000000000000e+03) (4, -1.50000000000000000000e+03) (5, -1.47155346679687500000e+03) (6, 1.07517080307006835938e+01) (0, -1.50000000000000000000e+03) (1, -1.50000000000000000000e+03) (2, -1.50000000000000000000e+03) (3, -1.50000000000000000000e+03) (4, -1.50000000000000000000e+03) (5, -1.50000000000000000000e+03) (6, 1.35820186138153076172e+00) (0, 2.92834224700927734375e+01) (1, -4.31256085634231567383e-01) (2, -1.27499031066894531250e+02) (3, 2.30827064514160156250e+01) (4, 4.58311176300048828125e+00) (5, -4.21290063858032226562e+00) (6, -2.64149799346923828125e+01) (7, -1.82178997993469238281e+00) (8, 1.50000000000000000000e+03) (9, 1.50000000000000000000e+03) (10, -1.91782689094543457031e+00) (11, 2.16389966011047363281e+00) (7, -1.82178997993469238281e+00) (8, 1.50000000000000000000e+03) (9, 1.50000000000000000000e+03) (10, -1.93567979335784912109e+00) (11, 2.11905717849731445312e+00) (12, -1.16935443878173828125e+00) (13, -1.20947933197021484375e+00) (14, -1.03281998634338378906e+00) 
