FANN_FLO_2.1
num_layers=4
learning_rate=0.400000
connection_rate=1.000000
network_type=0
learning_momentum=0.000000
training_algorithm=2
train_error_function=1
train_stop_function=0
cascade_output_change_fraction=0.010000
quickprop_decay=-0.000100
quickprop_mu=1.750000
rprop_increase_factor=1.200000
rprop_decrease_factor=0.500000
rprop_delta_min=0.000000
rprop_delta_max=50.000000
rprop_delta_zero=0.100000
cascade_output_stagnation_epochs=12
cascade_candidate_change_fraction=0.010000
cascade_candidate_stagnation_epochs=12
cascade_max_out_epochs=150
cascade_min_out_epochs=50
cascade_max_cand_epochs=150
cascade_min_cand_epochs=50
cascade_num_candidate_groups=2
bit_fail_limit=3.49999994039535522461e-01
cascade_candidate_limit=1.00000000000000000000e+03
cascade_weight_multiplier=4.00000005960464477539e-01
cascade_activation_functions_count=10
cascade_activation_functions=3 5 7 8 10 11 14 15 16 17 
cascade_activation_steepnesses_count=4
cascade_activation_steepnesses=2.50000000000000000000e-01 5.00000000000000000000e-01 7.50000000000000000000e-01 1.00000000000000000000e+00 
layer_sizes=7 5 5 2 
scale_included=0
neurons (num_inputs, activation_function, activation_steepness)=(0, 0, 0.00000000000000000000e+00) (0, 0, 0.00000000000000000000e+00) (0, 0, 0.00000000000000000000e+00) (0, 0, 0.00000000000000000000e+00) (0, 0, 0.00000000000000000000e+00) (0, 0, 0.00000000000000000000e+00) (0, 0, 0.00000000000000000000e+00) (7, 3, 5.00000000000000000000e-01) (7, 3, 5.00000000000000000000e-01) (7, 3, 5.00000000000000000000e-01) (7, 3, 5.00000000000000000000e-01) (0, 3, 0.00000000000000000000e+00) (5, 3, 5.00000000000000000000e-01) (5, 3, 5.00000000000000000000e-01) (5, 3, 5.00000000000000000000e-01) (5, 3, 5.00000000000000000000e-01) (0, 3, 0.00000000000000000000e+00) (5, 3, 5.00000000000000000000e-01) (0, 3, 0.00000000000000000000e+00) 
connections (connected_to_neuron, weight)=(0, -6.03591491699218750000e+02) (1, -1.39510388183593750000e+03) (2, -1.49980395507812500000e+03) (3, 7.28419372558593750000e+02) (4, 5.27059082031250000000e+02) (5, 3.07718811035156250000e+02) (6, 5.25955343246459960938e+00) (0, 5.36324890136718750000e+02) (1, -1.29388195800781250000e+03) (2, 1.43592468261718750000e+03) (3, -1.50000000000000000000e+03) (4, -7.50305114746093750000e+02) (5, -5.53290710449218750000e+02) (6, 1.49138342285156250000e+03) (0, -1.20601757812500000000e+03) (1, 1.50000000000000000000e+03) (2, 1.43462304687500000000e+03) (3, -1.00869964599609375000e+03) (4, 5.30938110351562500000e+02) (5, 1.11643908691406250000e+03) (6, -5.00732898712158203125e-01) (0, -1.45073461914062500000e+03) (1, 1.69012435913085937500e+02) (2, 1.43990759277343750000e+03) (3, -1.44558972167968750000e+03) (4, 6.48378234863281250000e+02) (5, 1.13171398925781250000e+03) (6, 8.59035778045654296875e+00) (7, -8.61418380737304687500e+01) (8, 1.49983520507812500000e+03) (9, 3.66493927001953125000e+02) (10, -3.21818847656250000000e+02) (11, 4.40399703979492187500e+01) (7, 5.00805854797363281250e+00) (8, -4.65075105428695678711e-01) (9, 3.40845092773437500000e+02) (10, -3.37249664306640625000e+02) (11, -5.04229307174682617188e-01) (7, -8.62045974731445312500e+01) (8, 1.49983520507812500000e+03) (9, 3.65327758789062500000e+02) (10, -3.21146636962890625000e+02) (11, 4.45073394775390625000e+01) (7, 1.15498974609375000000e+03) (8, -1.49737243652343750000e+03) (9, 7.50275878906250000000e+02) (10, 7.40638061523437500000e+02) (11, 5.29667997360229492188e+00) (12, -6.77725136280059814453e-01) (13, -1.60948574542999267578e+00) (14, -7.92204141616821289062e-01) (15, 1.07432961463928222656e+00) (16, -7.77173161506652832031e-01) 
