FANN_FLO_2.1
num_layers=4
learning_rate=0.500000
connection_rate=1.000000
network_type=0
learning_momentum=0.000000
training_algorithm=2
train_error_function=1
train_stop_function=0
cascade_output_change_fraction=0.010000
quickprop_decay=-0.000100
quickprop_mu=1.750000
rprop_increase_factor=1.200000
rprop_decrease_factor=0.500000
rprop_delta_min=0.000000
rprop_delta_max=50.000000
rprop_delta_zero=0.100000
cascade_output_stagnation_epochs=12
cascade_candidate_change_fraction=0.010000
cascade_candidate_stagnation_epochs=12
cascade_max_out_epochs=150
cascade_min_out_epochs=50
cascade_max_cand_epochs=150
cascade_min_cand_epochs=50
cascade_num_candidate_groups=2
bit_fail_limit=3.49999994039535522461e-01
cascade_candidate_limit=1.00000000000000000000e+03
cascade_weight_multiplier=4.00000005960464477539e-01
cascade_activation_functions_count=10
cascade_activation_functions=3 5 7 8 10 11 14 15 16 17 
cascade_activation_steepnesses_count=4
cascade_activation_steepnesses=2.50000000000000000000e-01 5.00000000000000000000e-01 7.50000000000000000000e-01 1.00000000000000000000e+00 
layer_sizes=2 5 3 3 
scale_included=0
neurons (num_inputs, activation_function, activation_steepness)=(0, 0, 0.00000000000000000000e+00) (0, 0, 0.00000000000000000000e+00) (2, 3, 5.00000000000000000000e-01) (2, 3, 5.00000000000000000000e-01) (2, 3, 5.00000000000000000000e-01) (2, 3, 5.00000000000000000000e-01) (0, 3, 0.00000000000000000000e+00) (5, 3, 5.00000000000000000000e-01) (5, 3, 5.00000000000000000000e-01) (0, 3, 0.00000000000000000000e+00) (3, 0, 5.00000000000000000000e-01) (3, 0, 5.00000000000000000000e-01) (0, 0, 0.00000000000000000000e+00) 
connections (connected_to_neuron, weight)=(0, -1.19635877609252929688e+01) (1, 6.09143924713134765625e+00) (0, 1.26464109420776367188e+01) (1, -1.89076232910156250000e+00) (0, -8.21033248901367187500e+01) (1, 3.21848964691162109375e+00) (0, -7.31696472167968750000e+01) (1, 1.89409027099609375000e+01) (2, -5.37377643585205078125e+00) (3, 3.42901182174682617188e+00) (4, 1.50000000000000000000e+03) (5, -1.50000000000000000000e+03) (6, 1.56009006500244140625e+00) (2, 1.71493606567382812500e+01) (3, 4.64164876937866210938e+00) (4, -1.89674764871597290039e-01) (5, -1.64892101287841796875e+01) (6, -2.16166591644287109375e+00) (7, 1.80551338195800781250e+00) (8, -2.50773096084594726562e+00) (9, 3.62336486577987670898e-01) (7, -2.13807749748229980469e+00) (8, -3.21538829803466796875e+00) (9, 2.98722028732299804688e+00) 
