FANN_FLO_2.1
num_layers=4
learning_rate=0.500000
connection_rate=1.000000
network_type=0
learning_momentum=0.000000
training_algorithm=2
train_error_function=1
train_stop_function=0
cascade_output_change_fraction=0.010000
quickprop_decay=-0.000100
quickprop_mu=1.750000
rprop_increase_factor=1.200000
rprop_decrease_factor=0.500000
rprop_delta_min=0.000000
rprop_delta_max=50.000000
rprop_delta_zero=0.100000
cascade_output_stagnation_epochs=12
cascade_candidate_change_fraction=0.010000
cascade_candidate_stagnation_epochs=12
cascade_max_out_epochs=150
cascade_min_out_epochs=50
cascade_max_cand_epochs=150
cascade_min_cand_epochs=50
cascade_num_candidate_groups=2
bit_fail_limit=3.49999994039535522461e-01
cascade_candidate_limit=1.00000000000000000000e+03
cascade_weight_multiplier=4.00000005960464477539e-01
cascade_activation_functions_count=10
cascade_activation_functions=3 5 7 8 10 11 14 15 16 17 
cascade_activation_steepnesses_count=4
cascade_activation_steepnesses=2.50000000000000000000e-01 5.00000000000000000000e-01 7.50000000000000000000e-01 1.00000000000000000000e+00 
layer_sizes=2 5 3 3 
scale_included=0
neurons (num_inputs, activation_function, activation_steepness)=(0, 0, 0.00000000000000000000e+00) (0, 0, 0.00000000000000000000e+00) (2, 3, 5.00000000000000000000e-01) (2, 3, 5.00000000000000000000e-01) (2, 3, 5.00000000000000000000e-01) (2, 3, 5.00000000000000000000e-01) (0, 3, 0.00000000000000000000e+00) (5, 3, 5.00000000000000000000e-01) (5, 3, 5.00000000000000000000e-01) (0, 3, 0.00000000000000000000e+00) (3, 0, 5.00000000000000000000e-01) (3, 0, 5.00000000000000000000e-01) (0, 0, 0.00000000000000000000e+00) 
connections (connected_to_neuron, weight)=(0, 2.17313171386718750000e+02) (1, -1.05588470458984375000e+02) (0, 1.90656860351562500000e+02) (1, -9.30380859375000000000e+01) (0, 1.70359992980957031250e+01) (1, -4.66117286682128906250e+00) (0, 8.88548706054687500000e+02) (1, -4.04938873291015625000e+02) (2, 2.53334426879882812500e+00) (3, -1.99767971038818359375e+00) (4, -2.19894371032714843750e+01) (5, 1.95137825012207031250e+01) (6, -4.16330665349960327148e-01) (2, -4.31808888912200927734e-01) (3, 7.08902031183242797852e-02) (4, -3.21540260314941406250e+00) (5, -6.83256685733795166016e-01) (6, 1.83585929870605468750e+00) (7, 6.39140272140502929688e+00) (8, -1.66959154605865478516e+00) (9, -8.49800467491149902344e-01) (7, 2.60670065879821777344e+00) (8, 4.56692075729370117188e+00) (9, -2.79744768142700195312e+00) 
