FANN_FLO_2.1
num_layers=4
learning_rate=0.500000
connection_rate=1.000000
network_type=0
learning_momentum=0.000000
training_algorithm=2
train_error_function=1
train_stop_function=0
cascade_output_change_fraction=0.010000
quickprop_decay=-0.000100
quickprop_mu=1.750000
rprop_increase_factor=1.200000
rprop_decrease_factor=0.500000
rprop_delta_min=0.000000
rprop_delta_max=50.000000
rprop_delta_zero=0.100000
cascade_output_stagnation_epochs=12
cascade_candidate_change_fraction=0.010000
cascade_candidate_stagnation_epochs=12
cascade_max_out_epochs=150
cascade_min_out_epochs=50
cascade_max_cand_epochs=150
cascade_min_cand_epochs=50
cascade_num_candidate_groups=2
bit_fail_limit=3.49999994039535522461e-01
cascade_candidate_limit=1.00000000000000000000e+03
cascade_weight_multiplier=4.00000005960464477539e-01
cascade_activation_functions_count=10
cascade_activation_functions=3 5 7 8 10 11 14 15 16 17 
cascade_activation_steepnesses_count=4
cascade_activation_steepnesses=2.50000000000000000000e-01 5.00000000000000000000e-01 7.50000000000000000000e-01 1.00000000000000000000e+00 
layer_sizes=10 3 3 2 
scale_included=0
neurons (num_inputs, activation_function, activation_steepness)=(0, 0, 0.00000000000000000000e+00) (0, 0, 0.00000000000000000000e+00) (0, 0, 0.00000000000000000000e+00) (0, 0, 0.00000000000000000000e+00) (0, 0, 0.00000000000000000000e+00) (0, 0, 0.00000000000000000000e+00) (0, 0, 0.00000000000000000000e+00) (0, 0, 0.00000000000000000000e+00) (0, 0, 0.00000000000000000000e+00) (0, 0, 0.00000000000000000000e+00) (10, 3, 5.00000000000000000000e-01) (10, 3, 5.00000000000000000000e-01) (0, 3, 0.00000000000000000000e+00) (3, 3, 5.00000000000000000000e-01) (3, 3, 5.00000000000000000000e-01) (0, 3, 0.00000000000000000000e+00) (3, 3, 5.00000000000000000000e-01) (0, 3, 0.00000000000000000000e+00) 
connections (connected_to_neuron, weight)=(0, 6.81325244903564453125e+00) (1, 5.30535697937011718750e+00) (2, -3.96489810943603515625e+00) (3, 1.72360432147979736328e+00) (4, -6.02877283096313476562e+00) (5, 7.03875944018363952637e-02) (6, 6.42602825164794921875e+00) (7, 2.75004923343658447266e-01) (8, 1.90600252151489257812e+00) (9, -5.86063766479492187500e+00) (0, -2.09189772605895996094e+00) (1, -2.59591531753540039062e+00) (2, -5.65655291080474853516e-01) (3, -1.30982637405395507812e+00) (4, 1.31964862346649169922e+00) (5, -8.04844200611114501953e-01) (6, -1.07922852039337158203e+00) (7, -1.61149847507476806641e+00) (8, -3.90832948684692382812e+00) (9, 5.55809402465820312500e+00) (10, -8.83551788330078125000e+00) (11, 1.59322977066040039062e+01) (12, -6.12392663955688476562e-01) (10, -7.02593135833740234375e+00) (11, 5.06112136840820312500e+01) (12, -6.33353376388549804688e+00) (13, 2.47109532356262207031e+00) (14, 1.59841394424438476562e+00) (15, -3.19657230377197265625e+00) 
