FANN_FLO_2.1
num_layers=4
learning_rate=0.500000
connection_rate=1.000000
network_type=0
learning_momentum=0.000000
training_algorithm=2
train_error_function=1
train_stop_function=0
cascade_output_change_fraction=0.010000
quickprop_decay=-0.000100
quickprop_mu=1.750000
rprop_increase_factor=1.200000
rprop_decrease_factor=0.500000
rprop_delta_min=0.000000
rprop_delta_max=50.000000
rprop_delta_zero=0.100000
cascade_output_stagnation_epochs=12
cascade_candidate_change_fraction=0.010000
cascade_candidate_stagnation_epochs=12
cascade_max_out_epochs=150
cascade_min_out_epochs=50
cascade_max_cand_epochs=150
cascade_min_cand_epochs=50
cascade_num_candidate_groups=2
bit_fail_limit=3.49999994039535522461e-01
cascade_candidate_limit=1.00000000000000000000e+03
cascade_weight_multiplier=4.00000005960464477539e-01
cascade_activation_functions_count=10
cascade_activation_functions=3 5 7 8 10 11 14 15 16 17 
cascade_activation_steepnesses_count=4
cascade_activation_steepnesses=2.50000000000000000000e-01 5.00000000000000000000e-01 7.50000000000000000000e-01 1.00000000000000000000e+00 
layer_sizes=2 5 3 3 
scale_included=0
neurons (num_inputs, activation_function, activation_steepness)=(0, 0, 0.00000000000000000000e+00) (0, 0, 0.00000000000000000000e+00) (2, 3, 5.00000000000000000000e-01) (2, 3, 5.00000000000000000000e-01) (2, 3, 5.00000000000000000000e-01) (2, 3, 5.00000000000000000000e-01) (0, 3, 0.00000000000000000000e+00) (5, 3, 5.00000000000000000000e-01) (5, 3, 5.00000000000000000000e-01) (0, 3, 0.00000000000000000000e+00) (3, 0, 5.00000000000000000000e-01) (3, 0, 5.00000000000000000000e-01) (0, 0, 0.00000000000000000000e+00) 
connections (connected_to_neuron, weight)=(0, 1.07372541427612304688e+01) (1, -2.80174493789672851562e+00) (0, 9.37338066101074218750e+00) (1, -4.37599849700927734375e+00) (0, 1.40876722335815429688e+01) (1, -4.82730865478515625000e+00) (0, 9.37205028533935546875e+00) (1, -3.78714966773986816406e+00) (2, -3.18443703651428222656e+00) (3, -2.12266683578491210938e+00) (4, 1.06390547752380371094e+00) (5, -1.05607104301452636719e+00) (6, 1.67982089519500732422e+00) (2, -1.59829263687133789062e+01) (3, -1.01117134094238281250e+00) (4, 1.62297534942626953125e+01) (5, -1.03297054767608642578e+00) (6, 9.78182613849639892578e-01) (7, -8.48721027374267578125e-01) (8, 4.34926223754882812500e+00) (9, -1.68858814239501953125e+00) (7, 5.59262704849243164062e+00) (8, 4.39227521419525146484e-01) (9, -2.74288129806518554688e+00) 
