FANN_FLO_2.1
num_layers=3
learning_rate=0.400000
connection_rate=1.000000
network_type=0
learning_momentum=0.000000
training_algorithm=2
train_error_function=1
train_stop_function=0
cascade_output_change_fraction=0.010000
quickprop_decay=-0.000100
quickprop_mu=1.750000
rprop_increase_factor=1.200000
rprop_decrease_factor=0.500000
rprop_delta_min=0.000000
rprop_delta_max=50.000000
rprop_delta_zero=0.100000
cascade_output_stagnation_epochs=12
cascade_candidate_change_fraction=0.010000
cascade_candidate_stagnation_epochs=12
cascade_max_out_epochs=150
cascade_min_out_epochs=50
cascade_max_cand_epochs=150
cascade_min_cand_epochs=50
cascade_num_candidate_groups=2
bit_fail_limit=3.49999994039535522461e-01
cascade_candidate_limit=1.00000000000000000000e+03
cascade_weight_multiplier=4.00000005960464477539e-01
cascade_activation_functions_count=10
cascade_activation_functions=3 5 7 8 10 11 14 15 16 17 
cascade_activation_steepnesses_count=4
cascade_activation_steepnesses=2.50000000000000000000e-01 5.00000000000000000000e-01 7.50000000000000000000e-01 1.00000000000000000000e+00 
layer_sizes=19 3 3 
scale_included=0
neurons (num_inputs, activation_function, activation_steepness)=(0, 0, 0.00000000000000000000e+00) (0, 0, 0.00000000000000000000e+00) (0, 0, 0.00000000000000000000e+00) (0, 0, 0.00000000000000000000e+00) (0, 0, 0.00000000000000000000e+00) (0, 0, 0.00000000000000000000e+00) (0, 0, 0.00000000000000000000e+00) (0, 0, 0.00000000000000000000e+00) (0, 0, 0.00000000000000000000e+00) (0, 0, 0.00000000000000000000e+00) (0, 0, 0.00000000000000000000e+00) (0, 0, 0.00000000000000000000e+00) (0, 0, 0.00000000000000000000e+00) (0, 0, 0.00000000000000000000e+00) (0, 0, 0.00000000000000000000e+00) (0, 0, 0.00000000000000000000e+00) (0, 0, 0.00000000000000000000e+00) (0, 0, 0.00000000000000000000e+00) (0, 0, 0.00000000000000000000e+00) (19, 3, 5.00000000000000000000e-01) (19, 3, 5.00000000000000000000e-01) (0, 3, 0.00000000000000000000e+00) (3, 3, 5.00000000000000000000e-01) (3, 3, 5.00000000000000000000e-01) (0, 3, 0.00000000000000000000e+00) 
connections (connected_to_neuron, weight)=(0, 7.54707157611846923828e-01) (1, -5.26697254180908203125e+00) (2, -4.75783906877040863037e-02) (3, 1.34143769741058349609e+00) (4, -5.21472311019897460938e+00) (5, 2.35726609826087951660e-01) (6, 5.65019428730010986328e-01) (7, -3.81175971031188964844e+00) (8, 8.00536453723907470703e-01) (9, -1.74205684661865234375e+00) (10, 4.86614704132080078125e+00) (11, -1.74322319030761718750e+00) (12, -2.37029743194580078125e+00) (13, 3.40446281433105468750e+00) (14, -6.92436322569847106934e-02) (15, -2.22426176071166992188e+00) (16, 5.81695556640625000000e+00) (17, -2.54011177457869052887e-03) (18, 2.71996676921844482422e-01) (0, -3.27578616142272949219e+00) (1, 9.54247474670410156250e+00) (2, -3.16406376659870147705e-02) (3, -3.52999448776245117188e+00) (4, 8.18196105957031250000e+00) (5, 8.58029723167419433594e-01) (6, -3.73008131980895996094e+00) (7, 4.59588384628295898438e+00) (8, -2.22604227066040039062e+00) (9, 1.66498267650604248047e+00) (10, -8.22353839874267578125e+00) (11, 2.25440168380737304688e+00) (12, 3.00685048103332519531e+00) (13, -7.36096096038818359375e+00) (14, -7.49339342117309570312e-01) (15, 2.56836175918579101562e+00) (16, -1.12274904251098632812e+01) (17, -6.53689205646514892578e-01) (18, 2.74403595924377441406e+00) (19, -1.99786174297332763672e+00) (20, -1.61037445068359375000e+00) (21, 7.89395272731781005859e-01) (19, 2.00038528442382812500e+00) (20, 1.61473929882049560547e+00) (21, -7.90104448795318603516e-01) 
