FANN_FLO_2.1
num_layers=4
learning_rate=0.500000
connection_rate=1.000000
network_type=0
learning_momentum=0.000000
training_algorithm=2
train_error_function=1
train_stop_function=0
cascade_output_change_fraction=0.010000
quickprop_decay=-0.000100
quickprop_mu=1.750000
rprop_increase_factor=1.200000
rprop_decrease_factor=0.500000
rprop_delta_min=0.000000
rprop_delta_max=50.000000
rprop_delta_zero=0.100000
cascade_output_stagnation_epochs=12
cascade_candidate_change_fraction=0.010000
cascade_candidate_stagnation_epochs=12
cascade_max_out_epochs=150
cascade_min_out_epochs=50
cascade_max_cand_epochs=150
cascade_min_cand_epochs=50
cascade_num_candidate_groups=2
bit_fail_limit=3.49999994039535522461e-01
cascade_candidate_limit=1.00000000000000000000e+03
cascade_weight_multiplier=4.00000005960464477539e-01
cascade_activation_functions_count=10
cascade_activation_functions=3 5 7 8 10 11 14 15 16 17 
cascade_activation_steepnesses_count=4
cascade_activation_steepnesses=2.50000000000000000000e-01 5.00000000000000000000e-01 7.50000000000000000000e-01 1.00000000000000000000e+00 
layer_sizes=10 5 3 2 
scale_included=0
neurons (num_inputs, activation_function, activation_steepness)=(0, 0, 0.00000000000000000000e+00) (0, 0, 0.00000000000000000000e+00) (0, 0, 0.00000000000000000000e+00) (0, 0, 0.00000000000000000000e+00) (0, 0, 0.00000000000000000000e+00) (0, 0, 0.00000000000000000000e+00) (0, 0, 0.00000000000000000000e+00) (0, 0, 0.00000000000000000000e+00) (0, 0, 0.00000000000000000000e+00) (0, 0, 0.00000000000000000000e+00) (10, 3, 5.00000000000000000000e-01) (10, 3, 5.00000000000000000000e-01) (10, 3, 5.00000000000000000000e-01) (10, 3, 5.00000000000000000000e-01) (0, 3, 0.00000000000000000000e+00) (5, 3, 5.00000000000000000000e-01) (5, 3, 5.00000000000000000000e-01) (0, 3, 0.00000000000000000000e+00) (3, 3, 5.00000000000000000000e-01) (0, 3, 0.00000000000000000000e+00) 
connections (connected_to_neuron, weight)=(0, -1.66372907161712646484e+00) (1, -3.52330692112445831299e-02) (2, 4.46497039794921875000e+01) (3, 3.34876894950866699219e+00) (4, 4.09632301330566406250e+01) (5, -9.79719352722167968750e+00) (6, -3.08248996734619140625e+01) (7, -4.13493881225585937500e+01) (8, -1.58784189224243164062e+01) (9, -3.36390525102615356445e-01) (0, 2.60497741699218750000e+02) (1, 2.24568557739257812500e+01) (2, 1.50000000000000000000e+03) (3, 1.38411730957031250000e+03) (4, 1.40084643554687500000e+03) (5, 1.24827624511718750000e+03) (6, -3.36415328979492187500e+01) (7, -3.26576519012451171875e+00) (8, 3.86368789672851562500e+01) (9, 3.82363853454589843750e+01) (0, 7.09502220153808593750e-01) (1, 8.33526134490966796875e+00) (2, -4.79807567596435546875e+00) (3, -2.30065059661865234375e+00) (4, 1.40423965454101562500e+00) (5, -7.06564262509346008301e-02) (6, 2.32669854164123535156e+00) (7, -9.52178764343261718750e+00) (8, -2.96725177764892578125e+00) (9, 2.74591183662414550781e+00) (0, 1.29574966430664062500e+01) (1, -1.58842694759368896484e+00) (2, -1.50000000000000000000e+03) (3, -7.02974929809570312500e+01) (4, -9.85241889953613281250e+00) (5, -7.32440185546875000000e+01) (6, 5.60008789062500000000e+02) (7, -2.12258243560791015625e+00) (8, 9.20226257324218750000e+02) (9, -3.67486327886581420898e-01) (10, -1.50000000000000000000e+03) (11, -5.30759048461914062500e+00) (12, 7.75389938354492187500e+01) (13, -1.50000000000000000000e+03) (14, -6.27874612808227539062e+00) (10, 7.40196838378906250000e+01) (11, -8.34969863891601562500e+01) (12, 3.67487449645996093750e+01) (13, 1.50000000000000000000e+03) (14, -7.58342695236206054688e+00) (15, -7.43654787540435791016e-01) (16, 1.18920254707336425781e+00) (17, -3.47394406795501708984e-01) 
