FANN_FLO_2.1
num_layers=4
learning_rate=0.500000
connection_rate=1.000000
network_type=0
learning_momentum=0.000000
training_algorithm=2
train_error_function=1
train_stop_function=0
cascade_output_change_fraction=0.010000
quickprop_decay=-0.000100
quickprop_mu=1.750000
rprop_increase_factor=1.200000
rprop_decrease_factor=0.500000
rprop_delta_min=0.000000
rprop_delta_max=50.000000
rprop_delta_zero=0.100000
cascade_output_stagnation_epochs=12
cascade_candidate_change_fraction=0.010000
cascade_candidate_stagnation_epochs=12
cascade_max_out_epochs=150
cascade_min_out_epochs=50
cascade_max_cand_epochs=150
cascade_min_cand_epochs=50
cascade_num_candidate_groups=2
bit_fail_limit=3.49999994039535522461e-01
cascade_candidate_limit=1.00000000000000000000e+03
cascade_weight_multiplier=4.00000005960464477539e-01
cascade_activation_functions_count=10
cascade_activation_functions=3 5 7 8 10 11 14 15 16 17 
cascade_activation_steepnesses_count=4
cascade_activation_steepnesses=2.50000000000000000000e-01 5.00000000000000000000e-01 7.50000000000000000000e-01 1.00000000000000000000e+00 
layer_sizes=10 3 3 2 
scale_included=0
neurons (num_inputs, activation_function, activation_steepness)=(0, 0, 0.00000000000000000000e+00) (0, 0, 0.00000000000000000000e+00) (0, 0, 0.00000000000000000000e+00) (0, 0, 0.00000000000000000000e+00) (0, 0, 0.00000000000000000000e+00) (0, 0, 0.00000000000000000000e+00) (0, 0, 0.00000000000000000000e+00) (0, 0, 0.00000000000000000000e+00) (0, 0, 0.00000000000000000000e+00) (0, 0, 0.00000000000000000000e+00) (10, 3, 5.00000000000000000000e-01) (10, 3, 5.00000000000000000000e-01) (0, 3, 0.00000000000000000000e+00) (3, 3, 5.00000000000000000000e-01) (3, 3, 5.00000000000000000000e-01) (0, 3, 0.00000000000000000000e+00) (3, 3, 5.00000000000000000000e-01) (0, 3, 0.00000000000000000000e+00) 
connections (connected_to_neuron, weight)=(0, 2.00748367309570312500e+01) (1, -1.72396814823150634766e+00) (2, 1.27913200855255126953e+00) (3, 6.59738779067993164062e-01) (4, -5.18834066390991210938e+00) (5, -6.45631790161132812500e+00) (6, 3.03873848915100097656e+00) (7, -1.83271932601928710938e+00) (8, -5.96538019180297851562e+00) (9, -2.90062618255615234375e+00) (0, 3.19457554817199707031e+00) (1, -1.44876682758331298828e+00) (2, -2.72020369768142700195e-01) (3, 8.18459928035736083984e-01) (4, -1.29924860000610351562e+01) (5, -2.58265590667724609375e+00) (6, 1.87993602752685546875e+01) (7, 3.62991189956665039062e+00) (8, -2.78334999084472656250e+00) (9, -5.02881050109863281250e-01) (10, -2.27614364624023437500e+01) (11, 6.03407669067382812500e+00) (12, 9.93675053119659423828e-01) (10, 1.12485837936401367188e+01) (11, -7.47801828384399414062e+00) (12, -9.85119879245758056641e-01) (13, 2.44394445419311523438e+00) (14, 2.51382088661193847656e+00) (15, -1.57576656341552734375e+00) 
