FANN_FLO_2.1
num_layers=3
learning_rate=0.500000
connection_rate=1.000000
network_type=0
learning_momentum=0.000000
training_algorithm=2
train_error_function=1
train_stop_function=0
cascade_output_change_fraction=0.010000
quickprop_decay=-0.000100
quickprop_mu=1.750000
rprop_increase_factor=1.200000
rprop_decrease_factor=0.500000
rprop_delta_min=0.000000
rprop_delta_max=50.000000
rprop_delta_zero=0.100000
cascade_output_stagnation_epochs=12
cascade_candidate_change_fraction=0.010000
cascade_candidate_stagnation_epochs=12
cascade_max_out_epochs=150
cascade_min_out_epochs=50
cascade_max_cand_epochs=150
cascade_min_cand_epochs=50
cascade_num_candidate_groups=2
bit_fail_limit=3.49999994039535522461e-01
cascade_candidate_limit=1.00000000000000000000e+03
cascade_weight_multiplier=4.00000005960464477539e-01
cascade_activation_functions_count=10
cascade_activation_functions=3 5 7 8 10 11 14 15 16 17 
cascade_activation_steepnesses_count=4
cascade_activation_steepnesses=2.50000000000000000000e-01 5.00000000000000000000e-01 7.50000000000000000000e-01 1.00000000000000000000e+00 
layer_sizes=10 3 2 
scale_included=0
neurons (num_inputs, activation_function, activation_steepness)=(0, 0, 0.00000000000000000000e+00) (0, 0, 0.00000000000000000000e+00) (0, 0, 0.00000000000000000000e+00) (0, 0, 0.00000000000000000000e+00) (0, 0, 0.00000000000000000000e+00) (0, 0, 0.00000000000000000000e+00) (0, 0, 0.00000000000000000000e+00) (0, 0, 0.00000000000000000000e+00) (0, 0, 0.00000000000000000000e+00) (0, 0, 0.00000000000000000000e+00) (10, 3, 5.00000000000000000000e-01) (10, 3, 5.00000000000000000000e-01) (0, 3, 0.00000000000000000000e+00) (3, 3, 5.00000000000000000000e-01) (0, 3, 0.00000000000000000000e+00) 
connections (connected_to_neuron, weight)=(0, -3.91699957847595214844e+00) (1, 3.59032783508300781250e+01) (2, -2.80917778015136718750e+01) (3, -9.97304058074951171875e+00) (4, 9.91280078887939453125e+00) (5, 3.74530258178710937500e+01) (6, 4.16259795427322387695e-01) (7, -5.22068262100219726562e+00) (8, -2.62360877990722656250e+01) (9, -2.34667325019836425781e+00) (0, 4.90356683731079101562e+00) (1, 2.29901695251464843750e+01) (2, 2.49308800697326660156e+00) (3, 1.58180570602416992188e+00) (4, 1.12794160842895507812e+01) (5, 2.62550029754638671875e+01) (6, -7.59179639816284179688e+00) (7, -1.41085827350616455078e+00) (8, -4.76677398681640625000e+01) (9, -9.97230529785156250000e-01) (10, 3.34221553802490234375e+00) (11, -1.29188716411590576172e+00) (12, -1.17766547203063964844e+00) 
