FANN_FLO_2.1
num_layers=4
learning_rate=0.400000
connection_rate=1.000000
network_type=0
learning_momentum=0.000000
training_algorithm=2
train_error_function=1
train_stop_function=0
cascade_output_change_fraction=0.010000
quickprop_decay=-0.000100
quickprop_mu=1.750000
rprop_increase_factor=1.200000
rprop_decrease_factor=0.500000
rprop_delta_min=0.000000
rprop_delta_max=50.000000
rprop_delta_zero=0.100000
cascade_output_stagnation_epochs=12
cascade_candidate_change_fraction=0.010000
cascade_candidate_stagnation_epochs=12
cascade_max_out_epochs=150
cascade_min_out_epochs=50
cascade_max_cand_epochs=150
cascade_min_cand_epochs=50
cascade_num_candidate_groups=2
bit_fail_limit=3.49999994039535522461e-01
cascade_candidate_limit=1.00000000000000000000e+03
cascade_weight_multiplier=4.00000005960464477539e-01
cascade_activation_functions_count=10
cascade_activation_functions=3 5 7 8 10 11 14 15 16 17 
cascade_activation_steepnesses_count=4
cascade_activation_steepnesses=2.50000000000000000000e-01 5.00000000000000000000e-01 7.50000000000000000000e-01 1.00000000000000000000e+00 
layer_sizes=7 5 5 2 
scale_included=0
neurons (num_inputs, activation_function, activation_steepness)=(0, 0, 0.00000000000000000000e+00) (0, 0, 0.00000000000000000000e+00) (0, 0, 0.00000000000000000000e+00) (0, 0, 0.00000000000000000000e+00) (0, 0, 0.00000000000000000000e+00) (0, 0, 0.00000000000000000000e+00) (0, 0, 0.00000000000000000000e+00) (7, 3, 5.00000000000000000000e-01) (7, 3, 5.00000000000000000000e-01) (7, 3, 5.00000000000000000000e-01) (7, 3, 5.00000000000000000000e-01) (0, 3, 0.00000000000000000000e+00) (5, 3, 5.00000000000000000000e-01) (5, 3, 5.00000000000000000000e-01) (5, 3, 5.00000000000000000000e-01) (5, 3, 5.00000000000000000000e-01) (0, 3, 0.00000000000000000000e+00) (5, 3, 5.00000000000000000000e-01) (0, 3, 0.00000000000000000000e+00) 
connections (connected_to_neuron, weight)=(0, -7.00406789779663085938e+00) (1, 5.39769744873046875000e+00) (2, -3.37082052230834960938e+00) (3, -2.15258264541625976562e+00) (4, -9.16327834129333496094e-01) (5, -4.30423545837402343750e+00) (6, 8.83921384811401367188e-01) (0, 1.16426286697387695312e+01) (1, -1.41147308349609375000e+01) (2, 7.01055288314819335938e+00) (3, -4.76680564880371093750e+00) (4, -1.09878098964691162109e+00) (5, 6.07636785507202148438e+00) (6, -3.23564434051513671875e+00) (0, 4.41078543663024902344e-01) (1, -3.79923772811889648438e+00) (2, -4.92629975080490112305e-01) (3, -4.20786666870117187500e+00) (4, -1.47577440738677978516e+00) (5, 2.05419015884399414062e+00) (6, 2.20184445381164550781e+00) (0, -5.90430736541748046875e+00) (1, -2.05208511352539062500e+01) (2, 8.60480041503906250000e+01) (3, -1.25416125488281250000e+03) (4, 2.60471367835998535156e+00) (5, 2.80458618164062500000e+02) (6, 7.72631585597991943359e-01) (7, 6.50495100021362304688e+00) (8, -4.31127090454101562500e+01) (9, 5.15431289672851562500e+01) (10, 1.24080004882812500000e+03) (11, -1.54316115379333496094e+00) (7, 1.09798030853271484375e+01) (8, 8.21059417724609375000e+00) (9, -4.75205659866333007812e+00) (10, 1.24080004882812500000e+03) (11, -2.79899668693542480469e+00) (7, -1.62171018123626708984e+00) (8, -9.03304290771484375000e+00) (9, 1.62567729949951171875e+01) (10, 1.24080004882812500000e+03) (11, -1.77994883060455322266e+00) (7, -1.27923706054687500000e+03) (8, 5.87244453430175781250e+01) (9, 5.84869337081909179688e+00) (10, 1.24080004882812500000e+03) (11, -1.92873299121856689453e+00) (12, -7.00961649417877197266e-01) (13, -7.26007699966430664062e+00) (14, -5.98293125629425048828e-01) (15, -6.23166263103485107422e-01) (16, -2.47865796089172363281e-01) 
