FANN_FLO_2.1
num_layers=3
learning_rate=0.500000
connection_rate=1.000000
network_type=0
learning_momentum=0.000000
training_algorithm=2
train_error_function=1
train_stop_function=0
cascade_output_change_fraction=0.010000
quickprop_decay=-0.000100
quickprop_mu=1.750000
rprop_increase_factor=1.200000
rprop_decrease_factor=0.500000
rprop_delta_min=0.000000
rprop_delta_max=50.000000
rprop_delta_zero=0.100000
cascade_output_stagnation_epochs=12
cascade_candidate_change_fraction=0.010000
cascade_candidate_stagnation_epochs=12
cascade_max_out_epochs=150
cascade_min_out_epochs=50
cascade_max_cand_epochs=150
cascade_min_cand_epochs=50
cascade_num_candidate_groups=2
bit_fail_limit=3.49999994039535522461e-01
cascade_candidate_limit=1.00000000000000000000e+03
cascade_weight_multiplier=4.00000005960464477539e-01
cascade_activation_functions_count=10
cascade_activation_functions=3 5 7 8 10 11 14 15 16 17 
cascade_activation_steepnesses_count=4
cascade_activation_steepnesses=2.50000000000000000000e-01 5.00000000000000000000e-01 7.50000000000000000000e-01 1.00000000000000000000e+00 
layer_sizes=10 3 2 
scale_included=0
neurons (num_inputs, activation_function, activation_steepness)=(0, 0, 0.00000000000000000000e+00) (0, 0, 0.00000000000000000000e+00) (0, 0, 0.00000000000000000000e+00) (0, 0, 0.00000000000000000000e+00) (0, 0, 0.00000000000000000000e+00) (0, 0, 0.00000000000000000000e+00) (0, 0, 0.00000000000000000000e+00) (0, 0, 0.00000000000000000000e+00) (0, 0, 0.00000000000000000000e+00) (0, 0, 0.00000000000000000000e+00) (10, 3, 5.00000000000000000000e-01) (10, 3, 5.00000000000000000000e-01) (0, 3, 0.00000000000000000000e+00) (3, 3, 5.00000000000000000000e-01) (0, 3, 0.00000000000000000000e+00) 
connections (connected_to_neuron, weight)=(0, -1.09055280685424804688e+00) (1, -3.83033251762390136719e+00) (2, -1.10211400985717773438e+01) (3, -4.36516761779785156250e+00) (4, 4.55305147171020507812e+00) (5, -1.46406068801879882812e+01) (6, 1.73262939453125000000e+01) (7, 1.18929553031921386719e+00) (8, 6.20917141437530517578e-01) (9, 1.89858257770538330078e+00) (0, -5.12633085250854492188e+00) (1, 1.54623770713806152344e+00) (2, 2.64436168670654296875e+01) (3, -5.74799440801143646240e-02) (4, -2.61422848701477050781e+00) (5, 1.23086452484130859375e+01) (6, -2.16109962463378906250e+01) (7, -6.80555438995361328125e+00) (8, -5.50105285644531250000e+00) (9, -8.36022794246673583984e-01) (10, 4.45992422103881835938e+00) (11, 4.41331577301025390625e+00) (12, -3.56520533561706542969e+00) 
