FANN_FLO_2.1
num_layers=3
learning_rate=0.500000
connection_rate=1.000000
network_type=0
learning_momentum=0.000000
training_algorithm=2
train_error_function=1
train_stop_function=0
cascade_output_change_fraction=0.010000
quickprop_decay=-0.000100
quickprop_mu=1.750000
rprop_increase_factor=1.200000
rprop_decrease_factor=0.500000
rprop_delta_min=0.000000
rprop_delta_max=50.000000
rprop_delta_zero=0.100000
cascade_output_stagnation_epochs=12
cascade_candidate_change_fraction=0.010000
cascade_candidate_stagnation_epochs=12
cascade_max_out_epochs=150
cascade_min_out_epochs=50
cascade_max_cand_epochs=150
cascade_min_cand_epochs=50
cascade_num_candidate_groups=2
bit_fail_limit=3.49999994039535522461e-01
cascade_candidate_limit=1.00000000000000000000e+03
cascade_weight_multiplier=4.00000005960464477539e-01
cascade_activation_functions_count=10
cascade_activation_functions=3 5 7 8 10 11 14 15 16 17 
cascade_activation_steepnesses_count=4
cascade_activation_steepnesses=2.50000000000000000000e-01 5.00000000000000000000e-01 7.50000000000000000000e-01 1.00000000000000000000e+00 
layer_sizes=10 3 2 
scale_included=0
neurons (num_inputs, activation_function, activation_steepness)=(0, 0, 0.00000000000000000000e+00) (0, 0, 0.00000000000000000000e+00) (0, 0, 0.00000000000000000000e+00) (0, 0, 0.00000000000000000000e+00) (0, 0, 0.00000000000000000000e+00) (0, 0, 0.00000000000000000000e+00) (0, 0, 0.00000000000000000000e+00) (0, 0, 0.00000000000000000000e+00) (0, 0, 0.00000000000000000000e+00) (0, 0, 0.00000000000000000000e+00) (10, 3, 5.00000000000000000000e-01) (10, 3, 5.00000000000000000000e-01) (0, 3, 0.00000000000000000000e+00) (3, 3, 5.00000000000000000000e-01) (0, 3, 0.00000000000000000000e+00) 
connections (connected_to_neuron, weight)=(0, -4.21836996078491210938e+00) (1, 6.15027248859405517578e-01) (2, -1.53476018905639648438e+01) (3, -3.33242797851562500000e+00) (4, 2.81497859954833984375e+00) (5, -1.27674877643585205078e-01) (6, 1.48431777954101562500e+00) (7, 1.26510024070739746094e+00) (8, 8.33809566497802734375e+00) (9, 2.52525418996810913086e-01) (0, 3.33599746227264404297e-02) (1, 9.52686595916748046875e+00) (2, 4.38208770751953125000e+00) (3, -3.65897226333618164062e+00) (4, -3.47530007362365722656e+00) (5, -9.34609770774841308594e-01) (6, 2.80440354347229003906e+00) (7, -5.30651283264160156250e+00) (8, -1.71072959899902343750e+00) (9, -3.02487850189208984375e-01) (10, 3.02842140197753906250e+00) (11, 3.11538767814636230469e+00) (12, -2.12642502784729003906e+00) 
