FANN_FLO_2.1
num_layers=4
learning_rate=0.500000
connection_rate=1.000000
network_type=0
learning_momentum=0.000000
training_algorithm=2
train_error_function=1
train_stop_function=0
cascade_output_change_fraction=0.010000
quickprop_decay=-0.000100
quickprop_mu=1.750000
rprop_increase_factor=1.200000
rprop_decrease_factor=0.500000
rprop_delta_min=0.000000
rprop_delta_max=50.000000
rprop_delta_zero=0.100000
cascade_output_stagnation_epochs=12
cascade_candidate_change_fraction=0.010000
cascade_candidate_stagnation_epochs=12
cascade_max_out_epochs=150
cascade_min_out_epochs=50
cascade_max_cand_epochs=150
cascade_min_cand_epochs=50
cascade_num_candidate_groups=2
bit_fail_limit=3.49999994039535522461e-01
cascade_candidate_limit=1.00000000000000000000e+03
cascade_weight_multiplier=4.00000005960464477539e-01
cascade_activation_functions_count=10
cascade_activation_functions=3 5 7 8 10 11 14 15 16 17 
cascade_activation_steepnesses_count=4
cascade_activation_steepnesses=2.50000000000000000000e-01 5.00000000000000000000e-01 7.50000000000000000000e-01 1.00000000000000000000e+00 
layer_sizes=2 5 3 3 
scale_included=0
neurons (num_inputs, activation_function, activation_steepness)=(0, 0, 0.00000000000000000000e+00) (0, 0, 0.00000000000000000000e+00) (2, 3, 5.00000000000000000000e-01) (2, 3, 5.00000000000000000000e-01) (2, 3, 5.00000000000000000000e-01) (2, 3, 5.00000000000000000000e-01) (0, 3, 0.00000000000000000000e+00) (5, 3, 5.00000000000000000000e-01) (5, 3, 5.00000000000000000000e-01) (0, 3, 0.00000000000000000000e+00) (3, 0, 5.00000000000000000000e-01) (3, 0, 5.00000000000000000000e-01) (0, 0, 0.00000000000000000000e+00) 
connections (connected_to_neuron, weight)=(0, -2.98598957061767578125e+00) (1, 5.32953619956970214844e-01) (0, 1.82245769500732421875e+01) (1, -6.74950265884399414062e+00) (0, -3.11606287956237792969e+00) (1, 3.51861298084259033203e-01) (0, 1.31456499099731445312e+01) (1, -1.49582505226135253906e+00) (2, -5.57082474231719970703e-01) (3, -4.56745767593383789062e+00) (4, -6.16064250469207763672e-01) (5, 5.01354408264160156250e+00) (6, -8.17165434360504150391e-01) (2, 1.10177135467529296875e+00) (3, -2.41182184219360351562e+00) (4, 1.11106777191162109375e+00) (5, -3.02409601211547851562e+00) (6, 1.72689867019653320312e+00) (7, -3.42358446121215820312e+00) (8, -7.23406523466110229492e-02) (9, 1.23810708522796630859e+00) (7, 2.78042346239089965820e-01) (8, 4.60586118698120117188e+00) (9, -2.34925746917724609375e+00) 
