FANN_FLO_2.1
num_layers=3
learning_rate=0.500000
connection_rate=1.000000
network_type=0
learning_momentum=0.000000
training_algorithm=2
train_error_function=1
train_stop_function=0
cascade_output_change_fraction=0.010000
quickprop_decay=-0.000100
quickprop_mu=1.750000
rprop_increase_factor=1.200000
rprop_decrease_factor=0.500000
rprop_delta_min=0.000000
rprop_delta_max=50.000000
rprop_delta_zero=0.100000
cascade_output_stagnation_epochs=12
cascade_candidate_change_fraction=0.010000
cascade_candidate_stagnation_epochs=12
cascade_max_out_epochs=150
cascade_min_out_epochs=50
cascade_max_cand_epochs=150
cascade_min_cand_epochs=50
cascade_num_candidate_groups=2
bit_fail_limit=3.49999994039535522461e-01
cascade_candidate_limit=1.00000000000000000000e+03
cascade_weight_multiplier=4.00000005960464477539e-01
cascade_activation_functions_count=10
cascade_activation_functions=3 5 7 8 10 11 14 15 16 17 
cascade_activation_steepnesses_count=4
cascade_activation_steepnesses=2.50000000000000000000e-01 5.00000000000000000000e-01 7.50000000000000000000e-01 1.00000000000000000000e+00 
layer_sizes=10 5 2 
scale_included=0
neurons (num_inputs, activation_function, activation_steepness)=(0, 0, 0.00000000000000000000e+00) (0, 0, 0.00000000000000000000e+00) (0, 0, 0.00000000000000000000e+00) (0, 0, 0.00000000000000000000e+00) (0, 0, 0.00000000000000000000e+00) (0, 0, 0.00000000000000000000e+00) (0, 0, 0.00000000000000000000e+00) (0, 0, 0.00000000000000000000e+00) (0, 0, 0.00000000000000000000e+00) (0, 0, 0.00000000000000000000e+00) (10, 3, 5.00000000000000000000e-01) (10, 3, 5.00000000000000000000e-01) (10, 3, 5.00000000000000000000e-01) (10, 3, 5.00000000000000000000e-01) (0, 3, 0.00000000000000000000e+00) (5, 3, 5.00000000000000000000e-01) (0, 3, 0.00000000000000000000e+00) 
connections (connected_to_neuron, weight)=(0, -8.51385891437530517578e-01) (1, 1.19568145275115966797e+00) (2, -1.50000000000000000000e+03) (3, -9.70134258270263671875e-01) (4, 1.18989586830139160156e+00) (5, -1.50000000000000000000e+03) (6, 4.63049936294555664062e+00) (7, -4.13885498046875000000e+00) (8, -1.50000000000000000000e+03) (9, 5.12859582901000976562e-01) (0, -8.69642138481140136719e-01) (1, 1.49600000381469726562e+01) (2, 7.17359304428100585938e+00) (3, -6.77611351013183593750e+00) (4, -3.69949197769165039062e+00) (5, 3.28807926177978515625e+00) (6, -1.58488321304321289062e+00) (7, -1.42501287460327148438e+01) (8, 4.00035142898559570312e-01) (9, -5.20305335521697998047e-01) (0, -1.19964337348937988281e+00) (1, -3.22340087890625000000e+01) (2, 5.51882565021514892578e-01) (3, -1.59897923469543457031e+00) (4, -1.23608291149139404297e+00) (5, -1.05739831924438476562e+00) (6, -4.50776845216751098633e-01) (7, -5.31398296356201171875e+00) (8, 1.45050020217895507812e+01) (9, 8.15357506275177001953e-01) (0, 3.01984459161758422852e-01) (1, 1.68584575653076171875e+01) (2, 1.00173511505126953125e+01) (3, -4.43422222137451171875e+00) (4, 6.90919518470764160156e-01) (5, 5.43229913711547851562e+00) (6, -5.12291431427001953125e+00) (7, -1.73017196655273437500e+01) (8, 6.04439926147460937500e+00) (9, -4.76209497451782226562e+00) (10, 5.47396802902221679688e+00) (11, 1.43899559974670410156e+00) (12, 1.02832212448120117188e+01) (13, 2.80065751075744628906e+00) (14, -3.27013778686523437500e+00) 
