FANN_FLO_2.1
num_layers=4
learning_rate=0.400000
connection_rate=1.000000
network_type=0
learning_momentum=0.000000
training_algorithm=2
train_error_function=1
train_stop_function=0
cascade_output_change_fraction=0.010000
quickprop_decay=-0.000100
quickprop_mu=1.750000
rprop_increase_factor=1.200000
rprop_decrease_factor=0.500000
rprop_delta_min=0.000000
rprop_delta_max=50.000000
rprop_delta_zero=0.100000
cascade_output_stagnation_epochs=12
cascade_candidate_change_fraction=0.010000
cascade_candidate_stagnation_epochs=12
cascade_max_out_epochs=150
cascade_min_out_epochs=50
cascade_max_cand_epochs=150
cascade_min_cand_epochs=50
cascade_num_candidate_groups=2
bit_fail_limit=3.49999994039535522461e-01
cascade_candidate_limit=1.00000000000000000000e+03
cascade_weight_multiplier=4.00000005960464477539e-01
cascade_activation_functions_count=10
cascade_activation_functions=3 5 7 8 10 11 14 15 16 17 
cascade_activation_steepnesses_count=4
cascade_activation_steepnesses=2.50000000000000000000e-01 5.00000000000000000000e-01 7.50000000000000000000e-01 1.00000000000000000000e+00 
layer_sizes=7 5 5 2 
scale_included=0
neurons (num_inputs, activation_function, activation_steepness)=(0, 0, 0.00000000000000000000e+00) (0, 0, 0.00000000000000000000e+00) (0, 0, 0.00000000000000000000e+00) (0, 0, 0.00000000000000000000e+00) (0, 0, 0.00000000000000000000e+00) (0, 0, 0.00000000000000000000e+00) (0, 0, 0.00000000000000000000e+00) (7, 3, 5.00000000000000000000e-01) (7, 3, 5.00000000000000000000e-01) (7, 3, 5.00000000000000000000e-01) (7, 3, 5.00000000000000000000e-01) (0, 3, 0.00000000000000000000e+00) (5, 3, 5.00000000000000000000e-01) (5, 3, 5.00000000000000000000e-01) (5, 3, 5.00000000000000000000e-01) (5, 3, 5.00000000000000000000e-01) (0, 3, 0.00000000000000000000e+00) (5, 3, 5.00000000000000000000e-01) (0, 3, 0.00000000000000000000e+00) 
connections (connected_to_neuron, weight)=(0, -6.38464164733886718750e+00) (1, 4.00523185729980468750e+00) (2, -2.51307654380798339844e+00) (3, -3.42166161537170410156e+00) (4, -8.70076656341552734375e-01) (5, -3.03695738315582275391e-01) (6, 1.83212268352508544922e+00) (0, -1.50224733352661132812e+00) (1, -1.31697082519531250000e+00) (2, 1.94201576709747314453e+00) (3, -7.89756476879119873047e-01) (4, -2.76334023475646972656e+00) (5, -2.29373425245285034180e-01) (6, 1.65739774703979492188e+00) (0, -1.26371860504150390625e+01) (1, 1.23035116195678710938e+01) (2, -2.96943926811218261719e+00) (3, -3.83566349744796752930e-01) (4, -4.93598729372024536133e-01) (5, -1.50000000000000000000e+03) (6, 2.16738033294677734375e+00) (0, -1.41129148006439208984e+00) (1, -1.54010152816772460938e+00) (2, -1.51495993137359619141e+00) (3, -5.75514173507690429688e+00) (4, -4.79365170001983642578e-01) (5, 1.95914852619171142578e+00) (6, 1.34228730201721191406e+00) (7, -1.28926792144775390625e+01) (8, 4.43593502044677734375e+00) (9, -5.18834888935089111328e-01) (10, 7.47422361373901367188e+00) (11, -2.05393791198730468750e+00) (7, 4.98720836639404296875e+00) (8, 1.69370288848876953125e+01) (9, 6.61274969577789306641e-01) (10, 6.30234718322753906250e+01) (11, -2.78880429267883300781e+00) (7, 4.01851177215576171875e+00) (8, 1.86999359130859375000e+01) (9, 6.33810997009277343750e-01) (10, 1.26639795303344726562e+01) (11, -2.98644971847534179688e+00) (7, 1.33969612121582031250e+01) (8, -3.16151881217956542969e+00) (9, 2.40230250358581542969e+00) (10, -1.03322505950927734375e+01) (11, -3.89941668510437011719e+00) (12, -8.75370883941650390625e+00) (13, -8.04213225841522216797e-01) (14, -4.76819694042205810547e-01) (15, -4.36081171035766601562e+00) (16, 9.19822752475738525391e-02) 
