FANN_FLO_2.1
num_layers=3
learning_rate=0.400000
connection_rate=1.000000
network_type=0
learning_momentum=0.000000
training_algorithm=2
train_error_function=1
train_stop_function=0
cascade_output_change_fraction=0.010000
quickprop_decay=-0.000100
quickprop_mu=1.750000
rprop_increase_factor=1.200000
rprop_decrease_factor=0.500000
rprop_delta_min=0.000000
rprop_delta_max=50.000000
rprop_delta_zero=0.100000
cascade_output_stagnation_epochs=12
cascade_candidate_change_fraction=0.010000
cascade_candidate_stagnation_epochs=12
cascade_max_out_epochs=150
cascade_min_out_epochs=50
cascade_max_cand_epochs=150
cascade_min_cand_epochs=50
cascade_num_candidate_groups=2
bit_fail_limit=3.49999994039535522461e-01
cascade_candidate_limit=1.00000000000000000000e+03
cascade_weight_multiplier=4.00000005960464477539e-01
cascade_activation_functions_count=10
cascade_activation_functions=3 5 7 8 10 11 14 15 16 17 
cascade_activation_steepnesses_count=4
cascade_activation_steepnesses=2.50000000000000000000e-01 5.00000000000000000000e-01 7.50000000000000000000e-01 1.00000000000000000000e+00 
layer_sizes=19 3 3 
scale_included=0
neurons (num_inputs, activation_function, activation_steepness)=(0, 0, 0.00000000000000000000e+00) (0, 0, 0.00000000000000000000e+00) (0, 0, 0.00000000000000000000e+00) (0, 0, 0.00000000000000000000e+00) (0, 0, 0.00000000000000000000e+00) (0, 0, 0.00000000000000000000e+00) (0, 0, 0.00000000000000000000e+00) (0, 0, 0.00000000000000000000e+00) (0, 0, 0.00000000000000000000e+00) (0, 0, 0.00000000000000000000e+00) (0, 0, 0.00000000000000000000e+00) (0, 0, 0.00000000000000000000e+00) (0, 0, 0.00000000000000000000e+00) (0, 0, 0.00000000000000000000e+00) (0, 0, 0.00000000000000000000e+00) (0, 0, 0.00000000000000000000e+00) (0, 0, 0.00000000000000000000e+00) (0, 0, 0.00000000000000000000e+00) (0, 0, 0.00000000000000000000e+00) (19, 3, 5.00000000000000000000e-01) (19, 3, 5.00000000000000000000e-01) (0, 3, 0.00000000000000000000e+00) (3, 3, 5.00000000000000000000e-01) (3, 3, 5.00000000000000000000e-01) (0, 3, 0.00000000000000000000e+00) 
connections (connected_to_neuron, weight)=(0, 9.19200134277343750000e+00) (1, 4.79752683639526367188e+00) (2, -3.25575232505798339844e+00) (3, 2.64927101135253906250e+00) (4, 3.09508562088012695312e-01) (5, 3.99215340614318847656e+00) (6, -3.02852779626846313477e-01) (7, -1.29325735569000244141e+00) (8, 3.14539599418640136719e+00) (9, 2.13244552612304687500e+01) (10, 3.39096522331237792969e+00) (11, 8.35165691375732421875e+00) (12, -1.46007280349731445312e+01) (13, -3.27240020036697387695e-01) (14, 1.46798110008239746094e+00) (15, 1.66147291660308837891e+00) (16, -8.12647640705108642578e-01) (17, -2.61435031890869140625e+00) (18, -4.40671586990356445312e+00) (0, -1.51522293090820312500e+01) (1, -3.53390240669250488281e+00) (2, -1.19464664459228515625e+01) (3, 8.49115371704101562500e+00) (4, 1.94960155487060546875e+01) (5, 1.70841770172119140625e+01) (6, 3.20920276641845703125e+00) (7, -1.53611719608306884766e+00) (8, 4.87940788269042968750e+00) (9, -1.43763189315795898438e+01) (10, -3.23981070518493652344e+00) (11, -1.96617990732192993164e-01) (12, -2.85834813117980957031e+00) (13, 5.98860263824462890625e+00) (14, -7.19661891460418701172e-01) (15, 2.02866687774658203125e+01) (16, -2.91855978965759277344e+00) (17, 7.44721078872680664062e+00) (18, 4.08868312835693359375e+00) (19, -1.46302998065948486328e+00) (20, -1.12590312957763671875e+00) (21, 1.92011511325836181641e+00) (19, 1.46029293537139892578e+00) (20, 1.12449407577514648438e+00) (21, -1.91606700420379638672e+00) 
