FANN_FLO_2.1
num_layers=3
learning_rate=0.400000
connection_rate=1.000000
network_type=0
learning_momentum=0.000000
training_algorithm=2
train_error_function=1
train_stop_function=0
cascade_output_change_fraction=0.010000
quickprop_decay=-0.000100
quickprop_mu=1.750000
rprop_increase_factor=1.200000
rprop_decrease_factor=0.500000
rprop_delta_min=0.000000
rprop_delta_max=50.000000
rprop_delta_zero=0.100000
cascade_output_stagnation_epochs=12
cascade_candidate_change_fraction=0.010000
cascade_candidate_stagnation_epochs=12
cascade_max_out_epochs=150
cascade_min_out_epochs=50
cascade_max_cand_epochs=150
cascade_min_cand_epochs=50
cascade_num_candidate_groups=2
bit_fail_limit=3.49999994039535522461e-01
cascade_candidate_limit=1.00000000000000000000e+03
cascade_weight_multiplier=4.00000005960464477539e-01
cascade_activation_functions_count=10
cascade_activation_functions=3 5 7 8 10 11 14 15 16 17 
cascade_activation_steepnesses_count=4
cascade_activation_steepnesses=2.50000000000000000000e-01 5.00000000000000000000e-01 7.50000000000000000000e-01 1.00000000000000000000e+00 
layer_sizes=7 5 2 
scale_included=0
neurons (num_inputs, activation_function, activation_steepness)=(0, 0, 0.00000000000000000000e+00) (0, 0, 0.00000000000000000000e+00) (0, 0, 0.00000000000000000000e+00) (0, 0, 0.00000000000000000000e+00) (0, 0, 0.00000000000000000000e+00) (0, 0, 0.00000000000000000000e+00) (0, 0, 0.00000000000000000000e+00) (7, 3, 5.00000000000000000000e-01) (7, 3, 5.00000000000000000000e-01) (7, 3, 5.00000000000000000000e-01) (7, 3, 5.00000000000000000000e-01) (0, 3, 0.00000000000000000000e+00) (5, 3, 5.00000000000000000000e-01) (0, 3, 0.00000000000000000000e+00) 
connections (connected_to_neuron, weight)=(0, 2.48422694206237792969e+00) (1, 3.00511181354522705078e-01) (2, -6.08768033981323242188e+00) (3, -3.76239395141601562500e+00) (4, -6.33577823638916015625e+00) (5, 1.53986797332763671875e+01) (6, 1.63858473300933837891e+00) (0, -1.87741720676422119141e+00) (1, -5.77728509902954101562e+00) (2, -2.70786881446838378906e+00) (3, 1.54956269264221191406e+00) (4, 1.69259214401245117188e+00) (5, 1.84897649288177490234e+00) (6, -1.03102111816406250000e+00) (0, 6.02173042297363281250e+00) (1, 9.79049026966094970703e-01) (2, -7.05611228942871093750e+00) (3, -7.79512596130371093750e+00) (4, -1.07993829250335693359e+00) (5, 7.48291778564453125000e+00) (6, 2.38530063629150390625e+00) (0, 3.67543935775756835938e+00) (1, -3.15137958526611328125e+00) (2, -3.17720580101013183594e+00) (3, 1.29998135566711425781e+00) (4, -1.09655332565307617188e+00) (5, 6.75464153289794921875e+00) (6, -3.22276282310485839844e+00) (7, -2.40303111076354980469e+00) (8, 3.57642078399658203125e+00) (9, -1.09933233261108398438e+00) (10, 3.23661923408508300781e+00) (11, 4.11844998598098754883e-01) 
