FANN_FLO_2.1
num_layers=3
learning_rate=0.400000
connection_rate=1.000000
network_type=0
learning_momentum=0.000000
training_algorithm=2
train_error_function=1
train_stop_function=0
cascade_output_change_fraction=0.010000
quickprop_decay=-0.000100
quickprop_mu=1.750000
rprop_increase_factor=1.200000
rprop_decrease_factor=0.500000
rprop_delta_min=0.000000
rprop_delta_max=50.000000
rprop_delta_zero=0.100000
cascade_output_stagnation_epochs=12
cascade_candidate_change_fraction=0.010000
cascade_candidate_stagnation_epochs=12
cascade_max_out_epochs=150
cascade_min_out_epochs=50
cascade_max_cand_epochs=150
cascade_min_cand_epochs=50
cascade_num_candidate_groups=2
bit_fail_limit=3.49999994039535522461e-01
cascade_candidate_limit=1.00000000000000000000e+03
cascade_weight_multiplier=4.00000005960464477539e-01
cascade_activation_functions_count=10
cascade_activation_functions=3 5 7 8 10 11 14 15 16 17 
cascade_activation_steepnesses_count=4
cascade_activation_steepnesses=2.50000000000000000000e-01 5.00000000000000000000e-01 7.50000000000000000000e-01 1.00000000000000000000e+00 
layer_sizes=7 9 2 
scale_included=0
neurons (num_inputs, activation_function, activation_steepness)=(0, 0, 0.00000000000000000000e+00) (0, 0, 0.00000000000000000000e+00) (0, 0, 0.00000000000000000000e+00) (0, 0, 0.00000000000000000000e+00) (0, 0, 0.00000000000000000000e+00) (0, 0, 0.00000000000000000000e+00) (0, 0, 0.00000000000000000000e+00) (7, 3, 5.00000000000000000000e-01) (7, 3, 5.00000000000000000000e-01) (7, 3, 5.00000000000000000000e-01) (7, 3, 5.00000000000000000000e-01) (7, 3, 5.00000000000000000000e-01) (7, 3, 5.00000000000000000000e-01) (7, 3, 5.00000000000000000000e-01) (7, 3, 5.00000000000000000000e-01) (0, 3, 0.00000000000000000000e+00) (9, 3, 5.00000000000000000000e-01) (0, 3, 0.00000000000000000000e+00) 
connections (connected_to_neuron, weight)=(0, 6.41945743560791015625e+00) (1, 1.72937190532684326172e+00) (2, -9.26982223987579345703e-01) (3, -2.20944671630859375000e+01) (4, 5.78095579147338867188e+00) (5, 4.39489459991455078125e+00) (6, 6.32672214508056640625e+00) (0, 1.50000000000000000000e+03) (1, 1.50000000000000000000e+03) (2, 1.50000000000000000000e+03) (3, 1.57358241081237792969e+00) (4, 4.61724424362182617188e+00) (5, 1.25610697269439697266e+00) (6, 1.91133633255958557129e-01) (0, 4.26592111587524414062e+00) (1, -3.81364881992340087891e-01) (2, 2.56798654794692993164e-01) (3, -4.12237596511840820312e+00) (4, 5.22407913208007812500e+00) (5, -2.57214856147766113281e+00) (6, -1.12590420246124267578e+00) (0, 3.77812314033508300781e+00) (1, 2.92956328392028808594e+00) (2, 4.38505077362060546875e+00) (3, -1.72169327735900878906e+00) (4, 1.21431016921997070312e+00) (5, -7.11877489089965820312e+00) (6, 2.32882332801818847656e+00) (0, 2.39354276657104492188e+00) (1, -5.26587843894958496094e-01) (2, -3.33823375403881072998e-02) (3, -1.37343347072601318359e+00) (4, 4.46901893615722656250e+00) (5, 1.75937980413436889648e-01) (6, -1.81052517890930175781e+00) (0, 7.90016412734985351562e+00) (1, 2.91663312911987304688e+00) (2, 3.95691013336181640625e+00) (3, -4.56274366378784179688e+00) (4, -2.21781897544860839844e+00) (5, -6.27319812774658203125e+00) (6, 2.14086842536926269531e+00) (0, 9.23735904693603515625e+00) (1, 6.41452932357788085938e+00) (2, 5.33343172073364257812e+00) (3, -2.72387313842773437500e+00) (4, -3.80073451995849609375e+00) (5, -2.47271919250488281250e+00) (6, 1.68404579162597656250e-01) (0, 1.35216140747070312500e+00) (1, 2.59488940238952636719e+00) (2, 3.68252587318420410156e+00) (3, -4.45202159881591796875e+00) (4, 9.86781406402587890625e+00) (5, -1.19397602081298828125e+01) (6, 3.04300737380981445312e+00) (7, -1.10958003997802734375e+00) (8, 1.09401500225067138672e+00) (9, 1.73465931415557861328e+00) (10, -6.82386457920074462891e-01) (11, 2.24898314476013183594e+00) (12, -8.70726048946380615234e-01) (13, -1.58780932426452636719e+00) (14, -1.23567748069763183594e+00) (15, 4.09576773643493652344e-01) 
