FANN_FLO_2.1
num_layers=3
learning_rate=0.500000
connection_rate=1.000000
network_type=0
learning_momentum=0.000000
training_algorithm=2
train_error_function=1
train_stop_function=0
cascade_output_change_fraction=0.010000
quickprop_decay=-0.000100
quickprop_mu=1.750000
rprop_increase_factor=1.200000
rprop_decrease_factor=0.500000
rprop_delta_min=0.000000
rprop_delta_max=50.000000
rprop_delta_zero=0.100000
cascade_output_stagnation_epochs=12
cascade_candidate_change_fraction=0.010000
cascade_candidate_stagnation_epochs=12
cascade_max_out_epochs=150
cascade_min_out_epochs=50
cascade_max_cand_epochs=150
cascade_min_cand_epochs=50
cascade_num_candidate_groups=2
bit_fail_limit=3.49999994039535522461e-01
cascade_candidate_limit=1.00000000000000000000e+03
cascade_weight_multiplier=4.00000005960464477539e-01
cascade_activation_functions_count=10
cascade_activation_functions=3 5 7 8 10 11 14 15 16 17 
cascade_activation_steepnesses_count=4
cascade_activation_steepnesses=2.50000000000000000000e-01 5.00000000000000000000e-01 7.50000000000000000000e-01 1.00000000000000000000e+00 
layer_sizes=10 5 2 
scale_included=0
neurons (num_inputs, activation_function, activation_steepness)=(0, 0, 0.00000000000000000000e+00) (0, 0, 0.00000000000000000000e+00) (0, 0, 0.00000000000000000000e+00) (0, 0, 0.00000000000000000000e+00) (0, 0, 0.00000000000000000000e+00) (0, 0, 0.00000000000000000000e+00) (0, 0, 0.00000000000000000000e+00) (0, 0, 0.00000000000000000000e+00) (0, 0, 0.00000000000000000000e+00) (0, 0, 0.00000000000000000000e+00) (10, 3, 5.00000000000000000000e-01) (10, 3, 5.00000000000000000000e-01) (10, 3, 5.00000000000000000000e-01) (10, 3, 5.00000000000000000000e-01) (0, 3, 0.00000000000000000000e+00) (5, 3, 5.00000000000000000000e-01) (0, 3, 0.00000000000000000000e+00) 
connections (connected_to_neuron, weight)=(0, 1.74118728637695312500e+01) (1, 3.81925702095031738281e+00) (2, 5.85315799713134765625e+00) (3, 3.33860397338867187500e+00) (4, 1.55878841876983642578e+00) (5, 6.43885660171508789062e+00) (6, -4.55300283432006835938e+00) (7, -4.72678989171981811523e-02) (8, -4.63453369140625000000e+01) (9, 3.12206089496612548828e-01) (0, -4.18698644638061523438e+00) (1, 9.46117699146270751953e-01) (2, -3.49494171142578125000e+00) (3, -8.58893108367919921875e+00) (4, -1.70624485015869140625e+01) (5, -1.84408593177795410156e+00) (6, 2.52873092889785766602e-01) (7, 3.28157210350036621094e+00) (8, 3.03284778594970703125e+01) (9, -1.19657933712005615234e+00) (0, -1.56703491210937500000e+01) (1, -1.27595618367195129395e-01) (2, -6.81981611251831054688e+00) (3, -6.64302873611450195312e+00) (4, -8.99060219526290893555e-02) (5, 1.11186541616916656494e-01) (6, 4.29363393783569335938e+00) (7, 1.04467735290527343750e+01) (8, 1.44447097778320312500e+01) (9, -1.60217690467834472656e+00) (0, -4.25014114379882812500e+00) (1, -1.36732113361358642578e+00) (2, -4.76680326461791992188e+00) (3, -9.54768371582031250000e+00) (4, -1.52453494071960449219e+00) (5, -1.72811782360076904297e+00) (6, -6.96023106575012207031e-01) (7, 3.38907670974731445312e+00) (8, 2.36875019073486328125e+01) (9, -2.36629223823547363281e+00) (10, 2.83352541923522949219e+00) (11, 6.64515376091003417969e-01) (12, 1.17620122432708740234e+00) (13, 1.04725086688995361328e+00) (14, -1.96757221221923828125e+00) 
