FANN_FLO_2.1
num_layers=3
learning_rate=0.500000
connection_rate=1.000000
network_type=0
learning_momentum=0.000000
training_algorithm=2
train_error_function=1
train_stop_function=0
cascade_output_change_fraction=0.010000
quickprop_decay=-0.000100
quickprop_mu=1.750000
rprop_increase_factor=1.200000
rprop_decrease_factor=0.500000
rprop_delta_min=0.000000
rprop_delta_max=50.000000
rprop_delta_zero=0.100000
cascade_output_stagnation_epochs=12
cascade_candidate_change_fraction=0.010000
cascade_candidate_stagnation_epochs=12
cascade_max_out_epochs=150
cascade_min_out_epochs=50
cascade_max_cand_epochs=150
cascade_min_cand_epochs=50
cascade_num_candidate_groups=2
bit_fail_limit=3.49999994039535522461e-01
cascade_candidate_limit=1.00000000000000000000e+03
cascade_weight_multiplier=4.00000005960464477539e-01
cascade_activation_functions_count=10
cascade_activation_functions=3 5 7 8 10 11 14 15 16 17 
cascade_activation_steepnesses_count=4
cascade_activation_steepnesses=2.50000000000000000000e-01 5.00000000000000000000e-01 7.50000000000000000000e-01 1.00000000000000000000e+00 
layer_sizes=10 3 2 
scale_included=0
neurons (num_inputs, activation_function, activation_steepness)=(0, 0, 0.00000000000000000000e+00) (0, 0, 0.00000000000000000000e+00) (0, 0, 0.00000000000000000000e+00) (0, 0, 0.00000000000000000000e+00) (0, 0, 0.00000000000000000000e+00) (0, 0, 0.00000000000000000000e+00) (0, 0, 0.00000000000000000000e+00) (0, 0, 0.00000000000000000000e+00) (0, 0, 0.00000000000000000000e+00) (0, 0, 0.00000000000000000000e+00) (10, 3, 5.00000000000000000000e-01) (10, 3, 5.00000000000000000000e-01) (0, 3, 0.00000000000000000000e+00) (3, 3, 5.00000000000000000000e-01) (0, 3, 0.00000000000000000000e+00) 
connections (connected_to_neuron, weight)=(0, -3.25519919395446777344e-01) (1, 1.35716295242309570312e+00) (2, -4.62517309188842773438e+00) (3, -1.60102975368499755859e+00) (4, 1.76453328132629394531e+00) (5, 4.07662361860275268555e-01) (6, -4.52063560485839843750e-01) (7, -7.60089206695556640625e+00) (8, 1.52384910583496093750e+01) (9, -2.02816796302795410156e+00) (0, 1.84474229812622070312e+00) (1, 1.30297756195068359375e+00) (2, -1.58902943134307861328e+00) (3, 7.31512546539306640625e+00) (4, 9.55552673339843750000e+00) (5, -4.48048400878906250000e+00) (6, 1.24141800403594970703e+00) (7, -1.86947846412658691406e+00) (8, -1.78153076171875000000e+01) (9, -4.58304762840270996094e-01) (10, 5.04468727111816406250e+00) (11, 4.87886953353881835938e+00) (12, -4.01889419555664062500e+00) 
