FANN_FLO_2.1
num_layers=4
learning_rate=0.400000
connection_rate=1.000000
network_type=0
learning_momentum=0.000000
training_algorithm=2
train_error_function=1
train_stop_function=0
cascade_output_change_fraction=0.010000
quickprop_decay=-0.000100
quickprop_mu=1.750000
rprop_increase_factor=1.200000
rprop_decrease_factor=0.500000
rprop_delta_min=0.000000
rprop_delta_max=50.000000
rprop_delta_zero=0.100000
cascade_output_stagnation_epochs=12
cascade_candidate_change_fraction=0.010000
cascade_candidate_stagnation_epochs=12
cascade_max_out_epochs=150
cascade_min_out_epochs=50
cascade_max_cand_epochs=150
cascade_min_cand_epochs=50
cascade_num_candidate_groups=2
bit_fail_limit=3.49999994039535522461e-01
cascade_candidate_limit=1.00000000000000000000e+03
cascade_weight_multiplier=4.00000005960464477539e-01
cascade_activation_functions_count=10
cascade_activation_functions=3 5 7 8 10 11 14 15 16 17 
cascade_activation_steepnesses_count=4
cascade_activation_steepnesses=2.50000000000000000000e-01 5.00000000000000000000e-01 7.50000000000000000000e-01 1.00000000000000000000e+00 
layer_sizes=7 5 5 2 
scale_included=0
neurons (num_inputs, activation_function, activation_steepness)=(0, 0, 0.00000000000000000000e+00) (0, 0, 0.00000000000000000000e+00) (0, 0, 0.00000000000000000000e+00) (0, 0, 0.00000000000000000000e+00) (0, 0, 0.00000000000000000000e+00) (0, 0, 0.00000000000000000000e+00) (0, 0, 0.00000000000000000000e+00) (7, 3, 5.00000000000000000000e-01) (7, 3, 5.00000000000000000000e-01) (7, 3, 5.00000000000000000000e-01) (7, 3, 5.00000000000000000000e-01) (0, 3, 0.00000000000000000000e+00) (5, 3, 5.00000000000000000000e-01) (5, 3, 5.00000000000000000000e-01) (5, 3, 5.00000000000000000000e-01) (5, 3, 5.00000000000000000000e-01) (0, 3, 0.00000000000000000000e+00) (5, 3, 5.00000000000000000000e-01) (0, 3, 0.00000000000000000000e+00) 
connections (connected_to_neuron, weight)=(0, -1.50000000000000000000e+03) (1, -2.69900951385498046875e+01) (2, 1.50000000000000000000e+03) (3, -1.48302392578125000000e+03) (4, -1.50000000000000000000e+03) (5, -1.50000000000000000000e+03) (6, 9.56959903240203857422e-01) (0, -1.50000000000000000000e+03) (1, -2.69900951385498046875e+01) (2, 1.50000000000000000000e+03) (3, -1.48302392578125000000e+03) (4, -1.50000000000000000000e+03) (5, -1.50000000000000000000e+03) (6, 1.16118752956390380859e+00) (0, -4.02608156204223632812e+00) (1, -9.53253555297851562500e+00) (2, 4.92085723876953125000e+01) (3, -8.01577854156494140625e+00) (4, 7.97472620010375976562e+00) (5, 4.71031475067138671875e+00) (6, -2.89709448814392089844e+00) (0, -1.84610366821289062500e+00) (1, 9.84992980957031250000e-01) (2, -7.50434160232543945312e+00) (3, -4.35086870193481445312e+00) (4, -2.12633275985717773438e+00) (5, -4.03747409582138061523e-01) (6, 4.01533365249633789062e+00) (7, 1.50000000000000000000e+03) (8, 1.50000000000000000000e+03) (9, -2.03569960594177246094e+00) (10, 2.90144753456115722656e+00) (11, -7.05620706081390380859e-01) (7, 1.50000000000000000000e+03) (8, 1.50000000000000000000e+03) (9, 2.32774448394775390625e+00) (10, 3.23670196533203125000e+00) (11, -4.60848093032836914062e+00) (7, 1.50000000000000000000e+03) (8, 1.50000000000000000000e+03) (9, -3.99535846710205078125e+00) (10, 5.73554372787475585938e+00) (11, -6.75119042396545410156e-01) (7, 1.50000000000000000000e+03) (8, 1.50000000000000000000e+03) (9, 1.77099304199218750000e+01) (10, 4.46987581253051757812e+00) (11, -2.71164965629577636719e+00) (12, -6.07335984706878662109e-01) (13, -3.90100383758544921875e+00) (14, -6.31468474864959716797e-01) (15, -1.46158266067504882812e+00) (16, -5.21304845809936523438e-01) 
