FANN_FLO_2.1
num_layers=3
learning_rate=0.500000
connection_rate=1.000000
network_type=0
learning_momentum=0.000000
training_algorithm=2
train_error_function=1
train_stop_function=0
cascade_output_change_fraction=0.010000
quickprop_decay=-0.000100
quickprop_mu=1.750000
rprop_increase_factor=1.200000
rprop_decrease_factor=0.500000
rprop_delta_min=0.000000
rprop_delta_max=50.000000
rprop_delta_zero=0.100000
cascade_output_stagnation_epochs=12
cascade_candidate_change_fraction=0.010000
cascade_candidate_stagnation_epochs=12
cascade_max_out_epochs=150
cascade_min_out_epochs=50
cascade_max_cand_epochs=150
cascade_min_cand_epochs=50
cascade_num_candidate_groups=2
bit_fail_limit=3.49999994039535522461e-01
cascade_candidate_limit=1.00000000000000000000e+03
cascade_weight_multiplier=4.00000005960464477539e-01
cascade_activation_functions_count=10
cascade_activation_functions=3 5 7 8 10 11 14 15 16 17 
cascade_activation_steepnesses_count=4
cascade_activation_steepnesses=2.50000000000000000000e-01 5.00000000000000000000e-01 7.50000000000000000000e-01 1.00000000000000000000e+00 
layer_sizes=10 3 2 
scale_included=0
neurons (num_inputs, activation_function, activation_steepness)=(0, 0, 0.00000000000000000000e+00) (0, 0, 0.00000000000000000000e+00) (0, 0, 0.00000000000000000000e+00) (0, 0, 0.00000000000000000000e+00) (0, 0, 0.00000000000000000000e+00) (0, 0, 0.00000000000000000000e+00) (0, 0, 0.00000000000000000000e+00) (0, 0, 0.00000000000000000000e+00) (0, 0, 0.00000000000000000000e+00) (0, 0, 0.00000000000000000000e+00) (10, 3, 5.00000000000000000000e-01) (10, 3, 5.00000000000000000000e-01) (0, 3, 0.00000000000000000000e+00) (3, 3, 5.00000000000000000000e-01) (0, 3, 0.00000000000000000000e+00) 
connections (connected_to_neuron, weight)=(0, -1.32568240165710449219e+00) (1, 5.84289491176605224609e-01) (2, 2.87768363952636718750e+01) (3, -2.11945953369140625000e+01) (4, 4.82229995727539062500e+00) (5, 1.21927633285522460938e+01) (6, -1.48604307174682617188e+01) (7, -2.68052315711975097656e+00) (8, -8.11286494135856628418e-02) (9, 6.07098221778869628906e-01) (0, -1.31643187999725341797e+00) (1, 1.07625269889831542969e+00) (2, 1.68779010772705078125e+01) (3, -6.22607707977294921875e-01) (4, 5.34172868728637695312e+00) (5, -7.99309790134429931641e-01) (6, -1.17968177795410156250e+01) (7, -5.12897586822509765625e+00) (8, -4.70797920227050781250e+00) (9, -7.35537633299827575684e-02) (10, -5.25995492935180664062e+00) (11, 5.31293916702270507812e+00) (12, 8.52244734764099121094e-01) 
