FANN_FLO_2.1
num_layers=4
learning_rate=0.400000
connection_rate=1.000000
network_type=0
learning_momentum=0.000000
training_algorithm=2
train_error_function=1
train_stop_function=0
cascade_output_change_fraction=0.010000
quickprop_decay=-0.000100
quickprop_mu=1.750000
rprop_increase_factor=1.200000
rprop_decrease_factor=0.500000
rprop_delta_min=0.000000
rprop_delta_max=50.000000
rprop_delta_zero=0.100000
cascade_output_stagnation_epochs=12
cascade_candidate_change_fraction=0.010000
cascade_candidate_stagnation_epochs=12
cascade_max_out_epochs=150
cascade_min_out_epochs=50
cascade_max_cand_epochs=150
cascade_min_cand_epochs=50
cascade_num_candidate_groups=2
bit_fail_limit=3.49999994039535522461e-01
cascade_candidate_limit=1.00000000000000000000e+03
cascade_weight_multiplier=4.00000005960464477539e-01
cascade_activation_functions_count=10
cascade_activation_functions=3 5 7 8 10 11 14 15 16 17 
cascade_activation_steepnesses_count=4
cascade_activation_steepnesses=2.50000000000000000000e-01 5.00000000000000000000e-01 7.50000000000000000000e-01 1.00000000000000000000e+00 
layer_sizes=7 5 5 2 
scale_included=0
neurons (num_inputs, activation_function, activation_steepness)=(0, 0, 0.00000000000000000000e+00) (0, 0, 0.00000000000000000000e+00) (0, 0, 0.00000000000000000000e+00) (0, 0, 0.00000000000000000000e+00) (0, 0, 0.00000000000000000000e+00) (0, 0, 0.00000000000000000000e+00) (0, 0, 0.00000000000000000000e+00) (7, 3, 5.00000000000000000000e-01) (7, 3, 5.00000000000000000000e-01) (7, 3, 5.00000000000000000000e-01) (7, 3, 5.00000000000000000000e-01) (0, 3, 0.00000000000000000000e+00) (5, 3, 5.00000000000000000000e-01) (5, 3, 5.00000000000000000000e-01) (5, 3, 5.00000000000000000000e-01) (5, 3, 5.00000000000000000000e-01) (0, 3, 0.00000000000000000000e+00) (5, 3, 5.00000000000000000000e-01) (0, 3, 0.00000000000000000000e+00) 
connections (connected_to_neuron, weight)=(0, 9.43768799304962158203e-01) (1, -3.51560425758361816406e+00) (2, 1.18412780761718750000e+00) (3, -1.01755380630493164062e+00) (4, -1.35830545425415039062e+00) (5, 4.41585159301757812500e+00) (6, -1.41161453723907470703e+00) (0, -4.81203365325927734375e+00) (1, 4.02498102188110351562e+00) (2, -1.01429653167724609375e+00) (3, -1.21972262859344482422e+00) (4, -5.72951495647430419922e-01) (5, -4.79964971542358398438e+00) (6, 5.95244586467742919922e-01) (0, -1.49815417480468750000e+03) (1, -1.95135104656219482422e+00) (2, -1.47500000000000000000e+03) (3, -8.11523620605468750000e+02) (4, -5.83849304199218750000e+02) (5, 1.49408776855468750000e+03) (6, -5.48513126373291015625e+00) (0, -7.60590016841888427734e-01) (1, -4.51286220550537109375e+00) (2, -6.08231735229492187500e+01) (3, -3.68735084533691406250e+01) (4, 5.93580913543701171875e+00) (5, 1.00013780593872070312e+01) (6, -4.14698809385299682617e-01) (7, 1.42876255512237548828e+00) (8, 7.68972587585449218750e+00) (9, 6.43184995651245117188e+00) (10, 1.39716064453125000000e+03) (11, -2.96220755577087402344e+00) (7, 4.21423482894897460938e+00) (8, 6.16654920578002929688e+00) (9, 1.77818756103515625000e+01) (10, -2.01750507354736328125e+01) (11, -2.37989521026611328125e+00) (7, 5.39595603942871093750e+00) (8, 6.27982234954833984375e+00) (9, -2.11270594596862792969e+00) (10, 3.70967888832092285156e+00) (11, -3.22231483459472656250e+00) (7, 3.95763492584228515625e+00) (8, 6.12149810791015625000e+00) (9, -2.64771437644958496094e+00) (10, 1.38404905796051025391e+00) (11, -2.78734230995178222656e+00) (12, -7.21458375453948974609e-01) (13, -1.55231010913848876953e+00) (14, -1.61917579174041748047e+00) (15, -2.62756657600402832031e+00) (16, -2.55641460418701171875e-01) 
