FANN_FLO_2.1
num_layers=4
learning_rate=0.500000
connection_rate=1.000000
network_type=0
learning_momentum=0.000000
training_algorithm=2
train_error_function=1
train_stop_function=0
cascade_output_change_fraction=0.010000
quickprop_decay=-0.000100
quickprop_mu=1.750000
rprop_increase_factor=1.200000
rprop_decrease_factor=0.500000
rprop_delta_min=0.000000
rprop_delta_max=50.000000
rprop_delta_zero=0.100000
cascade_output_stagnation_epochs=12
cascade_candidate_change_fraction=0.010000
cascade_candidate_stagnation_epochs=12
cascade_max_out_epochs=150
cascade_min_out_epochs=50
cascade_max_cand_epochs=150
cascade_min_cand_epochs=50
cascade_num_candidate_groups=2
bit_fail_limit=3.49999994039535522461e-01
cascade_candidate_limit=1.00000000000000000000e+03
cascade_weight_multiplier=4.00000005960464477539e-01
cascade_activation_functions_count=10
cascade_activation_functions=3 5 7 8 10 11 14 15 16 17 
cascade_activation_steepnesses_count=4
cascade_activation_steepnesses=2.50000000000000000000e-01 5.00000000000000000000e-01 7.50000000000000000000e-01 1.00000000000000000000e+00 
layer_sizes=10 5 3 2 
scale_included=0
neurons (num_inputs, activation_function, activation_steepness)=(0, 0, 0.00000000000000000000e+00) (0, 0, 0.00000000000000000000e+00) (0, 0, 0.00000000000000000000e+00) (0, 0, 0.00000000000000000000e+00) (0, 0, 0.00000000000000000000e+00) (0, 0, 0.00000000000000000000e+00) (0, 0, 0.00000000000000000000e+00) (0, 0, 0.00000000000000000000e+00) (0, 0, 0.00000000000000000000e+00) (0, 0, 0.00000000000000000000e+00) (10, 3, 5.00000000000000000000e-01) (10, 3, 5.00000000000000000000e-01) (10, 3, 5.00000000000000000000e-01) (10, 3, 5.00000000000000000000e-01) (0, 3, 0.00000000000000000000e+00) (5, 3, 5.00000000000000000000e-01) (5, 3, 5.00000000000000000000e-01) (0, 3, 0.00000000000000000000e+00) (3, 3, 5.00000000000000000000e-01) (0, 3, 0.00000000000000000000e+00) 
connections (connected_to_neuron, weight)=(0, -1.78185665607452392578e+00) (1, 2.31188893318176269531e+00) (2, 4.22871142625808715820e-01) (3, -2.80322360992431640625e+00) (4, -2.81806170940399169922e-01) (5, 2.26252824068069458008e-01) (6, -2.79880046844482421875e+00) (7, 4.29165661334991455078e-02) (8, 4.43816125392913818359e-01) (9, 3.27528190612792968750e+00) (0, 1.82727468013763427734e+00) (1, 8.89985561370849609375e-01) (2, -2.90316939353942871094e+00) (3, 7.01171398162841796875e-01) (4, 1.32412934303283691406e+00) (5, -4.23970794677734375000e+00) (6, 7.26706624031066894531e-01) (7, 6.58718407154083251953e-01) (8, 4.24053639173507690430e-01) (9, 4.03307110071182250977e-01) (0, 1.30640208721160888672e+00) (1, 1.27094697952270507812e+00) (2, -6.30347108840942382812e+00) (3, 3.51352596282958984375e+00) (4, 1.64196419715881347656e+00) (5, -1.67883853912353515625e+01) (6, 1.87980449199676513672e+00) (7, -7.37760245800018310547e-01) (8, -4.43507146835327148438e+00) (9, 3.12674188613891601562e+00) (0, 9.76514995098114013672e-01) (1, 1.13157963752746582031e+00) (2, -5.13274097442626953125e+00) (3, 2.93799018859863281250e+00) (4, 1.74586808681488037109e+00) (5, -1.93108062744140625000e+01) (6, 3.95317697525024414062e+00) (7, -3.82251560688018798828e-01) (8, -1.47080230712890625000e+00) (9, 1.72178530693054199219e+00) (10, -8.73326396942138671875e+00) (11, 5.54881238937377929688e+00) (12, -3.12888193130493164062e+00) (13, -4.00789213180541992188e+00) (14, 2.41492223739624023438e+00) (10, 4.49616575241088867188e+00) (11, -1.19413936138153076172e+00) (12, 2.57193899154663085938e+00) (13, -1.56376838684082031250e-01) (14, 4.88748311996459960938e-01) (15, -8.08842372894287109375e+00) (16, 9.37791705131530761719e-01) (17, 5.35146053880453109741e-03) 
