FANN_FLO_2.1
num_layers=4
learning_rate=0.400000
connection_rate=1.000000
network_type=0
learning_momentum=0.000000
training_algorithm=2
train_error_function=1
train_stop_function=0
cascade_output_change_fraction=0.010000
quickprop_decay=-0.000100
quickprop_mu=1.750000
rprop_increase_factor=1.200000
rprop_decrease_factor=0.500000
rprop_delta_min=0.000000
rprop_delta_max=50.000000
rprop_delta_zero=0.100000
cascade_output_stagnation_epochs=12
cascade_candidate_change_fraction=0.010000
cascade_candidate_stagnation_epochs=12
cascade_max_out_epochs=150
cascade_min_out_epochs=50
cascade_max_cand_epochs=150
cascade_min_cand_epochs=50
cascade_num_candidate_groups=2
bit_fail_limit=3.49999994039535522461e-01
cascade_candidate_limit=1.00000000000000000000e+03
cascade_weight_multiplier=4.00000005960464477539e-01
cascade_activation_functions_count=10
cascade_activation_functions=3 5 7 8 10 11 14 15 16 17 
cascade_activation_steepnesses_count=4
cascade_activation_steepnesses=2.50000000000000000000e-01 5.00000000000000000000e-01 7.50000000000000000000e-01 1.00000000000000000000e+00 
layer_sizes=7 5 5 2 
scale_included=0
neurons (num_inputs, activation_function, activation_steepness)=(0, 0, 0.00000000000000000000e+00) (0, 0, 0.00000000000000000000e+00) (0, 0, 0.00000000000000000000e+00) (0, 0, 0.00000000000000000000e+00) (0, 0, 0.00000000000000000000e+00) (0, 0, 0.00000000000000000000e+00) (0, 0, 0.00000000000000000000e+00) (7, 3, 5.00000000000000000000e-01) (7, 3, 5.00000000000000000000e-01) (7, 3, 5.00000000000000000000e-01) (7, 3, 5.00000000000000000000e-01) (0, 3, 0.00000000000000000000e+00) (5, 3, 5.00000000000000000000e-01) (5, 3, 5.00000000000000000000e-01) (5, 3, 5.00000000000000000000e-01) (5, 3, 5.00000000000000000000e-01) (0, 3, 0.00000000000000000000e+00) (5, 3, 5.00000000000000000000e-01) (0, 3, 0.00000000000000000000e+00) 
connections (connected_to_neuron, weight)=(0, -5.60036987304687500000e+02) (1, -7.05621185302734375000e+01) (2, 6.82728271484375000000e+02) (3, -6.27706542968750000000e+02) (4, -5.66714599609375000000e+02) (5, 6.17419982910156250000e+02) (6, 2.42330303192138671875e+01) (0, -3.02960014343261718750e+00) (1, -3.02331626415252685547e-01) (2, 6.10289239883422851562e+00) (3, 1.60230028629302978516e+00) (4, -1.73295867443084716797e+00) (5, -9.31407928466796875000e-01) (6, 8.98432254791259765625e-01) (0, 9.58401298522949218750e+00) (1, -1.12796297073364257812e+01) (2, 2.07738327980041503906e+00) (3, -3.77261614799499511719e+00) (4, -8.65968644618988037109e-01) (5, 6.77826738357543945312e+00) (6, -4.85470008850097656250e+00) (0, -7.04479646682739257812e+00) (1, 7.18905544281005859375e+00) (2, -5.56906747817993164062e+00) (3, -2.95563769340515136719e+00) (4, -1.46645739674568176270e-01) (5, -1.48559606933593750000e+03) (6, -1.25228691101074218750e+00) (7, -1.94701194763183593750e+00) (8, 1.25336894989013671875e+01) (9, 2.11180438995361328125e+01) (10, 5.33710813522338867188e+00) (11, -1.70171964168548583984e+00) (7, 1.77205932140350341797e+00) (8, 1.31788225173950195312e+01) (9, 7.03121709823608398438e+00) (10, 4.78539085388183593750e+00) (11, -9.00477528572082519531e-01) (7, -1.36979067325592041016e+00) (8, 3.79723763465881347656e+00) (9, 8.63907146453857421875e+00) (10, 2.57936916351318359375e+01) (11, -4.72342348098754882812e+00) (7, -6.76729106903076171875e+00) (8, 4.37679797410964965820e-01) (9, 4.08117866516113281250e+01) (10, 6.75930099487304687500e+01) (11, -2.56488728523254394531e+00) (12, -6.48745238780975341797e-01) (13, -5.47220468521118164062e-01) (14, -4.13171911239624023438e+00) (15, -6.20028078556060791016e-01) (16, -4.24717634916305541992e-01) 
