FANN_FLO_2.1
num_layers=4
learning_rate=0.500000
connection_rate=1.000000
network_type=0
learning_momentum=0.000000
training_algorithm=2
train_error_function=1
train_stop_function=0
cascade_output_change_fraction=0.010000
quickprop_decay=-0.000100
quickprop_mu=1.750000
rprop_increase_factor=1.200000
rprop_decrease_factor=0.500000
rprop_delta_min=0.000000
rprop_delta_max=50.000000
rprop_delta_zero=0.100000
cascade_output_stagnation_epochs=12
cascade_candidate_change_fraction=0.010000
cascade_candidate_stagnation_epochs=12
cascade_max_out_epochs=150
cascade_min_out_epochs=50
cascade_max_cand_epochs=150
cascade_min_cand_epochs=50
cascade_num_candidate_groups=2
bit_fail_limit=3.49999994039535522461e-01
cascade_candidate_limit=1.00000000000000000000e+03
cascade_weight_multiplier=4.00000005960464477539e-01
cascade_activation_functions_count=10
cascade_activation_functions=3 5 7 8 10 11 14 15 16 17 
cascade_activation_steepnesses_count=4
cascade_activation_steepnesses=2.50000000000000000000e-01 5.00000000000000000000e-01 7.50000000000000000000e-01 1.00000000000000000000e+00 
layer_sizes=2 5 5 3 
scale_included=0
neurons (num_inputs, activation_function, activation_steepness)=(0, 0, 0.00000000000000000000e+00) (0, 0, 0.00000000000000000000e+00) (2, 3, 5.00000000000000000000e-01) (2, 3, 5.00000000000000000000e-01) (2, 3, 5.00000000000000000000e-01) (2, 3, 5.00000000000000000000e-01) (0, 3, 0.00000000000000000000e+00) (5, 3, 5.00000000000000000000e-01) (5, 3, 5.00000000000000000000e-01) (5, 3, 5.00000000000000000000e-01) (5, 3, 5.00000000000000000000e-01) (0, 3, 0.00000000000000000000e+00) (5, 0, 5.00000000000000000000e-01) (5, 0, 5.00000000000000000000e-01) (0, 0, 0.00000000000000000000e+00) 
connections (connected_to_neuron, weight)=(0, 1.06545562744140625000e+01) (1, -1.95654511451721191406e+00) (0, 7.96443939208984375000e+00) (1, -2.00308585166931152344e+00) (0, 1.05119686126708984375e+01) (1, -4.76190805435180664062e+00) (0, 7.88632535934448242188e+00) (1, -2.95846009254455566406e+00) (2, -2.06349968910217285156e+00) (3, -1.40752696990966796875e+00) (4, -9.13451576232910156250e+00) (5, -3.49919289350509643555e-01) (6, 1.92672574520111083984e+00) (2, -6.15212440490722656250e+00) (3, -5.54916572570800781250e+00) (4, 1.33836946487426757812e+01) (5, -2.97232776880264282227e-01) (6, 1.01222145557403564453e+00) (2, -1.87482357025146484375e+00) (3, -1.35733604431152343750e+00) (4, -4.45255661010742187500e+00) (5, -1.04463469982147216797e+00) (6, 4.40500116348266601562e+00) (2, 4.58486413955688476562e+00) (3, 6.69741868972778320312e-01) (4, -8.16947364807128906250e+00) (5, -1.94639116525650024414e-01) (6, -2.84359278157353401184e-03) (7, 1.12016284465789794922e+00) (8, 3.64792704582214355469e+00) (9, -2.13298487663269042969e+00) (10, -4.51664417982101440430e-01) (11, -6.68768957257270812988e-02) (7, 2.92355442047119140625e+00) (8, -3.57985585927963256836e-01) (9, 2.16184949874877929688e+00) (10, -6.94535732269287109375e-01) (11, -1.86700558662414550781e+00) 
