FANN_FLO_2.1
num_layers=3
learning_rate=0.400000
connection_rate=1.000000
network_type=0
learning_momentum=0.000000
training_algorithm=2
train_error_function=1
train_stop_function=0
cascade_output_change_fraction=0.010000
quickprop_decay=-0.000100
quickprop_mu=1.750000
rprop_increase_factor=1.200000
rprop_decrease_factor=0.500000
rprop_delta_min=0.000000
rprop_delta_max=50.000000
rprop_delta_zero=0.100000
cascade_output_stagnation_epochs=12
cascade_candidate_change_fraction=0.010000
cascade_candidate_stagnation_epochs=12
cascade_max_out_epochs=150
cascade_min_out_epochs=50
cascade_max_cand_epochs=150
cascade_min_cand_epochs=50
cascade_num_candidate_groups=2
bit_fail_limit=3.49999994039535522461e-01
cascade_candidate_limit=1.00000000000000000000e+03
cascade_weight_multiplier=4.00000005960464477539e-01
cascade_activation_functions_count=10
cascade_activation_functions=3 5 7 8 10 11 14 15 16 17 
cascade_activation_steepnesses_count=4
cascade_activation_steepnesses=2.50000000000000000000e-01 5.00000000000000000000e-01 7.50000000000000000000e-01 1.00000000000000000000e+00 
layer_sizes=7 5 2 
scale_included=0
neurons (num_inputs, activation_function, activation_steepness)=(0, 0, 0.00000000000000000000e+00) (0, 0, 0.00000000000000000000e+00) (0, 0, 0.00000000000000000000e+00) (0, 0, 0.00000000000000000000e+00) (0, 0, 0.00000000000000000000e+00) (0, 0, 0.00000000000000000000e+00) (0, 0, 0.00000000000000000000e+00) (7, 3, 5.00000000000000000000e-01) (7, 3, 5.00000000000000000000e-01) (7, 3, 5.00000000000000000000e-01) (7, 3, 5.00000000000000000000e-01) (0, 3, 0.00000000000000000000e+00) (5, 3, 5.00000000000000000000e-01) (0, 3, 0.00000000000000000000e+00) 
connections (connected_to_neuron, weight)=(0, -3.96571016311645507812e+00) (1, -3.56423544883728027344e+00) (2, -3.47333264350891113281e+00) (3, 1.46451258659362792969e+00) (4, -4.77943047881126403809e-02) (5, 2.16582560539245605469e+00) (6, -5.18302142620086669922e-01) (0, -4.37563180923461914062e+00) (1, -3.75277423858642578125e+00) (2, -2.24890518188476562500e+00) (3, 1.30477213859558105469e+00) (4, -5.22921705245971679688e+00) (5, 1.17878217697143554688e+01) (6, -2.05362963676452636719e+00) (0, 2.36686563491821289062e+00) (1, 4.55104932188987731934e-02) (2, 1.68007576465606689453e+00) (3, 7.22981643676757812500e+00) (4, 1.15940773487091064453e+00) (5, -1.12567958831787109375e+01) (6, -1.21913003921508789062e+00) (0, -8.36037731170654296875e+00) (1, -2.51547694206237792969e+00) (2, 1.42215478420257568359e+00) (3, 8.97620677947998046875e-01) (4, 3.35993456840515136719e+00) (5, 9.86791193485260009766e-01) (6, -2.06307029724121093750e+00) (7, 1.90470063686370849609e+00) (8, 2.27138304710388183594e+00) (9, 2.76004314422607421875e+00) (10, 3.58098840713500976562e+00) (11, -2.45058226585388183594e+00) 
