FANN_FLO_2.1
num_layers=3
learning_rate=0.500000
connection_rate=1.000000
network_type=0
learning_momentum=0.000000
training_algorithm=2
train_error_function=1
train_stop_function=0
cascade_output_change_fraction=0.010000
quickprop_decay=-0.000100
quickprop_mu=1.750000
rprop_increase_factor=1.200000
rprop_decrease_factor=0.500000
rprop_delta_min=0.000000
rprop_delta_max=50.000000
rprop_delta_zero=0.100000
cascade_output_stagnation_epochs=12
cascade_candidate_change_fraction=0.010000
cascade_candidate_stagnation_epochs=12
cascade_max_out_epochs=150
cascade_min_out_epochs=50
cascade_max_cand_epochs=150
cascade_min_cand_epochs=50
cascade_num_candidate_groups=2
bit_fail_limit=3.49999994039535522461e-01
cascade_candidate_limit=1.00000000000000000000e+03
cascade_weight_multiplier=4.00000005960464477539e-01
cascade_activation_functions_count=10
cascade_activation_functions=3 5 7 8 10 11 14 15 16 17 
cascade_activation_steepnesses_count=4
cascade_activation_steepnesses=2.50000000000000000000e-01 5.00000000000000000000e-01 7.50000000000000000000e-01 1.00000000000000000000e+00 
layer_sizes=10 3 2 
scale_included=0
neurons (num_inputs, activation_function, activation_steepness)=(0, 0, 0.00000000000000000000e+00) (0, 0, 0.00000000000000000000e+00) (0, 0, 0.00000000000000000000e+00) (0, 0, 0.00000000000000000000e+00) (0, 0, 0.00000000000000000000e+00) (0, 0, 0.00000000000000000000e+00) (0, 0, 0.00000000000000000000e+00) (0, 0, 0.00000000000000000000e+00) (0, 0, 0.00000000000000000000e+00) (0, 0, 0.00000000000000000000e+00) (10, 3, 5.00000000000000000000e-01) (10, 3, 5.00000000000000000000e-01) (0, 3, 0.00000000000000000000e+00) (3, 3, 5.00000000000000000000e-01) (0, 3, 0.00000000000000000000e+00) 
connections (connected_to_neuron, weight)=(0, -3.50486564636230468750e+00) (1, -1.30846667289733886719e+00) (2, -1.09278936386108398438e+01) (3, 3.33739471435546875000e+00) (4, 6.90136861801147460938e+00) (5, 3.15085482597351074219e+00) (6, 8.69775104522705078125e+00) (7, -1.22359514236450195312e+00) (8, -4.74500608444213867188e+00) (9, -1.71092355251312255859e+00) (0, -1.13617348670959472656e+00) (1, 9.97307872772216796875e+00) (2, 1.31132164001464843750e+01) (3, -2.61403679847717285156e+00) (4, 1.29285287857055664062e+00) (5, 7.42483663558959960938e+00) (6, -2.07545804977416992188e+00) (7, -2.62107334136962890625e+01) (8, 1.48179793357849121094e+00) (9, -1.93745541572570800781e+00) (10, 4.07708072662353515625e+00) (11, 4.00479698181152343750e+00) (12, -3.19987630844116210938e+00) 
