FANN_FLO_2.1
num_layers=3
learning_rate=0.500000
connection_rate=1.000000
network_type=0
learning_momentum=0.000000
training_algorithm=2
train_error_function=1
train_stop_function=0
cascade_output_change_fraction=0.010000
quickprop_decay=-0.000100
quickprop_mu=1.750000
rprop_increase_factor=1.200000
rprop_decrease_factor=0.500000
rprop_delta_min=0.000000
rprop_delta_max=50.000000
rprop_delta_zero=0.100000
cascade_output_stagnation_epochs=12
cascade_candidate_change_fraction=0.010000
cascade_candidate_stagnation_epochs=12
cascade_max_out_epochs=150
cascade_min_out_epochs=50
cascade_max_cand_epochs=150
cascade_min_cand_epochs=50
cascade_num_candidate_groups=2
bit_fail_limit=3.49999994039535522461e-01
cascade_candidate_limit=1.00000000000000000000e+03
cascade_weight_multiplier=4.00000005960464477539e-01
cascade_activation_functions_count=10
cascade_activation_functions=3 5 7 8 10 11 14 15 16 17 
cascade_activation_steepnesses_count=4
cascade_activation_steepnesses=2.50000000000000000000e-01 5.00000000000000000000e-01 7.50000000000000000000e-01 1.00000000000000000000e+00 
layer_sizes=10 3 2 
scale_included=0
neurons (num_inputs, activation_function, activation_steepness)=(0, 0, 0.00000000000000000000e+00) (0, 0, 0.00000000000000000000e+00) (0, 0, 0.00000000000000000000e+00) (0, 0, 0.00000000000000000000e+00) (0, 0, 0.00000000000000000000e+00) (0, 0, 0.00000000000000000000e+00) (0, 0, 0.00000000000000000000e+00) (0, 0, 0.00000000000000000000e+00) (0, 0, 0.00000000000000000000e+00) (0, 0, 0.00000000000000000000e+00) (10, 3, 5.00000000000000000000e-01) (10, 3, 5.00000000000000000000e-01) (0, 3, 0.00000000000000000000e+00) (3, 3, 5.00000000000000000000e-01) (0, 3, 0.00000000000000000000e+00) 
connections (connected_to_neuron, weight)=(0, -2.47410154342651367188e+00) (1, 4.74620246887207031250e+00) (2, 4.61902570724487304688e+00) (3, -5.49941539764404296875e-01) (4, 5.53981542587280273438e+00) (5, 6.20990324020385742188e+00) (6, 1.20365738868713378906e+00) (7, -1.87011432647705078125e+01) (8, -6.23355582356452941895e-02) (9, 3.71147185564041137695e-01) (0, -2.39250106811523437500e+01) (1, 1.02828247070312500000e+03) (2, 1.50000000000000000000e+03) (3, -4.66860055923461914062e+00) (4, -2.60757517814636230469e+00) (5, 9.09394226074218750000e+02) (6, -1.07005729675292968750e+02) (7, -7.92480590820312500000e+02) (8, 7.07617104053497314453e-01) (9, 6.63977861404418945312e-01) (10, 5.68502664566040039062e+00) (11, -5.43752527236938476562e+00) (12, 7.75840342044830322266e-01) 
