FANN_FLO_2.1
num_layers=4
learning_rate=0.500000
connection_rate=1.000000
network_type=0
learning_momentum=0.000000
training_algorithm=2
train_error_function=1
train_stop_function=0
cascade_output_change_fraction=0.010000
quickprop_decay=-0.000100
quickprop_mu=1.750000
rprop_increase_factor=1.200000
rprop_decrease_factor=0.500000
rprop_delta_min=0.000000
rprop_delta_max=50.000000
rprop_delta_zero=0.100000
cascade_output_stagnation_epochs=12
cascade_candidate_change_fraction=0.010000
cascade_candidate_stagnation_epochs=12
cascade_max_out_epochs=150
cascade_min_out_epochs=50
cascade_max_cand_epochs=150
cascade_min_cand_epochs=50
cascade_num_candidate_groups=2
bit_fail_limit=3.49999994039535522461e-01
cascade_candidate_limit=1.00000000000000000000e+03
cascade_weight_multiplier=4.00000005960464477539e-01
cascade_activation_functions_count=10
cascade_activation_functions=3 5 7 8 10 11 14 15 16 17 
cascade_activation_steepnesses_count=4
cascade_activation_steepnesses=2.50000000000000000000e-01 5.00000000000000000000e-01 7.50000000000000000000e-01 1.00000000000000000000e+00 
layer_sizes=2 5 3 3 
scale_included=0
neurons (num_inputs, activation_function, activation_steepness)=(0, 0, 0.00000000000000000000e+00) (0, 0, 0.00000000000000000000e+00) (2, 3, 5.00000000000000000000e-01) (2, 3, 5.00000000000000000000e-01) (2, 3, 5.00000000000000000000e-01) (2, 3, 5.00000000000000000000e-01) (0, 3, 0.00000000000000000000e+00) (5, 3, 5.00000000000000000000e-01) (5, 3, 5.00000000000000000000e-01) (0, 3, 0.00000000000000000000e+00) (3, 0, 5.00000000000000000000e-01) (3, 0, 5.00000000000000000000e-01) (0, 0, 0.00000000000000000000e+00) 
connections (connected_to_neuron, weight)=(0, 1.50000000000000000000e+03) (1, -2.82744110107421875000e+02) (0, 1.50000000000000000000e+03) (1, -8.67302246093750000000e+01) (0, 1.50000000000000000000e+03) (1, -1.70022583007812500000e+02) (0, 1.66477165222167968750e+01) (1, -6.67498397827148437500e+00) (2, -1.36300981044769287109e-01) (3, 3.55378478765487670898e-01) (4, 6.84803202748298645020e-02) (5, -3.50910997390747070312e+00) (6, -4.10714149475097656250e-02) (2, 5.52774238586425781250e+00) (3, 2.24990558624267578125e+00) (4, 1.02811324596405029297e+00) (5, -6.83892822265625000000e+00) (6, -2.50894904136657714844e+00) (7, -2.57380104064941406250e+00) (8, -2.11063027381896972656e+00) (9, 1.34879553318023681641e+00) (7, 5.90526819229125976562e+00) (8, -2.20931863784790039062e+00) (9, -7.29017376899719238281e-01) 
