FANN_FLO_2.1
num_layers=3
learning_rate=0.500000
connection_rate=1.000000
network_type=0
learning_momentum=0.000000
training_algorithm=2
train_error_function=1
train_stop_function=0
cascade_output_change_fraction=0.010000
quickprop_decay=-0.000100
quickprop_mu=1.750000
rprop_increase_factor=1.200000
rprop_decrease_factor=0.500000
rprop_delta_min=0.000000
rprop_delta_max=50.000000
rprop_delta_zero=0.100000
cascade_output_stagnation_epochs=12
cascade_candidate_change_fraction=0.010000
cascade_candidate_stagnation_epochs=12
cascade_max_out_epochs=150
cascade_min_out_epochs=50
cascade_max_cand_epochs=150
cascade_min_cand_epochs=50
cascade_num_candidate_groups=2
bit_fail_limit=3.49999994039535522461e-01
cascade_candidate_limit=1.00000000000000000000e+03
cascade_weight_multiplier=4.00000005960464477539e-01
cascade_activation_functions_count=10
cascade_activation_functions=3 5 7 8 10 11 14 15 16 17 
cascade_activation_steepnesses_count=4
cascade_activation_steepnesses=2.50000000000000000000e-01 5.00000000000000000000e-01 7.50000000000000000000e-01 1.00000000000000000000e+00 
layer_sizes=10 3 2 
scale_included=0
neurons (num_inputs, activation_function, activation_steepness)=(0, 0, 0.00000000000000000000e+00) (0, 0, 0.00000000000000000000e+00) (0, 0, 0.00000000000000000000e+00) (0, 0, 0.00000000000000000000e+00) (0, 0, 0.00000000000000000000e+00) (0, 0, 0.00000000000000000000e+00) (0, 0, 0.00000000000000000000e+00) (0, 0, 0.00000000000000000000e+00) (0, 0, 0.00000000000000000000e+00) (0, 0, 0.00000000000000000000e+00) (10, 3, 5.00000000000000000000e-01) (10, 3, 5.00000000000000000000e-01) (0, 3, 0.00000000000000000000e+00) (3, 3, 5.00000000000000000000e-01) (0, 3, 0.00000000000000000000e+00) 
connections (connected_to_neuron, weight)=(0, -7.09878969192504882812e+00) (1, -1.77296996116638183594e+00) (2, -9.56011962890625000000e+00) (3, 9.63840389251708984375e+00) (4, 1.92478787899017333984e+00) (5, 2.48430037498474121094e+00) (6, 7.77186751365661621094e-01) (7, 2.76747798919677734375e+00) (8, 3.82019233703613281250e+00) (9, -3.60561537742614746094e+00) (0, 9.51146602630615234375e-01) (1, 1.16187772750854492188e+01) (2, 1.31748809814453125000e+01) (3, -8.40981543064117431641e-01) (4, -5.47560596466064453125e+00) (5, 1.79742562770843505859e+00) (6, -7.57273387908935546875e+00) (7, -1.04321832656860351562e+01) (8, -3.94087147712707519531e+00) (9, -8.83353650569915771484e-01) (10, 5.09668254852294921875e+00) (11, 5.14565849304199218750e+00) (12, -4.22748470306396484375e+00) 
