FANN_FLO_2.1
num_layers=3
learning_rate=0.400000
connection_rate=1.000000
network_type=0
learning_momentum=0.000000
training_algorithm=2
train_error_function=1
train_stop_function=0
cascade_output_change_fraction=0.010000
quickprop_decay=-0.000100
quickprop_mu=1.750000
rprop_increase_factor=1.200000
rprop_decrease_factor=0.500000
rprop_delta_min=0.000000
rprop_delta_max=50.000000
rprop_delta_zero=0.100000
cascade_output_stagnation_epochs=12
cascade_candidate_change_fraction=0.010000
cascade_candidate_stagnation_epochs=12
cascade_max_out_epochs=150
cascade_min_out_epochs=50
cascade_max_cand_epochs=150
cascade_min_cand_epochs=50
cascade_num_candidate_groups=2
bit_fail_limit=3.49999994039535522461e-01
cascade_candidate_limit=1.00000000000000000000e+03
cascade_weight_multiplier=4.00000005960464477539e-01
cascade_activation_functions_count=10
cascade_activation_functions=3 5 7 8 10 11 14 15 16 17 
cascade_activation_steepnesses_count=4
cascade_activation_steepnesses=2.50000000000000000000e-01 5.00000000000000000000e-01 7.50000000000000000000e-01 1.00000000000000000000e+00 
layer_sizes=7 9 2 
scale_included=0
neurons (num_inputs, activation_function, activation_steepness)=(0, 0, 0.00000000000000000000e+00) (0, 0, 0.00000000000000000000e+00) (0, 0, 0.00000000000000000000e+00) (0, 0, 0.00000000000000000000e+00) (0, 0, 0.00000000000000000000e+00) (0, 0, 0.00000000000000000000e+00) (0, 0, 0.00000000000000000000e+00) (7, 3, 5.00000000000000000000e-01) (7, 3, 5.00000000000000000000e-01) (7, 3, 5.00000000000000000000e-01) (7, 3, 5.00000000000000000000e-01) (7, 3, 5.00000000000000000000e-01) (7, 3, 5.00000000000000000000e-01) (7, 3, 5.00000000000000000000e-01) (7, 3, 5.00000000000000000000e-01) (0, 3, 0.00000000000000000000e+00) (9, 3, 5.00000000000000000000e-01) (0, 3, 0.00000000000000000000e+00) 
connections (connected_to_neuron, weight)=(0, 8.27132582664489746094e-01) (1, -4.89522075653076171875e+00) (2, -8.60637724399566650391e-01) (3, -2.25567579269409179688e+00) (4, -3.35336899757385253906e+00) (5, 6.70390081405639648438e+00) (6, 3.44737124443054199219e+00) (0, -2.71052092313766479492e-01) (1, 1.47143328189849853516e+00) (2, -2.00059738159179687500e+01) (3, -9.77001571655273437500e+00) (4, 3.24512958526611328125e+00) (5, 7.73424208164215087891e-01) (6, -1.81767034530639648438e+00) (0, -1.90957641601562500000e+00) (1, 8.73283017426729202271e-03) (2, -2.47726821899414062500e+00) (3, -4.54106807708740234375e+00) (4, -1.26782274246215820312e+00) (5, 4.68876457214355468750e+00) (6, 1.86548724770545959473e-01) (0, -4.99075382947921752930e-01) (1, -2.76291584968566894531e+00) (2, 2.24089574813842773438e+00) (3, -1.31403315067291259766e+00) (4, -4.99589109420776367188e+00) (5, 2.01074361801147460938e+00) (6, 6.12887191772460937500e+00) (0, -8.60954856872558593750e+00) (1, 5.29479694366455078125e+00) (2, -1.17712700366973876953e+00) (3, -2.11667180061340332031e+00) (4, -2.21459102630615234375e+00) (5, 3.32939219474792480469e+00) (6, 3.61677598953247070312e+00) (0, -4.64668264612555503845e-03) (1, 5.31050443649291992188e-01) (2, -1.18253669738769531250e+01) (3, -3.82565546035766601562e+00) (4, -7.26646721363067626953e-01) (5, 3.54219722747802734375e+00) (6, 2.04026699066162109375e-01) (0, 1.55771236419677734375e+01) (1, -1.59723062515258789062e+01) (2, 9.08195304870605468750e+00) (3, 5.06472647190093994141e-01) (4, 7.58624374866485595703e-01) (5, -5.06450128555297851562e+00) (6, 4.94858264923095703125e+00) (0, -1.89066517353057861328e+00) (1, 8.52804851531982421875e+00) (2, -1.01340347290039062500e+02) (3, 2.85082836151123046875e+01) (4, -7.45323257446289062500e+01) (5, -1.73970365524291992188e+00) (6, 5.31394863128662109375e+00) (7, 3.17501640319824218750e+00) (8, -1.77430188655853271484e+00) (9, -1.31699109077453613281e+00) (10, -9.31981727480888366699e-02) (11, -4.90382242202758789062e+00) (12, -6.39662742614746093750e-01) (13, -3.17431688308715820312e+00) (14, -3.38575512170791625977e-01) (15, 2.16841578483581542969e+00) 
