FANN_FLO_2.1
num_layers=3
learning_rate=0.400000
connection_rate=1.000000
network_type=0
learning_momentum=0.000000
training_algorithm=2
train_error_function=1
train_stop_function=0
cascade_output_change_fraction=0.010000
quickprop_decay=-0.000100
quickprop_mu=1.750000
rprop_increase_factor=1.200000
rprop_decrease_factor=0.500000
rprop_delta_min=0.000000
rprop_delta_max=50.000000
rprop_delta_zero=0.100000
cascade_output_stagnation_epochs=12
cascade_candidate_change_fraction=0.010000
cascade_candidate_stagnation_epochs=12
cascade_max_out_epochs=150
cascade_min_out_epochs=50
cascade_max_cand_epochs=150
cascade_min_cand_epochs=50
cascade_num_candidate_groups=2
bit_fail_limit=3.49999994039535522461e-01
cascade_candidate_limit=1.00000000000000000000e+03
cascade_weight_multiplier=4.00000005960464477539e-01
cascade_activation_functions_count=10
cascade_activation_functions=3 5 7 8 10 11 14 15 16 17 
cascade_activation_steepnesses_count=4
cascade_activation_steepnesses=2.50000000000000000000e-01 5.00000000000000000000e-01 7.50000000000000000000e-01 1.00000000000000000000e+00 
layer_sizes=7 5 2 
scale_included=0
neurons (num_inputs, activation_function, activation_steepness)=(0, 0, 0.00000000000000000000e+00) (0, 0, 0.00000000000000000000e+00) (0, 0, 0.00000000000000000000e+00) (0, 0, 0.00000000000000000000e+00) (0, 0, 0.00000000000000000000e+00) (0, 0, 0.00000000000000000000e+00) (0, 0, 0.00000000000000000000e+00) (7, 3, 5.00000000000000000000e-01) (7, 3, 5.00000000000000000000e-01) (7, 3, 5.00000000000000000000e-01) (7, 3, 5.00000000000000000000e-01) (0, 3, 0.00000000000000000000e+00) (5, 3, 5.00000000000000000000e-01) (0, 3, 0.00000000000000000000e+00) 
connections (connected_to_neuron, weight)=(0, 7.41678953170776367188e-01) (1, -2.08383846282958984375e+00) (2, -6.36296319961547851562e+00) (3, -1.55717861652374267578e+00) (4, -9.83317792415618896484e-01) (5, 1.96991558074951171875e+01) (6, 9.81990247964859008789e-02) (0, 1.14510667324066162109e+00) (1, -1.32597327232360839844e+00) (2, -1.46715545654296875000e+00) (3, 3.36031690239906311035e-02) (4, 7.33217334747314453125e+00) (5, -3.62768173217773437500e-02) (6, -1.98427569866180419922e+00) (0, -4.62933969497680664062e+00) (1, -3.15118026733398437500e+00) (2, -1.61570310592651367188e+00) (3, 1.81343352794647216797e+00) (4, 1.81196868419647216797e+00) (5, 6.53576135635375976562e-01) (6, -1.11187541484832763672e+00) (0, -1.36639368534088134766e+00) (1, 2.73874497413635253906e+00) (2, 1.55239212512969970703e+00) (3, -7.31565427780151367188e+00) (4, 1.29847087860107421875e+01) (5, -1.24669218063354492188e+01) (6, 5.65385913848876953125e+00) (7, -1.42350614070892333984e+00) (8, 2.42881870269775390625e+00) (9, 4.50776672363281250000e+00) (10, -2.00846028327941894531e+00) (11, -2.11430434137582778931e-02) 
