FANN_FLO_2.1
num_layers=4
learning_rate=0.500000
connection_rate=1.000000
network_type=0
learning_momentum=0.000000
training_algorithm=2
train_error_function=1
train_stop_function=0
cascade_output_change_fraction=0.010000
quickprop_decay=-0.000100
quickprop_mu=1.750000
rprop_increase_factor=1.200000
rprop_decrease_factor=0.500000
rprop_delta_min=0.000000
rprop_delta_max=50.000000
rprop_delta_zero=0.100000
cascade_output_stagnation_epochs=12
cascade_candidate_change_fraction=0.010000
cascade_candidate_stagnation_epochs=12
cascade_max_out_epochs=150
cascade_min_out_epochs=50
cascade_max_cand_epochs=150
cascade_min_cand_epochs=50
cascade_num_candidate_groups=2
bit_fail_limit=3.49999994039535522461e-01
cascade_candidate_limit=1.00000000000000000000e+03
cascade_weight_multiplier=4.00000005960464477539e-01
cascade_activation_functions_count=10
cascade_activation_functions=3 5 7 8 10 11 14 15 16 17 
cascade_activation_steepnesses_count=4
cascade_activation_steepnesses=2.50000000000000000000e-01 5.00000000000000000000e-01 7.50000000000000000000e-01 1.00000000000000000000e+00 
layer_sizes=2 5 3 3 
scale_included=0
neurons (num_inputs, activation_function, activation_steepness)=(0, 0, 0.00000000000000000000e+00) (0, 0, 0.00000000000000000000e+00) (2, 3, 5.00000000000000000000e-01) (2, 3, 5.00000000000000000000e-01) (2, 3, 5.00000000000000000000e-01) (2, 3, 5.00000000000000000000e-01) (0, 3, 0.00000000000000000000e+00) (5, 3, 5.00000000000000000000e-01) (5, 3, 5.00000000000000000000e-01) (0, 3, 0.00000000000000000000e+00) (3, 0, 5.00000000000000000000e-01) (3, 0, 5.00000000000000000000e-01) (0, 0, 0.00000000000000000000e+00) 
connections (connected_to_neuron, weight)=(0, -1.49769982910156250000e+03) (1, 4.14234352111816406250e+01) (0, -1.50000000000000000000e+03) (1, -2.40019073486328125000e+01) (0, -9.23336242675781250000e+02) (1, -1.19426806640625000000e+03) (0, 9.10513782501220703125e+00) (1, -2.98448371887207031250e+00) (2, -3.96525204181671142578e-01) (3, -1.50000000000000000000e+03) (4, 1.50000000000000000000e+03) (5, 9.76573944091796875000e+00) (6, -1.28377366065979003906e+00) (2, 5.60265958309173583984e-01) (3, 1.50000000000000000000e+03) (4, 1.50000000000000000000e+03) (5, 3.74365234375000000000e+00) (6, -2.20927023887634277344e+00) (7, -3.92286920547485351562e+00) (8, 5.16897630691528320312e+00) (9, -7.53075629472732543945e-02) (7, -2.57916593551635742188e+00) (8, -4.23915624618530273438e+00) (9, 3.38977909088134765625e+00) 
