FANN_FLO_2.1
num_layers=4
learning_rate=0.400000
connection_rate=1.000000
network_type=0
learning_momentum=0.000000
training_algorithm=2
train_error_function=1
train_stop_function=0
cascade_output_change_fraction=0.010000
quickprop_decay=-0.000100
quickprop_mu=1.750000
rprop_increase_factor=1.200000
rprop_decrease_factor=0.500000
rprop_delta_min=0.000000
rprop_delta_max=50.000000
rprop_delta_zero=0.100000
cascade_output_stagnation_epochs=12
cascade_candidate_change_fraction=0.010000
cascade_candidate_stagnation_epochs=12
cascade_max_out_epochs=150
cascade_min_out_epochs=50
cascade_max_cand_epochs=150
cascade_min_cand_epochs=50
cascade_num_candidate_groups=2
bit_fail_limit=3.49999994039535522461e-01
cascade_candidate_limit=1.00000000000000000000e+03
cascade_weight_multiplier=4.00000005960464477539e-01
cascade_activation_functions_count=10
cascade_activation_functions=3 5 7 8 10 11 14 15 16 17 
cascade_activation_steepnesses_count=4
cascade_activation_steepnesses=2.50000000000000000000e-01 5.00000000000000000000e-01 7.50000000000000000000e-01 1.00000000000000000000e+00 
layer_sizes=7 5 5 2 
scale_included=0
neurons (num_inputs, activation_function, activation_steepness)=(0, 0, 0.00000000000000000000e+00) (0, 0, 0.00000000000000000000e+00) (0, 0, 0.00000000000000000000e+00) (0, 0, 0.00000000000000000000e+00) (0, 0, 0.00000000000000000000e+00) (0, 0, 0.00000000000000000000e+00) (0, 0, 0.00000000000000000000e+00) (7, 3, 5.00000000000000000000e-01) (7, 3, 5.00000000000000000000e-01) (7, 3, 5.00000000000000000000e-01) (7, 3, 5.00000000000000000000e-01) (0, 3, 0.00000000000000000000e+00) (5, 3, 5.00000000000000000000e-01) (5, 3, 5.00000000000000000000e-01) (5, 3, 5.00000000000000000000e-01) (5, 3, 5.00000000000000000000e-01) (0, 3, 0.00000000000000000000e+00) (5, 3, 5.00000000000000000000e-01) (0, 3, 0.00000000000000000000e+00) 
connections (connected_to_neuron, weight)=(0, -7.72656860351562500000e+01) (1, -6.67482757568359375000e+01) (2, 2.27789936065673828125e+01) (3, -2.02510337829589843750e+01) (4, 3.18308281898498535156e+00) (5, 3.31956024169921875000e+01) (6, 3.12221374511718750000e+01) (0, -2.73409104347229003906e+00) (1, 1.18467485904693603516e+00) (2, 8.57888507843017578125e+00) (3, -8.75027751922607421875e+00) (4, -2.26873445510864257812e+00) (5, 1.07902252674102783203e+00) (6, 4.15879535675048828125e+00) (0, -5.57082653045654296875e+00) (1, 1.64342546463012695312e+00) (2, -3.04631876945495605469e+00) (3, 1.54334583282470703125e+01) (4, -7.12638902664184570312e+00) (5, -1.50000000000000000000e+03) (6, -1.07426679134368896484e+00) (0, 9.11551380157470703125e+00) (1, 1.15007225036621093750e+02) (2, 6.36288940906524658203e-01) (3, -4.40800048828125000000e+02) (4, -7.31569335937500000000e+02) (5, -2.71102050781250000000e+02) (6, 1.49608240127563476562e+01) (7, 1.50000000000000000000e+03) (8, 3.67371330261230468750e+01) (9, 2.96825618743896484375e+01) (10, -2.49999389648437500000e+01) (11, -1.74389896392822265625e+01) (7, 1.50000000000000000000e+03) (8, 1.50000000000000000000e+03) (9, 1.50000000000000000000e+03) (10, -2.49999389648437500000e+01) (11, 1.00228721618652343750e+02) (7, 1.50000000000000000000e+03) (8, 1.50000000000000000000e+03) (9, -3.74478424072265625000e+02) (10, -2.49999389648437500000e+01) (11, -7.68759689331054687500e+01) (7, 1.50000000000000000000e+03) (8, 1.50000000000000000000e+03) (9, 1.50000000000000000000e+03) (10, -2.49999389648437500000e+01) (11, -8.07541728019714355469e-01) (12, -1.22916722297668457031e+00) (13, -7.16469347476959228516e-01) (14, -5.67391395568847656250e-01) (15, -1.14598512649536132812e-01) (16, -6.20793879032135009766e-01) 
