FANN_FLO_2.1
num_layers=4
learning_rate=0.500000
connection_rate=1.000000
network_type=0
learning_momentum=0.000000
training_algorithm=2
train_error_function=1
train_stop_function=0
cascade_output_change_fraction=0.010000
quickprop_decay=-0.000100
quickprop_mu=1.750000
rprop_increase_factor=1.200000
rprop_decrease_factor=0.500000
rprop_delta_min=0.000000
rprop_delta_max=50.000000
rprop_delta_zero=0.100000
cascade_output_stagnation_epochs=12
cascade_candidate_change_fraction=0.010000
cascade_candidate_stagnation_epochs=12
cascade_max_out_epochs=150
cascade_min_out_epochs=50
cascade_max_cand_epochs=150
cascade_min_cand_epochs=50
cascade_num_candidate_groups=2
bit_fail_limit=3.49999994039535522461e-01
cascade_candidate_limit=1.00000000000000000000e+03
cascade_weight_multiplier=4.00000005960464477539e-01
cascade_activation_functions_count=10
cascade_activation_functions=3 5 7 8 10 11 14 15 16 17 
cascade_activation_steepnesses_count=4
cascade_activation_steepnesses=2.50000000000000000000e-01 5.00000000000000000000e-01 7.50000000000000000000e-01 1.00000000000000000000e+00 
layer_sizes=2 5 3 3 
scale_included=0
neurons (num_inputs, activation_function, activation_steepness)=(0, 0, 0.00000000000000000000e+00) (0, 0, 0.00000000000000000000e+00) (2, 3, 5.00000000000000000000e-01) (2, 3, 5.00000000000000000000e-01) (2, 3, 5.00000000000000000000e-01) (2, 3, 5.00000000000000000000e-01) (0, 3, 0.00000000000000000000e+00) (5, 3, 5.00000000000000000000e-01) (5, 3, 5.00000000000000000000e-01) (0, 3, 0.00000000000000000000e+00) (3, 0, 5.00000000000000000000e-01) (3, 0, 5.00000000000000000000e-01) (0, 0, 0.00000000000000000000e+00) 
connections (connected_to_neuron, weight)=(0, 1.50000000000000000000e+03) (1, 2.26345386505126953125e+01) (0, 1.50000000000000000000e+03) (1, 9.82768440246582031250e+00) (0, -1.50000000000000000000e+03) (1, -1.54876753687858581543e-01) (0, 1.50000000000000000000e+03) (1, 2.36349391937255859375e+01) (2, -1.22069897460937500000e+03) (3, -1.45043127441406250000e+03) (4, 1.82935363769531250000e+02) (5, -1.43822814941406250000e+03) (6, 1.39432334899902343750e+00) (2, 1.19505243301391601562e+01) (3, -3.30415306091308593750e+01) (4, -6.31842231750488281250e+00) (5, 1.78079395294189453125e+01) (6, 4.15710926055908203125e+00) (7, 1.50000000000000000000e+03) (8, -2.27416443824768066406e+00) (9, 2.64472723007202148438e-01) (7, 1.50000000000000000000e+03) (8, -3.40424990653991699219e+00) (9, 2.39270472526550292969e+00) 
