FANN_FLO_2.1
num_layers=3
learning_rate=0.400000
connection_rate=1.000000
network_type=0
learning_momentum=0.000000
training_algorithm=2
train_error_function=1
train_stop_function=0
cascade_output_change_fraction=0.010000
quickprop_decay=-0.000100
quickprop_mu=1.750000
rprop_increase_factor=1.200000
rprop_decrease_factor=0.500000
rprop_delta_min=0.000000
rprop_delta_max=50.000000
rprop_delta_zero=0.100000
cascade_output_stagnation_epochs=12
cascade_candidate_change_fraction=0.010000
cascade_candidate_stagnation_epochs=12
cascade_max_out_epochs=150
cascade_min_out_epochs=50
cascade_max_cand_epochs=150
cascade_min_cand_epochs=50
cascade_num_candidate_groups=2
bit_fail_limit=3.49999994039535522461e-01
cascade_candidate_limit=1.00000000000000000000e+03
cascade_weight_multiplier=4.00000005960464477539e-01
cascade_activation_functions_count=10
cascade_activation_functions=3 5 7 8 10 11 14 15 16 17 
cascade_activation_steepnesses_count=4
cascade_activation_steepnesses=2.50000000000000000000e-01 5.00000000000000000000e-01 7.50000000000000000000e-01 1.00000000000000000000e+00 
layer_sizes=7 5 2 
scale_included=0
neurons (num_inputs, activation_function, activation_steepness)=(0, 0, 0.00000000000000000000e+00) (0, 0, 0.00000000000000000000e+00) (0, 0, 0.00000000000000000000e+00) (0, 0, 0.00000000000000000000e+00) (0, 0, 0.00000000000000000000e+00) (0, 0, 0.00000000000000000000e+00) (0, 0, 0.00000000000000000000e+00) (7, 3, 5.00000000000000000000e-01) (7, 3, 5.00000000000000000000e-01) (7, 3, 5.00000000000000000000e-01) (7, 3, 5.00000000000000000000e-01) (0, 3, 0.00000000000000000000e+00) (5, 3, 5.00000000000000000000e-01) (0, 3, 0.00000000000000000000e+00) 
connections (connected_to_neuron, weight)=(0, -1.90377211570739746094e+00) (1, -4.00156068801879882812e+00) (2, 7.78874814510345458984e-01) (3, 1.58205902576446533203e+00) (4, -2.19849967956542968750e+00) (5, 4.78195428848266601562e+00) (6, -1.38651680946350097656e+00) (0, 6.70371150970458984375e+00) (1, 1.43867969512939453125e+00) (2, -1.18693675994873046875e+01) (3, 4.64635467529296875000e+00) (4, -4.52093315124511718750e+00) (5, 1.01698055267333984375e+01) (6, 1.01035535335540771484e+00) (0, -7.02547550201416015625e+00) (1, -8.56471359729766845703e-01) (2, -1.00453913211822509766e+00) (3, 1.39419460296630859375e+00) (4, 3.69064855575561523438e+00) (5, 2.01619625091552734375e-01) (6, -1.92096173763275146484e+00) (0, -5.65076541900634765625e+00) (1, 9.46075141429901123047e-01) (2, 8.80174756050109863281e-01) (3, -2.89804995059967041016e-01) (4, -2.27103996276855468750e+00) (5, 8.77967596054077148438e-01) (6, 2.71986484527587890625e+00) (7, 4.74785900115966796875e+00) (8, -1.47877037525177001953e+00) (9, 5.31159973144531250000e+00) (10, -4.38311481475830078125e+00) (11, 1.36760699748992919922e+00) 
