FANN_FLO_2.1
num_layers=3
learning_rate=0.500000
connection_rate=1.000000
network_type=0
learning_momentum=0.000000
training_algorithm=2
train_error_function=1
train_stop_function=0
cascade_output_change_fraction=0.010000
quickprop_decay=-0.000100
quickprop_mu=1.750000
rprop_increase_factor=1.200000
rprop_decrease_factor=0.500000
rprop_delta_min=0.000000
rprop_delta_max=50.000000
rprop_delta_zero=0.100000
cascade_output_stagnation_epochs=12
cascade_candidate_change_fraction=0.010000
cascade_candidate_stagnation_epochs=12
cascade_max_out_epochs=150
cascade_min_out_epochs=50
cascade_max_cand_epochs=150
cascade_min_cand_epochs=50
cascade_num_candidate_groups=2
bit_fail_limit=3.49999994039535522461e-01
cascade_candidate_limit=1.00000000000000000000e+03
cascade_weight_multiplier=4.00000005960464477539e-01
cascade_activation_functions_count=10
cascade_activation_functions=3 5 7 8 10 11 14 15 16 17 
cascade_activation_steepnesses_count=4
cascade_activation_steepnesses=2.50000000000000000000e-01 5.00000000000000000000e-01 7.50000000000000000000e-01 1.00000000000000000000e+00 
layer_sizes=10 5 2 
scale_included=0
neurons (num_inputs, activation_function, activation_steepness)=(0, 0, 0.00000000000000000000e+00) (0, 0, 0.00000000000000000000e+00) (0, 0, 0.00000000000000000000e+00) (0, 0, 0.00000000000000000000e+00) (0, 0, 0.00000000000000000000e+00) (0, 0, 0.00000000000000000000e+00) (0, 0, 0.00000000000000000000e+00) (0, 0, 0.00000000000000000000e+00) (0, 0, 0.00000000000000000000e+00) (0, 0, 0.00000000000000000000e+00) (10, 3, 5.00000000000000000000e-01) (10, 3, 5.00000000000000000000e-01) (10, 3, 5.00000000000000000000e-01) (10, 3, 5.00000000000000000000e-01) (0, 3, 0.00000000000000000000e+00) (5, 3, 5.00000000000000000000e-01) (0, 3, 0.00000000000000000000e+00) 
connections (connected_to_neuron, weight)=(0, -5.85680297851562500000e+02) (1, -1.22083044052124023438e+00) (2, -1.50000000000000000000e+03) (3, 6.08391046524047851562e-01) (4, 5.67550373077392578125e+00) (5, -1.57997131347656250000e+00) (6, 7.64582991600036621094e-01) (7, 2.30729484558105468750e+00) (8, -4.34437927246093750000e+02) (9, 2.64947875976562500000e+02) (0, -1.50000000000000000000e+03) (1, -2.04710149765014648438e+00) (2, -2.63124799728393554688e+00) (3, -1.78720569610595703125e+00) (4, 3.67426347732543945312e+00) (5, 1.07534992694854736328e+00) (6, -1.97751414775848388672e+00) (7, 6.36361837387084960938e-02) (8, -6.24406218528747558594e-01) (9, -1.47703289985656738281e-01) (0, 1.55533742904663085938e+01) (1, 2.16284255981445312500e+01) (2, 2.65021972656250000000e+01) (3, -3.37164568901062011719e+00) (4, 7.11405372619628906250e+00) (5, -2.78969478607177734375e+00) (6, -2.23232898712158203125e+01) (7, -4.73400735855102539062e+00) (8, -2.09440155029296875000e+01) (9, -6.32618904113769531250e+00) (0, -1.50000000000000000000e+03) (1, -2.09338235855102539062e+00) (2, -1.68946397304534912109e+00) (3, -1.42932832241058349609e+00) (4, 3.59487032890319824219e+00) (5, 2.34036609530448913574e-01) (6, -1.17658615112304687500e+00) (7, 8.50484743714332580566e-02) (8, -4.80235666036605834961e-01) (9, -2.07980558276176452637e-01) (10, 1.69949710369110107422e+00) (11, 5.20373284816741943359e-01) (12, 1.82793009281158447266e+00) (13, 4.68903243541717529297e-01) (14, -1.32465493679046630859e+00) 
