FANN_FLO_2.1
num_layers=3
learning_rate=0.500000
connection_rate=1.000000
network_type=0
learning_momentum=0.000000
training_algorithm=2
train_error_function=1
train_stop_function=0
cascade_output_change_fraction=0.010000
quickprop_decay=-0.000100
quickprop_mu=1.750000
rprop_increase_factor=1.200000
rprop_decrease_factor=0.500000
rprop_delta_min=0.000000
rprop_delta_max=50.000000
rprop_delta_zero=0.100000
cascade_output_stagnation_epochs=12
cascade_candidate_change_fraction=0.010000
cascade_candidate_stagnation_epochs=12
cascade_max_out_epochs=150
cascade_min_out_epochs=50
cascade_max_cand_epochs=150
cascade_min_cand_epochs=50
cascade_num_candidate_groups=2
bit_fail_limit=3.49999994039535522461e-01
cascade_candidate_limit=1.00000000000000000000e+03
cascade_weight_multiplier=4.00000005960464477539e-01
cascade_activation_functions_count=10
cascade_activation_functions=3 5 7 8 10 11 14 15 16 17 
cascade_activation_steepnesses_count=4
cascade_activation_steepnesses=2.50000000000000000000e-01 5.00000000000000000000e-01 7.50000000000000000000e-01 1.00000000000000000000e+00 
layer_sizes=10 3 2 
scale_included=0
neurons (num_inputs, activation_function, activation_steepness)=(0, 0, 0.00000000000000000000e+00) (0, 0, 0.00000000000000000000e+00) (0, 0, 0.00000000000000000000e+00) (0, 0, 0.00000000000000000000e+00) (0, 0, 0.00000000000000000000e+00) (0, 0, 0.00000000000000000000e+00) (0, 0, 0.00000000000000000000e+00) (0, 0, 0.00000000000000000000e+00) (0, 0, 0.00000000000000000000e+00) (0, 0, 0.00000000000000000000e+00) (10, 3, 5.00000000000000000000e-01) (10, 3, 5.00000000000000000000e-01) (0, 3, 0.00000000000000000000e+00) (3, 3, 5.00000000000000000000e-01) (0, 3, 0.00000000000000000000e+00) 
connections (connected_to_neuron, weight)=(0, 1.33217811584472656250e+01) (1, 1.17845592498779296875e+01) (2, -5.42394876480102539062e-01) (3, -5.64231872558593750000e+01) (4, 5.45874500274658203125e+00) (5, 3.06469783782958984375e+01) (6, 3.65337066650390625000e+01) (7, -1.65699539184570312500e+01) (8, -1.05070753097534179688e+01) (9, -2.49202156066894531250e+00) (0, -5.43566226959228515625e-01) (1, 3.92875556945800781250e+01) (2, -4.10805625915527343750e+01) (3, -1.45647687911987304688e+01) (4, 1.52832479476928710938e+01) (5, 3.87306556701660156250e+01) (6, 3.79722666740417480469e+00) (7, -8.58914852142333984375e+00) (8, -2.12435264587402343750e+01) (9, -2.50620913505554199219e+00) (10, 6.30002915859222412109e-02) (11, 2.60756230354309082031e+00) (12, -1.75038588047027587891e+00) 
