FANN_FLO_2.1
num_layers=3
learning_rate=0.400000
connection_rate=1.000000
network_type=0
learning_momentum=0.000000
training_algorithm=2
train_error_function=1
train_stop_function=0
cascade_output_change_fraction=0.010000
quickprop_decay=-0.000100
quickprop_mu=1.750000
rprop_increase_factor=1.200000
rprop_decrease_factor=0.500000
rprop_delta_min=0.000000
rprop_delta_max=50.000000
rprop_delta_zero=0.100000
cascade_output_stagnation_epochs=12
cascade_candidate_change_fraction=0.010000
cascade_candidate_stagnation_epochs=12
cascade_max_out_epochs=150
cascade_min_out_epochs=50
cascade_max_cand_epochs=150
cascade_min_cand_epochs=50
cascade_num_candidate_groups=2
bit_fail_limit=3.49999994039535522461e-01
cascade_candidate_limit=1.00000000000000000000e+03
cascade_weight_multiplier=4.00000005960464477539e-01
cascade_activation_functions_count=10
cascade_activation_functions=3 5 7 8 10 11 14 15 16 17 
cascade_activation_steepnesses_count=4
cascade_activation_steepnesses=2.50000000000000000000e-01 5.00000000000000000000e-01 7.50000000000000000000e-01 1.00000000000000000000e+00 
layer_sizes=7 5 2 
scale_included=0
neurons (num_inputs, activation_function, activation_steepness)=(0, 0, 0.00000000000000000000e+00) (0, 0, 0.00000000000000000000e+00) (0, 0, 0.00000000000000000000e+00) (0, 0, 0.00000000000000000000e+00) (0, 0, 0.00000000000000000000e+00) (0, 0, 0.00000000000000000000e+00) (0, 0, 0.00000000000000000000e+00) (7, 3, 5.00000000000000000000e-01) (7, 3, 5.00000000000000000000e-01) (7, 3, 5.00000000000000000000e-01) (7, 3, 5.00000000000000000000e-01) (0, 3, 0.00000000000000000000e+00) (5, 3, 5.00000000000000000000e-01) (0, 3, 0.00000000000000000000e+00) 
connections (connected_to_neuron, weight)=(0, 4.20571517944335937500e+00) (1, -3.83661842346191406250e+00) (2, -9.16805839538574218750e+00) (3, 1.53178319931030273438e+01) (4, -1.90483283996582031250e+01) (5, 2.83556461334228515625e+00) (6, -3.70359277725219726562e+00) (0, -1.04600009918212890625e+01) (1, 8.62166881561279296875e+00) (2, 2.09713965654373168945e-01) (3, -1.29306101799011230469e+00) (4, -8.93601775169372558594e-01) (5, 4.89492607116699218750e+00) (6, 1.66646611690521240234e+00) (0, 8.70762729644775390625e+00) (1, -1.04966669082641601562e+01) (2, 5.55057573318481445312e+00) (3, -3.41316366195678710938e+00) (4, -1.74843192100524902344e-01) (5, -4.11468648910522460938e+00) (6, 6.31919622421264648438e+00) (0, -6.95475816726684570312e-01) (1, 5.43683719635009765625e+00) (2, -3.27228546142578125000e+01) (3, -9.61904621124267578125e+00) (4, 2.94955998659133911133e-01) (5, -3.38490080833435058594e+00) (6, -2.61877512931823730469e+00) (7, -6.03728473186492919922e-01) (8, -3.54512166976928710938e+00) (9, -3.45815801620483398438e+00) (10, -3.22334599494934082031e+00) (11, 2.40581536293029785156e+00) 
