FANN_FLO_2.1
num_layers=4
learning_rate=0.500000
connection_rate=1.000000
network_type=0
learning_momentum=0.000000
training_algorithm=2
train_error_function=1
train_stop_function=0
cascade_output_change_fraction=0.010000
quickprop_decay=-0.000100
quickprop_mu=1.750000
rprop_increase_factor=1.200000
rprop_decrease_factor=0.500000
rprop_delta_min=0.000000
rprop_delta_max=50.000000
rprop_delta_zero=0.100000
cascade_output_stagnation_epochs=12
cascade_candidate_change_fraction=0.010000
cascade_candidate_stagnation_epochs=12
cascade_max_out_epochs=150
cascade_min_out_epochs=50
cascade_max_cand_epochs=150
cascade_min_cand_epochs=50
cascade_num_candidate_groups=2
bit_fail_limit=3.49999994039535522461e-01
cascade_candidate_limit=1.00000000000000000000e+03
cascade_weight_multiplier=4.00000005960464477539e-01
cascade_activation_functions_count=10
cascade_activation_functions=3 5 7 8 10 11 14 15 16 17 
cascade_activation_steepnesses_count=4
cascade_activation_steepnesses=2.50000000000000000000e-01 5.00000000000000000000e-01 7.50000000000000000000e-01 1.00000000000000000000e+00 
layer_sizes=2 5 5 3 
scale_included=0
neurons (num_inputs, activation_function, activation_steepness)=(0, 0, 0.00000000000000000000e+00) (0, 0, 0.00000000000000000000e+00) (2, 3, 5.00000000000000000000e-01) (2, 3, 5.00000000000000000000e-01) (2, 3, 5.00000000000000000000e-01) (2, 3, 5.00000000000000000000e-01) (0, 3, 0.00000000000000000000e+00) (5, 3, 5.00000000000000000000e-01) (5, 3, 5.00000000000000000000e-01) (5, 3, 5.00000000000000000000e-01) (5, 3, 5.00000000000000000000e-01) (0, 3, 0.00000000000000000000e+00) (5, 0, 5.00000000000000000000e-01) (5, 0, 5.00000000000000000000e-01) (0, 0, 0.00000000000000000000e+00) 
connections (connected_to_neuron, weight)=(0, -4.07928810119628906250e+01) (1, 1.05459365844726562500e+01) (0, -1.41223001480102539062e+01) (1, 4.41391038894653320312e+00) (0, -1.06239868164062500000e+03) (1, 1.35638488769531250000e+02) (0, -2.17743778228759765625e+01) (1, 7.83766412734985351562e+00) (2, -1.21030904352664947510e-01) (3, -3.27709150314331054688e+00) (4, -6.54085457324981689453e-01) (5, -6.63421601057052612305e-02) (6, 2.46980094909667968750e+00) (2, 4.57145080566406250000e+01) (3, -7.08597278594970703125e+00) (4, -4.83461380004882812500e+01) (5, 1.10876951217651367188e+01) (6, -1.99263548851013183594e+00) (2, 1.50000000000000000000e+03) (3, 1.50000000000000000000e+03) (4, -1.46732617187500000000e+03) (5, 1.50000000000000000000e+03) (6, 1.49689367675781250000e+03) (2, 1.50000000000000000000e+03) (3, 1.50000000000000000000e+03) (4, 5.70869567871093750000e+02) (5, 1.50000000000000000000e+03) (6, 7.21670240163803100586e-02) (7, -7.33951032161712646484e-01) (8, -1.95409524440765380859e+00) (9, -1.07933473587036132812e+00) (10, -1.56892091035842895508e-02) (11, 1.54194796085357666016e+00) (7, -5.15807580947875976562e+00) (8, -1.06871046125888824463e-01) (9, 1.26632142066955566406e+00) (10, 1.10031914710998535156e+00) (11, 4.13068294525146484375e-01) 
