FANN_FLO_2.1
num_layers=4
learning_rate=0.500000
connection_rate=1.000000
network_type=0
learning_momentum=0.000000
training_algorithm=2
train_error_function=1
train_stop_function=0
cascade_output_change_fraction=0.010000
quickprop_decay=-0.000100
quickprop_mu=1.750000
rprop_increase_factor=1.200000
rprop_decrease_factor=0.500000
rprop_delta_min=0.000000
rprop_delta_max=50.000000
rprop_delta_zero=0.100000
cascade_output_stagnation_epochs=12
cascade_candidate_change_fraction=0.010000
cascade_candidate_stagnation_epochs=12
cascade_max_out_epochs=150
cascade_min_out_epochs=50
cascade_max_cand_epochs=150
cascade_min_cand_epochs=50
cascade_num_candidate_groups=2
bit_fail_limit=3.49999994039535522461e-01
cascade_candidate_limit=1.00000000000000000000e+03
cascade_weight_multiplier=4.00000005960464477539e-01
cascade_activation_functions_count=10
cascade_activation_functions=3 5 7 8 10 11 14 15 16 17 
cascade_activation_steepnesses_count=4
cascade_activation_steepnesses=2.50000000000000000000e-01 5.00000000000000000000e-01 7.50000000000000000000e-01 1.00000000000000000000e+00 
layer_sizes=10 3 3 2 
scale_included=0
neurons (num_inputs, activation_function, activation_steepness)=(0, 0, 0.00000000000000000000e+00) (0, 0, 0.00000000000000000000e+00) (0, 0, 0.00000000000000000000e+00) (0, 0, 0.00000000000000000000e+00) (0, 0, 0.00000000000000000000e+00) (0, 0, 0.00000000000000000000e+00) (0, 0, 0.00000000000000000000e+00) (0, 0, 0.00000000000000000000e+00) (0, 0, 0.00000000000000000000e+00) (0, 0, 0.00000000000000000000e+00) (10, 3, 5.00000000000000000000e-01) (10, 3, 5.00000000000000000000e-01) (0, 3, 0.00000000000000000000e+00) (3, 3, 5.00000000000000000000e-01) (3, 3, 5.00000000000000000000e-01) (0, 3, 0.00000000000000000000e+00) (3, 3, 5.00000000000000000000e-01) (0, 3, 0.00000000000000000000e+00) 
connections (connected_to_neuron, weight)=(0, -1.37881393432617187500e+01) (1, 1.05046796798706054688e+00) (2, -3.69131541252136230469e+00) (3, 9.96318280696868896484e-01) (4, 1.06744232177734375000e+01) (5, -4.64043998718261718750e+00) (6, 3.50931119918823242188e+00) (7, -2.16142225265502929688e+00) (8, -5.17596435546875000000e+00) (9, 3.01666188240051269531e+00) (0, -1.39039981365203857422e+00) (1, -9.05573844909667968750e-01) (2, -7.97654676437377929688e+00) (3, -1.59203326702117919922e+00) (4, 9.08952713012695312500e+00) (5, 3.78073543310165405273e-01) (6, 4.81305658817291259766e-01) (7, -9.93558120727539062500e+00) (8, -8.16960573196411132812e-01) (9, 3.49653267860412597656e+00) (10, 1.50000000000000000000e+03) (11, 1.50000000000000000000e+03) (12, -1.31725578308105468750e+01) (10, 1.50000000000000000000e+03) (11, 1.50000000000000000000e+03) (12, -1.24635711669921875000e+02) (13, 6.10121965408325195312e-01) (14, 1.73531687259674072266e+00) (15, -1.56973254680633544922e+00) 
