FANN_FLO_2.1
num_layers=3
learning_rate=0.400000
connection_rate=1.000000
network_type=0
learning_momentum=0.000000
training_algorithm=2
train_error_function=1
train_stop_function=0
cascade_output_change_fraction=0.010000
quickprop_decay=-0.000100
quickprop_mu=1.750000
rprop_increase_factor=1.200000
rprop_decrease_factor=0.500000
rprop_delta_min=0.000000
rprop_delta_max=50.000000
rprop_delta_zero=0.100000
cascade_output_stagnation_epochs=12
cascade_candidate_change_fraction=0.010000
cascade_candidate_stagnation_epochs=12
cascade_max_out_epochs=150
cascade_min_out_epochs=50
cascade_max_cand_epochs=150
cascade_min_cand_epochs=50
cascade_num_candidate_groups=2
bit_fail_limit=3.49999994039535522461e-01
cascade_candidate_limit=1.00000000000000000000e+03
cascade_weight_multiplier=4.00000005960464477539e-01
cascade_activation_functions_count=10
cascade_activation_functions=3 5 7 8 10 11 14 15 16 17 
cascade_activation_steepnesses_count=4
cascade_activation_steepnesses=2.50000000000000000000e-01 5.00000000000000000000e-01 7.50000000000000000000e-01 1.00000000000000000000e+00 
layer_sizes=19 3 3 
scale_included=0
neurons (num_inputs, activation_function, activation_steepness)=(0, 0, 0.00000000000000000000e+00) (0, 0, 0.00000000000000000000e+00) (0, 0, 0.00000000000000000000e+00) (0, 0, 0.00000000000000000000e+00) (0, 0, 0.00000000000000000000e+00) (0, 0, 0.00000000000000000000e+00) (0, 0, 0.00000000000000000000e+00) (0, 0, 0.00000000000000000000e+00) (0, 0, 0.00000000000000000000e+00) (0, 0, 0.00000000000000000000e+00) (0, 0, 0.00000000000000000000e+00) (0, 0, 0.00000000000000000000e+00) (0, 0, 0.00000000000000000000e+00) (0, 0, 0.00000000000000000000e+00) (0, 0, 0.00000000000000000000e+00) (0, 0, 0.00000000000000000000e+00) (0, 0, 0.00000000000000000000e+00) (0, 0, 0.00000000000000000000e+00) (0, 0, 0.00000000000000000000e+00) (19, 3, 5.00000000000000000000e-01) (19, 3, 5.00000000000000000000e-01) (0, 3, 0.00000000000000000000e+00) (3, 3, 5.00000000000000000000e-01) (3, 3, 5.00000000000000000000e-01) (0, 3, 0.00000000000000000000e+00) 
connections (connected_to_neuron, weight)=(0, 5.51207494735717773438e+00) (1, 7.39672899246215820312e+00) (2, -1.67018966674804687500e+01) (3, 8.38437747955322265625e+00) (4, 2.65532302856445312500e+01) (5, -3.50460696220397949219e+00) (6, -3.36843073368072509766e-01) (7, 8.93890190124511718750e+00) (8, -7.40063428878784179688e+00) (9, -1.37671327590942382812e+01) (10, -1.44297325611114501953e+00) (11, 1.28253901004791259766e+00) (12, 8.58164191246032714844e-01) (13, -3.37909245491027832031e+00) (14, 9.18672370910644531250e+00) (15, 4.52009391784667968750e+00) (16, -3.24642448425292968750e+01) (17, 4.56560611724853515625e+00) (18, 7.14699447154998779297e-01) (0, -2.55959957838058471680e-01) (1, -5.84009647369384765625e+00) (2, 4.76651096343994140625e+00) (3, -1.18508434295654296875e+00) (4, -6.90708971023559570312e+00) (5, 1.60556173324584960938e+00) (6, -7.87114322185516357422e-01) (7, -5.06962156295776367188e+00) (8, 2.93367099761962890625e+00) (9, 1.29296493530273437500e+00) (10, 3.56412935256958007812e+00) (11, -1.55052638053894042969e+00) (12, -1.10822129249572753906e+00) (13, 5.21849346160888671875e+00) (14, -3.30922222137451171875e+00) (15, 6.88231110572814941406e-01) (16, 6.86476802825927734375e+00) (17, -2.31582617759704589844e+00) (18, -2.58404779434204101562e+00) (19, -9.85837996006011962891e-01) (20, -1.47003483772277832031e+00) (21, 2.92150229215621948242e-01) (19, 9.84895288944244384766e-01) (20, 1.46943259239196777344e+00) (21, -2.91579514741897583008e-01) 
