FANN_FLO_2.1
num_layers=3
learning_rate=0.400000
connection_rate=1.000000
network_type=0
learning_momentum=0.000000
training_algorithm=2
train_error_function=1
train_stop_function=0
cascade_output_change_fraction=0.010000
quickprop_decay=-0.000100
quickprop_mu=1.750000
rprop_increase_factor=1.200000
rprop_decrease_factor=0.500000
rprop_delta_min=0.000000
rprop_delta_max=50.000000
rprop_delta_zero=0.100000
cascade_output_stagnation_epochs=12
cascade_candidate_change_fraction=0.010000
cascade_candidate_stagnation_epochs=12
cascade_max_out_epochs=150
cascade_min_out_epochs=50
cascade_max_cand_epochs=150
cascade_min_cand_epochs=50
cascade_num_candidate_groups=2
bit_fail_limit=3.49999994039535522461e-01
cascade_candidate_limit=1.00000000000000000000e+03
cascade_weight_multiplier=4.00000005960464477539e-01
cascade_activation_functions_count=10
cascade_activation_functions=3 5 7 8 10 11 14 15 16 17 
cascade_activation_steepnesses_count=4
cascade_activation_steepnesses=2.50000000000000000000e-01 5.00000000000000000000e-01 7.50000000000000000000e-01 1.00000000000000000000e+00 
layer_sizes=7 5 2 
scale_included=0
neurons (num_inputs, activation_function, activation_steepness)=(0, 0, 0.00000000000000000000e+00) (0, 0, 0.00000000000000000000e+00) (0, 0, 0.00000000000000000000e+00) (0, 0, 0.00000000000000000000e+00) (0, 0, 0.00000000000000000000e+00) (0, 0, 0.00000000000000000000e+00) (0, 0, 0.00000000000000000000e+00) (7, 3, 5.00000000000000000000e-01) (7, 3, 5.00000000000000000000e-01) (7, 3, 5.00000000000000000000e-01) (7, 3, 5.00000000000000000000e-01) (0, 3, 0.00000000000000000000e+00) (5, 3, 5.00000000000000000000e-01) (0, 3, 0.00000000000000000000e+00) 
connections (connected_to_neuron, weight)=(0, -2.06595018506050109863e-01) (1, -5.31347513198852539062e-01) (2, 7.02889263629913330078e-01) (3, 2.27762773633003234863e-01) (4, 5.04374837875366210938e+00) (5, 5.63757121562957763672e-01) (6, -2.34057426452636718750e+00) (0, 1.12743043899536132812e+01) (1, 2.45125675201416015625e+00) (2, 2.07436513900756835938e+00) (3, -3.46274662017822265625e+00) (4, -2.80753779411315917969e+00) (5, -1.82345819473266601562e+00) (6, 9.08643364906311035156e-01) (0, -1.87153351306915283203e+00) (1, 2.47845196723937988281e+00) (2, 4.73843574523925781250e+00) (3, -3.21994256973266601562e+00) (4, 8.61758518218994140625e+00) (5, -9.40048885345458984375e+00) (6, 2.05260014533996582031e+00) (0, -9.59075748920440673828e-01) (1, -1.10722410678863525391e+00) (2, 2.10771179199218750000e+00) (3, 4.18208479881286621094e-01) (4, 4.51773357391357421875e+00) (5, -8.51092517375946044922e-01) (6, -2.76035189628601074219e+00) (7, 1.42011356353759765625e+00) (8, -1.89590632915496826172e+00) (9, -3.03370523452758789062e+00) (10, 4.34628534317016601562e+00) (11, 3.96276682615280151367e-01) 
