FANN_FLO_2.1
num_layers=3
learning_rate=0.500000
connection_rate=1.000000
network_type=0
learning_momentum=0.000000
training_algorithm=2
train_error_function=1
train_stop_function=0
cascade_output_change_fraction=0.010000
quickprop_decay=-0.000100
quickprop_mu=1.750000
rprop_increase_factor=1.200000
rprop_decrease_factor=0.500000
rprop_delta_min=0.000000
rprop_delta_max=50.000000
rprop_delta_zero=0.100000
cascade_output_stagnation_epochs=12
cascade_candidate_change_fraction=0.010000
cascade_candidate_stagnation_epochs=12
cascade_max_out_epochs=150
cascade_min_out_epochs=50
cascade_max_cand_epochs=150
cascade_min_cand_epochs=50
cascade_num_candidate_groups=2
bit_fail_limit=3.49999994039535522461e-01
cascade_candidate_limit=1.00000000000000000000e+03
cascade_weight_multiplier=4.00000005960464477539e-01
cascade_activation_functions_count=10
cascade_activation_functions=3 5 7 8 10 11 14 15 16 17 
cascade_activation_steepnesses_count=4
cascade_activation_steepnesses=2.50000000000000000000e-01 5.00000000000000000000e-01 7.50000000000000000000e-01 1.00000000000000000000e+00 
layer_sizes=10 5 2 
scale_included=0
neurons (num_inputs, activation_function, activation_steepness)=(0, 0, 0.00000000000000000000e+00) (0, 0, 0.00000000000000000000e+00) (0, 0, 0.00000000000000000000e+00) (0, 0, 0.00000000000000000000e+00) (0, 0, 0.00000000000000000000e+00) (0, 0, 0.00000000000000000000e+00) (0, 0, 0.00000000000000000000e+00) (0, 0, 0.00000000000000000000e+00) (0, 0, 0.00000000000000000000e+00) (0, 0, 0.00000000000000000000e+00) (10, 3, 5.00000000000000000000e-01) (10, 3, 5.00000000000000000000e-01) (10, 3, 5.00000000000000000000e-01) (10, 3, 5.00000000000000000000e-01) (0, 3, 0.00000000000000000000e+00) (5, 3, 5.00000000000000000000e-01) (0, 3, 0.00000000000000000000e+00) 
connections (connected_to_neuron, weight)=(0, 2.55668869018554687500e+01) (1, 1.40648484230041503906e+00) (2, 4.42886352539062500000e+00) (3, 4.89936828613281250000e+00) (4, 4.62440997362136840820e-02) (5, -3.98627328872680664062e+00) (6, -1.47301995754241943359e+00) (7, -1.52208113670349121094e+00) (8, -3.99055824279785156250e+01) (9, -4.36244010925292968750e-02) (0, 1.02511267089843750000e+03) (1, 1.46318347167968750000e+03) (2, 6.73758850097656250000e+02) (3, -1.50000000000000000000e+03) (4, -1.50000000000000000000e+03) (5, -1.50000000000000000000e+03) (6, -4.78438690185546875000e+02) (7, 4.36849090576171875000e+02) (8, -8.43607543945312500000e+02) (9, -1.22227454185485839844e+00) (0, -1.24744157791137695312e+01) (1, -1.66377334594726562500e+01) (2, -4.55804824829101562500e+00) (3, -8.42154788970947265625e+00) (4, -3.76599097251892089844e+00) (5, -1.55745816230773925781e+00) (6, 1.61530506610870361328e+00) (7, 1.20499858856201171875e+01) (8, 2.52716979980468750000e+01) (9, 1.82082092761993408203e+00) (0, -4.98987197875976562500e+00) (1, -2.66587519645690917969e+00) (2, -8.23275279998779296875e+00) (3, -1.26975946426391601562e+01) (4, -1.62294173240661621094e+00) (5, -1.57705271244049072266e+00) (6, -2.79464221000671386719e+00) (7, 2.43614935874938964844e+00) (8, 3.51918525695800781250e+01) (9, -3.52025389671325683594e+00) (10, 2.89787292480468750000e+00) (11, 8.53274250403046607971e-04) (12, 7.86071896553039550781e-01) (13, 2.13139271736145019531e+00) (14, -2.02915692329406738281e+00) 
