FANN_FLO_2.1
num_layers=3
learning_rate=0.400000
connection_rate=1.000000
network_type=0
learning_momentum=0.000000
training_algorithm=2
train_error_function=1
train_stop_function=0
cascade_output_change_fraction=0.010000
quickprop_decay=-0.000100
quickprop_mu=1.750000
rprop_increase_factor=1.200000
rprop_decrease_factor=0.500000
rprop_delta_min=0.000000
rprop_delta_max=50.000000
rprop_delta_zero=0.100000
cascade_output_stagnation_epochs=12
cascade_candidate_change_fraction=0.010000
cascade_candidate_stagnation_epochs=12
cascade_max_out_epochs=150
cascade_min_out_epochs=50
cascade_max_cand_epochs=150
cascade_min_cand_epochs=50
cascade_num_candidate_groups=2
bit_fail_limit=3.49999994039535522461e-01
cascade_candidate_limit=1.00000000000000000000e+03
cascade_weight_multiplier=4.00000005960464477539e-01
cascade_activation_functions_count=10
cascade_activation_functions=3 5 7 8 10 11 14 15 16 17 
cascade_activation_steepnesses_count=4
cascade_activation_steepnesses=2.50000000000000000000e-01 5.00000000000000000000e-01 7.50000000000000000000e-01 1.00000000000000000000e+00 
layer_sizes=19 3 3 
scale_included=0
neurons (num_inputs, activation_function, activation_steepness)=(0, 0, 0.00000000000000000000e+00) (0, 0, 0.00000000000000000000e+00) (0, 0, 0.00000000000000000000e+00) (0, 0, 0.00000000000000000000e+00) (0, 0, 0.00000000000000000000e+00) (0, 0, 0.00000000000000000000e+00) (0, 0, 0.00000000000000000000e+00) (0, 0, 0.00000000000000000000e+00) (0, 0, 0.00000000000000000000e+00) (0, 0, 0.00000000000000000000e+00) (0, 0, 0.00000000000000000000e+00) (0, 0, 0.00000000000000000000e+00) (0, 0, 0.00000000000000000000e+00) (0, 0, 0.00000000000000000000e+00) (0, 0, 0.00000000000000000000e+00) (0, 0, 0.00000000000000000000e+00) (0, 0, 0.00000000000000000000e+00) (0, 0, 0.00000000000000000000e+00) (0, 0, 0.00000000000000000000e+00) (19, 3, 5.00000000000000000000e-01) (19, 3, 5.00000000000000000000e-01) (0, 3, 0.00000000000000000000e+00) (3, 3, 5.00000000000000000000e-01) (3, 3, 5.00000000000000000000e-01) (0, 3, 0.00000000000000000000e+00) 
connections (connected_to_neuron, weight)=(0, -3.42056250572204589844e+00) (1, 2.12470817565917968750e+00) (2, 2.54845809936523437500e+00) (3, 9.05334711074829101562e-01) (4, -1.18393039703369140625e+00) (5, 6.08475542068481445312e+00) (6, 1.12315726280212402344e+00) (7, -1.48522245883941650391e+00) (8, 5.30707263946533203125e+00) (9, -6.32443845272064208984e-01) (10, 4.72746714949607849121e-02) (11, -4.29319763183593750000e+00) (12, -7.54453361034393310547e-01) (13, -5.63685834407806396484e-01) (14, -2.72692346572875976562e+00) (15, 4.64099407196044921875e-01) (16, -1.42902925610542297363e-01) (17, -4.20716094970703125000e+00) (18, -4.04835748672485351562e+00) (0, 1.70272197723388671875e+01) (1, -7.93100786209106445312e+00) (2, 1.76271304488182067871e-01) (3, -9.58668708801269531250e+00) (4, 7.02014541625976562500e+00) (5, -1.18880167007446289062e+01) (6, -3.33297324180603027344e+00) (7, 5.45028305053710937500e+00) (8, -6.00254392623901367188e+00) (9, -8.49232912063598632812e-01) (10, -2.66059786081314086914e-02) (11, 7.64017009735107421875e+00) (12, 1.79356956481933593750e+00) (13, 2.00643134117126464844e+00) (14, 2.76366162300109863281e+00) (15, -8.61419320106506347656e-01) (16, 4.17534732818603515625e+00) (17, 8.07222747802734375000e+00) (18, 1.10561680793762207031e+00) (19, -2.49547553062438964844e+00) (20, -1.70638608932495117188e+00) (21, 1.19040071964263916016e+00) (19, 2.49525237083435058594e+00) (20, 1.70598614215850830078e+00) (21, -1.18991148471832275391e+00) 
