FANN_FLO_2.1
num_layers=3
learning_rate=0.400000
connection_rate=1.000000
network_type=0
learning_momentum=0.000000
training_algorithm=2
train_error_function=1
train_stop_function=0
cascade_output_change_fraction=0.010000
quickprop_decay=-0.000100
quickprop_mu=1.750000
rprop_increase_factor=1.200000
rprop_decrease_factor=0.500000
rprop_delta_min=0.000000
rprop_delta_max=50.000000
rprop_delta_zero=0.100000
cascade_output_stagnation_epochs=12
cascade_candidate_change_fraction=0.010000
cascade_candidate_stagnation_epochs=12
cascade_max_out_epochs=150
cascade_min_out_epochs=50
cascade_max_cand_epochs=150
cascade_min_cand_epochs=50
cascade_num_candidate_groups=2
bit_fail_limit=3.49999994039535522461e-01
cascade_candidate_limit=1.00000000000000000000e+03
cascade_weight_multiplier=4.00000005960464477539e-01
cascade_activation_functions_count=10
cascade_activation_functions=3 5 7 8 10 11 14 15 16 17 
cascade_activation_steepnesses_count=4
cascade_activation_steepnesses=2.50000000000000000000e-01 5.00000000000000000000e-01 7.50000000000000000000e-01 1.00000000000000000000e+00 
layer_sizes=19 3 3 
scale_included=0
neurons (num_inputs, activation_function, activation_steepness)=(0, 0, 0.00000000000000000000e+00) (0, 0, 0.00000000000000000000e+00) (0, 0, 0.00000000000000000000e+00) (0, 0, 0.00000000000000000000e+00) (0, 0, 0.00000000000000000000e+00) (0, 0, 0.00000000000000000000e+00) (0, 0, 0.00000000000000000000e+00) (0, 0, 0.00000000000000000000e+00) (0, 0, 0.00000000000000000000e+00) (0, 0, 0.00000000000000000000e+00) (0, 0, 0.00000000000000000000e+00) (0, 0, 0.00000000000000000000e+00) (0, 0, 0.00000000000000000000e+00) (0, 0, 0.00000000000000000000e+00) (0, 0, 0.00000000000000000000e+00) (0, 0, 0.00000000000000000000e+00) (0, 0, 0.00000000000000000000e+00) (0, 0, 0.00000000000000000000e+00) (0, 0, 0.00000000000000000000e+00) (19, 3, 5.00000000000000000000e-01) (19, 3, 5.00000000000000000000e-01) (0, 3, 0.00000000000000000000e+00) (3, 3, 5.00000000000000000000e-01) (3, 3, 5.00000000000000000000e-01) (0, 3, 0.00000000000000000000e+00) 
connections (connected_to_neuron, weight)=(0, -3.05527544021606445312e+00) (1, 1.62665557861328125000e+01) (2, -5.42653560638427734375e+00) (3, 6.36601734161376953125e+00) (4, -3.34893012046813964844e+00) (5, 5.97271013259887695312e+00) (6, -4.59743642807006835938e+00) (7, -1.21781864166259765625e+01) (8, -8.37256908416748046875e+00) (9, -3.29743051528930664062e+00) (10, 1.22869491577148437500e+01) (11, -1.18648729324340820312e+01) (12, 8.72822570800781250000e+00) (13, 3.71363377571105957031e+00) (14, -4.39131307601928710938e+00) (15, 2.96207845211029052734e-01) (16, 3.33790111541748046875e+00) (17, -7.77261447906494140625e+00) (18, 6.47541618347167968750e+00) (0, -3.17279434204101562500e+00) (1, -5.13107967376708984375e+00) (2, -9.72199630737304687500e+00) (3, -1.78127593994140625000e+01) (4, 5.87735509872436523438e+00) (5, -6.18398571014404296875e+00) (6, 1.75288848876953125000e+01) (7, 8.76631641387939453125e+00) (8, 2.16258029937744140625e+01) (9, 9.11956882476806640625e+00) (10, -7.92453670501708984375e+00) (11, 8.66542530059814453125e+00) (12, -1.66632747650146484375e+01) (13, 8.22465133666992187500e+00) (14, 3.57278883457183837891e-01) (15, 5.87948679924011230469e-01) (16, -2.52854657173156738281e+00) (17, 6.79459095001220703125e+00) (18, 6.72294616699218750000e+00) (19, -6.67635858058929443359e-01) (20, -1.23016798496246337891e+00) (21, 1.00096797943115234375e+00) (19, 6.66736900806427001953e-01) (20, 1.22943305969238281250e+00) (21, -9.99654293060302734375e-01) 
