FANN_FLO_2.1
num_layers=4
learning_rate=0.400000
connection_rate=1.000000
network_type=0
learning_momentum=0.000000
training_algorithm=2
train_error_function=1
train_stop_function=0
cascade_output_change_fraction=0.010000
quickprop_decay=-0.000100
quickprop_mu=1.750000
rprop_increase_factor=1.200000
rprop_decrease_factor=0.500000
rprop_delta_min=0.000000
rprop_delta_max=50.000000
rprop_delta_zero=0.100000
cascade_output_stagnation_epochs=12
cascade_candidate_change_fraction=0.010000
cascade_candidate_stagnation_epochs=12
cascade_max_out_epochs=150
cascade_min_out_epochs=50
cascade_max_cand_epochs=150
cascade_min_cand_epochs=50
cascade_num_candidate_groups=2
bit_fail_limit=3.49999994039535522461e-01
cascade_candidate_limit=1.00000000000000000000e+03
cascade_weight_multiplier=4.00000005960464477539e-01
cascade_activation_functions_count=10
cascade_activation_functions=3 5 7 8 10 11 14 15 16 17 
cascade_activation_steepnesses_count=4
cascade_activation_steepnesses=2.50000000000000000000e-01 5.00000000000000000000e-01 7.50000000000000000000e-01 1.00000000000000000000e+00 
layer_sizes=7 5 5 2 
scale_included=0
neurons (num_inputs, activation_function, activation_steepness)=(0, 0, 0.00000000000000000000e+00) (0, 0, 0.00000000000000000000e+00) (0, 0, 0.00000000000000000000e+00) (0, 0, 0.00000000000000000000e+00) (0, 0, 0.00000000000000000000e+00) (0, 0, 0.00000000000000000000e+00) (0, 0, 0.00000000000000000000e+00) (7, 3, 5.00000000000000000000e-01) (7, 3, 5.00000000000000000000e-01) (7, 3, 5.00000000000000000000e-01) (7, 3, 5.00000000000000000000e-01) (0, 3, 0.00000000000000000000e+00) (5, 3, 5.00000000000000000000e-01) (5, 3, 5.00000000000000000000e-01) (5, 3, 5.00000000000000000000e-01) (5, 3, 5.00000000000000000000e-01) (0, 3, 0.00000000000000000000e+00) (5, 3, 5.00000000000000000000e-01) (0, 3, 0.00000000000000000000e+00) 
connections (connected_to_neuron, weight)=(0, -3.27375745773315429688e+00) (1, -3.83362159729003906250e+01) (2, 2.83663574218750000000e+02) (3, 3.68470382690429687500e+00) (4, 3.45790771484375000000e+02) (5, 9.21889190673828125000e+01) (6, 1.21715021133422851562e+01) (0, -1.47327270507812500000e+03) (1, -6.12931518554687500000e+02) (2, -5.25653724670410156250e+01) (3, -1.62139072418212890625e+01) (4, 1.50000000000000000000e+03) (5, -1.06758728027343750000e+03) (6, -6.27411484718322753906e-01) (0, -5.60285282135009765625e+00) (1, 4.54453134536743164062e+00) (2, -4.57068651914596557617e-01) (3, -1.40686202049255371094e+00) (4, -7.00508296489715576172e-01) (5, -9.30685241699218750000e+02) (6, 7.65606701374053955078e-01) (0, 5.89481878280639648438e+00) (1, -6.97957754135131835938e+00) (2, 1.71056425571441650391e+00) (3, -2.67865085601806640625e+00) (4, -4.84655618667602539062e-01) (5, 5.76419782638549804688e+00) (6, -4.31178379058837890625e+00) (7, 1.08561193943023681641e+00) (8, 1.94389533996582031250e+00) (9, 6.52831554412841796875e+00) (10, 1.24435682296752929688e+01) (11, -2.83371019363403320312e+00) (7, 7.58993700146675109863e-02) (8, 1.62402652204036712646e-02) (9, 8.08300590515136718750e+00) (10, 5.13054180145263671875e+00) (11, -3.71154379844665527344e+00) (7, 9.76172924041748046875e-01) (8, -1.94117294311523437500e+02) (9, 6.48053884506225585938e+00) (10, 1.23831968307495117188e+01) (11, -2.91123723983764648438e+00) (7, 6.57943427562713623047e-01) (8, 7.65835952758789062500e+01) (9, 7.72434806823730468750e+00) (10, 1.13088798522949218750e+01) (11, -1.74981927871704101562e+00) (12, -5.81347823143005371094e-01) (13, -4.16440439224243164062e+00) (14, -5.20396530628204345703e-01) (15, -5.18080890178680419922e-01) (16, -4.41430658102035522461e-01) 
