FANN_FLO_2.1
num_layers=4
learning_rate=0.500000
connection_rate=1.000000
network_type=0
learning_momentum=0.000000
training_algorithm=2
train_error_function=1
train_stop_function=0
cascade_output_change_fraction=0.010000
quickprop_decay=-0.000100
quickprop_mu=1.750000
rprop_increase_factor=1.200000
rprop_decrease_factor=0.500000
rprop_delta_min=0.000000
rprop_delta_max=50.000000
rprop_delta_zero=0.100000
cascade_output_stagnation_epochs=12
cascade_candidate_change_fraction=0.010000
cascade_candidate_stagnation_epochs=12
cascade_max_out_epochs=150
cascade_min_out_epochs=50
cascade_max_cand_epochs=150
cascade_min_cand_epochs=50
cascade_num_candidate_groups=2
bit_fail_limit=3.49999994039535522461e-01
cascade_candidate_limit=1.00000000000000000000e+03
cascade_weight_multiplier=4.00000005960464477539e-01
cascade_activation_functions_count=10
cascade_activation_functions=3 5 7 8 10 11 14 15 16 17 
cascade_activation_steepnesses_count=4
cascade_activation_steepnesses=2.50000000000000000000e-01 5.00000000000000000000e-01 7.50000000000000000000e-01 1.00000000000000000000e+00 
layer_sizes=2 5 5 3 
scale_included=0
neurons (num_inputs, activation_function, activation_steepness)=(0, 0, 0.00000000000000000000e+00) (0, 0, 0.00000000000000000000e+00) (2, 3, 5.00000000000000000000e-01) (2, 3, 5.00000000000000000000e-01) (2, 3, 5.00000000000000000000e-01) (2, 3, 5.00000000000000000000e-01) (0, 3, 0.00000000000000000000e+00) (5, 3, 5.00000000000000000000e-01) (5, 3, 5.00000000000000000000e-01) (5, 3, 5.00000000000000000000e-01) (5, 3, 5.00000000000000000000e-01) (0, 3, 0.00000000000000000000e+00) (5, 0, 5.00000000000000000000e-01) (5, 0, 5.00000000000000000000e-01) (0, 0, 0.00000000000000000000e+00) 
connections (connected_to_neuron, weight)=(0, -5.84361381530761718750e+01) (1, 4.10119438171386718750e+00) (0, -1.35058126449584960938e+01) (1, 6.45369946956634521484e-01) (0, -7.49996376037597656250e+00) (1, 4.37150448560714721680e-01) (0, -7.70841836929321289062e+00) (1, 1.26182210445404052734e+00) (2, 2.92163908481597900391e-01) (3, -4.39933443069458007812e+00) (4, -3.08895230293273925781e+00) (5, -1.23765909671783447266e+00) (6, 2.87902951240539550781e+00) (2, -9.31675052642822265625e+00) (3, -1.56966705322265625000e+01) (4, 2.23943481445312500000e+01) (5, 1.19546356201171875000e+01) (6, -1.94267046451568603516e+00) (2, 1.07586011886596679688e+01) (3, -2.30947132110595703125e+01) (4, -2.76405930519104003906e+00) (5, -1.89254462718963623047e+00) (6, 1.63426947593688964844e+00) (2, -1.48200000000000000000e+03) (3, -8.81873703002929687500e+01) (4, 2.10677415132522583008e-01) (5, -4.90816682577133178711e-01) (6, 5.84011888504028320312e+00) (7, -2.13855743408203125000e+00) (8, -2.94000267982482910156e+00) (9, 9.01434481143951416016e-01) (10, -1.44742786884307861328e-01) (11, 2.54097962379455566406e+00) (7, -2.01482844352722167969e+00) (8, 1.02432405948638916016e+00) (9, -2.80083036422729492188e+00) (10, 2.24667817354202270508e-01) (11, 1.31709146499633789062e+00) 
