FANN_FLO_2.1
num_layers=4
learning_rate=0.500000
connection_rate=1.000000
network_type=0
learning_momentum=0.000000
training_algorithm=2
train_error_function=1
train_stop_function=0
cascade_output_change_fraction=0.010000
quickprop_decay=-0.000100
quickprop_mu=1.750000
rprop_increase_factor=1.200000
rprop_decrease_factor=0.500000
rprop_delta_min=0.000000
rprop_delta_max=50.000000
rprop_delta_zero=0.100000
cascade_output_stagnation_epochs=12
cascade_candidate_change_fraction=0.010000
cascade_candidate_stagnation_epochs=12
cascade_max_out_epochs=150
cascade_min_out_epochs=50
cascade_max_cand_epochs=150
cascade_min_cand_epochs=50
cascade_num_candidate_groups=2
bit_fail_limit=3.49999994039535522461e-01
cascade_candidate_limit=1.00000000000000000000e+03
cascade_weight_multiplier=4.00000005960464477539e-01
cascade_activation_functions_count=10
cascade_activation_functions=3 5 7 8 10 11 14 15 16 17 
cascade_activation_steepnesses_count=4
cascade_activation_steepnesses=2.50000000000000000000e-01 5.00000000000000000000e-01 7.50000000000000000000e-01 1.00000000000000000000e+00 
layer_sizes=2 5 5 3 
scale_included=0
neurons (num_inputs, activation_function, activation_steepness)=(0, 0, 0.00000000000000000000e+00) (0, 0, 0.00000000000000000000e+00) (2, 3, 5.00000000000000000000e-01) (2, 3, 5.00000000000000000000e-01) (2, 3, 5.00000000000000000000e-01) (2, 3, 5.00000000000000000000e-01) (0, 3, 0.00000000000000000000e+00) (5, 3, 5.00000000000000000000e-01) (5, 3, 5.00000000000000000000e-01) (5, 3, 5.00000000000000000000e-01) (5, 3, 5.00000000000000000000e-01) (0, 3, 0.00000000000000000000e+00) (5, 0, 5.00000000000000000000e-01) (5, 0, 5.00000000000000000000e-01) (0, 0, 0.00000000000000000000e+00) 
connections (connected_to_neuron, weight)=(0, -9.47366619110107421875e+00) (1, 1.08105397224426269531e+00) (0, -1.13731861114501953125e+01) (1, 4.86522078514099121094e-01) (0, -8.87340736389160156250e+00) (1, 9.32684361934661865234e-01) (0, -9.97451877593994140625e+00) (1, 3.91116738319396972656e+00) (2, -1.05871534347534179688e+00) (3, -4.08119821548461914062e+00) (4, -2.56877040863037109375e+00) (5, 5.24458217620849609375e+00) (6, -8.74170422554016113281e-01) (2, 8.68305414915084838867e-02) (3, -2.27114462852478027344e+00) (4, -5.01899123191833496094e-01) (5, 2.97934460639953613281e+00) (6, -4.94988024234771728516e-01) (2, -1.00058245658874511719e+00) (3, -2.83821320533752441406e+00) (4, -1.85348880290985107422e+00) (5, -1.98411703109741210938e+00) (6, 1.54530966281890869141e+00) (2, -2.92074346542358398438e+00) (3, -3.23240828514099121094e+00) (4, -3.26931405067443847656e+00) (5, 1.58668315410614013672e+00) (6, -1.07260748744010925293e-01) (7, -2.92785382270812988281e+00) (8, -1.44125163555145263672e-01) (9, 3.06783676147460937500e+00) (10, -2.65944170951843261719e+00) (11, 9.12356913089752197266e-01) (7, -6.90132439136505126953e-01) (8, 1.11948823928833007812e+00) (9, -4.02577590942382812500e+00) (10, -1.80656015872955322266e+00) (11, 1.52417540550231933594e+00) 
