FANN_FLO_2.1
num_layers=3
learning_rate=0.400000
connection_rate=1.000000
network_type=0
learning_momentum=0.000000
training_algorithm=2
train_error_function=1
train_stop_function=0
cascade_output_change_fraction=0.010000
quickprop_decay=-0.000100
quickprop_mu=1.750000
rprop_increase_factor=1.200000
rprop_decrease_factor=0.500000
rprop_delta_min=0.000000
rprop_delta_max=50.000000
rprop_delta_zero=0.100000
cascade_output_stagnation_epochs=12
cascade_candidate_change_fraction=0.010000
cascade_candidate_stagnation_epochs=12
cascade_max_out_epochs=150
cascade_min_out_epochs=50
cascade_max_cand_epochs=150
cascade_min_cand_epochs=50
cascade_num_candidate_groups=2
bit_fail_limit=3.49999994039535522461e-01
cascade_candidate_limit=1.00000000000000000000e+03
cascade_weight_multiplier=4.00000005960464477539e-01
cascade_activation_functions_count=10
cascade_activation_functions=3 5 7 8 10 11 14 15 16 17 
cascade_activation_steepnesses_count=4
cascade_activation_steepnesses=2.50000000000000000000e-01 5.00000000000000000000e-01 7.50000000000000000000e-01 1.00000000000000000000e+00 
layer_sizes=7 9 2 
scale_included=0
neurons (num_inputs, activation_function, activation_steepness)=(0, 0, 0.00000000000000000000e+00) (0, 0, 0.00000000000000000000e+00) (0, 0, 0.00000000000000000000e+00) (0, 0, 0.00000000000000000000e+00) (0, 0, 0.00000000000000000000e+00) (0, 0, 0.00000000000000000000e+00) (0, 0, 0.00000000000000000000e+00) (7, 3, 5.00000000000000000000e-01) (7, 3, 5.00000000000000000000e-01) (7, 3, 5.00000000000000000000e-01) (7, 3, 5.00000000000000000000e-01) (7, 3, 5.00000000000000000000e-01) (7, 3, 5.00000000000000000000e-01) (7, 3, 5.00000000000000000000e-01) (7, 3, 5.00000000000000000000e-01) (0, 3, 0.00000000000000000000e+00) (9, 3, 5.00000000000000000000e-01) (0, 3, 0.00000000000000000000e+00) 
connections (connected_to_neuron, weight)=(0, -2.52977323532104492188e+00) (1, -4.75317567586898803711e-01) (2, 1.03332328796386718750e+00) (3, -2.16681885719299316406e+00) (4, -1.83190727233886718750e+00) (5, 9.64753925800323486328e-01) (6, 2.70975857973098754883e-01) (0, -2.07333908081054687500e+01) (1, 1.81121616363525390625e+01) (2, -7.42537927627563476562e+00) (3, -5.02690315246582031250e+00) (4, -1.27437376976013183594e+00) (5, 6.66346263885498046875e+00) (6, 3.63155889511108398438e+00) (0, 1.54458150267601013184e-01) (1, -5.78553080558776855469e-01) (2, 8.83753657341003417969e-01) (3, -4.22929108142852783203e-01) (4, -4.79641743004322052002e-03) (5, 3.50508004426956176758e-01) (6, 4.84082907438278198242e-01) (0, 5.16512811183929443359e-01) (1, -4.33195638656616210938e+00) (2, -1.13126697540283203125e+01) (3, 1.23196306228637695312e+01) (4, -7.87592458724975585938e+00) (5, -6.78128838539123535156e-01) (6, -2.11924612522125244141e-01) (0, -1.84458941221237182617e-01) (1, -4.42511022090911865234e-01) (2, 1.52576220035552978516e+00) (3, -2.27484941482543945312e+00) (4, -5.09564042091369628906e-01) (5, -1.59001544117927551270e-01) (6, 4.65462356805801391602e-01) (0, -2.21920669078826904297e-01) (1, -5.27088928222656250000e+00) (2, 4.53217124938964843750e+00) (3, -7.67388820648193359375e+00) (4, -2.22625565528869628906e+00) (5, 1.42261254787445068359e+00) (6, 7.60804939270019531250e+00) (0, 5.46821415424346923828e-01) (1, -1.40819692611694335938e+01) (2, 4.15682363510131835938e+00) (3, -2.72493505477905273438e+00) (4, -1.87224268913269042969e+00) (5, 3.89556765556335449219e+00) (6, 6.72464147210121154785e-02) (0, 1.01213350296020507812e+01) (1, -1.17680807113647460938e+01) (2, 7.19558429718017578125e+00) (3, -5.07762575149536132812e+00) (4, -8.58095586299896240234e-01) (5, -4.35017538070678710938e+00) (6, 6.94170999526977539062e+00) (7, 4.98859405517578125000e+00) (8, -3.40274357795715332031e+00) (9, 3.06659626960754394531e+00) (10, -5.90549528598785400391e-01) (11, 2.65747261047363281250e+00) (12, -1.24436008930206298828e+00) (13, -1.81412773132324218750e+01) (14, -3.49053621292114257812e+00) (15, 5.39226755499839782715e-02) 
