FANN_FLO_2.1
num_layers=3
learning_rate=0.400000
connection_rate=1.000000
network_type=0
learning_momentum=0.000000
training_algorithm=2
train_error_function=1
train_stop_function=0
cascade_output_change_fraction=0.010000
quickprop_decay=-0.000100
quickprop_mu=1.750000
rprop_increase_factor=1.200000
rprop_decrease_factor=0.500000
rprop_delta_min=0.000000
rprop_delta_max=50.000000
rprop_delta_zero=0.100000
cascade_output_stagnation_epochs=12
cascade_candidate_change_fraction=0.010000
cascade_candidate_stagnation_epochs=12
cascade_max_out_epochs=150
cascade_min_out_epochs=50
cascade_max_cand_epochs=150
cascade_min_cand_epochs=50
cascade_num_candidate_groups=2
bit_fail_limit=3.49999994039535522461e-01
cascade_candidate_limit=1.00000000000000000000e+03
cascade_weight_multiplier=4.00000005960464477539e-01
cascade_activation_functions_count=10
cascade_activation_functions=3 5 7 8 10 11 14 15 16 17 
cascade_activation_steepnesses_count=4
cascade_activation_steepnesses=2.50000000000000000000e-01 5.00000000000000000000e-01 7.50000000000000000000e-01 1.00000000000000000000e+00 
layer_sizes=7 9 2 
scale_included=0
neurons (num_inputs, activation_function, activation_steepness)=(0, 0, 0.00000000000000000000e+00) (0, 0, 0.00000000000000000000e+00) (0, 0, 0.00000000000000000000e+00) (0, 0, 0.00000000000000000000e+00) (0, 0, 0.00000000000000000000e+00) (0, 0, 0.00000000000000000000e+00) (0, 0, 0.00000000000000000000e+00) (7, 3, 5.00000000000000000000e-01) (7, 3, 5.00000000000000000000e-01) (7, 3, 5.00000000000000000000e-01) (7, 3, 5.00000000000000000000e-01) (7, 3, 5.00000000000000000000e-01) (7, 3, 5.00000000000000000000e-01) (7, 3, 5.00000000000000000000e-01) (7, 3, 5.00000000000000000000e-01) (0, 3, 0.00000000000000000000e+00) (9, 3, 5.00000000000000000000e-01) (0, 3, 0.00000000000000000000e+00) 
connections (connected_to_neuron, weight)=(0, -8.66056859493255615234e-01) (1, 2.05074000358581542969e+00) (2, 3.39290976524353027344e+00) (3, -2.96331739425659179688e+00) (4, 6.49665880203247070312e+00) (5, -1.16406030654907226562e+01) (6, 4.47418212890625000000e+00) (0, 1.58931350708007812500e+01) (1, 4.96726655960083007812e+00) (2, 1.51718664169311523438e+00) (3, -4.67424821853637695312e+00) (4, -4.47612380981445312500e+00) (5, -5.45194578170776367188e+00) (6, 1.15059983730316162109e+00) (0, 3.40347439050674438477e-01) (1, -9.40275609493255615234e-01) (2, -4.01152551174163818359e-01) (3, 1.23993515968322753906e+00) (4, 4.09368753433227539062e+00) (5, -3.39323222637176513672e-01) (6, -1.28933954238891601562e+00) (0, 4.01244506835937500000e+01) (1, 2.12111806869506835938e+00) (2, 1.95756697654724121094e+00) (3, -1.14348535537719726562e+01) (4, -1.78930282592773437500e+00) (5, -3.96636724472045898438e-01) (6, 2.94975250959396362305e-01) (0, 1.54660475254058837891e+00) (1, -4.21706467866897583008e-01) (2, -2.07294464111328125000e+00) (3, 7.22053706645965576172e-01) (4, 3.48788619041442871094e+00) (5, 1.16942405700683593750e-01) (6, -5.17599917948246002197e-02) (0, -7.26077556610107421875e-01) (1, 3.39070782065391540527e-02) (2, 1.91503986716270446777e-01) (3, -1.05546593666076660156e+00) (4, -2.34122586250305175781e+00) (5, -7.73412883281707763672e-01) (6, 4.12541627883911132812e-01) (0, -1.18915283679962158203e+00) (1, -1.02592706680297851562e+00) (2, 2.89319443702697753906e+00) (3, 1.01959598064422607422e+00) (4, 3.56682419776916503906e+00) (5, -4.61518955230712890625e+00) (6, -1.65750253200531005859e+00) (0, -1.01339316368103027344e+00) (1, -5.18478713929653167725e-02) (2, 2.98295527696609497070e-01) (3, -9.82459485530853271484e-01) (4, -2.34679746627807617188e+00) (5, -9.12622630596160888672e-01) (6, 5.96142590045928955078e-01) (7, -2.13490176200866699219e+00) (8, -1.08746087551116943359e+00) (9, 1.44113075733184814453e+00) (10, -9.83895063400268554688e-01) (11, 1.26662778854370117188e+00) (12, -7.61151254177093505859e-01) (13, 2.36949110031127929688e+00) (14, -8.02248001098632812500e-01) (15, 9.03598591685295104980e-02) 
