FANN_FLO_2.1
num_layers=3
learning_rate=0.400000
connection_rate=1.000000
network_type=0
learning_momentum=0.000000
training_algorithm=2
train_error_function=1
train_stop_function=0
cascade_output_change_fraction=0.010000
quickprop_decay=-0.000100
quickprop_mu=1.750000
rprop_increase_factor=1.200000
rprop_decrease_factor=0.500000
rprop_delta_min=0.000000
rprop_delta_max=50.000000
rprop_delta_zero=0.100000
cascade_output_stagnation_epochs=12
cascade_candidate_change_fraction=0.010000
cascade_candidate_stagnation_epochs=12
cascade_max_out_epochs=150
cascade_min_out_epochs=50
cascade_max_cand_epochs=150
cascade_min_cand_epochs=50
cascade_num_candidate_groups=2
bit_fail_limit=3.49999994039535522461e-01
cascade_candidate_limit=1.00000000000000000000e+03
cascade_weight_multiplier=4.00000005960464477539e-01
cascade_activation_functions_count=10
cascade_activation_functions=3 5 7 8 10 11 14 15 16 17 
cascade_activation_steepnesses_count=4
cascade_activation_steepnesses=2.50000000000000000000e-01 5.00000000000000000000e-01 7.50000000000000000000e-01 1.00000000000000000000e+00 
layer_sizes=7 9 2 
scale_included=0
neurons (num_inputs, activation_function, activation_steepness)=(0, 0, 0.00000000000000000000e+00) (0, 0, 0.00000000000000000000e+00) (0, 0, 0.00000000000000000000e+00) (0, 0, 0.00000000000000000000e+00) (0, 0, 0.00000000000000000000e+00) (0, 0, 0.00000000000000000000e+00) (0, 0, 0.00000000000000000000e+00) (7, 3, 5.00000000000000000000e-01) (7, 3, 5.00000000000000000000e-01) (7, 3, 5.00000000000000000000e-01) (7, 3, 5.00000000000000000000e-01) (7, 3, 5.00000000000000000000e-01) (7, 3, 5.00000000000000000000e-01) (7, 3, 5.00000000000000000000e-01) (7, 3, 5.00000000000000000000e-01) (0, 3, 0.00000000000000000000e+00) (9, 3, 5.00000000000000000000e-01) (0, 3, 0.00000000000000000000e+00) 
connections (connected_to_neuron, weight)=(0, 1.28641500473022460938e+01) (1, -1.45349006652832031250e+01) (2, -8.83066272735595703125e+00) (3, 3.17237186431884765625e+00) (4, -4.09614515304565429688e+00) (5, -5.15687847137451171875e+00) (6, 6.05036878585815429688e+00) (0, -9.35478591918945312500e+00) (1, 9.60251998901367187500e+00) (2, -1.39718780517578125000e+02) (3, -2.85717797279357910156e+00) (4, 5.37808752059936523438e+00) (5, 1.00678348541259765625e+01) (6, 5.94472837448120117188e+00) (0, -7.59944820404052734375e+00) (1, 2.25206542015075683594e+00) (2, 1.39090824127197265625e+01) (3, -3.57815122604370117188e+00) (4, -4.12603664398193359375e+00) (5, 9.76470947265625000000e+00) (6, -6.43876910209655761719e-01) (0, -6.57843303680419921875e+00) (1, -4.99169528484344482422e-01) (2, 5.62361478805541992188e-01) (3, -8.18485641479492187500e+00) (4, -2.87459945678710937500e+00) (5, 5.63915073871612548828e-01) (6, 1.07691946029663085938e+01) (0, 1.68724969029426574707e-01) (1, 5.77749490737915039062e+00) (2, -9.80042076110839843750e+00) (3, 9.61932659149169921875e+00) (4, -1.36588087081909179688e+01) (5, 1.52049407958984375000e+01) (6, -4.98322105407714843750e+00) (0, 6.24772262573242187500e+00) (1, -6.62881898880004882812e+00) (2, 5.49704837799072265625e+00) (3, -2.54686737060546875000e+00) (4, 4.44664239883422851562e-01) (5, 3.49115872383117675781e+00) (6, -4.74252462387084960938e+00) (0, -1.12507715225219726562e+01) (1, 9.96982860565185546875e+00) (2, 3.72886300086975097656e+00) (3, -1.52234113216400146484e+00) (4, -5.68372070789337158203e-01) (5, -1.34092697143554687500e+02) (6, -7.52370655536651611328e-01) (0, -5.36697244644165039062e+00) (1, 1.42263066768646240234e+00) (2, 1.29475393295288085938e+01) (3, -2.25445461273193359375e+00) (4, -4.80928468704223632812e+00) (5, 9.91443157196044921875e+00) (6, -1.60672080516815185547e+00) (7, -1.31614029407501220703e+00) (8, -2.49041199684143066406e-01) (9, -1.64314210414886474609e-01) (10, -5.24037897586822509766e-01) (11, -4.89692687988281250000e-01) (12, -9.67736434936523437500e+00) (13, -1.01615610122680664062e+01) (14, -3.71526449918746948242e-01) (15, 3.99763375520706176758e-01) 
