FANN_FLO_2.1
num_layers=3
learning_rate=0.400000
connection_rate=1.000000
network_type=0
learning_momentum=0.000000
training_algorithm=2
train_error_function=1
train_stop_function=0
cascade_output_change_fraction=0.010000
quickprop_decay=-0.000100
quickprop_mu=1.750000
rprop_increase_factor=1.200000
rprop_decrease_factor=0.500000
rprop_delta_min=0.000000
rprop_delta_max=50.000000
rprop_delta_zero=0.100000
cascade_output_stagnation_epochs=12
cascade_candidate_change_fraction=0.010000
cascade_candidate_stagnation_epochs=12
cascade_max_out_epochs=150
cascade_min_out_epochs=50
cascade_max_cand_epochs=150
cascade_min_cand_epochs=50
cascade_num_candidate_groups=2
bit_fail_limit=3.49999994039535522461e-01
cascade_candidate_limit=1.00000000000000000000e+03
cascade_weight_multiplier=4.00000005960464477539e-01
cascade_activation_functions_count=10
cascade_activation_functions=3 5 7 8 10 11 14 15 16 17 
cascade_activation_steepnesses_count=4
cascade_activation_steepnesses=2.50000000000000000000e-01 5.00000000000000000000e-01 7.50000000000000000000e-01 1.00000000000000000000e+00 
layer_sizes=7 5 2 
scale_included=0
neurons (num_inputs, activation_function, activation_steepness)=(0, 0, 0.00000000000000000000e+00) (0, 0, 0.00000000000000000000e+00) (0, 0, 0.00000000000000000000e+00) (0, 0, 0.00000000000000000000e+00) (0, 0, 0.00000000000000000000e+00) (0, 0, 0.00000000000000000000e+00) (0, 0, 0.00000000000000000000e+00) (7, 3, 5.00000000000000000000e-01) (7, 3, 5.00000000000000000000e-01) (7, 3, 5.00000000000000000000e-01) (7, 3, 5.00000000000000000000e-01) (0, 3, 0.00000000000000000000e+00) (5, 3, 5.00000000000000000000e-01) (0, 3, 0.00000000000000000000e+00) 
connections (connected_to_neuron, weight)=(0, 1.31215727329254150391e+00) (1, -1.11721670627593994141e+00) (2, 4.80159997940063476562e+00) (3, -2.66339612007141113281e+00) (4, 4.16775751113891601562e+00) (5, -1.37665109634399414062e+01) (6, -1.88232231140136718750e+00) (0, -2.45243906974792480469e+00) (1, -3.58205294609069824219e+00) (2, -2.81554079055786132812e+00) (3, 5.96913051605224609375e+00) (4, -1.17158269882202148438e+00) (5, -7.27259933948516845703e-01) (6, -2.48936915397644042969e+00) (0, -5.91707170009613037109e-01) (1, -3.16677808761596679688e+00) (2, -2.09080648422241210938e+00) (3, -4.56742286682128906250e+00) (4, 9.21973896026611328125e+00) (5, 6.28033018112182617188e+00) (6, -6.09185504913330078125e+00) (0, -3.07772946357727050781e+00) (1, -4.08275270462036132812e+00) (2, -2.62661862373352050781e+00) (3, 1.36246843338012695312e+01) (4, -4.10808706283569335938e+00) (5, 9.51727986335754394531e-01) (6, -2.62047171592712402344e+00) (7, 3.25296282768249511719e+00) (8, 5.65457057952880859375e+00) (9, 3.07889723777770996094e+00) (10, 1.48641419410705566406e+00) (11, -1.86853659152984619141e+00) 
