FANN_FLO_2.1
num_layers=3
learning_rate=0.400000
connection_rate=1.000000
network_type=0
learning_momentum=0.000000
training_algorithm=2
train_error_function=1
train_stop_function=0
cascade_output_change_fraction=0.010000
quickprop_decay=-0.000100
quickprop_mu=1.750000
rprop_increase_factor=1.200000
rprop_decrease_factor=0.500000
rprop_delta_min=0.000000
rprop_delta_max=50.000000
rprop_delta_zero=0.100000
cascade_output_stagnation_epochs=12
cascade_candidate_change_fraction=0.010000
cascade_candidate_stagnation_epochs=12
cascade_max_out_epochs=150
cascade_min_out_epochs=50
cascade_max_cand_epochs=150
cascade_min_cand_epochs=50
cascade_num_candidate_groups=2
bit_fail_limit=3.49999994039535522461e-01
cascade_candidate_limit=1.00000000000000000000e+03
cascade_weight_multiplier=4.00000005960464477539e-01
cascade_activation_functions_count=10
cascade_activation_functions=3 5 7 8 10 11 14 15 16 17 
cascade_activation_steepnesses_count=4
cascade_activation_steepnesses=2.50000000000000000000e-01 5.00000000000000000000e-01 7.50000000000000000000e-01 1.00000000000000000000e+00 
layer_sizes=19 3 3 
scale_included=0
neurons (num_inputs, activation_function, activation_steepness)=(0, 0, 0.00000000000000000000e+00) (0, 0, 0.00000000000000000000e+00) (0, 0, 0.00000000000000000000e+00) (0, 0, 0.00000000000000000000e+00) (0, 0, 0.00000000000000000000e+00) (0, 0, 0.00000000000000000000e+00) (0, 0, 0.00000000000000000000e+00) (0, 0, 0.00000000000000000000e+00) (0, 0, 0.00000000000000000000e+00) (0, 0, 0.00000000000000000000e+00) (0, 0, 0.00000000000000000000e+00) (0, 0, 0.00000000000000000000e+00) (0, 0, 0.00000000000000000000e+00) (0, 0, 0.00000000000000000000e+00) (0, 0, 0.00000000000000000000e+00) (0, 0, 0.00000000000000000000e+00) (0, 0, 0.00000000000000000000e+00) (0, 0, 0.00000000000000000000e+00) (0, 0, 0.00000000000000000000e+00) (19, 3, 5.00000000000000000000e-01) (19, 3, 5.00000000000000000000e-01) (0, 3, 0.00000000000000000000e+00) (3, 3, 5.00000000000000000000e-01) (3, 3, 5.00000000000000000000e-01) (0, 3, 0.00000000000000000000e+00) 
connections (connected_to_neuron, weight)=(0, 2.36415791511535644531e+00) (1, -5.05699872970581054688e-01) (2, -2.72955036163330078125e+00) (3, 4.03609704971313476562e+00) (4, -2.20736169815063476562e+00) (5, -4.29693555831909179688e+00) (6, 1.30102243423461914062e+01) (7, 1.91969430446624755859e+00) (8, -1.17762589454650878906e+00) (9, -4.37934446334838867188e+00) (10, 1.58712577819824218750e+00) (11, 3.17067599296569824219e+00) (12, 5.41006773710250854492e-03) (13, 4.18333911895751953125e+00) (14, 1.82384192943572998047e+00) (15, -4.58113908767700195312e+00) (16, -3.00940299034118652344e+00) (17, 8.13476181030273437500e+00) (18, -7.56621932983398437500e+00) (0, -3.78887963294982910156e+00) (1, 5.03020107746124267578e-01) (2, 3.23005223274230957031e+00) (3, -4.10625648498535156250e+00) (4, 4.48795288801193237305e-01) (5, 2.63797354698181152344e+00) (6, -6.90820312500000000000e+00) (7, -2.30521515011787414551e-01) (8, 3.49124693870544433594e+00) (9, 4.20543622970581054688e+00) (10, -3.87337863445281982422e-01) (11, -2.71429896354675292969e+00) (12, 3.65414500236511230469e+00) (13, -8.82559776306152343750e-01) (14, -2.65875101089477539062e+00) (15, 4.25600957870483398438e+00) (16, 7.11703658103942871094e-01) (17, -4.67325830459594726562e+00) (18, -1.85979080200195312500e+00) (19, -1.31851494312286376953e+00) (20, -2.08297729492187500000e+00) (21, 6.82722508907318115234e-01) (19, 1.32158041000366210938e+00) (20, 2.08634233474731445312e+00) (21, -6.85138285160064697266e-01) 
