FANN_FLO_2.1
num_layers=4
learning_rate=0.400000
connection_rate=1.000000
network_type=0
learning_momentum=0.000000
training_algorithm=2
train_error_function=1
train_stop_function=0
cascade_output_change_fraction=0.010000
quickprop_decay=-0.000100
quickprop_mu=1.750000
rprop_increase_factor=1.200000
rprop_decrease_factor=0.500000
rprop_delta_min=0.000000
rprop_delta_max=50.000000
rprop_delta_zero=0.100000
cascade_output_stagnation_epochs=12
cascade_candidate_change_fraction=0.010000
cascade_candidate_stagnation_epochs=12
cascade_max_out_epochs=150
cascade_min_out_epochs=50
cascade_max_cand_epochs=150
cascade_min_cand_epochs=50
cascade_num_candidate_groups=2
bit_fail_limit=3.49999994039535522461e-01
cascade_candidate_limit=1.00000000000000000000e+03
cascade_weight_multiplier=4.00000005960464477539e-01
cascade_activation_functions_count=10
cascade_activation_functions=3 5 7 8 10 11 14 15 16 17 
cascade_activation_steepnesses_count=4
cascade_activation_steepnesses=2.50000000000000000000e-01 5.00000000000000000000e-01 7.50000000000000000000e-01 1.00000000000000000000e+00 
layer_sizes=7 5 3 2 
scale_included=0
neurons (num_inputs, activation_function, activation_steepness)=(0, 0, 0.00000000000000000000e+00) (0, 0, 0.00000000000000000000e+00) (0, 0, 0.00000000000000000000e+00) (0, 0, 0.00000000000000000000e+00) (0, 0, 0.00000000000000000000e+00) (0, 0, 0.00000000000000000000e+00) (0, 0, 0.00000000000000000000e+00) (7, 3, 5.00000000000000000000e-01) (7, 3, 5.00000000000000000000e-01) (7, 3, 5.00000000000000000000e-01) (7, 3, 5.00000000000000000000e-01) (0, 3, 0.00000000000000000000e+00) (5, 3, 5.00000000000000000000e-01) (5, 3, 5.00000000000000000000e-01) (0, 3, 0.00000000000000000000e+00) (3, 3, 5.00000000000000000000e-01) (0, 3, 0.00000000000000000000e+00) 
connections (connected_to_neuron, weight)=(0, -1.48439733886718750000e+03) (1, 1.50000000000000000000e+03) (2, 1.50000000000000000000e+03) (3, -1.49968957519531250000e+03) (4, -6.21737289428710937500e+01) (5, 4.73366851806640625000e+02) (6, 3.38524322509765625000e+01) (0, -8.89415645599365234375e+00) (1, 4.22151803970336914062e-01) (2, -1.95204277038574218750e+01) (3, -1.54793434143066406250e+01) (4, -8.24130439758300781250e+00) (5, 3.23555469512939453125e+00) (6, 1.31650285720825195312e+01) (0, -1.48106555175781250000e+03) (1, -4.02094154357910156250e+01) (2, 1.50000000000000000000e+03) (3, -1.49140917968750000000e+03) (4, -1.70326442718505859375e+01) (5, 9.23551330566406250000e+02) (6, 2.89159011840820312500e+01) (0, -1.26975288391113281250e+01) (1, 1.23250973224639892578e+00) (2, 1.50000000000000000000e+03) (3, -1.49719604492187500000e+03) (4, -1.42438392639160156250e+01) (5, 1.06714859008789062500e+02) (6, 1.35811500549316406250e+01) (7, 1.50000000000000000000e+03) (8, 1.50000000000000000000e+03) (9, 1.50000000000000000000e+03) (10, 1.50000000000000000000e+03) (11, 1.62480792999267578125e+01) (7, 1.50000000000000000000e+03) (8, 1.50000000000000000000e+03) (9, 1.50000000000000000000e+03) (10, 1.50000000000000000000e+03) (11, -1.80978946685791015625e+01) (12, -9.39590156078338623047e-01) (13, -1.28224205970764160156e+00) (14, -9.13783907890319824219e-01) 
