FANN_FLO_2.1
num_layers=3
learning_rate=0.400000
connection_rate=1.000000
network_type=0
learning_momentum=0.000000
training_algorithm=2
train_error_function=1
train_stop_function=0
cascade_output_change_fraction=0.010000
quickprop_decay=-0.000100
quickprop_mu=1.750000
rprop_increase_factor=1.200000
rprop_decrease_factor=0.500000
rprop_delta_min=0.000000
rprop_delta_max=50.000000
rprop_delta_zero=0.100000
cascade_output_stagnation_epochs=12
cascade_candidate_change_fraction=0.010000
cascade_candidate_stagnation_epochs=12
cascade_max_out_epochs=150
cascade_min_out_epochs=50
cascade_max_cand_epochs=150
cascade_min_cand_epochs=50
cascade_num_candidate_groups=2
bit_fail_limit=3.49999994039535522461e-01
cascade_candidate_limit=1.00000000000000000000e+03
cascade_weight_multiplier=4.00000005960464477539e-01
cascade_activation_functions_count=10
cascade_activation_functions=3 5 7 8 10 11 14 15 16 17 
cascade_activation_steepnesses_count=4
cascade_activation_steepnesses=2.50000000000000000000e-01 5.00000000000000000000e-01 7.50000000000000000000e-01 1.00000000000000000000e+00 
layer_sizes=7 5 2 
scale_included=0
neurons (num_inputs, activation_function, activation_steepness)=(0, 0, 0.00000000000000000000e+00) (0, 0, 0.00000000000000000000e+00) (0, 0, 0.00000000000000000000e+00) (0, 0, 0.00000000000000000000e+00) (0, 0, 0.00000000000000000000e+00) (0, 0, 0.00000000000000000000e+00) (0, 0, 0.00000000000000000000e+00) (7, 3, 5.00000000000000000000e-01) (7, 3, 5.00000000000000000000e-01) (7, 3, 5.00000000000000000000e-01) (7, 3, 5.00000000000000000000e-01) (0, 3, 0.00000000000000000000e+00) (5, 3, 5.00000000000000000000e-01) (0, 3, 0.00000000000000000000e+00) 
connections (connected_to_neuron, weight)=(0, -5.54359626770019531250e+00) (1, 1.48846209049224853516e+00) (2, 6.80174684524536132812e+00) (3, -2.65561199188232421875e+00) (4, -6.24413132667541503906e-01) (5, 1.14927566051483154297e+00) (6, 3.54642558097839355469e+00) (0, 4.92223978042602539062e+00) (1, -6.58947324752807617188e+00) (2, 5.74253082275390625000e-01) (3, -4.54333162307739257812e+00) (4, -1.09988105297088623047e+00) (5, 4.46711254119873046875e+00) (6, -2.54623389244079589844e+00) (0, -7.21844768524169921875e+00) (1, 6.30602931976318359375e+00) (2, -4.21472692489624023438e+00) (3, -2.68911433219909667969e+00) (4, -1.22070956230163574219e+00) (5, -1.46255993652343750000e+03) (6, 6.68354332447052001953e-01) (0, -2.49122142791748046875e+00) (1, 2.68906265497207641602e-01) (2, -2.49094748497009277344e+00) (3, -4.95461273193359375000e+00) (4, -1.50078439712524414062e+00) (5, 7.76531696319580078125e-01) (6, 1.22114551067352294922e+00) (7, -1.41335904598236083984e+00) (8, -1.14821519851684570312e+01) (9, -1.21018171310424804688e+01) (10, 9.54014301300048828125e+00) (11, -6.87595009803771972656e-01) 
