FANN_FLO_2.1
num_layers=4
learning_rate=0.500000
connection_rate=1.000000
network_type=0
learning_momentum=0.000000
training_algorithm=2
train_error_function=1
train_stop_function=0
cascade_output_change_fraction=0.010000
quickprop_decay=-0.000100
quickprop_mu=1.750000
rprop_increase_factor=1.200000
rprop_decrease_factor=0.500000
rprop_delta_min=0.000000
rprop_delta_max=50.000000
rprop_delta_zero=0.100000
cascade_output_stagnation_epochs=12
cascade_candidate_change_fraction=0.010000
cascade_candidate_stagnation_epochs=12
cascade_max_out_epochs=150
cascade_min_out_epochs=50
cascade_max_cand_epochs=150
cascade_min_cand_epochs=50
cascade_num_candidate_groups=2
bit_fail_limit=3.49999994039535522461e-01
cascade_candidate_limit=1.00000000000000000000e+03
cascade_weight_multiplier=4.00000005960464477539e-01
cascade_activation_functions_count=10
cascade_activation_functions=3 5 7 8 10 11 14 15 16 17 
cascade_activation_steepnesses_count=4
cascade_activation_steepnesses=2.50000000000000000000e-01 5.00000000000000000000e-01 7.50000000000000000000e-01 1.00000000000000000000e+00 
layer_sizes=2 5 3 3 
scale_included=0
neurons (num_inputs, activation_function, activation_steepness)=(0, 0, 0.00000000000000000000e+00) (0, 0, 0.00000000000000000000e+00) (2, 3, 5.00000000000000000000e-01) (2, 3, 5.00000000000000000000e-01) (2, 3, 5.00000000000000000000e-01) (2, 3, 5.00000000000000000000e-01) (0, 3, 0.00000000000000000000e+00) (5, 3, 5.00000000000000000000e-01) (5, 3, 5.00000000000000000000e-01) (0, 3, 0.00000000000000000000e+00) (3, 0, 5.00000000000000000000e-01) (3, 0, 5.00000000000000000000e-01) (0, 0, 0.00000000000000000000e+00) 
connections (connected_to_neuron, weight)=(0, -1.50000000000000000000e+03) (1, -1.86900234222412109375e+00) (0, 1.50000000000000000000e+03) (1, -4.03003173828125000000e+02) (0, 1.50000000000000000000e+03) (1, 4.64944229125976562500e+01) (0, 1.50000000000000000000e+03) (1, -7.63304710388183593750e+00) (2, -4.15452575683593750000e+00) (3, -1.50000000000000000000e+03) (4, 2.67284333705902099609e-01) (5, -4.40676599740982055664e-01) (6, 3.40643286705017089844e-01) (2, -2.84292449951171875000e+02) (3, 1.50000000000000000000e+03) (4, 3.40408821105957031250e+01) (5, 6.87038635253906250000e+02) (6, 7.52589285373687744141e-01) (7, -3.11145842075347900391e-01) (8, -1.54902684688568115234e+00) (9, 2.42934226989746093750e-01) (7, 4.10323715209960937500e+00) (8, -1.20479393005371093750e+00) (9, -4.09068465232849121094e-02) 
