FANN_FLO_2.1
num_layers=3
learning_rate=0.500000
connection_rate=1.000000
network_type=0
learning_momentum=0.000000
training_algorithm=2
train_error_function=1
train_stop_function=0
cascade_output_change_fraction=0.010000
quickprop_decay=-0.000100
quickprop_mu=1.750000
rprop_increase_factor=1.200000
rprop_decrease_factor=0.500000
rprop_delta_min=0.000000
rprop_delta_max=50.000000
rprop_delta_zero=0.100000
cascade_output_stagnation_epochs=12
cascade_candidate_change_fraction=0.010000
cascade_candidate_stagnation_epochs=12
cascade_max_out_epochs=150
cascade_min_out_epochs=50
cascade_max_cand_epochs=150
cascade_min_cand_epochs=50
cascade_num_candidate_groups=2
bit_fail_limit=3.49999994039535522461e-01
cascade_candidate_limit=1.00000000000000000000e+03
cascade_weight_multiplier=4.00000005960464477539e-01
cascade_activation_functions_count=10
cascade_activation_functions=3 5 7 8 10 11 14 15 16 17 
cascade_activation_steepnesses_count=4
cascade_activation_steepnesses=2.50000000000000000000e-01 5.00000000000000000000e-01 7.50000000000000000000e-01 1.00000000000000000000e+00 
layer_sizes=10 5 2 
scale_included=0
neurons (num_inputs, activation_function, activation_steepness)=(0, 0, 0.00000000000000000000e+00) (0, 0, 0.00000000000000000000e+00) (0, 0, 0.00000000000000000000e+00) (0, 0, 0.00000000000000000000e+00) (0, 0, 0.00000000000000000000e+00) (0, 0, 0.00000000000000000000e+00) (0, 0, 0.00000000000000000000e+00) (0, 0, 0.00000000000000000000e+00) (0, 0, 0.00000000000000000000e+00) (0, 0, 0.00000000000000000000e+00) (10, 3, 5.00000000000000000000e-01) (10, 3, 5.00000000000000000000e-01) (10, 3, 5.00000000000000000000e-01) (10, 3, 5.00000000000000000000e-01) (0, 3, 0.00000000000000000000e+00) (5, 3, 5.00000000000000000000e-01) (0, 3, 0.00000000000000000000e+00) 
connections (connected_to_neuron, weight)=(0, 3.00307586669921875000e+02) (1, 1.47526062011718750000e+02) (2, -1.50000000000000000000e+03) (3, 3.98821868896484375000e+01) (4, 5.40726745605468750000e+02) (5, 3.38919525146484375000e+02) (6, 5.97574279785156250000e+02) (7, -1.50000000000000000000e+03) (8, 9.44996887207031250000e+02) (9, -6.12172584533691406250e+01) (0, -9.60247755050659179688e-01) (1, 3.93754315376281738281e+00) (2, 3.01661510467529296875e+01) (3, 1.79660546779632568359e+00) (4, 9.33582973480224609375e+00) (5, 6.31317758560180664062e+00) (6, -1.32755737304687500000e+01) (7, -1.53716869354248046875e+01) (8, -1.75234146118164062500e+01) (9, -4.45366573333740234375e+00) (0, -9.81441438198089599609e-01) (1, 7.26979136466979980469e-01) (2, 3.45469589233398437500e+01) (3, 1.49360108375549316406e+00) (4, 1.31558399200439453125e+01) (5, 6.49760437011718750000e+00) (6, -1.67150096893310546875e+01) (7, -1.64204921722412109375e+01) (8, -1.75296955108642578125e+01) (9, -5.18846893310546875000e+00) (0, 5.75985351562500000000e+02) (1, 1.33198303222656250000e+02) (2, -1.50000000000000000000e+03) (3, 4.81611518859863281250e+01) (4, 3.82504364013671875000e+02) (5, 3.91481079101562500000e+02) (6, 1.33579696655273437500e+02) (7, -1.11770996093750000000e+03) (8, 8.19500549316406250000e+02) (9, -1.00765205383300781250e+02) (10, 1.09659612178802490234e+00) (11, 1.29007768630981445312e+00) (12, 1.33343112468719482422e+00) (13, 1.54231309890747070312e+00) (14, -1.76883649826049804688e+00) 
