FANN_FLO_2.1
num_layers=4
learning_rate=0.400000
connection_rate=1.000000
network_type=0
learning_momentum=0.000000
training_algorithm=2
train_error_function=1
train_stop_function=0
cascade_output_change_fraction=0.010000
quickprop_decay=-0.000100
quickprop_mu=1.750000
rprop_increase_factor=1.200000
rprop_decrease_factor=0.500000
rprop_delta_min=0.000000
rprop_delta_max=50.000000
rprop_delta_zero=0.100000
cascade_output_stagnation_epochs=12
cascade_candidate_change_fraction=0.010000
cascade_candidate_stagnation_epochs=12
cascade_max_out_epochs=150
cascade_min_out_epochs=50
cascade_max_cand_epochs=150
cascade_min_cand_epochs=50
cascade_num_candidate_groups=2
bit_fail_limit=3.49999994039535522461e-01
cascade_candidate_limit=1.00000000000000000000e+03
cascade_weight_multiplier=4.00000005960464477539e-01
cascade_activation_functions_count=10
cascade_activation_functions=3 5 7 8 10 11 14 15 16 17 
cascade_activation_steepnesses_count=4
cascade_activation_steepnesses=2.50000000000000000000e-01 5.00000000000000000000e-01 7.50000000000000000000e-01 1.00000000000000000000e+00 
layer_sizes=7 5 5 2 
scale_included=0
neurons (num_inputs, activation_function, activation_steepness)=(0, 0, 0.00000000000000000000e+00) (0, 0, 0.00000000000000000000e+00) (0, 0, 0.00000000000000000000e+00) (0, 0, 0.00000000000000000000e+00) (0, 0, 0.00000000000000000000e+00) (0, 0, 0.00000000000000000000e+00) (0, 0, 0.00000000000000000000e+00) (7, 3, 5.00000000000000000000e-01) (7, 3, 5.00000000000000000000e-01) (7, 3, 5.00000000000000000000e-01) (7, 3, 5.00000000000000000000e-01) (0, 3, 0.00000000000000000000e+00) (5, 3, 5.00000000000000000000e-01) (5, 3, 5.00000000000000000000e-01) (5, 3, 5.00000000000000000000e-01) (5, 3, 5.00000000000000000000e-01) (0, 3, 0.00000000000000000000e+00) (5, 3, 5.00000000000000000000e-01) (0, 3, 0.00000000000000000000e+00) 
connections (connected_to_neuron, weight)=(0, 1.96717226505279541016e+00) (1, -5.19752645492553710938e+00) (2, 1.39994764328002929688e+00) (3, -6.57030248641967773438e+00) (4, -1.91502952575683593750e+00) (5, 3.65487527847290039062e+00) (6, 1.12545669078826904297e+00) (0, -7.07519245147705078125e+00) (1, 5.46410751342773437500e+00) (2, -3.00783872604370117188e-01) (3, -2.16576981544494628906e+00) (4, -1.04768776893615722656e+00) (5, -2.49826335906982421875e+00) (6, 2.09570336341857910156e+00) (0, -1.50000000000000000000e+03) (1, -1.17940559387207031250e+02) (2, 1.26286206054687500000e+03) (3, -1.50000000000000000000e+03) (4, -8.86166442871093750000e+02) (5, 1.46195654296875000000e+03) (6, -5.65371932983398437500e+01) (0, 6.49644714355468750000e+02) (1, 6.10937561035156250000e+02) (2, -1.38957824707031250000e+02) (3, -1.39074267578125000000e+03) (4, 6.34549446105957031250e+01) (5, 1.48610021972656250000e+03) (6, -1.76314525604248046875e+01) (7, -1.77430877685546875000e+01) (8, 1.47193851470947265625e+01) (9, 1.45465026855468750000e+03) (10, 1.32959518432617187500e+01) (11, -6.75681686401367187500e+00) (7, 5.22889328002929687500e+00) (8, -1.82969455718994140625e+01) (9, 6.47147238254547119141e-01) (10, -3.59373658895492553711e-01) (11, -1.68118250370025634766e+00) (7, 2.77901687622070312500e+01) (8, 8.23608207702636718750e+00) (9, -6.37994480133056640625e+00) (10, -2.07881412506103515625e+01) (11, -1.88741374015808105469e+00) (7, 2.57812557220458984375e+01) (8, 2.01550235748291015625e+01) (9, -2.12076034545898437500e+01) (10, -4.77372026443481445312e+00) (11, -1.40909171104431152344e+00) (12, -1.24774634838104248047e+00) (13, -4.60328388214111328125e+00) (14, -9.43104982376098632812e-01) (15, -1.21971011161804199219e+00) (16, -1.70651316642761230469e-01) 
