FANN_FLO_2.1
num_layers=4
learning_rate=0.500000
connection_rate=1.000000
network_type=0
learning_momentum=0.000000
training_algorithm=2
train_error_function=1
train_stop_function=0
cascade_output_change_fraction=0.010000
quickprop_decay=-0.000100
quickprop_mu=1.750000
rprop_increase_factor=1.200000
rprop_decrease_factor=0.500000
rprop_delta_min=0.000000
rprop_delta_max=50.000000
rprop_delta_zero=0.100000
cascade_output_stagnation_epochs=12
cascade_candidate_change_fraction=0.010000
cascade_candidate_stagnation_epochs=12
cascade_max_out_epochs=150
cascade_min_out_epochs=50
cascade_max_cand_epochs=150
cascade_min_cand_epochs=50
cascade_num_candidate_groups=2
bit_fail_limit=3.49999994039535522461e-01
cascade_candidate_limit=1.00000000000000000000e+03
cascade_weight_multiplier=4.00000005960464477539e-01
cascade_activation_functions_count=10
cascade_activation_functions=3 5 7 8 10 11 14 15 16 17 
cascade_activation_steepnesses_count=4
cascade_activation_steepnesses=2.50000000000000000000e-01 5.00000000000000000000e-01 7.50000000000000000000e-01 1.00000000000000000000e+00 
layer_sizes=10 5 3 2 
scale_included=0
neurons (num_inputs, activation_function, activation_steepness)=(0, 0, 0.00000000000000000000e+00) (0, 0, 0.00000000000000000000e+00) (0, 0, 0.00000000000000000000e+00) (0, 0, 0.00000000000000000000e+00) (0, 0, 0.00000000000000000000e+00) (0, 0, 0.00000000000000000000e+00) (0, 0, 0.00000000000000000000e+00) (0, 0, 0.00000000000000000000e+00) (0, 0, 0.00000000000000000000e+00) (0, 0, 0.00000000000000000000e+00) (10, 3, 5.00000000000000000000e-01) (10, 3, 5.00000000000000000000e-01) (10, 3, 5.00000000000000000000e-01) (10, 3, 5.00000000000000000000e-01) (0, 3, 0.00000000000000000000e+00) (5, 3, 5.00000000000000000000e-01) (5, 3, 5.00000000000000000000e-01) (0, 3, 0.00000000000000000000e+00) (3, 3, 5.00000000000000000000e-01) (0, 3, 0.00000000000000000000e+00) 
connections (connected_to_neuron, weight)=(0, -1.94091963768005371094e+00) (1, 1.39967250823974609375e+01) (2, 5.55187284946441650391e-01) (3, -3.53978395462036132812e+00) (4, -5.68662214279174804688e+00) (5, 1.20471976697444915771e-01) (6, -1.52967736124992370605e-01) (7, -4.55159521102905273438e+00) (8, -3.63589906692504882812e+00) (9, 7.61678516864776611328e-01) (0, -2.80902743339538574219e+00) (1, 1.73561942577362060547e+00) (2, -1.96859531402587890625e+01) (3, -1.10686683654785156250e+00) (4, 3.05061817169189453125e-01) (5, -6.57215237617492675781e-01) (6, 4.43167352676391601562e+00) (7, 1.84352958202362060547e+00) (8, -1.01984226703643798828e+00) (9, -1.67471790313720703125e+00) (0, 2.35663652420043945312e-01) (1, 1.53665626049041748047e+00) (2, -5.73174333572387695312e+00) (3, 4.31364268064498901367e-01) (4, 4.44487476348876953125e+00) (5, -5.22383339703083038330e-02) (6, 1.76928985118865966797e+00) (7, 3.08704876899719238281e+00) (8, -4.32807540893554687500e+00) (9, 2.99663573503494262695e-01) (0, -6.68237495422363281250e+00) (1, 1.34410822391510009766e+00) (2, -6.27494001388549804688e+00) (3, -8.54969322681427001953e-01) (4, -1.41250006854534149170e-02) (5, -1.75870746374130249023e-01) (6, 9.34608268737792968750e+00) (7, 1.79736244678497314453e+00) (8, -2.10838824510574340820e-01) (9, -1.61867928504943847656e+00) (10, -9.40378427505493164062e-01) (11, 1.95171833038330078125e+00) (12, -1.11977589130401611328e+00) (13, -1.47326946258544921875e+00) (14, -7.62419849634170532227e-02) (10, 1.65987052917480468750e+01) (11, 8.03249895572662353516e-01) (12, 3.47779482603073120117e-01) (13, 1.18107376098632812500e+01) (14, -7.55224323272705078125e+00) (15, -6.17158746719360351562e+00) (16, 1.98618447780609130859e+00) (17, 1.58100023865699768066e-01) 
