FANN_FLO_2.1
num_layers=3
learning_rate=0.400000
connection_rate=1.000000
network_type=0
learning_momentum=0.000000
training_algorithm=2
train_error_function=1
train_stop_function=0
cascade_output_change_fraction=0.010000
quickprop_decay=-0.000100
quickprop_mu=1.750000
rprop_increase_factor=1.200000
rprop_decrease_factor=0.500000
rprop_delta_min=0.000000
rprop_delta_max=50.000000
rprop_delta_zero=0.100000
cascade_output_stagnation_epochs=12
cascade_candidate_change_fraction=0.010000
cascade_candidate_stagnation_epochs=12
cascade_max_out_epochs=150
cascade_min_out_epochs=50
cascade_max_cand_epochs=150
cascade_min_cand_epochs=50
cascade_num_candidate_groups=2
bit_fail_limit=3.49999994039535522461e-01
cascade_candidate_limit=1.00000000000000000000e+03
cascade_weight_multiplier=4.00000005960464477539e-01
cascade_activation_functions_count=10
cascade_activation_functions=3 5 7 8 10 11 14 15 16 17 
cascade_activation_steepnesses_count=4
cascade_activation_steepnesses=2.50000000000000000000e-01 5.00000000000000000000e-01 7.50000000000000000000e-01 1.00000000000000000000e+00 
layer_sizes=7 9 2 
scale_included=0
neurons (num_inputs, activation_function, activation_steepness)=(0, 0, 0.00000000000000000000e+00) (0, 0, 0.00000000000000000000e+00) (0, 0, 0.00000000000000000000e+00) (0, 0, 0.00000000000000000000e+00) (0, 0, 0.00000000000000000000e+00) (0, 0, 0.00000000000000000000e+00) (0, 0, 0.00000000000000000000e+00) (7, 3, 5.00000000000000000000e-01) (7, 3, 5.00000000000000000000e-01) (7, 3, 5.00000000000000000000e-01) (7, 3, 5.00000000000000000000e-01) (7, 3, 5.00000000000000000000e-01) (7, 3, 5.00000000000000000000e-01) (7, 3, 5.00000000000000000000e-01) (7, 3, 5.00000000000000000000e-01) (0, 3, 0.00000000000000000000e+00) (9, 3, 5.00000000000000000000e-01) (0, 3, 0.00000000000000000000e+00) 
connections (connected_to_neuron, weight)=(0, -3.05645895004272460938e+00) (1, -2.67184209823608398438e+00) (2, -3.59226250648498535156e+00) (3, 1.23546195030212402344e+00) (4, 2.66403675079345703125e+00) (5, 1.99211609363555908203e+00) (6, -2.11623215675354003906e+00) (0, -1.56980443000793457031e+00) (1, -1.92849719524383544922e+00) (2, -2.74217867851257324219e+00) (3, 1.84832489490509033203e+00) (4, -1.56411790847778320312e+00) (5, 7.51178693771362304688e+00) (6, -3.26182103157043457031e+00) (0, -1.30017948150634765625e+00) (1, -1.92745018005371093750e+00) (2, -3.38958382606506347656e+00) (3, 3.66082406044006347656e+00) (4, -5.48212671279907226562e+00) (5, 9.93006038665771484375e+00) (6, -3.81939363479614257812e+00) (0, -3.75301194190979003906e+00) (1, -2.42596387863159179688e+00) (2, -2.87510371208190917969e+00) (3, 1.49746143817901611328e+00) (4, 2.60755038261413574219e+00) (5, 1.83686256408691406250e+00) (6, -2.37379145622253417969e+00) (0, -4.38998842239379882812e+00) (1, -2.47533202171325683594e+00) (2, -3.04851746559143066406e+00) (3, 7.58939743041992187500e-01) (4, 3.13252234458923339844e+00) (5, -4.66032296419143676758e-01) (6, -4.22964841127395629883e-01) (0, -5.96680259704589843750e+00) (1, -1.89803171157836914062e+00) (2, -3.73419255018234252930e-01) (3, 3.47734713554382324219e+00) (4, 8.85770440101623535156e-01) (5, 1.70926427841186523438e+00) (6, -2.79979109764099121094e+00) (0, -3.80908441543579101562e+00) (1, -5.28191328048706054688e-02) (2, -1.42100059986114501953e+00) (3, -4.33378875255584716797e-01) (4, -7.74488306045532226562e+00) (5, 1.57974934577941894531e+00) (6, 7.35320949554443359375e+00) (0, -3.22623324394226074219e+00) (1, -1.89830386638641357422e+00) (2, -1.86109089851379394531e+00) (3, 2.30215930938720703125e+00) (4, 9.87005174160003662109e-01) (5, 1.82282471656799316406e+00) (6, -3.06890273094177246094e+00) (7, 6.69900774955749511719e-01) (8, 6.94634497165679931641e-01) (9, 1.95968163013458251953e+00) (10, 7.55053699016571044922e-01) (11, 2.49313139915466308594e+00) (12, 7.96136796474456787109e-01) (13, -2.80374646186828613281e+00) (14, 6.46141767501831054688e-01) (15, 2.93860256671905517578e-01) 
