FANN_FLO_2.1
num_layers=3
learning_rate=0.500000
connection_rate=1.000000
network_type=0
learning_momentum=0.000000
training_algorithm=2
train_error_function=1
train_stop_function=0
cascade_output_change_fraction=0.010000
quickprop_decay=-0.000100
quickprop_mu=1.750000
rprop_increase_factor=1.200000
rprop_decrease_factor=0.500000
rprop_delta_min=0.000000
rprop_delta_max=50.000000
rprop_delta_zero=0.100000
cascade_output_stagnation_epochs=12
cascade_candidate_change_fraction=0.010000
cascade_candidate_stagnation_epochs=12
cascade_max_out_epochs=150
cascade_min_out_epochs=50
cascade_max_cand_epochs=150
cascade_min_cand_epochs=50
cascade_num_candidate_groups=2
bit_fail_limit=3.49999994039535522461e-01
cascade_candidate_limit=1.00000000000000000000e+03
cascade_weight_multiplier=4.00000005960464477539e-01
cascade_activation_functions_count=10
cascade_activation_functions=3 5 7 8 10 11 14 15 16 17 
cascade_activation_steepnesses_count=4
cascade_activation_steepnesses=2.50000000000000000000e-01 5.00000000000000000000e-01 7.50000000000000000000e-01 1.00000000000000000000e+00 
layer_sizes=10 3 2 
scale_included=0
neurons (num_inputs, activation_function, activation_steepness)=(0, 0, 0.00000000000000000000e+00) (0, 0, 0.00000000000000000000e+00) (0, 0, 0.00000000000000000000e+00) (0, 0, 0.00000000000000000000e+00) (0, 0, 0.00000000000000000000e+00) (0, 0, 0.00000000000000000000e+00) (0, 0, 0.00000000000000000000e+00) (0, 0, 0.00000000000000000000e+00) (0, 0, 0.00000000000000000000e+00) (0, 0, 0.00000000000000000000e+00) (10, 3, 5.00000000000000000000e-01) (10, 3, 5.00000000000000000000e-01) (0, 3, 0.00000000000000000000e+00) (3, 3, 5.00000000000000000000e-01) (0, 3, 0.00000000000000000000e+00) 
connections (connected_to_neuron, weight)=(0, 4.25851917266845703125e+00) (1, 1.16351280212402343750e+01) (2, 1.05400724411010742188e+01) (3, -5.36748600006103515625e+00) (4, -2.08641648292541503906e+00) (5, 1.49075910449028015137e-01) (6, -9.27779388427734375000e+00) (7, -4.21366691589355468750e+00) (8, -1.13307895660400390625e+01) (9, 1.57866668701171875000e+00) (0, -9.28320236206054687500e+01) (1, 2.55142013549804687500e+02) (2, 3.33953552246093750000e+01) (3, -1.20940589904785156250e+01) (4, -3.75783920288085937500e+00) (5, 1.09453666210174560547e+00) (6, -1.05786834716796875000e+02) (7, -2.81963038444519042969e+00) (8, -2.45585651397705078125e+01) (9, 4.98444318771362304688e-01) (10, 3.26628899574279785156e+00) (11, -3.22010159492492675781e+00) (12, 8.61787199974060058594e-01) 
