FANN_FLO_2.1
num_layers=4
learning_rate=0.500000
connection_rate=1.000000
network_type=0
learning_momentum=0.000000
training_algorithm=2
train_error_function=1
train_stop_function=0
cascade_output_change_fraction=0.010000
quickprop_decay=-0.000100
quickprop_mu=1.750000
rprop_increase_factor=1.200000
rprop_decrease_factor=0.500000
rprop_delta_min=0.000000
rprop_delta_max=50.000000
rprop_delta_zero=0.100000
cascade_output_stagnation_epochs=12
cascade_candidate_change_fraction=0.010000
cascade_candidate_stagnation_epochs=12
cascade_max_out_epochs=150
cascade_min_out_epochs=50
cascade_max_cand_epochs=150
cascade_min_cand_epochs=50
cascade_num_candidate_groups=2
bit_fail_limit=3.49999994039535522461e-01
cascade_candidate_limit=1.00000000000000000000e+03
cascade_weight_multiplier=4.00000005960464477539e-01
cascade_activation_functions_count=10
cascade_activation_functions=3 5 7 8 10 11 14 15 16 17 
cascade_activation_steepnesses_count=4
cascade_activation_steepnesses=2.50000000000000000000e-01 5.00000000000000000000e-01 7.50000000000000000000e-01 1.00000000000000000000e+00 
layer_sizes=2 5 3 3 
scale_included=0
neurons (num_inputs, activation_function, activation_steepness)=(0, 0, 0.00000000000000000000e+00) (0, 0, 0.00000000000000000000e+00) (2, 3, 5.00000000000000000000e-01) (2, 3, 5.00000000000000000000e-01) (2, 3, 5.00000000000000000000e-01) (2, 3, 5.00000000000000000000e-01) (0, 3, 0.00000000000000000000e+00) (5, 3, 5.00000000000000000000e-01) (5, 3, 5.00000000000000000000e-01) (0, 3, 0.00000000000000000000e+00) (3, 0, 5.00000000000000000000e-01) (3, 0, 5.00000000000000000000e-01) (0, 0, 0.00000000000000000000e+00) 
connections (connected_to_neuron, weight)=(0, 1.11047080993652343750e+02) (1, -3.51497769355773925781e+00) (0, -1.47500000000000000000e+03) (1, 1.10438392639160156250e+02) (0, -2.23058395385742187500e+01) (1, 8.22021484375000000000e+00) (0, -1.16274816894531250000e+03) (1, 3.70537519454956054688e+00) (2, 9.72817802429199218750e+00) (3, -3.31255704164505004883e-01) (4, 2.91005802154541015625e+01) (5, -2.94505138397216796875e+01) (6, -3.31197738647460937500e+00) (2, 8.45282897949218750000e+01) (3, 3.29305053710937500000e+02) (4, 1.05811748504638671875e+01) (5, -2.54894927978515625000e+02) (6, -9.34497985839843750000e+01) (7, -1.83858942985534667969e+00) (8, -6.68011367321014404297e-01) (9, 7.46358215808868408203e-01) (7, -2.26938486099243164062e+00) (8, 2.64744400978088378906e+00) (9, 7.48685777187347412109e-01) 
