FANN_FLO_2.1
num_layers=3
learning_rate=0.400000
connection_rate=1.000000
network_type=0
learning_momentum=0.000000
training_algorithm=2
train_error_function=1
train_stop_function=0
cascade_output_change_fraction=0.010000
quickprop_decay=-0.000100
quickprop_mu=1.750000
rprop_increase_factor=1.200000
rprop_decrease_factor=0.500000
rprop_delta_min=0.000000
rprop_delta_max=50.000000
rprop_delta_zero=0.100000
cascade_output_stagnation_epochs=12
cascade_candidate_change_fraction=0.010000
cascade_candidate_stagnation_epochs=12
cascade_max_out_epochs=150
cascade_min_out_epochs=50
cascade_max_cand_epochs=150
cascade_min_cand_epochs=50
cascade_num_candidate_groups=2
bit_fail_limit=3.49999994039535522461e-01
cascade_candidate_limit=1.00000000000000000000e+03
cascade_weight_multiplier=4.00000005960464477539e-01
cascade_activation_functions_count=10
cascade_activation_functions=3 5 7 8 10 11 14 15 16 17 
cascade_activation_steepnesses_count=4
cascade_activation_steepnesses=2.50000000000000000000e-01 5.00000000000000000000e-01 7.50000000000000000000e-01 1.00000000000000000000e+00 
layer_sizes=7 9 2 
scale_included=0
neurons (num_inputs, activation_function, activation_steepness)=(0, 0, 0.00000000000000000000e+00) (0, 0, 0.00000000000000000000e+00) (0, 0, 0.00000000000000000000e+00) (0, 0, 0.00000000000000000000e+00) (0, 0, 0.00000000000000000000e+00) (0, 0, 0.00000000000000000000e+00) (0, 0, 0.00000000000000000000e+00) (7, 3, 5.00000000000000000000e-01) (7, 3, 5.00000000000000000000e-01) (7, 3, 5.00000000000000000000e-01) (7, 3, 5.00000000000000000000e-01) (7, 3, 5.00000000000000000000e-01) (7, 3, 5.00000000000000000000e-01) (7, 3, 5.00000000000000000000e-01) (7, 3, 5.00000000000000000000e-01) (0, 3, 0.00000000000000000000e+00) (9, 3, 5.00000000000000000000e-01) (0, 3, 0.00000000000000000000e+00) 
connections (connected_to_neuron, weight)=(0, 4.51634168624877929688e+00) (1, -6.52264642715454101562e+00) (2, 6.83978128433227539062e+00) (3, -2.46251654624938964844e+00) (4, 1.25405073165893554688e+00) (5, 5.08678150177001953125e+00) (6, -4.85343599319458007812e+00) (0, -4.21445226669311523438e+00) (1, 4.04552489519119262695e-01) (2, 1.66312732696533203125e+01) (3, -3.25102186203002929688e+00) (4, 1.38261544704437255859e+00) (5, -4.01699018478393554688e+00) (6, 5.08728170394897460938e+00) (0, 1.47833528518676757812e+01) (1, -1.67181949615478515625e+01) (2, 5.08923101425170898438e+00) (3, -2.86258435249328613281e+00) (4, -2.27152466773986816406e+00) (5, -3.79470658302307128906e+00) (6, 5.41755676269531250000e+00) (0, -2.35016608238220214844e+00) (1, -1.22578239440917968750e+00) (2, 2.97176599502563476562e+00) (3, 5.58352804183959960938e+00) (4, 2.10015743970870971680e-01) (5, 1.01600513458251953125e+01) (6, -1.43907201290130615234e+00) (0, -2.50098156929016113281e+00) (1, -1.20125770568847656250e+00) (2, 2.20688781738281250000e+01) (3, -4.01654195785522460938e+00) (4, -8.74480247497558593750e-01) (5, 9.34642910957336425781e-01) (6, 4.85141420364379882812e+00) (0, -1.00626115798950195312e+01) (1, 9.56578731536865234375e+00) (2, -5.01298284530639648438e+00) (3, -1.71436274051666259766e+00) (4, -1.34315162897109985352e-01) (5, -6.15146064758300781250e+00) (6, 6.05047523975372314453e-01) (0, -2.42564916610717773438e+00) (1, 7.74215340614318847656e-01) (2, 1.39971160888671875000e+02) (3, -6.41074705123901367188e+00) (4, -1.28207807540893554688e+01) (5, 1.18598175048828125000e+01) (6, -4.63856935501098632812e+00) (0, -2.30047154426574707031e+00) (1, -1.35440313816070556641e+00) (2, 5.00395164489746093750e+01) (3, -5.48494911193847656250e+00) (4, -1.78542888164520263672e+00) (5, 1.17908847332000732422e+00) (6, 5.29897689819335937500e+00) (7, -4.65654325485229492188e+00) (8, 2.17182445526123046875e+00) (9, -2.17981123924255371094e+00) (10, -8.55175137519836425781e-01) (11, -3.50850641727447509766e-01) (12, -6.37903928756713867188e+00) (13, -5.62266111373901367188e-01) (14, -3.37954044342041015625e-01) (15, 2.07841545343399047852e-01) 
