FANN_FLO_2.1
num_layers=4
learning_rate=0.500000
connection_rate=1.000000
network_type=0
learning_momentum=0.000000
training_algorithm=2
train_error_function=1
train_stop_function=0
cascade_output_change_fraction=0.010000
quickprop_decay=-0.000100
quickprop_mu=1.750000
rprop_increase_factor=1.200000
rprop_decrease_factor=0.500000
rprop_delta_min=0.000000
rprop_delta_max=50.000000
rprop_delta_zero=0.100000
cascade_output_stagnation_epochs=12
cascade_candidate_change_fraction=0.010000
cascade_candidate_stagnation_epochs=12
cascade_max_out_epochs=150
cascade_min_out_epochs=50
cascade_max_cand_epochs=150
cascade_min_cand_epochs=50
cascade_num_candidate_groups=2
bit_fail_limit=3.49999994039535522461e-01
cascade_candidate_limit=1.00000000000000000000e+03
cascade_weight_multiplier=4.00000005960464477539e-01
cascade_activation_functions_count=10
cascade_activation_functions=3 5 7 8 10 11 14 15 16 17 
cascade_activation_steepnesses_count=4
cascade_activation_steepnesses=2.50000000000000000000e-01 5.00000000000000000000e-01 7.50000000000000000000e-01 1.00000000000000000000e+00 
layer_sizes=2 5 3 3 
scale_included=0
neurons (num_inputs, activation_function, activation_steepness)=(0, 0, 0.00000000000000000000e+00) (0, 0, 0.00000000000000000000e+00) (2, 3, 5.00000000000000000000e-01) (2, 3, 5.00000000000000000000e-01) (2, 3, 5.00000000000000000000e-01) (2, 3, 5.00000000000000000000e-01) (0, 3, 0.00000000000000000000e+00) (5, 3, 5.00000000000000000000e-01) (5, 3, 5.00000000000000000000e-01) (0, 3, 0.00000000000000000000e+00) (3, 0, 5.00000000000000000000e-01) (3, 0, 5.00000000000000000000e-01) (0, 0, 0.00000000000000000000e+00) 
connections (connected_to_neuron, weight)=(0, -1.10758476257324218750e+01) (1, 2.84058618545532226562e+00) (0, -1.29322223663330078125e+01) (1, 1.90361595153808593750e+00) (0, -6.72301626205444335938e+00) (1, 2.88883066177368164062e+00) (0, 3.86838951110839843750e+01) (1, -1.99951976537704467773e-01) (2, -1.83934009075164794922e+00) (3, 5.27996873855590820312e+00) (4, 6.71883773803710937500e+00) (5, -1.34500667452812194824e-01) (6, -4.02770853042602539062e+00) (2, -3.43227243423461914062e+00) (3, -1.00587010383605957031e+00) (4, -8.92971694469451904297e-01) (5, 3.72191476821899414062e+00) (6, -2.06712752580642700195e-01) (7, -4.87177896499633789062e+00) (8, -4.66616678237915039062e+00) (9, 4.93318176269531250000e+00) (7, 2.67466974258422851562e+00) (8, -2.17060708999633789062e+00) (9, -5.24698078632354736328e-01) 
