FANN_FLO_2.1
num_layers=3
learning_rate=0.400000
connection_rate=1.000000
network_type=0
learning_momentum=0.000000
training_algorithm=2
train_error_function=1
train_stop_function=0
cascade_output_change_fraction=0.010000
quickprop_decay=-0.000100
quickprop_mu=1.750000
rprop_increase_factor=1.200000
rprop_decrease_factor=0.500000
rprop_delta_min=0.000000
rprop_delta_max=50.000000
rprop_delta_zero=0.100000
cascade_output_stagnation_epochs=12
cascade_candidate_change_fraction=0.010000
cascade_candidate_stagnation_epochs=12
cascade_max_out_epochs=150
cascade_min_out_epochs=50
cascade_max_cand_epochs=150
cascade_min_cand_epochs=50
cascade_num_candidate_groups=2
bit_fail_limit=3.49999994039535522461e-01
cascade_candidate_limit=1.00000000000000000000e+03
cascade_weight_multiplier=4.00000005960464477539e-01
cascade_activation_functions_count=10
cascade_activation_functions=3 5 7 8 10 11 14 15 16 17 
cascade_activation_steepnesses_count=4
cascade_activation_steepnesses=2.50000000000000000000e-01 5.00000000000000000000e-01 7.50000000000000000000e-01 1.00000000000000000000e+00 
layer_sizes=19 3 3 
scale_included=0
neurons (num_inputs, activation_function, activation_steepness)=(0, 0, 0.00000000000000000000e+00) (0, 0, 0.00000000000000000000e+00) (0, 0, 0.00000000000000000000e+00) (0, 0, 0.00000000000000000000e+00) (0, 0, 0.00000000000000000000e+00) (0, 0, 0.00000000000000000000e+00) (0, 0, 0.00000000000000000000e+00) (0, 0, 0.00000000000000000000e+00) (0, 0, 0.00000000000000000000e+00) (0, 0, 0.00000000000000000000e+00) (0, 0, 0.00000000000000000000e+00) (0, 0, 0.00000000000000000000e+00) (0, 0, 0.00000000000000000000e+00) (0, 0, 0.00000000000000000000e+00) (0, 0, 0.00000000000000000000e+00) (0, 0, 0.00000000000000000000e+00) (0, 0, 0.00000000000000000000e+00) (0, 0, 0.00000000000000000000e+00) (0, 0, 0.00000000000000000000e+00) (19, 3, 5.00000000000000000000e-01) (19, 3, 5.00000000000000000000e-01) (0, 3, 0.00000000000000000000e+00) (3, 3, 5.00000000000000000000e-01) (3, 3, 5.00000000000000000000e-01) (0, 3, 0.00000000000000000000e+00) 
connections (connected_to_neuron, weight)=(0, -1.15132732391357421875e+01) (1, 1.04216089248657226562e+01) (2, -6.20187163352966308594e-01) (3, -1.21399259567260742188e+01) (4, -3.10236382484436035156e+00) (5, 6.98482131958007812500e+00) (6, 2.07336730957031250000e+01) (7, -1.57214570045471191406e+00) (8, 4.28684844970703125000e+01) (9, 3.52033281326293945312e+00) (10, 1.09141445159912109375e+01) (11, -2.90365767478942871094e+00) (12, -6.21367979049682617188e+00) (13, 1.14181089401245117188e+00) (14, -1.14653263092041015625e+01) (15, 1.54082031250000000000e+01) (16, -6.52500438690185546875e+00) (17, -8.38492393493652343750e+00) (18, -4.96306610107421875000e+00) (0, 2.00090241432189941406e+00) (1, -3.02489310503005981445e-01) (2, -3.19392871856689453125e+00) (3, 1.78935325145721435547e+00) (4, -3.51820379495620727539e-01) (5, -3.23412013053894042969e+00) (6, -2.23345065116882324219e+00) (7, -6.65024101734161376953e-01) (8, -7.64728307723999023438e+00) (9, -1.02131772041320800781e+00) (10, -1.04405009746551513672e+00) (11, 2.47020459175109863281e+00) (12, -4.35112833976745605469e-01) (13, -1.56641095876693725586e-01) (14, 3.93600583076477050781e+00) (15, -2.30655384063720703125e+00) (16, 9.75834071636199951172e-01) (17, 3.34333372116088867188e+00) (18, -2.17813819646835327148e-01) (19, -1.68683171272277832031e+00) (20, -2.49886369705200195312e+00) (21, 1.23388528823852539062e+00) (19, 1.68692195415496826172e+00) (20, 2.50011515617370605469e+00) (21, -1.23406767845153808594e+00) 
