FANN_FLO_2.1
num_layers=3
learning_rate=0.400000
connection_rate=1.000000
network_type=0
learning_momentum=0.000000
training_algorithm=2
train_error_function=1
train_stop_function=0
cascade_output_change_fraction=0.010000
quickprop_decay=-0.000100
quickprop_mu=1.750000
rprop_increase_factor=1.200000
rprop_decrease_factor=0.500000
rprop_delta_min=0.000000
rprop_delta_max=50.000000
rprop_delta_zero=0.100000
cascade_output_stagnation_epochs=12
cascade_candidate_change_fraction=0.010000
cascade_candidate_stagnation_epochs=12
cascade_max_out_epochs=150
cascade_min_out_epochs=50
cascade_max_cand_epochs=150
cascade_min_cand_epochs=50
cascade_num_candidate_groups=2
bit_fail_limit=3.49999994039535522461e-01
cascade_candidate_limit=1.00000000000000000000e+03
cascade_weight_multiplier=4.00000005960464477539e-01
cascade_activation_functions_count=10
cascade_activation_functions=3 5 7 8 10 11 14 15 16 17 
cascade_activation_steepnesses_count=4
cascade_activation_steepnesses=2.50000000000000000000e-01 5.00000000000000000000e-01 7.50000000000000000000e-01 1.00000000000000000000e+00 
layer_sizes=7 5 2 
scale_included=0
neurons (num_inputs, activation_function, activation_steepness)=(0, 0, 0.00000000000000000000e+00) (0, 0, 0.00000000000000000000e+00) (0, 0, 0.00000000000000000000e+00) (0, 0, 0.00000000000000000000e+00) (0, 0, 0.00000000000000000000e+00) (0, 0, 0.00000000000000000000e+00) (0, 0, 0.00000000000000000000e+00) (7, 3, 5.00000000000000000000e-01) (7, 3, 5.00000000000000000000e-01) (7, 3, 5.00000000000000000000e-01) (7, 3, 5.00000000000000000000e-01) (0, 3, 0.00000000000000000000e+00) (5, 3, 5.00000000000000000000e-01) (0, 3, 0.00000000000000000000e+00) 
connections (connected_to_neuron, weight)=(0, -7.70180559158325195312e+00) (1, -4.37014389038085937500e+00) (2, -3.69526839256286621094e+00) (3, 2.86216282844543457031e+00) (4, 8.69365513324737548828e-01) (5, 4.24745559692382812500e+00) (6, -2.21171641349792480469e+00) (0, -2.35309883952140808105e-01) (1, -2.92729258537292480469e+00) (2, -1.73658871650695800781e+00) (3, 3.65500211715698242188e+00) (4, -2.36818596720695495605e-01) (5, 8.05196380615234375000e+00) (6, -5.77691888809204101562e+00) (0, -2.58945941925048828125e+00) (1, -2.62955188751220703125e+00) (2, 3.78258377313613891602e-01) (3, 8.06745409965515136719e-01) (4, 5.56141281127929687500e+00) (5, -2.25839495658874511719e+00) (6, -2.74259996414184570312e+00) (0, 6.91667079925537109375e+00) (1, 4.12032723426818847656e-01) (2, 6.39466428756713867188e+00) (3, -7.80663156509399414062e+00) (4, 1.37010068893432617188e+01) (5, -3.00986146926879882812e+00) (6, -1.44315319061279296875e+01) (7, 1.64548587799072265625e+00) (8, 3.06905198097229003906e+00) (9, 4.67459774017333984375e+00) (10, 1.99993431568145751953e+00) (11, -2.35412454605102539062e+00) 
