FANN_FLO_2.1
num_layers=4
learning_rate=0.400000
connection_rate=1.000000
network_type=0
learning_momentum=0.000000
training_algorithm=2
train_error_function=1
train_stop_function=0
cascade_output_change_fraction=0.010000
quickprop_decay=-0.000100
quickprop_mu=1.750000
rprop_increase_factor=1.200000
rprop_decrease_factor=0.500000
rprop_delta_min=0.000000
rprop_delta_max=50.000000
rprop_delta_zero=0.100000
cascade_output_stagnation_epochs=12
cascade_candidate_change_fraction=0.010000
cascade_candidate_stagnation_epochs=12
cascade_max_out_epochs=150
cascade_min_out_epochs=50
cascade_max_cand_epochs=150
cascade_min_cand_epochs=50
cascade_num_candidate_groups=2
bit_fail_limit=3.49999994039535522461e-01
cascade_candidate_limit=1.00000000000000000000e+03
cascade_weight_multiplier=4.00000005960464477539e-01
cascade_activation_functions_count=10
cascade_activation_functions=3 5 7 8 10 11 14 15 16 17 
cascade_activation_steepnesses_count=4
cascade_activation_steepnesses=2.50000000000000000000e-01 5.00000000000000000000e-01 7.50000000000000000000e-01 1.00000000000000000000e+00 
layer_sizes=7 3 3 2 
scale_included=0
neurons (num_inputs, activation_function, activation_steepness)=(0, 0, 0.00000000000000000000e+00) (0, 0, 0.00000000000000000000e+00) (0, 0, 0.00000000000000000000e+00) (0, 0, 0.00000000000000000000e+00) (0, 0, 0.00000000000000000000e+00) (0, 0, 0.00000000000000000000e+00) (0, 0, 0.00000000000000000000e+00) (7, 3, 5.00000000000000000000e-01) (7, 3, 5.00000000000000000000e-01) (0, 3, 0.00000000000000000000e+00) (3, 3, 5.00000000000000000000e-01) (3, 3, 5.00000000000000000000e-01) (0, 3, 0.00000000000000000000e+00) (3, 3, 5.00000000000000000000e-01) (0, 3, 0.00000000000000000000e+00) 
connections (connected_to_neuron, weight)=(0, 1.01912326812744140625e+01) (1, -1.25049076080322265625e+01) (2, 6.15579509735107421875e+00) (3, -4.22135066986083984375e+00) (4, -1.04149603843688964844e+00) (5, 7.29255533218383789062e+00) (6, -3.27860307693481445312e+00) (0, -6.70248460769653320312e+00) (1, 5.69488239288330078125e+00) (2, -1.68951296806335449219e+00) (3, -1.44985795021057128906e+00) (4, -5.76904535293579101562e-01) (5, -5.78890228271484375000e+00) (6, 1.01352548599243164062e+00) (7, 1.50000000000000000000e+03) (8, 9.91878986358642578125e+00) (9, -3.22137117385864257812e+00) (7, 3.51857089996337890625e+00) (8, 5.90465068817138671875e+00) (9, -3.60332727432250976562e+00) (10, -8.49321722984313964844e-01) (11, -6.86225080490112304688e+00) (12, -4.74182873964309692383e-01) 
