FANN_FLO_2.1
num_layers=3
learning_rate=0.400000
connection_rate=1.000000
network_type=0
learning_momentum=0.000000
training_algorithm=2
train_error_function=1
train_stop_function=0
cascade_output_change_fraction=0.010000
quickprop_decay=-0.000100
quickprop_mu=1.750000
rprop_increase_factor=1.200000
rprop_decrease_factor=0.500000
rprop_delta_min=0.000000
rprop_delta_max=50.000000
rprop_delta_zero=0.100000
cascade_output_stagnation_epochs=12
cascade_candidate_change_fraction=0.010000
cascade_candidate_stagnation_epochs=12
cascade_max_out_epochs=150
cascade_min_out_epochs=50
cascade_max_cand_epochs=150
cascade_min_cand_epochs=50
cascade_num_candidate_groups=2
bit_fail_limit=3.49999994039535522461e-01
cascade_candidate_limit=1.00000000000000000000e+03
cascade_weight_multiplier=4.00000005960464477539e-01
cascade_activation_functions_count=10
cascade_activation_functions=3 5 7 8 10 11 14 15 16 17 
cascade_activation_steepnesses_count=4
cascade_activation_steepnesses=2.50000000000000000000e-01 5.00000000000000000000e-01 7.50000000000000000000e-01 1.00000000000000000000e+00 
layer_sizes=19 3 3 
scale_included=0
neurons (num_inputs, activation_function, activation_steepness)=(0, 0, 0.00000000000000000000e+00) (0, 0, 0.00000000000000000000e+00) (0, 0, 0.00000000000000000000e+00) (0, 0, 0.00000000000000000000e+00) (0, 0, 0.00000000000000000000e+00) (0, 0, 0.00000000000000000000e+00) (0, 0, 0.00000000000000000000e+00) (0, 0, 0.00000000000000000000e+00) (0, 0, 0.00000000000000000000e+00) (0, 0, 0.00000000000000000000e+00) (0, 0, 0.00000000000000000000e+00) (0, 0, 0.00000000000000000000e+00) (0, 0, 0.00000000000000000000e+00) (0, 0, 0.00000000000000000000e+00) (0, 0, 0.00000000000000000000e+00) (0, 0, 0.00000000000000000000e+00) (0, 0, 0.00000000000000000000e+00) (0, 0, 0.00000000000000000000e+00) (0, 0, 0.00000000000000000000e+00) (19, 3, 5.00000000000000000000e-01) (19, 3, 5.00000000000000000000e-01) (0, 3, 0.00000000000000000000e+00) (3, 3, 5.00000000000000000000e-01) (3, 3, 5.00000000000000000000e-01) (0, 3, 0.00000000000000000000e+00) 
connections (connected_to_neuron, weight)=(0, 1.11148586273193359375e+01) (1, -6.85044288635253906250e+00) (2, 8.69027137756347656250e+00) (3, -2.00538406372070312500e+01) (4, 4.04296875000000000000e+00) (5, -1.41054069995880126953e+00) (6, -1.27823082730174064636e-02) (7, 1.29914226531982421875e+01) (8, 1.32938396930694580078e+00) (9, -3.49484443664550781250e+00) (10, 2.98010945320129394531e+00) (11, 1.15565996170043945312e+01) (12, -1.78353762626647949219e+00) (13, -1.09441423416137695312e+01) (14, -1.96126222610473632812e+00) (15, -1.17935395240783691406e+00) (16, 2.12151355743408203125e+01) (17, -1.32202839851379394531e+00) (18, 3.39845085144042968750e+00) (0, -3.96412348747253417969e+00) (1, -2.02837395668029785156e+00) (2, -4.91920375823974609375e+00) (3, 1.34802675247192382812e+00) (4, 5.10188055038452148438e+00) (5, 4.51846456527709960938e+00) (6, 1.60040962696075439453e+00) (7, -8.74941229820251464844e-01) (8, 1.13719787597656250000e+01) (9, -1.24781370162963867188e+00) (10, -3.60606837272644042969e+00) (11, -1.51058664321899414062e+01) (12, 8.41384601593017578125e+00) (13, 2.08404693603515625000e+01) (14, -1.23424606323242187500e+01) (15, -1.51901416778564453125e+01) (16, -6.91937971115112304688e+00) (17, 4.94795560836791992188e+00) (18, 6.39058685302734375000e+00) (19, -1.28270661830902099609e+00) (20, -5.52719593048095703125e-01) (21, 9.38077092170715332031e-01) (19, 1.28254926204681396484e+00) (20, 5.52529275417327880859e-01) (21, -9.37921524047851562500e-01) 
