FANN_FLO_2.1
num_layers=3
learning_rate=0.400000
connection_rate=1.000000
network_type=0
learning_momentum=0.000000
training_algorithm=2
train_error_function=1
train_stop_function=0
cascade_output_change_fraction=0.010000
quickprop_decay=-0.000100
quickprop_mu=1.750000
rprop_increase_factor=1.200000
rprop_decrease_factor=0.500000
rprop_delta_min=0.000000
rprop_delta_max=50.000000
rprop_delta_zero=0.100000
cascade_output_stagnation_epochs=12
cascade_candidate_change_fraction=0.010000
cascade_candidate_stagnation_epochs=12
cascade_max_out_epochs=150
cascade_min_out_epochs=50
cascade_max_cand_epochs=150
cascade_min_cand_epochs=50
cascade_num_candidate_groups=2
bit_fail_limit=3.49999994039535522461e-01
cascade_candidate_limit=1.00000000000000000000e+03
cascade_weight_multiplier=4.00000005960464477539e-01
cascade_activation_functions_count=10
cascade_activation_functions=3 5 7 8 10 11 14 15 16 17 
cascade_activation_steepnesses_count=4
cascade_activation_steepnesses=2.50000000000000000000e-01 5.00000000000000000000e-01 7.50000000000000000000e-01 1.00000000000000000000e+00 
layer_sizes=19 3 3 
scale_included=0
neurons (num_inputs, activation_function, activation_steepness)=(0, 0, 0.00000000000000000000e+00) (0, 0, 0.00000000000000000000e+00) (0, 0, 0.00000000000000000000e+00) (0, 0, 0.00000000000000000000e+00) (0, 0, 0.00000000000000000000e+00) (0, 0, 0.00000000000000000000e+00) (0, 0, 0.00000000000000000000e+00) (0, 0, 0.00000000000000000000e+00) (0, 0, 0.00000000000000000000e+00) (0, 0, 0.00000000000000000000e+00) (0, 0, 0.00000000000000000000e+00) (0, 0, 0.00000000000000000000e+00) (0, 0, 0.00000000000000000000e+00) (0, 0, 0.00000000000000000000e+00) (0, 0, 0.00000000000000000000e+00) (0, 0, 0.00000000000000000000e+00) (0, 0, 0.00000000000000000000e+00) (0, 0, 0.00000000000000000000e+00) (0, 0, 0.00000000000000000000e+00) (19, 3, 5.00000000000000000000e-01) (19, 3, 5.00000000000000000000e-01) (0, 3, 0.00000000000000000000e+00) (3, 3, 5.00000000000000000000e-01) (3, 3, 5.00000000000000000000e-01) (0, 3, 0.00000000000000000000e+00) 
connections (connected_to_neuron, weight)=(0, 4.82136934995651245117e-01) (1, -5.45718717575073242188e+00) (2, -1.33663320541381835938e+01) (3, 4.66854906082153320312e+00) (4, -1.61442232131958007812e+00) (5, 1.06128444671630859375e+01) (6, 8.24164772033691406250e+00) (7, -4.64286470413208007812e+00) (8, 1.01783924102783203125e+01) (9, -3.55243968963623046875e+00) (10, -1.81415271759033203125e+01) (11, -1.54627573490142822266e+00) (12, 1.16391983032226562500e+01) (13, 1.88709239959716796875e+01) (14, 3.78914785385131835938e+00) (15, -5.21042060852050781250e+00) (16, 3.26541876792907714844e+00) (17, 2.42254185676574707031e+00) (18, -1.95702016353607177734e+00) (0, -5.21946144104003906250e+00) (1, -9.16666030883789062500e+00) (2, 1.17386722564697265625e+01) (3, 9.78433895111083984375e+00) (4, -1.32550592422485351562e+01) (5, 7.92247772216796875000e+00) (6, -2.90755987167358398438e+00) (7, 7.60160779953002929688e+00) (8, -3.72737812995910644531e+00) (9, 9.05452537536621093750e+00) (10, -1.49325733184814453125e+01) (11, 5.49396753311157226562e+00) (12, -5.92222547531127929688e+00) (13, -3.85536718368530273438e+00) (14, -4.17480564117431640625e+00) (15, 1.35641682147979736328e+00) (16, 4.35914564132690429688e+00) (17, 1.06759440898895263672e+00) (18, 1.18223886489868164062e+01) (19, -5.67601382732391357422e-01) (20, -6.23685956001281738281e-01) (21, 4.01336163282394409180e-01) (19, 5.67964196205139160156e-01) (20, 6.23664319515228271484e-01) (21, -4.00910913944244384766e-01) 
