FANN_FLO_2.1
num_layers=3
learning_rate=0.400000
connection_rate=1.000000
network_type=0
learning_momentum=0.000000
training_algorithm=2
train_error_function=1
train_stop_function=0
cascade_output_change_fraction=0.010000
quickprop_decay=-0.000100
quickprop_mu=1.750000
rprop_increase_factor=1.200000
rprop_decrease_factor=0.500000
rprop_delta_min=0.000000
rprop_delta_max=50.000000
rprop_delta_zero=0.100000
cascade_output_stagnation_epochs=12
cascade_candidate_change_fraction=0.010000
cascade_candidate_stagnation_epochs=12
cascade_max_out_epochs=150
cascade_min_out_epochs=50
cascade_max_cand_epochs=150
cascade_min_cand_epochs=50
cascade_num_candidate_groups=2
bit_fail_limit=3.49999994039535522461e-01
cascade_candidate_limit=1.00000000000000000000e+03
cascade_weight_multiplier=4.00000005960464477539e-01
cascade_activation_functions_count=10
cascade_activation_functions=3 5 7 8 10 11 14 15 16 17 
cascade_activation_steepnesses_count=4
cascade_activation_steepnesses=2.50000000000000000000e-01 5.00000000000000000000e-01 7.50000000000000000000e-01 1.00000000000000000000e+00 
layer_sizes=7 9 2 
scale_included=0
neurons (num_inputs, activation_function, activation_steepness)=(0, 0, 0.00000000000000000000e+00) (0, 0, 0.00000000000000000000e+00) (0, 0, 0.00000000000000000000e+00) (0, 0, 0.00000000000000000000e+00) (0, 0, 0.00000000000000000000e+00) (0, 0, 0.00000000000000000000e+00) (0, 0, 0.00000000000000000000e+00) (7, 3, 5.00000000000000000000e-01) (7, 3, 5.00000000000000000000e-01) (7, 3, 5.00000000000000000000e-01) (7, 3, 5.00000000000000000000e-01) (7, 3, 5.00000000000000000000e-01) (7, 3, 5.00000000000000000000e-01) (7, 3, 5.00000000000000000000e-01) (7, 3, 5.00000000000000000000e-01) (0, 3, 0.00000000000000000000e+00) (9, 3, 5.00000000000000000000e-01) (0, 3, 0.00000000000000000000e+00) 
connections (connected_to_neuron, weight)=(0, -5.56092739105224609375e+00) (1, -1.18055176734924316406e+00) (2, 6.36665773391723632812e+00) (3, 1.31028690338134765625e+01) (4, -1.08698678016662597656e+00) (5, 1.05156672000885009766e+00) (6, -1.04863357543945312500e+01) (0, -6.16603088378906250000e+00) (1, -4.43392276763916015625e+00) (2, -4.46372365951538085938e+00) (3, 5.28924655914306640625e+00) (4, 1.62872374057769775391e-01) (5, 3.38446721434593200684e-02) (6, -4.41707372665405273438e+00) (0, -2.04695487022399902344e+00) (1, -3.49187564849853515625e+00) (2, -3.49479031562805175781e+00) (3, 2.72632360458374023438e+00) (4, 2.45357894897460937500e+00) (5, 2.74390435218811035156e+00) (6, -1.40389657020568847656e+00) (0, 2.97396922111511230469e+00) (1, -9.51086163520812988281e-01) (2, -3.40510994195938110352e-01) (3, -6.02244424819946289062e+00) (4, 9.08364009857177734375e+00) (5, -4.13549375534057617188e+00) (6, -8.45445990562438964844e-01) (0, -1.10828161239624023438e+00) (1, -1.21055209636688232422e+00) (2, -3.43691420555114746094e+00) (3, -1.34344472885131835938e+01) (4, 1.74753723144531250000e+01) (5, 1.08324110507965087891e+00) (6, -7.72089719772338867188e-01) (0, -2.72028613090515136719e+00) (1, 4.37349528074264526367e-01) (2, -2.89547950029373168945e-01) (3, -1.50927603244781494141e+00) (4, 8.33381414413452148438e-01) (5, 1.68046045303344726562e+00) (6, 1.02763688564300537109e+00) (0, -1.60679602622985839844e+00) (1, -1.88981413841247558594e+00) (2, -3.95599126815795898438e+00) (3, 1.80329203605651855469e+00) (4, -2.23056745529174804688e+00) (5, 1.06298618316650390625e+01) (6, -3.96402001380920410156e+00) (0, -1.38585972785949707031e+00) (1, 9.68157887458801269531e-01) (2, -5.95916032791137695312e+00) (3, -5.50953745841979980469e-01) (4, 3.88760179281234741211e-01) (5, 1.52534079551696777344e+00) (6, 4.04708051681518554688e+00) (7, 7.88883984088897705078e-01) (8, 3.41502799987792968750e+01) (9, 2.30873656272888183594e+00) (10, 6.38125836849212646484e-01) (11, 1.33966469764709472656e+00) (12, -1.96417045593261718750e+00) (13, 1.23433077335357666016e+00) (14, -1.60486006736755371094e+00) (15, -1.03747002780437469482e-01) 
