FANN_FLO_2.1
num_layers=3
learning_rate=0.400000
connection_rate=1.000000
network_type=0
learning_momentum=0.000000
training_algorithm=2
train_error_function=1
train_stop_function=0
cascade_output_change_fraction=0.010000
quickprop_decay=-0.000100
quickprop_mu=1.750000
rprop_increase_factor=1.200000
rprop_decrease_factor=0.500000
rprop_delta_min=0.000000
rprop_delta_max=50.000000
rprop_delta_zero=0.100000
cascade_output_stagnation_epochs=12
cascade_candidate_change_fraction=0.010000
cascade_candidate_stagnation_epochs=12
cascade_max_out_epochs=150
cascade_min_out_epochs=50
cascade_max_cand_epochs=150
cascade_min_cand_epochs=50
cascade_num_candidate_groups=2
bit_fail_limit=3.49999994039535522461e-01
cascade_candidate_limit=1.00000000000000000000e+03
cascade_weight_multiplier=4.00000005960464477539e-01
cascade_activation_functions_count=10
cascade_activation_functions=3 5 7 8 10 11 14 15 16 17 
cascade_activation_steepnesses_count=4
cascade_activation_steepnesses=2.50000000000000000000e-01 5.00000000000000000000e-01 7.50000000000000000000e-01 1.00000000000000000000e+00 
layer_sizes=7 5 2 
scale_included=0
neurons (num_inputs, activation_function, activation_steepness)=(0, 0, 0.00000000000000000000e+00) (0, 0, 0.00000000000000000000e+00) (0, 0, 0.00000000000000000000e+00) (0, 0, 0.00000000000000000000e+00) (0, 0, 0.00000000000000000000e+00) (0, 0, 0.00000000000000000000e+00) (0, 0, 0.00000000000000000000e+00) (7, 3, 5.00000000000000000000e-01) (7, 3, 5.00000000000000000000e-01) (7, 3, 5.00000000000000000000e-01) (7, 3, 5.00000000000000000000e-01) (0, 3, 0.00000000000000000000e+00) (5, 3, 5.00000000000000000000e-01) (0, 3, 0.00000000000000000000e+00) 
connections (connected_to_neuron, weight)=(0, 4.27547484636306762695e-01) (1, -1.02798044681549072266e+00) (2, -1.06894481182098388672e+00) (3, 1.99523246288299560547e+00) (4, 1.92486234009265899658e-02) (5, 3.60806632041931152344e+00) (6, -2.86016225814819335938e+00) (0, -6.72360324859619140625e+00) (1, -3.16668581962585449219e+00) (2, 7.14996993541717529297e-01) (3, 1.28566038608551025391e+00) (4, 1.45315134525299072266e+00) (5, 9.43784892559051513672e-01) (6, -2.12856024503707885742e-01) (0, -9.25743639469146728516e-01) (1, -7.88926780223846435547e-01) (2, -1.11652326583862304688e+00) (3, -4.68179845809936523438e+00) (4, -4.52515935897827148438e+00) (5, 1.45931949615478515625e+01) (6, 1.82962250709533691406e+00) (0, -6.94032859802246093750e+00) (1, 2.84194678068161010742e-01) (2, 3.72818335890769958496e-02) (3, 5.25178003311157226562e+00) (4, -4.62124729156494140625e+00) (5, 1.34792566299438476562e+00) (6, 3.72506523132324218750e+00) (7, 4.98654365539550781250e+00) (8, 3.64060449600219726562e+00) (9, -2.59435915946960449219e+00) (10, -1.73959314823150634766e+00) (11, 4.01444047689437866211e-01) 
