FANN_FLO_2.1
num_layers=4
learning_rate=0.500000
connection_rate=1.000000
network_type=0
learning_momentum=0.000000
training_algorithm=2
train_error_function=1
train_stop_function=0
cascade_output_change_fraction=0.010000
quickprop_decay=-0.000100
quickprop_mu=1.750000
rprop_increase_factor=1.200000
rprop_decrease_factor=0.500000
rprop_delta_min=0.000000
rprop_delta_max=50.000000
rprop_delta_zero=0.100000
cascade_output_stagnation_epochs=12
cascade_candidate_change_fraction=0.010000
cascade_candidate_stagnation_epochs=12
cascade_max_out_epochs=150
cascade_min_out_epochs=50
cascade_max_cand_epochs=150
cascade_min_cand_epochs=50
cascade_num_candidate_groups=2
bit_fail_limit=3.49999994039535522461e-01
cascade_candidate_limit=1.00000000000000000000e+03
cascade_weight_multiplier=4.00000005960464477539e-01
cascade_activation_functions_count=10
cascade_activation_functions=3 5 7 8 10 11 14 15 16 17 
cascade_activation_steepnesses_count=4
cascade_activation_steepnesses=2.50000000000000000000e-01 5.00000000000000000000e-01 7.50000000000000000000e-01 1.00000000000000000000e+00 
layer_sizes=10 5 3 2 
scale_included=0
neurons (num_inputs, activation_function, activation_steepness)=(0, 0, 0.00000000000000000000e+00) (0, 0, 0.00000000000000000000e+00) (0, 0, 0.00000000000000000000e+00) (0, 0, 0.00000000000000000000e+00) (0, 0, 0.00000000000000000000e+00) (0, 0, 0.00000000000000000000e+00) (0, 0, 0.00000000000000000000e+00) (0, 0, 0.00000000000000000000e+00) (0, 0, 0.00000000000000000000e+00) (0, 0, 0.00000000000000000000e+00) (10, 3, 5.00000000000000000000e-01) (10, 3, 5.00000000000000000000e-01) (10, 3, 5.00000000000000000000e-01) (10, 3, 5.00000000000000000000e-01) (0, 3, 0.00000000000000000000e+00) (5, 3, 5.00000000000000000000e-01) (5, 3, 5.00000000000000000000e-01) (0, 3, 0.00000000000000000000e+00) (3, 3, 5.00000000000000000000e-01) (0, 3, 0.00000000000000000000e+00) 
connections (connected_to_neuron, weight)=(0, 3.68061184883117675781e+00) (1, -2.16216206550598144531e+00) (2, 3.23088788986206054688e+00) (3, 1.10347545146942138672e+00) (4, -2.23440241813659667969e+00) (5, -2.91321134567260742188e+00) (6, 2.87484741210937500000e+00) (7, 1.01079499721527099609e+00) (8, 1.62978446483612060547e+00) (9, -2.92868232727050781250e+00) (0, 1.10563135147094726562e+00) (1, -1.78244328498840332031e+00) (2, 1.43389463424682617188e+00) (3, 1.81623601913452148438e+00) (4, -3.18419504165649414062e+00) (5, -5.22783660888671875000e+00) (6, 8.87215709686279296875e+00) (7, -2.04870676994323730469e+00) (8, 2.49948310852050781250e+00) (9, -2.99531722068786621094e+00) (0, -1.00760054588317871094e+00) (1, -3.78703363239765167236e-02) (2, 4.10364532470703125000e+00) (3, 5.53358554840087890625e-01) (4, -3.13684058189392089844e+00) (5, -1.75435161590576171875e+00) (6, 1.74895560741424560547e+00) (7, 3.82296204566955566406e+00) (8, 1.98280405998229980469e+00) (9, -3.21369767189025878906e+00) (0, 4.43801021575927734375e+00) (1, -5.54074096679687500000e+00) (2, 4.07117652893066406250e+00) (3, 1.09792053699493408203e+00) (4, -2.16448020935058593750e+00) (5, -4.22725915908813476562e+00) (6, 1.59656357765197753906e+00) (7, 1.43980813026428222656e+00) (8, 2.09270071983337402344e+00) (9, -1.42496562004089355469e+00) (10, -3.64518213272094726562e+00) (11, -1.94656333923339843750e+01) (12, -2.61578702926635742188e+00) (13, -7.91871309280395507812e+00) (14, 9.32207107543945312500e+00) (10, -2.00181674957275390625e+00) (11, 1.36136350631713867188e+01) (12, -8.46464824676513671875e+00) (13, -5.62067604064941406250e+00) (14, 5.65920400619506835938e+00) (15, 2.18810915946960449219e+00) (16, 1.87104797363281250000e+00) (17, -3.01862955093383789062e+00) 
