FANN_FLO_2.1
num_layers=3
learning_rate=0.500000
connection_rate=1.000000
network_type=0
learning_momentum=0.000000
training_algorithm=2
train_error_function=1
train_stop_function=0
cascade_output_change_fraction=0.010000
quickprop_decay=-0.000100
quickprop_mu=1.750000
rprop_increase_factor=1.200000
rprop_decrease_factor=0.500000
rprop_delta_min=0.000000
rprop_delta_max=50.000000
rprop_delta_zero=0.100000
cascade_output_stagnation_epochs=12
cascade_candidate_change_fraction=0.010000
cascade_candidate_stagnation_epochs=12
cascade_max_out_epochs=150
cascade_min_out_epochs=50
cascade_max_cand_epochs=150
cascade_min_cand_epochs=50
cascade_num_candidate_groups=2
bit_fail_limit=3.49999994039535522461e-01
cascade_candidate_limit=1.00000000000000000000e+03
cascade_weight_multiplier=4.00000005960464477539e-01
cascade_activation_functions_count=10
cascade_activation_functions=3 5 7 8 10 11 14 15 16 17 
cascade_activation_steepnesses_count=4
cascade_activation_steepnesses=2.50000000000000000000e-01 5.00000000000000000000e-01 7.50000000000000000000e-01 1.00000000000000000000e+00 
layer_sizes=10 5 2 
scale_included=0
neurons (num_inputs, activation_function, activation_steepness)=(0, 0, 0.00000000000000000000e+00) (0, 0, 0.00000000000000000000e+00) (0, 0, 0.00000000000000000000e+00) (0, 0, 0.00000000000000000000e+00) (0, 0, 0.00000000000000000000e+00) (0, 0, 0.00000000000000000000e+00) (0, 0, 0.00000000000000000000e+00) (0, 0, 0.00000000000000000000e+00) (0, 0, 0.00000000000000000000e+00) (0, 0, 0.00000000000000000000e+00) (10, 3, 5.00000000000000000000e-01) (10, 3, 5.00000000000000000000e-01) (10, 3, 5.00000000000000000000e-01) (10, 3, 5.00000000000000000000e-01) (0, 3, 0.00000000000000000000e+00) (5, 3, 5.00000000000000000000e-01) (0, 3, 0.00000000000000000000e+00) 
connections (connected_to_neuron, weight)=(0, 1.72320020198822021484e+00) (1, 6.42134308815002441406e-01) (2, -1.10963988304138183594e+00) (3, 6.38587236404418945312e-01) (4, -3.45171189308166503906e+00) (5, -3.07229816913604736328e-01) (6, -6.19513504207134246826e-02) (7, 1.04605054855346679688e+00) (8, -8.06022942066192626953e-01) (9, 4.24555726349353790283e-02) (0, 4.38859510421752929688e+00) (1, 8.47247660160064697266e-01) (2, -3.77465069293975830078e-01) (3, 8.53043556213378906250e+00) (4, -3.90677142143249511719e+00) (5, -5.08251607418060302734e-01) (6, -1.16596212387084960938e+01) (7, 1.11599278450012207031e+00) (8, -6.42440915107727050781e-01) (9, 3.47156703472137451172e-01) (0, 1.81238555908203125000e+00) (1, 6.27736628055572509766e-01) (2, -1.33680081367492675781e+00) (3, 1.45682728290557861328e+00) (4, -5.88441324234008789062e+00) (5, -3.76598715782165527344e-01) (6, 2.00963687896728515625e+00) (7, 1.20226466655731201172e+00) (8, -1.00622165203094482422e+00) (9, -3.04428189992904663086e-01) (0, -1.15056571960449218750e+01) (1, 3.97608447074890136719e+00) (2, -2.16793203353881835938e+00) (3, -1.93439805507659912109e+00) (4, -6.12214517593383789062e+00) (5, 3.06497597694396972656e+00) (6, 4.23899888992309570312e+00) (7, 5.15478897094726562500e+00) (8, 2.10741147398948669434e-01) (9, 4.97670263051986694336e-01) (10, 1.81364834308624267578e+00) (11, 3.26915979385375976562e+00) (12, 1.97820615768432617188e+00) (13, 3.80202341079711914062e+00) (14, -3.45762586593627929688e+00) 
