FANN_FLO_2.1
num_layers=3
learning_rate=0.400000
connection_rate=1.000000
network_type=0
learning_momentum=0.000000
training_algorithm=2
train_error_function=1
train_stop_function=0
cascade_output_change_fraction=0.010000
quickprop_decay=-0.000100
quickprop_mu=1.750000
rprop_increase_factor=1.200000
rprop_decrease_factor=0.500000
rprop_delta_min=0.000000
rprop_delta_max=50.000000
rprop_delta_zero=0.100000
cascade_output_stagnation_epochs=12
cascade_candidate_change_fraction=0.010000
cascade_candidate_stagnation_epochs=12
cascade_max_out_epochs=150
cascade_min_out_epochs=50
cascade_max_cand_epochs=150
cascade_min_cand_epochs=50
cascade_num_candidate_groups=2
bit_fail_limit=3.49999994039535522461e-01
cascade_candidate_limit=1.00000000000000000000e+03
cascade_weight_multiplier=4.00000005960464477539e-01
cascade_activation_functions_count=10
cascade_activation_functions=3 5 7 8 10 11 14 15 16 17 
cascade_activation_steepnesses_count=4
cascade_activation_steepnesses=2.50000000000000000000e-01 5.00000000000000000000e-01 7.50000000000000000000e-01 1.00000000000000000000e+00 
layer_sizes=19 3 3 
scale_included=0
neurons (num_inputs, activation_function, activation_steepness)=(0, 0, 0.00000000000000000000e+00) (0, 0, 0.00000000000000000000e+00) (0, 0, 0.00000000000000000000e+00) (0, 0, 0.00000000000000000000e+00) (0, 0, 0.00000000000000000000e+00) (0, 0, 0.00000000000000000000e+00) (0, 0, 0.00000000000000000000e+00) (0, 0, 0.00000000000000000000e+00) (0, 0, 0.00000000000000000000e+00) (0, 0, 0.00000000000000000000e+00) (0, 0, 0.00000000000000000000e+00) (0, 0, 0.00000000000000000000e+00) (0, 0, 0.00000000000000000000e+00) (0, 0, 0.00000000000000000000e+00) (0, 0, 0.00000000000000000000e+00) (0, 0, 0.00000000000000000000e+00) (0, 0, 0.00000000000000000000e+00) (0, 0, 0.00000000000000000000e+00) (0, 0, 0.00000000000000000000e+00) (19, 3, 5.00000000000000000000e-01) (19, 3, 5.00000000000000000000e-01) (0, 3, 0.00000000000000000000e+00) (3, 3, 5.00000000000000000000e-01) (3, 3, 5.00000000000000000000e-01) (0, 3, 0.00000000000000000000e+00) 
connections (connected_to_neuron, weight)=(0, -1.13044443130493164062e+01) (1, -3.27489763498306274414e-01) (2, -1.31187925338745117188e+01) (3, -8.39030361175537109375e+00) (4, -1.56673216819763183594e+00) (5, -5.87146759033203125000e+00) (6, 2.91565742492675781250e+01) (7, 6.42960548400878906250e+00) (8, 3.12244472503662109375e+01) (9, 2.58445882797241210938e+00) (10, 2.47728657722473144531e+00) (11, 1.69137115478515625000e+01) (12, -4.04765510559082031250e+00) (13, -2.83016109466552734375e+00) (14, -2.01497101783752441406e+00) (15, 7.23492908477783203125e+00) (16, -3.32697820663452148438e+00) (17, 1.08544230461120605469e+00) (18, -1.01148545742034912109e+00) (0, 2.29816746711730957031e+00) (1, 1.58557968139648437500e+01) (2, -1.11038808822631835938e+01) (3, 7.67524147033691406250e+00) (4, -8.64744067192077636719e-01) (5, 1.67189157009124755859e+00) (6, -6.71103572845458984375e+00) (7, -1.00519113540649414062e+01) (8, -7.85294246673583984375e+00) (9, -1.47373592853546142578e+00) (10, 1.33480720520019531250e+01) (11, -1.27890710830688476562e+01) (12, 3.07017016410827636719e+00) (13, 3.32916378974914550781e+00) (14, -6.18199062347412109375e+00) (15, 1.40055274963378906250e+00) (16, 2.50948429107666015625e+00) (17, -2.17564654350280761719e+00) (18, 9.34620285034179687500e+00) (19, -1.12765026092529296875e+00) (20, -6.13204181194305419922e-01) (21, 9.45289015769958496094e-01) (19, 1.12740683555603027344e+00) (20, 6.13050222396850585938e-01) (21, -9.45248425006866455078e-01) 
