FANN_FLO_2.1
num_layers=4
learning_rate=0.500000
connection_rate=1.000000
network_type=0
learning_momentum=0.000000
training_algorithm=2
train_error_function=1
train_stop_function=0
cascade_output_change_fraction=0.010000
quickprop_decay=-0.000100
quickprop_mu=1.750000
rprop_increase_factor=1.200000
rprop_decrease_factor=0.500000
rprop_delta_min=0.000000
rprop_delta_max=50.000000
rprop_delta_zero=0.100000
cascade_output_stagnation_epochs=12
cascade_candidate_change_fraction=0.010000
cascade_candidate_stagnation_epochs=12
cascade_max_out_epochs=150
cascade_min_out_epochs=50
cascade_max_cand_epochs=150
cascade_min_cand_epochs=50
cascade_num_candidate_groups=2
bit_fail_limit=3.49999994039535522461e-01
cascade_candidate_limit=1.00000000000000000000e+03
cascade_weight_multiplier=4.00000005960464477539e-01
cascade_activation_functions_count=10
cascade_activation_functions=3 5 7 8 10 11 14 15 16 17 
cascade_activation_steepnesses_count=4
cascade_activation_steepnesses=2.50000000000000000000e-01 5.00000000000000000000e-01 7.50000000000000000000e-01 1.00000000000000000000e+00 
layer_sizes=2 5 5 3 
scale_included=0
neurons (num_inputs, activation_function, activation_steepness)=(0, 0, 0.00000000000000000000e+00) (0, 0, 0.00000000000000000000e+00) (2, 3, 5.00000000000000000000e-01) (2, 3, 5.00000000000000000000e-01) (2, 3, 5.00000000000000000000e-01) (2, 3, 5.00000000000000000000e-01) (0, 3, 0.00000000000000000000e+00) (5, 3, 5.00000000000000000000e-01) (5, 3, 5.00000000000000000000e-01) (5, 3, 5.00000000000000000000e-01) (5, 3, 5.00000000000000000000e-01) (0, 3, 0.00000000000000000000e+00) (5, 0, 5.00000000000000000000e-01) (5, 0, 5.00000000000000000000e-01) (0, 0, 0.00000000000000000000e+00) 
connections (connected_to_neuron, weight)=(0, -5.66330528259277343750e+00) (1, 4.43949747085571289062e+00) (0, -8.46397686004638671875e+00) (1, 8.37420749664306640625e+00) (0, -1.53008642196655273438e+01) (1, 3.19026565551757812500e+00) (0, 1.49624877929687500000e+03) (1, -4.31556844711303710938e+00) (2, 1.27270627021789550781e+00) (3, 1.37682437896728515625e+00) (4, -8.57624340057373046875e+00) (5, -1.64704585075378417969e+00) (6, -1.03956826031208038330e-01) (2, 1.46632189941406250000e+03) (3, 1.26690405273437500000e+03) (4, 1.50000000000000000000e+03) (5, 1.50000000000000000000e+03) (6, 1.33110314607620239258e-01) (2, 1.32599719238281250000e+03) (3, 3.12805480957031250000e+02) (4, 1.45586523437500000000e+03) (5, 1.40653784179687500000e+03) (6, 1.92838581278920173645e-03) (2, -2.66885232925415039062e+00) (3, -6.28288537263870239258e-02) (4, -2.39558792114257812500e+00) (5, 1.11739921569824218750e+00) (6, 3.56701779365539550781e+00) (7, 4.22832584381103515625e+00) (8, 3.24161231517791748047e-01) (9, 2.51009434461593627930e-01) (10, -3.38751101493835449219e+00) (11, 2.19970688223838806152e-01) (7, -4.48491477966308593750e+00) (8, 1.94447541236877441406e+00) (9, 4.23907846212387084961e-01) (10, -2.47950792312622070312e+00) (11, 2.75442153215408325195e-01) 
