FANN_FLO_2.1
num_layers=4
learning_rate=0.400000
connection_rate=1.000000
network_type=0
learning_momentum=0.000000
training_algorithm=2
train_error_function=1
train_stop_function=0
cascade_output_change_fraction=0.010000
quickprop_decay=-0.000100
quickprop_mu=1.750000
rprop_increase_factor=1.200000
rprop_decrease_factor=0.500000
rprop_delta_min=0.000000
rprop_delta_max=50.000000
rprop_delta_zero=0.100000
cascade_output_stagnation_epochs=12
cascade_candidate_change_fraction=0.010000
cascade_candidate_stagnation_epochs=12
cascade_max_out_epochs=150
cascade_min_out_epochs=50
cascade_max_cand_epochs=150
cascade_min_cand_epochs=50
cascade_num_candidate_groups=2
bit_fail_limit=3.49999994039535522461e-01
cascade_candidate_limit=1.00000000000000000000e+03
cascade_weight_multiplier=4.00000005960464477539e-01
cascade_activation_functions_count=10
cascade_activation_functions=3 5 7 8 10 11 14 15 16 17 
cascade_activation_steepnesses_count=4
cascade_activation_steepnesses=2.50000000000000000000e-01 5.00000000000000000000e-01 7.50000000000000000000e-01 1.00000000000000000000e+00 
layer_sizes=7 3 3 2 
scale_included=0
neurons (num_inputs, activation_function, activation_steepness)=(0, 0, 0.00000000000000000000e+00) (0, 0, 0.00000000000000000000e+00) (0, 0, 0.00000000000000000000e+00) (0, 0, 0.00000000000000000000e+00) (0, 0, 0.00000000000000000000e+00) (0, 0, 0.00000000000000000000e+00) (0, 0, 0.00000000000000000000e+00) (7, 3, 5.00000000000000000000e-01) (7, 3, 5.00000000000000000000e-01) (0, 3, 0.00000000000000000000e+00) (3, 3, 5.00000000000000000000e-01) (3, 3, 5.00000000000000000000e-01) (0, 3, 0.00000000000000000000e+00) (3, 3, 5.00000000000000000000e-01) (0, 3, 0.00000000000000000000e+00) 
connections (connected_to_neuron, weight)=(0, 8.15341735839843750000e+02) (1, -2.67896392822265625000e+02) (2, 1.70194778442382812500e+02) (3, -9.37028076171875000000e+02) (4, -1.13938220214843750000e+03) (5, 1.09894323730468750000e+03) (6, 2.08281860351562500000e+01) (0, -5.47362029552459716797e-01) (1, -4.60076045989990234375e+00) (2, 7.78779363632202148438e+00) (3, -5.80229139328002929688e+00) (4, -2.06903576850891113281e+00) (5, -5.67154407501220703125e-01) (6, 8.73593616485595703125e+00) (7, -2.97660980224609375000e+01) (8, 6.92285156250000000000e+01) (9, -8.31693708896636962891e-01) (7, 4.96590435504913330078e-01) (8, 3.87156414985656738281e+00) (9, -4.08804368972778320312e+00) (10, -2.36595556139945983887e-01) (11, -4.28327989578247070312e+00) (12, -1.00646340847015380859e+00) 
