FANN_FLO_2.1
num_layers=3
learning_rate=0.500000
connection_rate=1.000000
network_type=0
learning_momentum=0.000000
training_algorithm=2
train_error_function=1
train_stop_function=0
cascade_output_change_fraction=0.010000
quickprop_decay=-0.000100
quickprop_mu=1.750000
rprop_increase_factor=1.200000
rprop_decrease_factor=0.500000
rprop_delta_min=0.000000
rprop_delta_max=50.000000
rprop_delta_zero=0.100000
cascade_output_stagnation_epochs=12
cascade_candidate_change_fraction=0.010000
cascade_candidate_stagnation_epochs=12
cascade_max_out_epochs=150
cascade_min_out_epochs=50
cascade_max_cand_epochs=150
cascade_min_cand_epochs=50
cascade_num_candidate_groups=2
bit_fail_limit=3.49999994039535522461e-01
cascade_candidate_limit=1.00000000000000000000e+03
cascade_weight_multiplier=4.00000005960464477539e-01
cascade_activation_functions_count=10
cascade_activation_functions=3 5 7 8 10 11 14 15 16 17 
cascade_activation_steepnesses_count=4
cascade_activation_steepnesses=2.50000000000000000000e-01 5.00000000000000000000e-01 7.50000000000000000000e-01 1.00000000000000000000e+00 
layer_sizes=10 3 2 
scale_included=0
neurons (num_inputs, activation_function, activation_steepness)=(0, 0, 0.00000000000000000000e+00) (0, 0, 0.00000000000000000000e+00) (0, 0, 0.00000000000000000000e+00) (0, 0, 0.00000000000000000000e+00) (0, 0, 0.00000000000000000000e+00) (0, 0, 0.00000000000000000000e+00) (0, 0, 0.00000000000000000000e+00) (0, 0, 0.00000000000000000000e+00) (0, 0, 0.00000000000000000000e+00) (0, 0, 0.00000000000000000000e+00) (10, 3, 5.00000000000000000000e-01) (10, 3, 5.00000000000000000000e-01) (0, 3, 0.00000000000000000000e+00) (3, 3, 5.00000000000000000000e-01) (0, 3, 0.00000000000000000000e+00) 
connections (connected_to_neuron, weight)=(0, 5.29002319335937500000e+02) (1, 1.25852718353271484375e+01) (2, 1.28626060485839843750e+01) (3, -1.70294976234436035156e+00) (4, -7.09015309810638427734e-01) (5, -4.45611667633056640625e+00) (6, -4.31321868896484375000e+02) (7, -5.33544540405273437500e+00) (8, 2.06373900175094604492e-01) (9, -1.13106834888458251953e+00) (0, -2.18751382827758789062e+00) (1, -6.96294069290161132812e+00) (2, -1.99156894683837890625e+01) (3, -1.21136593818664550781e+00) (4, 1.63317179679870605469e+00) (5, 5.05978167057037353516e-01) (6, 1.17588291168212890625e+01) (7, 1.38394851684570312500e+01) (8, 1.93372988700866699219e+00) (9, 2.15866279602050781250e+00) (10, -3.80244016647338867188e+00) (11, -3.86815476417541503906e+00) (12, 4.72666168212890625000e+00) 
