FANN_FLO_2.1
num_layers=3
learning_rate=0.400000
connection_rate=1.000000
network_type=0
learning_momentum=0.000000
training_algorithm=2
train_error_function=1
train_stop_function=0
cascade_output_change_fraction=0.010000
quickprop_decay=-0.000100
quickprop_mu=1.750000
rprop_increase_factor=1.200000
rprop_decrease_factor=0.500000
rprop_delta_min=0.000000
rprop_delta_max=50.000000
rprop_delta_zero=0.100000
cascade_output_stagnation_epochs=12
cascade_candidate_change_fraction=0.010000
cascade_candidate_stagnation_epochs=12
cascade_max_out_epochs=150
cascade_min_out_epochs=50
cascade_max_cand_epochs=150
cascade_min_cand_epochs=50
cascade_num_candidate_groups=2
bit_fail_limit=3.49999994039535522461e-01
cascade_candidate_limit=1.00000000000000000000e+03
cascade_weight_multiplier=4.00000005960464477539e-01
cascade_activation_functions_count=10
cascade_activation_functions=3 5 7 8 10 11 14 15 16 17 
cascade_activation_steepnesses_count=4
cascade_activation_steepnesses=2.50000000000000000000e-01 5.00000000000000000000e-01 7.50000000000000000000e-01 1.00000000000000000000e+00 
layer_sizes=7 5 2 
scale_included=0
neurons (num_inputs, activation_function, activation_steepness)=(0, 0, 0.00000000000000000000e+00) (0, 0, 0.00000000000000000000e+00) (0, 0, 0.00000000000000000000e+00) (0, 0, 0.00000000000000000000e+00) (0, 0, 0.00000000000000000000e+00) (0, 0, 0.00000000000000000000e+00) (0, 0, 0.00000000000000000000e+00) (7, 3, 5.00000000000000000000e-01) (7, 3, 5.00000000000000000000e-01) (7, 3, 5.00000000000000000000e-01) (7, 3, 5.00000000000000000000e-01) (0, 3, 0.00000000000000000000e+00) (5, 3, 5.00000000000000000000e-01) (0, 3, 0.00000000000000000000e+00) 
connections (connected_to_neuron, weight)=(0, 1.56730594635009765625e+01) (1, -8.71637058258056640625e+00) (2, 1.03959102630615234375e+01) (3, -4.86871671676635742188e+00) (4, -1.09861421585083007812e+00) (5, -3.21880459785461425781e+00) (6, -1.88132774829864501953e+00) (0, -1.28137814998626708984e+00) (1, -2.49273281097412109375e+01) (2, 1.23085803985595703125e+01) (3, -1.61138916015625000000e+00) (4, 2.56717324256896972656e-01) (5, -5.07439899444580078125e+00) (6, 1.60221652984619140625e+01) (0, -1.17682638168334960938e+01) (1, 1.15294981002807617188e+01) (2, -7.55151033401489257812e+00) (3, -6.68998777866363525391e-01) (4, -4.43363875150680541992e-01) (5, 5.22514057159423828125e+00) (6, 8.94945561885833740234e-01) (0, 1.87401044368743896484e+00) (1, 2.75331711769104003906e+00) (2, -1.79524624347686767578e+00) (3, -6.74670505523681640625e+00) (4, -3.16544747352600097656e+00) (5, 2.93069672584533691406e+00) (6, 9.08832490444183349609e-01) (7, -2.64878940582275390625e+00) (8, -2.35042190551757812500e+00) (9, -3.27948236465454101562e+00) (10, -5.95756113529205322266e-01) (11, 1.85167002677917480469e+00) 
