FANN_FLO_2.1
num_layers=4
learning_rate=0.500000
connection_rate=1.000000
network_type=0
learning_momentum=0.000000
training_algorithm=2
train_error_function=1
train_stop_function=0
cascade_output_change_fraction=0.010000
quickprop_decay=-0.000100
quickprop_mu=1.750000
rprop_increase_factor=1.200000
rprop_decrease_factor=0.500000
rprop_delta_min=0.000000
rprop_delta_max=50.000000
rprop_delta_zero=0.100000
cascade_output_stagnation_epochs=12
cascade_candidate_change_fraction=0.010000
cascade_candidate_stagnation_epochs=12
cascade_max_out_epochs=150
cascade_min_out_epochs=50
cascade_max_cand_epochs=150
cascade_min_cand_epochs=50
cascade_num_candidate_groups=2
bit_fail_limit=3.49999994039535522461e-01
cascade_candidate_limit=1.00000000000000000000e+03
cascade_weight_multiplier=4.00000005960464477539e-01
cascade_activation_functions_count=10
cascade_activation_functions=3 5 7 8 10 11 14 15 16 17 
cascade_activation_steepnesses_count=4
cascade_activation_steepnesses=2.50000000000000000000e-01 5.00000000000000000000e-01 7.50000000000000000000e-01 1.00000000000000000000e+00 
layer_sizes=2 5 5 3 
scale_included=0
neurons (num_inputs, activation_function, activation_steepness)=(0, 0, 0.00000000000000000000e+00) (0, 0, 0.00000000000000000000e+00) (2, 3, 5.00000000000000000000e-01) (2, 3, 5.00000000000000000000e-01) (2, 3, 5.00000000000000000000e-01) (2, 3, 5.00000000000000000000e-01) (0, 3, 0.00000000000000000000e+00) (5, 3, 5.00000000000000000000e-01) (5, 3, 5.00000000000000000000e-01) (5, 3, 5.00000000000000000000e-01) (5, 3, 5.00000000000000000000e-01) (0, 3, 0.00000000000000000000e+00) (5, 0, 5.00000000000000000000e-01) (5, 0, 5.00000000000000000000e-01) (0, 0, 0.00000000000000000000e+00) 
connections (connected_to_neuron, weight)=(0, -4.77668418884277343750e+01) (1, 1.72178382873535156250e+01) (0, -1.36856002807617187500e+02) (1, -1.21983850097656250000e+03) (0, -1.45372363281250000000e+03) (1, -1.43070507049560546875e+00) (0, -3.16525516510009765625e+01) (1, 1.25479965209960937500e+01) (2, -4.67228210449218750000e+02) (3, 1.50000000000000000000e+03) (4, 4.31859924316406250000e+02) (5, 7.27019500732421875000e+01) (6, -7.53022050857543945312e+00) (2, -1.79315795898437500000e+02) (3, 1.50000000000000000000e+03) (4, 9.52627319335937500000e+02) (5, 1.76030761718750000000e+02) (6, 1.18694744110107421875e+01) (2, -2.16822433471679687500e+00) (3, 1.50000000000000000000e+03) (4, -1.37351598739624023438e+01) (5, -2.44269156455993652344e+00) (6, 4.42667055130004882812e+00) (2, -1.72966690063476562500e+01) (3, 1.50000000000000000000e+03) (4, 9.12215576171875000000e+01) (5, -3.15143322944641113281e+00) (6, 1.84254765510559082031e+00) (7, 5.28765144348144531250e+01) (8, 9.96680676937103271484e-01) (9, -2.34410810470581054688e+00) (10, 2.07048201560974121094e+00) (11, -1.41641271114349365234e+00) (7, 1.46857662200927734375e+01) (8, 1.23297846317291259766e+00) (9, -4.16688108444213867188e+00) (10, -1.15970528125762939453e+00) (11, 1.32059454917907714844e+00) 
