FANN_FLO_2.1
num_layers=4
learning_rate=0.500000
connection_rate=1.000000
network_type=0
learning_momentum=0.000000
training_algorithm=2
train_error_function=1
train_stop_function=0
cascade_output_change_fraction=0.010000
quickprop_decay=-0.000100
quickprop_mu=1.750000
rprop_increase_factor=1.200000
rprop_decrease_factor=0.500000
rprop_delta_min=0.000000
rprop_delta_max=50.000000
rprop_delta_zero=0.100000
cascade_output_stagnation_epochs=12
cascade_candidate_change_fraction=0.010000
cascade_candidate_stagnation_epochs=12
cascade_max_out_epochs=150
cascade_min_out_epochs=50
cascade_max_cand_epochs=150
cascade_min_cand_epochs=50
cascade_num_candidate_groups=2
bit_fail_limit=3.49999994039535522461e-01
cascade_candidate_limit=1.00000000000000000000e+03
cascade_weight_multiplier=4.00000005960464477539e-01
cascade_activation_functions_count=10
cascade_activation_functions=3 5 7 8 10 11 14 15 16 17 
cascade_activation_steepnesses_count=4
cascade_activation_steepnesses=2.50000000000000000000e-01 5.00000000000000000000e-01 7.50000000000000000000e-01 1.00000000000000000000e+00 
layer_sizes=10 3 3 2 
scale_included=0
neurons (num_inputs, activation_function, activation_steepness)=(0, 0, 0.00000000000000000000e+00) (0, 0, 0.00000000000000000000e+00) (0, 0, 0.00000000000000000000e+00) (0, 0, 0.00000000000000000000e+00) (0, 0, 0.00000000000000000000e+00) (0, 0, 0.00000000000000000000e+00) (0, 0, 0.00000000000000000000e+00) (0, 0, 0.00000000000000000000e+00) (0, 0, 0.00000000000000000000e+00) (0, 0, 0.00000000000000000000e+00) (10, 3, 5.00000000000000000000e-01) (10, 3, 5.00000000000000000000e-01) (0, 3, 0.00000000000000000000e+00) (3, 3, 5.00000000000000000000e-01) (3, 3, 5.00000000000000000000e-01) (0, 3, 0.00000000000000000000e+00) (3, 3, 5.00000000000000000000e-01) (0, 3, 0.00000000000000000000e+00) 
connections (connected_to_neuron, weight)=(0, -7.21494340896606445312e+00) (1, 3.37363338470458984375e+00) (2, 3.81687879562377929688e+00) (3, 1.17855095863342285156e+00) (4, 2.27788949012756347656e+00) (5, 2.02527084350585937500e+01) (6, -1.70936596393585205078e+00) (7, -9.46890735626220703125e+00) (8, -2.27760648727416992188e+00) (9, -4.68296813964843750000e+00) (0, 2.00632977485656738281e+00) (1, -2.84180372953414916992e-01) (2, 1.31558752059936523438e+01) (3, 1.85480022430419921875e+00) (4, 8.60297775268554687500e+00) (5, 4.24408912658691406250e+00) (6, -4.32512283325195312500e+00) (7, -3.92709708213806152344e+00) (8, -4.86996269226074218750e+01) (9, 1.57736825942993164062e+00) (10, 2.52754917144775390625e+01) (11, 1.59238109588623046875e+01) (12, -1.18958864212036132812e+01) (10, 2.26414623260498046875e+01) (11, 1.45608644485473632812e+01) (12, -1.05715789794921875000e+01) (13, 1.63751244544982910156e+00) (14, 4.30896580219268798828e-01) (15, -1.17111873626708984375e+00) 
