FANN_FLO_2.1
num_layers=4
learning_rate=0.500000
connection_rate=1.000000
network_type=0
learning_momentum=0.000000
training_algorithm=2
train_error_function=1
train_stop_function=0
cascade_output_change_fraction=0.010000
quickprop_decay=-0.000100
quickprop_mu=1.750000
rprop_increase_factor=1.200000
rprop_decrease_factor=0.500000
rprop_delta_min=0.000000
rprop_delta_max=50.000000
rprop_delta_zero=0.100000
cascade_output_stagnation_epochs=12
cascade_candidate_change_fraction=0.010000
cascade_candidate_stagnation_epochs=12
cascade_max_out_epochs=150
cascade_min_out_epochs=50
cascade_max_cand_epochs=150
cascade_min_cand_epochs=50
cascade_num_candidate_groups=2
bit_fail_limit=3.49999994039535522461e-01
cascade_candidate_limit=1.00000000000000000000e+03
cascade_weight_multiplier=4.00000005960464477539e-01
cascade_activation_functions_count=10
cascade_activation_functions=3 5 7 8 10 11 14 15 16 17 
cascade_activation_steepnesses_count=4
cascade_activation_steepnesses=2.50000000000000000000e-01 5.00000000000000000000e-01 7.50000000000000000000e-01 1.00000000000000000000e+00 
layer_sizes=2 5 3 3 
scale_included=0
neurons (num_inputs, activation_function, activation_steepness)=(0, 0, 0.00000000000000000000e+00) (0, 0, 0.00000000000000000000e+00) (2, 3, 5.00000000000000000000e-01) (2, 3, 5.00000000000000000000e-01) (2, 3, 5.00000000000000000000e-01) (2, 3, 5.00000000000000000000e-01) (0, 3, 0.00000000000000000000e+00) (5, 3, 5.00000000000000000000e-01) (5, 3, 5.00000000000000000000e-01) (0, 3, 0.00000000000000000000e+00) (3, 0, 5.00000000000000000000e-01) (3, 0, 5.00000000000000000000e-01) (0, 0, 0.00000000000000000000e+00) 
connections (connected_to_neuron, weight)=(0, 1.00959863281250000000e+03) (1, -3.05976745605468750000e+02) (0, -1.06896743774414062500e+02) (1, 1.30910053253173828125e+01) (0, 2.30638313293457031250e+01) (1, -2.40053081512451171875e+00) (0, 4.68337478637695312500e+01) (1, -2.98018002510070800781e+00) (2, -1.50000000000000000000e+03) (3, -1.96656494140625000000e+02) (4, 1.49831506347656250000e+03) (5, 1.49831506347656250000e+03) (6, 1.11374294757843017578e+00) (2, -1.16136753559112548828e+00) (3, 3.27536725997924804688e+00) (4, -7.97727227210998535156e-01) (5, -1.22003746032714843750e+00) (6, 2.74809312820434570312e+00) (7, -4.07953166961669921875e+00) (8, 1.13146257400512695312e+00) (9, 1.85403513908386230469e+00) (7, -1.72497355937957763672e+00) (8, 5.01082229614257812500e+00) (9, -1.57712078094482421875e+00) 
