FANN_FLO_2.1
num_layers=3
learning_rate=0.500000
connection_rate=1.000000
network_type=0
learning_momentum=0.000000
training_algorithm=2
train_error_function=1
train_stop_function=0
cascade_output_change_fraction=0.010000
quickprop_decay=-0.000100
quickprop_mu=1.750000
rprop_increase_factor=1.200000
rprop_decrease_factor=0.500000
rprop_delta_min=0.000000
rprop_delta_max=50.000000
rprop_delta_zero=0.100000
cascade_output_stagnation_epochs=12
cascade_candidate_change_fraction=0.010000
cascade_candidate_stagnation_epochs=12
cascade_max_out_epochs=150
cascade_min_out_epochs=50
cascade_max_cand_epochs=150
cascade_min_cand_epochs=50
cascade_num_candidate_groups=2
bit_fail_limit=3.49999994039535522461e-01
cascade_candidate_limit=1.00000000000000000000e+03
cascade_weight_multiplier=4.00000005960464477539e-01
cascade_activation_functions_count=10
cascade_activation_functions=3 5 7 8 10 11 14 15 16 17 
cascade_activation_steepnesses_count=4
cascade_activation_steepnesses=2.50000000000000000000e-01 5.00000000000000000000e-01 7.50000000000000000000e-01 1.00000000000000000000e+00 
layer_sizes=10 5 2 
scale_included=0
neurons (num_inputs, activation_function, activation_steepness)=(0, 0, 0.00000000000000000000e+00) (0, 0, 0.00000000000000000000e+00) (0, 0, 0.00000000000000000000e+00) (0, 0, 0.00000000000000000000e+00) (0, 0, 0.00000000000000000000e+00) (0, 0, 0.00000000000000000000e+00) (0, 0, 0.00000000000000000000e+00) (0, 0, 0.00000000000000000000e+00) (0, 0, 0.00000000000000000000e+00) (0, 0, 0.00000000000000000000e+00) (10, 3, 5.00000000000000000000e-01) (10, 3, 5.00000000000000000000e-01) (10, 3, 5.00000000000000000000e-01) (10, 3, 5.00000000000000000000e-01) (0, 3, 0.00000000000000000000e+00) (5, 3, 5.00000000000000000000e-01) (0, 3, 0.00000000000000000000e+00) 
connections (connected_to_neuron, weight)=(0, -1.50000000000000000000e+03) (1, -1.50000000000000000000e+03) (2, -1.50000000000000000000e+03) (3, -3.04981398582458496094e+00) (4, 5.29445886611938476562e-01) (5, -6.01193249225616455078e-01) (6, 5.07401049137115478516e-01) (7, -3.69400829076766967773e-01) (8, -5.56690871715545654297e-01) (9, 5.96974730491638183594e-01) (0, -4.56980288028717041016e-01) (1, 6.06326818466186523438e-01) (2, 1.03703737258911132812e-02) (3, -8.32858920097351074219e-01) (4, -8.06422829627990722656e-01) (5, -2.39022278785705566406e+00) (6, 8.24421787261962890625e+00) (7, -3.78312420845031738281e+00) (8, -2.07496571540832519531e+00) (9, 2.29626208543777465820e-01) (0, -1.24064190313220024109e-02) (1, -2.93081905692815780640e-02) (2, 9.19100344181060791016e-01) (3, -9.19430613517761230469e-01) (4, 5.99570333957672119141e-01) (5, -3.86632025241851806641e-01) (6, 6.32645785808563232422e-01) (7, -3.14247655868530273438e+00) (8, -1.44154632091522216797e+00) (9, 8.71377050876617431641e-01) (0, -4.31156396865844726562e+00) (1, -3.17773413658142089844e+00) (2, -2.33892932534217834473e-01) (3, -5.15929174423217773438e+00) (4, 9.76528227329254150391e-01) (5, 2.09226822853088378906e+00) (6, -8.16258716583251953125e+00) (7, -2.00296783447265625000e+00) (8, 1.30816364288330078125e+01) (9, 1.62490558624267578125e+00) (10, 2.35926079750061035156e+00) (11, 3.83954739570617675781e+00) (12, 4.58036804199218750000e+00) (13, 2.91717338562011718750e+00) (14, -4.00721883773803710938e+00) 
