FANN_FLO_2.1
num_layers=3
learning_rate=0.400000
connection_rate=1.000000
network_type=0
learning_momentum=0.000000
training_algorithm=2
train_error_function=1
train_stop_function=0
cascade_output_change_fraction=0.010000
quickprop_decay=-0.000100
quickprop_mu=1.750000
rprop_increase_factor=1.200000
rprop_decrease_factor=0.500000
rprop_delta_min=0.000000
rprop_delta_max=50.000000
rprop_delta_zero=0.100000
cascade_output_stagnation_epochs=12
cascade_candidate_change_fraction=0.010000
cascade_candidate_stagnation_epochs=12
cascade_max_out_epochs=150
cascade_min_out_epochs=50
cascade_max_cand_epochs=150
cascade_min_cand_epochs=50
cascade_num_candidate_groups=2
bit_fail_limit=3.49999994039535522461e-01
cascade_candidate_limit=1.00000000000000000000e+03
cascade_weight_multiplier=4.00000005960464477539e-01
cascade_activation_functions_count=10
cascade_activation_functions=3 5 7 8 10 11 14 15 16 17 
cascade_activation_steepnesses_count=4
cascade_activation_steepnesses=2.50000000000000000000e-01 5.00000000000000000000e-01 7.50000000000000000000e-01 1.00000000000000000000e+00 
layer_sizes=19 3 3 
scale_included=0
neurons (num_inputs, activation_function, activation_steepness)=(0, 0, 0.00000000000000000000e+00) (0, 0, 0.00000000000000000000e+00) (0, 0, 0.00000000000000000000e+00) (0, 0, 0.00000000000000000000e+00) (0, 0, 0.00000000000000000000e+00) (0, 0, 0.00000000000000000000e+00) (0, 0, 0.00000000000000000000e+00) (0, 0, 0.00000000000000000000e+00) (0, 0, 0.00000000000000000000e+00) (0, 0, 0.00000000000000000000e+00) (0, 0, 0.00000000000000000000e+00) (0, 0, 0.00000000000000000000e+00) (0, 0, 0.00000000000000000000e+00) (0, 0, 0.00000000000000000000e+00) (0, 0, 0.00000000000000000000e+00) (0, 0, 0.00000000000000000000e+00) (0, 0, 0.00000000000000000000e+00) (0, 0, 0.00000000000000000000e+00) (0, 0, 0.00000000000000000000e+00) (19, 3, 5.00000000000000000000e-01) (19, 3, 5.00000000000000000000e-01) (0, 3, 0.00000000000000000000e+00) (3, 3, 5.00000000000000000000e-01) (3, 3, 5.00000000000000000000e-01) (0, 3, 0.00000000000000000000e+00) 
connections (connected_to_neuron, weight)=(0, 9.63654804229736328125e+00) (1, -4.44717216491699218750e+00) (2, -2.05211088061332702637e-01) (3, 6.81514883041381835938e+00) (4, -5.45813989639282226562e+00) (5, -2.92258262634277343750e-01) (6, 7.27007198333740234375e+00) (7, -3.04833292961120605469e+00) (8, -4.20124344527721405029e-02) (9, -1.08627319335937500000e+01) (10, 7.65233659744262695312e+00) (11, -4.26793432235717773438e+00) (12, -7.91972827911376953125e+00) (13, 3.08013820648193359375e+00) (14, 1.29875540733337402344e+00) (15, -5.91007757186889648438e+00) (16, 2.63297438621520996094e+00) (17, -1.92794471979141235352e-01) (18, -2.16975021362304687500e+00) (0, -5.00832557678222656250e+00) (1, 2.73745870590209960938e+00) (2, -2.43971085548400878906e+00) (3, -7.41298913955688476562e+00) (4, 1.23415029048919677734e+00) (5, 2.87494421005249023438e-01) (6, -4.50335550308227539062e+00) (7, 3.97495441138744354248e-02) (8, 1.77865099906921386719e+00) (9, 7.13530349731445312500e+00) (10, -3.61771678924560546875e+00) (11, 1.49612903594970703125e+00) (12, 5.35660791397094726562e+00) (13, -3.60809111595153808594e+00) (14, 1.55318546295166015625e+00) (15, 8.41725254058837890625e+00) (16, -2.56350994110107421875e+00) (17, 2.24105930328369140625e+00) (18, -5.97929954528808593750e+00) (19, -1.13214683532714843750e+00) (20, -1.43765294551849365234e+00) (21, 8.01441371440887451172e-02) (19, 1.13101017475128173828e+00) (20, 1.43405950069427490234e+00) (21, -7.93359950184822082520e-02) 
