FANN_FLO_2.1
num_layers=4
learning_rate=0.400000
connection_rate=1.000000
network_type=0
learning_momentum=0.000000
training_algorithm=2
train_error_function=1
train_stop_function=0
cascade_output_change_fraction=0.010000
quickprop_decay=-0.000100
quickprop_mu=1.750000
rprop_increase_factor=1.200000
rprop_decrease_factor=0.500000
rprop_delta_min=0.000000
rprop_delta_max=50.000000
rprop_delta_zero=0.100000
cascade_output_stagnation_epochs=12
cascade_candidate_change_fraction=0.010000
cascade_candidate_stagnation_epochs=12
cascade_max_out_epochs=150
cascade_min_out_epochs=50
cascade_max_cand_epochs=150
cascade_min_cand_epochs=50
cascade_num_candidate_groups=2
bit_fail_limit=3.49999994039535522461e-01
cascade_candidate_limit=1.00000000000000000000e+03
cascade_weight_multiplier=4.00000005960464477539e-01
cascade_activation_functions_count=10
cascade_activation_functions=3 5 7 8 10 11 14 15 16 17 
cascade_activation_steepnesses_count=4
cascade_activation_steepnesses=2.50000000000000000000e-01 5.00000000000000000000e-01 7.50000000000000000000e-01 1.00000000000000000000e+00 
layer_sizes=7 5 5 2 
scale_included=0
neurons (num_inputs, activation_function, activation_steepness)=(0, 0, 0.00000000000000000000e+00) (0, 0, 0.00000000000000000000e+00) (0, 0, 0.00000000000000000000e+00) (0, 0, 0.00000000000000000000e+00) (0, 0, 0.00000000000000000000e+00) (0, 0, 0.00000000000000000000e+00) (0, 0, 0.00000000000000000000e+00) (7, 3, 5.00000000000000000000e-01) (7, 3, 5.00000000000000000000e-01) (7, 3, 5.00000000000000000000e-01) (7, 3, 5.00000000000000000000e-01) (0, 3, 0.00000000000000000000e+00) (5, 3, 5.00000000000000000000e-01) (5, 3, 5.00000000000000000000e-01) (5, 3, 5.00000000000000000000e-01) (5, 3, 5.00000000000000000000e-01) (0, 3, 0.00000000000000000000e+00) (5, 3, 5.00000000000000000000e-01) (0, 3, 0.00000000000000000000e+00) 
connections (connected_to_neuron, weight)=(0, -2.88142848014831542969e+00) (1, -4.39533472061157226562e+00) (2, 4.63765678405761718750e+01) (3, -8.02870941162109375000e+00) (4, -5.00330162048339843750e+00) (5, 2.49370336532592773438e+00) (6, 4.23434448242187500000e+00) (0, -1.17865037918090820312e+00) (1, 5.65098583698272705078e-01) (2, 2.14997425079345703125e+01) (3, -1.71996479034423828125e+01) (4, -5.14021873474121093750e+00) (5, 5.03089809417724609375e+00) (6, 2.59185409545898437500e+00) (0, -8.50652790069580078125e+00) (1, 7.66050195693969726562e+00) (2, 3.60052070617675781250e+01) (3, -3.26952886581420898438e+00) (4, -8.08631896972656250000e+00) (5, -3.85443615913391113281e+00) (6, 1.16407656669616699219e+00) (0, 2.62916237115859985352e-01) (1, 8.37454438209533691406e-01) (2, 3.51244171142578125000e+02) (3, -8.79030799865722656250e+00) (4, -4.18158493041992187500e+01) (5, 1.16487205028533935547e-01) (6, 7.00047731399536132812e+00) (7, 1.50000000000000000000e+03) (8, 1.50000000000000000000e+03) (9, 1.50000000000000000000e+03) (10, -3.35453857421875000000e+02) (11, 1.74752032756805419922e+00) (7, 1.50000000000000000000e+03) (8, 1.50000000000000000000e+03) (9, 1.50000000000000000000e+03) (10, 1.50000000000000000000e+03) (11, -7.74671096801757812500e+01) (7, 1.50000000000000000000e+03) (8, 1.50000000000000000000e+03) (9, 1.50000000000000000000e+03) (10, 1.50000000000000000000e+03) (11, -6.37235832214355468750e+00) (7, 1.50000000000000000000e+03) (8, 1.50000000000000000000e+03) (9, 1.50000000000000000000e+03) (10, -1.94062957763671875000e+02) (11, -6.87882804870605468750e+00) (12, -7.53228545188903808594e-01) (13, -8.00069808959960937500e-01) (14, -2.30236679315567016602e-01) (15, -4.58324044942855834961e-01) (16, -8.89007031917572021484e-01) 
