FANN_FLO_2.1
num_layers=4
learning_rate=0.500000
connection_rate=1.000000
network_type=0
learning_momentum=0.000000
training_algorithm=2
train_error_function=1
train_stop_function=0
cascade_output_change_fraction=0.010000
quickprop_decay=-0.000100
quickprop_mu=1.750000
rprop_increase_factor=1.200000
rprop_decrease_factor=0.500000
rprop_delta_min=0.000000
rprop_delta_max=50.000000
rprop_delta_zero=0.100000
cascade_output_stagnation_epochs=12
cascade_candidate_change_fraction=0.010000
cascade_candidate_stagnation_epochs=12
cascade_max_out_epochs=150
cascade_min_out_epochs=50
cascade_max_cand_epochs=150
cascade_min_cand_epochs=50
cascade_num_candidate_groups=2
bit_fail_limit=3.49999994039535522461e-01
cascade_candidate_limit=1.00000000000000000000e+03
cascade_weight_multiplier=4.00000005960464477539e-01
cascade_activation_functions_count=10
cascade_activation_functions=3 5 7 8 10 11 14 15 16 17 
cascade_activation_steepnesses_count=4
cascade_activation_steepnesses=2.50000000000000000000e-01 5.00000000000000000000e-01 7.50000000000000000000e-01 1.00000000000000000000e+00 
layer_sizes=10 5 3 2 
scale_included=0
neurons (num_inputs, activation_function, activation_steepness)=(0, 0, 0.00000000000000000000e+00) (0, 0, 0.00000000000000000000e+00) (0, 0, 0.00000000000000000000e+00) (0, 0, 0.00000000000000000000e+00) (0, 0, 0.00000000000000000000e+00) (0, 0, 0.00000000000000000000e+00) (0, 0, 0.00000000000000000000e+00) (0, 0, 0.00000000000000000000e+00) (0, 0, 0.00000000000000000000e+00) (0, 0, 0.00000000000000000000e+00) (10, 3, 5.00000000000000000000e-01) (10, 3, 5.00000000000000000000e-01) (10, 3, 5.00000000000000000000e-01) (10, 3, 5.00000000000000000000e-01) (0, 3, 0.00000000000000000000e+00) (5, 3, 5.00000000000000000000e-01) (5, 3, 5.00000000000000000000e-01) (0, 3, 0.00000000000000000000e+00) (3, 3, 5.00000000000000000000e-01) (0, 3, 0.00000000000000000000e+00) 
connections (connected_to_neuron, weight)=(0, -3.73363280296325683594e+00) (1, -7.84415960311889648438e-01) (2, -5.33222675323486328125e+00) (3, -1.04256236553192138672e+00) (4, 1.89057147502899169922e+00) (5, 3.98921155929565429688e+00) (6, 3.18838810920715332031e+00) (7, -2.38076996803283691406e+00) (8, -3.15513205528259277344e+00) (9, 3.68954014778137207031e+00) (0, 5.23574018478393554688e+00) (1, 7.75770425796508789062e-01) (2, 1.81421613693237304688e+00) (3, 1.95376622676849365234e+00) (4, -1.16840744018554687500e+00) (5, -3.12097406387329101562e+00) (6, -1.47691392898559570312e+00) (7, 3.68742847442626953125e+00) (8, 1.96263313293457031250e+00) (9, -4.77182531356811523438e+00) (0, -1.87205767631530761719e+00) (1, -2.72699952125549316406e-01) (2, -1.09776723384857177734e+00) (3, -2.69520330429077148438e+00) (4, 7.46387004852294921875e-01) (5, 1.39179527759552001953e+00) (6, 3.82091909646987915039e-01) (7, -1.10939729213714599609e+00) (8, 8.55685710906982421875e-01) (9, 1.19084477424621582031e+00) (0, -4.03339242935180664062e+00) (1, -6.12398445606231689453e-01) (2, -1.66890919208526611328e+00) (3, -1.48655462265014648438e+00) (4, 5.89079022407531738281e-01) (5, 9.61640357971191406250e-01) (6, 8.99060726165771484375e-01) (7, -1.43323969841003417969e+00) (8, -1.67634749412536621094e+00) (9, 1.28710162639617919922e+00) (10, 9.01930427551269531250e+00) (11, -3.20382595062255859375e+00) (12, 3.64814114570617675781e+00) (13, -7.72014188766479492188e+00) (14, -1.87667024135589599609e+00) (10, 9.30812644958496093750e+00) (11, -4.93441486358642578125e+00) (12, 5.34705734252929687500e+00) (13, -1.49681167602539062500e+01) (14, -1.44345772266387939453e+00) (15, 9.12151217460632324219e-01) (16, 1.68350696563720703125e+00) (17, -1.68179976940155029297e+00) 
