FANN_FLO_2.1
num_layers=4
learning_rate=0.500000
connection_rate=1.000000
network_type=0
learning_momentum=0.000000
training_algorithm=2
train_error_function=1
train_stop_function=0
cascade_output_change_fraction=0.010000
quickprop_decay=-0.000100
quickprop_mu=1.750000
rprop_increase_factor=1.200000
rprop_decrease_factor=0.500000
rprop_delta_min=0.000000
rprop_delta_max=50.000000
rprop_delta_zero=0.100000
cascade_output_stagnation_epochs=12
cascade_candidate_change_fraction=0.010000
cascade_candidate_stagnation_epochs=12
cascade_max_out_epochs=150
cascade_min_out_epochs=50
cascade_max_cand_epochs=150
cascade_min_cand_epochs=50
cascade_num_candidate_groups=2
bit_fail_limit=3.49999994039535522461e-01
cascade_candidate_limit=1.00000000000000000000e+03
cascade_weight_multiplier=4.00000005960464477539e-01
cascade_activation_functions_count=10
cascade_activation_functions=3 5 7 8 10 11 14 15 16 17 
cascade_activation_steepnesses_count=4
cascade_activation_steepnesses=2.50000000000000000000e-01 5.00000000000000000000e-01 7.50000000000000000000e-01 1.00000000000000000000e+00 
layer_sizes=10 3 3 2 
scale_included=0
neurons (num_inputs, activation_function, activation_steepness)=(0, 0, 0.00000000000000000000e+00) (0, 0, 0.00000000000000000000e+00) (0, 0, 0.00000000000000000000e+00) (0, 0, 0.00000000000000000000e+00) (0, 0, 0.00000000000000000000e+00) (0, 0, 0.00000000000000000000e+00) (0, 0, 0.00000000000000000000e+00) (0, 0, 0.00000000000000000000e+00) (0, 0, 0.00000000000000000000e+00) (0, 0, 0.00000000000000000000e+00) (10, 3, 5.00000000000000000000e-01) (10, 3, 5.00000000000000000000e-01) (0, 3, 0.00000000000000000000e+00) (3, 3, 5.00000000000000000000e-01) (3, 3, 5.00000000000000000000e-01) (0, 3, 0.00000000000000000000e+00) (3, 3, 5.00000000000000000000e-01) (0, 3, 0.00000000000000000000e+00) 
connections (connected_to_neuron, weight)=(0, 3.08288359642028808594e+00) (1, -5.80980300903320312500e+01) (2, 8.29358367919921875000e+01) (3, 3.34840736389160156250e+01) (4, -1.07974233627319335938e+01) (5, -2.27669105529785156250e+01) (6, 2.85972232818603515625e+01) (7, -5.74665307998657226562e-01) (8, -3.50557212829589843750e+01) (9, -9.06171053647994995117e-02) (0, 3.00488138198852539062e+00) (1, -2.32709197998046875000e+01) (2, 1.47815332031250000000e+03) (3, 1.56393232345581054688e+01) (4, -3.10702877044677734375e+01) (5, -5.35530204772949218750e+01) (6, -6.40148639678955078125e+00) (7, -7.23883361816406250000e+01) (8, -7.79726791381835937500e+01) (9, -8.10578765869140625000e+01) (10, -8.19361816406250000000e+02) (11, -1.50000000000000000000e+03) (12, 1.40434694290161132812e+00) (10, -1.50000000000000000000e+03) (11, -1.50000000000000000000e+03) (12, 3.05207977294921875000e+01) (13, 1.89386428833007812500e+02) (14, 1.31341600418090820312e+00) (15, 2.24885880947113037109e-01) 
