FANN_FLO_2.1
num_layers=3
learning_rate=0.400000
connection_rate=1.000000
network_type=0
learning_momentum=0.000000
training_algorithm=2
train_error_function=1
train_stop_function=0
cascade_output_change_fraction=0.010000
quickprop_decay=-0.000100
quickprop_mu=1.750000
rprop_increase_factor=1.200000
rprop_decrease_factor=0.500000
rprop_delta_min=0.000000
rprop_delta_max=50.000000
rprop_delta_zero=0.100000
cascade_output_stagnation_epochs=12
cascade_candidate_change_fraction=0.010000
cascade_candidate_stagnation_epochs=12
cascade_max_out_epochs=150
cascade_min_out_epochs=50
cascade_max_cand_epochs=150
cascade_min_cand_epochs=50
cascade_num_candidate_groups=2
bit_fail_limit=3.49999994039535522461e-01
cascade_candidate_limit=1.00000000000000000000e+03
cascade_weight_multiplier=4.00000005960464477539e-01
cascade_activation_functions_count=10
cascade_activation_functions=3 5 7 8 10 11 14 15 16 17 
cascade_activation_steepnesses_count=4
cascade_activation_steepnesses=2.50000000000000000000e-01 5.00000000000000000000e-01 7.50000000000000000000e-01 1.00000000000000000000e+00 
layer_sizes=7 5 2 
scale_included=0
neurons (num_inputs, activation_function, activation_steepness)=(0, 0, 0.00000000000000000000e+00) (0, 0, 0.00000000000000000000e+00) (0, 0, 0.00000000000000000000e+00) (0, 0, 0.00000000000000000000e+00) (0, 0, 0.00000000000000000000e+00) (0, 0, 0.00000000000000000000e+00) (0, 0, 0.00000000000000000000e+00) (7, 3, 5.00000000000000000000e-01) (7, 3, 5.00000000000000000000e-01) (7, 3, 5.00000000000000000000e-01) (7, 3, 5.00000000000000000000e-01) (0, 3, 0.00000000000000000000e+00) (5, 3, 5.00000000000000000000e-01) (0, 3, 0.00000000000000000000e+00) 
connections (connected_to_neuron, weight)=(0, -1.60728335380554199219e-01) (1, -4.74926054477691650391e-01) (2, 1.81687223911285400391e+00) (3, -6.22162389755249023438e+00) (4, 1.62233746051788330078e+00) (5, -1.38153481483459472656e+00) (6, 8.01596879959106445312e-01) (0, 7.92500638961791992188e+00) (1, -1.12643299102783203125e+01) (2, 5.33278512954711914062e+00) (3, -5.09931087493896484375e+00) (4, -1.90275323390960693359e+00) (5, -1.13947427272796630859e+00) (6, 6.69071006774902343750e+00) (0, -1.66874561309814453125e+01) (1, 1.62186298370361328125e+01) (2, -7.48668861389160156250e+00) (3, 2.77353644371032714844e+00) (4, -2.49856263399124145508e-02) (5, 5.79150152206420898438e+00) (6, 3.31066727638244628906e-01) (0, -4.09195542335510253906e-01) (1, 4.73706454038619995117e-01) (2, 6.66315126419067382812e+00) (3, -2.03962182998657226562e+00) (4, -3.99087882041931152344e+00) (5, -3.80059933662414550781e+00) (6, 7.86945939064025878906e-01) (7, -1.50845539569854736328e+00) (8, -2.09627223014831542969e+00) (9, -3.05970144271850585938e+00) (10, -1.61524128913879394531e+00) (11, 1.78883957862854003906e+00) 
