FANN_FLO_2.1
num_layers=4
learning_rate=0.500000
connection_rate=1.000000
network_type=0
learning_momentum=0.000000
training_algorithm=2
train_error_function=1
train_stop_function=0
cascade_output_change_fraction=0.010000
quickprop_decay=-0.000100
quickprop_mu=1.750000
rprop_increase_factor=1.200000
rprop_decrease_factor=0.500000
rprop_delta_min=0.000000
rprop_delta_max=50.000000
rprop_delta_zero=0.100000
cascade_output_stagnation_epochs=12
cascade_candidate_change_fraction=0.010000
cascade_candidate_stagnation_epochs=12
cascade_max_out_epochs=150
cascade_min_out_epochs=50
cascade_max_cand_epochs=150
cascade_min_cand_epochs=50
cascade_num_candidate_groups=2
bit_fail_limit=3.49999994039535522461e-01
cascade_candidate_limit=1.00000000000000000000e+03
cascade_weight_multiplier=4.00000005960464477539e-01
cascade_activation_functions_count=10
cascade_activation_functions=3 5 7 8 10 11 14 15 16 17 
cascade_activation_steepnesses_count=4
cascade_activation_steepnesses=2.50000000000000000000e-01 5.00000000000000000000e-01 7.50000000000000000000e-01 1.00000000000000000000e+00 
layer_sizes=2 5 5 3 
scale_included=0
neurons (num_inputs, activation_function, activation_steepness)=(0, 0, 0.00000000000000000000e+00) (0, 0, 0.00000000000000000000e+00) (2, 3, 5.00000000000000000000e-01) (2, 3, 5.00000000000000000000e-01) (2, 3, 5.00000000000000000000e-01) (2, 3, 5.00000000000000000000e-01) (0, 3, 0.00000000000000000000e+00) (5, 3, 5.00000000000000000000e-01) (5, 3, 5.00000000000000000000e-01) (5, 3, 5.00000000000000000000e-01) (5, 3, 5.00000000000000000000e-01) (0, 3, 0.00000000000000000000e+00) (5, 0, 5.00000000000000000000e-01) (5, 0, 5.00000000000000000000e-01) (0, 0, 0.00000000000000000000e+00) 
connections (connected_to_neuron, weight)=(0, 1.50000000000000000000e+03) (1, 5.78159618377685546875e+00) (0, 1.50000000000000000000e+03) (1, -4.54435014724731445312e+00) (0, 1.50000000000000000000e+03) (1, 1.99934425354003906250e+01) (0, 1.50000000000000000000e+03) (1, -1.84786071777343750000e+02) (2, -5.37551224231719970703e-01) (3, -1.08457117080688476562e+01) (4, -5.45214557647705078125e+00) (5, 1.63553791046142578125e+01) (6, 1.40315547585487365723e-01) (2, 6.27769104003906250000e+02) (3, -1.42697949218750000000e+03) (4, 7.99221313476562500000e+02) (5, 8.57157531738281250000e+02) (6, 9.28775072097778320312e-01) (2, 3.93492622375488281250e+01) (3, 1.50000000000000000000e+03) (4, 1.12467098236083984375e+01) (5, 1.50000000000000000000e+03) (6, 4.61124181747436523438e+00) (2, -4.37335021972656250000e+02) (3, -1.50000000000000000000e+03) (4, -6.96636169433593750000e+02) (5, -1.31972363281250000000e+03) (6, 2.90263324975967407227e-01) (7, -3.41181015968322753906e+00) (8, 1.99087893962860107422e+00) (9, -2.35886669158935546875e+00) (10, 1.50000000000000000000e+03) (11, 2.47436851263046264648e-01) (7, -6.33174276351928710938e+00) (8, 1.40652048587799072266e+00) (9, -1.00417482852935791016e+00) (10, 1.50000000000000000000e+03) (11, 1.73364996910095214844e+00) 
