FANN_FLO_2.1
num_layers=4
learning_rate=0.500000
connection_rate=1.000000
network_type=0
learning_momentum=0.000000
training_algorithm=2
train_error_function=1
train_stop_function=0
cascade_output_change_fraction=0.010000
quickprop_decay=-0.000100
quickprop_mu=1.750000
rprop_increase_factor=1.200000
rprop_decrease_factor=0.500000
rprop_delta_min=0.000000
rprop_delta_max=50.000000
rprop_delta_zero=0.100000
cascade_output_stagnation_epochs=12
cascade_candidate_change_fraction=0.010000
cascade_candidate_stagnation_epochs=12
cascade_max_out_epochs=150
cascade_min_out_epochs=50
cascade_max_cand_epochs=150
cascade_min_cand_epochs=50
cascade_num_candidate_groups=2
bit_fail_limit=3.49999994039535522461e-01
cascade_candidate_limit=1.00000000000000000000e+03
cascade_weight_multiplier=4.00000005960464477539e-01
cascade_activation_functions_count=10
cascade_activation_functions=3 5 7 8 10 11 14 15 16 17 
cascade_activation_steepnesses_count=4
cascade_activation_steepnesses=2.50000000000000000000e-01 5.00000000000000000000e-01 7.50000000000000000000e-01 1.00000000000000000000e+00 
layer_sizes=2 5 5 3 
scale_included=0
neurons (num_inputs, activation_function, activation_steepness)=(0, 0, 0.00000000000000000000e+00) (0, 0, 0.00000000000000000000e+00) (2, 3, 5.00000000000000000000e-01) (2, 3, 5.00000000000000000000e-01) (2, 3, 5.00000000000000000000e-01) (2, 3, 5.00000000000000000000e-01) (0, 3, 0.00000000000000000000e+00) (5, 3, 5.00000000000000000000e-01) (5, 3, 5.00000000000000000000e-01) (5, 3, 5.00000000000000000000e-01) (5, 3, 5.00000000000000000000e-01) (0, 3, 0.00000000000000000000e+00) (5, 0, 5.00000000000000000000e-01) (5, 0, 5.00000000000000000000e-01) (0, 0, 0.00000000000000000000e+00) 
connections (connected_to_neuron, weight)=(0, 4.50991249084472656250e+01) (1, -2.03377699851989746094e+00) (0, 1.39215421676635742188e+01) (1, -4.80965042114257812500e+00) (0, 7.04924926757812500000e+01) (1, -6.26467883586883544922e-01) (0, 2.85104389190673828125e+01) (1, -4.55258274078369140625e+00) (2, 1.04897606372833251953e+00) (3, -1.27328996658325195312e+01) (4, 9.08419072628021240234e-01) (5, 9.57916831970214843750e+00) (6, -1.25856733322143554688e+00) (2, -2.50302582979202270508e-01) (3, -1.01043739318847656250e+01) (4, 1.20229646563529968262e-01) (5, -8.51281285285949707031e-01) (6, 6.76667153835296630859e-01) (2, 3.05888712406158447266e-01) (3, -3.79480338096618652344e+00) (4, 4.87111628055572509766e-01) (5, -2.90214508771896362305e-01) (6, 3.74425441026687622070e-01) (2, 1.14789748191833496094e+00) (3, 8.69278550148010253906e-01) (4, 4.71515476703643798828e-01) (5, 2.31080007553100585938e+00) (6, 5.04820570349693298340e-02) (7, -1.53121161460876464844e+00) (8, 2.35000920295715332031e+00) (9, -1.99630689620971679688e+00) (10, 4.08407449722290039062e-01) (11, -3.03015541285276412964e-02) (7, 1.61196902394294738770e-01) (8, 1.34954178333282470703e+00) (9, 3.93587541580200195312e+00) (10, -2.38337874412536621094e+00) (11, 1.14027503877878189087e-03) 
