FANN_FLO_2.1
num_layers=4
learning_rate=0.500000
connection_rate=1.000000
network_type=0
learning_momentum=0.000000
training_algorithm=2
train_error_function=1
train_stop_function=0
cascade_output_change_fraction=0.010000
quickprop_decay=-0.000100
quickprop_mu=1.750000
rprop_increase_factor=1.200000
rprop_decrease_factor=0.500000
rprop_delta_min=0.000000
rprop_delta_max=50.000000
rprop_delta_zero=0.100000
cascade_output_stagnation_epochs=12
cascade_candidate_change_fraction=0.010000
cascade_candidate_stagnation_epochs=12
cascade_max_out_epochs=150
cascade_min_out_epochs=50
cascade_max_cand_epochs=150
cascade_min_cand_epochs=50
cascade_num_candidate_groups=2
bit_fail_limit=3.49999994039535522461e-01
cascade_candidate_limit=1.00000000000000000000e+03
cascade_weight_multiplier=4.00000005960464477539e-01
cascade_activation_functions_count=10
cascade_activation_functions=3 5 7 8 10 11 14 15 16 17 
cascade_activation_steepnesses_count=4
cascade_activation_steepnesses=2.50000000000000000000e-01 5.00000000000000000000e-01 7.50000000000000000000e-01 1.00000000000000000000e+00 
layer_sizes=2 5 3 3 
scale_included=0
neurons (num_inputs, activation_function, activation_steepness)=(0, 0, 0.00000000000000000000e+00) (0, 0, 0.00000000000000000000e+00) (2, 3, 5.00000000000000000000e-01) (2, 3, 5.00000000000000000000e-01) (2, 3, 5.00000000000000000000e-01) (2, 3, 5.00000000000000000000e-01) (0, 3, 0.00000000000000000000e+00) (5, 3, 5.00000000000000000000e-01) (5, 3, 5.00000000000000000000e-01) (0, 3, 0.00000000000000000000e+00) (3, 0, 5.00000000000000000000e-01) (3, 0, 5.00000000000000000000e-01) (0, 0, 0.00000000000000000000e+00) 
connections (connected_to_neuron, weight)=(0, -1.50000000000000000000e+03) (1, -7.85405883789062500000e+01) (0, -8.19342041015625000000e+00) (1, 6.07087326049804687500e+00) (0, -1.13065925598144531250e+02) (1, 2.92049827575683593750e+01) (0, -6.41437225341796875000e+01) (1, 1.56326265335083007812e+01) (2, -1.50000000000000000000e+03) (3, 1.42606515884399414062e+01) (4, -9.74471664428710937500e+00) (5, -3.02326226234436035156e+00) (6, -1.39323770999908447266e+00) (2, 1.50000000000000000000e+03) (3, -4.76656532287597656250e+00) (4, -1.50000000000000000000e+03) (5, -1.50000000000000000000e+03) (6, 3.30585360527038574219e+00) (7, -2.82439589500427246094e+00) (8, 4.98220634460449218750e+00) (9, 7.26021885871887207031e-01) (7, -3.80284953117370605469e+00) (8, -6.48142528533935546875e+00) (9, 3.53476691246032714844e+00) 
