FANN_FLO_2.1
num_layers=4
learning_rate=0.400000
connection_rate=1.000000
network_type=0
learning_momentum=0.000000
training_algorithm=2
train_error_function=1
train_stop_function=0
cascade_output_change_fraction=0.010000
quickprop_decay=-0.000100
quickprop_mu=1.750000
rprop_increase_factor=1.200000
rprop_decrease_factor=0.500000
rprop_delta_min=0.000000
rprop_delta_max=50.000000
rprop_delta_zero=0.100000
cascade_output_stagnation_epochs=12
cascade_candidate_change_fraction=0.010000
cascade_candidate_stagnation_epochs=12
cascade_max_out_epochs=150
cascade_min_out_epochs=50
cascade_max_cand_epochs=150
cascade_min_cand_epochs=50
cascade_num_candidate_groups=2
bit_fail_limit=3.49999994039535522461e-01
cascade_candidate_limit=1.00000000000000000000e+03
cascade_weight_multiplier=4.00000005960464477539e-01
cascade_activation_functions_count=10
cascade_activation_functions=3 5 7 8 10 11 14 15 16 17 
cascade_activation_steepnesses_count=4
cascade_activation_steepnesses=2.50000000000000000000e-01 5.00000000000000000000e-01 7.50000000000000000000e-01 1.00000000000000000000e+00 
layer_sizes=7 3 3 2 
scale_included=0
neurons (num_inputs, activation_function, activation_steepness)=(0, 0, 0.00000000000000000000e+00) (0, 0, 0.00000000000000000000e+00) (0, 0, 0.00000000000000000000e+00) (0, 0, 0.00000000000000000000e+00) (0, 0, 0.00000000000000000000e+00) (0, 0, 0.00000000000000000000e+00) (0, 0, 0.00000000000000000000e+00) (7, 3, 5.00000000000000000000e-01) (7, 3, 5.00000000000000000000e-01) (0, 3, 0.00000000000000000000e+00) (3, 3, 5.00000000000000000000e-01) (3, 3, 5.00000000000000000000e-01) (0, 3, 0.00000000000000000000e+00) (3, 3, 5.00000000000000000000e-01) (0, 3, 0.00000000000000000000e+00) 
connections (connected_to_neuron, weight)=(0, 4.40218821167945861816e-02) (1, -3.95047616958618164062e+00) (2, 8.58720207214355468750e+00) (3, -5.36750698089599609375e+00) (4, -1.14610290527343750000e+00) (5, 7.11758089065551757812e+00) (6, -1.13632619380950927734e+00) (0, -5.57158851623535156250e+00) (1, 4.73675918579101562500e+00) (2, -2.07436823844909667969e+00) (3, -1.07955777645111083984e+00) (4, -5.11176824569702148438e-01) (5, -5.30516099929809570312e+00) (6, 7.99864768981933593750e-01) (7, 6.47378396987915039062e+00) (8, 5.59050416946411132812e+00) (9, -3.05077266693115234375e+00) (7, 7.98870980739593505859e-01) (8, 6.39636707305908203125e+00) (9, -2.90089106559753417969e+00) (10, -2.56622552871704101562e+00) (11, -3.42598676681518554688e+00) (12, -6.04713976383209228516e-01) 
