FANN_FLO_2.1
num_layers=3
learning_rate=0.400000
connection_rate=1.000000
network_type=0
learning_momentum=0.000000
training_algorithm=2
train_error_function=1
train_stop_function=0
cascade_output_change_fraction=0.010000
quickprop_decay=-0.000100
quickprop_mu=1.750000
rprop_increase_factor=1.200000
rprop_decrease_factor=0.500000
rprop_delta_min=0.000000
rprop_delta_max=50.000000
rprop_delta_zero=0.100000
cascade_output_stagnation_epochs=12
cascade_candidate_change_fraction=0.010000
cascade_candidate_stagnation_epochs=12
cascade_max_out_epochs=150
cascade_min_out_epochs=50
cascade_max_cand_epochs=150
cascade_min_cand_epochs=50
cascade_num_candidate_groups=2
bit_fail_limit=3.49999994039535522461e-01
cascade_candidate_limit=1.00000000000000000000e+03
cascade_weight_multiplier=4.00000005960464477539e-01
cascade_activation_functions_count=10
cascade_activation_functions=3 5 7 8 10 11 14 15 16 17 
cascade_activation_steepnesses_count=4
cascade_activation_steepnesses=2.50000000000000000000e-01 5.00000000000000000000e-01 7.50000000000000000000e-01 1.00000000000000000000e+00 
layer_sizes=7 9 2 
scale_included=0
neurons (num_inputs, activation_function, activation_steepness)=(0, 0, 0.00000000000000000000e+00) (0, 0, 0.00000000000000000000e+00) (0, 0, 0.00000000000000000000e+00) (0, 0, 0.00000000000000000000e+00) (0, 0, 0.00000000000000000000e+00) (0, 0, 0.00000000000000000000e+00) (0, 0, 0.00000000000000000000e+00) (7, 3, 5.00000000000000000000e-01) (7, 3, 5.00000000000000000000e-01) (7, 3, 5.00000000000000000000e-01) (7, 3, 5.00000000000000000000e-01) (7, 3, 5.00000000000000000000e-01) (7, 3, 5.00000000000000000000e-01) (7, 3, 5.00000000000000000000e-01) (7, 3, 5.00000000000000000000e-01) (0, 3, 0.00000000000000000000e+00) (9, 3, 5.00000000000000000000e-01) (0, 3, 0.00000000000000000000e+00) 
connections (connected_to_neuron, weight)=(0, 1.49795300292968750000e+03) (1, -6.92196798324584960938e+00) (2, 1.50000000000000000000e+03) (3, 1.50000000000000000000e+03) (4, 1.50000000000000000000e+03) (5, -1.43031518554687500000e+03) (6, 1.82796916961669921875e+01) (0, -7.19374084472656250000e+00) (1, 1.31687670946121215820e-01) (2, -1.95302944183349609375e+01) (3, -1.17167415618896484375e+01) (4, -5.56957578659057617188e+00) (5, 1.50982666015625000000e+01) (6, 3.22689712047576904297e-01) (0, 1.16529684066772460938e+01) (1, -1.25481843948364257812e+01) (2, 1.96153986454010009766e+00) (3, -2.15103149414062500000e+00) (4, -1.21559429168701171875e+00) (5, 5.57181310653686523438e+00) (6, -5.73549652099609375000e+00) (0, -1.91589927673339843750e+00) (1, -1.95978021621704101562e+00) (2, -3.99780064821243286133e-01) (3, -3.35825347900390625000e+00) (4, -1.64722943305969238281e+00) (5, -1.13829767704010009766e+00) (6, 7.66308975219726562500e+00) (0, -1.95516681671142578125e+00) (1, -4.23238515853881835938e+00) (2, -7.72441911697387695312e+00) (3, -4.39128923416137695312e+00) (4, -2.04383039474487304688e+00) (5, -6.07239501550793647766e-03) (6, 9.45570564270019531250e+00) (0, 4.39640426635742187500e+00) (1, -8.65966892242431640625e+00) (2, 1.14406147003173828125e+01) (3, 1.52067050933837890625e+01) (4, -1.51646642684936523438e+01) (5, -6.83311891555786132812e+00) (6, 1.63012599945068359375e+01) (0, -1.00744266510009765625e+01) (1, 8.96238899230957031250e+00) (2, 8.55494558811187744141e-01) (3, -1.82479739189147949219e+00) (4, -1.03865838050842285156e+00) (5, -1.50000000000000000000e+03) (6, -2.87200927734375000000e-01) (0, -9.76864159107208251953e-01) (1, -2.88953161239624023438e+00) (2, 1.50000000000000000000e+03) (3, 1.50000000000000000000e+03) (4, 1.50000000000000000000e+03) (5, -4.91736694335937500000e+02) (6, 3.90736913681030273438e+00) (7, -5.36046683788299560547e-01) (8, -2.47749850153923034668e-01) (9, -9.53118515014648437500e+00) (10, -5.77546715736389160156e-01) (11, -8.68816792964935302734e-01) (12, 5.91112673282623291016e-01) (13, -9.65983486175537109375e+00) (14, -2.65799790620803833008e-01) (15, 1.05592980980873107910e-02) 
