FANN_FLO_2.1
num_layers=3
learning_rate=0.400000
connection_rate=1.000000
network_type=0
learning_momentum=0.000000
training_algorithm=2
train_error_function=1
train_stop_function=0
cascade_output_change_fraction=0.010000
quickprop_decay=-0.000100
quickprop_mu=1.750000
rprop_increase_factor=1.200000
rprop_decrease_factor=0.500000
rprop_delta_min=0.000000
rprop_delta_max=50.000000
rprop_delta_zero=0.100000
cascade_output_stagnation_epochs=12
cascade_candidate_change_fraction=0.010000
cascade_candidate_stagnation_epochs=12
cascade_max_out_epochs=150
cascade_min_out_epochs=50
cascade_max_cand_epochs=150
cascade_min_cand_epochs=50
cascade_num_candidate_groups=2
bit_fail_limit=3.49999994039535522461e-01
cascade_candidate_limit=1.00000000000000000000e+03
cascade_weight_multiplier=4.00000005960464477539e-01
cascade_activation_functions_count=10
cascade_activation_functions=3 5 7 8 10 11 14 15 16 17 
cascade_activation_steepnesses_count=4
cascade_activation_steepnesses=2.50000000000000000000e-01 5.00000000000000000000e-01 7.50000000000000000000e-01 1.00000000000000000000e+00 
layer_sizes=7 5 2 
scale_included=0
neurons (num_inputs, activation_function, activation_steepness)=(0, 0, 0.00000000000000000000e+00) (0, 0, 0.00000000000000000000e+00) (0, 0, 0.00000000000000000000e+00) (0, 0, 0.00000000000000000000e+00) (0, 0, 0.00000000000000000000e+00) (0, 0, 0.00000000000000000000e+00) (0, 0, 0.00000000000000000000e+00) (7, 3, 5.00000000000000000000e-01) (7, 3, 5.00000000000000000000e-01) (7, 3, 5.00000000000000000000e-01) (7, 3, 5.00000000000000000000e-01) (0, 3, 0.00000000000000000000e+00) (5, 3, 5.00000000000000000000e-01) (0, 3, 0.00000000000000000000e+00) 
connections (connected_to_neuron, weight)=(0, -1.78138313293457031250e+01) (1, 1.44273567199707031250e+01) (2, 6.15773248672485351562e+00) (3, -2.87362694740295410156e+00) (4, -3.64550781250000000000e+00) (5, 5.21393013000488281250e+00) (6, 2.45429158210754394531e+00) (0, 1.34814758300781250000e+01) (1, -1.43312387466430664062e+01) (2, 5.82797479629516601562e+00) (3, -2.95518827438354492188e+00) (4, 1.26007786020636558533e-02) (5, 3.84360742568969726562e+00) (6, -4.32422590255737304688e+00) (0, -5.79543924331665039062e+00) (1, 5.12785959243774414062e+00) (2, -2.80817437171936035156e+00) (3, -9.76761877536773681641e-01) (4, -1.81373164057731628418e-01) (5, -1.50000000000000000000e+03) (6, 3.39506626129150390625e-01) (0, 4.59511518478393554688e-01) (1, -7.40212583541870117188e+00) (2, 1.40746946334838867188e+01) (3, -8.77574825286865234375e+00) (4, -4.25882148742675781250e+00) (5, 7.25024104118347167969e-01) (6, 1.18563652038574218750e+01) (7, -1.52422237396240234375e+00) (8, -8.00307750701904296875e+00) (9, -6.24395465850830078125e+00) (10, -6.06138706207275390625e-01) (11, 2.24580645561218261719e-01) 
