FANN_FLO_2.1
num_layers=3
learning_rate=0.500000
connection_rate=1.000000
network_type=0
learning_momentum=0.000000
training_algorithm=2
train_error_function=1
train_stop_function=0
cascade_output_change_fraction=0.010000
quickprop_decay=-0.000100
quickprop_mu=1.750000
rprop_increase_factor=1.200000
rprop_decrease_factor=0.500000
rprop_delta_min=0.000000
rprop_delta_max=50.000000
rprop_delta_zero=0.100000
cascade_output_stagnation_epochs=12
cascade_candidate_change_fraction=0.010000
cascade_candidate_stagnation_epochs=12
cascade_max_out_epochs=150
cascade_min_out_epochs=50
cascade_max_cand_epochs=150
cascade_min_cand_epochs=50
cascade_num_candidate_groups=2
bit_fail_limit=3.49999994039535522461e-01
cascade_candidate_limit=1.00000000000000000000e+03
cascade_weight_multiplier=4.00000005960464477539e-01
cascade_activation_functions_count=10
cascade_activation_functions=3 5 7 8 10 11 14 15 16 17 
cascade_activation_steepnesses_count=4
cascade_activation_steepnesses=2.50000000000000000000e-01 5.00000000000000000000e-01 7.50000000000000000000e-01 1.00000000000000000000e+00 
layer_sizes=10 3 2 
scale_included=0
neurons (num_inputs, activation_function, activation_steepness)=(0, 0, 0.00000000000000000000e+00) (0, 0, 0.00000000000000000000e+00) (0, 0, 0.00000000000000000000e+00) (0, 0, 0.00000000000000000000e+00) (0, 0, 0.00000000000000000000e+00) (0, 0, 0.00000000000000000000e+00) (0, 0, 0.00000000000000000000e+00) (0, 0, 0.00000000000000000000e+00) (0, 0, 0.00000000000000000000e+00) (0, 0, 0.00000000000000000000e+00) (10, 3, 5.00000000000000000000e-01) (10, 3, 5.00000000000000000000e-01) (0, 3, 0.00000000000000000000e+00) (3, 3, 5.00000000000000000000e-01) (0, 3, 0.00000000000000000000e+00) 
connections (connected_to_neuron, weight)=(0, -1.49660168457031250000e+03) (1, -1.66557731628417968750e+01) (2, -2.57549548149108886719e+00) (3, -1.02796089649200439453e+00) (4, 1.52166509628295898438e+00) (5, 6.67323768138885498047e-01) (6, 1.15236657714843750000e+03) (7, 1.47914683818817138672e+00) (8, 1.69953403472900390625e+01) (9, -1.62252113223075866699e-01) (0, 1.65226721763610839844e+00) (1, 1.21407928466796875000e+01) (2, 1.39003562927246093750e+01) (3, 1.72055184841156005859e+00) (4, 2.07829880714416503906e+00) (5, 4.70784902572631835938e-01) (6, -9.71893787384033203125e+00) (7, -2.20962905883789062500e+01) (8, -7.51483440399169921875e-01) (9, -1.22506856918334960938e+00) (10, 3.82695388793945312500e+00) (11, 3.86685180664062500000e+00) (12, -2.95915222167968750000e+00) 
