FANN_FLO_2.1
num_layers=3
learning_rate=0.400000
connection_rate=1.000000
network_type=0
learning_momentum=0.000000
training_algorithm=2
train_error_function=1
train_stop_function=0
cascade_output_change_fraction=0.010000
quickprop_decay=-0.000100
quickprop_mu=1.750000
rprop_increase_factor=1.200000
rprop_decrease_factor=0.500000
rprop_delta_min=0.000000
rprop_delta_max=50.000000
rprop_delta_zero=0.100000
cascade_output_stagnation_epochs=12
cascade_candidate_change_fraction=0.010000
cascade_candidate_stagnation_epochs=12
cascade_max_out_epochs=150
cascade_min_out_epochs=50
cascade_max_cand_epochs=150
cascade_min_cand_epochs=50
cascade_num_candidate_groups=2
bit_fail_limit=3.49999994039535522461e-01
cascade_candidate_limit=1.00000000000000000000e+03
cascade_weight_multiplier=4.00000005960464477539e-01
cascade_activation_functions_count=10
cascade_activation_functions=3 5 7 8 10 11 14 15 16 17 
cascade_activation_steepnesses_count=4
cascade_activation_steepnesses=2.50000000000000000000e-01 5.00000000000000000000e-01 7.50000000000000000000e-01 1.00000000000000000000e+00 
layer_sizes=7 9 2 
scale_included=0
neurons (num_inputs, activation_function, activation_steepness)=(0, 0, 0.00000000000000000000e+00) (0, 0, 0.00000000000000000000e+00) (0, 0, 0.00000000000000000000e+00) (0, 0, 0.00000000000000000000e+00) (0, 0, 0.00000000000000000000e+00) (0, 0, 0.00000000000000000000e+00) (0, 0, 0.00000000000000000000e+00) (7, 3, 5.00000000000000000000e-01) (7, 3, 5.00000000000000000000e-01) (7, 3, 5.00000000000000000000e-01) (7, 3, 5.00000000000000000000e-01) (7, 3, 5.00000000000000000000e-01) (7, 3, 5.00000000000000000000e-01) (7, 3, 5.00000000000000000000e-01) (7, 3, 5.00000000000000000000e-01) (0, 3, 0.00000000000000000000e+00) (9, 3, 5.00000000000000000000e-01) (0, 3, 0.00000000000000000000e+00) 
connections (connected_to_neuron, weight)=(0, 1.09523689746856689453e+00) (1, -6.93767786026000976562e+00) (2, -2.38930225372314453125e+00) (3, -5.37513351440429687500e+00) (4, -2.90732908248901367188e+00) (5, -9.63060319423675537109e-01) (6, 6.58885955810546875000e+00) (0, -8.89061832427978515625e+00) (1, 8.59978008270263671875e+00) (2, 2.11927127838134765625e+00) (3, -2.03104710578918457031e+00) (4, -2.18893933296203613281e+00) (5, 4.13604784011840820312e+00) (6, 9.28956449031829833984e-01) (0, -1.00653386116027832031e+00) (1, 6.28254890441894531250e+00) (2, -2.13752555847167968750e+01) (3, -2.82411623001098632812e+00) (4, -2.45790553092956542969e+00) (5, -2.64870429039001464844e+00) (6, 4.51837629079818725586e-01) (0, -4.41959738731384277344e-01) (1, 1.04005801677703857422e+00) (2, -1.79869949817657470703e+00) (3, -7.21240139007568359375e+00) (4, 4.66585731506347656250e+00) (5, 3.85941624641418457031e-01) (6, -3.35568261146545410156e+00) (0, 1.36309032440185546875e+01) (1, -1.60289802551269531250e+01) (2, 3.25819516181945800781e+00) (3, -1.58923614025115966797e+00) (4, -8.35047006607055664062e-01) (5, -5.08454132080078125000e+00) (6, 6.84150314331054687500e+00) (0, -4.57444787025451660156e-02) (1, 6.52426302433013916016e-01) (2, -9.63381385803222656250e+00) (3, -4.61738967895507812500e+00) (4, -1.22319149971008300781e+00) (5, 5.76726973056793212891e-01) (6, -5.79621754586696624756e-02) (0, 7.86997556686401367188e+00) (1, -1.05453987121582031250e+01) (2, 3.97457199096679687500e+01) (3, -7.77700805664062500000e+00) (4, -2.27058768272399902344e+00) (5, -3.57030987739562988281e+00) (6, 6.76844501495361328125e+00) (0, -5.74280643463134765625e+00) (1, -1.53167085647583007812e+01) (2, 1.67811965942382812500e+01) (3, 4.47287291288375854492e-01) (4, -1.95260660257190465927e-03) (5, 5.72576093673706054688e+00) (6, 1.23033638000488281250e+01) (7, 1.03891360759735107422e+00) (8, -3.23686242103576660156e+00) (9, -1.25322663784027099609e+00) (10, -1.17022192478179931641e+00) (11, -3.28193569183349609375e+00) (12, -5.31350493431091308594e-01) (13, -2.71440654993057250977e-01) (14, -1.46090900897979736328e+00) (15, 2.94657588005065917969e+00) 
