FANN_FLO_2.1
num_layers=3
learning_rate=0.500000
connection_rate=1.000000
network_type=0
learning_momentum=0.000000
training_algorithm=2
train_error_function=1
train_stop_function=0
cascade_output_change_fraction=0.010000
quickprop_decay=-0.000100
quickprop_mu=1.750000
rprop_increase_factor=1.200000
rprop_decrease_factor=0.500000
rprop_delta_min=0.000000
rprop_delta_max=50.000000
rprop_delta_zero=0.100000
cascade_output_stagnation_epochs=12
cascade_candidate_change_fraction=0.010000
cascade_candidate_stagnation_epochs=12
cascade_max_out_epochs=150
cascade_min_out_epochs=50
cascade_max_cand_epochs=150
cascade_min_cand_epochs=50
cascade_num_candidate_groups=2
bit_fail_limit=3.49999994039535522461e-01
cascade_candidate_limit=1.00000000000000000000e+03
cascade_weight_multiplier=4.00000005960464477539e-01
cascade_activation_functions_count=10
cascade_activation_functions=3 5 7 8 10 11 14 15 16 17 
cascade_activation_steepnesses_count=4
cascade_activation_steepnesses=2.50000000000000000000e-01 5.00000000000000000000e-01 7.50000000000000000000e-01 1.00000000000000000000e+00 
layer_sizes=10 5 2 
scale_included=0
neurons (num_inputs, activation_function, activation_steepness)=(0, 0, 0.00000000000000000000e+00) (0, 0, 0.00000000000000000000e+00) (0, 0, 0.00000000000000000000e+00) (0, 0, 0.00000000000000000000e+00) (0, 0, 0.00000000000000000000e+00) (0, 0, 0.00000000000000000000e+00) (0, 0, 0.00000000000000000000e+00) (0, 0, 0.00000000000000000000e+00) (0, 0, 0.00000000000000000000e+00) (0, 0, 0.00000000000000000000e+00) (10, 3, 5.00000000000000000000e-01) (10, 3, 5.00000000000000000000e-01) (10, 3, 5.00000000000000000000e-01) (10, 3, 5.00000000000000000000e-01) (0, 3, 0.00000000000000000000e+00) (5, 3, 5.00000000000000000000e-01) (0, 3, 0.00000000000000000000e+00) 
connections (connected_to_neuron, weight)=(0, -3.17189884185791015625e+00) (1, 2.58310127258300781250e+01) (2, -1.50000000000000000000e+03) (3, 8.44247055053710937500e+00) (4, 2.06519908905029296875e+01) (5, 9.62393127441406250000e+02) (6, -1.34222328662872314453e+00) (7, -1.74119873046875000000e+01) (8, 1.83682922363281250000e+02) (9, -3.97212371826171875000e+01) (0, 1.73767626285552978516e+00) (1, 7.59620952606201171875e+00) (2, 1.75419902801513671875e+01) (3, 5.45840084552764892578e-01) (4, 2.19544148445129394531e+00) (5, 8.60311031341552734375e+00) (6, -1.42117726802825927734e+00) (7, -2.32461285591125488281e+00) (8, -2.84402809143066406250e+01) (9, -2.57273411750793457031e+00) (0, -4.87650156021118164062e+00) (1, -1.59857964515686035156e+00) (2, -1.50000000000000000000e+03) (3, 1.51214194297790527344e+00) (4, 1.70011663436889648438e+00) (5, 8.10617858886718750000e+02) (6, -6.24888598918914794922e-01) (7, -3.54737591743469238281e+00) (8, 3.21206481933593750000e+02) (9, -2.30274081230163574219e+00) (0, -1.48481111526489257812e+01) (1, -2.86349558830261230469e+00) (2, -1.50000000000000000000e+03) (3, 2.31238508224487304688e+00) (4, 1.10602025985717773438e+01) (5, 8.92660827636718750000e+02) (6, 1.21001958847045898438e+00) (7, 1.36034190654754638672e+00) (8, 2.18909423828125000000e+02) (9, 7.40284264087677001953e-01) (10, 1.09162724018096923828e+00) (11, 3.32581305503845214844e+00) (12, 1.12275397777557373047e+00) (13, 1.11282014846801757812e+00) (14, -2.45914626121520996094e+00) 
