FANN_FLO_2.1
num_layers=3
learning_rate=0.400000
connection_rate=1.000000
network_type=0
learning_momentum=0.000000
training_algorithm=2
train_error_function=1
train_stop_function=0
cascade_output_change_fraction=0.010000
quickprop_decay=-0.000100
quickprop_mu=1.750000
rprop_increase_factor=1.200000
rprop_decrease_factor=0.500000
rprop_delta_min=0.000000
rprop_delta_max=50.000000
rprop_delta_zero=0.100000
cascade_output_stagnation_epochs=12
cascade_candidate_change_fraction=0.010000
cascade_candidate_stagnation_epochs=12
cascade_max_out_epochs=150
cascade_min_out_epochs=50
cascade_max_cand_epochs=150
cascade_min_cand_epochs=50
cascade_num_candidate_groups=2
bit_fail_limit=3.49999994039535522461e-01
cascade_candidate_limit=1.00000000000000000000e+03
cascade_weight_multiplier=4.00000005960464477539e-01
cascade_activation_functions_count=10
cascade_activation_functions=3 5 7 8 10 11 14 15 16 17 
cascade_activation_steepnesses_count=4
cascade_activation_steepnesses=2.50000000000000000000e-01 5.00000000000000000000e-01 7.50000000000000000000e-01 1.00000000000000000000e+00 
layer_sizes=7 9 2 
scale_included=0
neurons (num_inputs, activation_function, activation_steepness)=(0, 0, 0.00000000000000000000e+00) (0, 0, 0.00000000000000000000e+00) (0, 0, 0.00000000000000000000e+00) (0, 0, 0.00000000000000000000e+00) (0, 0, 0.00000000000000000000e+00) (0, 0, 0.00000000000000000000e+00) (0, 0, 0.00000000000000000000e+00) (7, 3, 5.00000000000000000000e-01) (7, 3, 5.00000000000000000000e-01) (7, 3, 5.00000000000000000000e-01) (7, 3, 5.00000000000000000000e-01) (7, 3, 5.00000000000000000000e-01) (7, 3, 5.00000000000000000000e-01) (7, 3, 5.00000000000000000000e-01) (7, 3, 5.00000000000000000000e-01) (0, 3, 0.00000000000000000000e+00) (9, 3, 5.00000000000000000000e-01) (0, 3, 0.00000000000000000000e+00) 
connections (connected_to_neuron, weight)=(0, -6.74870133399963378906e-01) (1, -1.40416049957275390625e+00) (2, -5.89419460296630859375e+00) (3, 2.10270881652832031250e+00) (4, 2.87036746740341186523e-01) (5, 4.38873958587646484375e+00) (6, -3.00613856315612792969e+00) (0, 6.84735417366027832031e-01) (1, 1.08555185794830322266e+00) (2, -1.29401767253875732422e+00) (3, -1.11847991943359375000e+01) (4, 8.96830368041992187500e+00) (5, -4.15499418973922729492e-01) (6, 1.08608402311801910400e-01) (0, 9.77841949462890625000e+00) (1, 4.91821146011352539062e+00) (2, 2.49015307426452636719e+00) (3, -4.12537193298339843750e+00) (4, -3.82449364662170410156e+00) (5, 2.98261547088623046875e+00) (6, 1.68018341064453125000e-01) (0, 1.38709974288940429688e+00) (1, -1.01613640785217285156e+00) (2, -2.22211217880249023438e+00) (3, -1.12628914415836334229e-01) (4, 5.26802825927734375000e+00) (5, -2.96958565711975097656e-01) (6, 3.99751812219619750977e-02) (0, 2.80403232574462890625e+00) (1, 3.26459836959838867188e+00) (2, 4.06798696517944335938e+00) (3, -1.55466091632843017578e+00) (4, 6.97702312469482421875e+00) (5, -1.12976388931274414062e+01) (6, 4.91501986980438232422e-01) (0, 2.55703353881835937500e+00) (1, -9.67163026332855224609e-01) (2, -1.39543414115905761719e+00) (3, 5.62690913677215576172e-01) (4, 5.63590002059936523438e+00) (5, -2.09725451469421386719e+00) (6, -9.44827377796173095703e-01) (0, 3.66067290306091308594e-01) (1, -5.81788182258605957031e-01) (2, 3.07302045822143554688e+00) (3, 5.58228158950805664062e+00) (4, 1.80993601679801940918e-02) (5, -3.16208791732788085938e+00) (6, -3.68821215629577636719e+00) (0, 2.56833457946777343750e+00) (1, 2.95490980148315429688e+00) (2, 5.52982950210571289062e+00) (3, -2.71296191215515136719e+00) (4, -1.28240227699279785156e+00) (5, -1.46585047245025634766e+00) (6, 1.33342480659484863281e+00) (7, 2.48585820198059082031e+00) (8, 1.80081725120544433594e+00) (9, -1.25757169723510742188e+00) (10, 7.78712213039398193359e-01) (11, -1.53273749351501464844e+00) (12, 6.04241251945495605469e-01) (13, 2.87276983261108398438e+00) (14, -1.32673323154449462891e+00) (15, 2.26642247289419174194e-02) 
