FANN_FLO_2.1
num_layers=4
learning_rate=0.400000
connection_rate=1.000000
network_type=0
learning_momentum=0.000000
training_algorithm=2
train_error_function=1
train_stop_function=0
cascade_output_change_fraction=0.010000
quickprop_decay=-0.000100
quickprop_mu=1.750000
rprop_increase_factor=1.200000
rprop_decrease_factor=0.500000
rprop_delta_min=0.000000
rprop_delta_max=50.000000
rprop_delta_zero=0.100000
cascade_output_stagnation_epochs=12
cascade_candidate_change_fraction=0.010000
cascade_candidate_stagnation_epochs=12
cascade_max_out_epochs=150
cascade_min_out_epochs=50
cascade_max_cand_epochs=150
cascade_min_cand_epochs=50
cascade_num_candidate_groups=2
bit_fail_limit=3.49999994039535522461e-01
cascade_candidate_limit=1.00000000000000000000e+03
cascade_weight_multiplier=4.00000005960464477539e-01
cascade_activation_functions_count=10
cascade_activation_functions=3 5 7 8 10 11 14 15 16 17 
cascade_activation_steepnesses_count=4
cascade_activation_steepnesses=2.50000000000000000000e-01 5.00000000000000000000e-01 7.50000000000000000000e-01 1.00000000000000000000e+00 
layer_sizes=7 3 3 2 
scale_included=0
neurons (num_inputs, activation_function, activation_steepness)=(0, 0, 0.00000000000000000000e+00) (0, 0, 0.00000000000000000000e+00) (0, 0, 0.00000000000000000000e+00) (0, 0, 0.00000000000000000000e+00) (0, 0, 0.00000000000000000000e+00) (0, 0, 0.00000000000000000000e+00) (0, 0, 0.00000000000000000000e+00) (7, 3, 5.00000000000000000000e-01) (7, 3, 5.00000000000000000000e-01) (0, 3, 0.00000000000000000000e+00) (3, 3, 5.00000000000000000000e-01) (3, 3, 5.00000000000000000000e-01) (0, 3, 0.00000000000000000000e+00) (3, 3, 5.00000000000000000000e-01) (0, 3, 0.00000000000000000000e+00) 
connections (connected_to_neuron, weight)=(0, -1.71216831207275390625e+01) (1, 1.41274995803833007812e+01) (2, 2.47097244262695312500e+01) (3, -4.27240705490112304688e+00) (4, -8.64831161499023437500e+00) (5, -1.50000000000000000000e+03) (6, 2.03335118293762207031e+00) (0, 9.22596156597137451172e-01) (1, -6.65050411224365234375e+00) (2, 7.22698116302490234375e+00) (3, -8.32304573059082031250e+00) (4, -8.41494619846343994141e-01) (5, 2.12299180030822753906e+00) (6, 4.40629911422729492188e+00) (7, 1.50000000000000000000e+03) (8, 2.80363674163818359375e+01) (9, -7.59722769260406494141e-01) (7, 1.09060111999511718750e+02) (8, 1.60168075561523437500e+01) (9, -8.71510410308837890625e+00) (10, -1.65013647079467773438e+00) (11, -1.57715857028961181641e+00) (12, -7.78316259384155273438e-01) 
