FANN_FLO_2.1
num_layers=3
learning_rate=0.400000
connection_rate=1.000000
network_type=0
learning_momentum=0.000000
training_algorithm=2
train_error_function=1
train_stop_function=0
cascade_output_change_fraction=0.010000
quickprop_decay=-0.000100
quickprop_mu=1.750000
rprop_increase_factor=1.200000
rprop_decrease_factor=0.500000
rprop_delta_min=0.000000
rprop_delta_max=50.000000
rprop_delta_zero=0.100000
cascade_output_stagnation_epochs=12
cascade_candidate_change_fraction=0.010000
cascade_candidate_stagnation_epochs=12
cascade_max_out_epochs=150
cascade_min_out_epochs=50
cascade_max_cand_epochs=150
cascade_min_cand_epochs=50
cascade_num_candidate_groups=2
bit_fail_limit=3.49999994039535522461e-01
cascade_candidate_limit=1.00000000000000000000e+03
cascade_weight_multiplier=4.00000005960464477539e-01
cascade_activation_functions_count=10
cascade_activation_functions=3 5 7 8 10 11 14 15 16 17 
cascade_activation_steepnesses_count=4
cascade_activation_steepnesses=2.50000000000000000000e-01 5.00000000000000000000e-01 7.50000000000000000000e-01 1.00000000000000000000e+00 
layer_sizes=7 5 2 
scale_included=0
neurons (num_inputs, activation_function, activation_steepness)=(0, 0, 0.00000000000000000000e+00) (0, 0, 0.00000000000000000000e+00) (0, 0, 0.00000000000000000000e+00) (0, 0, 0.00000000000000000000e+00) (0, 0, 0.00000000000000000000e+00) (0, 0, 0.00000000000000000000e+00) (0, 0, 0.00000000000000000000e+00) (7, 3, 5.00000000000000000000e-01) (7, 3, 5.00000000000000000000e-01) (7, 3, 5.00000000000000000000e-01) (7, 3, 5.00000000000000000000e-01) (0, 3, 0.00000000000000000000e+00) (5, 3, 5.00000000000000000000e-01) (0, 3, 0.00000000000000000000e+00) 
connections (connected_to_neuron, weight)=(0, -6.40186500549316406250e+00) (1, 6.36790657043457031250e+00) (2, -3.42431330680847167969e+00) (3, -1.21266651153564453125e+00) (4, -4.95311707258224487305e-01) (5, -4.13406896591186523438e+00) (6, -6.47958338260650634766e-01) (0, 3.33789205551147460938e+00) (1, -4.27824783325195312500e+00) (2, -2.39136505126953125000e+00) (3, -1.84050798416137695312e+00) (4, -2.69475668668746948242e-01) (5, 3.93992829322814941406e+00) (6, -3.60524702072143554688e+00) (0, 1.32809562683105468750e+01) (1, -1.42414979934692382812e+01) (2, 4.13388977050781250000e+01) (3, -5.05558133125305175781e-01) (4, -1.51521489024162292480e-01) (5, -3.62872505187988281250e+00) (6, 3.31745696067810058594e+00) (0, -4.76508760452270507812e+00) (1, -7.13498830795288085938e-01) (2, 4.82960510253906250000e+00) (3, -1.58767020702362060547e+00) (4, -1.34665608406066894531e+00) (5, 9.34607299804687500000e+02) (6, 5.69022178649902343750e+00) (7, -9.72451686859130859375e+00) (8, -8.71672058105468750000e+00) (9, -1.06389224529266357422e+00) (10, -1.11382126808166503906e+00) (11, 9.91940677165985107422e-01) 
