FANN_FLO_2.1
num_layers=3
learning_rate=0.500000
connection_rate=1.000000
network_type=0
learning_momentum=0.000000
training_algorithm=2
train_error_function=1
train_stop_function=0
cascade_output_change_fraction=0.010000
quickprop_decay=-0.000100
quickprop_mu=1.750000
rprop_increase_factor=1.200000
rprop_decrease_factor=0.500000
rprop_delta_min=0.000000
rprop_delta_max=50.000000
rprop_delta_zero=0.100000
cascade_output_stagnation_epochs=12
cascade_candidate_change_fraction=0.010000
cascade_candidate_stagnation_epochs=12
cascade_max_out_epochs=150
cascade_min_out_epochs=50
cascade_max_cand_epochs=150
cascade_min_cand_epochs=50
cascade_num_candidate_groups=2
bit_fail_limit=3.49999994039535522461e-01
cascade_candidate_limit=1.00000000000000000000e+03
cascade_weight_multiplier=4.00000005960464477539e-01
cascade_activation_functions_count=10
cascade_activation_functions=3 5 7 8 10 11 14 15 16 17 
cascade_activation_steepnesses_count=4
cascade_activation_steepnesses=2.50000000000000000000e-01 5.00000000000000000000e-01 7.50000000000000000000e-01 1.00000000000000000000e+00 
layer_sizes=10 5 2 
scale_included=0
neurons (num_inputs, activation_function, activation_steepness)=(0, 0, 0.00000000000000000000e+00) (0, 0, 0.00000000000000000000e+00) (0, 0, 0.00000000000000000000e+00) (0, 0, 0.00000000000000000000e+00) (0, 0, 0.00000000000000000000e+00) (0, 0, 0.00000000000000000000e+00) (0, 0, 0.00000000000000000000e+00) (0, 0, 0.00000000000000000000e+00) (0, 0, 0.00000000000000000000e+00) (0, 0, 0.00000000000000000000e+00) (10, 3, 5.00000000000000000000e-01) (10, 3, 5.00000000000000000000e-01) (10, 3, 5.00000000000000000000e-01) (10, 3, 5.00000000000000000000e-01) (0, 3, 0.00000000000000000000e+00) (5, 3, 5.00000000000000000000e-01) (0, 3, 0.00000000000000000000e+00) 
connections (connected_to_neuron, weight)=(0, -4.51694816350936889648e-01) (1, -4.75716710090637207031e-01) (2, -3.14444375038146972656e+00) (3, -1.02240383625030517578e+00) (4, 6.49465739727020263672e-01) (5, -1.30438697338104248047e+00) (6, 1.14307463169097900391e+00) (7, -1.26238071918487548828e+00) (8, 6.94695711135864257812e-01) (9, 2.24452185630798339844e+00) (0, 3.13955992460250854492e-01) (1, 3.22249233722686767578e-01) (2, -5.74540281295776367188e+00) (3, -1.46834826469421386719e+00) (4, 1.07447373867034912109e+00) (5, 4.73858654499053955078e-01) (6, -4.96481990814208984375e+00) (7, 2.46270394325256347656e+00) (8, 4.86987024545669555664e-01) (9, 2.52953219413757324219e+00) (0, -1.15031671524047851562e+00) (1, -1.26657378673553466797e+00) (2, -3.47357058525085449219e+00) (3, 4.17357730865478515625e+00) (4, 1.32421529293060302734e+00) (5, 3.74295067787170410156e+00) (6, -8.00043869018554687500e+00) (7, 1.31576786041259765625e+01) (8, -8.42574787139892578125e+00) (9, 1.46800905466079711914e-01) (0, 9.81466054916381835938e-01) (1, 8.23062598705291748047e-01) (2, 2.71831345558166503906e+00) (3, 1.44966673851013183594e+00) (4, -8.04722905158996582031e-01) (5, 2.54814767837524414062e+00) (6, -4.87937164306640625000e+00) (7, 3.01858353614807128906e+00) (8, 1.70235216617584228516e-01) (9, -2.23564839363098144531e+00) (10, 2.67698884010314941406e+00) (11, 2.58558773994445800781e+00) (12, -3.29652237892150878906e+00) (13, -9.71158683300018310547e-01) (14, -2.95691075734794139862e-03) 
