FANN_FLO_2.1
num_layers=3
learning_rate=0.400000
connection_rate=1.000000
network_type=0
learning_momentum=0.000000
training_algorithm=2
train_error_function=1
train_stop_function=0
cascade_output_change_fraction=0.010000
quickprop_decay=-0.000100
quickprop_mu=1.750000
rprop_increase_factor=1.200000
rprop_decrease_factor=0.500000
rprop_delta_min=0.000000
rprop_delta_max=50.000000
rprop_delta_zero=0.100000
cascade_output_stagnation_epochs=12
cascade_candidate_change_fraction=0.010000
cascade_candidate_stagnation_epochs=12
cascade_max_out_epochs=150
cascade_min_out_epochs=50
cascade_max_cand_epochs=150
cascade_min_cand_epochs=50
cascade_num_candidate_groups=2
bit_fail_limit=3.49999994039535522461e-01
cascade_candidate_limit=1.00000000000000000000e+03
cascade_weight_multiplier=4.00000005960464477539e-01
cascade_activation_functions_count=10
cascade_activation_functions=3 5 7 8 10 11 14 15 16 17 
cascade_activation_steepnesses_count=4
cascade_activation_steepnesses=2.50000000000000000000e-01 5.00000000000000000000e-01 7.50000000000000000000e-01 1.00000000000000000000e+00 
layer_sizes=7 9 2 
scale_included=0
neurons (num_inputs, activation_function, activation_steepness)=(0, 0, 0.00000000000000000000e+00) (0, 0, 0.00000000000000000000e+00) (0, 0, 0.00000000000000000000e+00) (0, 0, 0.00000000000000000000e+00) (0, 0, 0.00000000000000000000e+00) (0, 0, 0.00000000000000000000e+00) (0, 0, 0.00000000000000000000e+00) (7, 3, 5.00000000000000000000e-01) (7, 3, 5.00000000000000000000e-01) (7, 3, 5.00000000000000000000e-01) (7, 3, 5.00000000000000000000e-01) (7, 3, 5.00000000000000000000e-01) (7, 3, 5.00000000000000000000e-01) (7, 3, 5.00000000000000000000e-01) (7, 3, 5.00000000000000000000e-01) (0, 3, 0.00000000000000000000e+00) (9, 3, 5.00000000000000000000e-01) (0, 3, 0.00000000000000000000e+00) 
connections (connected_to_neuron, weight)=(0, -1.88706934452056884766e+00) (1, -1.55443036556243896484e+00) (2, -4.52612113952636718750e+00) (3, -2.65077829360961914062e+00) (4, -6.75884425640106201172e-01) (5, 1.18764567375183105469e+00) (6, 5.21422481536865234375e+00) (0, 5.61349868774414062500e+00) (1, 1.58218145370483398438e+00) (2, 5.20871639251708984375e+00) (3, -2.04092407226562500000e+00) (4, -1.97164249420166015625e+01) (5, -4.70500439405441284180e-01) (6, -4.25284671783447265625e+00) (0, -2.13846945762634277344e+00) (1, -3.24464058876037597656e+00) (2, 2.17227911949157714844e+00) (3, -7.54428958892822265625e+00) (4, -1.97666192054748535156e+00) (5, 1.47660923004150390625e+00) (6, 8.01257705688476562500e+00) (0, -2.32650351524353027344e+00) (1, -2.80316829681396484375e+00) (2, -2.79389152526855468750e+01) (3, 2.09410705566406250000e+01) (4, -5.10600233078002929688e+00) (5, 2.01456832885742187500e+01) (6, -2.06816101074218750000e+00) (0, -2.41818046569824218750e+00) (1, -1.90841293334960937500e+00) (2, 8.40709495544433593750e+00) (3, -5.00728511810302734375e+00) (4, -1.32674384117126464844e+00) (5, 1.25674414634704589844e+00) (6, 5.62555408477783203125e+00) (0, 1.43512630462646484375e+01) (1, -1.59395246505737304688e+01) (2, 3.59274077415466308594e+00) (3, -2.56391382217407226562e+00) (4, -4.12213116884231567383e-01) (5, -3.60332775115966796875e+00) (6, 4.79941606521606445312e+00) (0, 7.07507991790771484375e+00) (1, 3.43299806118011474609e-01) (2, -1.09936561584472656250e+02) (3, -5.03734827041625976562e+00) (4, 1.23391461372375488281e+00) (5, 2.38145276904106140137e-01) (6, -3.58509492874145507812e+00) (0, -2.30589714050292968750e+01) (1, 2.21585865020751953125e+01) (2, -5.94980764389038085938e+00) (3, -2.24920320510864257812e+00) (4, -6.14066004753112792969e-01) (5, 1.49359817504882812500e+01) (6, 1.28956091403961181641e+00) (7, -2.04056695103645324707e-01) (8, -2.28484606742858886719e+00) (9, -4.11314189434051513672e-01) (10, -2.90591031312942504883e-01) (11, -3.37013691663742065430e-01) (12, -3.62810826301574707031e+00) (13, -3.12767386436462402344e-01) (14, -3.17260837554931640625e+00) (15, 2.61957001686096191406e+00) 
