FANN_FLO_2.1
num_layers=3
learning_rate=0.400000
connection_rate=1.000000
network_type=0
learning_momentum=0.000000
training_algorithm=2
train_error_function=1
train_stop_function=0
cascade_output_change_fraction=0.010000
quickprop_decay=-0.000100
quickprop_mu=1.750000
rprop_increase_factor=1.200000
rprop_decrease_factor=0.500000
rprop_delta_min=0.000000
rprop_delta_max=50.000000
rprop_delta_zero=0.100000
cascade_output_stagnation_epochs=12
cascade_candidate_change_fraction=0.010000
cascade_candidate_stagnation_epochs=12
cascade_max_out_epochs=150
cascade_min_out_epochs=50
cascade_max_cand_epochs=150
cascade_min_cand_epochs=50
cascade_num_candidate_groups=2
bit_fail_limit=3.49999994039535522461e-01
cascade_candidate_limit=1.00000000000000000000e+03
cascade_weight_multiplier=4.00000005960464477539e-01
cascade_activation_functions_count=10
cascade_activation_functions=3 5 7 8 10 11 14 15 16 17 
cascade_activation_steepnesses_count=4
cascade_activation_steepnesses=2.50000000000000000000e-01 5.00000000000000000000e-01 7.50000000000000000000e-01 1.00000000000000000000e+00 
layer_sizes=7 5 2 
scale_included=0
neurons (num_inputs, activation_function, activation_steepness)=(0, 0, 0.00000000000000000000e+00) (0, 0, 0.00000000000000000000e+00) (0, 0, 0.00000000000000000000e+00) (0, 0, 0.00000000000000000000e+00) (0, 0, 0.00000000000000000000e+00) (0, 0, 0.00000000000000000000e+00) (0, 0, 0.00000000000000000000e+00) (7, 3, 5.00000000000000000000e-01) (7, 3, 5.00000000000000000000e-01) (7, 3, 5.00000000000000000000e-01) (7, 3, 5.00000000000000000000e-01) (0, 3, 0.00000000000000000000e+00) (5, 3, 5.00000000000000000000e-01) (0, 3, 0.00000000000000000000e+00) 
connections (connected_to_neuron, weight)=(0, 6.67247474193572998047e-01) (1, -4.99259680509567260742e-01) (2, -2.20575785636901855469e+00) (3, 1.95681250095367431641e+00) (4, -3.92437547445297241211e-01) (5, 5.36832809448242187500e+00) (6, -3.55346155166625976562e+00) (0, 7.37127113342285156250e+00) (1, 2.54687070846557617188e+00) (2, 3.09258079528808593750e+00) (3, -2.30942773818969726562e+00) (4, -1.13356816768646240234e+00) (5, -6.53969526290893554688e-01) (6, -1.10700893402099609375e+00) (0, 1.50000000000000000000e+03) (1, 1.50000000000000000000e+03) (2, 1.50000000000000000000e+03) (3, 4.75597869873046875000e+02) (4, 1.50000000000000000000e+03) (5, 5.40985047817230224609e-01) (6, 1.68338072299957275391e+00) (0, -1.87631142139434814453e+00) (1, 3.52824360132217407227e-01) (2, -2.19711995124816894531e+00) (3, -1.23202525079250335693e-01) (4, -5.84290599822998046875e+00) (5, 6.78887081146240234375e+00) (6, 3.33855485916137695312e+00) (7, 4.37615251541137695312e+00) (8, -2.33781003952026367188e+00) (9, 1.63780868053436279297e+00) (10, -3.77901244163513183594e+00) (11, 9.39211428165435791016e-01) 
