FANN_FLO_2.1
num_layers=3
learning_rate=0.400000
connection_rate=1.000000
network_type=0
learning_momentum=0.000000
training_algorithm=2
train_error_function=1
train_stop_function=0
cascade_output_change_fraction=0.010000
quickprop_decay=-0.000100
quickprop_mu=1.750000
rprop_increase_factor=1.200000
rprop_decrease_factor=0.500000
rprop_delta_min=0.000000
rprop_delta_max=50.000000
rprop_delta_zero=0.100000
cascade_output_stagnation_epochs=12
cascade_candidate_change_fraction=0.010000
cascade_candidate_stagnation_epochs=12
cascade_max_out_epochs=150
cascade_min_out_epochs=50
cascade_max_cand_epochs=150
cascade_min_cand_epochs=50
cascade_num_candidate_groups=2
bit_fail_limit=3.49999994039535522461e-01
cascade_candidate_limit=1.00000000000000000000e+03
cascade_weight_multiplier=4.00000005960464477539e-01
cascade_activation_functions_count=10
cascade_activation_functions=3 5 7 8 10 11 14 15 16 17 
cascade_activation_steepnesses_count=4
cascade_activation_steepnesses=2.50000000000000000000e-01 5.00000000000000000000e-01 7.50000000000000000000e-01 1.00000000000000000000e+00 
layer_sizes=7 9 2 
scale_included=0
neurons (num_inputs, activation_function, activation_steepness)=(0, 0, 0.00000000000000000000e+00) (0, 0, 0.00000000000000000000e+00) (0, 0, 0.00000000000000000000e+00) (0, 0, 0.00000000000000000000e+00) (0, 0, 0.00000000000000000000e+00) (0, 0, 0.00000000000000000000e+00) (0, 0, 0.00000000000000000000e+00) (7, 3, 5.00000000000000000000e-01) (7, 3, 5.00000000000000000000e-01) (7, 3, 5.00000000000000000000e-01) (7, 3, 5.00000000000000000000e-01) (7, 3, 5.00000000000000000000e-01) (7, 3, 5.00000000000000000000e-01) (7, 3, 5.00000000000000000000e-01) (7, 3, 5.00000000000000000000e-01) (0, 3, 0.00000000000000000000e+00) (9, 3, 5.00000000000000000000e-01) (0, 3, 0.00000000000000000000e+00) 
connections (connected_to_neuron, weight)=(0, -2.43816232681274414062e+00) (1, 4.61897087097167968750e+00) (2, 3.40641784667968750000e+00) (3, -3.12141180038452148438e+00) (4, -4.94979763031005859375e+00) (5, -1.50000000000000000000e+03) (6, -1.48884630203247070312e+00) (0, 1.12818918228149414062e+01) (1, -1.31227674484252929688e+01) (2, -5.59634780883789062500e+00) (3, -3.70846104621887207031e+00) (4, -1.27718877792358398438e+00) (5, -6.03796958923339843750e+00) (6, 8.52997493743896484375e+00) (0, -3.94807839393615722656e+00) (1, 2.66452860832214355469e+00) (2, -1.44017732143402099609e+00) (3, -7.86203324794769287109e-01) (4, -1.67729496955871582031e-01) (5, -1.74028086662292480469e+00) (6, 3.98025774955749511719e+00) (0, -4.19561004638671875000e+00) (1, 1.50604939460754394531e+00) (2, -2.38461589813232421875e+01) (3, -1.96038722991943359375e+01) (4, -1.89491081237792968750e+01) (5, -5.25069162249565124512e-02) (6, 7.77147245407104492188e+00) (0, -1.01913871765136718750e+01) (1, -1.44147825241088867188e+00) (2, 1.15380010604858398438e+01) (3, -6.57023239135742187500e+00) (4, -2.68992614746093750000e+00) (5, -3.92705738544464111328e-01) (6, 1.30945692062377929688e+01) (0, -9.19426009058952331543e-02) (1, -4.67404238879680633545e-02) (2, -6.12550354003906250000e+01) (3, -1.22390918731689453125e+01) (4, 5.85163974761962890625e+00) (5, 1.77801239490509033203e+00) (6, 2.03888878226280212402e-01) (0, -1.45320434570312500000e+01) (1, 1.27332353591918945312e+01) (2, -2.31284475326538085938e+00) (3, -1.80435371398925781250e+00) (4, -1.26765894889831542969e+00) (5, 4.63078641891479492188e+00) (6, 1.57532525062561035156e+00) (0, -4.31289243698120117188e+00) (1, 2.81886315345764160156e+00) (2, -1.13099609375000000000e+03) (3, -2.85395717620849609375e+00) (4, 6.78811669349670410156e-01) (5, 2.89427165985107421875e+01) (6, 6.05908870697021484375e-01) (7, -2.07406973838806152344e+00) (8, -3.98925757408142089844e+00) (9, 3.24552416801452636719e+00) (10, 9.61863875389099121094e-01) (11, -6.02978348731994628906e-01) (12, -5.37896215915679931641e-01) (13, -3.90056633949279785156e+00) (14, 5.99110317230224609375e+00) (15, 1.35340439155697822571e-02) 
