FANN_FLO_2.1
num_layers=3
learning_rate=0.400000
connection_rate=1.000000
network_type=0
learning_momentum=0.000000
training_algorithm=2
train_error_function=1
train_stop_function=0
cascade_output_change_fraction=0.010000
quickprop_decay=-0.000100
quickprop_mu=1.750000
rprop_increase_factor=1.200000
rprop_decrease_factor=0.500000
rprop_delta_min=0.000000
rprop_delta_max=50.000000
rprop_delta_zero=0.100000
cascade_output_stagnation_epochs=12
cascade_candidate_change_fraction=0.010000
cascade_candidate_stagnation_epochs=12
cascade_max_out_epochs=150
cascade_min_out_epochs=50
cascade_max_cand_epochs=150
cascade_min_cand_epochs=50
cascade_num_candidate_groups=2
bit_fail_limit=3.49999994039535522461e-01
cascade_candidate_limit=1.00000000000000000000e+03
cascade_weight_multiplier=4.00000005960464477539e-01
cascade_activation_functions_count=10
cascade_activation_functions=3 5 7 8 10 11 14 15 16 17 
cascade_activation_steepnesses_count=4
cascade_activation_steepnesses=2.50000000000000000000e-01 5.00000000000000000000e-01 7.50000000000000000000e-01 1.00000000000000000000e+00 
layer_sizes=7 5 2 
scale_included=0
neurons (num_inputs, activation_function, activation_steepness)=(0, 0, 0.00000000000000000000e+00) (0, 0, 0.00000000000000000000e+00) (0, 0, 0.00000000000000000000e+00) (0, 0, 0.00000000000000000000e+00) (0, 0, 0.00000000000000000000e+00) (0, 0, 0.00000000000000000000e+00) (0, 0, 0.00000000000000000000e+00) (7, 3, 5.00000000000000000000e-01) (7, 3, 5.00000000000000000000e-01) (7, 3, 5.00000000000000000000e-01) (7, 3, 5.00000000000000000000e-01) (0, 3, 0.00000000000000000000e+00) (5, 3, 5.00000000000000000000e-01) (0, 3, 0.00000000000000000000e+00) 
connections (connected_to_neuron, weight)=(0, 1.56537309288978576660e-01) (1, 6.14455282688140869141e-01) (2, -1.95251452922821044922e+00) (3, -1.06094932556152343750e+00) (4, -3.67842197418212890625e+00) (5, 3.96183633804321289062e+00) (6, 1.81160926818847656250e+00) (0, -6.40121936798095703125e-01) (1, -8.91412079334259033203e-01) (2, 1.21019363403320312500e+00) (3, 9.09997940063476562500e-01) (4, 3.52924394607543945312e+00) (5, -4.64597672224044799805e-01) (6, -1.46058297157287597656e+00) (0, -7.54064750671386718750e+00) (1, -1.15809679031372070312e+00) (2, -2.29480400681495666504e-01) (3, 1.39419281482696533203e+00) (4, 2.65371084213256835938e+00) (5, 1.33034265041351318359e+00) (6, -1.60697698593139648438e+00) (0, -1.14623141288757324219e+00) (1, 1.31740975379943847656e+00) (2, 5.74394702911376953125e+00) (3, -2.30190682411193847656e+00) (4, 6.27231740951538085938e+00) (5, -1.17821979522705078125e+01) (6, 3.82913613319396972656e+00) (7, -1.98639059066772460938e+00) (8, 3.15350079536437988281e+00) (9, 2.70424008369445800781e+00) (10, -2.62127447128295898438e+00) (11, 1.94921359419822692871e-01) 
