FANN_FLO_2.1
num_layers=4
learning_rate=0.500000
connection_rate=1.000000
network_type=0
learning_momentum=0.000000
training_algorithm=2
train_error_function=1
train_stop_function=0
cascade_output_change_fraction=0.010000
quickprop_decay=-0.000100
quickprop_mu=1.750000
rprop_increase_factor=1.200000
rprop_decrease_factor=0.500000
rprop_delta_min=0.000000
rprop_delta_max=50.000000
rprop_delta_zero=0.100000
cascade_output_stagnation_epochs=12
cascade_candidate_change_fraction=0.010000
cascade_candidate_stagnation_epochs=12
cascade_max_out_epochs=150
cascade_min_out_epochs=50
cascade_max_cand_epochs=150
cascade_min_cand_epochs=50
cascade_num_candidate_groups=2
bit_fail_limit=3.49999994039535522461e-01
cascade_candidate_limit=1.00000000000000000000e+03
cascade_weight_multiplier=4.00000005960464477539e-01
cascade_activation_functions_count=10
cascade_activation_functions=3 5 7 8 10 11 14 15 16 17 
cascade_activation_steepnesses_count=4
cascade_activation_steepnesses=2.50000000000000000000e-01 5.00000000000000000000e-01 7.50000000000000000000e-01 1.00000000000000000000e+00 
layer_sizes=10 3 3 2 
scale_included=0
neurons (num_inputs, activation_function, activation_steepness)=(0, 0, 0.00000000000000000000e+00) (0, 0, 0.00000000000000000000e+00) (0, 0, 0.00000000000000000000e+00) (0, 0, 0.00000000000000000000e+00) (0, 0, 0.00000000000000000000e+00) (0, 0, 0.00000000000000000000e+00) (0, 0, 0.00000000000000000000e+00) (0, 0, 0.00000000000000000000e+00) (0, 0, 0.00000000000000000000e+00) (0, 0, 0.00000000000000000000e+00) (10, 3, 5.00000000000000000000e-01) (10, 3, 5.00000000000000000000e-01) (0, 3, 0.00000000000000000000e+00) (3, 3, 5.00000000000000000000e-01) (3, 3, 5.00000000000000000000e-01) (0, 3, 0.00000000000000000000e+00) (3, 3, 5.00000000000000000000e-01) (0, 3, 0.00000000000000000000e+00) 
connections (connected_to_neuron, weight)=(0, 4.06036834716796875000e+02) (1, -4.37605934143066406250e+01) (2, -1.49252944946289062500e+02) (3, 9.61218261718750000000e+00) (4, -9.55940704345703125000e+01) (5, -2.56936889648437500000e+02) (6, 1.09381195068359375000e+02) (7, 2.28461669921875000000e+02) (8, -7.62452363967895507812e+00) (9, -2.70729637145996093750e+00) (0, 1.00527214050292968750e+02) (1, -3.00140419006347656250e+01) (2, 1.32425785064697265625e+01) (3, 1.38066196441650390625e+01) (4, -9.90221023559570312500e+01) (5, -5.63030242919921875000e+01) (6, 1.69304840087890625000e+02) (7, 5.84969329833984375000e+00) (8, -1.67600955963134765625e+01) (9, -9.80258941650390625000e+00) (10, 6.50161361694335937500e+00) (11, 7.47199630737304687500e+00) (12, -8.92912197113037109375e+00) (10, 6.62573051452636718750e+00) (11, 1.30674781799316406250e+01) (12, -1.28919019699096679688e+01) (13, -7.04974234104156494141e-01) (14, -1.13400661945343017578e+00) (15, 9.15821254253387451172e-01) 
