FANN_FLO_2.1
num_layers=3
learning_rate=0.500000
connection_rate=1.000000
network_type=0
learning_momentum=0.000000
training_algorithm=2
train_error_function=1
train_stop_function=0
cascade_output_change_fraction=0.010000
quickprop_decay=-0.000100
quickprop_mu=1.750000
rprop_increase_factor=1.200000
rprop_decrease_factor=0.500000
rprop_delta_min=0.000000
rprop_delta_max=50.000000
rprop_delta_zero=0.100000
cascade_output_stagnation_epochs=12
cascade_candidate_change_fraction=0.010000
cascade_candidate_stagnation_epochs=12
cascade_max_out_epochs=150
cascade_min_out_epochs=50
cascade_max_cand_epochs=150
cascade_min_cand_epochs=50
cascade_num_candidate_groups=2
bit_fail_limit=3.49999994039535522461e-01
cascade_candidate_limit=1.00000000000000000000e+03
cascade_weight_multiplier=4.00000005960464477539e-01
cascade_activation_functions_count=10
cascade_activation_functions=3 5 7 8 10 11 14 15 16 17 
cascade_activation_steepnesses_count=4
cascade_activation_steepnesses=2.50000000000000000000e-01 5.00000000000000000000e-01 7.50000000000000000000e-01 1.00000000000000000000e+00 
layer_sizes=10 3 2 
scale_included=0
neurons (num_inputs, activation_function, activation_steepness)=(0, 0, 0.00000000000000000000e+00) (0, 0, 0.00000000000000000000e+00) (0, 0, 0.00000000000000000000e+00) (0, 0, 0.00000000000000000000e+00) (0, 0, 0.00000000000000000000e+00) (0, 0, 0.00000000000000000000e+00) (0, 0, 0.00000000000000000000e+00) (0, 0, 0.00000000000000000000e+00) (0, 0, 0.00000000000000000000e+00) (0, 0, 0.00000000000000000000e+00) (10, 3, 5.00000000000000000000e-01) (10, 3, 5.00000000000000000000e-01) (0, 3, 0.00000000000000000000e+00) (3, 3, 5.00000000000000000000e-01) (0, 3, 0.00000000000000000000e+00) 
connections (connected_to_neuron, weight)=(0, -3.64158129692077636719e+00) (1, -1.07762546539306640625e+01) (2, -9.32093048095703125000e+00) (3, 3.50204515457153320312e+00) (4, -3.71893262863159179688e+00) (5, 6.80692672729492187500e+00) (6, 1.00824594497680664062e+01) (7, 4.97299343347549438477e-01) (8, 5.79787397384643554688e+00) (9, 2.34804010391235351562e+00) (0, -4.94858360290527343750e+00) (1, -2.57110452651977539062e+00) (2, -3.89074015617370605469e+00) (3, 2.93351697921752929688e+00) (4, -2.16358256340026855469e+00) (5, -4.95667271316051483154e-02) (6, 9.04036235809326171875e+00) (7, -4.64578390121459960938e-01) (8, 8.03345561027526855469e-01) (9, -4.22799944877624511719e-01) (10, -4.06056499481201171875e+00) (11, 4.09154510498046875000e+00) (12, 8.54119837284088134766e-01) 
