FANN_FLO_2.1
num_layers=3
learning_rate=0.400000
connection_rate=1.000000
network_type=0
learning_momentum=0.000000
training_algorithm=2
train_error_function=1
train_stop_function=0
cascade_output_change_fraction=0.010000
quickprop_decay=-0.000100
quickprop_mu=1.750000
rprop_increase_factor=1.200000
rprop_decrease_factor=0.500000
rprop_delta_min=0.000000
rprop_delta_max=50.000000
rprop_delta_zero=0.100000
cascade_output_stagnation_epochs=12
cascade_candidate_change_fraction=0.010000
cascade_candidate_stagnation_epochs=12
cascade_max_out_epochs=150
cascade_min_out_epochs=50
cascade_max_cand_epochs=150
cascade_min_cand_epochs=50
cascade_num_candidate_groups=2
bit_fail_limit=3.49999994039535522461e-01
cascade_candidate_limit=1.00000000000000000000e+03
cascade_weight_multiplier=4.00000005960464477539e-01
cascade_activation_functions_count=10
cascade_activation_functions=3 5 7 8 10 11 14 15 16 17 
cascade_activation_steepnesses_count=4
cascade_activation_steepnesses=2.50000000000000000000e-01 5.00000000000000000000e-01 7.50000000000000000000e-01 1.00000000000000000000e+00 
layer_sizes=7 5 2 
scale_included=0
neurons (num_inputs, activation_function, activation_steepness)=(0, 0, 0.00000000000000000000e+00) (0, 0, 0.00000000000000000000e+00) (0, 0, 0.00000000000000000000e+00) (0, 0, 0.00000000000000000000e+00) (0, 0, 0.00000000000000000000e+00) (0, 0, 0.00000000000000000000e+00) (0, 0, 0.00000000000000000000e+00) (7, 3, 5.00000000000000000000e-01) (7, 3, 5.00000000000000000000e-01) (7, 3, 5.00000000000000000000e-01) (7, 3, 5.00000000000000000000e-01) (0, 3, 0.00000000000000000000e+00) (5, 3, 5.00000000000000000000e-01) (0, 3, 0.00000000000000000000e+00) 
connections (connected_to_neuron, weight)=(0, -1.31045503616333007812e+01) (1, -2.14581108093261718750e+00) (2, -3.35617995262145996094e+00) (3, 1.31566352844238281250e+01) (4, 4.06111288070678710938e+00) (5, -4.86441469192504882812e+00) (6, -6.16466522216796875000e-01) (0, -1.02948141098022460938e+00) (1, 3.47015649080276489258e-01) (2, 5.66242122650146484375e+00) (3, 3.87091732025146484375e+00) (4, 5.45167922973632812500e+00) (5, -2.43468456268310546875e+01) (6, -7.03216791152954101562e-02) (0, -1.36545240879058837891e+00) (1, -4.64703083038330078125e+00) (2, 1.71376287937164306641e-01) (3, 2.75000596046447753906e+00) (4, -4.08097147941589355469e-01) (5, 6.71443939208984375000e+00) (6, -3.75925779342651367188e+00) (0, -5.88285446166992187500e+00) (1, -2.65701866149902343750e+00) (2, -2.62310862541198730469e+00) (3, 1.27950644493103027344e+00) (4, 5.07971906661987304688e+00) (5, 2.95226550102233886719e+00) (6, -4.82619667053222656250e+00) (7, 4.82380151748657226562e-01) (8, 1.98254048824310302734e+00) (9, 2.50381755828857421875e+00) (10, 6.07461547851562500000e+00) (11, -1.99024045467376708984e+00) 
