FANN_FLO_2.1
num_layers=3
learning_rate=0.400000
connection_rate=1.000000
network_type=0
learning_momentum=0.000000
training_algorithm=2
train_error_function=1
train_stop_function=0
cascade_output_change_fraction=0.010000
quickprop_decay=-0.000100
quickprop_mu=1.750000
rprop_increase_factor=1.200000
rprop_decrease_factor=0.500000
rprop_delta_min=0.000000
rprop_delta_max=50.000000
rprop_delta_zero=0.100000
cascade_output_stagnation_epochs=12
cascade_candidate_change_fraction=0.010000
cascade_candidate_stagnation_epochs=12
cascade_max_out_epochs=150
cascade_min_out_epochs=50
cascade_max_cand_epochs=150
cascade_min_cand_epochs=50
cascade_num_candidate_groups=2
bit_fail_limit=3.49999994039535522461e-01
cascade_candidate_limit=1.00000000000000000000e+03
cascade_weight_multiplier=4.00000005960464477539e-01
cascade_activation_functions_count=10
cascade_activation_functions=3 5 7 8 10 11 14 15 16 17 
cascade_activation_steepnesses_count=4
cascade_activation_steepnesses=2.50000000000000000000e-01 5.00000000000000000000e-01 7.50000000000000000000e-01 1.00000000000000000000e+00 
layer_sizes=19 3 3 
scale_included=0
neurons (num_inputs, activation_function, activation_steepness)=(0, 0, 0.00000000000000000000e+00) (0, 0, 0.00000000000000000000e+00) (0, 0, 0.00000000000000000000e+00) (0, 0, 0.00000000000000000000e+00) (0, 0, 0.00000000000000000000e+00) (0, 0, 0.00000000000000000000e+00) (0, 0, 0.00000000000000000000e+00) (0, 0, 0.00000000000000000000e+00) (0, 0, 0.00000000000000000000e+00) (0, 0, 0.00000000000000000000e+00) (0, 0, 0.00000000000000000000e+00) (0, 0, 0.00000000000000000000e+00) (0, 0, 0.00000000000000000000e+00) (0, 0, 0.00000000000000000000e+00) (0, 0, 0.00000000000000000000e+00) (0, 0, 0.00000000000000000000e+00) (0, 0, 0.00000000000000000000e+00) (0, 0, 0.00000000000000000000e+00) (0, 0, 0.00000000000000000000e+00) (19, 3, 5.00000000000000000000e-01) (19, 3, 5.00000000000000000000e-01) (0, 3, 0.00000000000000000000e+00) (3, 3, 5.00000000000000000000e-01) (3, 3, 5.00000000000000000000e-01) (0, 3, 0.00000000000000000000e+00) 
connections (connected_to_neuron, weight)=(0, 6.71295309066772460938e+00) (1, -1.41849842071533203125e+01) (2, -1.78888988494873046875e+01) (3, 3.40563488006591796875e+00) (4, 6.49852418899536132812e+00) (5, 2.44437446594238281250e+01) (6, 8.31851387023925781250e+00) (7, 4.68665242195129394531e-01) (8, 9.09795284271240234375e-01) (9, -6.87287092208862304688e-01) (10, -2.47833108901977539062e+00) (11, -1.21186876296997070312e+00) (12, -1.32041702270507812500e+01) (13, 5.97321128845214843750e+00) (14, 3.10647392272949218750e+00) (15, -3.98054265975952148438e+00) (16, 8.46741974353790283203e-01) (17, 5.33840084075927734375e+00) (18, 6.05518102645874023438e+00) (0, -4.65202808380126953125e+00) (1, 3.03406524658203125000e+00) (2, 3.49582719802856445312e+00) (3, -3.24272608757019042969e+00) (4, -5.89902460575103759766e-01) (5, -4.10907983779907226562e+00) (6, -4.38318157196044921875e+00) (7, 2.25432348251342773438e+00) (8, -9.98985588550567626953e-01) (9, 3.04624414443969726562e+00) (10, 1.83739334344863891602e-01) (11, -1.86911687254905700684e-01) (12, 5.66853761672973632812e+00) (13, -2.34642982482910156250e+00) (14, -8.20415258407592773438e-01) (15, 2.09816145896911621094e+00) (16, -2.44343018531799316406e+00) (17, -7.50089406967163085938e-01) (18, -2.29360198974609375000e+00) (19, -1.60538852214813232422e+00) (20, -2.25913000106811523438e+00) (21, 1.10736525058746337891e+00) (19, 1.60208129882812500000e+00) (20, 2.25392794609069824219e+00) (21, -1.10395681858062744141e+00) 
