FANN_FLO_2.1
num_layers=4
learning_rate=0.500000
connection_rate=1.000000
network_type=0
learning_momentum=0.000000
training_algorithm=2
train_error_function=1
train_stop_function=0
cascade_output_change_fraction=0.010000
quickprop_decay=-0.000100
quickprop_mu=1.750000
rprop_increase_factor=1.200000
rprop_decrease_factor=0.500000
rprop_delta_min=0.000000
rprop_delta_max=50.000000
rprop_delta_zero=0.100000
cascade_output_stagnation_epochs=12
cascade_candidate_change_fraction=0.010000
cascade_candidate_stagnation_epochs=12
cascade_max_out_epochs=150
cascade_min_out_epochs=50
cascade_max_cand_epochs=150
cascade_min_cand_epochs=50
cascade_num_candidate_groups=2
bit_fail_limit=3.49999994039535522461e-01
cascade_candidate_limit=1.00000000000000000000e+03
cascade_weight_multiplier=4.00000005960464477539e-01
cascade_activation_functions_count=10
cascade_activation_functions=3 5 7 8 10 11 14 15 16 17 
cascade_activation_steepnesses_count=4
cascade_activation_steepnesses=2.50000000000000000000e-01 5.00000000000000000000e-01 7.50000000000000000000e-01 1.00000000000000000000e+00 
layer_sizes=10 3 3 2 
scale_included=0
neurons (num_inputs, activation_function, activation_steepness)=(0, 0, 0.00000000000000000000e+00) (0, 0, 0.00000000000000000000e+00) (0, 0, 0.00000000000000000000e+00) (0, 0, 0.00000000000000000000e+00) (0, 0, 0.00000000000000000000e+00) (0, 0, 0.00000000000000000000e+00) (0, 0, 0.00000000000000000000e+00) (0, 0, 0.00000000000000000000e+00) (0, 0, 0.00000000000000000000e+00) (0, 0, 0.00000000000000000000e+00) (10, 3, 5.00000000000000000000e-01) (10, 3, 5.00000000000000000000e-01) (0, 3, 0.00000000000000000000e+00) (3, 3, 5.00000000000000000000e-01) (3, 3, 5.00000000000000000000e-01) (0, 3, 0.00000000000000000000e+00) (3, 3, 5.00000000000000000000e-01) (0, 3, 0.00000000000000000000e+00) 
connections (connected_to_neuron, weight)=(0, 5.41338014602661132812e+00) (1, -1.28956184387207031250e+01) (2, -2.09872360229492187500e+01) (3, 9.73411798477172851562e-01) (4, -2.35670471191406250000e+00) (5, 1.95597565174102783203e+00) (6, 6.52218914031982421875e+00) (7, 1.17851543426513671875e+00) (8, 1.84749984741210937500e+01) (9, -2.51720356941223144531e+00) (0, 3.13057041168212890625e+00) (1, 1.48063182830810546875e+01) (2, -2.72801017761230468750e+00) (3, -6.49844264984130859375e+00) (4, 1.99158239364624023438e+00) (5, -5.75307607650756835938e-01) (6, -5.05515289306640625000e+00) (7, -5.74674701690673828125e+00) (8, -4.86747121810913085938e+00) (9, 1.48902165889739990234e+00) (10, 9.47315692901611328125e+00) (11, 9.95473289489746093750e+00) (12, -4.80952501296997070312e+00) (10, 9.44050502777099609375e+00) (11, 9.91899394989013671875e+00) (12, -4.78064441680908203125e+00) (13, 1.33881998062133789062e+00) (14, 1.32354915142059326172e+00) (15, -1.77247107028961181641e+00) 
