FANN_FLO_2.1
num_layers=4
learning_rate=0.500000
connection_rate=1.000000
network_type=0
learning_momentum=0.000000
training_algorithm=2
train_error_function=1
train_stop_function=0
cascade_output_change_fraction=0.010000
quickprop_decay=-0.000100
quickprop_mu=1.750000
rprop_increase_factor=1.200000
rprop_decrease_factor=0.500000
rprop_delta_min=0.000000
rprop_delta_max=50.000000
rprop_delta_zero=0.100000
cascade_output_stagnation_epochs=12
cascade_candidate_change_fraction=0.010000
cascade_candidate_stagnation_epochs=12
cascade_max_out_epochs=150
cascade_min_out_epochs=50
cascade_max_cand_epochs=150
cascade_min_cand_epochs=50
cascade_num_candidate_groups=2
bit_fail_limit=3.49999994039535522461e-01
cascade_candidate_limit=1.00000000000000000000e+03
cascade_weight_multiplier=4.00000005960464477539e-01
cascade_activation_functions_count=10
cascade_activation_functions=3 5 7 8 10 11 14 15 16 17 
cascade_activation_steepnesses_count=4
cascade_activation_steepnesses=2.50000000000000000000e-01 5.00000000000000000000e-01 7.50000000000000000000e-01 1.00000000000000000000e+00 
layer_sizes=10 5 3 2 
scale_included=0
neurons (num_inputs, activation_function, activation_steepness)=(0, 0, 0.00000000000000000000e+00) (0, 0, 0.00000000000000000000e+00) (0, 0, 0.00000000000000000000e+00) (0, 0, 0.00000000000000000000e+00) (0, 0, 0.00000000000000000000e+00) (0, 0, 0.00000000000000000000e+00) (0, 0, 0.00000000000000000000e+00) (0, 0, 0.00000000000000000000e+00) (0, 0, 0.00000000000000000000e+00) (0, 0, 0.00000000000000000000e+00) (10, 3, 5.00000000000000000000e-01) (10, 3, 5.00000000000000000000e-01) (10, 3, 5.00000000000000000000e-01) (10, 3, 5.00000000000000000000e-01) (0, 3, 0.00000000000000000000e+00) (5, 3, 5.00000000000000000000e-01) (5, 3, 5.00000000000000000000e-01) (0, 3, 0.00000000000000000000e+00) (3, 3, 5.00000000000000000000e-01) (0, 3, 0.00000000000000000000e+00) 
connections (connected_to_neuron, weight)=(0, -1.78689777851104736328e+00) (1, 7.69244372844696044922e-01) (2, -6.51079368591308593750e+00) (3, -1.16353422403335571289e-01) (4, 2.49095678329467773438e-01) (5, -1.49576354980468750000e+03) (6, 1.13009533691406250000e+03) (7, -3.84987533092498779297e-01) (8, 1.08323410034179687500e+02) (9, 6.51534557342529296875e-01) (0, -1.10757970809936523438e+01) (1, 5.82634639739990234375e+00) (2, -3.15700113773345947266e-01) (3, -3.06608080863952636719e+00) (4, 7.56748914718627929688e-01) (5, 2.18892312049865722656e+00) (6, 8.54411542415618896484e-01) (7, -8.29345417022705078125e+00) (8, 1.92869532108306884766e+00) (9, 2.89419054985046386719e+00) (0, -2.06465601921081542969e+00) (1, 5.64611792564392089844e-01) (2, -6.42947626113891601562e+00) (3, -1.12731553614139556885e-01) (4, -7.80511975288391113281e-01) (5, -1.44970556640625000000e+03) (6, 2.56576359272003173828e-01) (7, -5.42248964309692382812e-01) (8, 1.19162670898437500000e+03) (9, 5.38870513439178466797e-01) (0, -5.84524393081665039062e+00) (1, 2.08760690689086914062e+00) (2, -1.79885959625244140625e+01) (3, 8.59332457184791564941e-02) (4, 9.42407310009002685547e-01) (5, -1.20002365112304687500e+01) (6, 1.64352118968963623047e+00) (7, 1.38501679897308349609e+00) (8, 6.36017560958862304688e+00) (9, 1.14893007278442382812e+00) (10, 3.34709215164184570312e+00) (11, 1.65367774963378906250e+01) (12, 3.19270658493041992188e+00) (13, 1.05307083129882812500e+01) (14, -5.05755186080932617188e+00) (10, 3.39257210493087768555e-01) (11, 1.07252132892608642578e+00) (12, -1.56049281358718872070e-02) (13, 8.09141218662261962891e-01) (14, -2.51220226287841796875e-01) (15, 6.07545316219329833984e-01) (16, 1.74452662467956542969e-01) (17, 1.44184276461601257324e-01) 
