FANN_FLO_2.1
num_layers=3
learning_rate=0.400000
connection_rate=1.000000
network_type=0
learning_momentum=0.000000
training_algorithm=2
train_error_function=1
train_stop_function=0
cascade_output_change_fraction=0.010000
quickprop_decay=-0.000100
quickprop_mu=1.750000
rprop_increase_factor=1.200000
rprop_decrease_factor=0.500000
rprop_delta_min=0.000000
rprop_delta_max=50.000000
rprop_delta_zero=0.100000
cascade_output_stagnation_epochs=12
cascade_candidate_change_fraction=0.010000
cascade_candidate_stagnation_epochs=12
cascade_max_out_epochs=150
cascade_min_out_epochs=50
cascade_max_cand_epochs=150
cascade_min_cand_epochs=50
cascade_num_candidate_groups=2
bit_fail_limit=3.49999994039535522461e-01
cascade_candidate_limit=1.00000000000000000000e+03
cascade_weight_multiplier=4.00000005960464477539e-01
cascade_activation_functions_count=10
cascade_activation_functions=3 5 7 8 10 11 14 15 16 17 
cascade_activation_steepnesses_count=4
cascade_activation_steepnesses=2.50000000000000000000e-01 5.00000000000000000000e-01 7.50000000000000000000e-01 1.00000000000000000000e+00 
layer_sizes=7 5 2 
scale_included=0
neurons (num_inputs, activation_function, activation_steepness)=(0, 0, 0.00000000000000000000e+00) (0, 0, 0.00000000000000000000e+00) (0, 0, 0.00000000000000000000e+00) (0, 0, 0.00000000000000000000e+00) (0, 0, 0.00000000000000000000e+00) (0, 0, 0.00000000000000000000e+00) (0, 0, 0.00000000000000000000e+00) (7, 3, 5.00000000000000000000e-01) (7, 3, 5.00000000000000000000e-01) (7, 3, 5.00000000000000000000e-01) (7, 3, 5.00000000000000000000e-01) (0, 3, 0.00000000000000000000e+00) (5, 3, 5.00000000000000000000e-01) (0, 3, 0.00000000000000000000e+00) 
connections (connected_to_neuron, weight)=(0, -2.86547136306762695312e+00) (1, 6.48593544960021972656e-01) (2, 6.51932716369628906250e+00) (3, -9.25933420658111572266e-01) (4, -2.70522332191467285156e+00) (5, -1.50000000000000000000e+03) (6, 3.72926974296569824219e+00) (0, -1.32526144385337829590e-01) (1, 5.82163810729980468750e-01) (2, 2.57524633407592773438e+00) (3, -4.21244716644287109375e+00) (4, 3.26974892616271972656e+00) (5, -2.17541599273681640625e+00) (6, -1.55972802639007568359e+00) (0, -1.19690876007080078125e+01) (1, 1.13481016159057617188e+01) (2, -5.15419101715087890625e+00) (3, 5.07952749729156494141e-01) (4, -1.34095597267150878906e+00) (5, 1.74310457706451416016e+00) (6, 1.21537971496582031250e+00) (0, 1.35164041519165039062e+01) (1, -1.48284788131713867188e+01) (2, 7.01636743545532226562e+00) (3, -2.26087403297424316406e+00) (4, -8.28413546085357666016e-01) (5, 4.81784725189208984375e+00) (6, -4.64766359329223632812e+00) (7, -2.42321443557739257812e+00) (8, -2.43837022781372070312e+00) (9, -3.03125762939453125000e+00) (10, -8.40499019622802734375e+00) (11, 1.31941044330596923828e+00) 
