FANN_FLO_2.1
num_layers=3
learning_rate=0.500000
connection_rate=1.000000
network_type=0
learning_momentum=0.000000
training_algorithm=2
train_error_function=1
train_stop_function=0
cascade_output_change_fraction=0.010000
quickprop_decay=-0.000100
quickprop_mu=1.750000
rprop_increase_factor=1.200000
rprop_decrease_factor=0.500000
rprop_delta_min=0.000000
rprop_delta_max=50.000000
rprop_delta_zero=0.100000
cascade_output_stagnation_epochs=12
cascade_candidate_change_fraction=0.010000
cascade_candidate_stagnation_epochs=12
cascade_max_out_epochs=150
cascade_min_out_epochs=50
cascade_max_cand_epochs=150
cascade_min_cand_epochs=50
cascade_num_candidate_groups=2
bit_fail_limit=3.49999994039535522461e-01
cascade_candidate_limit=1.00000000000000000000e+03
cascade_weight_multiplier=4.00000005960464477539e-01
cascade_activation_functions_count=10
cascade_activation_functions=3 5 7 8 10 11 14 15 16 17 
cascade_activation_steepnesses_count=4
cascade_activation_steepnesses=2.50000000000000000000e-01 5.00000000000000000000e-01 7.50000000000000000000e-01 1.00000000000000000000e+00 
layer_sizes=10 5 2 
scale_included=0
neurons (num_inputs, activation_function, activation_steepness)=(0, 0, 0.00000000000000000000e+00) (0, 0, 0.00000000000000000000e+00) (0, 0, 0.00000000000000000000e+00) (0, 0, 0.00000000000000000000e+00) (0, 0, 0.00000000000000000000e+00) (0, 0, 0.00000000000000000000e+00) (0, 0, 0.00000000000000000000e+00) (0, 0, 0.00000000000000000000e+00) (0, 0, 0.00000000000000000000e+00) (0, 0, 0.00000000000000000000e+00) (10, 3, 5.00000000000000000000e-01) (10, 3, 5.00000000000000000000e-01) (10, 3, 5.00000000000000000000e-01) (10, 3, 5.00000000000000000000e-01) (0, 3, 0.00000000000000000000e+00) (5, 3, 5.00000000000000000000e-01) (0, 3, 0.00000000000000000000e+00) 
connections (connected_to_neuron, weight)=(0, -3.41450262069702148438e+00) (1, -4.78265136480331420898e-01) (2, -1.45860242843627929688e+00) (3, 8.48508930206298828125e+00) (4, 1.31638729572296142578e+00) (5, -4.63697385787963867188e+00) (6, -6.19413666427135467529e-02) (7, 2.06387281417846679688e+00) (8, -7.89261832833290100098e-02) (9, -1.58204829692840576172e+00) (0, -3.24244232177734375000e+01) (1, -8.27572762966156005859e-01) (2, -1.22928142547607421875e+00) (3, 1.21390504837036132812e+01) (4, 2.98996150493621826172e-01) (5, 4.00130540132522583008e-01) (6, 2.51705398559570312500e+01) (7, -2.00942587852478027344e+00) (8, 4.99993276596069335938e+00) (9, 3.96715432405471801758e-01) (0, -1.95633697509765625000e+01) (1, 1.39522776007652282715e-01) (2, -1.22519946098327636719e+00) (3, -1.61647951602935791016e+00) (4, -2.22573235630989074707e-01) (5, 6.25429677963256835938e+00) (6, 6.06344318389892578125e+00) (7, 8.12454640865325927734e-01) (8, 1.42217321395874023438e+01) (9, 2.53334522247314453125e+00) (0, -2.12271652221679687500e+01) (1, 9.34777355194091796875e+00) (2, -2.92473554611206054688e-01) (3, 1.35164886713027954102e-01) (4, -4.41732376813888549805e-01) (5, 4.76628899574279785156e-01) (6, -3.44896507263183593750e+00) (7, -2.38354906439781188965e-01) (8, -1.04409247636795043945e-01) (9, -2.25890338420867919922e-01) (10, 3.86821150779724121094e+00) (11, -2.14040017127990722656e+00) (12, -1.04241085052490234375e+00) (13, 2.89992094039916992188e+00) (14, 2.12191715836524963379e-01) 
