FANN_FLO_2.1
num_layers=4
learning_rate=0.400000
connection_rate=1.000000
network_type=0
learning_momentum=0.000000
training_algorithm=2
train_error_function=1
train_stop_function=0
cascade_output_change_fraction=0.010000
quickprop_decay=-0.000100
quickprop_mu=1.750000
rprop_increase_factor=1.200000
rprop_decrease_factor=0.500000
rprop_delta_min=0.000000
rprop_delta_max=50.000000
rprop_delta_zero=0.100000
cascade_output_stagnation_epochs=12
cascade_candidate_change_fraction=0.010000
cascade_candidate_stagnation_epochs=12
cascade_max_out_epochs=150
cascade_min_out_epochs=50
cascade_max_cand_epochs=150
cascade_min_cand_epochs=50
cascade_num_candidate_groups=2
bit_fail_limit=3.49999994039535522461e-01
cascade_candidate_limit=1.00000000000000000000e+03
cascade_weight_multiplier=4.00000005960464477539e-01
cascade_activation_functions_count=10
cascade_activation_functions=3 5 7 8 10 11 14 15 16 17 
cascade_activation_steepnesses_count=4
cascade_activation_steepnesses=2.50000000000000000000e-01 5.00000000000000000000e-01 7.50000000000000000000e-01 1.00000000000000000000e+00 
layer_sizes=7 5 5 2 
scale_included=0
neurons (num_inputs, activation_function, activation_steepness)=(0, 0, 0.00000000000000000000e+00) (0, 0, 0.00000000000000000000e+00) (0, 0, 0.00000000000000000000e+00) (0, 0, 0.00000000000000000000e+00) (0, 0, 0.00000000000000000000e+00) (0, 0, 0.00000000000000000000e+00) (0, 0, 0.00000000000000000000e+00) (7, 3, 5.00000000000000000000e-01) (7, 3, 5.00000000000000000000e-01) (7, 3, 5.00000000000000000000e-01) (7, 3, 5.00000000000000000000e-01) (0, 3, 0.00000000000000000000e+00) (5, 3, 5.00000000000000000000e-01) (5, 3, 5.00000000000000000000e-01) (5, 3, 5.00000000000000000000e-01) (5, 3, 5.00000000000000000000e-01) (0, 3, 0.00000000000000000000e+00) (5, 3, 5.00000000000000000000e-01) (0, 3, 0.00000000000000000000e+00) 
connections (connected_to_neuron, weight)=(0, -3.28338439941406250000e+02) (1, -9.94850692749023437500e+01) (2, -5.04888992309570312500e+01) (3, -1.48652917480468750000e+03) (4, -1.50000000000000000000e+03) (5, -1.39100000000000000000e+03) (6, -1.36906652832031250000e+03) (0, 1.32597672939300537109e+00) (1, -3.08200573921203613281e+00) (2, 1.74626016616821289062e+00) (3, -2.67882966995239257812e+00) (4, -8.26102614402770996094e-01) (5, 1.83325576782226562500e+01) (6, 3.67409169673919677734e-01) (0, -2.31079792976379394531e+00) (1, 1.12246572971343994141e+00) (2, 8.87103453278541564941e-02) (3, -1.67862427234649658203e+00) (4, -6.33409202098846435547e-01) (5, -2.03402352333068847656e+00) (6, 6.73530876636505126953e-01) (0, -7.29383605957031250000e+02) (1, -5.75029785156250000000e+02) (2, 1.02400382995605468750e+02) (3, -1.48652917480468750000e+03) (4, -1.50000000000000000000e+03) (5, -1.39100000000000000000e+03) (6, -1.36906652832031250000e+03) (7, 1.50000000000000000000e+03) (8, -2.01885585784912109375e+01) (9, 2.40822830200195312500e+01) (10, 1.50000000000000000000e+03) (11, -3.23754811286926269531e+00) (7, 1.50000000000000000000e+03) (8, -8.82316398620605468750e+00) (9, 2.59228267669677734375e+01) (10, 1.50000000000000000000e+03) (11, -2.89202785491943359375e+00) (7, 1.50000000000000000000e+03) (8, -3.00556335449218750000e+01) (9, 4.17593879699707031250e+01) (10, 1.50000000000000000000e+03) (11, -8.08604278564453125000e+01) (7, 1.50000000000000000000e+03) (8, 8.69022560119628906250e+00) (9, -3.56495971679687500000e+01) (10, 1.50000000000000000000e+03) (11, -3.11316180229187011719e+00) (12, -3.47970890998840332031e+00) (13, -9.65404808521270751953e-01) (14, -1.50000000000000000000e+03) (15, -3.50875663757324218750e+00) (16, 3.41767936944961547852e-01) 
