FANN_FLO_2.1
num_layers=3
learning_rate=0.400000
connection_rate=1.000000
network_type=0
learning_momentum=0.000000
training_algorithm=2
train_error_function=1
train_stop_function=0
cascade_output_change_fraction=0.010000
quickprop_decay=-0.000100
quickprop_mu=1.750000
rprop_increase_factor=1.200000
rprop_decrease_factor=0.500000
rprop_delta_min=0.000000
rprop_delta_max=50.000000
rprop_delta_zero=0.100000
cascade_output_stagnation_epochs=12
cascade_candidate_change_fraction=0.010000
cascade_candidate_stagnation_epochs=12
cascade_max_out_epochs=150
cascade_min_out_epochs=50
cascade_max_cand_epochs=150
cascade_min_cand_epochs=50
cascade_num_candidate_groups=2
bit_fail_limit=3.49999994039535522461e-01
cascade_candidate_limit=1.00000000000000000000e+03
cascade_weight_multiplier=4.00000005960464477539e-01
cascade_activation_functions_count=10
cascade_activation_functions=3 5 7 8 10 11 14 15 16 17 
cascade_activation_steepnesses_count=4
cascade_activation_steepnesses=2.50000000000000000000e-01 5.00000000000000000000e-01 7.50000000000000000000e-01 1.00000000000000000000e+00 
layer_sizes=7 9 2 
scale_included=0
neurons (num_inputs, activation_function, activation_steepness)=(0, 0, 0.00000000000000000000e+00) (0, 0, 0.00000000000000000000e+00) (0, 0, 0.00000000000000000000e+00) (0, 0, 0.00000000000000000000e+00) (0, 0, 0.00000000000000000000e+00) (0, 0, 0.00000000000000000000e+00) (0, 0, 0.00000000000000000000e+00) (7, 3, 5.00000000000000000000e-01) (7, 3, 5.00000000000000000000e-01) (7, 3, 5.00000000000000000000e-01) (7, 3, 5.00000000000000000000e-01) (7, 3, 5.00000000000000000000e-01) (7, 3, 5.00000000000000000000e-01) (7, 3, 5.00000000000000000000e-01) (7, 3, 5.00000000000000000000e-01) (0, 3, 0.00000000000000000000e+00) (9, 3, 5.00000000000000000000e-01) (0, 3, 0.00000000000000000000e+00) 
connections (connected_to_neuron, weight)=(0, 1.81034641265869140625e+01) (1, 5.03410339355468750000e+00) (2, 2.63022303581237792969e+00) (3, -7.52030372619628906250e+00) (4, -3.44194173812866210938e-01) (5, 1.17611002922058105469e+00) (6, -8.53173792362213134766e-01) (0, 8.42538177967071533203e-01) (1, -2.76377141475677490234e-01) (2, -6.34648084640502929688e-01) (3, 3.32369744777679443359e-01) (4, 4.19515228271484375000e+00) (5, 5.76751470565795898438e-01) (6, 7.29085654020309448242e-02) (0, 2.59464097023010253906e+00) (1, 1.78099548816680908203e+00) (2, 1.50005638599395751953e+00) (3, -4.02654647827148437500e+00) (4, 1.08587589263916015625e+01) (5, -8.63483238220214843750e+00) (6, 9.51116442680358886719e-01) (0, -6.73391222953796386719e-02) (1, -3.55840802192687988281e-01) (2, -9.39047336578369140625e-01) (3, -6.42806112766265869141e-01) (4, 4.45801305770874023438e+00) (5, -1.09820997714996337891e+00) (6, -3.24628800153732299805e-01) (0, -1.31935679912567138672e+00) (1, 8.53597760200500488281e-01) (2, 9.30827736854553222656e-01) (3, -7.08799540996551513672e-01) (4, -5.37548446655273437500e+00) (5, -8.31409096717834472656e-01) (6, 6.98059618473052978516e-01) (0, 9.78679370880126953125e+00) (1, 1.72931444644927978516e+00) (2, -4.34122514724731445312e+00) (3, -7.37413024902343750000e+00) (4, 7.10014343261718750000e-01) (5, 4.56626987457275390625e+00) (6, 1.51665425300598144531e+00) (0, 5.44221162796020507812e-01) (1, -4.43859279155731201172e-01) (2, -2.65331000089645385742e-01) (3, 5.73924891650676727295e-02) (4, 3.83422279357910156250e+00) (5, 3.56082797050476074219e-01) (6, 5.23615002632141113281e-01) (0, 8.00221145153045654297e-01) (1, -1.64296641945838928223e-01) (2, -5.91264128684997558594e-01) (3, 9.43519920110702514648e-02) (4, 3.72887396812438964844e+00) (5, 4.15337860584259033203e-01) (6, 2.83127814531326293945e-01) (7, -1.07675504684448242188e+00) (8, 9.41385865211486816406e-01) (9, -2.70669507980346679688e+00) (10, 2.34438610076904296875e+00) (11, -1.18786430358886718750e+01) (12, -1.37725949287414550781e+00) (13, 9.51001942157745361328e-01) (14, 9.53936994075775146484e-01) (15, 3.06000113487243652344e-01) 
