FANN_FLO_2.1
num_layers=3
learning_rate=0.400000
connection_rate=1.000000
network_type=0
learning_momentum=0.000000
training_algorithm=2
train_error_function=1
train_stop_function=0
cascade_output_change_fraction=0.010000
quickprop_decay=-0.000100
quickprop_mu=1.750000
rprop_increase_factor=1.200000
rprop_decrease_factor=0.500000
rprop_delta_min=0.000000
rprop_delta_max=50.000000
rprop_delta_zero=0.100000
cascade_output_stagnation_epochs=12
cascade_candidate_change_fraction=0.010000
cascade_candidate_stagnation_epochs=12
cascade_max_out_epochs=150
cascade_min_out_epochs=50
cascade_max_cand_epochs=150
cascade_min_cand_epochs=50
cascade_num_candidate_groups=2
bit_fail_limit=3.49999994039535522461e-01
cascade_candidate_limit=1.00000000000000000000e+03
cascade_weight_multiplier=4.00000005960464477539e-01
cascade_activation_functions_count=10
cascade_activation_functions=3 5 7 8 10 11 14 15 16 17 
cascade_activation_steepnesses_count=4
cascade_activation_steepnesses=2.50000000000000000000e-01 5.00000000000000000000e-01 7.50000000000000000000e-01 1.00000000000000000000e+00 
layer_sizes=7 5 2 
scale_included=0
neurons (num_inputs, activation_function, activation_steepness)=(0, 0, 0.00000000000000000000e+00) (0, 0, 0.00000000000000000000e+00) (0, 0, 0.00000000000000000000e+00) (0, 0, 0.00000000000000000000e+00) (0, 0, 0.00000000000000000000e+00) (0, 0, 0.00000000000000000000e+00) (0, 0, 0.00000000000000000000e+00) (7, 3, 5.00000000000000000000e-01) (7, 3, 5.00000000000000000000e-01) (7, 3, 5.00000000000000000000e-01) (7, 3, 5.00000000000000000000e-01) (0, 3, 0.00000000000000000000e+00) (5, 3, 5.00000000000000000000e-01) (0, 3, 0.00000000000000000000e+00) 
connections (connected_to_neuron, weight)=(0, -5.75287294387817382812e+00) (1, -2.26113319396972656250e+00) (2, 7.67346382141113281250e-01) (3, -2.14374661445617675781e+00) (4, 4.64001417160034179688e+00) (5, -8.53853151202201843262e-02) (6, -1.66838192939758300781e+00) (0, -2.33639025688171386719e+00) (1, -3.73935937881469726562e+00) (2, -3.60694265365600585938e+00) (3, 3.97470879554748535156e+00) (4, 1.94962501525878906250e+00) (5, 2.82544732093811035156e+00) (6, -5.18025541305541992188e+00) (0, 1.04688203334808349609e+00) (1, -2.08710384368896484375e+00) (2, -3.75254368782043457031e+00) (3, 2.97303915023803710938e+00) (4, -1.71931207180023193359e+00) (5, 6.81656074523925781250e+00) (6, -3.21585726737976074219e+00) (0, 6.12191915512084960938e+00) (1, -1.61256349086761474609e+00) (2, 4.14375686645507812500e+00) (3, 4.07138347625732421875e+00) (4, 3.12393379211425781250e+00) (5, -9.96902370452880859375e+00) (6, -4.90067100524902343750e+00) (7, 4.68977785110473632812e+00) (8, 5.97599935531616210938e+00) (9, 2.71586036682128906250e+00) (10, 2.61965441703796386719e+00) (11, -2.39182734489440917969e+00) 
