FANN_FLO_2.1
num_layers=4
learning_rate=0.400000
connection_rate=1.000000
network_type=0
learning_momentum=0.000000
training_algorithm=2
train_error_function=1
train_stop_function=0
cascade_output_change_fraction=0.010000
quickprop_decay=-0.000100
quickprop_mu=1.750000
rprop_increase_factor=1.200000
rprop_decrease_factor=0.500000
rprop_delta_min=0.000000
rprop_delta_max=50.000000
rprop_delta_zero=0.100000
cascade_output_stagnation_epochs=12
cascade_candidate_change_fraction=0.010000
cascade_candidate_stagnation_epochs=12
cascade_max_out_epochs=150
cascade_min_out_epochs=50
cascade_max_cand_epochs=150
cascade_min_cand_epochs=50
cascade_num_candidate_groups=2
bit_fail_limit=3.49999994039535522461e-01
cascade_candidate_limit=1.00000000000000000000e+03
cascade_weight_multiplier=4.00000005960464477539e-01
cascade_activation_functions_count=10
cascade_activation_functions=3 5 7 8 10 11 14 15 16 17 
cascade_activation_steepnesses_count=4
cascade_activation_steepnesses=2.50000000000000000000e-01 5.00000000000000000000e-01 7.50000000000000000000e-01 1.00000000000000000000e+00 
layer_sizes=7 5 5 2 
scale_included=0
neurons (num_inputs, activation_function, activation_steepness)=(0, 0, 0.00000000000000000000e+00) (0, 0, 0.00000000000000000000e+00) (0, 0, 0.00000000000000000000e+00) (0, 0, 0.00000000000000000000e+00) (0, 0, 0.00000000000000000000e+00) (0, 0, 0.00000000000000000000e+00) (0, 0, 0.00000000000000000000e+00) (7, 3, 5.00000000000000000000e-01) (7, 3, 5.00000000000000000000e-01) (7, 3, 5.00000000000000000000e-01) (7, 3, 5.00000000000000000000e-01) (0, 3, 0.00000000000000000000e+00) (5, 3, 5.00000000000000000000e-01) (5, 3, 5.00000000000000000000e-01) (5, 3, 5.00000000000000000000e-01) (5, 3, 5.00000000000000000000e-01) (0, 3, 0.00000000000000000000e+00) (5, 3, 5.00000000000000000000e-01) (0, 3, 0.00000000000000000000e+00) 
connections (connected_to_neuron, weight)=(0, 8.24056243896484375000e+00) (1, -8.90767002105712890625e+00) (2, -3.83532643318176269531e+00) (3, -1.54662632942199707031e+00) (4, -1.20646262168884277344e+00) (5, 3.83561873435974121094e+00) (6, -3.32422780990600585938e+00) (0, -7.62418174743652343750e+00) (1, 6.62785911560058593750e+00) (2, -2.69297242164611816406e+00) (3, -1.83787798881530761719e+00) (4, -7.84558534622192382812e-01) (5, -5.54621028900146484375e+00) (6, 1.06526672840118408203e+00) (0, -3.43992309570312500000e+02) (1, 7.96407127380371093750e+00) (2, -5.45930725097656250000e+02) (3, 7.72621250152587890625e+00) (4, -1.22163378906250000000e+03) (5, 7.26220397949218750000e+02) (6, 4.96624908447265625000e+01) (0, -1.89158773422241210938e+00) (1, -2.56510305404663085938e+00) (2, 1.79569339752197265625e+01) (3, -4.18334674835205078125e+00) (4, -2.15023756027221679688e-01) (5, 5.61284875869750976562e+00) (6, -5.35407721996307373047e-01) (7, 6.78350162506103515625e+00) (8, 4.80984592437744140625e+00) (9, -8.86370003223419189453e-01) (10, -2.53402106463909149170e-02) (11, -1.85193252563476562500e+00) (7, 9.70642185211181640625e+00) (8, 9.22206974029541015625e+00) (9, -1.71385788917541503906e+00) (10, 3.03414249420166015625e+00) (11, -5.49732446670532226562e+00) (7, 8.43890190124511718750e+00) (8, 4.90415763854980468750e+00) (9, -7.97677874565124511719e-01) (10, -3.54713737964630126953e-01) (11, -1.88504207134246826172e+00) (7, -9.94123172760009765625e+00) (8, 4.84482097625732421875e+00) (9, 4.25924587249755859375e+00) (10, 5.20936059951782226562e+00) (11, -1.64455819129943847656e+00) (12, -1.00095260143280029297e+00) (13, -2.79207992553710937500e+00) (14, -2.07938051223754882812e+00) (15, -1.11095368862152099609e+00) (16, -4.18473631143569946289e-01) 
