FANN_FLO_2.1
num_layers=4
learning_rate=0.500000
connection_rate=1.000000
network_type=0
learning_momentum=0.000000
training_algorithm=2
train_error_function=1
train_stop_function=0
cascade_output_change_fraction=0.010000
quickprop_decay=-0.000100
quickprop_mu=1.750000
rprop_increase_factor=1.200000
rprop_decrease_factor=0.500000
rprop_delta_min=0.000000
rprop_delta_max=50.000000
rprop_delta_zero=0.100000
cascade_output_stagnation_epochs=12
cascade_candidate_change_fraction=0.010000
cascade_candidate_stagnation_epochs=12
cascade_max_out_epochs=150
cascade_min_out_epochs=50
cascade_max_cand_epochs=150
cascade_min_cand_epochs=50
cascade_num_candidate_groups=2
bit_fail_limit=3.49999994039535522461e-01
cascade_candidate_limit=1.00000000000000000000e+03
cascade_weight_multiplier=4.00000005960464477539e-01
cascade_activation_functions_count=10
cascade_activation_functions=3 5 7 8 10 11 14 15 16 17 
cascade_activation_steepnesses_count=4
cascade_activation_steepnesses=2.50000000000000000000e-01 5.00000000000000000000e-01 7.50000000000000000000e-01 1.00000000000000000000e+00 
layer_sizes=10 5 3 2 
scale_included=0
neurons (num_inputs, activation_function, activation_steepness)=(0, 0, 0.00000000000000000000e+00) (0, 0, 0.00000000000000000000e+00) (0, 0, 0.00000000000000000000e+00) (0, 0, 0.00000000000000000000e+00) (0, 0, 0.00000000000000000000e+00) (0, 0, 0.00000000000000000000e+00) (0, 0, 0.00000000000000000000e+00) (0, 0, 0.00000000000000000000e+00) (0, 0, 0.00000000000000000000e+00) (0, 0, 0.00000000000000000000e+00) (10, 3, 5.00000000000000000000e-01) (10, 3, 5.00000000000000000000e-01) (10, 3, 5.00000000000000000000e-01) (10, 3, 5.00000000000000000000e-01) (0, 3, 0.00000000000000000000e+00) (5, 3, 5.00000000000000000000e-01) (5, 3, 5.00000000000000000000e-01) (0, 3, 0.00000000000000000000e+00) (3, 3, 5.00000000000000000000e-01) (0, 3, 0.00000000000000000000e+00) 
connections (connected_to_neuron, weight)=(0, -5.74931669235229492188e+00) (1, -3.32725912332534790039e-01) (2, -1.12271094322204589844e+00) (3, 2.52787423133850097656e+00) (4, 1.44084438681602478027e-01) (5, 6.77221119403839111328e-01) (6, 2.34849476814270019531e+00) (7, -3.90234947204589843750e+00) (8, -4.76692962646484375000e+00) (9, 2.69769620895385742188e+00) (0, -2.49190330505371093750e+00) (1, -4.98625755310058593750e-01) (2, -2.29687166213989257812e+00) (3, -2.21979022026062011719e+00) (4, 4.39520925283432006836e-01) (5, 1.09132635593414306641e+00) (6, 1.30697011947631835938e+00) (7, 5.80230839550495147705e-02) (8, -4.44505244493484497070e-01) (9, 2.00658822059631347656e+00) (0, -2.00389838218688964844e+00) (1, -9.24078762531280517578e-01) (2, -2.93360328674316406250e+00) (3, -2.65896725654602050781e+00) (4, 3.38895022869110107422e-01) (5, 3.86797457933425903320e-01) (6, 2.29286527633666992188e+00) (7, 4.37788441777229309082e-02) (8, -4.59097139537334442139e-02) (9, 1.94145393371582031250e+00) (0, -4.49375241994857788086e-01) (1, -5.16507923603057861328e-01) (2, -6.35161638259887695312e-01) (3, -7.02707588672637939453e-01) (4, 4.09092009067535400391e-01) (5, 1.38688540458679199219e+00) (6, 1.28277027606964111328e+00) (7, -6.82054758071899414062e+00) (8, -3.63463377952575683594e+00) (9, 3.61654949188232421875e+00) (10, -9.48396301269531250000e+00) (11, 6.24855232238769531250e+00) (12, 9.46219921112060546875e+00) (13, 1.19411916732788085938e+01) (14, -5.81456327438354492188e+00) (10, -9.18581867218017578125e+00) (11, 7.93261814117431640625e+00) (12, 8.58120727539062500000e+00) (13, 1.13933773040771484375e+01) (14, -6.09387731552124023438e+00) (15, 1.23877704143524169922e+00) (16, 1.36034691333770751953e+00) (17, -1.70191073417663574219e+00) 
