FANN_FLO_2.1
num_layers=3
learning_rate=0.400000
connection_rate=1.000000
network_type=0
learning_momentum=0.000000
training_algorithm=2
train_error_function=1
train_stop_function=0
cascade_output_change_fraction=0.010000
quickprop_decay=-0.000100
quickprop_mu=1.750000
rprop_increase_factor=1.200000
rprop_decrease_factor=0.500000
rprop_delta_min=0.000000
rprop_delta_max=50.000000
rprop_delta_zero=0.100000
cascade_output_stagnation_epochs=12
cascade_candidate_change_fraction=0.010000
cascade_candidate_stagnation_epochs=12
cascade_max_out_epochs=150
cascade_min_out_epochs=50
cascade_max_cand_epochs=150
cascade_min_cand_epochs=50
cascade_num_candidate_groups=2
bit_fail_limit=3.49999994039535522461e-01
cascade_candidate_limit=1.00000000000000000000e+03
cascade_weight_multiplier=4.00000005960464477539e-01
cascade_activation_functions_count=10
cascade_activation_functions=3 5 7 8 10 11 14 15 16 17 
cascade_activation_steepnesses_count=4
cascade_activation_steepnesses=2.50000000000000000000e-01 5.00000000000000000000e-01 7.50000000000000000000e-01 1.00000000000000000000e+00 
layer_sizes=7 9 2 
scale_included=0
neurons (num_inputs, activation_function, activation_steepness)=(0, 0, 0.00000000000000000000e+00) (0, 0, 0.00000000000000000000e+00) (0, 0, 0.00000000000000000000e+00) (0, 0, 0.00000000000000000000e+00) (0, 0, 0.00000000000000000000e+00) (0, 0, 0.00000000000000000000e+00) (0, 0, 0.00000000000000000000e+00) (7, 3, 5.00000000000000000000e-01) (7, 3, 5.00000000000000000000e-01) (7, 3, 5.00000000000000000000e-01) (7, 3, 5.00000000000000000000e-01) (7, 3, 5.00000000000000000000e-01) (7, 3, 5.00000000000000000000e-01) (7, 3, 5.00000000000000000000e-01) (7, 3, 5.00000000000000000000e-01) (0, 3, 0.00000000000000000000e+00) (9, 3, 5.00000000000000000000e-01) (0, 3, 0.00000000000000000000e+00) 
connections (connected_to_neuron, weight)=(0, 2.22364187240600585938e+00) (1, -7.72281455993652343750e+00) (2, 8.15167844295501708984e-01) (3, 1.82367935180664062500e+01) (4, -6.41167211532592773438e+00) (5, -1.42920351028442382812e+00) (6, -2.24465537071228027344e+00) (0, -3.42078256607055664062e+00) (1, -2.87117338180541992188e+00) (2, 4.41844749450683593750e+00) (3, -1.18725490570068359375e+01) (4, -2.70170545578002929688e+00) (5, 2.76677751541137695312e+00) (6, 1.22831754684448242188e+01) (0, -1.50000000000000000000e+03) (1, -1.50000000000000000000e+03) (2, -1.20538734436035156250e+02) (3, -1.50000000000000000000e+03) (4, -1.50000000000000000000e+03) (5, -2.33982372283935546875e+00) (6, -1.81131780147552490234e+00) (0, -3.63506603240966796875e+00) (1, -4.25671100616455078125e-01) (2, 3.91459725797176361084e-02) (3, 2.61724799871444702148e-01) (4, 3.57609534263610839844e+00) (5, 8.76919937133789062500e+00) (6, -1.21089303493499755859e+00) (0, 8.89931395649909973145e-02) (1, 1.01095457077026367188e+01) (2, -7.42269217967987060547e-01) (3, -3.14131069183349609375e+00) (4, -3.77147173881530761719e+00) (5, 2.18581008911132812500e+00) (6, -4.27658176422119140625e+00) (0, 1.75779139995574951172e+00) (1, -2.41730451583862304688e+00) (2, -1.53368225097656250000e+01) (3, -1.91223888397216796875e+01) (4, 1.31705448031425476074e-01) (5, -5.11739253997802734375e-01) (6, 1.24230594635009765625e+01) (0, 8.12025165557861328125e+00) (1, -8.08926868438720703125e+00) (2, 1.96874809265136718750e+00) (3, -2.18340325355529785156e+00) (4, -3.46867382526397705078e-01) (5, 3.39819550514221191406e+00) (6, -4.55655097961425781250e+00) (0, -7.97836351394653320312e+00) (1, 8.42903614044189453125e+00) (2, -1.31942784786224365234e+00) (3, -1.91535031795501708984e+00) (4, -9.01377499103546142578e-01) (5, -3.95688486099243164062e+00) (6, -1.46345460414886474609e+00) (7, -7.24506199359893798828e-01) (8, -3.11625987291336059570e-01) (9, 1.50000000000000000000e+03) (10, -6.76806449890136718750e-01) (11, 6.30515873432159423828e-01) (12, -4.13039892911911010742e-01) (13, -1.40645589828491210938e+01) (14, -1.86898174285888671875e+01) (15, -1.51501625776290893555e-01) 
