FANN_FLO_2.1
num_layers=4
learning_rate=0.500000
connection_rate=1.000000
network_type=0
learning_momentum=0.000000
training_algorithm=2
train_error_function=1
train_stop_function=0
cascade_output_change_fraction=0.010000
quickprop_decay=-0.000100
quickprop_mu=1.750000
rprop_increase_factor=1.200000
rprop_decrease_factor=0.500000
rprop_delta_min=0.000000
rprop_delta_max=50.000000
rprop_delta_zero=0.100000
cascade_output_stagnation_epochs=12
cascade_candidate_change_fraction=0.010000
cascade_candidate_stagnation_epochs=12
cascade_max_out_epochs=150
cascade_min_out_epochs=50
cascade_max_cand_epochs=150
cascade_min_cand_epochs=50
cascade_num_candidate_groups=2
bit_fail_limit=3.49999994039535522461e-01
cascade_candidate_limit=1.00000000000000000000e+03
cascade_weight_multiplier=4.00000005960464477539e-01
cascade_activation_functions_count=10
cascade_activation_functions=3 5 7 8 10 11 14 15 16 17 
cascade_activation_steepnesses_count=4
cascade_activation_steepnesses=2.50000000000000000000e-01 5.00000000000000000000e-01 7.50000000000000000000e-01 1.00000000000000000000e+00 
layer_sizes=2 5 5 3 
scale_included=0
neurons (num_inputs, activation_function, activation_steepness)=(0, 0, 0.00000000000000000000e+00) (0, 0, 0.00000000000000000000e+00) (2, 3, 5.00000000000000000000e-01) (2, 3, 5.00000000000000000000e-01) (2, 3, 5.00000000000000000000e-01) (2, 3, 5.00000000000000000000e-01) (0, 3, 0.00000000000000000000e+00) (5, 3, 5.00000000000000000000e-01) (5, 3, 5.00000000000000000000e-01) (5, 3, 5.00000000000000000000e-01) (5, 3, 5.00000000000000000000e-01) (0, 3, 0.00000000000000000000e+00) (5, 0, 5.00000000000000000000e-01) (5, 0, 5.00000000000000000000e-01) (0, 0, 0.00000000000000000000e+00) 
connections (connected_to_neuron, weight)=(0, 1.50000000000000000000e+03) (1, 3.23786201477050781250e+01) (0, 1.50000000000000000000e+03) (1, 2.16380691528320312500e+01) (0, 1.50000000000000000000e+03) (1, 2.76082572937011718750e+01) (0, 1.50000000000000000000e+03) (1, 1.76263942718505859375e+01) (2, -1.34993017578125000000e+03) (3, -2.40753765106201171875e+01) (4, -1.34993017578125000000e+03) (5, -1.34466918945312500000e+03) (6, -8.50613250732421875000e+01) (2, -9.21274414062500000000e+02) (3, 5.21928489208221435547e-01) (4, 1.09402475357055664062e+01) (5, 1.08023428916931152344e+00) (6, 2.92367964982986450195e-01) (2, -7.57884502410888671875e+00) (3, -8.21164309978485107422e-01) (4, 8.99232387542724609375e-01) (5, 6.23920059204101562500e+00) (6, 1.74593314528465270996e-01) (2, -1.14820446777343750000e+03) (3, 1.88021939247846603394e-02) (4, -5.85117843002080917358e-03) (5, 1.19560050964355468750e+00) (6, -4.22837361693382263184e-02) (7, 1.50000000000000000000e+03) (8, 1.50000000000000000000e+03) (9, -4.41512870788574218750e+00) (10, 1.50000000000000000000e+03) (11, 3.30300256609916687012e-02) (7, 1.50000000000000000000e+03) (8, 1.50000000000000000000e+03) (9, -6.86549711227416992188e+00) (10, 1.50000000000000000000e+03) (11, 1.79122996330261230469e+00) 
