FANN_FLO_2.1
num_layers=3
learning_rate=0.400000
connection_rate=1.000000
network_type=0
learning_momentum=0.000000
training_algorithm=2
train_error_function=1
train_stop_function=0
cascade_output_change_fraction=0.010000
quickprop_decay=-0.000100
quickprop_mu=1.750000
rprop_increase_factor=1.200000
rprop_decrease_factor=0.500000
rprop_delta_min=0.000000
rprop_delta_max=50.000000
rprop_delta_zero=0.100000
cascade_output_stagnation_epochs=12
cascade_candidate_change_fraction=0.010000
cascade_candidate_stagnation_epochs=12
cascade_max_out_epochs=150
cascade_min_out_epochs=50
cascade_max_cand_epochs=150
cascade_min_cand_epochs=50
cascade_num_candidate_groups=2
bit_fail_limit=3.49999994039535522461e-01
cascade_candidate_limit=1.00000000000000000000e+03
cascade_weight_multiplier=4.00000005960464477539e-01
cascade_activation_functions_count=10
cascade_activation_functions=3 5 7 8 10 11 14 15 16 17 
cascade_activation_steepnesses_count=4
cascade_activation_steepnesses=2.50000000000000000000e-01 5.00000000000000000000e-01 7.50000000000000000000e-01 1.00000000000000000000e+00 
layer_sizes=7 5 2 
scale_included=0
neurons (num_inputs, activation_function, activation_steepness)=(0, 0, 0.00000000000000000000e+00) (0, 0, 0.00000000000000000000e+00) (0, 0, 0.00000000000000000000e+00) (0, 0, 0.00000000000000000000e+00) (0, 0, 0.00000000000000000000e+00) (0, 0, 0.00000000000000000000e+00) (0, 0, 0.00000000000000000000e+00) (7, 3, 5.00000000000000000000e-01) (7, 3, 5.00000000000000000000e-01) (7, 3, 5.00000000000000000000e-01) (7, 3, 5.00000000000000000000e-01) (0, 3, 0.00000000000000000000e+00) (5, 3, 5.00000000000000000000e-01) (0, 3, 0.00000000000000000000e+00) 
connections (connected_to_neuron, weight)=(0, -1.11118294298648834229e-01) (1, -6.91009187698364257812e+00) (2, -5.94314754009246826172e-01) (3, -2.47572112083435058594e+00) (4, -1.48893582820892333984e+00) (5, 1.10158481597900390625e+01) (6, -3.75688135623931884766e-01) (0, 2.61811077594757080078e-01) (1, -3.53602385520935058594e+00) (2, 1.97334537506103515625e+01) (3, -2.19342494010925292969e+00) (4, -1.70337617397308349609e+00) (5, 1.18939399719238281250e+00) (6, 2.91107201576232910156e+00) (0, -1.10113849639892578125e+01) (1, 1.01229314804077148438e+01) (2, -6.86856365203857421875e+00) (3, -6.32315874099731445312e-01) (4, -6.73588335514068603516e-01) (5, -5.15610027313232421875e+00) (6, 7.79082417488098144531e-01) (0, 9.17581176757812500000e+00) (1, -9.67679882049560546875e+00) (2, 2.96057653427124023438e+00) (3, -2.89834427833557128906e+00) (4, -2.01359808444976806641e-01) (5, -1.71187448501586914062e+00) (6, 2.61317467689514160156e+00) (7, -2.99664640426635742188e+00) (8, -5.06409108638763427734e-01) (9, -5.86608886718750000000e+00) (10, -2.67550945281982421875e+00) (11, 1.62188804149627685547e+00) 
