FANN_FLO_2.1
num_layers=3
learning_rate=0.400000
connection_rate=1.000000
network_type=0
learning_momentum=0.000000
training_algorithm=2
train_error_function=1
train_stop_function=0
cascade_output_change_fraction=0.010000
quickprop_decay=-0.000100
quickprop_mu=1.750000
rprop_increase_factor=1.200000
rprop_decrease_factor=0.500000
rprop_delta_min=0.000000
rprop_delta_max=50.000000
rprop_delta_zero=0.100000
cascade_output_stagnation_epochs=12
cascade_candidate_change_fraction=0.010000
cascade_candidate_stagnation_epochs=12
cascade_max_out_epochs=150
cascade_min_out_epochs=50
cascade_max_cand_epochs=150
cascade_min_cand_epochs=50
cascade_num_candidate_groups=2
bit_fail_limit=3.49999994039535522461e-01
cascade_candidate_limit=1.00000000000000000000e+03
cascade_weight_multiplier=4.00000005960464477539e-01
cascade_activation_functions_count=10
cascade_activation_functions=3 5 7 8 10 11 14 15 16 17 
cascade_activation_steepnesses_count=4
cascade_activation_steepnesses=2.50000000000000000000e-01 5.00000000000000000000e-01 7.50000000000000000000e-01 1.00000000000000000000e+00 
layer_sizes=7 9 2 
scale_included=0
neurons (num_inputs, activation_function, activation_steepness)=(0, 0, 0.00000000000000000000e+00) (0, 0, 0.00000000000000000000e+00) (0, 0, 0.00000000000000000000e+00) (0, 0, 0.00000000000000000000e+00) (0, 0, 0.00000000000000000000e+00) (0, 0, 0.00000000000000000000e+00) (0, 0, 0.00000000000000000000e+00) (7, 3, 5.00000000000000000000e-01) (7, 3, 5.00000000000000000000e-01) (7, 3, 5.00000000000000000000e-01) (7, 3, 5.00000000000000000000e-01) (7, 3, 5.00000000000000000000e-01) (7, 3, 5.00000000000000000000e-01) (7, 3, 5.00000000000000000000e-01) (7, 3, 5.00000000000000000000e-01) (0, 3, 0.00000000000000000000e+00) (9, 3, 5.00000000000000000000e-01) (0, 3, 0.00000000000000000000e+00) 
connections (connected_to_neuron, weight)=(0, 2.68693983554840087891e-01) (1, 4.11422103643417358398e-01) (2, 4.26697254180908203125e-01) (3, -3.99057537317276000977e-01) (4, -3.10696649551391601562e+00) (5, -1.91490125656127929688e+00) (6, 1.31861853599548339844e+00) (0, -6.78524160385131835938e+00) (1, -2.56329512596130371094e+00) (2, -1.19220221042633056641e+00) (3, 2.47458338737487792969e+00) (4, 1.32566475868225097656e+00) (5, 7.35945940017700195312e-01) (6, -1.30868470668792724609e+00) (0, -5.01309752464294433594e-01) (1, -6.77341461181640625000e-01) (2, -1.06480650603771209717e-01) (3, 1.72731578350067138672e-01) (4, 3.02866458892822265625e+00) (5, 1.68292319774627685547e+00) (6, -4.73258584737777709961e-01) (0, -1.52731955051422119141e-01) (1, -2.44462847709655761719e-01) (2, 1.27340483665466308594e+00) (3, -4.60800498723983764648e-01) (4, 1.22027361392974853516e+00) (5, 1.93156981468200683594e+00) (6, -5.85465252399444580078e-01) (0, -3.16642713546752929688e+00) (1, 4.24706125259399414062e+00) (2, 3.52853679656982421875e+00) (3, -6.60649681091308593750e+00) (4, 1.14644021987915039062e+01) (5, -9.11703491210937500000e+00) (6, 2.09421992301940917969e+00) (0, -5.73594033718109130859e-01) (1, -6.79198741912841796875e-01) (2, -5.86077928543090820312e-01) (3, -9.02137681841850280762e-02) (4, 4.03391551971435546875e+00) (5, 2.25212407112121582031e+00) (6, -1.12787175178527832031e+00) (0, 3.97126436233520507812e-01) (1, 7.75284528732299804688e-01) (2, -5.43809270858764648438e+00) (3, 4.82758041471242904663e-03) (4, -5.32088661193847656250e+00) (5, 8.08971023559570312500e+00) (6, 3.34680843353271484375e+00) (0, 2.43155643343925476074e-01) (1, 4.13531064987182617188e-01) (2, 4.36495512723922729492e-01) (3, -3.56780081987380981445e-01) (4, -2.94549202919006347656e+00) (5, -1.68750119209289550781e+00) (6, 9.73584294319152832031e-01) (7, -1.02926814556121826172e+00) (8, 4.51444482803344726562e+00) (9, 1.13746559619903564453e+00) (10, 1.11644017696380615234e+00) (11, -1.84957551956176757812e+00) (12, 1.33307111263275146484e+00) (13, -2.27787327766418457031e+00) (14, -3.01151275634765625000e+00) (15, 3.66303957998752593994e-02) 
