FANN_FLO_2.1
num_layers=4
learning_rate=0.400000
connection_rate=1.000000
network_type=0
learning_momentum=0.000000
training_algorithm=2
train_error_function=1
train_stop_function=0
cascade_output_change_fraction=0.010000
quickprop_decay=-0.000100
quickprop_mu=1.750000
rprop_increase_factor=1.200000
rprop_decrease_factor=0.500000
rprop_delta_min=0.000000
rprop_delta_max=50.000000
rprop_delta_zero=0.100000
cascade_output_stagnation_epochs=12
cascade_candidate_change_fraction=0.010000
cascade_candidate_stagnation_epochs=12
cascade_max_out_epochs=150
cascade_min_out_epochs=50
cascade_max_cand_epochs=150
cascade_min_cand_epochs=50
cascade_num_candidate_groups=2
bit_fail_limit=3.49999994039535522461e-01
cascade_candidate_limit=1.00000000000000000000e+03
cascade_weight_multiplier=4.00000005960464477539e-01
cascade_activation_functions_count=10
cascade_activation_functions=3 5 7 8 10 11 14 15 16 17 
cascade_activation_steepnesses_count=4
cascade_activation_steepnesses=2.50000000000000000000e-01 5.00000000000000000000e-01 7.50000000000000000000e-01 1.00000000000000000000e+00 
layer_sizes=7 3 3 2 
scale_included=0
neurons (num_inputs, activation_function, activation_steepness)=(0, 0, 0.00000000000000000000e+00) (0, 0, 0.00000000000000000000e+00) (0, 0, 0.00000000000000000000e+00) (0, 0, 0.00000000000000000000e+00) (0, 0, 0.00000000000000000000e+00) (0, 0, 0.00000000000000000000e+00) (0, 0, 0.00000000000000000000e+00) (7, 3, 5.00000000000000000000e-01) (7, 3, 5.00000000000000000000e-01) (0, 3, 0.00000000000000000000e+00) (3, 3, 5.00000000000000000000e-01) (3, 3, 5.00000000000000000000e-01) (0, 3, 0.00000000000000000000e+00) (3, 3, 5.00000000000000000000e-01) (0, 3, 0.00000000000000000000e+00) 
connections (connected_to_neuron, weight)=(0, -6.47298622131347656250e+00) (1, 5.53469038009643554688e+00) (2, -1.76537513732910156250e+00) (3, -1.24049103260040283203e+00) (4, -6.90272271633148193359e-01) (5, -1.08663244247436523438e+01) (6, 8.93518388271331787109e-01) (0, 3.03409814834594726562e+00) (1, -3.34864354133605957031e+00) (2, 1.32988548278808593750e+00) (3, -1.24943232536315917969e+00) (4, -2.17995718121528625488e-01) (5, 2.86956357955932617188e+00) (6, -2.59378027915954589844e+00) (7, 7.33262109756469726562e+00) (8, 8.92689609527587890625e+00) (9, -4.58776473999023437500e+00) (7, 7.07510232925415039062e+00) (8, 6.26521444320678710938e+00) (9, -2.38236474990844726562e+00) (10, -3.79032492637634277344e+00) (11, -2.66173148155212402344e+00) (12, -4.72818315029144287109e-01) 
