FANN_FLO_2.1
num_layers=4
learning_rate=0.500000
connection_rate=1.000000
network_type=0
learning_momentum=0.000000
training_algorithm=2
train_error_function=1
train_stop_function=0
cascade_output_change_fraction=0.010000
quickprop_decay=-0.000100
quickprop_mu=1.750000
rprop_increase_factor=1.200000
rprop_decrease_factor=0.500000
rprop_delta_min=0.000000
rprop_delta_max=50.000000
rprop_delta_zero=0.100000
cascade_output_stagnation_epochs=12
cascade_candidate_change_fraction=0.010000
cascade_candidate_stagnation_epochs=12
cascade_max_out_epochs=150
cascade_min_out_epochs=50
cascade_max_cand_epochs=150
cascade_min_cand_epochs=50
cascade_num_candidate_groups=2
bit_fail_limit=3.49999994039535522461e-01
cascade_candidate_limit=1.00000000000000000000e+03
cascade_weight_multiplier=4.00000005960464477539e-01
cascade_activation_functions_count=10
cascade_activation_functions=3 5 7 8 10 11 14 15 16 17 
cascade_activation_steepnesses_count=4
cascade_activation_steepnesses=2.50000000000000000000e-01 5.00000000000000000000e-01 7.50000000000000000000e-01 1.00000000000000000000e+00 
layer_sizes=2 5 5 3 
scale_included=0
neurons (num_inputs, activation_function, activation_steepness)=(0, 0, 0.00000000000000000000e+00) (0, 0, 0.00000000000000000000e+00) (2, 3, 5.00000000000000000000e-01) (2, 3, 5.00000000000000000000e-01) (2, 3, 5.00000000000000000000e-01) (2, 3, 5.00000000000000000000e-01) (0, 3, 0.00000000000000000000e+00) (5, 3, 5.00000000000000000000e-01) (5, 3, 5.00000000000000000000e-01) (5, 3, 5.00000000000000000000e-01) (5, 3, 5.00000000000000000000e-01) (0, 3, 0.00000000000000000000e+00) (5, 0, 5.00000000000000000000e-01) (5, 0, 5.00000000000000000000e-01) (0, 0, 0.00000000000000000000e+00) 
connections (connected_to_neuron, weight)=(0, -1.21744775772094726562e+01) (1, 8.14646720886230468750e-01) (0, -1.13646447658538818359e+00) (1, -1.71593829989433288574e-01) (0, -7.43306159973144531250e+00) (1, 7.97164916992187500000e-01) (0, -1.12376976013183593750e+01) (1, 3.37561100721359252930e-01) (2, 3.05246963500976562500e+01) (3, 6.64227306842803955078e-01) (4, -2.42806816101074218750e+01) (5, -1.28556938171386718750e+01) (6, 7.97827780246734619141e-01) (2, 4.90866708755493164062e+00) (3, 2.09110760688781738281e+00) (4, -7.59991407394409179688e+00) (5, -6.12161922454833984375e+00) (6, 2.09057974815368652344e+00) (2, 5.27842760086059570312e-01) (3, -2.91521996259689331055e-01) (4, 5.46774435043334960938e+00) (5, 2.73192291259765625000e+01) (6, -2.03970170021057128906e+00) (2, 4.73889142274856567383e-01) (3, 1.12340915203094482422e+00) (4, -1.65705084800720214844e+00) (5, -7.70491218566894531250e+00) (6, 4.52256774902343750000e+00) (7, 4.98925161361694335938e+00) (8, -1.77166032791137695312e+00) (9, -2.15604439377784729004e-01) (10, -9.22550439834594726562e-01) (11, 1.58503755927085876465e-01) (7, -1.42132675647735595703e+00) (8, -3.28294706344604492188e+00) (9, 1.35146796703338623047e+00) (10, 4.36430454254150390625e-01) (11, 9.16863024234771728516e-01) 
