FANN_FLO_2.1
num_layers=4
learning_rate=0.500000
connection_rate=1.000000
network_type=0
learning_momentum=0.000000
training_algorithm=2
train_error_function=1
train_stop_function=0
cascade_output_change_fraction=0.010000
quickprop_decay=-0.000100
quickprop_mu=1.750000
rprop_increase_factor=1.200000
rprop_decrease_factor=0.500000
rprop_delta_min=0.000000
rprop_delta_max=50.000000
rprop_delta_zero=0.100000
cascade_output_stagnation_epochs=12
cascade_candidate_change_fraction=0.010000
cascade_candidate_stagnation_epochs=12
cascade_max_out_epochs=150
cascade_min_out_epochs=50
cascade_max_cand_epochs=150
cascade_min_cand_epochs=50
cascade_num_candidate_groups=2
bit_fail_limit=3.49999994039535522461e-01
cascade_candidate_limit=1.00000000000000000000e+03
cascade_weight_multiplier=4.00000005960464477539e-01
cascade_activation_functions_count=10
cascade_activation_functions=3 5 7 8 10 11 14 15 16 17 
cascade_activation_steepnesses_count=4
cascade_activation_steepnesses=2.50000000000000000000e-01 5.00000000000000000000e-01 7.50000000000000000000e-01 1.00000000000000000000e+00 
layer_sizes=10 3 3 2 
scale_included=0
neurons (num_inputs, activation_function, activation_steepness)=(0, 0, 0.00000000000000000000e+00) (0, 0, 0.00000000000000000000e+00) (0, 0, 0.00000000000000000000e+00) (0, 0, 0.00000000000000000000e+00) (0, 0, 0.00000000000000000000e+00) (0, 0, 0.00000000000000000000e+00) (0, 0, 0.00000000000000000000e+00) (0, 0, 0.00000000000000000000e+00) (0, 0, 0.00000000000000000000e+00) (0, 0, 0.00000000000000000000e+00) (10, 3, 5.00000000000000000000e-01) (10, 3, 5.00000000000000000000e-01) (0, 3, 0.00000000000000000000e+00) (3, 3, 5.00000000000000000000e-01) (3, 3, 5.00000000000000000000e-01) (0, 3, 0.00000000000000000000e+00) (3, 3, 5.00000000000000000000e-01) (0, 3, 0.00000000000000000000e+00) 
connections (connected_to_neuron, weight)=(0, -3.48510098457336425781e+00) (1, -2.44036182761192321777e-01) (2, -3.34372687339782714844e+00) (3, -1.43760725855827331543e-01) (4, -2.46695667505264282227e-01) (5, -5.94644844532012939453e-02) (6, -4.00090664625167846680e-01) (7, -4.92507600784301757812e+00) (8, -9.40453708171844482422e-01) (9, 7.11042404174804687500e+00) (0, 3.02771234512329101562e+00) (1, 1.05903613567352294922e+00) (2, 4.61403512954711914062e+00) (3, 2.47952938079833984375e-01) (4, 1.90406709909439086914e-01) (5, 2.02718049287796020508e-01) (6, -5.82082986831665039062e+00) (7, 2.59311938285827636719e+00) (8, 1.03904819488525390625e+00) (9, -3.89853930473327636719e+00) (10, 1.02926578521728515625e+01) (11, -7.50154018402099609375e+00) (12, -4.40621703863143920898e-01) (10, 9.81469058990478515625e+00) (11, -7.14900207519531250000e+00) (12, -5.17609238624572753906e-01) (13, 1.69071900844573974609e+00) (14, 2.59365940093994140625e+00) (15, -3.40322995185852050781e+00) 
