FANN_FLO_2.1
num_layers=4
learning_rate=0.500000
connection_rate=1.000000
network_type=0
learning_momentum=0.000000
training_algorithm=2
train_error_function=1
train_stop_function=0
cascade_output_change_fraction=0.010000
quickprop_decay=-0.000100
quickprop_mu=1.750000
rprop_increase_factor=1.200000
rprop_decrease_factor=0.500000
rprop_delta_min=0.000000
rprop_delta_max=50.000000
rprop_delta_zero=0.100000
cascade_output_stagnation_epochs=12
cascade_candidate_change_fraction=0.010000
cascade_candidate_stagnation_epochs=12
cascade_max_out_epochs=150
cascade_min_out_epochs=50
cascade_max_cand_epochs=150
cascade_min_cand_epochs=50
cascade_num_candidate_groups=2
bit_fail_limit=3.49999994039535522461e-01
cascade_candidate_limit=1.00000000000000000000e+03
cascade_weight_multiplier=4.00000005960464477539e-01
cascade_activation_functions_count=10
cascade_activation_functions=3 5 7 8 10 11 14 15 16 17 
cascade_activation_steepnesses_count=4
cascade_activation_steepnesses=2.50000000000000000000e-01 5.00000000000000000000e-01 7.50000000000000000000e-01 1.00000000000000000000e+00 
layer_sizes=2 5 5 3 
scale_included=0
neurons (num_inputs, activation_function, activation_steepness)=(0, 0, 0.00000000000000000000e+00) (0, 0, 0.00000000000000000000e+00) (2, 3, 5.00000000000000000000e-01) (2, 3, 5.00000000000000000000e-01) (2, 3, 5.00000000000000000000e-01) (2, 3, 5.00000000000000000000e-01) (0, 3, 0.00000000000000000000e+00) (5, 3, 5.00000000000000000000e-01) (5, 3, 5.00000000000000000000e-01) (5, 3, 5.00000000000000000000e-01) (5, 3, 5.00000000000000000000e-01) (0, 3, 0.00000000000000000000e+00) (5, 0, 5.00000000000000000000e-01) (5, 0, 5.00000000000000000000e-01) (0, 0, 0.00000000000000000000e+00) 
connections (connected_to_neuron, weight)=(0, 1.19984722137451171875e+01) (1, -4.34748268127441406250e+00) (0, 1.32473144531250000000e+01) (1, -1.81008327007293701172e+00) (0, -3.36928710937500000000e+01) (1, 9.57498013973236083984e-01) (0, 4.08316612243652343750e+00) (1, -2.09567427635192871094e+00) (2, 1.52778263092041015625e+01) (3, 1.30958628654479980469e+00) (4, -2.19223761558532714844e+00) (5, 5.59387743473052978516e-01) (6, -2.38414740562438964844e+00) (2, 9.03938007354736328125e+00) (3, 3.67082953453063964844e+00) (4, -8.98153495788574218750e+00) (5, 4.59045439958572387695e-01) (6, -2.29438591003417968750e+00) (2, -1.09331874847412109375e+01) (3, 8.57952880859375000000e+00) (4, -1.88898408412933349609e+00) (5, -6.24103665351867675781e-01) (6, -7.89234712719917297363e-02) (2, -4.24558687210083007812e+00) (3, -6.64056777954101562500e-01) (4, -8.80877748131752014160e-02) (5, -5.65067946910858154297e-01) (6, 2.03313159942626953125e+00) (7, -4.58531200885772705078e-01) (8, -9.75798249244689941406e-01) (9, -1.71083021163940429688e+00) (10, -1.38313341140747070312e+00) (11, 1.85924041271209716797e+00) (7, -9.06256258487701416016e-01) (8, -4.19409602880477905273e-01) (9, -5.20748319104313850403e-03) (10, 3.52792906761169433594e+00) (11, -9.81269896030426025391e-01) 
