FANN_FLO_2.1
num_layers=4
learning_rate=0.500000
connection_rate=1.000000
network_type=0
learning_momentum=0.000000
training_algorithm=2
train_error_function=1
train_stop_function=0
cascade_output_change_fraction=0.010000
quickprop_decay=-0.000100
quickprop_mu=1.750000
rprop_increase_factor=1.200000
rprop_decrease_factor=0.500000
rprop_delta_min=0.000000
rprop_delta_max=50.000000
rprop_delta_zero=0.100000
cascade_output_stagnation_epochs=12
cascade_candidate_change_fraction=0.010000
cascade_candidate_stagnation_epochs=12
cascade_max_out_epochs=150
cascade_min_out_epochs=50
cascade_max_cand_epochs=150
cascade_min_cand_epochs=50
cascade_num_candidate_groups=2
bit_fail_limit=3.49999994039535522461e-01
cascade_candidate_limit=1.00000000000000000000e+03
cascade_weight_multiplier=4.00000005960464477539e-01
cascade_activation_functions_count=10
cascade_activation_functions=3 5 7 8 10 11 14 15 16 17 
cascade_activation_steepnesses_count=4
cascade_activation_steepnesses=2.50000000000000000000e-01 5.00000000000000000000e-01 7.50000000000000000000e-01 1.00000000000000000000e+00 
layer_sizes=2 5 3 3 
scale_included=0
neurons (num_inputs, activation_function, activation_steepness)=(0, 0, 0.00000000000000000000e+00) (0, 0, 0.00000000000000000000e+00) (2, 3, 5.00000000000000000000e-01) (2, 3, 5.00000000000000000000e-01) (2, 3, 5.00000000000000000000e-01) (2, 3, 5.00000000000000000000e-01) (0, 3, 0.00000000000000000000e+00) (5, 3, 5.00000000000000000000e-01) (5, 3, 5.00000000000000000000e-01) (0, 3, 0.00000000000000000000e+00) (3, 0, 5.00000000000000000000e-01) (3, 0, 5.00000000000000000000e-01) (0, 0, 0.00000000000000000000e+00) 
connections (connected_to_neuron, weight)=(0, 7.21737136840820312500e+01) (1, -1.57749805450439453125e+01) (0, 3.71938667297363281250e+01) (1, -1.24081993103027343750e+01) (0, 2.20167350769042968750e+01) (1, -1.18647527694702148438e+00) (0, 5.14697952270507812500e+01) (1, -1.10729951858520507812e+01) (2, 1.84196243286132812500e+01) (3, -3.10320014953613281250e+01) (4, 3.85718441009521484375e+00) (5, 1.11215085983276367188e+01) (6, -2.27218079566955566406e+00) (2, -4.11244690418243408203e-01) (3, 1.60771620273590087891e+00) (4, 4.20869016647338867188e+00) (5, 1.18740797042846679688e+00) (6, -4.77671003341674804688e+00) (7, -2.93102955818176269531e+00) (8, 9.41068530082702636719e-01) (9, 5.46945571899414062500e-01) (7, 6.06970906257629394531e-01) (8, -4.95951032638549804688e+00) (9, 1.98782932758331298828e+00) 
