FANN_FLO_2.1
num_layers=3
learning_rate=0.500000
connection_rate=1.000000
network_type=0
learning_momentum=0.000000
training_algorithm=2
train_error_function=1
train_stop_function=0
cascade_output_change_fraction=0.010000
quickprop_decay=-0.000100
quickprop_mu=1.750000
rprop_increase_factor=1.200000
rprop_decrease_factor=0.500000
rprop_delta_min=0.000000
rprop_delta_max=50.000000
rprop_delta_zero=0.100000
cascade_output_stagnation_epochs=12
cascade_candidate_change_fraction=0.010000
cascade_candidate_stagnation_epochs=12
cascade_max_out_epochs=150
cascade_min_out_epochs=50
cascade_max_cand_epochs=150
cascade_min_cand_epochs=50
cascade_num_candidate_groups=2
bit_fail_limit=3.49999994039535522461e-01
cascade_candidate_limit=1.00000000000000000000e+03
cascade_weight_multiplier=4.00000005960464477539e-01
cascade_activation_functions_count=10
cascade_activation_functions=3 5 7 8 10 11 14 15 16 17 
cascade_activation_steepnesses_count=4
cascade_activation_steepnesses=2.50000000000000000000e-01 5.00000000000000000000e-01 7.50000000000000000000e-01 1.00000000000000000000e+00 
layer_sizes=10 5 2 
scale_included=0
neurons (num_inputs, activation_function, activation_steepness)=(0, 0, 0.00000000000000000000e+00) (0, 0, 0.00000000000000000000e+00) (0, 0, 0.00000000000000000000e+00) (0, 0, 0.00000000000000000000e+00) (0, 0, 0.00000000000000000000e+00) (0, 0, 0.00000000000000000000e+00) (0, 0, 0.00000000000000000000e+00) (0, 0, 0.00000000000000000000e+00) (0, 0, 0.00000000000000000000e+00) (0, 0, 0.00000000000000000000e+00) (10, 3, 5.00000000000000000000e-01) (10, 3, 5.00000000000000000000e-01) (10, 3, 5.00000000000000000000e-01) (10, 3, 5.00000000000000000000e-01) (0, 3, 0.00000000000000000000e+00) (5, 3, 5.00000000000000000000e-01) (0, 3, 0.00000000000000000000e+00) 
connections (connected_to_neuron, weight)=(0, 3.89200353622436523438e+00) (1, -7.96528339385986328125e-01) (2, -5.95246016979217529297e-01) (3, 8.28982448577880859375e+00) (4, 6.32418692111968994141e-01) (5, -1.00783610343933105469e+00) (6, -5.14817190170288085938e+00) (7, -3.57936191558837890625e+00) (8, -5.77734231948852539062e+00) (9, -3.02480340003967285156e-01) (0, 5.39105272293090820312e+00) (1, -6.04776382446289062500e-01) (2, -6.05562806129455566406e-01) (3, 1.00297508239746093750e+01) (4, 1.58212971687316894531e+00) (5, -4.41226530075073242188e+00) (6, -3.18430113792419433594e+00) (7, -4.99873208999633789062e+00) (8, -6.44935035705566406250e+00) (9, -8.68736565113067626953e-01) (0, -9.16235351562500000000e+00) (1, 6.44907355308532714844e-01) (2, 1.44452881813049316406e+00) (3, -3.61782026290893554688e+00) (4, 6.41225576400756835938e+00) (5, 5.31713711097836494446e-03) (6, 5.00977420806884765625e+00) (7, -4.78535318374633789062e+00) (8, 3.91966402530670166016e-01) (9, 1.75269389152526855469e+00) (0, -2.27184524536132812500e+01) (1, -4.62946414947509765625e-01) (2, 7.45457634329795837402e-02) (3, 3.03367543220520019531e+00) (4, 2.76973867416381835938e+00) (5, 1.31781673431396484375e+00) (6, 2.05700802803039550781e+00) (7, 6.82287168502807617188e+00) (8, 4.86224293708801269531e-01) (9, -2.67794847488403320312e-01) (10, 1.21643507480621337891e+00) (11, 2.26936221122741699219e+00) (12, -2.50404143333435058594e+00) (13, 3.81898379325866699219e+00) (14, -4.90612804889678955078e-01) 
