FANN_FLO_2.1
num_layers=3
learning_rate=0.400000
connection_rate=1.000000
network_type=0
learning_momentum=0.000000
training_algorithm=2
train_error_function=1
train_stop_function=0
cascade_output_change_fraction=0.010000
quickprop_decay=-0.000100
quickprop_mu=1.750000
rprop_increase_factor=1.200000
rprop_decrease_factor=0.500000
rprop_delta_min=0.000000
rprop_delta_max=50.000000
rprop_delta_zero=0.100000
cascade_output_stagnation_epochs=12
cascade_candidate_change_fraction=0.010000
cascade_candidate_stagnation_epochs=12
cascade_max_out_epochs=150
cascade_min_out_epochs=50
cascade_max_cand_epochs=150
cascade_min_cand_epochs=50
cascade_num_candidate_groups=2
bit_fail_limit=3.49999994039535522461e-01
cascade_candidate_limit=1.00000000000000000000e+03
cascade_weight_multiplier=4.00000005960464477539e-01
cascade_activation_functions_count=10
cascade_activation_functions=3 5 7 8 10 11 14 15 16 17 
cascade_activation_steepnesses_count=4
cascade_activation_steepnesses=2.50000000000000000000e-01 5.00000000000000000000e-01 7.50000000000000000000e-01 1.00000000000000000000e+00 
layer_sizes=7 5 2 
scale_included=0
neurons (num_inputs, activation_function, activation_steepness)=(0, 0, 0.00000000000000000000e+00) (0, 0, 0.00000000000000000000e+00) (0, 0, 0.00000000000000000000e+00) (0, 0, 0.00000000000000000000e+00) (0, 0, 0.00000000000000000000e+00) (0, 0, 0.00000000000000000000e+00) (0, 0, 0.00000000000000000000e+00) (7, 3, 5.00000000000000000000e-01) (7, 3, 5.00000000000000000000e-01) (7, 3, 5.00000000000000000000e-01) (7, 3, 5.00000000000000000000e-01) (0, 3, 0.00000000000000000000e+00) (5, 3, 5.00000000000000000000e-01) (0, 3, 0.00000000000000000000e+00) 
connections (connected_to_neuron, weight)=(0, 8.49774405360221862793e-02) (1, -3.95618343353271484375e+00) (2, -2.05617904663085937500e+00) (3, 1.49933838844299316406e+00) (4, -1.62885844707489013672e+00) (5, 8.03149795532226562500e+00) (6, -2.99632143974304199219e+00) (0, 8.95762860774993896484e-01) (1, -1.08697879314422607422e+00) (2, 4.13943767547607421875e+00) (3, 7.54453849792480468750e+00) (4, 2.53150016069412231445e-01) (5, -8.68587303161621093750e+00) (6, -2.82225894927978515625e+00) (0, 4.29007816314697265625e+00) (1, 2.00514578819274902344e+00) (2, -6.51191139221191406250e+00) (3, 9.57962512969970703125e+00) (4, -1.18207006454467773438e+01) (5, 9.84638595581054687500e+00) (6, 6.42195165157318115234e-01) (0, -7.35192203521728515625e+00) (1, -2.79666304588317871094e-01) (2, -3.34527373313903808594e+00) (3, 1.62618434429168701172e+00) (4, 2.03790211677551269531e+00) (5, 1.04816031455993652344e+00) (6, -8.91256928443908691406e-01) (7, 3.08400106430053710938e+00) (8, 1.96246838569641113281e+00) (9, -1.64049410820007324219e+00) (10, 3.81091117858886718750e+00) (11, -1.21240878105163574219e+00) 
