FANN_FLO_2.1
num_layers=4
learning_rate=0.500000
connection_rate=1.000000
network_type=0
learning_momentum=0.000000
training_algorithm=2
train_error_function=1
train_stop_function=0
cascade_output_change_fraction=0.010000
quickprop_decay=-0.000100
quickprop_mu=1.750000
rprop_increase_factor=1.200000
rprop_decrease_factor=0.500000
rprop_delta_min=0.000000
rprop_delta_max=50.000000
rprop_delta_zero=0.100000
cascade_output_stagnation_epochs=12
cascade_candidate_change_fraction=0.010000
cascade_candidate_stagnation_epochs=12
cascade_max_out_epochs=150
cascade_min_out_epochs=50
cascade_max_cand_epochs=150
cascade_min_cand_epochs=50
cascade_num_candidate_groups=2
bit_fail_limit=3.49999994039535522461e-01
cascade_candidate_limit=1.00000000000000000000e+03
cascade_weight_multiplier=4.00000005960464477539e-01
cascade_activation_functions_count=10
cascade_activation_functions=3 5 7 8 10 11 14 15 16 17 
cascade_activation_steepnesses_count=4
cascade_activation_steepnesses=2.50000000000000000000e-01 5.00000000000000000000e-01 7.50000000000000000000e-01 1.00000000000000000000e+00 
layer_sizes=10 5 3 2 
scale_included=0
neurons (num_inputs, activation_function, activation_steepness)=(0, 0, 0.00000000000000000000e+00) (0, 0, 0.00000000000000000000e+00) (0, 0, 0.00000000000000000000e+00) (0, 0, 0.00000000000000000000e+00) (0, 0, 0.00000000000000000000e+00) (0, 0, 0.00000000000000000000e+00) (0, 0, 0.00000000000000000000e+00) (0, 0, 0.00000000000000000000e+00) (0, 0, 0.00000000000000000000e+00) (0, 0, 0.00000000000000000000e+00) (10, 3, 5.00000000000000000000e-01) (10, 3, 5.00000000000000000000e-01) (10, 3, 5.00000000000000000000e-01) (10, 3, 5.00000000000000000000e-01) (0, 3, 0.00000000000000000000e+00) (5, 3, 5.00000000000000000000e-01) (5, 3, 5.00000000000000000000e-01) (0, 3, 0.00000000000000000000e+00) (3, 3, 5.00000000000000000000e-01) (0, 3, 0.00000000000000000000e+00) 
connections (connected_to_neuron, weight)=(0, -4.03201828002929687500e+01) (1, -1.44768798828125000000e+03) (2, -3.99235931396484375000e+02) (3, 5.28936195373535156250e+01) (4, 2.45159339904785156250e+01) (5, -6.69091567993164062500e+01) (6, 1.39953454589843750000e+03) (7, 6.52491140365600585938e+00) (8, 4.78995323181152343750e+00) (9, -3.37310886383056640625e+00) (0, -4.03242874145507812500e+01) (1, -1.18667639160156250000e+03) (2, -1.87130599975585937500e+02) (3, 2.62747833251953125000e+02) (4, 2.97281036376953125000e+01) (5, -2.95926933288574218750e+01) (6, 9.95197998046875000000e+02) (7, 1.21447849273681640625e+01) (8, 4.22672986984252929688e+00) (9, -3.23519158363342285156e+00) (0, -3.98727455139160156250e+01) (1, -1.36382714843750000000e+03) (2, -1.93162918090820312500e+02) (3, 1.68212524414062500000e+02) (4, 3.70526924133300781250e+01) (5, -3.06249694824218750000e+01) (6, 7.03145019531250000000e+02) (7, 6.06178951263427734375e+00) (8, 4.29859209060668945312e+00) (9, -3.02766275405883789062e+00) (0, -4.12537574768066406250e+00) (1, 1.82895410060882568359e+00) (2, 1.79984426498413085938e+00) (3, 9.60858404636383056641e-01) (4, 1.05531330108642578125e+01) (5, 8.27267742156982421875e+00) (6, -1.37086410522460937500e+01) (7, -1.14778194427490234375e+01) (8, -3.89442372322082519531e+00) (9, 1.47128880023956298828e+00) (10, 2.51690082550048828125e+01) (11, 3.82220530509948730469e+00) (12, 1.43387316894531250000e+03) (13, 4.40864105224609375000e+01) (14, -4.73332738876342773438e+00) (10, 8.19250011444091796875e+00) (11, 3.56458449363708496094e+00) (12, 1.43387316894531250000e+03) (13, 2.96350879669189453125e+01) (14, -5.33629179000854492188e+00) (15, 1.18921172618865966797e+00) (16, 1.23478341102600097656e+00) (17, -1.55631542205810546875e+00) 
