FANN_FLO_2.1
num_layers=3
learning_rate=0.400000
connection_rate=1.000000
network_type=0
learning_momentum=0.000000
training_algorithm=2
train_error_function=1
train_stop_function=0
cascade_output_change_fraction=0.010000
quickprop_decay=-0.000100
quickprop_mu=1.750000
rprop_increase_factor=1.200000
rprop_decrease_factor=0.500000
rprop_delta_min=0.000000
rprop_delta_max=50.000000
rprop_delta_zero=0.100000
cascade_output_stagnation_epochs=12
cascade_candidate_change_fraction=0.010000
cascade_candidate_stagnation_epochs=12
cascade_max_out_epochs=150
cascade_min_out_epochs=50
cascade_max_cand_epochs=150
cascade_min_cand_epochs=50
cascade_num_candidate_groups=2
bit_fail_limit=3.49999994039535522461e-01
cascade_candidate_limit=1.00000000000000000000e+03
cascade_weight_multiplier=4.00000005960464477539e-01
cascade_activation_functions_count=10
cascade_activation_functions=3 5 7 8 10 11 14 15 16 17 
cascade_activation_steepnesses_count=4
cascade_activation_steepnesses=2.50000000000000000000e-01 5.00000000000000000000e-01 7.50000000000000000000e-01 1.00000000000000000000e+00 
layer_sizes=7 5 2 
scale_included=0
neurons (num_inputs, activation_function, activation_steepness)=(0, 0, 0.00000000000000000000e+00) (0, 0, 0.00000000000000000000e+00) (0, 0, 0.00000000000000000000e+00) (0, 0, 0.00000000000000000000e+00) (0, 0, 0.00000000000000000000e+00) (0, 0, 0.00000000000000000000e+00) (0, 0, 0.00000000000000000000e+00) (7, 3, 5.00000000000000000000e-01) (7, 3, 5.00000000000000000000e-01) (7, 3, 5.00000000000000000000e-01) (7, 3, 5.00000000000000000000e-01) (0, 3, 0.00000000000000000000e+00) (5, 3, 5.00000000000000000000e-01) (0, 3, 0.00000000000000000000e+00) 
connections (connected_to_neuron, weight)=(0, -3.76998257637023925781e+00) (1, -2.73244857788085937500e+00) (2, -2.30489468574523925781e+00) (3, 1.31230366230010986328e+00) (4, 1.12209248542785644531e+00) (5, 3.40116477012634277344e+00) (6, -1.49165987968444824219e+00) (0, -2.23428416252136230469e+00) (1, 3.98816490173339843750e+00) (2, -1.59447419643402099609e+00) (3, 6.12649869918823242188e+00) (4, -9.14127731323242187500e+00) (5, 6.85028076171875000000e+00) (6, 5.33701121807098388672e-01) (0, -3.82639241218566894531e+00) (1, 1.02414429187774658203e+00) (2, 1.14268660545349121094e+00) (3, -2.19075918197631835938e+00) (4, -2.56905674934387207031e+00) (5, -1.83105647563934326172e+00) (6, 1.15711104869842529297e+00) (0, -2.46833348274230957031e+00) (1, 1.57824084162712097168e-01) (2, 6.85083448886871337891e-01) (3, -1.81345343589782714844e+00) (4, -1.51175868511199951172e+00) (5, -1.44321215152740478516e+00) (6, 1.95179045200347900391e-01) (7, 4.36812973022460937500e+00) (8, -1.76663815975189208984e+00) (9, -1.98026237487792968750e+01) (10, -4.90532159805297851562e+00) (11, 1.40085220336914062500e+00) 
