FANN_FLO_2.1
num_layers=3
learning_rate=0.500000
connection_rate=1.000000
network_type=0
learning_momentum=0.000000
training_algorithm=2
train_error_function=1
train_stop_function=0
cascade_output_change_fraction=0.010000
quickprop_decay=-0.000100
quickprop_mu=1.750000
rprop_increase_factor=1.200000
rprop_decrease_factor=0.500000
rprop_delta_min=0.000000
rprop_delta_max=50.000000
rprop_delta_zero=0.100000
cascade_output_stagnation_epochs=12
cascade_candidate_change_fraction=0.010000
cascade_candidate_stagnation_epochs=12
cascade_max_out_epochs=150
cascade_min_out_epochs=50
cascade_max_cand_epochs=150
cascade_min_cand_epochs=50
cascade_num_candidate_groups=2
bit_fail_limit=3.49999994039535522461e-01
cascade_candidate_limit=1.00000000000000000000e+03
cascade_weight_multiplier=4.00000005960464477539e-01
cascade_activation_functions_count=10
cascade_activation_functions=3 5 7 8 10 11 14 15 16 17 
cascade_activation_steepnesses_count=4
cascade_activation_steepnesses=2.50000000000000000000e-01 5.00000000000000000000e-01 7.50000000000000000000e-01 1.00000000000000000000e+00 
layer_sizes=10 5 2 
scale_included=0
neurons (num_inputs, activation_function, activation_steepness)=(0, 0, 0.00000000000000000000e+00) (0, 0, 0.00000000000000000000e+00) (0, 0, 0.00000000000000000000e+00) (0, 0, 0.00000000000000000000e+00) (0, 0, 0.00000000000000000000e+00) (0, 0, 0.00000000000000000000e+00) (0, 0, 0.00000000000000000000e+00) (0, 0, 0.00000000000000000000e+00) (0, 0, 0.00000000000000000000e+00) (0, 0, 0.00000000000000000000e+00) (10, 3, 5.00000000000000000000e-01) (10, 3, 5.00000000000000000000e-01) (10, 3, 5.00000000000000000000e-01) (10, 3, 5.00000000000000000000e-01) (0, 3, 0.00000000000000000000e+00) (5, 3, 5.00000000000000000000e-01) (0, 3, 0.00000000000000000000e+00) 
connections (connected_to_neuron, weight)=(0, -4.70165939331054687500e+01) (1, -9.52348351478576660156e-01) (2, -1.50000000000000000000e+03) (3, 9.28435516357421875000e+00) (4, 1.54734921455383300781e+00) (5, 5.72085327148437500000e+02) (6, 4.32550907135009765625e+00) (7, 3.61280174255371093750e+01) (8, 5.69054565429687500000e+02) (9, -6.91111981868743896484e-01) (0, 7.92656946182250976562e+00) (1, -2.53429245948791503906e+00) (2, -1.50000000000000000000e+03) (3, 1.97020637989044189453e+00) (4, 1.84712803363800048828e+00) (5, 5.69383911132812500000e+02) (6, 3.06357574462890625000e+00) (7, -3.35302639007568359375e+00) (8, 5.80515869140625000000e+02) (9, -7.06883764266967773438e+00) (0, 2.80856132507324218750e+00) (1, 9.67482948303222656250e+00) (2, 1.85268707275390625000e+01) (3, 3.61929237842559814453e-01) (4, 4.57219570875167846680e-01) (5, 8.05622577667236328125e+00) (6, -3.41729879379272460938e+00) (7, -3.56964755058288574219e+00) (8, -2.83289775848388671875e+01) (9, -2.63196325302124023438e+00) (0, -5.43970394134521484375e+00) (1, -2.09013962745666503906e+00) (2, -3.16379375457763671875e+01) (3, 1.75069940090179443359e+00) (4, 1.82420957088470458984e+00) (5, 2.68505821228027343750e+01) (6, 2.84825420379638671875e+00) (7, -8.45167446136474609375e+00) (8, 8.24147701263427734375e+00) (9, -1.28514575958251953125e+00) (10, 1.88196837902069091797e+00) (11, 6.97183430194854736328e-01) (12, 3.12438130378723144531e+00) (13, 5.78032135963439941406e-01) (14, -2.28915405273437500000e+00) 
