FANN_FLO_2.1
num_layers=3
learning_rate=0.400000
connection_rate=1.000000
network_type=0
learning_momentum=0.000000
training_algorithm=2
train_error_function=1
train_stop_function=0
cascade_output_change_fraction=0.010000
quickprop_decay=-0.000100
quickprop_mu=1.750000
rprop_increase_factor=1.200000
rprop_decrease_factor=0.500000
rprop_delta_min=0.000000
rprop_delta_max=50.000000
rprop_delta_zero=0.100000
cascade_output_stagnation_epochs=12
cascade_candidate_change_fraction=0.010000
cascade_candidate_stagnation_epochs=12
cascade_max_out_epochs=150
cascade_min_out_epochs=50
cascade_max_cand_epochs=150
cascade_min_cand_epochs=50
cascade_num_candidate_groups=2
bit_fail_limit=3.49999994039535522461e-01
cascade_candidate_limit=1.00000000000000000000e+03
cascade_weight_multiplier=4.00000005960464477539e-01
cascade_activation_functions_count=10
cascade_activation_functions=3 5 7 8 10 11 14 15 16 17 
cascade_activation_steepnesses_count=4
cascade_activation_steepnesses=2.50000000000000000000e-01 5.00000000000000000000e-01 7.50000000000000000000e-01 1.00000000000000000000e+00 
layer_sizes=7 5 2 
scale_included=0
neurons (num_inputs, activation_function, activation_steepness)=(0, 0, 0.00000000000000000000e+00) (0, 0, 0.00000000000000000000e+00) (0, 0, 0.00000000000000000000e+00) (0, 0, 0.00000000000000000000e+00) (0, 0, 0.00000000000000000000e+00) (0, 0, 0.00000000000000000000e+00) (0, 0, 0.00000000000000000000e+00) (7, 3, 5.00000000000000000000e-01) (7, 3, 5.00000000000000000000e-01) (7, 3, 5.00000000000000000000e-01) (7, 3, 5.00000000000000000000e-01) (0, 3, 0.00000000000000000000e+00) (5, 3, 5.00000000000000000000e-01) (0, 3, 0.00000000000000000000e+00) 
connections (connected_to_neuron, weight)=(0, -3.56482815742492675781e+00) (1, 3.07000064849853515625e+00) (2, -3.21765441894531250000e+01) (3, -1.35002698898315429688e+01) (4, -3.57982492446899414062e+00) (5, 2.92627167701721191406e+00) (6, 8.47825908660888671875e+00) (0, -6.47788238525390625000e+00) (1, -1.61779193878173828125e+01) (2, 5.14047813415527343750e+00) (3, -1.09829211235046386719e+00) (4, 8.84763896465301513672e-01) (5, 5.52670812606811523438e+00) (6, 1.40678920745849609375e+01) (0, -1.00400328636169433594e+00) (1, 7.23046016693115234375e+00) (2, -5.41740369796752929688e+00) (3, 2.97089546918869018555e-01) (4, -4.10733371973037719727e-01) (5, -2.50599265098571777344e+00) (6, -5.46405935287475585938e+00) (0, 3.14241790771484375000e+00) (1, 2.02813982963562011719e-01) (2, 3.20983924865722656250e+01) (3, -9.23104667663574218750e+00) (4, -2.89820194244384765625e+00) (5, -3.39617460966110229492e-01) (6, 1.13437938690185546875e+00) (7, -5.88411986827850341797e-01) (8, -2.60336136817932128906e+00) (9, -5.79973936080932617188e+00) (10, -1.00879657268524169922e+00) (11, 4.88967865705490112305e-01) 
