FANN_FLO_2.1
num_layers=3
learning_rate=0.400000
connection_rate=1.000000
network_type=0
learning_momentum=0.000000
training_algorithm=2
train_error_function=1
train_stop_function=0
cascade_output_change_fraction=0.010000
quickprop_decay=-0.000100
quickprop_mu=1.750000
rprop_increase_factor=1.200000
rprop_decrease_factor=0.500000
rprop_delta_min=0.000000
rprop_delta_max=50.000000
rprop_delta_zero=0.100000
cascade_output_stagnation_epochs=12
cascade_candidate_change_fraction=0.010000
cascade_candidate_stagnation_epochs=12
cascade_max_out_epochs=150
cascade_min_out_epochs=50
cascade_max_cand_epochs=150
cascade_min_cand_epochs=50
cascade_num_candidate_groups=2
bit_fail_limit=3.49999994039535522461e-01
cascade_candidate_limit=1.00000000000000000000e+03
cascade_weight_multiplier=4.00000005960464477539e-01
cascade_activation_functions_count=10
cascade_activation_functions=3 5 7 8 10 11 14 15 16 17 
cascade_activation_steepnesses_count=4
cascade_activation_steepnesses=2.50000000000000000000e-01 5.00000000000000000000e-01 7.50000000000000000000e-01 1.00000000000000000000e+00 
layer_sizes=7 9 2 
scale_included=0
neurons (num_inputs, activation_function, activation_steepness)=(0, 0, 0.00000000000000000000e+00) (0, 0, 0.00000000000000000000e+00) (0, 0, 0.00000000000000000000e+00) (0, 0, 0.00000000000000000000e+00) (0, 0, 0.00000000000000000000e+00) (0, 0, 0.00000000000000000000e+00) (0, 0, 0.00000000000000000000e+00) (7, 3, 5.00000000000000000000e-01) (7, 3, 5.00000000000000000000e-01) (7, 3, 5.00000000000000000000e-01) (7, 3, 5.00000000000000000000e-01) (7, 3, 5.00000000000000000000e-01) (7, 3, 5.00000000000000000000e-01) (7, 3, 5.00000000000000000000e-01) (7, 3, 5.00000000000000000000e-01) (0, 3, 0.00000000000000000000e+00) (9, 3, 5.00000000000000000000e-01) (0, 3, 0.00000000000000000000e+00) 
connections (connected_to_neuron, weight)=(0, -3.76940250396728515625e+00) (1, -1.21747541427612304688e+00) (2, 3.97245502471923828125e+00) (3, 1.45216417312622070312e+01) (4, -9.46507358551025390625e+00) (5, -5.66815137863159179688e+00) (6, 5.11489868164062500000e+00) (0, -4.47688341140747070312e+00) (1, 4.53865718841552734375e+00) (2, 3.18406891822814941406e+00) (3, -2.36403822898864746094e-01) (4, -1.32076501846313476562e-01) (5, -9.20955810546875000000e+02) (6, -4.24251526594161987305e-01) (0, -3.00125193595886230469e+00) (1, -4.69375610351562500000e+00) (2, -4.72445774078369140625e+00) (3, 1.52929697036743164062e+01) (4, -5.18430805206298828125e+00) (5, -9.20618164062500000000e+02) (6, 4.84303522109985351562e+00) (0, -9.08143043518066406250e+00) (1, 8.82271194458007812500e+00) (2, -9.60387802124023437500e+01) (3, 4.72849130630493164062e+00) (4, -1.62096321582794189453e+00) (5, 8.04140758514404296875e+00) (6, 8.51645755767822265625e+00) (0, 1.20865297317504882812e+01) (1, -1.18010311126708984375e+01) (2, 2.70382022857666015625e+00) (3, -3.58467769622802734375e+00) (4, -2.02482894062995910645e-01) (5, 4.76445770263671875000e+00) (6, -5.47512245178222656250e+00) (0, -5.77777481079101562500e+00) (1, -2.52479076385498046875e+00) (2, 1.86700153350830078125e+00) (3, -7.14729022979736328125e+00) (4, 8.12684726715087890625e+00) (5, 1.68578112125396728516e+00) (6, -8.38946476578712463379e-02) (0, -1.30070295333862304688e+01) (1, 8.79023742675781250000e+00) (2, -7.66277730464935302734e-01) (3, -1.02131605148315429688e-01) (4, -1.99430274963378906250e+00) (5, 2.84314417839050292969e+00) (6, 3.92216563224792480469e+00) (0, -2.73381710052490234375e+00) (1, 1.03894817829132080078e+00) (2, 2.74166259765625000000e+01) (3, -4.40811061859130859375e+00) (4, -6.84731721878051757812e+00) (5, 1.59259891510009765625e+00) (6, 5.17846393585205078125e+00) (7, -5.24920105934143066406e-01) (8, -5.53614044189453125000e+00) (9, 8.62208724021911621094e-01) (10, -7.63788878917694091797e-01) (11, -8.05970954895019531250e+00) (12, -7.86143064498901367188e-01) (13, -1.24797689914703369141e+00) (14, -4.53776985406875610352e-01) (15, 9.65395689010620117188e-01) 
