FANN_FLO_2.1
num_layers=3
learning_rate=0.400000
connection_rate=1.000000
network_type=0
learning_momentum=0.000000
training_algorithm=2
train_error_function=1
train_stop_function=0
cascade_output_change_fraction=0.010000
quickprop_decay=-0.000100
quickprop_mu=1.750000
rprop_increase_factor=1.200000
rprop_decrease_factor=0.500000
rprop_delta_min=0.000000
rprop_delta_max=50.000000
rprop_delta_zero=0.100000
cascade_output_stagnation_epochs=12
cascade_candidate_change_fraction=0.010000
cascade_candidate_stagnation_epochs=12
cascade_max_out_epochs=150
cascade_min_out_epochs=50
cascade_max_cand_epochs=150
cascade_min_cand_epochs=50
cascade_num_candidate_groups=2
bit_fail_limit=3.49999994039535522461e-01
cascade_candidate_limit=1.00000000000000000000e+03
cascade_weight_multiplier=4.00000005960464477539e-01
cascade_activation_functions_count=10
cascade_activation_functions=3 5 7 8 10 11 14 15 16 17 
cascade_activation_steepnesses_count=4
cascade_activation_steepnesses=2.50000000000000000000e-01 5.00000000000000000000e-01 7.50000000000000000000e-01 1.00000000000000000000e+00 
layer_sizes=19 3 3 
scale_included=0
neurons (num_inputs, activation_function, activation_steepness)=(0, 0, 0.00000000000000000000e+00) (0, 0, 0.00000000000000000000e+00) (0, 0, 0.00000000000000000000e+00) (0, 0, 0.00000000000000000000e+00) (0, 0, 0.00000000000000000000e+00) (0, 0, 0.00000000000000000000e+00) (0, 0, 0.00000000000000000000e+00) (0, 0, 0.00000000000000000000e+00) (0, 0, 0.00000000000000000000e+00) (0, 0, 0.00000000000000000000e+00) (0, 0, 0.00000000000000000000e+00) (0, 0, 0.00000000000000000000e+00) (0, 0, 0.00000000000000000000e+00) (0, 0, 0.00000000000000000000e+00) (0, 0, 0.00000000000000000000e+00) (0, 0, 0.00000000000000000000e+00) (0, 0, 0.00000000000000000000e+00) (0, 0, 0.00000000000000000000e+00) (0, 0, 0.00000000000000000000e+00) (19, 3, 5.00000000000000000000e-01) (19, 3, 5.00000000000000000000e-01) (0, 3, 0.00000000000000000000e+00) (3, 3, 5.00000000000000000000e-01) (3, 3, 5.00000000000000000000e-01) (0, 3, 0.00000000000000000000e+00) 
connections (connected_to_neuron, weight)=(0, 1.78117573261260986328e+00) (1, 4.72852420806884765625e+00) (2, 1.39864659309387207031e+00) (3, 1.32512557506561279297e+00) (4, 6.03871583938598632812e+00) (5, -4.49986398220062255859e-01) (6, 1.02985179424285888672e+00) (7, 7.69547414779663085938e+00) (8, 1.63532676696777343750e+01) (9, 1.05515689849853515625e+01) (10, -6.17283105850219726562e+00) (11, -9.20945262908935546875e+00) (12, 1.15178108215332031250e+01) (13, -1.75245246887207031250e+01) (14, 3.66125702857971191406e+00) (15, 2.84167098999023437500e+00) (16, -1.34550857543945312500e+01) (17, 2.46254491806030273438e+00) (18, -7.14110088348388671875e+00) (0, 7.49104768037796020508e-02) (1, -4.76520442962646484375e+00) (2, -7.95656919479370117188e-01) (3, 1.18694770336151123047e+00) (4, -3.88490939140319824219e+00) (5, -1.64706277847290039062e+00) (6, -2.06622064113616943359e-01) (7, -5.00729227066040039062e+00) (8, -3.48132419586181640625e+00) (9, -4.75136184692382812500e+00) (10, 4.01315879821777343750e+00) (11, 2.47996115684509277344e+00) (12, -4.34537267684936523438e+00) (13, 8.14666175842285156250e+00) (14, 2.06175103783607482910e-01) (15, -7.16113686561584472656e-01) (16, 6.62956762313842773438e+00) (17, 8.19867134094238281250e-01) (18, -1.40555500984191894531e+00) (19, -1.24744129180908203125e+00) (20, -1.96106994152069091797e+00) (21, 7.17999279499053955078e-01) (19, 1.25211918354034423828e+00) (20, 1.96427202224731445312e+00) (21, -7.21104383468627929688e-01) 
