FANN_FLO_2.1
num_layers=3
learning_rate=0.400000
connection_rate=1.000000
network_type=0
learning_momentum=0.000000
training_algorithm=2
train_error_function=1
train_stop_function=0
cascade_output_change_fraction=0.010000
quickprop_decay=-0.000100
quickprop_mu=1.750000
rprop_increase_factor=1.200000
rprop_decrease_factor=0.500000
rprop_delta_min=0.000000
rprop_delta_max=50.000000
rprop_delta_zero=0.100000
cascade_output_stagnation_epochs=12
cascade_candidate_change_fraction=0.010000
cascade_candidate_stagnation_epochs=12
cascade_max_out_epochs=150
cascade_min_out_epochs=50
cascade_max_cand_epochs=150
cascade_min_cand_epochs=50
cascade_num_candidate_groups=2
bit_fail_limit=3.49999994039535522461e-01
cascade_candidate_limit=1.00000000000000000000e+03
cascade_weight_multiplier=4.00000005960464477539e-01
cascade_activation_functions_count=10
cascade_activation_functions=3 5 7 8 10 11 14 15 16 17 
cascade_activation_steepnesses_count=4
cascade_activation_steepnesses=2.50000000000000000000e-01 5.00000000000000000000e-01 7.50000000000000000000e-01 1.00000000000000000000e+00 
layer_sizes=7 5 2 
scale_included=0
neurons (num_inputs, activation_function, activation_steepness)=(0, 0, 0.00000000000000000000e+00) (0, 0, 0.00000000000000000000e+00) (0, 0, 0.00000000000000000000e+00) (0, 0, 0.00000000000000000000e+00) (0, 0, 0.00000000000000000000e+00) (0, 0, 0.00000000000000000000e+00) (0, 0, 0.00000000000000000000e+00) (7, 3, 5.00000000000000000000e-01) (7, 3, 5.00000000000000000000e-01) (7, 3, 5.00000000000000000000e-01) (7, 3, 5.00000000000000000000e-01) (0, 3, 0.00000000000000000000e+00) (5, 3, 5.00000000000000000000e-01) (0, 3, 0.00000000000000000000e+00) 
connections (connected_to_neuron, weight)=(0, -1.06742203235626220703e+00) (1, -1.41354000568389892578e+00) (2, 3.11522102355957031250e+00) (3, 1.01719725131988525391e+00) (4, 5.18619060516357421875e+00) (5, -3.93414330482482910156e+00) (6, -3.03200674057006835938e+00) (0, -1.06388068199157714844e+00) (1, -2.90656852722167968750e+00) (2, -2.77140951156616210938e+00) (3, 2.88960361480712890625e+00) (4, -2.31141090393066406250e+00) (5, 8.52241992950439453125e+00) (6, -3.42448949813842773438e+00) (0, 3.80314230918884277344e+00) (1, 1.07591848373413085938e+01) (2, 2.99571299552917480469e+00) (3, -2.66110897064208984375e+00) (4, -2.09946918487548828125e+00) (5, -3.97586345672607421875e+00) (6, 1.48546981811523437500e+00) (0, 1.09168272018432617188e+01) (1, 4.64042854309082031250e+00) (2, 1.52470898628234863281e+00) (3, -2.86838388442993164062e+00) (4, -4.51951360702514648438e+00) (5, 1.53428208827972412109e+00) (6, 2.76748746633529663086e-01) (7, 3.51434159278869628906e+00) (8, 3.08743929862976074219e+00) (9, -1.59749960899353027344e+00) (10, -1.15760779380798339844e+00) (11, 2.63692401349544525146e-02) 
