FANN_FLO_2.1
num_layers=4
learning_rate=0.500000
connection_rate=1.000000
network_type=0
learning_momentum=0.000000
training_algorithm=2
train_error_function=1
train_stop_function=0
cascade_output_change_fraction=0.010000
quickprop_decay=-0.000100
quickprop_mu=1.750000
rprop_increase_factor=1.200000
rprop_decrease_factor=0.500000
rprop_delta_min=0.000000
rprop_delta_max=50.000000
rprop_delta_zero=0.100000
cascade_output_stagnation_epochs=12
cascade_candidate_change_fraction=0.010000
cascade_candidate_stagnation_epochs=12
cascade_max_out_epochs=150
cascade_min_out_epochs=50
cascade_max_cand_epochs=150
cascade_min_cand_epochs=50
cascade_num_candidate_groups=2
bit_fail_limit=3.49999994039535522461e-01
cascade_candidate_limit=1.00000000000000000000e+03
cascade_weight_multiplier=4.00000005960464477539e-01
cascade_activation_functions_count=10
cascade_activation_functions=3 5 7 8 10 11 14 15 16 17 
cascade_activation_steepnesses_count=4
cascade_activation_steepnesses=2.50000000000000000000e-01 5.00000000000000000000e-01 7.50000000000000000000e-01 1.00000000000000000000e+00 
layer_sizes=2 5 5 3 
scale_included=0
neurons (num_inputs, activation_function, activation_steepness)=(0, 0, 0.00000000000000000000e+00) (0, 0, 0.00000000000000000000e+00) (2, 3, 5.00000000000000000000e-01) (2, 3, 5.00000000000000000000e-01) (2, 3, 5.00000000000000000000e-01) (2, 3, 5.00000000000000000000e-01) (0, 3, 0.00000000000000000000e+00) (5, 3, 5.00000000000000000000e-01) (5, 3, 5.00000000000000000000e-01) (5, 3, 5.00000000000000000000e-01) (5, 3, 5.00000000000000000000e-01) (0, 3, 0.00000000000000000000e+00) (5, 0, 5.00000000000000000000e-01) (5, 0, 5.00000000000000000000e-01) (0, 0, 0.00000000000000000000e+00) 
connections (connected_to_neuron, weight)=(0, 5.36515998840332031250e+01) (1, -2.28066372871398925781e+00) (0, 9.54929733276367187500e+00) (1, 5.42334169149398803711e-02) (0, -1.66349411010742187500e+01) (1, 5.49762439727783203125e+00) (0, -4.38499031066894531250e+01) (1, 8.46404933929443359375e+00) (2, 1.24015769958496093750e+01) (3, 6.05924568176269531250e+01) (4, 5.17705841064453125000e+01) (5, -1.50000000000000000000e+03) (6, 4.92985582351684570312e+00) (2, 3.65511751174926757812e+00) (3, -1.96728849411010742188e+00) (4, 2.35299568176269531250e+01) (5, -1.76940040588378906250e+01) (6, -5.13993644714355468750e+00) (2, -5.67325174808502197266e-01) (3, -1.16643991470336914062e+01) (4, 2.24591026306152343750e+01) (5, 1.50000000000000000000e+03) (6, -2.92147946357727050781e+00) (2, 2.70983672142028808594e+00) (3, -7.77671039104461669922e-01) (4, 1.71773738861083984375e+01) (5, -1.76384849548339843750e+01) (6, -1.54810118675231933594e+00) (7, 4.48783067986369132996e-03) (8, -1.17299902439117431641e+00) (9, -5.30332982540130615234e-01) (10, -1.47660434246063232422e+00) (11, 1.21465373039245605469e+00) (7, -1.00879013538360595703e+00) (8, 1.10760164260864257812e+00) (9, 9.45738971233367919922e-01) (10, -2.23367953300476074219e+00) (11, 7.13864624500274658203e-01) 
