FANN_FLO_2.1
num_layers=3
learning_rate=0.500000
connection_rate=1.000000
network_type=0
learning_momentum=0.000000
training_algorithm=2
train_error_function=1
train_stop_function=0
cascade_output_change_fraction=0.010000
quickprop_decay=-0.000100
quickprop_mu=1.750000
rprop_increase_factor=1.200000
rprop_decrease_factor=0.500000
rprop_delta_min=0.000000
rprop_delta_max=50.000000
rprop_delta_zero=0.100000
cascade_output_stagnation_epochs=12
cascade_candidate_change_fraction=0.010000
cascade_candidate_stagnation_epochs=12
cascade_max_out_epochs=150
cascade_min_out_epochs=50
cascade_max_cand_epochs=150
cascade_min_cand_epochs=50
cascade_num_candidate_groups=2
bit_fail_limit=3.49999994039535522461e-01
cascade_candidate_limit=1.00000000000000000000e+03
cascade_weight_multiplier=4.00000005960464477539e-01
cascade_activation_functions_count=10
cascade_activation_functions=3 5 7 8 10 11 14 15 16 17 
cascade_activation_steepnesses_count=4
cascade_activation_steepnesses=2.50000000000000000000e-01 5.00000000000000000000e-01 7.50000000000000000000e-01 1.00000000000000000000e+00 
layer_sizes=10 5 2 
scale_included=0
neurons (num_inputs, activation_function, activation_steepness)=(0, 0, 0.00000000000000000000e+00) (0, 0, 0.00000000000000000000e+00) (0, 0, 0.00000000000000000000e+00) (0, 0, 0.00000000000000000000e+00) (0, 0, 0.00000000000000000000e+00) (0, 0, 0.00000000000000000000e+00) (0, 0, 0.00000000000000000000e+00) (0, 0, 0.00000000000000000000e+00) (0, 0, 0.00000000000000000000e+00) (0, 0, 0.00000000000000000000e+00) (10, 3, 5.00000000000000000000e-01) (10, 3, 5.00000000000000000000e-01) (10, 3, 5.00000000000000000000e-01) (10, 3, 5.00000000000000000000e-01) (0, 3, 0.00000000000000000000e+00) (5, 3, 5.00000000000000000000e-01) (0, 3, 0.00000000000000000000e+00) 
connections (connected_to_neuron, weight)=(0, 1.42018520832061767578e+00) (1, -8.28480184078216552734e-01) (2, -1.50000000000000000000e+03) (3, -1.79149782657623291016e+00) (4, -7.01477825641632080078e-02) (5, -1.50000000000000000000e+03) (6, 1.57944238185882568359e+00) (7, -2.70913362503051757812e-01) (8, -1.47384179687500000000e+03) (9, -1.62374347448348999023e-01) (0, 6.61518573760986328125e-01) (1, -6.19256436824798583984e-01) (2, -3.18226146697998046875e+00) (3, 3.63819658756256103516e-01) (4, 1.76857972145080566406e+00) (5, -7.69573497772216796875e+00) (6, 2.80552220344543457031e+00) (7, -6.97250664234161376953e-01) (8, -7.29074935913085937500e+01) (9, 7.17243909835815429688e-01) (0, -7.30744361877441406250e-01) (1, -3.64730644226074218750e+00) (2, 1.18878812789916992188e+01) (3, -1.03569822311401367188e+01) (4, 2.35532140731811523438e+00) (5, 1.86466121673583984375e+01) (6, -2.71513199806213378906e+00) (7, -1.04748325347900390625e+01) (8, 6.84058904647827148438e+00) (9, -4.09891510009765625000e+00) (0, -1.34289741516113281250e+00) (1, -5.29062795639038085938e+00) (2, 1.45913038253784179688e+01) (3, -2.50235939025878906250e+00) (4, 1.48349237442016601562e+00) (5, -5.42724180221557617188e+00) (6, 1.32962405681610107422e+00) (7, -4.26452589035034179688e+00) (8, 1.18145167827606201172e+00) (9, -2.40449085831642150879e-01) (10, 1.30737876892089843750e+00) (11, 4.45361328125000000000e+00) (12, 3.71793866157531738281e+00) (13, 2.48080658912658691406e+00) (14, -4.07922697067260742188e+00) 
