FANN_FLO_2.1
num_layers=3
learning_rate=0.500000
connection_rate=1.000000
network_type=0
learning_momentum=0.000000
training_algorithm=2
train_error_function=1
train_stop_function=0
cascade_output_change_fraction=0.010000
quickprop_decay=-0.000100
quickprop_mu=1.750000
rprop_increase_factor=1.200000
rprop_decrease_factor=0.500000
rprop_delta_min=0.000000
rprop_delta_max=50.000000
rprop_delta_zero=0.100000
cascade_output_stagnation_epochs=12
cascade_candidate_change_fraction=0.010000
cascade_candidate_stagnation_epochs=12
cascade_max_out_epochs=150
cascade_min_out_epochs=50
cascade_max_cand_epochs=150
cascade_min_cand_epochs=50
cascade_num_candidate_groups=2
bit_fail_limit=3.49999994039535522461e-01
cascade_candidate_limit=1.00000000000000000000e+03
cascade_weight_multiplier=4.00000005960464477539e-01
cascade_activation_functions_count=10
cascade_activation_functions=3 5 7 8 10 11 14 15 16 17 
cascade_activation_steepnesses_count=4
cascade_activation_steepnesses=2.50000000000000000000e-01 5.00000000000000000000e-01 7.50000000000000000000e-01 1.00000000000000000000e+00 
layer_sizes=10 5 2 
scale_included=0
neurons (num_inputs, activation_function, activation_steepness)=(0, 0, 0.00000000000000000000e+00) (0, 0, 0.00000000000000000000e+00) (0, 0, 0.00000000000000000000e+00) (0, 0, 0.00000000000000000000e+00) (0, 0, 0.00000000000000000000e+00) (0, 0, 0.00000000000000000000e+00) (0, 0, 0.00000000000000000000e+00) (0, 0, 0.00000000000000000000e+00) (0, 0, 0.00000000000000000000e+00) (0, 0, 0.00000000000000000000e+00) (10, 3, 5.00000000000000000000e-01) (10, 3, 5.00000000000000000000e-01) (10, 3, 5.00000000000000000000e-01) (10, 3, 5.00000000000000000000e-01) (0, 3, 0.00000000000000000000e+00) (5, 3, 5.00000000000000000000e-01) (0, 3, 0.00000000000000000000e+00) 
connections (connected_to_neuron, weight)=(0, 1.12773765563964843750e+02) (1, -1.16608757019042968750e+02) (2, -1.06001907348632812500e+02) (3, -1.61628410220146179199e-01) (4, 2.80796694755554199219e+00) (5, -6.54482498168945312500e+01) (6, 1.56745243072509765625e+00) (7, 1.86283171176910400391e+00) (8, 6.01440963745117187500e+01) (9, 2.22893059253692626953e-01) (0, -4.46207641601562500000e+02) (1, -1.50000000000000000000e+03) (2, -1.50000000000000000000e+03) (3, -9.36387717723846435547e-01) (4, -3.17771744728088378906e+00) (5, -2.59178900718688964844e+00) (6, 3.25635490417480468750e+01) (7, -3.75874066352844238281e+00) (8, -3.71139717102050781250e+00) (9, -1.13838109970092773438e+01) (0, 4.47908544540405273438e+00) (1, 8.45259857177734375000e+00) (2, 3.76446771621704101562e+00) (3, -8.55227565765380859375e+00) (4, -1.42829623073339462280e-02) (5, 7.62090635299682617188e+00) (6, -5.82448625564575195312e+00) (7, -1.76170711517333984375e+01) (8, 4.59685516357421875000e+00) (9, -1.60097062587738037109e-01) (0, 3.57575750350952148438e+00) (1, 7.50706434249877929688e+00) (2, 1.09234514236450195312e+01) (3, -7.34332704544067382812e+00) (4, -2.13719069957733154297e-01) (5, 1.00282773971557617188e+01) (6, -3.03536105155944824219e+00) (7, -2.64197883605957031250e+01) (8, 3.98035478591918945312e+00) (9, -1.36393272876739501953e+00) (10, 2.89686918258666992188e+00) (11, 6.50925755500793457031e-01) (12, 1.31635749340057373047e+00) (13, 1.29688322544097900391e+00) (14, -1.71910047531127929688e+00) 
