FANN_FLO_2.1
num_layers=4
learning_rate=0.400000
connection_rate=1.000000
network_type=0
learning_momentum=0.000000
training_algorithm=2
train_error_function=1
train_stop_function=0
cascade_output_change_fraction=0.010000
quickprop_decay=-0.000100
quickprop_mu=1.750000
rprop_increase_factor=1.200000
rprop_decrease_factor=0.500000
rprop_delta_min=0.000000
rprop_delta_max=50.000000
rprop_delta_zero=0.100000
cascade_output_stagnation_epochs=12
cascade_candidate_change_fraction=0.010000
cascade_candidate_stagnation_epochs=12
cascade_max_out_epochs=150
cascade_min_out_epochs=50
cascade_max_cand_epochs=150
cascade_min_cand_epochs=50
cascade_num_candidate_groups=2
bit_fail_limit=3.49999994039535522461e-01
cascade_candidate_limit=1.00000000000000000000e+03
cascade_weight_multiplier=4.00000005960464477539e-01
cascade_activation_functions_count=10
cascade_activation_functions=3 5 7 8 10 11 14 15 16 17 
cascade_activation_steepnesses_count=4
cascade_activation_steepnesses=2.50000000000000000000e-01 5.00000000000000000000e-01 7.50000000000000000000e-01 1.00000000000000000000e+00 
layer_sizes=7 5 5 2 
scale_included=0
neurons (num_inputs, activation_function, activation_steepness)=(0, 0, 0.00000000000000000000e+00) (0, 0, 0.00000000000000000000e+00) (0, 0, 0.00000000000000000000e+00) (0, 0, 0.00000000000000000000e+00) (0, 0, 0.00000000000000000000e+00) (0, 0, 0.00000000000000000000e+00) (0, 0, 0.00000000000000000000e+00) (7, 3, 5.00000000000000000000e-01) (7, 3, 5.00000000000000000000e-01) (7, 3, 5.00000000000000000000e-01) (7, 3, 5.00000000000000000000e-01) (0, 3, 0.00000000000000000000e+00) (5, 3, 5.00000000000000000000e-01) (5, 3, 5.00000000000000000000e-01) (5, 3, 5.00000000000000000000e-01) (5, 3, 5.00000000000000000000e-01) (0, 3, 0.00000000000000000000e+00) (5, 3, 5.00000000000000000000e-01) (0, 3, 0.00000000000000000000e+00) 
connections (connected_to_neuron, weight)=(0, -7.09333002567291259766e-01) (1, 1.68925237655639648438e+00) (2, -6.27299427986145019531e-01) (3, 1.07695609331130981445e-01) (4, 1.12844908237457275391e+00) (5, -1.04718370437622070312e+01) (6, 2.59423089027404785156e+00) (0, -5.22051286697387695312e+00) (1, 3.98956108093261718750e+00) (2, -6.73385560512542724609e-01) (3, -2.90034151077270507812e+00) (4, -8.64851713180541992188e-01) (5, -2.23734378814697265625e+00) (6, 1.63789951801300048828e+00) (0, 8.39426368474960327148e-02) (1, -1.18389749526977539062e+00) (2, 5.82635641098022460938e-01) (3, -3.46005749702453613281e+00) (4, -5.23309290409088134766e-01) (5, 1.61988234519958496094e+00) (6, 4.96891975402832031250e-01) (0, -1.41152966022491455078e+00) (1, -2.00496029853820800781e+00) (2, 5.49720001220703125000e+00) (3, -1.46074571609497070312e+01) (4, 8.93139898777008056641e-01) (5, 2.12497591972351074219e+00) (6, 4.46657985448837280273e-01) (7, -9.78460449218750000000e+02) (8, -2.88340187072753906250e+01) (9, 7.42740011215209960938e+00) (10, 4.54305696487426757812e+00) (11, -2.04869651794433593750e+00) (7, 1.94239068031311035156e+00) (8, 8.97696113586425781250e+00) (9, -1.04831628799438476562e+01) (10, 1.72666037082672119141e+00) (11, -4.15572452545166015625e+00) (7, -6.04238653182983398438e+00) (8, -1.20002818107604980469e+00) (9, 1.05259084701538085938e+01) (10, 9.02164840698242187500e+00) (11, 4.73313760757446289062e+00) (7, -2.31797618865966796875e+01) (8, 1.15901756286621093750e+01) (9, 2.59146911621093750000e+02) (10, -1.16764823913574218750e+02) (11, -3.58198547363281250000e+00) (12, -6.43050670623779296875e+00) (13, -5.14394712448120117188e+00) (14, -7.05222666263580322266e-01) (15, -4.41824883222579956055e-01) (16, -3.60544741153717041016e-01) 
