FANN_FLO_2.1
num_layers=4
learning_rate=0.400000
connection_rate=1.000000
network_type=0
learning_momentum=0.000000
training_algorithm=2
train_error_function=1
train_stop_function=0
cascade_output_change_fraction=0.010000
quickprop_decay=-0.000100
quickprop_mu=1.750000
rprop_increase_factor=1.200000
rprop_decrease_factor=0.500000
rprop_delta_min=0.000000
rprop_delta_max=50.000000
rprop_delta_zero=0.100000
cascade_output_stagnation_epochs=12
cascade_candidate_change_fraction=0.010000
cascade_candidate_stagnation_epochs=12
cascade_max_out_epochs=150
cascade_min_out_epochs=50
cascade_max_cand_epochs=150
cascade_min_cand_epochs=50
cascade_num_candidate_groups=2
bit_fail_limit=3.49999994039535522461e-01
cascade_candidate_limit=1.00000000000000000000e+03
cascade_weight_multiplier=4.00000005960464477539e-01
cascade_activation_functions_count=10
cascade_activation_functions=3 5 7 8 10 11 14 15 16 17 
cascade_activation_steepnesses_count=4
cascade_activation_steepnesses=2.50000000000000000000e-01 5.00000000000000000000e-01 7.50000000000000000000e-01 1.00000000000000000000e+00 
layer_sizes=7 3 3 2 
scale_included=0
neurons (num_inputs, activation_function, activation_steepness)=(0, 0, 0.00000000000000000000e+00) (0, 0, 0.00000000000000000000e+00) (0, 0, 0.00000000000000000000e+00) (0, 0, 0.00000000000000000000e+00) (0, 0, 0.00000000000000000000e+00) (0, 0, 0.00000000000000000000e+00) (0, 0, 0.00000000000000000000e+00) (7, 3, 5.00000000000000000000e-01) (7, 3, 5.00000000000000000000e-01) (0, 3, 0.00000000000000000000e+00) (3, 3, 5.00000000000000000000e-01) (3, 3, 5.00000000000000000000e-01) (0, 3, 0.00000000000000000000e+00) (3, 3, 5.00000000000000000000e-01) (0, 3, 0.00000000000000000000e+00) 
connections (connected_to_neuron, weight)=(0, -5.37504911422729492188e+00) (1, 4.54442882537841796875e+00) (2, -1.35745382308959960938e+00) (3, -8.51759076118469238281e-01) (4, -5.28755724430084228516e-01) (5, -7.64626770019531250000e+02) (6, 4.71604138612747192383e-01) (0, 2.98990488052368164062e+00) (1, -3.64384412765502929688e+00) (2, 2.82588744163513183594e+00) (3, -1.12830460071563720703e+00) (4, -3.23720008134841918945e-01) (5, 3.31578230857849121094e+00) (6, -3.01706814765930175781e+00) (7, 6.12864065170288085938e+00) (8, 5.48561859130859375000e+00) (9, -2.09811782836914062500e+00) (7, 5.98070526123046875000e+00) (8, 6.69649934768676757812e+00) (9, -3.04616522789001464844e+00) (10, -2.35462188720703125000e+00) (11, -5.01855850219726562500e+00) (12, -1.24178938567638397217e-02) 
