FANN_FLO_2.1
num_layers=3
learning_rate=0.500000
connection_rate=1.000000
network_type=0
learning_momentum=0.000000
training_algorithm=2
train_error_function=1
train_stop_function=0
cascade_output_change_fraction=0.010000
quickprop_decay=-0.000100
quickprop_mu=1.750000
rprop_increase_factor=1.200000
rprop_decrease_factor=0.500000
rprop_delta_min=0.000000
rprop_delta_max=50.000000
rprop_delta_zero=0.100000
cascade_output_stagnation_epochs=12
cascade_candidate_change_fraction=0.010000
cascade_candidate_stagnation_epochs=12
cascade_max_out_epochs=150
cascade_min_out_epochs=50
cascade_max_cand_epochs=150
cascade_min_cand_epochs=50
cascade_num_candidate_groups=2
bit_fail_limit=3.49999994039535522461e-01
cascade_candidate_limit=1.00000000000000000000e+03
cascade_weight_multiplier=4.00000005960464477539e-01
cascade_activation_functions_count=10
cascade_activation_functions=3 5 7 8 10 11 14 15 16 17 
cascade_activation_steepnesses_count=4
cascade_activation_steepnesses=2.50000000000000000000e-01 5.00000000000000000000e-01 7.50000000000000000000e-01 1.00000000000000000000e+00 
layer_sizes=10 3 2 
scale_included=0
neurons (num_inputs, activation_function, activation_steepness)=(0, 0, 0.00000000000000000000e+00) (0, 0, 0.00000000000000000000e+00) (0, 0, 0.00000000000000000000e+00) (0, 0, 0.00000000000000000000e+00) (0, 0, 0.00000000000000000000e+00) (0, 0, 0.00000000000000000000e+00) (0, 0, 0.00000000000000000000e+00) (0, 0, 0.00000000000000000000e+00) (0, 0, 0.00000000000000000000e+00) (0, 0, 0.00000000000000000000e+00) (10, 3, 5.00000000000000000000e-01) (10, 3, 5.00000000000000000000e-01) (0, 3, 0.00000000000000000000e+00) (3, 3, 5.00000000000000000000e-01) (0, 3, 0.00000000000000000000e+00) 
connections (connected_to_neuron, weight)=(0, 1.33918559551239013672e+00) (1, 3.99449586868286132812e-01) (2, -1.60502490997314453125e+01) (3, -2.86679115295410156250e+01) (4, 3.14955210685729980469e+00) (5, -1.92159914970397949219e+00) (6, 6.53106260299682617188e+00) (7, 3.48322343826293945312e+00) (8, 4.03644027709960937500e+01) (9, -6.19864368438720703125e+00) (0, 1.67979013919830322266e+00) (1, 5.90898132324218750000e+00) (2, -9.96200847625732421875e+00) (3, -1.69349491596221923828e+00) (4, 2.10191173553466796875e+01) (5, -4.17683792114257812500e+00) (6, -3.12432694435119628906e+00) (7, -9.93060779571533203125e+00) (8, 5.34102737903594970703e-01) (9, -2.33868206851184368134e-03) (10, 6.68363034725189208984e-01) (11, 3.82439255714416503906e+00) (12, -2.93098545074462890625e+00) 
