FANN_FLO_2.1
num_layers=3
learning_rate=0.400000
connection_rate=1.000000
network_type=0
learning_momentum=0.000000
training_algorithm=2
train_error_function=1
train_stop_function=0
cascade_output_change_fraction=0.010000
quickprop_decay=-0.000100
quickprop_mu=1.750000
rprop_increase_factor=1.200000
rprop_decrease_factor=0.500000
rprop_delta_min=0.000000
rprop_delta_max=50.000000
rprop_delta_zero=0.100000
cascade_output_stagnation_epochs=12
cascade_candidate_change_fraction=0.010000
cascade_candidate_stagnation_epochs=12
cascade_max_out_epochs=150
cascade_min_out_epochs=50
cascade_max_cand_epochs=150
cascade_min_cand_epochs=50
cascade_num_candidate_groups=2
bit_fail_limit=3.49999994039535522461e-01
cascade_candidate_limit=1.00000000000000000000e+03
cascade_weight_multiplier=4.00000005960464477539e-01
cascade_activation_functions_count=10
cascade_activation_functions=3 5 7 8 10 11 14 15 16 17 
cascade_activation_steepnesses_count=4
cascade_activation_steepnesses=2.50000000000000000000e-01 5.00000000000000000000e-01 7.50000000000000000000e-01 1.00000000000000000000e+00 
layer_sizes=7 5 2 
scale_included=0
neurons (num_inputs, activation_function, activation_steepness)=(0, 0, 0.00000000000000000000e+00) (0, 0, 0.00000000000000000000e+00) (0, 0, 0.00000000000000000000e+00) (0, 0, 0.00000000000000000000e+00) (0, 0, 0.00000000000000000000e+00) (0, 0, 0.00000000000000000000e+00) (0, 0, 0.00000000000000000000e+00) (7, 3, 5.00000000000000000000e-01) (7, 3, 5.00000000000000000000e-01) (7, 3, 5.00000000000000000000e-01) (7, 3, 5.00000000000000000000e-01) (0, 3, 0.00000000000000000000e+00) (5, 3, 5.00000000000000000000e-01) (0, 3, 0.00000000000000000000e+00) 
connections (connected_to_neuron, weight)=(0, -1.77197408676147460938e+00) (1, 3.53977918624877929688e+00) (2, 3.41668629646301269531e+00) (3, -1.56410539150238037109e+00) (4, 2.31407284736633300781e+00) (5, -8.51170253753662109375e+00) (6, 2.59981036186218261719e+00) (0, -3.52765083312988281250e+00) (1, -3.60508680343627929688e+00) (2, -3.63180947303771972656e+00) (3, 6.91913306713104248047e-01) (4, 3.16529107093811035156e+00) (5, 2.42247462272644042969e+00) (6, -1.62515509128570556641e+00) (0, -1.26511192321777343750e+00) (1, 2.32375338673591613770e-02) (2, 3.93857693672180175781e+00) (3, 4.89539909362792968750e+00) (4, 3.15907049179077148438e+00) (5, -1.37451887130737304688e+01) (6, -2.36338838934898376465e-01) (0, -4.46209144592285156250e+00) (1, -2.26731657981872558594e+00) (2, 3.93674421310424804688e+00) (3, 5.79717159271240234375e+00) (4, -1.04657575488090515137e-01) (5, 1.00950367748737335205e-01) (6, -5.29521846771240234375e+00) (7, -3.06318664550781250000e+00) (8, 2.94166541099548339844e+00) (9, 3.31751298904418945312e+00) (10, 2.53216576576232910156e+00) (11, -1.64797678589820861816e-01) 
