FANN_FLO_2.1
num_layers=3
learning_rate=0.400000
connection_rate=1.000000
network_type=0
learning_momentum=0.000000
training_algorithm=2
train_error_function=1
train_stop_function=0
cascade_output_change_fraction=0.010000
quickprop_decay=-0.000100
quickprop_mu=1.750000
rprop_increase_factor=1.200000
rprop_decrease_factor=0.500000
rprop_delta_min=0.000000
rprop_delta_max=50.000000
rprop_delta_zero=0.100000
cascade_output_stagnation_epochs=12
cascade_candidate_change_fraction=0.010000
cascade_candidate_stagnation_epochs=12
cascade_max_out_epochs=150
cascade_min_out_epochs=50
cascade_max_cand_epochs=150
cascade_min_cand_epochs=50
cascade_num_candidate_groups=2
bit_fail_limit=3.49999994039535522461e-01
cascade_candidate_limit=1.00000000000000000000e+03
cascade_weight_multiplier=4.00000005960464477539e-01
cascade_activation_functions_count=10
cascade_activation_functions=3 5 7 8 10 11 14 15 16 17 
cascade_activation_steepnesses_count=4
cascade_activation_steepnesses=2.50000000000000000000e-01 5.00000000000000000000e-01 7.50000000000000000000e-01 1.00000000000000000000e+00 
layer_sizes=19 3 3 
scale_included=0
neurons (num_inputs, activation_function, activation_steepness)=(0, 0, 0.00000000000000000000e+00) (0, 0, 0.00000000000000000000e+00) (0, 0, 0.00000000000000000000e+00) (0, 0, 0.00000000000000000000e+00) (0, 0, 0.00000000000000000000e+00) (0, 0, 0.00000000000000000000e+00) (0, 0, 0.00000000000000000000e+00) (0, 0, 0.00000000000000000000e+00) (0, 0, 0.00000000000000000000e+00) (0, 0, 0.00000000000000000000e+00) (0, 0, 0.00000000000000000000e+00) (0, 0, 0.00000000000000000000e+00) (0, 0, 0.00000000000000000000e+00) (0, 0, 0.00000000000000000000e+00) (0, 0, 0.00000000000000000000e+00) (0, 0, 0.00000000000000000000e+00) (0, 0, 0.00000000000000000000e+00) (0, 0, 0.00000000000000000000e+00) (0, 0, 0.00000000000000000000e+00) (19, 3, 5.00000000000000000000e-01) (19, 3, 5.00000000000000000000e-01) (0, 3, 0.00000000000000000000e+00) (3, 3, 5.00000000000000000000e-01) (3, 3, 5.00000000000000000000e-01) (0, 3, 0.00000000000000000000e+00) 
connections (connected_to_neuron, weight)=(0, 1.75066928863525390625e+01) (1, -8.15879821777343750000e+00) (2, 3.92868429422378540039e-01) (3, -9.89787769317626953125e+00) (4, 7.19828033447265625000e+00) (5, -1.21750783920288085938e+01) (6, -3.38734316825866699219e+00) (7, 5.63671016693115234375e+00) (8, -6.25525283813476562500e+00) (9, -1.21453320980072021484e+00) (10, -2.07838833332061767578e-01) (11, 7.88137960433959960938e+00) (12, 2.03782057762145996094e+00) (13, 2.11640191078186035156e+00) (14, 2.62023401260375976562e+00) (15, -8.26825380325317382812e-01) (16, 4.09181404113769531250e+00) (17, 8.29778575897216796875e+00) (18, 1.46161556243896484375e+00) (0, -3.47510361671447753906e+00) (1, 2.18385457992553710938e+00) (2, 2.51419401168823242188e+00) (3, 9.61585879325866699219e-01) (4, -1.26023626327514648438e+00) (5, 6.07149362564086914062e+00) (6, 1.12627065181732177734e+00) (7, -1.47924423217773437500e+00) (8, 5.23943805694580078125e+00) (9, -5.58231711387634277344e-01) (10, 1.25977933406829833984e-01) (11, -4.34021043777465820312e+00) (12, -8.06803941726684570312e-01) (13, -5.84729909896850585938e-01) (14, -2.69268059730529785156e+00) (15, 4.59950238466262817383e-01) (16, -1.31639033555984497070e-01) (17, -4.14636898040771484375e+00) (18, -4.06666469573974609375e+00) (19, -1.74391639232635498047e+00) (20, -2.53027892112731933594e+00) (21, 1.22878026962280273438e+00) (19, 1.74753308296203613281e+00) (20, 2.53614616394042968750e+00) (21, -1.23215103149414062500e+00) 
