FANN_FLO_2.1
num_layers=4
learning_rate=0.500000
connection_rate=1.000000
network_type=0
learning_momentum=0.000000
training_algorithm=2
train_error_function=1
train_stop_function=0
cascade_output_change_fraction=0.010000
quickprop_decay=-0.000100
quickprop_mu=1.750000
rprop_increase_factor=1.200000
rprop_decrease_factor=0.500000
rprop_delta_min=0.000000
rprop_delta_max=50.000000
rprop_delta_zero=0.100000
cascade_output_stagnation_epochs=12
cascade_candidate_change_fraction=0.010000
cascade_candidate_stagnation_epochs=12
cascade_max_out_epochs=150
cascade_min_out_epochs=50
cascade_max_cand_epochs=150
cascade_min_cand_epochs=50
cascade_num_candidate_groups=2
bit_fail_limit=3.49999994039535522461e-01
cascade_candidate_limit=1.00000000000000000000e+03
cascade_weight_multiplier=4.00000005960464477539e-01
cascade_activation_functions_count=10
cascade_activation_functions=3 5 7 8 10 11 14 15 16 17 
cascade_activation_steepnesses_count=4
cascade_activation_steepnesses=2.50000000000000000000e-01 5.00000000000000000000e-01 7.50000000000000000000e-01 1.00000000000000000000e+00 
layer_sizes=10 5 3 2 
scale_included=0
neurons (num_inputs, activation_function, activation_steepness)=(0, 0, 0.00000000000000000000e+00) (0, 0, 0.00000000000000000000e+00) (0, 0, 0.00000000000000000000e+00) (0, 0, 0.00000000000000000000e+00) (0, 0, 0.00000000000000000000e+00) (0, 0, 0.00000000000000000000e+00) (0, 0, 0.00000000000000000000e+00) (0, 0, 0.00000000000000000000e+00) (0, 0, 0.00000000000000000000e+00) (0, 0, 0.00000000000000000000e+00) (10, 3, 5.00000000000000000000e-01) (10, 3, 5.00000000000000000000e-01) (10, 3, 5.00000000000000000000e-01) (10, 3, 5.00000000000000000000e-01) (0, 3, 0.00000000000000000000e+00) (5, 3, 5.00000000000000000000e-01) (5, 3, 5.00000000000000000000e-01) (0, 3, 0.00000000000000000000e+00) (3, 3, 5.00000000000000000000e-01) (0, 3, 0.00000000000000000000e+00) 
connections (connected_to_neuron, weight)=(0, -9.52414989471435546875e+00) (1, 8.76073074340820312500e+00) (2, -4.53059291839599609375e+00) (3, -8.82783353328704833984e-01) (4, -1.81274616718292236328e+00) (5, 7.33677208423614501953e-01) (6, 6.79575061798095703125e+00) (7, -7.85774135589599609375e+00) (8, -5.75251817703247070312e+00) (9, 4.30031824111938476562e+00) (0, -1.58411163330078125000e+02) (1, -7.06128997802734375000e+01) (2, -2.95395994186401367188e+00) (3, 6.95398925781250000000e+02) (4, -2.13718488812446594238e-01) (5, 2.46441406250000000000e+02) (6, 8.03023223876953125000e+01) (7, 2.37722854614257812500e+02) (8, -1.24341467285156250000e+03) (9, 1.80079126358032226562e+00) (0, -1.15235919952392578125e+01) (1, 7.54519033432006835938e+00) (2, -3.18449640274047851562e+00) (3, -3.50130963325500488281e+00) (4, -6.62836909294128417969e-01) (5, 4.41968250274658203125e+00) (6, 1.15008077621459960938e+01) (7, -1.20575180053710937500e+01) (8, -1.90622329711914062500e+01) (9, 3.84596657752990722656e+00) (0, -1.03488012695312500000e+03) (1, 7.39326906204223632812e+00) (2, -1.16580004882812500000e+03) (3, -4.04346809387207031250e+01) (4, -6.12579762935638427734e-01) (5, -3.18239259719848632812e+00) (6, 4.02664260864257812500e+01) (7, -4.11618661880493164062e+00) (8, 2.82634568214416503906e+00) (9, 1.83628880977630615234e+00) (10, 8.87413311004638671875e+00) (11, -1.19787126779556274414e-01) (12, 7.11905097961425781250e+00) (13, 5.58690147399902343750e+01) (14, -3.76575517654418945312e+00) (10, 2.22304061889648437500e+02) (11, -6.56039714813232421875e+00) (12, -2.02306488037109375000e+02) (13, 3.72902450561523437500e+01) (14, -7.30895900726318359375e+00) (15, 5.00183701515197753906e-01) (16, 1.59261554479598999023e-01) (17, 2.12436035275459289551e-01) 
