FANN_FLO_2.1
num_layers=3
learning_rate=0.400000
connection_rate=1.000000
network_type=0
learning_momentum=0.000000
training_algorithm=2
train_error_function=1
train_stop_function=0
cascade_output_change_fraction=0.010000
quickprop_decay=-0.000100
quickprop_mu=1.750000
rprop_increase_factor=1.200000
rprop_decrease_factor=0.500000
rprop_delta_min=0.000000
rprop_delta_max=50.000000
rprop_delta_zero=0.100000
cascade_output_stagnation_epochs=12
cascade_candidate_change_fraction=0.010000
cascade_candidate_stagnation_epochs=12
cascade_max_out_epochs=150
cascade_min_out_epochs=50
cascade_max_cand_epochs=150
cascade_min_cand_epochs=50
cascade_num_candidate_groups=2
bit_fail_limit=3.49999994039535522461e-01
cascade_candidate_limit=1.00000000000000000000e+03
cascade_weight_multiplier=4.00000005960464477539e-01
cascade_activation_functions_count=10
cascade_activation_functions=3 5 7 8 10 11 14 15 16 17 
cascade_activation_steepnesses_count=4
cascade_activation_steepnesses=2.50000000000000000000e-01 5.00000000000000000000e-01 7.50000000000000000000e-01 1.00000000000000000000e+00 
layer_sizes=7 9 2 
scale_included=0
neurons (num_inputs, activation_function, activation_steepness)=(0, 0, 0.00000000000000000000e+00) (0, 0, 0.00000000000000000000e+00) (0, 0, 0.00000000000000000000e+00) (0, 0, 0.00000000000000000000e+00) (0, 0, 0.00000000000000000000e+00) (0, 0, 0.00000000000000000000e+00) (0, 0, 0.00000000000000000000e+00) (7, 3, 5.00000000000000000000e-01) (7, 3, 5.00000000000000000000e-01) (7, 3, 5.00000000000000000000e-01) (7, 3, 5.00000000000000000000e-01) (7, 3, 5.00000000000000000000e-01) (7, 3, 5.00000000000000000000e-01) (7, 3, 5.00000000000000000000e-01) (7, 3, 5.00000000000000000000e-01) (0, 3, 0.00000000000000000000e+00) (9, 3, 5.00000000000000000000e-01) (0, 3, 0.00000000000000000000e+00) 
connections (connected_to_neuron, weight)=(0, 5.24985694885253906250e+00) (1, -8.03624343872070312500e+00) (2, 3.48754477500915527344e+00) (3, -4.89868783950805664062e+00) (4, -7.77876153588294982910e-02) (5, 4.06291770935058593750e+00) (6, -1.46056163311004638672e+00) (0, -4.14640474319458007812e+00) (1, -5.90154714882373809814e-02) (2, -1.36628112792968750000e+01) (3, 2.87434244155883789062e+00) (4, -3.64363551139831542969e-01) (5, -1.50000000000000000000e+03) (6, 4.13669586181640625000e+00) (0, -1.86370700597763061523e-01) (1, -2.18227815628051757812e+00) (2, 3.82763409614562988281e+00) (3, -4.55398082733154296875e+00) (4, -2.74289965629577636719e-01) (5, 1.54574906826019287109e+00) (6, 2.79674142599105834961e-01) (0, -3.59646463394165039062e+00) (1, -1.56177431344985961914e-01) (2, -9.65266585350036621094e-01) (3, -3.92312318086624145508e-01) (4, -1.03606534004211425781e+00) (5, -1.50000000000000000000e+03) (6, 3.89392304420471191406e+00) (0, -1.12977447509765625000e+01) (1, 9.04233264923095703125e+00) (2, -2.45917987823486328125e+00) (3, -3.57954096794128417969e+00) (4, -9.43607687950134277344e-01) (5, 3.36836743354797363281e+00) (6, 2.56737494468688964844e+00) (0, 1.55678009986877441406e+00) (1, 2.27359637618064880371e-01) (2, 8.70980453491210937500e+00) (3, -3.62049841880798339844e+00) (4, -2.35510492324829101562e+00) (5, -5.28669416904449462891e-01) (6, 9.03081536293029785156e-01) (0, -1.29673206806182861328e+00) (1, 2.00287246704101562500e+00) (2, 1.83733940124511718750e+01) (3, -9.15144920349121093750e+00) (4, 1.21163272857666015625e+00) (5, -2.96056389808654785156e+00) (6, -4.56610098481178283691e-02) (0, -1.58034302294254302979e-02) (1, 4.16646748781204223633e-01) (2, -8.83987665176391601562e-01) (3, 1.02303576469421386719e+00) (4, -5.19282102584838867188e+00) (5, -2.61202365159988403320e-01) (6, 3.54032456874847412109e-01) (7, -1.17128305435180664062e+01) (8, -2.01659989356994628906e+00) (9, 1.25307617187500000000e+01) (10, -1.07638919353485107422e+00) (11, -3.06018233299255371094e+00) (12, -4.62118923664093017578e-01) (13, -2.22527003288269042969e+00) (14, -6.71839058399200439453e-01) (15, 9.52547252178192138672e-01) 
