FANN_FLO_2.1
num_layers=3
learning_rate=0.400000
connection_rate=1.000000
network_type=0
learning_momentum=0.000000
training_algorithm=2
train_error_function=1
train_stop_function=0
cascade_output_change_fraction=0.010000
quickprop_decay=-0.000100
quickprop_mu=1.750000
rprop_increase_factor=1.200000
rprop_decrease_factor=0.500000
rprop_delta_min=0.000000
rprop_delta_max=50.000000
rprop_delta_zero=0.100000
cascade_output_stagnation_epochs=12
cascade_candidate_change_fraction=0.010000
cascade_candidate_stagnation_epochs=12
cascade_max_out_epochs=150
cascade_min_out_epochs=50
cascade_max_cand_epochs=150
cascade_min_cand_epochs=50
cascade_num_candidate_groups=2
bit_fail_limit=3.49999994039535522461e-01
cascade_candidate_limit=1.00000000000000000000e+03
cascade_weight_multiplier=4.00000005960464477539e-01
cascade_activation_functions_count=10
cascade_activation_functions=3 5 7 8 10 11 14 15 16 17 
cascade_activation_steepnesses_count=4
cascade_activation_steepnesses=2.50000000000000000000e-01 5.00000000000000000000e-01 7.50000000000000000000e-01 1.00000000000000000000e+00 
layer_sizes=7 9 2 
scale_included=0
neurons (num_inputs, activation_function, activation_steepness)=(0, 0, 0.00000000000000000000e+00) (0, 0, 0.00000000000000000000e+00) (0, 0, 0.00000000000000000000e+00) (0, 0, 0.00000000000000000000e+00) (0, 0, 0.00000000000000000000e+00) (0, 0, 0.00000000000000000000e+00) (0, 0, 0.00000000000000000000e+00) (7, 3, 5.00000000000000000000e-01) (7, 3, 5.00000000000000000000e-01) (7, 3, 5.00000000000000000000e-01) (7, 3, 5.00000000000000000000e-01) (7, 3, 5.00000000000000000000e-01) (7, 3, 5.00000000000000000000e-01) (7, 3, 5.00000000000000000000e-01) (7, 3, 5.00000000000000000000e-01) (0, 3, 0.00000000000000000000e+00) (9, 3, 5.00000000000000000000e-01) (0, 3, 0.00000000000000000000e+00) 
connections (connected_to_neuron, weight)=(0, 1.09496200084686279297e+00) (1, -9.93144392967224121094e-01) (2, -1.32437157630920410156e+00) (3, -1.76636266708374023438e+00) (4, 6.31259202957153320312e+00) (5, -7.28949844837188720703e-01) (6, -1.03801906108856201172e+00) (0, -5.34033918380737304688e+00) (1, 2.80989837646484375000e+00) (2, 5.43425512313842773438e+00) (3, -1.87404251098632812500e+00) (4, 8.91007995605468750000e+00) (5, -9.02829360961914062500e+00) (6, 1.48982250690460205078e+00) (0, 8.21808719635009765625e+00) (1, 2.06127023696899414062e+00) (2, -3.13528275489807128906e+00) (3, -1.18595781326293945312e+01) (4, 6.48477077484130859375e+00) (5, 2.69272971153259277344e+00) (6, 1.31075561046600341797e+00) (0, -1.61039888858795166016e-01) (1, -4.43622320890426635742e-01) (2, 1.56332767009735107422e+00) (3, -3.93809266388416290283e-02) (4, 3.11011791229248046875e+00) (5, 9.70043599605560302734e-01) (6, -1.88065695762634277344e+00) (0, 1.12919151782989501953e+00) (1, -2.41405755281448364258e-01) (2, -1.18066169321537017822e-01) (3, 1.83805897831916809082e-01) (4, 3.32596898078918457031e+00) (5, 4.78404909372329711914e-01) (6, -4.57669198513031005859e-01) (0, 2.95466637611389160156e+00) (1, 1.96414446830749511719e+00) (2, -8.04958057403564453125e+00) (3, -5.67210578918457031250e+00) (4, 4.95224863290786743164e-01) (5, 9.62267684936523437500e+00) (6, 1.34319365024566650391e+00) (0, 6.42643260955810546875e+00) (1, 3.82949519157409667969e+00) (2, 5.51867771148681640625e+00) (3, -1.49685871601104736328e+00) (4, -2.02959942817687988281e+00) (5, -2.54167151451110839844e+00) (6, -5.69739580154418945312e-01) (0, 7.79428899288177490234e-01) (1, -2.49527096748352050781e-01) (2, 5.32226562500000000000e-01) (3, 3.85270684957504272461e-01) (4, 3.41339588165283203125e+00) (5, 8.99061858654022216797e-01) (6, -1.56060886383056640625e+00) (7, 2.82350349426269531250e+00) (8, -1.92409729957580566406e+00) (9, -1.58689594268798828125e+00) (10, 1.00296819210052490234e+00) (11, 9.53754782676696777344e-01) (12, -8.28834116458892822266e-01) (13, -1.67171025276184082031e+00) (14, 9.30087685585021972656e-01) (15, 2.52905517816543579102e-01) 
