FANN_FLO_2.1
num_layers=4
learning_rate=0.500000
connection_rate=1.000000
network_type=0
learning_momentum=0.000000
training_algorithm=2
train_error_function=1
train_stop_function=0
cascade_output_change_fraction=0.010000
quickprop_decay=-0.000100
quickprop_mu=1.750000
rprop_increase_factor=1.200000
rprop_decrease_factor=0.500000
rprop_delta_min=0.000000
rprop_delta_max=50.000000
rprop_delta_zero=0.100000
cascade_output_stagnation_epochs=12
cascade_candidate_change_fraction=0.010000
cascade_candidate_stagnation_epochs=12
cascade_max_out_epochs=150
cascade_min_out_epochs=50
cascade_max_cand_epochs=150
cascade_min_cand_epochs=50
cascade_num_candidate_groups=2
bit_fail_limit=3.49999994039535522461e-01
cascade_candidate_limit=1.00000000000000000000e+03
cascade_weight_multiplier=4.00000005960464477539e-01
cascade_activation_functions_count=10
cascade_activation_functions=3 5 7 8 10 11 14 15 16 17 
cascade_activation_steepnesses_count=4
cascade_activation_steepnesses=2.50000000000000000000e-01 5.00000000000000000000e-01 7.50000000000000000000e-01 1.00000000000000000000e+00 
layer_sizes=2 5 3 3 
scale_included=0
neurons (num_inputs, activation_function, activation_steepness)=(0, 0, 0.00000000000000000000e+00) (0, 0, 0.00000000000000000000e+00) (2, 3, 5.00000000000000000000e-01) (2, 3, 5.00000000000000000000e-01) (2, 3, 5.00000000000000000000e-01) (2, 3, 5.00000000000000000000e-01) (0, 3, 0.00000000000000000000e+00) (5, 3, 5.00000000000000000000e-01) (5, 3, 5.00000000000000000000e-01) (0, 3, 0.00000000000000000000e+00) (3, 0, 5.00000000000000000000e-01) (3, 0, 5.00000000000000000000e-01) (0, 0, 0.00000000000000000000e+00) 
connections (connected_to_neuron, weight)=(0, 6.55908298492431640625e+00) (1, -2.09123921394348144531e+00) (0, 5.08318853378295898438e+00) (1, -7.39481806755065917969e-01) (0, -1.53108148574829101562e+01) (1, -6.08578361570835113525e-02) (0, -4.56719207763671875000e+00) (1, 1.48976290225982666016e+00) (2, -2.41615796089172363281e+00) (3, -2.19425988197326660156e+00) (4, 5.63800334930419921875e+00) (5, 3.88965916633605957031e+00) (6, 9.34938728809356689453e-01) (2, 5.04537296295166015625e+00) (3, 3.83097481727600097656e+00) (4, -1.72542905807495117188e+00) (5, -8.53399455547332763672e-01) (6, -2.14312720298767089844e+00) (7, -3.85948157310485839844e+00) (8, -4.21184778213500976562e+00) (9, 4.32423543930053710938e+00) (7, 3.63157415390014648438e+00) (8, -1.49125182628631591797e+00) (9, -1.36342787742614746094e+00) 
