FANN_FLO_2.1
num_layers=4
learning_rate=0.500000
connection_rate=1.000000
network_type=0
learning_momentum=0.000000
training_algorithm=2
train_error_function=1
train_stop_function=0
cascade_output_change_fraction=0.010000
quickprop_decay=-0.000100
quickprop_mu=1.750000
rprop_increase_factor=1.200000
rprop_decrease_factor=0.500000
rprop_delta_min=0.000000
rprop_delta_max=50.000000
rprop_delta_zero=0.100000
cascade_output_stagnation_epochs=12
cascade_candidate_change_fraction=0.010000
cascade_candidate_stagnation_epochs=12
cascade_max_out_epochs=150
cascade_min_out_epochs=50
cascade_max_cand_epochs=150
cascade_min_cand_epochs=50
cascade_num_candidate_groups=2
bit_fail_limit=3.49999994039535522461e-01
cascade_candidate_limit=1.00000000000000000000e+03
cascade_weight_multiplier=4.00000005960464477539e-01
cascade_activation_functions_count=10
cascade_activation_functions=3 5 7 8 10 11 14 15 16 17 
cascade_activation_steepnesses_count=4
cascade_activation_steepnesses=2.50000000000000000000e-01 5.00000000000000000000e-01 7.50000000000000000000e-01 1.00000000000000000000e+00 
layer_sizes=2 5 3 3 
scale_included=0
neurons (num_inputs, activation_function, activation_steepness)=(0, 0, 0.00000000000000000000e+00) (0, 0, 0.00000000000000000000e+00) (2, 3, 5.00000000000000000000e-01) (2, 3, 5.00000000000000000000e-01) (2, 3, 5.00000000000000000000e-01) (2, 3, 5.00000000000000000000e-01) (0, 3, 0.00000000000000000000e+00) (5, 3, 5.00000000000000000000e-01) (5, 3, 5.00000000000000000000e-01) (0, 3, 0.00000000000000000000e+00) (3, 0, 5.00000000000000000000e-01) (3, 0, 5.00000000000000000000e-01) (0, 0, 0.00000000000000000000e+00) 
connections (connected_to_neuron, weight)=(0, 2.15959548950195312500e+01) (1, 3.45228672027587890625e-01) (0, -1.50000000000000000000e+03) (1, 5.26556884765625000000e+02) (0, -1.50000000000000000000e+03) (1, 2.03143218994140625000e+02) (0, 1.50000000000000000000e+03) (1, -9.69938507080078125000e+01) (2, 4.30407571792602539062e+00) (3, 3.52959465980529785156e+00) (4, -7.92675638198852539062e+00) (5, 1.50000000000000000000e+03) (6, 7.05742716789245605469e-01) (2, -3.90258908271789550781e+00) (3, -1.49966113281250000000e+03) (4, -1.50000000000000000000e+03) (5, 1.49997509765625000000e+03) (6, 3.13964056968688964844e+00) (7, -2.26314854621887207031e+00) (8, 6.24976217746734619141e-01) (9, 5.18381059169769287109e-01) (7, -6.97474777698516845703e-01) (8, -3.19145369529724121094e+00) (9, 2.17396736145019531250e+00) 
