FANN_FLO_2.1
num_layers=3
learning_rate=0.400000
connection_rate=1.000000
network_type=0
learning_momentum=0.000000
training_algorithm=2
train_error_function=1
train_stop_function=0
cascade_output_change_fraction=0.010000
quickprop_decay=-0.000100
quickprop_mu=1.750000
rprop_increase_factor=1.200000
rprop_decrease_factor=0.500000
rprop_delta_min=0.000000
rprop_delta_max=50.000000
rprop_delta_zero=0.100000
cascade_output_stagnation_epochs=12
cascade_candidate_change_fraction=0.010000
cascade_candidate_stagnation_epochs=12
cascade_max_out_epochs=150
cascade_min_out_epochs=50
cascade_max_cand_epochs=150
cascade_min_cand_epochs=50
cascade_num_candidate_groups=2
bit_fail_limit=3.49999994039535522461e-01
cascade_candidate_limit=1.00000000000000000000e+03
cascade_weight_multiplier=4.00000005960464477539e-01
cascade_activation_functions_count=10
cascade_activation_functions=3 5 7 8 10 11 14 15 16 17 
cascade_activation_steepnesses_count=4
cascade_activation_steepnesses=2.50000000000000000000e-01 5.00000000000000000000e-01 7.50000000000000000000e-01 1.00000000000000000000e+00 
layer_sizes=7 9 2 
scale_included=0
neurons (num_inputs, activation_function, activation_steepness)=(0, 0, 0.00000000000000000000e+00) (0, 0, 0.00000000000000000000e+00) (0, 0, 0.00000000000000000000e+00) (0, 0, 0.00000000000000000000e+00) (0, 0, 0.00000000000000000000e+00) (0, 0, 0.00000000000000000000e+00) (0, 0, 0.00000000000000000000e+00) (7, 3, 5.00000000000000000000e-01) (7, 3, 5.00000000000000000000e-01) (7, 3, 5.00000000000000000000e-01) (7, 3, 5.00000000000000000000e-01) (7, 3, 5.00000000000000000000e-01) (7, 3, 5.00000000000000000000e-01) (7, 3, 5.00000000000000000000e-01) (7, 3, 5.00000000000000000000e-01) (0, 3, 0.00000000000000000000e+00) (9, 3, 5.00000000000000000000e-01) (0, 3, 0.00000000000000000000e+00) 
connections (connected_to_neuron, weight)=(0, 1.63669872283935546875e+01) (1, 8.25527954101562500000e+00) (2, 1.10876560211181640625e-01) (3, -1.93022894859313964844e+00) (4, -1.28146678209304809570e-01) (5, -3.76627779006958007812e+00) (6, -2.08871531486511230469e+00) (0, 5.90722821652889251709e-02) (1, -2.43302717804908752441e-01) (2, 1.15502288818359375000e+02) (3, 2.18795013427734375000e+00) (4, 4.07795095443725585938e+00) (5, 7.11313199996948242188e+00) (6, 7.92893707752227783203e-01) (0, -8.53402853012084960938e-01) (1, -6.62893354892730712891e-01) (2, 1.72011089324951171875e+00) (3, 3.88306468725204467773e-01) (4, 4.97148895263671875000e+00) (5, -1.87494313716888427734e+00) (6, -3.11010766029357910156e+00) (0, 4.79787302017211914062e+00) (1, 2.59672379493713378906e+00) (2, 7.98064374923706054688e+00) (3, -3.95385956764221191406e+00) (4, -2.09023523330688476562e+00) (5, -5.31045961380004882812e+00) (6, 5.83464920520782470703e-01) (0, 5.88668942451477050781e-01) (1, 9.09641742706298828125e-01) (2, -2.60534763336181640625e+00) (3, -7.04747319221496582031e-01) (4, 7.29106485843658447266e-01) (5, -2.80900287628173828125e+00) (6, -1.62958204746246337891e-01) (0, 3.49767982959747314453e-01) (1, 1.44382131099700927734e+00) (2, 3.05454158782958984375e+00) (3, -3.35370492935180664062e+00) (4, 6.30714511871337890625e+00) (5, -1.21019220352172851562e+01) (6, 5.11963129043579101562e+00) (0, 7.42957890033721923828e-02) (1, -1.71288505196571350098e-01) (2, 2.22362403869628906250e+01) (3, 1.92136943340301513672e+00) (4, 4.06079673767089843750e+00) (5, 4.99934577941894531250e+00) (6, 7.22648799419403076172e-01) (0, 1.81706333160400390625e+01) (1, 5.97168970108032226562e+00) (2, 1.14614534378051757812e+00) (3, -1.18124170303344726562e+01) (4, 4.94688183069229125977e-01) (5, 4.48952436447143554688e+00) (6, 9.14894282817840576172e-01) (7, -1.14861738681793212891e+00) (8, 9.12624955177307128906e-01) (9, 4.14509010314941406250e+00) (10, -8.94552886486053466797e-01) (11, -4.60717618465423583984e-01) (12, -2.13572978973388671875e+00) (13, 1.14755058288574218750e+00) (14, -9.99183356761932373047e-01) (15, 2.53731518983840942383e-01) 
