FANN_FLO_2.1
num_layers=3
learning_rate=0.400000
connection_rate=1.000000
network_type=0
learning_momentum=0.000000
training_algorithm=2
train_error_function=1
train_stop_function=0
cascade_output_change_fraction=0.010000
quickprop_decay=-0.000100
quickprop_mu=1.750000
rprop_increase_factor=1.200000
rprop_decrease_factor=0.500000
rprop_delta_min=0.000000
rprop_delta_max=50.000000
rprop_delta_zero=0.100000
cascade_output_stagnation_epochs=12
cascade_candidate_change_fraction=0.010000
cascade_candidate_stagnation_epochs=12
cascade_max_out_epochs=150
cascade_min_out_epochs=50
cascade_max_cand_epochs=150
cascade_min_cand_epochs=50
cascade_num_candidate_groups=2
bit_fail_limit=3.49999994039535522461e-01
cascade_candidate_limit=1.00000000000000000000e+03
cascade_weight_multiplier=4.00000005960464477539e-01
cascade_activation_functions_count=10
cascade_activation_functions=3 5 7 8 10 11 14 15 16 17 
cascade_activation_steepnesses_count=4
cascade_activation_steepnesses=2.50000000000000000000e-01 5.00000000000000000000e-01 7.50000000000000000000e-01 1.00000000000000000000e+00 
layer_sizes=7 5 2 
scale_included=0
neurons (num_inputs, activation_function, activation_steepness)=(0, 0, 0.00000000000000000000e+00) (0, 0, 0.00000000000000000000e+00) (0, 0, 0.00000000000000000000e+00) (0, 0, 0.00000000000000000000e+00) (0, 0, 0.00000000000000000000e+00) (0, 0, 0.00000000000000000000e+00) (0, 0, 0.00000000000000000000e+00) (7, 3, 5.00000000000000000000e-01) (7, 3, 5.00000000000000000000e-01) (7, 3, 5.00000000000000000000e-01) (7, 3, 5.00000000000000000000e-01) (0, 3, 0.00000000000000000000e+00) (5, 3, 5.00000000000000000000e-01) (0, 3, 0.00000000000000000000e+00) 
connections (connected_to_neuron, weight)=(0, -1.13121843338012695312e+00) (1, -3.42596769332885742188e+00) (2, 6.62887334823608398438e+00) (3, 4.18070220947265625000e+00) (4, 3.59814548492431640625e+00) (5, -1.39867477416992187500e+01) (6, -6.63523197174072265625e-01) (0, 9.62337672710418701172e-01) (1, 1.89716207981109619141e+00) (2, 2.20001196861267089844e+00) (3, -2.71071577072143554688e+00) (4, 3.64135026931762695312e-01) (5, -7.46494579315185546875e+00) (6, 4.43588066101074218750e+00) (0, -3.16284656524658203125e+00) (1, -1.91052579879760742188e+00) (2, 2.88360834121704101562e+00) (3, 3.00496459007263183594e+00) (4, 3.02219796180725097656e+00) (5, -4.47856760025024414062e+00) (6, -8.36582958698272705078e-01) (0, -4.31948566436767578125e+00) (1, -3.56086134910583496094e+00) (2, -3.45301985740661621094e+00) (3, 1.37160968780517578125e+00) (4, 1.74161863327026367188e+00) (5, 1.15168464183807373047e+00) (6, -1.09256148338317871094e+00) (7, 2.14199161529541015625e+00) (8, -3.08909535408020019531e+00) (9, 9.65309977531433105469e-01) (10, 4.61984586715698242188e+00) (11, 5.09091317653656005859e-01) 
