FANN_FLO_2.1
num_layers=4
learning_rate=0.500000
connection_rate=1.000000
network_type=0
learning_momentum=0.000000
training_algorithm=2
train_error_function=1
train_stop_function=0
cascade_output_change_fraction=0.010000
quickprop_decay=-0.000100
quickprop_mu=1.750000
rprop_increase_factor=1.200000
rprop_decrease_factor=0.500000
rprop_delta_min=0.000000
rprop_delta_max=50.000000
rprop_delta_zero=0.100000
cascade_output_stagnation_epochs=12
cascade_candidate_change_fraction=0.010000
cascade_candidate_stagnation_epochs=12
cascade_max_out_epochs=150
cascade_min_out_epochs=50
cascade_max_cand_epochs=150
cascade_min_cand_epochs=50
cascade_num_candidate_groups=2
bit_fail_limit=3.49999994039535522461e-01
cascade_candidate_limit=1.00000000000000000000e+03
cascade_weight_multiplier=4.00000005960464477539e-01
cascade_activation_functions_count=10
cascade_activation_functions=3 5 7 8 10 11 14 15 16 17 
cascade_activation_steepnesses_count=4
cascade_activation_steepnesses=2.50000000000000000000e-01 5.00000000000000000000e-01 7.50000000000000000000e-01 1.00000000000000000000e+00 
layer_sizes=10 5 3 2 
scale_included=0
neurons (num_inputs, activation_function, activation_steepness)=(0, 0, 0.00000000000000000000e+00) (0, 0, 0.00000000000000000000e+00) (0, 0, 0.00000000000000000000e+00) (0, 0, 0.00000000000000000000e+00) (0, 0, 0.00000000000000000000e+00) (0, 0, 0.00000000000000000000e+00) (0, 0, 0.00000000000000000000e+00) (0, 0, 0.00000000000000000000e+00) (0, 0, 0.00000000000000000000e+00) (0, 0, 0.00000000000000000000e+00) (10, 3, 5.00000000000000000000e-01) (10, 3, 5.00000000000000000000e-01) (10, 3, 5.00000000000000000000e-01) (10, 3, 5.00000000000000000000e-01) (0, 3, 0.00000000000000000000e+00) (5, 3, 5.00000000000000000000e-01) (5, 3, 5.00000000000000000000e-01) (0, 3, 0.00000000000000000000e+00) (3, 3, 5.00000000000000000000e-01) (0, 3, 0.00000000000000000000e+00) 
connections (connected_to_neuron, weight)=(0, -1.84019958972930908203e+00) (1, -1.29168048501014709473e-01) (2, -5.28079986572265625000e-01) (3, -5.60629892349243164062e+00) (4, 2.48263955116271972656e+00) (5, 3.40620899200439453125e+00) (6, 1.05426549911499023438e+00) (7, -6.44178509712219238281e-01) (8, 2.04337787628173828125e+00) (9, 5.33375501632690429688e-01) (0, -1.22433280944824218750e+00) (1, 3.52395606040954589844e+00) (2, -5.13272905349731445312e+00) (3, -1.46775376796722412109e+00) (4, 8.75903129577636718750e-01) (5, -6.67772173881530761719e-01) (6, 3.76770377159118652344e+00) (7, -1.07547447085380554199e-01) (8, -4.75617825984954833984e-01) (9, 1.31124276667833328247e-02) (0, -1.20752274990081787109e+00) (1, 9.74342346191406250000e+00) (2, 3.79888033866882324219e+00) (3, -1.21967887878417968750e+01) (4, -1.60882639884948730469e+00) (5, -1.95034369826316833496e-01) (6, 9.48596835136413574219e-01) (7, -2.40348243713378906250e+00) (8, -3.24209880828857421875e+00) (9, 1.38744819164276123047e+00) (0, -2.42024612426757812500e+01) (1, 3.32700538635253906250e+00) (2, 3.45646524429321289062e+00) (3, -1.72529292106628417969e+00) (4, -1.17531335353851318359e+00) (5, 2.71836256980895996094e+00) (6, 2.53528666496276855469e+00) (7, 6.42552673816680908203e-01) (8, 5.79808855056762695312e+00) (9, -1.26872658729553222656e+00) (10, -1.47874975204467773438e+01) (11, 1.85041961669921875000e+01) (12, 1.48939256668090820312e+01) (13, 7.26387786865234375000e+00) (14, -1.94490909576416015625e+00) (10, -1.51397142410278320312e+01) (11, 2.02161903381347656250e+01) (12, 1.60247554779052734375e+01) (13, 7.42684984207153320312e+00) (14, -2.84811973571777343750e+00) (15, 1.23336386680603027344e+00) (16, 1.30535256862640380859e+00) (17, -1.65356826782226562500e+00) 
