FANN_FLO_2.1
num_layers=3
learning_rate=0.400000
connection_rate=1.000000
network_type=0
learning_momentum=0.000000
training_algorithm=2
train_error_function=1
train_stop_function=0
cascade_output_change_fraction=0.010000
quickprop_decay=-0.000100
quickprop_mu=1.750000
rprop_increase_factor=1.200000
rprop_decrease_factor=0.500000
rprop_delta_min=0.000000
rprop_delta_max=50.000000
rprop_delta_zero=0.100000
cascade_output_stagnation_epochs=12
cascade_candidate_change_fraction=0.010000
cascade_candidate_stagnation_epochs=12
cascade_max_out_epochs=150
cascade_min_out_epochs=50
cascade_max_cand_epochs=150
cascade_min_cand_epochs=50
cascade_num_candidate_groups=2
bit_fail_limit=3.49999994039535522461e-01
cascade_candidate_limit=1.00000000000000000000e+03
cascade_weight_multiplier=4.00000005960464477539e-01
cascade_activation_functions_count=10
cascade_activation_functions=3 5 7 8 10 11 14 15 16 17 
cascade_activation_steepnesses_count=4
cascade_activation_steepnesses=2.50000000000000000000e-01 5.00000000000000000000e-01 7.50000000000000000000e-01 1.00000000000000000000e+00 
layer_sizes=7 5 2 
scale_included=0
neurons (num_inputs, activation_function, activation_steepness)=(0, 0, 0.00000000000000000000e+00) (0, 0, 0.00000000000000000000e+00) (0, 0, 0.00000000000000000000e+00) (0, 0, 0.00000000000000000000e+00) (0, 0, 0.00000000000000000000e+00) (0, 0, 0.00000000000000000000e+00) (0, 0, 0.00000000000000000000e+00) (7, 3, 5.00000000000000000000e-01) (7, 3, 5.00000000000000000000e-01) (7, 3, 5.00000000000000000000e-01) (7, 3, 5.00000000000000000000e-01) (0, 3, 0.00000000000000000000e+00) (5, 3, 5.00000000000000000000e-01) (0, 3, 0.00000000000000000000e+00) 
connections (connected_to_neuron, weight)=(0, 5.64114570617675781250e+00) (1, -2.53047370910644531250e+00) (2, -5.99176931381225585938e+00) (3, -1.00969295501708984375e+01) (4, 1.79186420440673828125e+01) (5, -1.18499211966991424561e-01) (6, -2.55276870727539062500e+00) (0, 3.92185592651367187500e+00) (1, 3.77177691459655761719e+00) (2, 6.04870939254760742188e+00) (3, -2.99637103080749511719e+00) (4, -9.53044235706329345703e-01) (5, -2.01494574546813964844e+00) (6, -2.23413690924644470215e-01) (0, 3.79578495025634765625e+00) (1, 3.61332368850708007812e+00) (2, -3.81366419792175292969e+00) (3, -9.84259319305419921875e+00) (4, 3.18032050132751464844e+00) (5, 6.09987974166870117188e-01) (6, 4.12588310241699218750e+00) (0, -3.29488545656204223633e-01) (1, -1.38223254680633544922e+00) (2, 3.63004136085510253906e+00) (3, 1.56619858741760253906e+00) (4, -9.66491580009460449219e-01) (5, 2.83151364326477050781e+00) (6, -1.16272878646850585938e+00) (7, 2.36368513107299804688e+00) (8, -2.21555209159851074219e+00) (9, -2.23733329772949218750e+00) (10, 2.02404928207397460938e+00) (11, 4.67019528150558471680e-01) 
