FANN_FLO_2.1
num_layers=3
learning_rate=0.500000
connection_rate=1.000000
network_type=0
learning_momentum=0.000000
training_algorithm=2
train_error_function=1
train_stop_function=0
cascade_output_change_fraction=0.010000
quickprop_decay=-0.000100
quickprop_mu=1.750000
rprop_increase_factor=1.200000
rprop_decrease_factor=0.500000
rprop_delta_min=0.000000
rprop_delta_max=50.000000
rprop_delta_zero=0.100000
cascade_output_stagnation_epochs=12
cascade_candidate_change_fraction=0.010000
cascade_candidate_stagnation_epochs=12
cascade_max_out_epochs=150
cascade_min_out_epochs=50
cascade_max_cand_epochs=150
cascade_min_cand_epochs=50
cascade_num_candidate_groups=2
bit_fail_limit=3.49999994039535522461e-01
cascade_candidate_limit=1.00000000000000000000e+03
cascade_weight_multiplier=4.00000005960464477539e-01
cascade_activation_functions_count=10
cascade_activation_functions=3 5 7 8 10 11 14 15 16 17 
cascade_activation_steepnesses_count=4
cascade_activation_steepnesses=2.50000000000000000000e-01 5.00000000000000000000e-01 7.50000000000000000000e-01 1.00000000000000000000e+00 
layer_sizes=10 3 2 
scale_included=0
neurons (num_inputs, activation_function, activation_steepness)=(0, 0, 0.00000000000000000000e+00) (0, 0, 0.00000000000000000000e+00) (0, 0, 0.00000000000000000000e+00) (0, 0, 0.00000000000000000000e+00) (0, 0, 0.00000000000000000000e+00) (0, 0, 0.00000000000000000000e+00) (0, 0, 0.00000000000000000000e+00) (0, 0, 0.00000000000000000000e+00) (0, 0, 0.00000000000000000000e+00) (0, 0, 0.00000000000000000000e+00) (10, 3, 5.00000000000000000000e-01) (10, 3, 5.00000000000000000000e-01) (0, 3, 0.00000000000000000000e+00) (3, 3, 5.00000000000000000000e-01) (0, 3, 0.00000000000000000000e+00) 
connections (connected_to_neuron, weight)=(0, 1.71254861354827880859e+00) (1, 1.34086780548095703125e+01) (2, -2.64725322723388671875e+01) (3, -1.32402133941650390625e+01) (4, -2.43267536163330078125e+00) (5, -3.13874268531799316406e+00) (6, 1.16676342487335205078e+00) (7, 8.10586452484130859375e+00) (8, 2.79005413055419921875e+01) (9, -2.65550553798675537109e-01) (0, 1.40465497970581054688e+00) (1, -1.07609443664550781250e+01) (2, 2.73267650604248046875e+00) (3, 1.63857154846191406250e+01) (4, -1.93754711151123046875e+01) (5, 1.62165510654449462891e+00) (6, -2.43525695800781250000e+00) (7, 3.78271031379699707031e+00) (8, 6.78150749206542968750e+00) (9, 1.93766510486602783203e+00) (10, -1.67102503776550292969e+00) (11, -2.60393404960632324219e+00) (12, 2.56443214416503906250e+00) 
