FANN_FLO_2.1
num_layers=3
learning_rate=0.400000
connection_rate=1.000000
network_type=0
learning_momentum=0.000000
training_algorithm=2
train_error_function=1
train_stop_function=0
cascade_output_change_fraction=0.010000
quickprop_decay=-0.000100
quickprop_mu=1.750000
rprop_increase_factor=1.200000
rprop_decrease_factor=0.500000
rprop_delta_min=0.000000
rprop_delta_max=50.000000
rprop_delta_zero=0.100000
cascade_output_stagnation_epochs=12
cascade_candidate_change_fraction=0.010000
cascade_candidate_stagnation_epochs=12
cascade_max_out_epochs=150
cascade_min_out_epochs=50
cascade_max_cand_epochs=150
cascade_min_cand_epochs=50
cascade_num_candidate_groups=2
bit_fail_limit=3.49999994039535522461e-01
cascade_candidate_limit=1.00000000000000000000e+03
cascade_weight_multiplier=4.00000005960464477539e-01
cascade_activation_functions_count=10
cascade_activation_functions=3 5 7 8 10 11 14 15 16 17 
cascade_activation_steepnesses_count=4
cascade_activation_steepnesses=2.50000000000000000000e-01 5.00000000000000000000e-01 7.50000000000000000000e-01 1.00000000000000000000e+00 
layer_sizes=7 9 2 
scale_included=0
neurons (num_inputs, activation_function, activation_steepness)=(0, 0, 0.00000000000000000000e+00) (0, 0, 0.00000000000000000000e+00) (0, 0, 0.00000000000000000000e+00) (0, 0, 0.00000000000000000000e+00) (0, 0, 0.00000000000000000000e+00) (0, 0, 0.00000000000000000000e+00) (0, 0, 0.00000000000000000000e+00) (7, 3, 5.00000000000000000000e-01) (7, 3, 5.00000000000000000000e-01) (7, 3, 5.00000000000000000000e-01) (7, 3, 5.00000000000000000000e-01) (7, 3, 5.00000000000000000000e-01) (7, 3, 5.00000000000000000000e-01) (7, 3, 5.00000000000000000000e-01) (7, 3, 5.00000000000000000000e-01) (0, 3, 0.00000000000000000000e+00) (9, 3, 5.00000000000000000000e-01) (0, 3, 0.00000000000000000000e+00) 
connections (connected_to_neuron, weight)=(0, 2.39701699465513229370e-02) (1, 4.92027902603149414062e+00) (2, 2.52071547508239746094e+00) (3, -2.33304524421691894531e+00) (4, -2.38161039352416992188e+00) (5, -5.64066934585571289062e+00) (6, -3.28951954841613769531e+00) (0, 2.12695074081420898438e+00) (1, 4.15703952312469482422e-01) (2, 1.89820122718811035156e+00) (3, -2.96214747428894042969e+00) (4, -1.34854841232299804688e+00) (5, 2.15312099456787109375e+00) (6, -9.75453734397888183594e-01) (0, -1.25476455688476562500e+01) (1, 6.07859730720520019531e-01) (2, 2.14243078231811523438e+00) (3, 5.05637645721435546875e+00) (4, 5.63737201690673828125e+00) (5, -4.06703567504882812500e+01) (6, 2.67199754714965820312e+00) (0, -1.64963874816894531250e+01) (1, 9.81107902526855468750e+00) (2, 2.53781795501708984375e+00) (3, 2.41665172576904296875e+00) (4, -7.01313018798828125000e-01) (5, -9.80207920074462890625e+00) (6, 2.34027862548828125000e+00) (0, -3.43104529380798339844e+00) (1, 9.99621486663818359375e+00) (2, -1.41100683212280273438e+01) (3, -1.40621995925903320312e+00) (4, -8.18024098873138427734e-01) (5, 3.40203056335449218750e+01) (6, -4.03394317626953125000e+00) (0, 1.39637672901153564453e+00) (1, 5.07109284400939941406e-01) (2, 3.74522948265075683594e+00) (3, -4.54587554931640625000e+00) (4, -2.33249592781066894531e+00) (5, 2.64187908172607421875e+00) (6, 3.40591073036193847656e-01) (0, 9.72651767730712890625e+00) (1, -6.32461929321289062500e+00) (2, 2.32529759407043457031e+00) (3, -3.48990988731384277344e+00) (4, -7.29036211967468261719e-01) (5, -1.29030144214630126953e+00) (6, 1.11113131046295166016e-01) (0, -5.69612407684326171875e+00) (1, -1.61797142028808593750e+01) (2, 5.00230455398559570312e+00) (3, 1.18938899040222167969e+00) (4, 9.01440978050231933594e-01) (5, 5.95187854766845703125e+00) (6, 2.53995919227600097656e+00) (7, -1.32599508762359619141e+00) (8, -4.43857431411743164062e-01) (9, -9.05155658721923828125e-01) (10, -4.12528610229492187500e+00) (11, -2.02518439292907714844e+00) (12, -7.41054713726043701172e-01) (13, -2.54355692863464355469e+00) (14, -2.84355950355529785156e+00) (15, 1.80781316757202148438e+00) 
