FANN_FLO_2.1
num_layers=3
learning_rate=0.400000
connection_rate=1.000000
network_type=0
learning_momentum=0.000000
training_algorithm=2
train_error_function=1
train_stop_function=0
cascade_output_change_fraction=0.010000
quickprop_decay=-0.000100
quickprop_mu=1.750000
rprop_increase_factor=1.200000
rprop_decrease_factor=0.500000
rprop_delta_min=0.000000
rprop_delta_max=50.000000
rprop_delta_zero=0.100000
cascade_output_stagnation_epochs=12
cascade_candidate_change_fraction=0.010000
cascade_candidate_stagnation_epochs=12
cascade_max_out_epochs=150
cascade_min_out_epochs=50
cascade_max_cand_epochs=150
cascade_min_cand_epochs=50
cascade_num_candidate_groups=2
bit_fail_limit=3.49999994039535522461e-01
cascade_candidate_limit=1.00000000000000000000e+03
cascade_weight_multiplier=4.00000005960464477539e-01
cascade_activation_functions_count=10
cascade_activation_functions=3 5 7 8 10 11 14 15 16 17 
cascade_activation_steepnesses_count=4
cascade_activation_steepnesses=2.50000000000000000000e-01 5.00000000000000000000e-01 7.50000000000000000000e-01 1.00000000000000000000e+00 
layer_sizes=7 9 2 
scale_included=0
neurons (num_inputs, activation_function, activation_steepness)=(0, 0, 0.00000000000000000000e+00) (0, 0, 0.00000000000000000000e+00) (0, 0, 0.00000000000000000000e+00) (0, 0, 0.00000000000000000000e+00) (0, 0, 0.00000000000000000000e+00) (0, 0, 0.00000000000000000000e+00) (0, 0, 0.00000000000000000000e+00) (7, 3, 5.00000000000000000000e-01) (7, 3, 5.00000000000000000000e-01) (7, 3, 5.00000000000000000000e-01) (7, 3, 5.00000000000000000000e-01) (7, 3, 5.00000000000000000000e-01) (7, 3, 5.00000000000000000000e-01) (7, 3, 5.00000000000000000000e-01) (7, 3, 5.00000000000000000000e-01) (0, 3, 0.00000000000000000000e+00) (9, 3, 5.00000000000000000000e-01) (0, 3, 0.00000000000000000000e+00) 
connections (connected_to_neuron, weight)=(0, 1.08137941360473632812e+01) (1, -2.09041166305541992188e+00) (2, -2.40876483917236328125e+01) (3, -5.72544527053833007812e+00) (4, -8.53710460662841796875e+00) (5, -6.03441619873046875000e+00) (6, 3.89958643913269042969e+00) (0, 1.64567679166793823242e-01) (1, -4.50935459136962890625e+00) (2, 5.38356018066406250000e+00) (3, -7.62629568576812744141e-01) (4, -3.07650208473205566406e+00) (5, 1.73506402969360351562e+00) (6, 4.13177871704101562500e+00) (0, 1.06071405410766601562e+01) (1, 3.40133965015411376953e-01) (2, -1.30528106689453125000e+01) (3, -2.42214751243591308594e+00) (4, -7.58701753616333007812e+00) (5, 3.33078582763671875000e+02) (6, 4.57767724990844726562e-01) (0, 3.11489224433898925781e-01) (1, 1.36739912033081054688e+01) (2, 2.73043751716613769531e+00) (3, -1.25627282714843750000e+03) (4, 1.04625144958496093750e+02) (5, 4.63560295104980468750e+00) (6, 5.54927349090576171875e-01) (0, -1.86712539196014404297e+00) (1, 1.27702379226684570312e+00) (2, -5.72973442077636718750e+00) (3, -2.87833786010742187500e+01) (4, 5.25347614288330078125e+00) (5, 1.13501572608947753906e+00) (6, -2.23592805862426757812e+00) (0, 1.04335107803344726562e+01) (1, -1.17254085540771484375e+01) (2, 4.71142005920410156250e+00) (3, -2.19242191314697265625e+00) (4, 2.38750502467155456543e-01) (5, -5.10777235031127929688e+00) (6, 6.04891204833984375000e+00) (0, -1.79404661059379577637e-01) (1, -2.20777225494384765625e+00) (2, 8.53126907348632812500e+00) (3, -6.76821565628051757812e+00) (4, -3.82648086547851562500e+00) (5, 2.23920488357543945312e+00) (6, 6.32387351989746093750e+00) (0, -1.80812587738037109375e+01) (1, 1.76665306091308593750e+01) (2, -5.69787597656250000000e+00) (3, -2.14714598655700683594e+00) (4, -1.70318484306335449219e+00) (5, 5.26965570449829101562e+00) (6, 1.05448901653289794922e+00) (7, -5.37089765071868896484e-01) (8, -4.09989476203918457031e-01) (9, 9.17729556560516357422e-01) (10, 5.32757043838500976562e+00) (11, -2.08271050453186035156e+00) (12, -3.45256853103637695312e+00) (13, -3.73679578304290771484e-01) (14, -3.53938150405883789062e+00) (15, 1.89641308784484863281e+00) 
