FANN_FLO_2.1
num_layers=3
learning_rate=0.400000
connection_rate=1.000000
network_type=0
learning_momentum=0.000000
training_algorithm=2
train_error_function=1
train_stop_function=0
cascade_output_change_fraction=0.010000
quickprop_decay=-0.000100
quickprop_mu=1.750000
rprop_increase_factor=1.200000
rprop_decrease_factor=0.500000
rprop_delta_min=0.000000
rprop_delta_max=50.000000
rprop_delta_zero=0.100000
cascade_output_stagnation_epochs=12
cascade_candidate_change_fraction=0.010000
cascade_candidate_stagnation_epochs=12
cascade_max_out_epochs=150
cascade_min_out_epochs=50
cascade_max_cand_epochs=150
cascade_min_cand_epochs=50
cascade_num_candidate_groups=2
bit_fail_limit=3.49999994039535522461e-01
cascade_candidate_limit=1.00000000000000000000e+03
cascade_weight_multiplier=4.00000005960464477539e-01
cascade_activation_functions_count=10
cascade_activation_functions=3 5 7 8 10 11 14 15 16 17 
cascade_activation_steepnesses_count=4
cascade_activation_steepnesses=2.50000000000000000000e-01 5.00000000000000000000e-01 7.50000000000000000000e-01 1.00000000000000000000e+00 
layer_sizes=7 9 2 
scale_included=0
neurons (num_inputs, activation_function, activation_steepness)=(0, 0, 0.00000000000000000000e+00) (0, 0, 0.00000000000000000000e+00) (0, 0, 0.00000000000000000000e+00) (0, 0, 0.00000000000000000000e+00) (0, 0, 0.00000000000000000000e+00) (0, 0, 0.00000000000000000000e+00) (0, 0, 0.00000000000000000000e+00) (7, 3, 5.00000000000000000000e-01) (7, 3, 5.00000000000000000000e-01) (7, 3, 5.00000000000000000000e-01) (7, 3, 5.00000000000000000000e-01) (7, 3, 5.00000000000000000000e-01) (7, 3, 5.00000000000000000000e-01) (7, 3, 5.00000000000000000000e-01) (7, 3, 5.00000000000000000000e-01) (0, 3, 0.00000000000000000000e+00) (9, 3, 5.00000000000000000000e-01) (0, 3, 0.00000000000000000000e+00) 
connections (connected_to_neuron, weight)=(0, 6.19882202148437500000e+00) (1, -1.10166120529174804688e+00) (2, -3.58170819282531738281e+00) (3, 1.75926518440246582031e+00) (4, 4.00309133529663085938e+00) (5, -1.47463285923004150391e+00) (6, -1.19808673858642578125e+00) (0, -5.71592330932617187500e-01) (1, -1.18368700146675109863e-01) (2, 7.32809528708457946777e-02) (3, -2.91600406169891357422e-01) (4, -1.82582080364227294922e+00) (5, -3.61355066299438476562e-01) (6, 2.20041759312152862549e-02) (0, 1.76078395843505859375e+01) (1, 3.96242666244506835938e+00) (2, 2.99344563484191894531e+00) (3, -7.52014160156250000000e+00) (4, 5.24899661540985107422e-01) (5, 5.65312206745147705078e-01) (6, 2.13074755668640136719e+00) (0, 9.08955669403076171875e+00) (1, 2.28244757652282714844e+00) (2, -6.10070848464965820312e+00) (3, -7.72144317626953125000e+00) (4, 7.78795957565307617188e-01) (5, 1.89607012271881103516e+00) (6, 3.10040068626403808594e+00) (0, 2.80615258216857910156e+00) (1, -3.14980244636535644531e+00) (2, -3.33989858627319335938e+00) (3, -7.87586450576782226562e+00) (4, -3.74869179725646972656e+00) (5, 1.57367563247680664062e+01) (6, 2.32704734802246093750e+00) (0, -7.69462490081787109375e+00) (1, -2.08156776428222656250e+00) (2, -1.87267863750457763672e+00) (3, 1.62670183181762695312e+00) (4, 2.36467456817626953125e+00) (5, 1.63854944705963134766e+00) (6, -9.54786002635955810547e-01) (0, -7.92109072208404541016e-01) (1, -1.31870985031127929688e+00) (2, -1.37118911743164062500e+00) (3, -7.20000267028808593750e-01) (4, 7.92140150070190429688e+00) (5, -3.98672729730606079102e-01) (6, -1.80753052234649658203e+00) (0, 7.54143774509429931641e-01) (1, -1.28301930427551269531e+00) (2, -3.56335520744323730469e+00) (3, 2.77741384506225585938e+00) (4, -6.53081750869750976562e+00) (5, 9.78114795684814453125e+00) (6, -3.45830917358398437500e+00) (7, 7.56409168243408203125e-01) (8, -1.64048993587493896484e+00) (9, -8.44803571701049804688e-01) (10, -6.10983312129974365234e-01) (11, -1.32823348045349121094e+00) (12, 2.60722088813781738281e+00) (13, 1.00819861888885498047e+00) (14, 2.15886926651000976562e+00) (15, 2.08306796848773956299e-02) 
