FANN_FLO_2.1
num_layers=3
learning_rate=0.400000
connection_rate=1.000000
network_type=0
learning_momentum=0.000000
training_algorithm=2
train_error_function=1
train_stop_function=0
cascade_output_change_fraction=0.010000
quickprop_decay=-0.000100
quickprop_mu=1.750000
rprop_increase_factor=1.200000
rprop_decrease_factor=0.500000
rprop_delta_min=0.000000
rprop_delta_max=50.000000
rprop_delta_zero=0.100000
cascade_output_stagnation_epochs=12
cascade_candidate_change_fraction=0.010000
cascade_candidate_stagnation_epochs=12
cascade_max_out_epochs=150
cascade_min_out_epochs=50
cascade_max_cand_epochs=150
cascade_min_cand_epochs=50
cascade_num_candidate_groups=2
bit_fail_limit=3.49999994039535522461e-01
cascade_candidate_limit=1.00000000000000000000e+03
cascade_weight_multiplier=4.00000005960464477539e-01
cascade_activation_functions_count=10
cascade_activation_functions=3 5 7 8 10 11 14 15 16 17 
cascade_activation_steepnesses_count=4
cascade_activation_steepnesses=2.50000000000000000000e-01 5.00000000000000000000e-01 7.50000000000000000000e-01 1.00000000000000000000e+00 
layer_sizes=7 9 2 
scale_included=0
neurons (num_inputs, activation_function, activation_steepness)=(0, 0, 0.00000000000000000000e+00) (0, 0, 0.00000000000000000000e+00) (0, 0, 0.00000000000000000000e+00) (0, 0, 0.00000000000000000000e+00) (0, 0, 0.00000000000000000000e+00) (0, 0, 0.00000000000000000000e+00) (0, 0, 0.00000000000000000000e+00) (7, 3, 5.00000000000000000000e-01) (7, 3, 5.00000000000000000000e-01) (7, 3, 5.00000000000000000000e-01) (7, 3, 5.00000000000000000000e-01) (7, 3, 5.00000000000000000000e-01) (7, 3, 5.00000000000000000000e-01) (7, 3, 5.00000000000000000000e-01) (7, 3, 5.00000000000000000000e-01) (0, 3, 0.00000000000000000000e+00) (9, 3, 5.00000000000000000000e-01) (0, 3, 0.00000000000000000000e+00) 
connections (connected_to_neuron, weight)=(0, -1.47269546985626220703e+00) (1, -1.06595611572265625000e+00) (2, 4.88931703567504882812e+00) (3, -1.75061953067779541016e+00) (4, 1.49083173274993896484e+00) (5, -8.45429897308349609375e+00) (6, -4.93962347507476806641e-01) (0, 5.34488439559936523438e-01) (1, 6.17273569107055664062e-01) (2, -1.68488287925720214844e+00) (3, -8.85589063167572021484e-01) (4, 8.10289323329925537109e-01) (5, -1.04338288307189941406e-01) (6, 1.17303204536437988281e+00) (0, -7.02013313770294189453e-01) (1, -8.28595235943794250488e-02) (2, -1.67406094074249267578e+00) (3, -1.68247151374816894531e+00) (4, -6.34667968750000000000e+00) (5, 1.39131231307983398438e+01) (6, 1.74649631977081298828e+00) (0, -4.71386790275573730469e-01) (1, -1.56919050216674804688e+00) (2, -1.72459518909454345703e+00) (3, 2.15611791610717773438e+00) (4, 3.55208724737167358398e-01) (5, 5.87606620788574218750e+00) (6, -3.79895043373107910156e+00) (0, -5.26750469207763671875e+00) (1, -1.63455998897552490234e+00) (2, -2.18924045562744140625e+00) (3, 1.29428613185882568359e+00) (4, 1.23225426673889160156e+00) (5, 5.48526406288146972656e-01) (6, -7.59567081928253173828e-01) (0, -2.93788218498229980469e+00) (1, 7.62125611305236816406e-01) (2, -9.04756188392639160156e-02) (3, -6.09061419963836669922e-01) (4, -2.28631687164306640625e+00) (5, -2.67019987106323242188e-01) (6, 4.57324653863906860352e-01) (0, -2.54897356033325195312e+00) (1, 7.07940101623535156250e-01) (2, -7.57659256458282470703e-01) (3, -6.60346806049346923828e-01) (4, -2.46578645706176757812e+00) (5, -3.68398040533065795898e-01) (6, 4.12651628255844116211e-01) (0, -2.52671289443969726562e+00) (1, 5.80446839332580566406e-01) (2, -8.71418893337249755859e-01) (3, -6.23930215835571289062e-01) (4, -2.78404593467712402344e+00) (5, 5.18343865871429443359e-01) (6, 6.18628740310668945312e-01) (7, 1.96453547477722167969e+00) (8, -9.48830425739288330078e-01) (9, -2.08378481864929199219e+00) (10, 3.63133049011230468750e+00) (11, 5.84818983078002929688e+00) (12, -1.34914529323577880859e+00) (13, -1.28191173076629638672e+00) (14, -1.09475231170654296875e+00) (15, 1.57384485006332397461e-01) 
