FANN_FLO_2.1
num_layers=3
learning_rate=0.500000
connection_rate=1.000000
network_type=0
learning_momentum=0.000000
training_algorithm=2
train_error_function=1
train_stop_function=0
cascade_output_change_fraction=0.010000
quickprop_decay=-0.000100
quickprop_mu=1.750000
rprop_increase_factor=1.200000
rprop_decrease_factor=0.500000
rprop_delta_min=0.000000
rprop_delta_max=50.000000
rprop_delta_zero=0.100000
cascade_output_stagnation_epochs=12
cascade_candidate_change_fraction=0.010000
cascade_candidate_stagnation_epochs=12
cascade_max_out_epochs=150
cascade_min_out_epochs=50
cascade_max_cand_epochs=150
cascade_min_cand_epochs=50
cascade_num_candidate_groups=2
bit_fail_limit=3.49999994039535522461e-01
cascade_candidate_limit=1.00000000000000000000e+03
cascade_weight_multiplier=4.00000005960464477539e-01
cascade_activation_functions_count=10
cascade_activation_functions=3 5 7 8 10 11 14 15 16 17 
cascade_activation_steepnesses_count=4
cascade_activation_steepnesses=2.50000000000000000000e-01 5.00000000000000000000e-01 7.50000000000000000000e-01 1.00000000000000000000e+00 
layer_sizes=10 3 2 
scale_included=0
neurons (num_inputs, activation_function, activation_steepness)=(0, 0, 0.00000000000000000000e+00) (0, 0, 0.00000000000000000000e+00) (0, 0, 0.00000000000000000000e+00) (0, 0, 0.00000000000000000000e+00) (0, 0, 0.00000000000000000000e+00) (0, 0, 0.00000000000000000000e+00) (0, 0, 0.00000000000000000000e+00) (0, 0, 0.00000000000000000000e+00) (0, 0, 0.00000000000000000000e+00) (0, 0, 0.00000000000000000000e+00) (10, 3, 5.00000000000000000000e-01) (10, 3, 5.00000000000000000000e-01) (0, 3, 0.00000000000000000000e+00) (3, 3, 5.00000000000000000000e-01) (0, 3, 0.00000000000000000000e+00) 
connections (connected_to_neuron, weight)=(0, 1.15803970336914062500e+02) (1, 1.49998034667968750000e+03) (2, 1.49992016601562500000e+03) (3, -1.22407702636718750000e+03) (4, -2.26453256607055664062e+00) (5, 3.68536412715911865234e-01) (6, -5.62477539062500000000e+02) (7, -3.37113285064697265625e+00) (8, -5.70970886230468750000e+02) (9, 2.18077158927917480469e+00) (0, 6.83684349060058593750e+00) (1, 1.13472871780395507812e+01) (2, 1.04310646057128906250e+01) (3, -1.03470344543457031250e+01) (4, -4.23579359054565429688e+00) (5, -1.55303621292114257812e+00) (6, -7.80737018585205078125e+00) (7, -3.20630788803100585938e+00) (8, -1.11574115753173828125e+01) (9, 3.15251684188842773438e+00) (10, -2.58602666854858398438e+00) (11, 2.63481307029724121094e+00) (12, 8.52638900279998779297e-01) 
