FANN_FLO_2.1
num_layers=3
learning_rate=0.400000
connection_rate=1.000000
network_type=0
learning_momentum=0.000000
training_algorithm=2
train_error_function=1
train_stop_function=0
cascade_output_change_fraction=0.010000
quickprop_decay=-0.000100
quickprop_mu=1.750000
rprop_increase_factor=1.200000
rprop_decrease_factor=0.500000
rprop_delta_min=0.000000
rprop_delta_max=50.000000
rprop_delta_zero=0.100000
cascade_output_stagnation_epochs=12
cascade_candidate_change_fraction=0.010000
cascade_candidate_stagnation_epochs=12
cascade_max_out_epochs=150
cascade_min_out_epochs=50
cascade_max_cand_epochs=150
cascade_min_cand_epochs=50
cascade_num_candidate_groups=2
bit_fail_limit=3.49999994039535522461e-01
cascade_candidate_limit=1.00000000000000000000e+03
cascade_weight_multiplier=4.00000005960464477539e-01
cascade_activation_functions_count=10
cascade_activation_functions=3 5 7 8 10 11 14 15 16 17 
cascade_activation_steepnesses_count=4
cascade_activation_steepnesses=2.50000000000000000000e-01 5.00000000000000000000e-01 7.50000000000000000000e-01 1.00000000000000000000e+00 
layer_sizes=7 5 2 
scale_included=0
neurons (num_inputs, activation_function, activation_steepness)=(0, 0, 0.00000000000000000000e+00) (0, 0, 0.00000000000000000000e+00) (0, 0, 0.00000000000000000000e+00) (0, 0, 0.00000000000000000000e+00) (0, 0, 0.00000000000000000000e+00) (0, 0, 0.00000000000000000000e+00) (0, 0, 0.00000000000000000000e+00) (7, 3, 5.00000000000000000000e-01) (7, 3, 5.00000000000000000000e-01) (7, 3, 5.00000000000000000000e-01) (7, 3, 5.00000000000000000000e-01) (0, 3, 0.00000000000000000000e+00) (5, 3, 5.00000000000000000000e-01) (0, 3, 0.00000000000000000000e+00) 
connections (connected_to_neuron, weight)=(0, 1.04718866348266601562e+01) (1, -1.13641643524169921875e+01) (2, 1.33338556289672851562e+01) (3, -1.25356233119964599609e+00) (4, -7.11610615253448486328e-01) (5, -3.79059886932373046875e+00) (6, 4.34434556961059570312e+00) (0, -1.38306713104248046875e+01) (1, 1.14551811218261718750e+01) (2, -3.24734497070312500000e+00) (3, -1.66890347003936767578e+00) (4, -1.15630674362182617188e+00) (5, 4.04382753372192382812e+00) (6, 2.70919179916381835938e+00) (0, 4.62691783905029296875e-01) (1, 2.32322049140930175781e+00) (2, 2.14842319488525390625e+00) (3, -1.33794555664062500000e+01) (4, 1.02427315711975097656e+00) (5, -5.20383536815643310547e-01) (6, 3.44022989273071289062e-01) (0, 2.17490744590759277344e+00) (1, -2.65086250305175781250e+01) (2, 6.43153095245361328125e+00) (3, -4.45971822738647460938e+00) (4, -1.36052775382995605469e+00) (5, 9.21706104278564453125e+00) (6, 6.88304662704467773438e-01) (7, -2.79018378257751464844e+00) (8, -3.16236853599548339844e+00) (9, -5.76289832592010498047e-01) (10, -5.04390430450439453125e+00) (11, 1.71771800518035888672e+00) 
