FANN_FLO_2.1
num_layers=3
learning_rate=0.400000
connection_rate=1.000000
network_type=0
learning_momentum=0.000000
training_algorithm=2
train_error_function=1
train_stop_function=0
cascade_output_change_fraction=0.010000
quickprop_decay=-0.000100
quickprop_mu=1.750000
rprop_increase_factor=1.200000
rprop_decrease_factor=0.500000
rprop_delta_min=0.000000
rprop_delta_max=50.000000
rprop_delta_zero=0.100000
cascade_output_stagnation_epochs=12
cascade_candidate_change_fraction=0.010000
cascade_candidate_stagnation_epochs=12
cascade_max_out_epochs=150
cascade_min_out_epochs=50
cascade_max_cand_epochs=150
cascade_min_cand_epochs=50
cascade_num_candidate_groups=2
bit_fail_limit=3.49999994039535522461e-01
cascade_candidate_limit=1.00000000000000000000e+03
cascade_weight_multiplier=4.00000005960464477539e-01
cascade_activation_functions_count=10
cascade_activation_functions=3 5 7 8 10 11 14 15 16 17 
cascade_activation_steepnesses_count=4
cascade_activation_steepnesses=2.50000000000000000000e-01 5.00000000000000000000e-01 7.50000000000000000000e-01 1.00000000000000000000e+00 
layer_sizes=7 9 2 
scale_included=0
neurons (num_inputs, activation_function, activation_steepness)=(0, 0, 0.00000000000000000000e+00) (0, 0, 0.00000000000000000000e+00) (0, 0, 0.00000000000000000000e+00) (0, 0, 0.00000000000000000000e+00) (0, 0, 0.00000000000000000000e+00) (0, 0, 0.00000000000000000000e+00) (0, 0, 0.00000000000000000000e+00) (7, 3, 5.00000000000000000000e-01) (7, 3, 5.00000000000000000000e-01) (7, 3, 5.00000000000000000000e-01) (7, 3, 5.00000000000000000000e-01) (7, 3, 5.00000000000000000000e-01) (7, 3, 5.00000000000000000000e-01) (7, 3, 5.00000000000000000000e-01) (7, 3, 5.00000000000000000000e-01) (0, 3, 0.00000000000000000000e+00) (9, 3, 5.00000000000000000000e-01) (0, 3, 0.00000000000000000000e+00) 
connections (connected_to_neuron, weight)=(0, -3.40333127975463867188e+00) (1, -3.40420556068420410156e+00) (2, -3.28435564041137695312e+00) (3, 2.07567667961120605469e+00) (4, 2.99295806884765625000e+00) (5, 2.03350019454956054688e+00) (6, -4.80171918869018554688e+00) (0, -2.62551993131637573242e-01) (1, -3.18558907508850097656e+00) (2, -3.45608544349670410156e+00) (3, 2.05445599555969238281e+00) (4, 7.08726644515991210938e-01) (5, 5.11086511611938476562e+00) (6, -2.92008519172668457031e+00) (0, 7.65371263027191162109e-01) (1, 2.13109329342842102051e-01) (2, -6.11791753768920898438e+00) (3, -6.04524493217468261719e-01) (4, -4.90705877542495727539e-01) (5, 3.57624220848083496094e+00) (6, 2.88334441184997558594e+00) (0, 1.14872252941131591797e+00) (1, 4.91666287183761596680e-01) (2, -5.82706332206726074219e-01) (3, 1.05583071708679199219e+00) (4, -3.32197833061218261719e+00) (5, 3.26337194442749023438e+00) (6, -2.58876609802246093750e+00) (0, -4.17466880753636360168e-03) (1, -3.38341021537780761719e+00) (2, -2.01804161071777343750e+00) (3, 2.85969352722167968750e+00) (4, -1.94449424743652343750e+00) (5, 7.47946023941040039062e+00) (6, -2.53984093666076660156e+00) (0, 1.04894578456878662109e+00) (1, 5.53656280040740966797e-01) (2, -2.80019736289978027344e+00) (3, -1.31496334075927734375e+00) (4, -6.73627710342407226562e+00) (5, 1.06605710983276367188e+01) (6, 1.59543287754058837891e+00) (0, -3.01037883758544921875e+00) (1, -3.48130464553833007812e+00) (2, -3.40614390373229980469e+00) (3, 1.60101544857025146484e+00) (4, 3.12810492515563964844e+00) (5, 3.42620444297790527344e+00) (6, -1.24096691608428955078e+00) (0, -1.90217867493629455566e-01) (1, -8.40593338012695312500e-01) (2, 2.83776593208312988281e+00) (3, 1.29655408859252929688e+00) (4, 1.31832337379455566406e+00) (5, 7.04630851745605468750e-01) (6, -2.79540109634399414062e+00) (7, 1.26092090606689453125e+01) (8, 7.11670517921447753906e-01) (9, -8.23703289031982421875e-01) (10, 9.81461167335510253906e-01) (11, 2.10068655014038085938e+00) (12, -2.84137415885925292969e+00) (13, 1.29434859752655029297e+00) (14, 1.23704719543457031250e+00) (15, -3.08832675218582153320e-01) 
