FANN_FLO_2.1
num_layers=4
learning_rate=0.500000
connection_rate=1.000000
network_type=0
learning_momentum=0.000000
training_algorithm=2
train_error_function=1
train_stop_function=0
cascade_output_change_fraction=0.010000
quickprop_decay=-0.000100
quickprop_mu=1.750000
rprop_increase_factor=1.200000
rprop_decrease_factor=0.500000
rprop_delta_min=0.000000
rprop_delta_max=50.000000
rprop_delta_zero=0.100000
cascade_output_stagnation_epochs=12
cascade_candidate_change_fraction=0.010000
cascade_candidate_stagnation_epochs=12
cascade_max_out_epochs=150
cascade_min_out_epochs=50
cascade_max_cand_epochs=150
cascade_min_cand_epochs=50
cascade_num_candidate_groups=2
bit_fail_limit=3.49999994039535522461e-01
cascade_candidate_limit=1.00000000000000000000e+03
cascade_weight_multiplier=4.00000005960464477539e-01
cascade_activation_functions_count=10
cascade_activation_functions=3 5 7 8 10 11 14 15 16 17 
cascade_activation_steepnesses_count=4
cascade_activation_steepnesses=2.50000000000000000000e-01 5.00000000000000000000e-01 7.50000000000000000000e-01 1.00000000000000000000e+00 
layer_sizes=2 5 5 3 
scale_included=0
neurons (num_inputs, activation_function, activation_steepness)=(0, 0, 0.00000000000000000000e+00) (0, 0, 0.00000000000000000000e+00) (2, 3, 5.00000000000000000000e-01) (2, 3, 5.00000000000000000000e-01) (2, 3, 5.00000000000000000000e-01) (2, 3, 5.00000000000000000000e-01) (0, 3, 0.00000000000000000000e+00) (5, 3, 5.00000000000000000000e-01) (5, 3, 5.00000000000000000000e-01) (5, 3, 5.00000000000000000000e-01) (5, 3, 5.00000000000000000000e-01) (0, 3, 0.00000000000000000000e+00) (5, 0, 5.00000000000000000000e-01) (5, 0, 5.00000000000000000000e-01) (0, 0, 0.00000000000000000000e+00) 
connections (connected_to_neuron, weight)=(0, -2.49107303619384765625e+01) (1, 2.82251119613647460938e+00) (0, -1.65250930786132812500e+01) (1, 4.99117279052734375000e+00) (0, -2.51575355529785156250e+01) (1, 3.03829312324523925781e+00) (0, 1.50000000000000000000e+03) (1, 1.89792613983154296875e+01) (2, 7.00188354492187500000e+02) (3, -9.65052413940429687500e+01) (4, -6.21359741210937500000e+02) (5, 5.71838569641113281250e+00) (6, 1.71042652130126953125e+01) (2, 1.00500259399414062500e+01) (3, -1.79044170379638671875e+01) (4, 7.46103239059448242188e+00) (5, -2.71585369110107421875e+00) (6, 2.92013239860534667969e+00) (2, -1.69371092319488525391e+00) (3, -1.62849795818328857422e+00) (4, -1.69553780555725097656e+00) (5, 1.12988233566284179688e+00) (6, 1.02198350429534912109e+00) (2, 1.49997229003906250000e+03) (3, -5.06644744873046875000e+01) (4, 1.49989453125000000000e+03) (5, -3.26723060607910156250e+01) (6, -3.52575187683105468750e+01) (7, 6.80318176746368408203e-01) (8, 3.46897959709167480469e+00) (9, -1.78916168212890625000e+00) (10, -3.68144154548645019531e-01) (11, -4.66116398572921752930e-01) (7, -8.70060324668884277344e-01) (8, -1.53570905327796936035e-01) (9, -2.75467395782470703125e+00) (10, 7.13496983051300048828e-01) (11, 1.49861097335815429688e+00) 
