FANN_FLO_2.1
num_layers=4
learning_rate=0.400000
connection_rate=1.000000
network_type=0
learning_momentum=0.000000
training_algorithm=2
train_error_function=1
train_stop_function=0
cascade_output_change_fraction=0.010000
quickprop_decay=-0.000100
quickprop_mu=1.750000
rprop_increase_factor=1.200000
rprop_decrease_factor=0.500000
rprop_delta_min=0.000000
rprop_delta_max=50.000000
rprop_delta_zero=0.100000
cascade_output_stagnation_epochs=12
cascade_candidate_change_fraction=0.010000
cascade_candidate_stagnation_epochs=12
cascade_max_out_epochs=150
cascade_min_out_epochs=50
cascade_max_cand_epochs=150
cascade_min_cand_epochs=50
cascade_num_candidate_groups=2
bit_fail_limit=3.49999994039535522461e-01
cascade_candidate_limit=1.00000000000000000000e+03
cascade_weight_multiplier=4.00000005960464477539e-01
cascade_activation_functions_count=10
cascade_activation_functions=3 5 7 8 10 11 14 15 16 17 
cascade_activation_steepnesses_count=4
cascade_activation_steepnesses=2.50000000000000000000e-01 5.00000000000000000000e-01 7.50000000000000000000e-01 1.00000000000000000000e+00 
layer_sizes=7 3 3 2 
scale_included=0
neurons (num_inputs, activation_function, activation_steepness)=(0, 0, 0.00000000000000000000e+00) (0, 0, 0.00000000000000000000e+00) (0, 0, 0.00000000000000000000e+00) (0, 0, 0.00000000000000000000e+00) (0, 0, 0.00000000000000000000e+00) (0, 0, 0.00000000000000000000e+00) (0, 0, 0.00000000000000000000e+00) (7, 3, 5.00000000000000000000e-01) (7, 3, 5.00000000000000000000e-01) (0, 3, 0.00000000000000000000e+00) (3, 3, 5.00000000000000000000e-01) (3, 3, 5.00000000000000000000e-01) (0, 3, 0.00000000000000000000e+00) (3, 3, 5.00000000000000000000e-01) (0, 3, 0.00000000000000000000e+00) 
connections (connected_to_neuron, weight)=(0, -2.93839788436889648438e+00) (1, 1.28886198997497558594e+00) (2, -2.15355443954467773438e+00) (3, -2.61553263664245605469e+00) (4, -1.46416854858398437500e+00) (5, -2.83280342817306518555e-01) (6, 2.11029982566833496094e+00) (0, -5.72664245605468750000e+02) (1, -5.25184583663940429688e+00) (2, -2.86047420501708984375e+01) (3, -9.10356807708740234375e+00) (4, -7.05301463603973388672e-01) (5, 4.78052459716796875000e+02) (6, 1.70384395122528076172e+00) (7, 7.20286750793457031250e+00) (8, 1.50000000000000000000e+03) (9, -1.44411671161651611328e+00) (7, 7.66012668609619140625e+00) (8, 1.50000000000000000000e+03) (9, -1.59804797172546386719e+00) (10, -1.34271025657653808594e+00) (11, -1.20753967761993408203e+00) (12, -7.67905950546264648438e-01) 
