FANN_FLO_2.1
num_layers=4
learning_rate=0.500000
connection_rate=1.000000
network_type=0
learning_momentum=0.000000
training_algorithm=2
train_error_function=1
train_stop_function=0
cascade_output_change_fraction=0.010000
quickprop_decay=-0.000100
quickprop_mu=1.750000
rprop_increase_factor=1.200000
rprop_decrease_factor=0.500000
rprop_delta_min=0.000000
rprop_delta_max=50.000000
rprop_delta_zero=0.100000
cascade_output_stagnation_epochs=12
cascade_candidate_change_fraction=0.010000
cascade_candidate_stagnation_epochs=12
cascade_max_out_epochs=150
cascade_min_out_epochs=50
cascade_max_cand_epochs=150
cascade_min_cand_epochs=50
cascade_num_candidate_groups=2
bit_fail_limit=3.49999994039535522461e-01
cascade_candidate_limit=1.00000000000000000000e+03
cascade_weight_multiplier=4.00000005960464477539e-01
cascade_activation_functions_count=10
cascade_activation_functions=3 5 7 8 10 11 14 15 16 17 
cascade_activation_steepnesses_count=4
cascade_activation_steepnesses=2.50000000000000000000e-01 5.00000000000000000000e-01 7.50000000000000000000e-01 1.00000000000000000000e+00 
layer_sizes=2 5 5 3 
scale_included=0
neurons (num_inputs, activation_function, activation_steepness)=(0, 0, 0.00000000000000000000e+00) (0, 0, 0.00000000000000000000e+00) (2, 3, 5.00000000000000000000e-01) (2, 3, 5.00000000000000000000e-01) (2, 3, 5.00000000000000000000e-01) (2, 3, 5.00000000000000000000e-01) (0, 3, 0.00000000000000000000e+00) (5, 3, 5.00000000000000000000e-01) (5, 3, 5.00000000000000000000e-01) (5, 3, 5.00000000000000000000e-01) (5, 3, 5.00000000000000000000e-01) (0, 3, 0.00000000000000000000e+00) (5, 0, 5.00000000000000000000e-01) (5, 0, 5.00000000000000000000e-01) (0, 0, 0.00000000000000000000e+00) 
connections (connected_to_neuron, weight)=(0, 1.50000000000000000000e+03) (1, 1.62781505584716796875e+01) (0, 1.50000000000000000000e+03) (1, -1.17630966186523437500e+02) (0, 1.50000000000000000000e+03) (1, 2.02395133972167968750e+01) (0, 1.50000000000000000000e+03) (1, 1.71397991180419921875e+01) (2, -1.24822180175781250000e+03) (3, -1.40052160644531250000e+03) (4, -1.24822180175781250000e+03) (5, -1.31101904296875000000e+03) (6, 6.44157946109771728516e-01) (2, -1.64015877246856689453e+00) (3, 2.45850944519042968750e+00) (4, 2.66794610023498535156e+00) (5, -4.02221393585205078125e+00) (6, 1.09704542160034179688e+00) (2, 1.37631079101562500000e+03) (3, 1.49919018554687500000e+03) (4, 1.26485400390625000000e+03) (5, 1.12579077148437500000e+03) (6, -3.53122651576995849609e-01) (2, -1.24822180175781250000e+03) (3, -1.40052160644531250000e+03) (4, -1.24822180175781250000e+03) (5, -1.31101904296875000000e+03) (6, 1.26094985008239746094e+00) (7, 1.50000000000000000000e+03) (8, -2.64188790321350097656e+00) (9, 2.50888228416442871094e-01) (10, 1.50000000000000000000e+03) (11, -4.19493876397609710693e-02) (7, 1.50000000000000000000e+03) (8, -4.48074913024902343750e+00) (9, 1.97844386100769042969e+00) (10, 1.50000000000000000000e+03) (11, 6.06517732143402099609e-01) 
