FANN_FLO_2.1
num_layers=4
learning_rate=0.400000
connection_rate=1.000000
network_type=0
learning_momentum=0.000000
training_algorithm=2
train_error_function=1
train_stop_function=0
cascade_output_change_fraction=0.010000
quickprop_decay=-0.000100
quickprop_mu=1.750000
rprop_increase_factor=1.200000
rprop_decrease_factor=0.500000
rprop_delta_min=0.000000
rprop_delta_max=50.000000
rprop_delta_zero=0.100000
cascade_output_stagnation_epochs=12
cascade_candidate_change_fraction=0.010000
cascade_candidate_stagnation_epochs=12
cascade_max_out_epochs=150
cascade_min_out_epochs=50
cascade_max_cand_epochs=150
cascade_min_cand_epochs=50
cascade_num_candidate_groups=2
bit_fail_limit=3.49999994039535522461e-01
cascade_candidate_limit=1.00000000000000000000e+03
cascade_weight_multiplier=4.00000005960464477539e-01
cascade_activation_functions_count=10
cascade_activation_functions=3 5 7 8 10 11 14 15 16 17 
cascade_activation_steepnesses_count=4
cascade_activation_steepnesses=2.50000000000000000000e-01 5.00000000000000000000e-01 7.50000000000000000000e-01 1.00000000000000000000e+00 
layer_sizes=7 5 5 2 
scale_included=0
neurons (num_inputs, activation_function, activation_steepness)=(0, 0, 0.00000000000000000000e+00) (0, 0, 0.00000000000000000000e+00) (0, 0, 0.00000000000000000000e+00) (0, 0, 0.00000000000000000000e+00) (0, 0, 0.00000000000000000000e+00) (0, 0, 0.00000000000000000000e+00) (0, 0, 0.00000000000000000000e+00) (7, 3, 5.00000000000000000000e-01) (7, 3, 5.00000000000000000000e-01) (7, 3, 5.00000000000000000000e-01) (7, 3, 5.00000000000000000000e-01) (0, 3, 0.00000000000000000000e+00) (5, 3, 5.00000000000000000000e-01) (5, 3, 5.00000000000000000000e-01) (5, 3, 5.00000000000000000000e-01) (5, 3, 5.00000000000000000000e-01) (0, 3, 0.00000000000000000000e+00) (5, 3, 5.00000000000000000000e-01) (0, 3, 0.00000000000000000000e+00) 
connections (connected_to_neuron, weight)=(0, 5.44299682617187500000e+02) (1, -6.16363525390625000000e+02) (2, 1.46191516113281250000e+03) (3, -1.42351892089843750000e+03) (4, 8.82378662109375000000e+02) (5, 2.82214294433593750000e+02) (6, -9.25615727901458740234e-01) (0, -1.05817365646362304688e+01) (1, 2.85060381889343261719e+00) (2, -1.37325077056884765625e+01) (3, -9.62200832366943359375e+00) (4, -1.83433413505554199219e+00) (5, 4.58704566955566406250e+00) (6, 9.01999568939208984375e+00) (0, 1.62445044517517089844e+00) (1, -9.72541809082031250000e+02) (2, 1.41976782226562500000e+03) (3, 3.30930145263671875000e+02) (4, 1.28495654296875000000e+03) (5, 4.89930206298828125000e+02) (6, 1.12041406631469726562e+01) (0, -1.01213045120239257812e+01) (1, 9.21171474456787109375e+00) (2, -6.54521703720092773438e+00) (3, -7.85057783126831054688e-01) (4, -3.72541689872741699219e+00) (5, -6.13983392715454101562e+00) (6, 2.33655238151550292969e+00) (7, -4.35413026809692382812e+00) (8, 7.26058837890625000000e+02) (9, -1.58179244995117187500e+01) (10, 1.50000000000000000000e+03) (11, -8.93604850769042968750e+00) (7, 5.18516693115234375000e+01) (8, 1.49996057128906250000e+03) (9, -1.40998687744140625000e+02) (10, 1.50000000000000000000e+03) (11, 8.71299803256988525391e-01) (7, 6.70352339744567871094e-01) (8, 3.76285529136657714844e+00) (9, 7.18097090721130371094e-01) (10, 6.34984302520751953125e+00) (11, -4.13971757888793945312e+00) (7, 6.66442184448242187500e+01) (8, 6.55772018432617187500e+01) (9, -2.97872695922851562500e+01) (10, 1.50000000000000000000e+03) (11, 1.17007339000701904297e+00) (12, -2.85487502813339233398e-01) (13, -5.25077462196350097656e-01) (14, -2.08593583106994628906e+00) (15, -3.89129877090454101562e-01) (16, -4.20436352491378784180e-01) 
