FANN_FLO_2.1
num_layers=3
learning_rate=0.400000
connection_rate=1.000000
network_type=0
learning_momentum=0.000000
training_algorithm=2
train_error_function=1
train_stop_function=0
cascade_output_change_fraction=0.010000
quickprop_decay=-0.000100
quickprop_mu=1.750000
rprop_increase_factor=1.200000
rprop_decrease_factor=0.500000
rprop_delta_min=0.000000
rprop_delta_max=50.000000
rprop_delta_zero=0.100000
cascade_output_stagnation_epochs=12
cascade_candidate_change_fraction=0.010000
cascade_candidate_stagnation_epochs=12
cascade_max_out_epochs=150
cascade_min_out_epochs=50
cascade_max_cand_epochs=150
cascade_min_cand_epochs=50
cascade_num_candidate_groups=2
bit_fail_limit=3.49999994039535522461e-01
cascade_candidate_limit=1.00000000000000000000e+03
cascade_weight_multiplier=4.00000005960464477539e-01
cascade_activation_functions_count=10
cascade_activation_functions=3 5 7 8 10 11 14 15 16 17 
cascade_activation_steepnesses_count=4
cascade_activation_steepnesses=2.50000000000000000000e-01 5.00000000000000000000e-01 7.50000000000000000000e-01 1.00000000000000000000e+00 
layer_sizes=7 9 2 
scale_included=0
neurons (num_inputs, activation_function, activation_steepness)=(0, 0, 0.00000000000000000000e+00) (0, 0, 0.00000000000000000000e+00) (0, 0, 0.00000000000000000000e+00) (0, 0, 0.00000000000000000000e+00) (0, 0, 0.00000000000000000000e+00) (0, 0, 0.00000000000000000000e+00) (0, 0, 0.00000000000000000000e+00) (7, 3, 5.00000000000000000000e-01) (7, 3, 5.00000000000000000000e-01) (7, 3, 5.00000000000000000000e-01) (7, 3, 5.00000000000000000000e-01) (7, 3, 5.00000000000000000000e-01) (7, 3, 5.00000000000000000000e-01) (7, 3, 5.00000000000000000000e-01) (7, 3, 5.00000000000000000000e-01) (0, 3, 0.00000000000000000000e+00) (9, 3, 5.00000000000000000000e-01) (0, 3, 0.00000000000000000000e+00) 
connections (connected_to_neuron, weight)=(0, -1.01633942127227783203e+00) (1, -1.50008797645568847656e+00) (2, -6.57045364379882812500e+00) (3, -7.10212960839271545410e-02) (4, 1.97962999343872070312e+00) (5, 1.39721274375915527344e+00) (6, -1.98533043265342712402e-01) (0, 1.61168920993804931641e+00) (1, 3.84520649909973144531e+00) (2, 1.65711641311645507812e-01) (3, -9.99030709266662597656e-01) (4, 2.74454069137573242188e+00) (5, -8.65225124359130859375e+00) (6, 3.13676619529724121094e+00) (0, 4.33646917343139648438e+00) (1, -1.00516748428344726562e+00) (2, 8.57458114624023437500e+00) (3, 5.30716419219970703125e+00) (4, 1.99474775791168212891e+00) (5, -3.53153915405273437500e+01) (6, -6.30286753177642822266e-01) (0, -6.73729848861694335938e+00) (1, -1.52464818954467773438e+00) (2, 3.62161755561828613281e+00) (3, 2.73444519042968750000e+01) (4, -2.17043323516845703125e+01) (5, -4.04940557479858398438e+00) (6, -5.99659538269042968750e+00) (0, 3.16188836097717285156e+00) (1, -6.22753441333770751953e-01) (2, -1.71645736694335937500e+00) (3, 3.36600154638290405273e-01) (4, 4.10407400131225585938e+00) (5, -1.59149909019470214844e+00) (6, -1.97315424680709838867e-01) (0, 7.53839254379272460938e+00) (1, 1.21164693832397460938e+01) (2, 5.31153535842895507812e+00) (3, -7.62930107116699218750e+00) (4, -4.07042837142944335938e+00) (5, -1.32710993289947509766e-01) (6, 3.63818502426147460938e+00) (0, 1.88883185386657714844e+00) (1, -8.94611537456512451172e-01) (2, -5.94439268112182617188e-01) (3, -1.46375274658203125000e+00) (4, 2.45983576774597167969e+00) (5, 1.00821495056152343750e+00) (6, 8.13380405306816101074e-02) (0, 1.54554069042205810547e+00) (1, -5.91026902198791503906e-01) (2, -1.86657980084419250488e-01) (3, 1.18711435794830322266e+00) (4, 9.17282581329345703125e+00) (5, -4.29479598999023437500e+00) (6, -3.49314761161804199219e+00) (7, 2.71399259567260742188e+00) (8, -2.60808491706848144531e+00) (9, 1.36958503723144531250e+00) (10, 7.97441363334655761719e-01) (11, 7.31443762779235839844e-01) (12, -1.32702493667602539062e+00) (13, 8.08445811271667480469e-01) (14, 1.60773897171020507812e+00) (15, 6.51374980807304382324e-02) 
