FANN_FLO_2.1
num_layers=4
learning_rate=0.500000
connection_rate=1.000000
network_type=0
learning_momentum=0.000000
training_algorithm=2
train_error_function=1
train_stop_function=0
cascade_output_change_fraction=0.010000
quickprop_decay=-0.000100
quickprop_mu=1.750000
rprop_increase_factor=1.200000
rprop_decrease_factor=0.500000
rprop_delta_min=0.000000
rprop_delta_max=50.000000
rprop_delta_zero=0.100000
cascade_output_stagnation_epochs=12
cascade_candidate_change_fraction=0.010000
cascade_candidate_stagnation_epochs=12
cascade_max_out_epochs=150
cascade_min_out_epochs=50
cascade_max_cand_epochs=150
cascade_min_cand_epochs=50
cascade_num_candidate_groups=2
bit_fail_limit=3.49999994039535522461e-01
cascade_candidate_limit=1.00000000000000000000e+03
cascade_weight_multiplier=4.00000005960464477539e-01
cascade_activation_functions_count=10
cascade_activation_functions=3 5 7 8 10 11 14 15 16 17 
cascade_activation_steepnesses_count=4
cascade_activation_steepnesses=2.50000000000000000000e-01 5.00000000000000000000e-01 7.50000000000000000000e-01 1.00000000000000000000e+00 
layer_sizes=10 5 3 2 
scale_included=0
neurons (num_inputs, activation_function, activation_steepness)=(0, 0, 0.00000000000000000000e+00) (0, 0, 0.00000000000000000000e+00) (0, 0, 0.00000000000000000000e+00) (0, 0, 0.00000000000000000000e+00) (0, 0, 0.00000000000000000000e+00) (0, 0, 0.00000000000000000000e+00) (0, 0, 0.00000000000000000000e+00) (0, 0, 0.00000000000000000000e+00) (0, 0, 0.00000000000000000000e+00) (0, 0, 0.00000000000000000000e+00) (10, 3, 5.00000000000000000000e-01) (10, 3, 5.00000000000000000000e-01) (10, 3, 5.00000000000000000000e-01) (10, 3, 5.00000000000000000000e-01) (0, 3, 0.00000000000000000000e+00) (5, 3, 5.00000000000000000000e-01) (5, 3, 5.00000000000000000000e-01) (0, 3, 0.00000000000000000000e+00) (3, 3, 5.00000000000000000000e-01) (0, 3, 0.00000000000000000000e+00) 
connections (connected_to_neuron, weight)=(0, -3.41770982742309570312e+00) (1, -9.99535274505615234375e+00) (2, -1.97918578982353210449e-01) (3, 1.99589240550994873047e+00) (4, -7.08389377593994140625e+00) (5, -2.65367054939270019531e+00) (6, 4.70864486694335937500e+00) (7, 4.55241054296493530273e-01) (8, 2.50835113525390625000e+01) (9, -8.42115134000778198242e-02) (0, 1.89353713989257812500e+01) (1, -1.76019840240478515625e+01) (2, -7.01005887985229492188e+00) (3, 1.06716279983520507812e+01) (4, 1.80512714385986328125e+00) (5, -1.64214057922363281250e+01) (6, 1.86053428649902343750e+01) (7, 5.52611255645751953125e+00) (8, 3.39205235242843627930e-01) (9, -1.37608945369720458984e+00) (0, 4.75073993206024169922e-01) (1, 4.76444721221923828125e+00) (2, -4.59705018997192382812e+00) (3, -1.07669031620025634766e+00) (4, -4.54705357551574707031e-01) (5, 2.76572036743164062500e+00) (6, 3.90677285194396972656e+00) (7, 2.84237980842590332031e-01) (8, -3.00815606117248535156e+00) (9, -2.91927177459001541138e-02) (0, -5.45744657516479492188e+00) (1, 4.27508449554443359375e+00) (2, -4.86207532882690429688e+00) (3, -7.59783089160919189453e-01) (4, 5.98339414596557617188e+00) (5, 3.58905434608459472656e-01) (6, 1.65154051780700683594e+00) (7, 2.21803092956542968750e+00) (8, -2.61528521776199340820e-01) (9, -1.49222826957702636719e+00) (10, -3.11278843879699707031e+00) (11, -1.97117722034454345703e+00) (12, 5.61557865142822265625e+00) (13, 3.15852975845336914062e+00) (14, 5.37963390350341796875e-01) (10, -6.27562713623046875000e+00) (11, -4.21924781799316406250e+00) (12, 5.96697759628295898438e+00) (13, 1.04968776702880859375e+01) (14, -2.95047521591186523438e-01) (15, 7.88196742534637451172e-01) (16, 2.27280378341674804688e+00) (17, -2.13063788414001464844e+00) 
