FANN_FLO_2.1
num_layers=3
learning_rate=0.400000
connection_rate=1.000000
network_type=0
learning_momentum=0.000000
training_algorithm=2
train_error_function=1
train_stop_function=0
cascade_output_change_fraction=0.010000
quickprop_decay=-0.000100
quickprop_mu=1.750000
rprop_increase_factor=1.200000
rprop_decrease_factor=0.500000
rprop_delta_min=0.000000
rprop_delta_max=50.000000
rprop_delta_zero=0.100000
cascade_output_stagnation_epochs=12
cascade_candidate_change_fraction=0.010000
cascade_candidate_stagnation_epochs=12
cascade_max_out_epochs=150
cascade_min_out_epochs=50
cascade_max_cand_epochs=150
cascade_min_cand_epochs=50
cascade_num_candidate_groups=2
bit_fail_limit=3.49999994039535522461e-01
cascade_candidate_limit=1.00000000000000000000e+03
cascade_weight_multiplier=4.00000005960464477539e-01
cascade_activation_functions_count=10
cascade_activation_functions=3 5 7 8 10 11 14 15 16 17 
cascade_activation_steepnesses_count=4
cascade_activation_steepnesses=2.50000000000000000000e-01 5.00000000000000000000e-01 7.50000000000000000000e-01 1.00000000000000000000e+00 
layer_sizes=19 3 3 
scale_included=0
neurons (num_inputs, activation_function, activation_steepness)=(0, 0, 0.00000000000000000000e+00) (0, 0, 0.00000000000000000000e+00) (0, 0, 0.00000000000000000000e+00) (0, 0, 0.00000000000000000000e+00) (0, 0, 0.00000000000000000000e+00) (0, 0, 0.00000000000000000000e+00) (0, 0, 0.00000000000000000000e+00) (0, 0, 0.00000000000000000000e+00) (0, 0, 0.00000000000000000000e+00) (0, 0, 0.00000000000000000000e+00) (0, 0, 0.00000000000000000000e+00) (0, 0, 0.00000000000000000000e+00) (0, 0, 0.00000000000000000000e+00) (0, 0, 0.00000000000000000000e+00) (0, 0, 0.00000000000000000000e+00) (0, 0, 0.00000000000000000000e+00) (0, 0, 0.00000000000000000000e+00) (0, 0, 0.00000000000000000000e+00) (0, 0, 0.00000000000000000000e+00) (19, 3, 5.00000000000000000000e-01) (19, 3, 5.00000000000000000000e-01) (0, 3, 0.00000000000000000000e+00) (3, 3, 5.00000000000000000000e-01) (3, 3, 5.00000000000000000000e-01) (0, 3, 0.00000000000000000000e+00) 
connections (connected_to_neuron, weight)=(0, -1.50232563018798828125e+01) (1, -1.50564599037170410156e+00) (2, -1.05428371429443359375e+01) (3, -6.06417274475097656250e+00) (4, 3.36194723844528198242e-01) (5, 6.87018823623657226562e+00) (6, -3.65873551368713378906e+00) (7, 4.13689374923706054688e+00) (8, -3.13941454887390136719e+00) (9, -2.08394489288330078125e+01) (10, 5.24144077301025390625e+00) (11, 1.72547030448913574219e+00) (12, 6.24997472763061523438e+00) (13, 1.24403107166290283203e+00) (14, 3.20294237136840820312e+00) (15, 6.87333393096923828125e+00) (16, 9.51742649078369140625e+00) (17, 1.72458209991455078125e+01) (18, 6.15870416164398193359e-01) (0, 4.10245084762573242188e+00) (1, -2.00117969512939453125e+00) (2, 1.53629121780395507812e+01) (3, -8.33231353759765625000e+00) (4, -5.40168094635009765625e+00) (5, -3.07982897758483886719e+00) (6, 1.25703639984130859375e+01) (7, 5.67590045928955078125e+00) (8, -9.30283606052398681641e-01) (9, 5.43687105178833007812e+00) (10, -8.79401624202728271484e-01) (11, 3.55627512931823730469e+00) (12, -3.51024246215820312500e+00) (13, 1.73232345581054687500e+01) (14, -3.90567445755004882812e+00) (15, 5.54981946945190429688e+00) (16, -2.31908264160156250000e+01) (17, 1.33797943592071533203e+00) (18, 8.69602382183074951172e-01) (19, -5.05625128746032714844e-01) (20, -6.40775620937347412109e-01) (21, 2.61195987462997436523e-01) (19, 5.05941510200500488281e-01) (20, 6.40971302986145019531e-01) (21, -2.61142969131469726562e-01) 
