FANN_FLO_2.1
num_layers=4
learning_rate=0.400000
connection_rate=1.000000
network_type=0
learning_momentum=0.000000
training_algorithm=2
train_error_function=1
train_stop_function=0
cascade_output_change_fraction=0.010000
quickprop_decay=-0.000100
quickprop_mu=1.750000
rprop_increase_factor=1.200000
rprop_decrease_factor=0.500000
rprop_delta_min=0.000000
rprop_delta_max=50.000000
rprop_delta_zero=0.100000
cascade_output_stagnation_epochs=12
cascade_candidate_change_fraction=0.010000
cascade_candidate_stagnation_epochs=12
cascade_max_out_epochs=150
cascade_min_out_epochs=50
cascade_max_cand_epochs=150
cascade_min_cand_epochs=50
cascade_num_candidate_groups=2
bit_fail_limit=3.49999994039535522461e-01
cascade_candidate_limit=1.00000000000000000000e+03
cascade_weight_multiplier=4.00000005960464477539e-01
cascade_activation_functions_count=10
cascade_activation_functions=3 5 7 8 10 11 14 15 16 17 
cascade_activation_steepnesses_count=4
cascade_activation_steepnesses=2.50000000000000000000e-01 5.00000000000000000000e-01 7.50000000000000000000e-01 1.00000000000000000000e+00 
layer_sizes=7 5 5 2 
scale_included=0
neurons (num_inputs, activation_function, activation_steepness)=(0, 0, 0.00000000000000000000e+00) (0, 0, 0.00000000000000000000e+00) (0, 0, 0.00000000000000000000e+00) (0, 0, 0.00000000000000000000e+00) (0, 0, 0.00000000000000000000e+00) (0, 0, 0.00000000000000000000e+00) (0, 0, 0.00000000000000000000e+00) (7, 3, 5.00000000000000000000e-01) (7, 3, 5.00000000000000000000e-01) (7, 3, 5.00000000000000000000e-01) (7, 3, 5.00000000000000000000e-01) (0, 3, 0.00000000000000000000e+00) (5, 3, 5.00000000000000000000e-01) (5, 3, 5.00000000000000000000e-01) (5, 3, 5.00000000000000000000e-01) (5, 3, 5.00000000000000000000e-01) (0, 3, 0.00000000000000000000e+00) (5, 3, 5.00000000000000000000e-01) (0, 3, 0.00000000000000000000e+00) 
connections (connected_to_neuron, weight)=(0, -6.36558532714843750000e-02) (1, -6.74348402023315429688e+00) (2, 2.07393150329589843750e+01) (3, -3.67359924316406250000e+00) (4, -5.10250997543334960938e+00) (5, 7.45918750762939453125e+00) (6, 4.79808449745178222656e-01) (0, -7.73368644714355468750e+00) (1, 6.36616134643554687500e+00) (2, 5.23853957653045654297e-01) (3, -2.15275549888610839844e+00) (4, -1.24427759647369384766e+00) (5, -4.21996021270751953125e+00) (6, 1.10861885547637939453e+00) (0, -4.84921723604202270508e-01) (1, -1.07258558273315429688e+00) (2, -5.43457365036010742188e+00) (3, -2.13199195861816406250e+01) (4, -4.26752567291259765625e-01) (5, -1.50000000000000000000e+03) (6, 5.33639848232269287109e-01) (0, -8.40633332729339599609e-01) (1, 1.21068798005580902100e-01) (2, -9.98313140869140625000e+00) (3, -3.23832664489746093750e+01) (4, 8.16859841346740722656e-01) (5, 4.72851848602294921875e+00) (6, 2.31496691703796386719e+00) (7, 8.24647903442382812500e+00) (8, 5.95689678192138671875e+00) (9, -5.34711074829101562500e+01) (10, 1.54757690429687500000e+01) (11, -9.68991994857788085938e-01) (7, 2.22014999389648437500e+00) (8, 8.07892322540283203125e+00) (9, -5.09149856567382812500e+01) (10, -4.00155633687973022461e-01) (11, -1.06854522228240966797e+00) (7, 1.06009924411773681641e+00) (8, 6.31248807907104492188e+00) (9, -5.12203063964843750000e+01) (10, 1.17718944549560546875e+01) (11, -1.07517647743225097656e+00) (7, -1.52179157733917236328e+00) (8, 1.64633789062500000000e+01) (9, -3.59658660888671875000e+01) (10, 1.09059295654296875000e+01) (11, -5.99870586395263671875e+00) (12, -1.01507771015167236328e+00) (13, -8.86909246444702148438e-01) (14, -8.11452209949493408203e-01) (15, -1.44680631160736083984e+00) (16, -6.42446100711822509766e-01) 
