FANN_FLO_2.1
num_layers=4
learning_rate=0.500000
connection_rate=1.000000
network_type=0
learning_momentum=0.000000
training_algorithm=2
train_error_function=1
train_stop_function=0
cascade_output_change_fraction=0.010000
quickprop_decay=-0.000100
quickprop_mu=1.750000
rprop_increase_factor=1.200000
rprop_decrease_factor=0.500000
rprop_delta_min=0.000000
rprop_delta_max=50.000000
rprop_delta_zero=0.100000
cascade_output_stagnation_epochs=12
cascade_candidate_change_fraction=0.010000
cascade_candidate_stagnation_epochs=12
cascade_max_out_epochs=150
cascade_min_out_epochs=50
cascade_max_cand_epochs=150
cascade_min_cand_epochs=50
cascade_num_candidate_groups=2
bit_fail_limit=3.49999994039535522461e-01
cascade_candidate_limit=1.00000000000000000000e+03
cascade_weight_multiplier=4.00000005960464477539e-01
cascade_activation_functions_count=10
cascade_activation_functions=3 5 7 8 10 11 14 15 16 17 
cascade_activation_steepnesses_count=4
cascade_activation_steepnesses=2.50000000000000000000e-01 5.00000000000000000000e-01 7.50000000000000000000e-01 1.00000000000000000000e+00 
layer_sizes=2 5 5 3 
scale_included=0
neurons (num_inputs, activation_function, activation_steepness)=(0, 0, 0.00000000000000000000e+00) (0, 0, 0.00000000000000000000e+00) (2, 3, 5.00000000000000000000e-01) (2, 3, 5.00000000000000000000e-01) (2, 3, 5.00000000000000000000e-01) (2, 3, 5.00000000000000000000e-01) (0, 3, 0.00000000000000000000e+00) (5, 3, 5.00000000000000000000e-01) (5, 3, 5.00000000000000000000e-01) (5, 3, 5.00000000000000000000e-01) (5, 3, 5.00000000000000000000e-01) (0, 3, 0.00000000000000000000e+00) (5, 0, 5.00000000000000000000e-01) (5, 0, 5.00000000000000000000e-01) (0, 0, 0.00000000000000000000e+00) 
connections (connected_to_neuron, weight)=(0, 1.66874961853027343750e+01) (1, -5.07640361785888671875e+00) (0, 1.50731248855590820312e+01) (1, -6.24773168563842773438e+00) (0, 1.49757800292968750000e+03) (1, 6.50586652755737304688e+00) (0, 1.93098011016845703125e+01) (1, -7.00595712661743164062e+00) (2, -2.74480152130126953125e+01) (3, 1.65619716048240661621e-01) (4, -1.83587148785591125488e-01) (5, 2.59835166931152343750e+01) (6, -1.01735889911651611328e-01) (2, -2.96047663688659667969e+00) (3, -7.39170432090759277344e-01) (4, 5.89430518448352813721e-02) (5, -7.39162540435791015625e+00) (6, 5.77196002006530761719e-01) (2, 1.72989821434020996094e+00) (3, -1.41024187207221984863e-01) (4, 4.03877407312393188477e-01) (5, -3.97193741798400878906e+00) (6, 6.60594522953033447266e-01) (2, 1.47709765625000000000e+03) (3, 3.76752960205078125000e+02) (4, 1.49413989257812500000e+03) (5, 1.47049291992187500000e+03) (6, 6.85045838356018066406e-01) (7, 5.13850975036621093750e+00) (8, -2.96205788850784301758e-01) (9, -2.86127877235412597656e+00) (10, -4.27202135324478149414e-01) (11, 5.65048396587371826172e-01) (7, 2.50008654594421386719e+00) (8, 2.79374074935913085938e+00) (9, 2.82472801208496093750e+00) (10, -2.57509756088256835938e+00) (11, -3.19299429655075073242e-01) 
