FANN_FLO_2.1
num_layers=3
learning_rate=0.400000
connection_rate=1.000000
network_type=0
learning_momentum=0.000000
training_algorithm=2
train_error_function=1
train_stop_function=0
cascade_output_change_fraction=0.010000
quickprop_decay=-0.000100
quickprop_mu=1.750000
rprop_increase_factor=1.200000
rprop_decrease_factor=0.500000
rprop_delta_min=0.000000
rprop_delta_max=50.000000
rprop_delta_zero=0.100000
cascade_output_stagnation_epochs=12
cascade_candidate_change_fraction=0.010000
cascade_candidate_stagnation_epochs=12
cascade_max_out_epochs=150
cascade_min_out_epochs=50
cascade_max_cand_epochs=150
cascade_min_cand_epochs=50
cascade_num_candidate_groups=2
bit_fail_limit=3.49999994039535522461e-01
cascade_candidate_limit=1.00000000000000000000e+03
cascade_weight_multiplier=4.00000005960464477539e-01
cascade_activation_functions_count=10
cascade_activation_functions=3 5 7 8 10 11 14 15 16 17 
cascade_activation_steepnesses_count=4
cascade_activation_steepnesses=2.50000000000000000000e-01 5.00000000000000000000e-01 7.50000000000000000000e-01 1.00000000000000000000e+00 
layer_sizes=19 3 3 
scale_included=0
neurons (num_inputs, activation_function, activation_steepness)=(0, 0, 0.00000000000000000000e+00) (0, 0, 0.00000000000000000000e+00) (0, 0, 0.00000000000000000000e+00) (0, 0, 0.00000000000000000000e+00) (0, 0, 0.00000000000000000000e+00) (0, 0, 0.00000000000000000000e+00) (0, 0, 0.00000000000000000000e+00) (0, 0, 0.00000000000000000000e+00) (0, 0, 0.00000000000000000000e+00) (0, 0, 0.00000000000000000000e+00) (0, 0, 0.00000000000000000000e+00) (0, 0, 0.00000000000000000000e+00) (0, 0, 0.00000000000000000000e+00) (0, 0, 0.00000000000000000000e+00) (0, 0, 0.00000000000000000000e+00) (0, 0, 0.00000000000000000000e+00) (0, 0, 0.00000000000000000000e+00) (0, 0, 0.00000000000000000000e+00) (0, 0, 0.00000000000000000000e+00) (19, 3, 5.00000000000000000000e-01) (19, 3, 5.00000000000000000000e-01) (0, 3, 0.00000000000000000000e+00) (3, 3, 5.00000000000000000000e-01) (3, 3, 5.00000000000000000000e-01) (0, 3, 0.00000000000000000000e+00) 
connections (connected_to_neuron, weight)=(0, 3.10368925333023071289e-01) (1, -1.15368919372558593750e+01) (2, -7.87176752090454101562e+00) (3, 7.28759193420410156250e+00) (4, -1.55584979057312011719e+00) (5, 2.73764610290527343750e+01) (6, 7.33890628814697265625e+00) (7, 1.17605674266815185547e+00) (8, -3.40780162811279296875e+00) (9, -2.90328311920166015625e+00) (10, 5.17801761627197265625e+00) (11, -1.14327013492584228516e+00) (12, -1.13425588607788085938e+01) (13, 7.33338546752929687500e+00) (14, 1.18544161319732666016e+00) (15, -9.15395545959472656250e+00) (16, 4.58502054214477539062e+00) (17, 6.04571723937988281250e+00) (18, 9.31151807308197021484e-01) (0, -2.25824880599975585938e+00) (1, 2.50181627273559570312e+00) (2, 6.55906200408935546875e-01) (3, -5.02326107025146484375e+00) (4, 2.12440276145935058594e+00) (5, -8.47420692443847656250e+00) (6, -3.79745244979858398438e+00) (7, 2.27432751655578613281e+00) (8, 7.87273570895195007324e-02) (9, 3.99240255355834960938e+00) (10, -2.65297698974609375000e+00) (11, 2.59729355573654174805e-01) (12, 5.42906999588012695312e+00) (13, -2.71100950241088867188e+00) (14, -1.00750647485256195068e-01) (15, 3.50980353355407714844e+00) (16, -4.29581069946289062500e+00) (17, -1.81150722503662109375e+00) (18, -9.83616709709167480469e-02) (19, -1.60214376449584960938e+00) (20, -2.18818593025207519531e+00) (21, 1.08960998058319091797e+00) (19, 1.59940195083618164062e+00) (20, 2.18700194358825683594e+00) (21, -1.08721387386322021484e+00) 
