FANN_FLO_2.1
num_layers=3
learning_rate=0.400000
connection_rate=1.000000
network_type=0
learning_momentum=0.000000
training_algorithm=2
train_error_function=1
train_stop_function=0
cascade_output_change_fraction=0.010000
quickprop_decay=-0.000100
quickprop_mu=1.750000
rprop_increase_factor=1.200000
rprop_decrease_factor=0.500000
rprop_delta_min=0.000000
rprop_delta_max=50.000000
rprop_delta_zero=0.100000
cascade_output_stagnation_epochs=12
cascade_candidate_change_fraction=0.010000
cascade_candidate_stagnation_epochs=12
cascade_max_out_epochs=150
cascade_min_out_epochs=50
cascade_max_cand_epochs=150
cascade_min_cand_epochs=50
cascade_num_candidate_groups=2
bit_fail_limit=3.49999994039535522461e-01
cascade_candidate_limit=1.00000000000000000000e+03
cascade_weight_multiplier=4.00000005960464477539e-01
cascade_activation_functions_count=10
cascade_activation_functions=3 5 7 8 10 11 14 15 16 17 
cascade_activation_steepnesses_count=4
cascade_activation_steepnesses=2.50000000000000000000e-01 5.00000000000000000000e-01 7.50000000000000000000e-01 1.00000000000000000000e+00 
layer_sizes=7 9 2 
scale_included=0
neurons (num_inputs, activation_function, activation_steepness)=(0, 0, 0.00000000000000000000e+00) (0, 0, 0.00000000000000000000e+00) (0, 0, 0.00000000000000000000e+00) (0, 0, 0.00000000000000000000e+00) (0, 0, 0.00000000000000000000e+00) (0, 0, 0.00000000000000000000e+00) (0, 0, 0.00000000000000000000e+00) (7, 3, 5.00000000000000000000e-01) (7, 3, 5.00000000000000000000e-01) (7, 3, 5.00000000000000000000e-01) (7, 3, 5.00000000000000000000e-01) (7, 3, 5.00000000000000000000e-01) (7, 3, 5.00000000000000000000e-01) (7, 3, 5.00000000000000000000e-01) (7, 3, 5.00000000000000000000e-01) (0, 3, 0.00000000000000000000e+00) (9, 3, 5.00000000000000000000e-01) (0, 3, 0.00000000000000000000e+00) 
connections (connected_to_neuron, weight)=(0, -3.42512726783752441406e+00) (1, -5.65081477165222167969e-01) (2, 3.19680595397949218750e+00) (3, -8.41051197052001953125e+00) (4, -3.55543065071105957031e+00) (5, -3.30099552869796752930e-01) (6, 3.93422365188598632812e+00) (0, -4.44008159637451171875e+00) (1, 1.26805472373962402344e+00) (2, -4.85466432571411132812e+00) (3, 6.69445693492889404297e-01) (4, -1.11002512276172637939e-01) (5, -5.05738403320312500000e+02) (6, 4.28085088729858398438e+00) (0, -7.00297260284423828125e+00) (1, 6.02062702178955078125e+00) (2, 3.36287927627563476562e+00) (3, -3.11171817779541015625e+00) (4, -1.85934352874755859375e+00) (5, -5.05738403320312500000e+02) (6, 4.20801609754562377930e-01) (0, -3.93836438655853271484e-01) (1, -4.34346342086791992188e+00) (2, -7.01047468185424804688e+00) (3, -5.32068443298339843750e+00) (4, -2.08817410469055175781e+00) (5, -5.33544254302978515625e+00) (6, 8.74011802673339843750e+00) (0, -1.65869367122650146484e+00) (1, -7.99106061458587646484e-01) (2, -8.60716171264648437500e+01) (3, -4.01312398910522460938e+00) (4, 5.68774795532226562500e+00) (5, -5.05738403320312500000e+02) (6, 1.23573929071426391602e-01) (0, -1.24323024749755859375e+01) (1, 9.76371765136718750000e+00) (2, -9.15395069122314453125e+00) (3, -2.46054267883300781250e+00) (4, -1.87825024127960205078e-01) (5, 4.50556659698486328125e+00) (6, 1.51999914646148681641e+00) (0, 1.17837648391723632812e+01) (1, -1.35405349731445312500e+01) (2, 2.85544180870056152344e+00) (3, -4.61620378494262695312e+00) (4, -1.49014568328857421875e+00) (5, 5.08338403701782226562e+00) (6, -3.18660473823547363281e+00) (0, -3.79856467247009277344e+00) (1, -5.29101943969726562500e+00) (2, 1.71764556884765625000e+02) (3, 1.95076799392700195312e+00) (4, -4.51923274993896484375e+00) (5, -1.98893666267395019531e+00) (6, 4.68832254409790039062e+00) (7, 3.67336630821228027344e+00) (8, -1.10372102260589599609e+00) (9, -1.04749536514282226562e+01) (10, -4.38958734273910522461e-01) (11, -6.57026231288909912109e-01) (12, -2.03599143028259277344e+00) (13, -7.41534233093261718750e+00) (14, -2.12193310260772705078e-01) (15, 2.96103239059448242188e-01) 
