FANN_FLO_2.1
num_layers=3
learning_rate=0.400000
connection_rate=1.000000
network_type=0
learning_momentum=0.000000
training_algorithm=2
train_error_function=1
train_stop_function=0
cascade_output_change_fraction=0.010000
quickprop_decay=-0.000100
quickprop_mu=1.750000
rprop_increase_factor=1.200000
rprop_decrease_factor=0.500000
rprop_delta_min=0.000000
rprop_delta_max=50.000000
rprop_delta_zero=0.100000
cascade_output_stagnation_epochs=12
cascade_candidate_change_fraction=0.010000
cascade_candidate_stagnation_epochs=12
cascade_max_out_epochs=150
cascade_min_out_epochs=50
cascade_max_cand_epochs=150
cascade_min_cand_epochs=50
cascade_num_candidate_groups=2
bit_fail_limit=3.49999994039535522461e-01
cascade_candidate_limit=1.00000000000000000000e+03
cascade_weight_multiplier=4.00000005960464477539e-01
cascade_activation_functions_count=10
cascade_activation_functions=3 5 7 8 10 11 14 15 16 17 
cascade_activation_steepnesses_count=4
cascade_activation_steepnesses=2.50000000000000000000e-01 5.00000000000000000000e-01 7.50000000000000000000e-01 1.00000000000000000000e+00 
layer_sizes=7 5 2 
scale_included=0
neurons (num_inputs, activation_function, activation_steepness)=(0, 0, 0.00000000000000000000e+00) (0, 0, 0.00000000000000000000e+00) (0, 0, 0.00000000000000000000e+00) (0, 0, 0.00000000000000000000e+00) (0, 0, 0.00000000000000000000e+00) (0, 0, 0.00000000000000000000e+00) (0, 0, 0.00000000000000000000e+00) (7, 3, 5.00000000000000000000e-01) (7, 3, 5.00000000000000000000e-01) (7, 3, 5.00000000000000000000e-01) (7, 3, 5.00000000000000000000e-01) (0, 3, 0.00000000000000000000e+00) (5, 3, 5.00000000000000000000e-01) (0, 3, 0.00000000000000000000e+00) 
connections (connected_to_neuron, weight)=(0, -3.19138598442077636719e+00) (1, -3.52029848098754882812e+00) (2, 1.17797269821166992188e+01) (3, -4.28163719177246093750e+00) (4, -2.54775977134704589844e+00) (5, 3.91245126724243164062e-01) (6, 8.92383670806884765625e+00) (0, -1.08854160308837890625e+01) (1, 1.00777645111083984375e+01) (2, -1.59217953681945800781e+00) (3, -9.30023252964019775391e-01) (4, -1.04482793807983398438e+00) (5, -1.47325964355468750000e+03) (6, -5.06254673004150390625e-01) (0, 6.46598577499389648438e+00) (1, -5.98974180221557617188e+00) (2, 2.44572973251342773438e+00) (3, -2.74554777145385742188e+00) (4, 5.80325961112976074219e-01) (5, 2.41638231277465820312e+00) (6, -4.23210906982421875000e+00) (0, 1.66131067276000976562e+00) (1, -8.95201206207275390625e+00) (2, -1.07968301773071289062e+01) (3, 6.80830478668212890625e+00) (4, -7.10571908950805664062e+00) (5, 9.28401279449462890625e+00) (6, -2.99937057495117187500e+00) (7, -1.02958989143371582031e+00) (8, -9.49051666259765625000e+00) (9, -9.23546409606933593750e+00) (10, -6.09563648700714111328e-01) (11, -4.15362745523452758789e-01) 
