FANN_FLO_2.1
num_layers=3
learning_rate=0.400000
connection_rate=1.000000
network_type=0
learning_momentum=0.000000
training_algorithm=2
train_error_function=1
train_stop_function=0
cascade_output_change_fraction=0.010000
quickprop_decay=-0.000100
quickprop_mu=1.750000
rprop_increase_factor=1.200000
rprop_decrease_factor=0.500000
rprop_delta_min=0.000000
rprop_delta_max=50.000000
rprop_delta_zero=0.100000
cascade_output_stagnation_epochs=12
cascade_candidate_change_fraction=0.010000
cascade_candidate_stagnation_epochs=12
cascade_max_out_epochs=150
cascade_min_out_epochs=50
cascade_max_cand_epochs=150
cascade_min_cand_epochs=50
cascade_num_candidate_groups=2
bit_fail_limit=3.49999994039535522461e-01
cascade_candidate_limit=1.00000000000000000000e+03
cascade_weight_multiplier=4.00000005960464477539e-01
cascade_activation_functions_count=10
cascade_activation_functions=3 5 7 8 10 11 14 15 16 17 
cascade_activation_steepnesses_count=4
cascade_activation_steepnesses=2.50000000000000000000e-01 5.00000000000000000000e-01 7.50000000000000000000e-01 1.00000000000000000000e+00 
layer_sizes=19 3 3 
scale_included=0
neurons (num_inputs, activation_function, activation_steepness)=(0, 0, 0.00000000000000000000e+00) (0, 0, 0.00000000000000000000e+00) (0, 0, 0.00000000000000000000e+00) (0, 0, 0.00000000000000000000e+00) (0, 0, 0.00000000000000000000e+00) (0, 0, 0.00000000000000000000e+00) (0, 0, 0.00000000000000000000e+00) (0, 0, 0.00000000000000000000e+00) (0, 0, 0.00000000000000000000e+00) (0, 0, 0.00000000000000000000e+00) (0, 0, 0.00000000000000000000e+00) (0, 0, 0.00000000000000000000e+00) (0, 0, 0.00000000000000000000e+00) (0, 0, 0.00000000000000000000e+00) (0, 0, 0.00000000000000000000e+00) (0, 0, 0.00000000000000000000e+00) (0, 0, 0.00000000000000000000e+00) (0, 0, 0.00000000000000000000e+00) (0, 0, 0.00000000000000000000e+00) (19, 3, 5.00000000000000000000e-01) (19, 3, 5.00000000000000000000e-01) (0, 3, 0.00000000000000000000e+00) (3, 3, 5.00000000000000000000e-01) (3, 3, 5.00000000000000000000e-01) (0, 3, 0.00000000000000000000e+00) 
connections (connected_to_neuron, weight)=(0, -2.82432961463928222656e+00) (1, -1.15108323097229003906e+00) (2, -1.09210424423217773438e+01) (3, -3.73162484169006347656e+00) (4, 1.49491224288940429688e+01) (5, -1.10761623382568359375e+01) (6, -6.76319479942321777344e-01) (7, 3.35739231109619140625e+00) (8, -2.18714046478271484375e+00) (9, -5.69381237030029296875e+00) (10, -9.51275885105133056641e-01) (11, 2.61474442481994628906e+00) (12, 1.92304146289825439453e+00) (13, 3.64942669868469238281e+00) (14, 1.23464384078979492188e+01) (15, 9.15976238250732421875e+00) (16, -1.78352565765380859375e+01) (17, 1.64865417480468750000e+01) (18, 4.14717018604278564453e-01) (0, 1.91370534896850585938e+00) (1, -2.12562537193298339844e+00) (2, 6.56499147415161132812e+00) (3, 1.06419503688812255859e+00) (4, -6.87363433837890625000e+00) (5, 5.75651502609252929688e+00) (6, -2.45155349373817443848e-01) (7, -3.81841087341308593750e+00) (8, 3.63656497001647949219e+00) (9, -2.06555828452110290527e-01) (10, 3.24587941169738769531e+00) (11, -2.15450978279113769531e+00) (12, -1.48838818073272705078e+00) (13, 1.73177671432495117188e+00) (14, -6.49065589904785156250e+00) (15, -1.51026344299316406250e+00) (16, 5.76640081405639648438e+00) (17, -7.16825151443481445312e+00) (18, -2.74961614608764648438e+00) (19, -1.32370018959045410156e+00) (20, -1.91642403602600097656e+00) (21, 7.22801089286804199219e-01) (19, 1.32477962970733642578e+00) (20, 1.91882288455963134766e+00) (21, -7.23800122737884521484e-01) 
