FANN_FLO_2.1
num_layers=4
learning_rate=0.400000
connection_rate=1.000000
network_type=0
learning_momentum=0.000000
training_algorithm=2
train_error_function=1
train_stop_function=0
cascade_output_change_fraction=0.010000
quickprop_decay=-0.000100
quickprop_mu=1.750000
rprop_increase_factor=1.200000
rprop_decrease_factor=0.500000
rprop_delta_min=0.000000
rprop_delta_max=50.000000
rprop_delta_zero=0.100000
cascade_output_stagnation_epochs=12
cascade_candidate_change_fraction=0.010000
cascade_candidate_stagnation_epochs=12
cascade_max_out_epochs=150
cascade_min_out_epochs=50
cascade_max_cand_epochs=150
cascade_min_cand_epochs=50
cascade_num_candidate_groups=2
bit_fail_limit=3.49999994039535522461e-01
cascade_candidate_limit=1.00000000000000000000e+03
cascade_weight_multiplier=4.00000005960464477539e-01
cascade_activation_functions_count=10
cascade_activation_functions=3 5 7 8 10 11 14 15 16 17 
cascade_activation_steepnesses_count=4
cascade_activation_steepnesses=2.50000000000000000000e-01 5.00000000000000000000e-01 7.50000000000000000000e-01 1.00000000000000000000e+00 
layer_sizes=7 5 3 2 
scale_included=0
neurons (num_inputs, activation_function, activation_steepness)=(0, 0, 0.00000000000000000000e+00) (0, 0, 0.00000000000000000000e+00) (0, 0, 0.00000000000000000000e+00) (0, 0, 0.00000000000000000000e+00) (0, 0, 0.00000000000000000000e+00) (0, 0, 0.00000000000000000000e+00) (0, 0, 0.00000000000000000000e+00) (7, 3, 5.00000000000000000000e-01) (7, 3, 5.00000000000000000000e-01) (7, 3, 5.00000000000000000000e-01) (7, 3, 5.00000000000000000000e-01) (0, 3, 0.00000000000000000000e+00) (5, 3, 5.00000000000000000000e-01) (5, 3, 5.00000000000000000000e-01) (0, 3, 0.00000000000000000000e+00) (3, 3, 5.00000000000000000000e-01) (0, 3, 0.00000000000000000000e+00) 
connections (connected_to_neuron, weight)=(0, -3.27688574790954589844e+00) (1, -3.09146332740783691406e+00) (2, 1.75273597240447998047e-01) (3, -6.66172409057617187500e+00) (4, -9.17620956897735595703e-02) (5, -2.91862964630126953125e-01) (6, 7.34300231933593750000e+00) (0, -1.48200000000000000000e+03) (1, -1.48200000000000000000e+03) (2, -1.48200000000000000000e+03) (3, -1.40468200683593750000e+03) (4, 7.06116104125976562500e+01) (5, -1.50000000000000000000e+03) (6, -4.33595314025878906250e+01) (0, -7.20698394775390625000e+01) (1, -8.35335159301757812500e+01) (2, -3.67630920410156250000e+01) (3, 7.34003925323486328125e+00) (4, 1.06728259277343750000e+03) (5, -4.72383758544921875000e+02) (6, 1.90907287597656250000e+01) (0, -3.91898655891418457031e+00) (1, 3.44671707153320312500e+01) (2, -1.02613380432128906250e+02) (3, -2.59221466064453125000e+02) (4, 9.63136840820312500000e+02) (5, -2.34418350219726562500e+02) (6, 9.10437464714050292969e-01) (7, 2.79255790710449218750e+01) (8, 1.50000000000000000000e+03) (9, -1.19636850357055664062e+01) (10, -1.29694166183471679688e+01) (11, -1.59501290321350097656e+00) (7, 4.15104818344116210938e+00) (8, 1.50000000000000000000e+03) (9, -9.04386162757873535156e-01) (10, 9.55524206161499023438e-01) (11, -1.28697800636291503906e+00) (12, -7.81560719013214111328e-01) (13, -1.63795363903045654297e+00) (14, -1.15756225585937500000e+00) 
