FANN_FLO_2.1
num_layers=3
learning_rate=0.400000
connection_rate=1.000000
network_type=0
learning_momentum=0.000000
training_algorithm=2
train_error_function=1
train_stop_function=0
cascade_output_change_fraction=0.010000
quickprop_decay=-0.000100
quickprop_mu=1.750000
rprop_increase_factor=1.200000
rprop_decrease_factor=0.500000
rprop_delta_min=0.000000
rprop_delta_max=50.000000
rprop_delta_zero=0.100000
cascade_output_stagnation_epochs=12
cascade_candidate_change_fraction=0.010000
cascade_candidate_stagnation_epochs=12
cascade_max_out_epochs=150
cascade_min_out_epochs=50
cascade_max_cand_epochs=150
cascade_min_cand_epochs=50
cascade_num_candidate_groups=2
bit_fail_limit=3.49999994039535522461e-01
cascade_candidate_limit=1.00000000000000000000e+03
cascade_weight_multiplier=4.00000005960464477539e-01
cascade_activation_functions_count=10
cascade_activation_functions=3 5 7 8 10 11 14 15 16 17 
cascade_activation_steepnesses_count=4
cascade_activation_steepnesses=2.50000000000000000000e-01 5.00000000000000000000e-01 7.50000000000000000000e-01 1.00000000000000000000e+00 
layer_sizes=7 5 2 
scale_included=0
neurons (num_inputs, activation_function, activation_steepness)=(0, 0, 0.00000000000000000000e+00) (0, 0, 0.00000000000000000000e+00) (0, 0, 0.00000000000000000000e+00) (0, 0, 0.00000000000000000000e+00) (0, 0, 0.00000000000000000000e+00) (0, 0, 0.00000000000000000000e+00) (0, 0, 0.00000000000000000000e+00) (7, 3, 5.00000000000000000000e-01) (7, 3, 5.00000000000000000000e-01) (7, 3, 5.00000000000000000000e-01) (7, 3, 5.00000000000000000000e-01) (0, 3, 0.00000000000000000000e+00) (5, 3, 5.00000000000000000000e-01) (0, 3, 0.00000000000000000000e+00) 
connections (connected_to_neuron, weight)=(0, -6.25167787075042724609e-01) (1, -4.43368107080459594727e-01) (2, -2.70780611038208007812e+00) (3, -8.44715404510498046875e+00) (4, 1.12148427963256835938e+01) (5, -4.73885871469974517822e-02) (6, 9.78350758552551269531e-01) (0, 3.51681375503540039062e+00) (1, 7.22679948806762695312e+00) (2, 1.27593851089477539062e+00) (3, -2.10434961318969726562e+00) (4, -2.62928676605224609375e+00) (5, -6.42968606948852539062e+00) (6, 3.89604330062866210938e+00) (0, -1.94486880302429199219e+00) (1, 2.51111099243164062500e+02) (2, 1.50000000000000000000e+03) (3, 2.16967056274414062500e+02) (4, 4.21600837707519531250e+01) (5, 1.50000000000000000000e+03) (6, 1.26684856414794921875e+00) (0, 2.44157075881958007812e+00) (1, 2.38461065292358398438e+00) (2, -1.49421882629394531250e+00) (3, -1.19929990768432617188e+01) (4, 6.26272916793823242188e+00) (5, 3.40150213241577148438e+00) (6, 2.30330657958984375000e+00) (7, 2.56771898269653320312e+00) (8, -1.84832251071929931641e+00) (9, 1.34216511249542236328e+00) (10, -3.15847802162170410156e+00) (11, 8.54547441005706787109e-01) 
