FANN_FLO_2.1
num_layers=4
learning_rate=0.500000
connection_rate=1.000000
network_type=0
learning_momentum=0.000000
training_algorithm=2
train_error_function=1
train_stop_function=0
cascade_output_change_fraction=0.010000
quickprop_decay=-0.000100
quickprop_mu=1.750000
rprop_increase_factor=1.200000
rprop_decrease_factor=0.500000
rprop_delta_min=0.000000
rprop_delta_max=50.000000
rprop_delta_zero=0.100000
cascade_output_stagnation_epochs=12
cascade_candidate_change_fraction=0.010000
cascade_candidate_stagnation_epochs=12
cascade_max_out_epochs=150
cascade_min_out_epochs=50
cascade_max_cand_epochs=150
cascade_min_cand_epochs=50
cascade_num_candidate_groups=2
bit_fail_limit=3.49999994039535522461e-01
cascade_candidate_limit=1.00000000000000000000e+03
cascade_weight_multiplier=4.00000005960464477539e-01
cascade_activation_functions_count=10
cascade_activation_functions=3 5 7 8 10 11 14 15 16 17 
cascade_activation_steepnesses_count=4
cascade_activation_steepnesses=2.50000000000000000000e-01 5.00000000000000000000e-01 7.50000000000000000000e-01 1.00000000000000000000e+00 
layer_sizes=10 3 3 2 
scale_included=0
neurons (num_inputs, activation_function, activation_steepness)=(0, 0, 0.00000000000000000000e+00) (0, 0, 0.00000000000000000000e+00) (0, 0, 0.00000000000000000000e+00) (0, 0, 0.00000000000000000000e+00) (0, 0, 0.00000000000000000000e+00) (0, 0, 0.00000000000000000000e+00) (0, 0, 0.00000000000000000000e+00) (0, 0, 0.00000000000000000000e+00) (0, 0, 0.00000000000000000000e+00) (0, 0, 0.00000000000000000000e+00) (10, 3, 5.00000000000000000000e-01) (10, 3, 5.00000000000000000000e-01) (0, 3, 0.00000000000000000000e+00) (3, 3, 5.00000000000000000000e-01) (3, 3, 5.00000000000000000000e-01) (0, 3, 0.00000000000000000000e+00) (3, 3, 5.00000000000000000000e-01) (0, 3, 0.00000000000000000000e+00) 
connections (connected_to_neuron, weight)=(0, -8.38143768310546875000e+01) (1, 4.86633666992187500000e+02) (2, -2.02782302856445312500e+02) (3, -7.59620845317840576172e-01) (4, -4.67930480957031250000e+02) (5, -2.08757072687149047852e-01) (6, -1.74899536132812500000e+02) (7, 8.41944122314453125000e+00) (8, 3.15635345458984375000e+02) (9, -7.16522741317749023438e+00) (0, 4.04123973846435546875e+00) (1, 3.12912750244140625000e+00) (2, -8.93441486358642578125e+00) (3, -5.04196584224700927734e-02) (4, -2.48272972106933593750e+01) (5, 1.32161247730255126953e+00) (6, 2.76926970481872558594e+00) (7, 1.03780059814453125000e+01) (8, 4.85351848602294921875e+00) (9, -6.67706727981567382812e-02) (10, 2.81340265274047851562e+00) (11, 9.03068637847900390625e+00) (12, -3.19912481307983398438e+00) (10, -8.03241424560546875000e+01) (11, -1.08310852050781250000e+03) (12, 8.34773712158203125000e+01) (13, 2.37157988548278808594e+00) (14, 2.81186962127685546875e+00) (15, -2.09328579902648925781e+00) 
