FANN_FLO_2.1
num_layers=4
learning_rate=0.500000
connection_rate=1.000000
network_type=0
learning_momentum=0.000000
training_algorithm=2
train_error_function=1
train_stop_function=0
cascade_output_change_fraction=0.010000
quickprop_decay=-0.000100
quickprop_mu=1.750000
rprop_increase_factor=1.200000
rprop_decrease_factor=0.500000
rprop_delta_min=0.000000
rprop_delta_max=50.000000
rprop_delta_zero=0.100000
cascade_output_stagnation_epochs=12
cascade_candidate_change_fraction=0.010000
cascade_candidate_stagnation_epochs=12
cascade_max_out_epochs=150
cascade_min_out_epochs=50
cascade_max_cand_epochs=150
cascade_min_cand_epochs=50
cascade_num_candidate_groups=2
bit_fail_limit=3.49999994039535522461e-01
cascade_candidate_limit=1.00000000000000000000e+03
cascade_weight_multiplier=4.00000005960464477539e-01
cascade_activation_functions_count=10
cascade_activation_functions=3 5 7 8 10 11 14 15 16 17 
cascade_activation_steepnesses_count=4
cascade_activation_steepnesses=2.50000000000000000000e-01 5.00000000000000000000e-01 7.50000000000000000000e-01 1.00000000000000000000e+00 
layer_sizes=2 5 5 3 
scale_included=0
neurons (num_inputs, activation_function, activation_steepness)=(0, 0, 0.00000000000000000000e+00) (0, 0, 0.00000000000000000000e+00) (2, 3, 5.00000000000000000000e-01) (2, 3, 5.00000000000000000000e-01) (2, 3, 5.00000000000000000000e-01) (2, 3, 5.00000000000000000000e-01) (0, 3, 0.00000000000000000000e+00) (5, 3, 5.00000000000000000000e-01) (5, 3, 5.00000000000000000000e-01) (5, 3, 5.00000000000000000000e-01) (5, 3, 5.00000000000000000000e-01) (0, 3, 0.00000000000000000000e+00) (5, 0, 5.00000000000000000000e-01) (5, 0, 5.00000000000000000000e-01) (0, 0, 0.00000000000000000000e+00) 
connections (connected_to_neuron, weight)=(0, 3.39676017761230468750e+01) (1, -9.78341877460479736328e-01) (0, 1.59301567077636718750e+01) (1, -6.82451534271240234375e+00) (0, 9.76021099090576171875e+00) (1, -1.83823347091674804688e+00) (0, -2.01051673889160156250e+01) (1, 3.03388953208923339844e+00) (2, 2.55407810211181640625e+00) (3, -3.01743340492248535156e+00) (4, 3.39370608329772949219e+00) (5, -4.37265777587890625000e+00) (6, -2.67362713813781738281e-01) (2, 3.32672238349914550781e-01) (3, -2.48079752922058105469e+00) (4, 3.95461589097976684570e-01) (5, 2.49704341888427734375e+01) (6, 4.70212697982788085938e-01) (2, 2.80060321092605590820e-01) (3, 8.62638950347900390625e+00) (4, 3.02119948901236057281e-03) (5, -4.01811552047729492188e+00) (6, 1.12277105450630187988e-01) (2, -2.21819734573364257812e+00) (3, 3.49430990219116210938e+00) (4, -2.70406305789947509766e-01) (5, 3.58966112136840820312e-01) (6, -2.04132124781608581543e-02) (7, -1.00719046592712402344e+00) (8, -1.64720332622528076172e+00) (9, -4.97827470302581787109e-01) (10, 2.50075411796569824219e+00) (11, 6.39823317527770996094e-01) (7, -4.88163530826568603516e-01) (8, 1.73266124725341796875e+00) (9, -2.54169440269470214844e+00) (10, 1.81798502802848815918e-01) (11, 2.80450820922851562500e-01) 
