FANN_FLO_2.1
num_layers=3
learning_rate=0.400000
connection_rate=1.000000
network_type=0
learning_momentum=0.000000
training_algorithm=2
train_error_function=1
train_stop_function=0
cascade_output_change_fraction=0.010000
quickprop_decay=-0.000100
quickprop_mu=1.750000
rprop_increase_factor=1.200000
rprop_decrease_factor=0.500000
rprop_delta_min=0.000000
rprop_delta_max=50.000000
rprop_delta_zero=0.100000
cascade_output_stagnation_epochs=12
cascade_candidate_change_fraction=0.010000
cascade_candidate_stagnation_epochs=12
cascade_max_out_epochs=150
cascade_min_out_epochs=50
cascade_max_cand_epochs=150
cascade_min_cand_epochs=50
cascade_num_candidate_groups=2
bit_fail_limit=3.49999994039535522461e-01
cascade_candidate_limit=1.00000000000000000000e+03
cascade_weight_multiplier=4.00000005960464477539e-01
cascade_activation_functions_count=10
cascade_activation_functions=3 5 7 8 10 11 14 15 16 17 
cascade_activation_steepnesses_count=4
cascade_activation_steepnesses=2.50000000000000000000e-01 5.00000000000000000000e-01 7.50000000000000000000e-01 1.00000000000000000000e+00 
layer_sizes=7 9 2 
scale_included=0
neurons (num_inputs, activation_function, activation_steepness)=(0, 0, 0.00000000000000000000e+00) (0, 0, 0.00000000000000000000e+00) (0, 0, 0.00000000000000000000e+00) (0, 0, 0.00000000000000000000e+00) (0, 0, 0.00000000000000000000e+00) (0, 0, 0.00000000000000000000e+00) (0, 0, 0.00000000000000000000e+00) (7, 3, 5.00000000000000000000e-01) (7, 3, 5.00000000000000000000e-01) (7, 3, 5.00000000000000000000e-01) (7, 3, 5.00000000000000000000e-01) (7, 3, 5.00000000000000000000e-01) (7, 3, 5.00000000000000000000e-01) (7, 3, 5.00000000000000000000e-01) (7, 3, 5.00000000000000000000e-01) (0, 3, 0.00000000000000000000e+00) (9, 3, 5.00000000000000000000e-01) (0, 3, 0.00000000000000000000e+00) 
connections (connected_to_neuron, weight)=(0, 2.98782014846801757812e+00) (1, 5.56672191619873046875e+00) (2, 1.13698804378509521484e+00) (3, -1.98797628283500671387e-01) (4, -3.01271176338195800781e+00) (5, -6.96448922157287597656e-01) (6, -8.97420525550842285156e-01) (0, -5.80193948745727539062e+00) (1, -4.89615201950073242188e+00) (2, 7.23743319511413574219e-01) (3, 7.39839315414428710938e+00) (4, 1.47936835885047912598e-01) (5, 3.33002686500549316406e+00) (6, -2.62808322906494140625e+00) (0, -3.73605632781982421875e+00) (1, -3.68956971168518066406e+00) (2, -1.51991772651672363281e+00) (3, 2.73237752914428710938e+00) (4, 1.63265132904052734375e+00) (5, 7.36581146717071533203e-01) (6, -2.65466976165771484375e+00) (0, 5.65854454040527343750e+00) (1, -2.49367427825927734375e+00) (2, -2.95267677307128906250e+00) (3, 3.50355839729309082031e+00) (4, -6.75226092338562011719e-01) (5, 6.94235420227050781250e+00) (6, -6.56500101089477539062e+00) (0, 5.11306619644165039062e+00) (1, -1.28244018554687500000e+00) (2, -1.69774615764617919922e+00) (3, -1.03610019683837890625e+01) (4, 5.11794853210449218750e+00) (5, 1.47132742404937744141e+00) (6, -1.25184261798858642578e+00) (0, 1.22208557128906250000e+01) (1, 9.28714752197265625000e+00) (2, 7.32044696807861328125e+00) (3, -1.10485935211181640625e+01) (4, -9.43025588989257812500e-01) (5, 1.75158059597015380859e+00) (6, 3.33351874351501464844e+00) (0, 2.22616529464721679688e+00) (1, 2.83589386940002441406e+00) (2, 8.78752946853637695312e-01) (3, -3.70605885982513427734e-01) (4, -4.31677055358886718750e+00) (5, -3.32264363765716552734e-01) (6, 3.31710433959960937500e+00) (0, -6.57689511775970458984e-01) (1, 1.11961209774017333984e+00) (2, 4.21642732620239257812e+00) (3, -1.60048830509185791016e+00) (4, 5.74970340728759765625e+00) (5, -1.87363815307617187500e+01) (6, -2.39641880989074707031e+00) (7, -9.11831140518188476562e-01) (8, 1.22062361240386962891e+00) (9, 4.57651948928833007812e+00) (10, 1.51945590972900390625e+00) (11, 1.66498911380767822266e+00) (12, -5.88178873062133789062e-01) (13, -7.62100160121917724609e-01) (14, 3.31131744384765625000e+00) (15, -2.47747346758842468262e-01) 
