FANN_FLO_2.1
num_layers=4
learning_rate=0.500000
connection_rate=1.000000
network_type=0
learning_momentum=0.000000
training_algorithm=2
train_error_function=1
train_stop_function=0
cascade_output_change_fraction=0.010000
quickprop_decay=-0.000100
quickprop_mu=1.750000
rprop_increase_factor=1.200000
rprop_decrease_factor=0.500000
rprop_delta_min=0.000000
rprop_delta_max=50.000000
rprop_delta_zero=0.100000
cascade_output_stagnation_epochs=12
cascade_candidate_change_fraction=0.010000
cascade_candidate_stagnation_epochs=12
cascade_max_out_epochs=150
cascade_min_out_epochs=50
cascade_max_cand_epochs=150
cascade_min_cand_epochs=50
cascade_num_candidate_groups=2
bit_fail_limit=3.49999994039535522461e-01
cascade_candidate_limit=1.00000000000000000000e+03
cascade_weight_multiplier=4.00000005960464477539e-01
cascade_activation_functions_count=10
cascade_activation_functions=3 5 7 8 10 11 14 15 16 17 
cascade_activation_steepnesses_count=4
cascade_activation_steepnesses=2.50000000000000000000e-01 5.00000000000000000000e-01 7.50000000000000000000e-01 1.00000000000000000000e+00 
layer_sizes=10 5 3 2 
scale_included=0
neurons (num_inputs, activation_function, activation_steepness)=(0, 0, 0.00000000000000000000e+00) (0, 0, 0.00000000000000000000e+00) (0, 0, 0.00000000000000000000e+00) (0, 0, 0.00000000000000000000e+00) (0, 0, 0.00000000000000000000e+00) (0, 0, 0.00000000000000000000e+00) (0, 0, 0.00000000000000000000e+00) (0, 0, 0.00000000000000000000e+00) (0, 0, 0.00000000000000000000e+00) (0, 0, 0.00000000000000000000e+00) (10, 3, 5.00000000000000000000e-01) (10, 3, 5.00000000000000000000e-01) (10, 3, 5.00000000000000000000e-01) (10, 3, 5.00000000000000000000e-01) (0, 3, 0.00000000000000000000e+00) (5, 3, 5.00000000000000000000e-01) (5, 3, 5.00000000000000000000e-01) (0, 3, 0.00000000000000000000e+00) (3, 3, 5.00000000000000000000e-01) (0, 3, 0.00000000000000000000e+00) 
connections (connected_to_neuron, weight)=(0, -2.40659570693969726562e+00) (1, -6.26111841201782226562e+00) (2, -1.30004787445068359375e+00) (3, -1.26230263710021972656e+00) (4, 1.67127203941345214844e+00) (5, 4.83009243011474609375e+00) (6, 2.58456850051879882812e+00) (7, -3.61753201484680175781e+00) (8, -2.46154546737670898438e+00) (9, 4.34706974029541015625e+00) (0, -2.62011837959289550781e+00) (1, -1.34695398807525634766e+00) (2, -3.02801609039306640625e+00) (3, -8.60756278038024902344e-01) (4, 2.30604141950607299805e-01) (5, 6.55181646347045898438e-01) (6, 1.99914968013763427734e+00) (7, -7.32307672500610351562e-01) (8, -2.46482834219932556152e-01) (9, 2.35825681686401367188e+00) (0, -5.81033766269683837891e-01) (1, 1.22097112238407135010e-01) (2, 5.35229779779911041260e-02) (3, 1.26499116420745849609e+00) (4, -2.65591740608215332031e-01) (5, -1.81033837795257568359e+00) (6, 4.28714841604232788086e-01) (7, 1.62364244461059570312e+00) (8, 3.91887688636779785156e+00) (9, -7.08397924900054931641e-01) (0, -2.26460289955139160156e+00) (1, 7.13036656379699707031e-01) (2, 1.27214646339416503906e+00) (3, -1.96562862396240234375e+00) (4, 5.81276416778564453125e-01) (5, 8.52548885345458984375e+00) (6, -7.39204978942871093750e+00) (7, -9.05378997325897216797e-01) (8, -4.09192371368408203125e+00) (9, 1.28000736236572265625e+00) (10, 7.19037818908691406250e+00) (11, 7.77146577835083007812e+00) (12, -4.28076553344726562500e+00) (13, -3.67518328130245208740e-02) (14, -9.19537305831909179688e-01) (10, 3.09511470794677734375e+00) (11, 1.24109764099121093750e+01) (12, -5.75541210174560546875e+00) (13, 2.56238961219787597656e+00) (14, -2.53569364547729492188e-01) (15, 9.53925907611846923828e-01) (16, 1.70804750919342041016e+00) (17, -1.77609479427337646484e+00) 
