FANN_FLO_2.1
num_layers=3
learning_rate=0.500000
connection_rate=1.000000
network_type=0
learning_momentum=0.000000
training_algorithm=2
train_error_function=1
train_stop_function=0
cascade_output_change_fraction=0.010000
quickprop_decay=-0.000100
quickprop_mu=1.750000
rprop_increase_factor=1.200000
rprop_decrease_factor=0.500000
rprop_delta_min=0.000000
rprop_delta_max=50.000000
rprop_delta_zero=0.100000
cascade_output_stagnation_epochs=12
cascade_candidate_change_fraction=0.010000
cascade_candidate_stagnation_epochs=12
cascade_max_out_epochs=150
cascade_min_out_epochs=50
cascade_max_cand_epochs=150
cascade_min_cand_epochs=50
cascade_num_candidate_groups=2
bit_fail_limit=3.49999994039535522461e-01
cascade_candidate_limit=1.00000000000000000000e+03
cascade_weight_multiplier=4.00000005960464477539e-01
cascade_activation_functions_count=10
cascade_activation_functions=3 5 7 8 10 11 14 15 16 17 
cascade_activation_steepnesses_count=4
cascade_activation_steepnesses=2.50000000000000000000e-01 5.00000000000000000000e-01 7.50000000000000000000e-01 1.00000000000000000000e+00 
layer_sizes=10 5 2 
scale_included=0
neurons (num_inputs, activation_function, activation_steepness)=(0, 0, 0.00000000000000000000e+00) (0, 0, 0.00000000000000000000e+00) (0, 0, 0.00000000000000000000e+00) (0, 0, 0.00000000000000000000e+00) (0, 0, 0.00000000000000000000e+00) (0, 0, 0.00000000000000000000e+00) (0, 0, 0.00000000000000000000e+00) (0, 0, 0.00000000000000000000e+00) (0, 0, 0.00000000000000000000e+00) (0, 0, 0.00000000000000000000e+00) (10, 3, 5.00000000000000000000e-01) (10, 3, 5.00000000000000000000e-01) (10, 3, 5.00000000000000000000e-01) (10, 3, 5.00000000000000000000e-01) (0, 3, 0.00000000000000000000e+00) (5, 3, 5.00000000000000000000e-01) (0, 3, 0.00000000000000000000e+00) 
connections (connected_to_neuron, weight)=(0, 2.40654921531677246094e+00) (1, 7.67757511138916015625e+00) (2, 1.39755859375000000000e+01) (3, -2.82585471868515014648e-01) (4, -8.00570011138916015625e+00) (5, 3.03466510772705078125e+00) (6, -9.34423732757568359375e+00) (7, -5.36333656311035156250e+00) (8, -7.99390554428100585938e+00) (9, 1.31272092461585998535e-01) (0, 1.35538220405578613281e+00) (1, 3.47370052337646484375e+00) (2, -8.43017101287841796875e+00) (3, -5.39946603775024414062e+00) (4, 1.01952433586120605469e+00) (5, 1.06812868118286132812e+01) (6, -1.50858306884765625000e+00) (7, -8.30067348480224609375e+00) (8, -5.63876867294311523438e+00) (9, 1.84510576725006103516e+00) (0, -1.06940761208534240723e-01) (1, 8.08910465240478515625e+00) (2, -2.11676845550537109375e+01) (3, -6.97625756263732910156e-01) (4, 1.80173528194427490234e+00) (5, 3.68628311157226562500e+00) (6, -1.91841170191764831543e-01) (7, 4.55402344465255737305e-01) (8, 3.06507754325866699219e+00) (9, 1.24989651143550872803e-01) (0, 4.09883642196655273438e+00) (1, 4.22788524627685546875e+00) (2, 6.51114225387573242188e+00) (3, -3.54863017797470092773e-01) (4, -1.24941980838775634766e+00) (5, 1.83975493907928466797e+00) (6, -1.32529048919677734375e+01) (7, -2.82082462310791015625e+00) (8, -1.83111631870269775391e+00) (9, 9.86925587058067321777e-02) (10, 3.09510135650634765625e+00) (11, -1.03951692581176757812e+00) (12, 4.60589122772216796875e+00) (13, 2.11243963241577148438e+00) (14, -3.70516157150268554688e+00) 
