FANN_FLO_2.1
num_layers=4
learning_rate=0.400000
connection_rate=1.000000
network_type=0
learning_momentum=0.000000
training_algorithm=2
train_error_function=1
train_stop_function=0
cascade_output_change_fraction=0.010000
quickprop_decay=-0.000100
quickprop_mu=1.750000
rprop_increase_factor=1.200000
rprop_decrease_factor=0.500000
rprop_delta_min=0.000000
rprop_delta_max=50.000000
rprop_delta_zero=0.100000
cascade_output_stagnation_epochs=12
cascade_candidate_change_fraction=0.010000
cascade_candidate_stagnation_epochs=12
cascade_max_out_epochs=150
cascade_min_out_epochs=50
cascade_max_cand_epochs=150
cascade_min_cand_epochs=50
cascade_num_candidate_groups=2
bit_fail_limit=3.49999994039535522461e-01
cascade_candidate_limit=1.00000000000000000000e+03
cascade_weight_multiplier=4.00000005960464477539e-01
cascade_activation_functions_count=10
cascade_activation_functions=3 5 7 8 10 11 14 15 16 17 
cascade_activation_steepnesses_count=4
cascade_activation_steepnesses=2.50000000000000000000e-01 5.00000000000000000000e-01 7.50000000000000000000e-01 1.00000000000000000000e+00 
layer_sizes=7 5 3 2 
scale_included=0
neurons (num_inputs, activation_function, activation_steepness)=(0, 0, 0.00000000000000000000e+00) (0, 0, 0.00000000000000000000e+00) (0, 0, 0.00000000000000000000e+00) (0, 0, 0.00000000000000000000e+00) (0, 0, 0.00000000000000000000e+00) (0, 0, 0.00000000000000000000e+00) (0, 0, 0.00000000000000000000e+00) (7, 3, 5.00000000000000000000e-01) (7, 3, 5.00000000000000000000e-01) (7, 3, 5.00000000000000000000e-01) (7, 3, 5.00000000000000000000e-01) (0, 3, 0.00000000000000000000e+00) (5, 3, 5.00000000000000000000e-01) (5, 3, 5.00000000000000000000e-01) (0, 3, 0.00000000000000000000e+00) (3, 3, 5.00000000000000000000e-01) (0, 3, 0.00000000000000000000e+00) 
connections (connected_to_neuron, weight)=(0, -9.48301818847656250000e+02) (1, -2.21790252685546875000e+02) (2, -5.76940795898437500000e+02) (3, -1.37527490234375000000e+03) (4, -1.04342163085937500000e+02) (5, 1.49121264648437500000e+03) (6, 1.79612052440643310547e+00) (0, -8.81021881103515625000e+00) (1, 3.25318980216979980469e+00) (2, 7.80244541168212890625e+00) (3, -1.04059572219848632812e+01) (4, -2.82740330696105957031e+00) (5, -1.46350532770156860352e-01) (6, 7.94371604919433593750e+00) (0, 6.99762642383575439453e-01) (1, -1.53757739067077636719e+00) (2, -6.22792724609375000000e+02) (3, -1.01844110107421875000e+03) (4, 4.57548767089843750000e+02) (5, -5.78561706542968750000e+02) (6, -2.70500612258911132812e+00) (0, 1.12530114746093750000e+03) (1, -8.03487121582031250000e+02) (2, -1.10542407226562500000e+03) (3, -8.96938415527343750000e+02) (4, 7.11929138183593750000e+02) (5, -5.68746704101562500000e+02) (6, 2.45180702209472656250e+00) (7, 8.89199218750000000000e+01) (8, 1.41318957519531250000e+03) (9, 9.21346008300781250000e+02) (10, -1.62446155548095703125e+01) (11, -1.42247562408447265625e+01) (7, 1.56339275836944580078e+00) (8, 4.66812515258789062500e+00) (9, -1.70630538463592529297e+00) (10, 2.75841891765594482422e-01) (11, -2.09307336807250976562e+00) (12, -9.97018575668334960938e-01) (13, -1.32172989845275878906e+00) (14, -1.06123077869415283203e+00) 
