FANN_FLO_2.1
num_layers=4
learning_rate=0.400000
connection_rate=1.000000
network_type=0
learning_momentum=0.000000
training_algorithm=2
train_error_function=1
train_stop_function=0
cascade_output_change_fraction=0.010000
quickprop_decay=-0.000100
quickprop_mu=1.750000
rprop_increase_factor=1.200000
rprop_decrease_factor=0.500000
rprop_delta_min=0.000000
rprop_delta_max=50.000000
rprop_delta_zero=0.100000
cascade_output_stagnation_epochs=12
cascade_candidate_change_fraction=0.010000
cascade_candidate_stagnation_epochs=12
cascade_max_out_epochs=150
cascade_min_out_epochs=50
cascade_max_cand_epochs=150
cascade_min_cand_epochs=50
cascade_num_candidate_groups=2
bit_fail_limit=3.49999994039535522461e-01
cascade_candidate_limit=1.00000000000000000000e+03
cascade_weight_multiplier=4.00000005960464477539e-01
cascade_activation_functions_count=10
cascade_activation_functions=3 5 7 8 10 11 14 15 16 17 
cascade_activation_steepnesses_count=4
cascade_activation_steepnesses=2.50000000000000000000e-01 5.00000000000000000000e-01 7.50000000000000000000e-01 1.00000000000000000000e+00 
layer_sizes=7 5 5 2 
scale_included=0
neurons (num_inputs, activation_function, activation_steepness)=(0, 0, 0.00000000000000000000e+00) (0, 0, 0.00000000000000000000e+00) (0, 0, 0.00000000000000000000e+00) (0, 0, 0.00000000000000000000e+00) (0, 0, 0.00000000000000000000e+00) (0, 0, 0.00000000000000000000e+00) (0, 0, 0.00000000000000000000e+00) (7, 3, 5.00000000000000000000e-01) (7, 3, 5.00000000000000000000e-01) (7, 3, 5.00000000000000000000e-01) (7, 3, 5.00000000000000000000e-01) (0, 3, 0.00000000000000000000e+00) (5, 3, 5.00000000000000000000e-01) (5, 3, 5.00000000000000000000e-01) (5, 3, 5.00000000000000000000e-01) (5, 3, 5.00000000000000000000e-01) (0, 3, 0.00000000000000000000e+00) (5, 3, 5.00000000000000000000e-01) (0, 3, 0.00000000000000000000e+00) 
connections (connected_to_neuron, weight)=(0, -4.00470405817031860352e-01) (1, 4.21931743621826171875e-01) (2, -2.71782064437866210938e+00) (3, -3.73073458671569824219e+00) (4, 1.55572175979614257812e+00) (5, -1.16281239315867424011e-02) (6, -6.51276528835296630859e-01) (0, 7.58470582962036132812e+00) (1, -2.45441246032714843750e+00) (2, 1.03234148025512695312e+00) (3, 4.14401113986968994141e-01) (4, -3.48037421703338623047e-01) (5, 5.39639425277709960938e+00) (6, -2.68166995048522949219e+00) (0, -2.68060111999511718750e+00) (1, 4.22811317443847656250e+00) (2, 1.31331279873847961426e-01) (3, 6.05275034904479980469e-01) (4, -1.64285874366760253906e+00) (5, -3.05393028259277343750e+00) (6, -1.19873702526092529297e+00) (0, 5.63592863082885742188e+00) (1, -6.67158508300781250000e+00) (2, 2.84560894966125488281e+00) (3, -8.09988319873809814453e-01) (4, -7.96370983123779296875e-01) (5, 3.92667484283447265625e+00) (6, -3.21748328208923339844e+00) (7, 3.08875918388366699219e+00) (8, -4.01743984222412109375e+00) (9, 9.79814910888671875000e+00) (10, 1.20432815551757812500e+01) (11, -4.49587249755859375000e+00) (7, 5.56880569458007812500e+00) (8, -3.96953320503234863281e+00) (9, 5.97277402877807617188e+00) (10, 2.01441116333007812500e+01) (11, -1.00908681750297546387e-01) (7, 5.53055620193481445312e+00) (8, -3.87539243698120117188e+00) (9, 5.87994956970214843750e+00) (10, 1.96575260162353515625e+01) (11, -8.31758901476860046387e-02) (7, 3.77813124656677246094e+00) (8, -1.10471498966217041016e+00) (9, 2.59667301177978515625e+00) (10, 9.55890357494354248047e-01) (11, -8.32853555679321289062e-01) (12, -1.15259675979614257812e+01) (13, -7.26688683032989501953e-01) (14, -7.32322096824645996094e-01) (15, -9.47598397731781005859e-01) (16, -3.97282391786575317383e-01) 
