FANN_FLO_2.1
num_layers=3
learning_rate=0.500000
connection_rate=1.000000
network_type=0
learning_momentum=0.000000
training_algorithm=2
train_error_function=1
train_stop_function=0
cascade_output_change_fraction=0.010000
quickprop_decay=-0.000100
quickprop_mu=1.750000
rprop_increase_factor=1.200000
rprop_decrease_factor=0.500000
rprop_delta_min=0.000000
rprop_delta_max=50.000000
rprop_delta_zero=0.100000
cascade_output_stagnation_epochs=12
cascade_candidate_change_fraction=0.010000
cascade_candidate_stagnation_epochs=12
cascade_max_out_epochs=150
cascade_min_out_epochs=50
cascade_max_cand_epochs=150
cascade_min_cand_epochs=50
cascade_num_candidate_groups=2
bit_fail_limit=3.49999994039535522461e-01
cascade_candidate_limit=1.00000000000000000000e+03
cascade_weight_multiplier=4.00000005960464477539e-01
cascade_activation_functions_count=10
cascade_activation_functions=3 5 7 8 10 11 14 15 16 17 
cascade_activation_steepnesses_count=4
cascade_activation_steepnesses=2.50000000000000000000e-01 5.00000000000000000000e-01 7.50000000000000000000e-01 1.00000000000000000000e+00 
layer_sizes=10 5 2 
scale_included=0
neurons (num_inputs, activation_function, activation_steepness)=(0, 0, 0.00000000000000000000e+00) (0, 0, 0.00000000000000000000e+00) (0, 0, 0.00000000000000000000e+00) (0, 0, 0.00000000000000000000e+00) (0, 0, 0.00000000000000000000e+00) (0, 0, 0.00000000000000000000e+00) (0, 0, 0.00000000000000000000e+00) (0, 0, 0.00000000000000000000e+00) (0, 0, 0.00000000000000000000e+00) (0, 0, 0.00000000000000000000e+00) (10, 3, 5.00000000000000000000e-01) (10, 3, 5.00000000000000000000e-01) (10, 3, 5.00000000000000000000e-01) (10, 3, 5.00000000000000000000e-01) (0, 3, 0.00000000000000000000e+00) (5, 3, 5.00000000000000000000e-01) (0, 3, 0.00000000000000000000e+00) 
connections (connected_to_neuron, weight)=(0, -1.50000000000000000000e+03) (1, 3.06132578849792480469e+00) (2, 1.10638058185577392578e+00) (3, -1.46959997558593750000e+03) (4, -1.66414511203765869141e+00) (5, -1.47989797592163085938e+00) (6, -1.46959997558593750000e+03) (7, 1.98957097530364990234e+00) (8, 1.79943335056304931641e+00) (9, 3.18424664437770843506e-02) (0, 2.45924797058105468750e+01) (1, -2.17592945098876953125e+01) (2, -4.65756559371948242188e+00) (3, 1.20852434635162353516e+00) (4, 9.22618806362152099609e-01) (5, 2.81913340091705322266e-01) (6, 3.67035031318664550781e+00) (7, 1.01144038140773773193e-01) (8, -4.05516147613525390625e-01) (9, -4.45807838439941406250e+00) (0, -1.56316642761230468750e+01) (1, 2.74913728237152099609e-01) (2, -2.44063520431518554688e+00) (3, 6.42225980758666992188e+00) (4, -1.29385280609130859375e+00) (5, -1.99305093288421630859e+00) (6, -2.71115541458129882812e+00) (7, 9.88669490814208984375e+00) (8, 3.18894696235656738281e+00) (9, 2.00638934969902038574e-01) (0, 5.44904899597167968750e+00) (1, 4.66594266891479492188e+00) (2, 4.90370512008666992188e+00) (3, 1.30587024688720703125e+01) (4, 4.20848798751831054688e+00) (5, -5.77694845199584960938e+00) (6, -1.17085781097412109375e+01) (7, -7.85038614273071289062e+00) (8, -1.51480035781860351562e+01) (9, -4.36490952968597412109e-01) (10, 1.39421129226684570312e+00) (11, 4.85518693923950195312e+00) (12, 1.65833961963653564453e+00) (13, 2.75932168960571289062e+00) (14, -1.98819684982299804688e+00) 
