FANN_FLO_2.1
num_layers=4
learning_rate=0.500000
connection_rate=1.000000
network_type=0
learning_momentum=0.000000
training_algorithm=2
train_error_function=1
train_stop_function=0
cascade_output_change_fraction=0.010000
quickprop_decay=-0.000100
quickprop_mu=1.750000
rprop_increase_factor=1.200000
rprop_decrease_factor=0.500000
rprop_delta_min=0.000000
rprop_delta_max=50.000000
rprop_delta_zero=0.100000
cascade_output_stagnation_epochs=12
cascade_candidate_change_fraction=0.010000
cascade_candidate_stagnation_epochs=12
cascade_max_out_epochs=150
cascade_min_out_epochs=50
cascade_max_cand_epochs=150
cascade_min_cand_epochs=50
cascade_num_candidate_groups=2
bit_fail_limit=3.49999994039535522461e-01
cascade_candidate_limit=1.00000000000000000000e+03
cascade_weight_multiplier=4.00000005960464477539e-01
cascade_activation_functions_count=10
cascade_activation_functions=3 5 7 8 10 11 14 15 16 17 
cascade_activation_steepnesses_count=4
cascade_activation_steepnesses=2.50000000000000000000e-01 5.00000000000000000000e-01 7.50000000000000000000e-01 1.00000000000000000000e+00 
layer_sizes=10 5 3 2 
scale_included=0
neurons (num_inputs, activation_function, activation_steepness)=(0, 0, 0.00000000000000000000e+00) (0, 0, 0.00000000000000000000e+00) (0, 0, 0.00000000000000000000e+00) (0, 0, 0.00000000000000000000e+00) (0, 0, 0.00000000000000000000e+00) (0, 0, 0.00000000000000000000e+00) (0, 0, 0.00000000000000000000e+00) (0, 0, 0.00000000000000000000e+00) (0, 0, 0.00000000000000000000e+00) (0, 0, 0.00000000000000000000e+00) (10, 3, 5.00000000000000000000e-01) (10, 3, 5.00000000000000000000e-01) (10, 3, 5.00000000000000000000e-01) (10, 3, 5.00000000000000000000e-01) (0, 3, 0.00000000000000000000e+00) (5, 3, 5.00000000000000000000e-01) (5, 3, 5.00000000000000000000e-01) (0, 3, 0.00000000000000000000e+00) (3, 3, 5.00000000000000000000e-01) (0, 3, 0.00000000000000000000e+00) 
connections (connected_to_neuron, weight)=(0, -2.76742291450500488281e+00) (1, 4.52761936187744140625e+00) (2, -9.31370735168457031250e+00) (3, -2.55086749792098999023e-01) (4, -7.33802509307861328125e+00) (5, 7.52877071499824523926e-02) (6, 1.21253194808959960938e+01) (7, 1.33872950077056884766e+00) (8, -1.35760965347290039062e+01) (9, 1.12072348594665527344e+00) (0, -1.12358117675781250000e+03) (1, 7.40519531250000000000e+02) (2, 7.68934309482574462891e-01) (3, -4.90374359130859375000e+02) (4, -8.45031677246093750000e+02) (5, -1.48510461425781250000e+03) (6, 3.58703575134277343750e+01) (7, -1.49778503417968750000e+03) (8, -1.44916186523437500000e+03) (9, -1.80026257038116455078e+00) (0, -5.70867736816406250000e+02) (1, 4.36791656494140625000e+02) (2, 3.97256761789321899414e-01) (3, -4.90496978759765625000e+02) (4, -8.45468444824218750000e+02) (5, -1.48510461425781250000e+03) (6, 1.44720487594604492188e+01) (7, -1.04072753906250000000e+03) (8, -1.44916186523437500000e+03) (9, -2.11550736427307128906e+00) (0, 1.83743596076965332031e+00) (1, 2.71840643882751464844e+00) (2, 7.44956684112548828125e+00) (3, -1.72737288475036621094e+00) (4, -1.02851307392120361328e+00) (5, -1.32137626409530639648e-01) (6, -8.49659061431884765625e+00) (7, -2.84719538688659667969e+00) (8, -5.72055387496948242188e+00) (9, 1.09881222248077392578e+00) (10, 1.49998046875000000000e+03) (11, 1.50000000000000000000e+03) (12, 1.50000000000000000000e+03) (13, 1.42873687744140625000e+01) (14, -6.24343061447143554688e+00) (10, 1.49429479980468750000e+03) (11, 1.50000000000000000000e+03) (12, 1.50000000000000000000e+03) (13, 1.53602161407470703125e+01) (14, -6.34106969833374023438e+00) (15, 1.07688903808593750000e+00) (16, 8.26986074447631835938e-01) (17, -1.03508234024047851562e+00) 
