FANN_FLO_2.1
num_layers=4
learning_rate=0.400000
connection_rate=1.000000
network_type=0
learning_momentum=0.000000
training_algorithm=2
train_error_function=1
train_stop_function=0
cascade_output_change_fraction=0.010000
quickprop_decay=-0.000100
quickprop_mu=1.750000
rprop_increase_factor=1.200000
rprop_decrease_factor=0.500000
rprop_delta_min=0.000000
rprop_delta_max=50.000000
rprop_delta_zero=0.100000
cascade_output_stagnation_epochs=12
cascade_candidate_change_fraction=0.010000
cascade_candidate_stagnation_epochs=12
cascade_max_out_epochs=150
cascade_min_out_epochs=50
cascade_max_cand_epochs=150
cascade_min_cand_epochs=50
cascade_num_candidate_groups=2
bit_fail_limit=3.49999994039535522461e-01
cascade_candidate_limit=1.00000000000000000000e+03
cascade_weight_multiplier=4.00000005960464477539e-01
cascade_activation_functions_count=10
cascade_activation_functions=3 5 7 8 10 11 14 15 16 17 
cascade_activation_steepnesses_count=4
cascade_activation_steepnesses=2.50000000000000000000e-01 5.00000000000000000000e-01 7.50000000000000000000e-01 1.00000000000000000000e+00 
layer_sizes=7 5 3 2 
scale_included=0
neurons (num_inputs, activation_function, activation_steepness)=(0, 0, 0.00000000000000000000e+00) (0, 0, 0.00000000000000000000e+00) (0, 0, 0.00000000000000000000e+00) (0, 0, 0.00000000000000000000e+00) (0, 0, 0.00000000000000000000e+00) (0, 0, 0.00000000000000000000e+00) (0, 0, 0.00000000000000000000e+00) (7, 3, 5.00000000000000000000e-01) (7, 3, 5.00000000000000000000e-01) (7, 3, 5.00000000000000000000e-01) (7, 3, 5.00000000000000000000e-01) (0, 3, 0.00000000000000000000e+00) (5, 3, 5.00000000000000000000e-01) (5, 3, 5.00000000000000000000e-01) (0, 3, 0.00000000000000000000e+00) (3, 3, 5.00000000000000000000e-01) (0, 3, 0.00000000000000000000e+00) 
connections (connected_to_neuron, weight)=(0, -5.83304119110107421875e+00) (1, 3.83338332176208496094e+00) (2, 4.33694839477539062500e+00) (3, 2.32222986221313476562e+00) (4, -2.49373245239257812500e+00) (5, -6.04012584686279296875e+00) (6, 6.96405768394470214844e-01) (0, 2.22228527069091796875e+01) (1, -2.33651313781738281250e+01) (2, 7.60702276229858398438e+00) (3, -3.04786658287048339844e+00) (4, -9.36870157718658447266e-01) (5, 1.17629957199096679688e+01) (6, -9.97928142547607421875e+00) (0, -4.76315641403198242188e+00) (1, 4.79145050048828125000e+00) (2, -2.82099032402038574219e+00) (3, -3.20606040954589843750e+00) (4, 2.67063200473785400391e-01) (5, -4.96974086761474609375e+00) (6, -3.62589091062545776367e-01) (0, -2.35144400596618652344e+00) (1, -1.63892120122909545898e-01) (2, -3.34538173675537109375e+00) (3, -5.48591232299804687500e+00) (4, -1.68711781501770019531e+00) (5, 8.86698913574218750000e+00) (6, -3.00220561027526855469e+00) (7, 3.71820521354675292969e+00) (8, -9.36202526092529296875e+00) (9, 7.05945396423339843750e+00) (10, 1.37004966735839843750e+01) (11, -1.78860628604888916016e+00) (7, 2.55418658256530761719e+00) (8, 3.78232717514038085938e+00) (9, 6.63065767288208007812e+00) (10, 6.62573993206024169922e-01) (11, -3.44069337844848632812e+00) (12, -1.27949118614196777344e+00) (13, -5.30327749252319335938e+00) (14, -5.07839858531951904297e-01) 
