FANN_FLO_2.1
num_layers=3
learning_rate=0.400000
connection_rate=1.000000
network_type=0
learning_momentum=0.000000
training_algorithm=2
train_error_function=1
train_stop_function=0
cascade_output_change_fraction=0.010000
quickprop_decay=-0.000100
quickprop_mu=1.750000
rprop_increase_factor=1.200000
rprop_decrease_factor=0.500000
rprop_delta_min=0.000000
rprop_delta_max=50.000000
rprop_delta_zero=0.100000
cascade_output_stagnation_epochs=12
cascade_candidate_change_fraction=0.010000
cascade_candidate_stagnation_epochs=12
cascade_max_out_epochs=150
cascade_min_out_epochs=50
cascade_max_cand_epochs=150
cascade_min_cand_epochs=50
cascade_num_candidate_groups=2
bit_fail_limit=3.49999994039535522461e-01
cascade_candidate_limit=1.00000000000000000000e+03
cascade_weight_multiplier=4.00000005960464477539e-01
cascade_activation_functions_count=10
cascade_activation_functions=3 5 7 8 10 11 14 15 16 17 
cascade_activation_steepnesses_count=4
cascade_activation_steepnesses=2.50000000000000000000e-01 5.00000000000000000000e-01 7.50000000000000000000e-01 1.00000000000000000000e+00 
layer_sizes=19 3 3 
scale_included=0
neurons (num_inputs, activation_function, activation_steepness)=(0, 0, 0.00000000000000000000e+00) (0, 0, 0.00000000000000000000e+00) (0, 0, 0.00000000000000000000e+00) (0, 0, 0.00000000000000000000e+00) (0, 0, 0.00000000000000000000e+00) (0, 0, 0.00000000000000000000e+00) (0, 0, 0.00000000000000000000e+00) (0, 0, 0.00000000000000000000e+00) (0, 0, 0.00000000000000000000e+00) (0, 0, 0.00000000000000000000e+00) (0, 0, 0.00000000000000000000e+00) (0, 0, 0.00000000000000000000e+00) (0, 0, 0.00000000000000000000e+00) (0, 0, 0.00000000000000000000e+00) (0, 0, 0.00000000000000000000e+00) (0, 0, 0.00000000000000000000e+00) (0, 0, 0.00000000000000000000e+00) (0, 0, 0.00000000000000000000e+00) (0, 0, 0.00000000000000000000e+00) (19, 3, 5.00000000000000000000e-01) (19, 3, 5.00000000000000000000e-01) (0, 3, 0.00000000000000000000e+00) (3, 3, 5.00000000000000000000e-01) (3, 3, 5.00000000000000000000e-01) (0, 3, 0.00000000000000000000e+00) 
connections (connected_to_neuron, weight)=(0, 3.23614525794982910156e+00) (1, 6.79409503936767578125e+00) (2, -4.13486909866333007812e+00) (3, 2.65106177330017089844e+00) (4, 8.63292026519775390625e+00) (5, 1.15212249755859375000e+00) (6, 4.67509555816650390625e+00) (7, 7.99780941009521484375e+00) (8, -4.74257564544677734375e+00) (9, -3.23515462875366210938e+00) (10, -8.47170543670654296875e+00) (11, 1.52529406547546386719e+00) (12, 1.06080996990203857422e+00) (13, -9.31046676635742187500e+00) (14, -3.29039245843887329102e-01) (15, -2.68170505762100219727e-01) (16, -7.45906639099121093750e+00) (17, 1.27136540412902832031e+00) (18, -6.48637962341308593750e+00) (0, -2.09891748428344726562e+00) (1, -1.24320917129516601562e+01) (2, 3.16072607040405273438e+00) (3, -2.88124155998229980469e+00) (4, -9.69412422180175781250e+00) (5, 6.43565511703491210938e+00) (6, -1.64489722251892089844e+00) (7, -1.02508373260498046875e+01) (8, 1.38292777538299560547e+00) (9, -5.61576414108276367188e+00) (10, 8.85799312591552734375e+00) (11, -6.07478904724121093750e+00) (12, -4.21405267715454101562e+00) (13, 1.34204883575439453125e+01) (14, -2.46925497055053710938e+00) (15, -4.27563309669494628906e-01) (16, 1.10309495925903320312e+01) (17, -2.08146989345550537109e-01) (18, 4.41240012645721435547e-01) (19, -1.30228853225708007812e+00) (20, -9.77730035781860351562e-01) (21, -8.12414195388555526733e-03) (19, 1.30187487602233886719e+00) (20, 9.78909492492675781250e-01) (21, 8.48326832056045532227e-03) 
