FANN_FLO_2.1
num_layers=3
learning_rate=0.400000
connection_rate=1.000000
network_type=0
learning_momentum=0.000000
training_algorithm=2
train_error_function=1
train_stop_function=0
cascade_output_change_fraction=0.010000
quickprop_decay=-0.000100
quickprop_mu=1.750000
rprop_increase_factor=1.200000
rprop_decrease_factor=0.500000
rprop_delta_min=0.000000
rprop_delta_max=50.000000
rprop_delta_zero=0.100000
cascade_output_stagnation_epochs=12
cascade_candidate_change_fraction=0.010000
cascade_candidate_stagnation_epochs=12
cascade_max_out_epochs=150
cascade_min_out_epochs=50
cascade_max_cand_epochs=150
cascade_min_cand_epochs=50
cascade_num_candidate_groups=2
bit_fail_limit=3.49999994039535522461e-01
cascade_candidate_limit=1.00000000000000000000e+03
cascade_weight_multiplier=4.00000005960464477539e-01
cascade_activation_functions_count=10
cascade_activation_functions=3 5 7 8 10 11 14 15 16 17 
cascade_activation_steepnesses_count=4
cascade_activation_steepnesses=2.50000000000000000000e-01 5.00000000000000000000e-01 7.50000000000000000000e-01 1.00000000000000000000e+00 
layer_sizes=7 9 2 
scale_included=0
neurons (num_inputs, activation_function, activation_steepness)=(0, 0, 0.00000000000000000000e+00) (0, 0, 0.00000000000000000000e+00) (0, 0, 0.00000000000000000000e+00) (0, 0, 0.00000000000000000000e+00) (0, 0, 0.00000000000000000000e+00) (0, 0, 0.00000000000000000000e+00) (0, 0, 0.00000000000000000000e+00) (7, 3, 5.00000000000000000000e-01) (7, 3, 5.00000000000000000000e-01) (7, 3, 5.00000000000000000000e-01) (7, 3, 5.00000000000000000000e-01) (7, 3, 5.00000000000000000000e-01) (7, 3, 5.00000000000000000000e-01) (7, 3, 5.00000000000000000000e-01) (7, 3, 5.00000000000000000000e-01) (0, 3, 0.00000000000000000000e+00) (9, 3, 5.00000000000000000000e-01) (0, 3, 0.00000000000000000000e+00) 
connections (connected_to_neuron, weight)=(0, -2.40701789855957031250e+01) (1, 5.87925291061401367188e+00) (2, -5.18953819274902343750e+01) (3, 1.74520897865295410156e+00) (4, 9.20125198364257812500e+00) (5, -3.45595054626464843750e+01) (6, 6.58808660507202148438e+00) (0, -6.52812421321868896484e-01) (1, -3.98593544960021972656e-02) (2, 1.16867280006408691406e+00) (3, 1.00836277008056640625e+00) (4, -3.19975495338439941406e+00) (5, 4.34424543380737304688e+00) (6, 5.76515734195709228516e-01) (0, 2.03913021087646484375e+00) (1, -9.03602218627929687500e+00) (2, -2.61733436584472656250e+01) (3, -1.22477064132690429688e+01) (4, 5.78524112701416015625e-01) (5, 8.96839427947998046875e+00) (6, -2.30030063539743423462e-02) (0, -2.19653835296630859375e+01) (1, 2.23726844787597656250e+01) (2, -2.43438267707824707031e+00) (3, -7.03812837600708007812e+00) (4, -5.17756462097167968750e-01) (5, -7.13936901092529296875e+00) (6, -6.48505687713623046875e-01) (0, -2.94076621532440185547e-01) (1, -2.67279893159866333008e-01) (2, 8.11739730834960937500e+00) (3, -6.77203476428985595703e-01) (4, -2.37206554412841796875e+00) (5, 9.23109531402587890625e-01) (6, 8.30453813076019287109e-01) (0, 1.28803739547729492188e+01) (1, -1.13305521011352539062e+01) (2, 1.25147352218627929688e+01) (3, 2.00389242172241210938e+00) (4, 3.18675637245178222656e-01) (5, -4.71307706832885742188e+00) (6, 3.34433984756469726562e+00) (0, -1.63187446594238281250e+01) (1, 3.33449268341064453125e+00) (2, -3.31274185180664062500e+01) (3, -1.64557247161865234375e+01) (4, -3.32316994667053222656e+00) (5, 1.90102081298828125000e+01) (6, 2.63177347183227539062e+00) (0, 1.04580564498901367188e+01) (1, -8.98646450042724609375e+00) (2, 7.61843347549438476562e+00) (3, 8.66710364818572998047e-01) (4, 2.47201442718505859375e-01) (5, -3.97744822502136230469e+00) (6, 2.78294539451599121094e+00) (7, -6.05237662792205810547e-01) (8, -9.41984474658966064453e-01) (9, -1.45853793621063232422e+00) (10, -8.00387287139892578125e+00) (11, -6.42626106739044189453e-01) (12, -3.18883681297302246094e+00) (13, -1.15341091156005859375e+00) (14, -6.12853646278381347656e-01) (15, 2.46666121482849121094e+00) 
