FANN_FLO_2.1
num_layers=4
learning_rate=0.400000
connection_rate=1.000000
network_type=0
learning_momentum=0.000000
training_algorithm=2
train_error_function=1
train_stop_function=0
cascade_output_change_fraction=0.010000
quickprop_decay=-0.000100
quickprop_mu=1.750000
rprop_increase_factor=1.200000
rprop_decrease_factor=0.500000
rprop_delta_min=0.000000
rprop_delta_max=50.000000
rprop_delta_zero=0.100000
cascade_output_stagnation_epochs=12
cascade_candidate_change_fraction=0.010000
cascade_candidate_stagnation_epochs=12
cascade_max_out_epochs=150
cascade_min_out_epochs=50
cascade_max_cand_epochs=150
cascade_min_cand_epochs=50
cascade_num_candidate_groups=2
bit_fail_limit=3.49999994039535522461e-01
cascade_candidate_limit=1.00000000000000000000e+03
cascade_weight_multiplier=4.00000005960464477539e-01
cascade_activation_functions_count=10
cascade_activation_functions=3 5 7 8 10 11 14 15 16 17 
cascade_activation_steepnesses_count=4
cascade_activation_steepnesses=2.50000000000000000000e-01 5.00000000000000000000e-01 7.50000000000000000000e-01 1.00000000000000000000e+00 
layer_sizes=7 5 3 2 
scale_included=0
neurons (num_inputs, activation_function, activation_steepness)=(0, 0, 0.00000000000000000000e+00) (0, 0, 0.00000000000000000000e+00) (0, 0, 0.00000000000000000000e+00) (0, 0, 0.00000000000000000000e+00) (0, 0, 0.00000000000000000000e+00) (0, 0, 0.00000000000000000000e+00) (0, 0, 0.00000000000000000000e+00) (7, 3, 5.00000000000000000000e-01) (7, 3, 5.00000000000000000000e-01) (7, 3, 5.00000000000000000000e-01) (7, 3, 5.00000000000000000000e-01) (0, 3, 0.00000000000000000000e+00) (5, 3, 5.00000000000000000000e-01) (5, 3, 5.00000000000000000000e-01) (0, 3, 0.00000000000000000000e+00) (3, 3, 5.00000000000000000000e-01) (0, 3, 0.00000000000000000000e+00) 
connections (connected_to_neuron, weight)=(0, -5.29580259323120117188e+00) (1, 7.91967105865478515625e+00) (2, -1.01891641616821289062e+01) (3, -6.52744293212890625000e+00) (4, 3.91193270683288574219e-01) (5, -1.50000000000000000000e+03) (6, -1.37099313735961914062e+00) (0, 3.30433535575866699219e+00) (1, -4.26053857803344726562e+00) (2, 1.98649060726165771484e+00) (3, -1.30985760688781738281e+00) (4, 2.77353018522262573242e-01) (5, 2.74469017982482910156e+00) (6, -2.57821393013000488281e+00) (0, -6.94806623458862304688e+00) (1, 5.42248582839965820312e+00) (2, 4.31516945362091064453e-01) (3, -5.25999188423156738281e-01) (4, -6.27159297466278076172e-01) (5, -1.46395422363281250000e+03) (6, 4.55714613199234008789e-01) (0, 3.62230515480041503906e+00) (1, 5.02132140100002288818e-02) (2, 1.28486561775207519531e+00) (3, 2.58916139602661132812e+00) (4, -4.51784276962280273438e+00) (5, 7.04770267009735107422e-01) (6, -4.08818387985229492188e+00) (7, 1.82344388961791992188e+00) (8, 6.85019636154174804688e+00) (9, 5.40952587127685546875e+00) (10, 1.47297668457031250000e+00) (11, -3.16416192054748535156e+00) (7, 2.30893630981445312500e+01) (8, 6.90780019760131835938e+00) (9, 2.38816909790039062500e+01) (10, 9.50049042701721191406e-01) (11, -2.93332695960998535156e+00) (12, -7.09178638458251953125e+00) (13, -3.95526558160781860352e-01) (14, -3.25954496860504150391e-01) 
