FANN_FLO_2.1
num_layers=4
learning_rate=0.500000
connection_rate=1.000000
network_type=0
learning_momentum=0.000000
training_algorithm=2
train_error_function=1
train_stop_function=0
cascade_output_change_fraction=0.010000
quickprop_decay=-0.000100
quickprop_mu=1.750000
rprop_increase_factor=1.200000
rprop_decrease_factor=0.500000
rprop_delta_min=0.000000
rprop_delta_max=50.000000
rprop_delta_zero=0.100000
cascade_output_stagnation_epochs=12
cascade_candidate_change_fraction=0.010000
cascade_candidate_stagnation_epochs=12
cascade_max_out_epochs=150
cascade_min_out_epochs=50
cascade_max_cand_epochs=150
cascade_min_cand_epochs=50
cascade_num_candidate_groups=2
bit_fail_limit=3.49999994039535522461e-01
cascade_candidate_limit=1.00000000000000000000e+03
cascade_weight_multiplier=4.00000005960464477539e-01
cascade_activation_functions_count=10
cascade_activation_functions=3 5 7 8 10 11 14 15 16 17 
cascade_activation_steepnesses_count=4
cascade_activation_steepnesses=2.50000000000000000000e-01 5.00000000000000000000e-01 7.50000000000000000000e-01 1.00000000000000000000e+00 
layer_sizes=10 3 3 2 
scale_included=0
neurons (num_inputs, activation_function, activation_steepness)=(0, 0, 0.00000000000000000000e+00) (0, 0, 0.00000000000000000000e+00) (0, 0, 0.00000000000000000000e+00) (0, 0, 0.00000000000000000000e+00) (0, 0, 0.00000000000000000000e+00) (0, 0, 0.00000000000000000000e+00) (0, 0, 0.00000000000000000000e+00) (0, 0, 0.00000000000000000000e+00) (0, 0, 0.00000000000000000000e+00) (0, 0, 0.00000000000000000000e+00) (10, 3, 5.00000000000000000000e-01) (10, 3, 5.00000000000000000000e-01) (0, 3, 0.00000000000000000000e+00) (3, 3, 5.00000000000000000000e-01) (3, 3, 5.00000000000000000000e-01) (0, 3, 0.00000000000000000000e+00) (3, 3, 5.00000000000000000000e-01) (0, 3, 0.00000000000000000000e+00) 
connections (connected_to_neuron, weight)=(0, -6.62114620208740234375e+00) (1, -4.86250758171081542969e-01) (2, -5.96782827377319335938e+00) (3, -6.79318189620971679688e-01) (4, -9.12508666515350341797e-01) (5, 3.24666470289230346680e-01) (6, 1.72122943401336669922e+00) (7, -4.55225276947021484375e+00) (8, -3.72660064697265625000e+00) (9, 6.89697647094726562500e+00) (0, -1.47761975097656250000e+03) (1, -1.45307861328125000000e+03) (2, -8.47720947265625000000e+02) (3, -1.41209045410156250000e+03) (4, -1.48655603027343750000e+03) (5, -1.48928771972656250000e+03) (6, -8.65800048828125000000e+02) (7, -1.08567260742187500000e+03) (8, -3.09614410400390625000e+01) (9, -1.24034249782562255859e+00) (10, 1.94844985961914062500e+02) (11, 1.50000000000000000000e+03) (12, -6.48247146606445312500e+00) (10, 1.33387976074218750000e+03) (11, 1.50000000000000000000e+03) (12, -2.37809581756591796875e+01) (13, 1.47546768188476562500e+00) (14, 2.52169823646545410156e+00) (15, -3.11368656158447265625e+00) 
