FANN_FLO_2.1
num_layers=4
learning_rate=0.400000
connection_rate=1.000000
network_type=0
learning_momentum=0.000000
training_algorithm=2
train_error_function=1
train_stop_function=0
cascade_output_change_fraction=0.010000
quickprop_decay=-0.000100
quickprop_mu=1.750000
rprop_increase_factor=1.200000
rprop_decrease_factor=0.500000
rprop_delta_min=0.000000
rprop_delta_max=50.000000
rprop_delta_zero=0.100000
cascade_output_stagnation_epochs=12
cascade_candidate_change_fraction=0.010000
cascade_candidate_stagnation_epochs=12
cascade_max_out_epochs=150
cascade_min_out_epochs=50
cascade_max_cand_epochs=150
cascade_min_cand_epochs=50
cascade_num_candidate_groups=2
bit_fail_limit=3.49999994039535522461e-01
cascade_candidate_limit=1.00000000000000000000e+03
cascade_weight_multiplier=4.00000005960464477539e-01
cascade_activation_functions_count=10
cascade_activation_functions=3 5 7 8 10 11 14 15 16 17 
cascade_activation_steepnesses_count=4
cascade_activation_steepnesses=2.50000000000000000000e-01 5.00000000000000000000e-01 7.50000000000000000000e-01 1.00000000000000000000e+00 
layer_sizes=7 5 3 2 
scale_included=0
neurons (num_inputs, activation_function, activation_steepness)=(0, 0, 0.00000000000000000000e+00) (0, 0, 0.00000000000000000000e+00) (0, 0, 0.00000000000000000000e+00) (0, 0, 0.00000000000000000000e+00) (0, 0, 0.00000000000000000000e+00) (0, 0, 0.00000000000000000000e+00) (0, 0, 0.00000000000000000000e+00) (7, 3, 5.00000000000000000000e-01) (7, 3, 5.00000000000000000000e-01) (7, 3, 5.00000000000000000000e-01) (7, 3, 5.00000000000000000000e-01) (0, 3, 0.00000000000000000000e+00) (5, 3, 5.00000000000000000000e-01) (5, 3, 5.00000000000000000000e-01) (0, 3, 0.00000000000000000000e+00) (3, 3, 5.00000000000000000000e-01) (0, 3, 0.00000000000000000000e+00) 
connections (connected_to_neuron, weight)=(0, -1.46276269531250000000e+03) (1, -7.00380229949951171875e+00) (2, -1.49643359375000000000e+03) (3, 6.25450073242187500000e+02) (4, -4.71272945404052734375e+00) (5, 1.34116394042968750000e+03) (6, -9.61732238769531250000e+02) (0, -6.88749265670776367188e+00) (1, 3.48863315582275390625e+00) (2, -3.33700489997863769531e+00) (3, -6.79692125320434570312e+00) (4, -1.89557766914367675781e+00) (5, 1.03294634819030761719e+00) (6, 5.80681514739990234375e+00) (0, -1.49824267578125000000e+03) (1, -1.43834582519531250000e+03) (2, -1.49785168457031250000e+03) (3, -4.50935028076171875000e+02) (4, 1.14825561523437500000e+03) (5, 9.31587097167968750000e+02) (6, -2.15289044380187988281e+00) (0, -1.49654528808593750000e+03) (1, -1.48148107910156250000e+03) (2, -1.49248974609375000000e+03) (3, -1.40494714355468750000e+03) (4, 1.18686035156250000000e+03) (5, 1.09518518066406250000e+03) (6, -6.17197952270507812500e+01) (7, -6.94244205951690673828e-01) (8, 4.92019462585449218750e+00) (9, 1.36794388294219970703e+00) (10, -1.04991471767425537109e+00) (11, -3.21849536895751953125e+00) (7, -1.18200195312500000000e+03) (8, 1.27120349121093750000e+03) (9, 1.50000000000000000000e+03) (10, -1.46959997558593750000e+03) (11, 1.39709091186523437500e+02) (12, -2.27642655372619628906e+00) (13, -4.91902679204940795898e-01) (14, -1.20387172698974609375e+00) 
