FANN_FLO_2.1
num_layers=4
learning_rate=0.500000
connection_rate=1.000000
network_type=0
learning_momentum=0.000000
training_algorithm=2
train_error_function=1
train_stop_function=0
cascade_output_change_fraction=0.010000
quickprop_decay=-0.000100
quickprop_mu=1.750000
rprop_increase_factor=1.200000
rprop_decrease_factor=0.500000
rprop_delta_min=0.000000
rprop_delta_max=50.000000
rprop_delta_zero=0.100000
cascade_output_stagnation_epochs=12
cascade_candidate_change_fraction=0.010000
cascade_candidate_stagnation_epochs=12
cascade_max_out_epochs=150
cascade_min_out_epochs=50
cascade_max_cand_epochs=150
cascade_min_cand_epochs=50
cascade_num_candidate_groups=2
bit_fail_limit=3.49999994039535522461e-01
cascade_candidate_limit=1.00000000000000000000e+03
cascade_weight_multiplier=4.00000005960464477539e-01
cascade_activation_functions_count=10
cascade_activation_functions=3 5 7 8 10 11 14 15 16 17 
cascade_activation_steepnesses_count=4
cascade_activation_steepnesses=2.50000000000000000000e-01 5.00000000000000000000e-01 7.50000000000000000000e-01 1.00000000000000000000e+00 
layer_sizes=10 3 3 2 
scale_included=0
neurons (num_inputs, activation_function, activation_steepness)=(0, 0, 0.00000000000000000000e+00) (0, 0, 0.00000000000000000000e+00) (0, 0, 0.00000000000000000000e+00) (0, 0, 0.00000000000000000000e+00) (0, 0, 0.00000000000000000000e+00) (0, 0, 0.00000000000000000000e+00) (0, 0, 0.00000000000000000000e+00) (0, 0, 0.00000000000000000000e+00) (0, 0, 0.00000000000000000000e+00) (0, 0, 0.00000000000000000000e+00) (10, 3, 5.00000000000000000000e-01) (10, 3, 5.00000000000000000000e-01) (0, 3, 0.00000000000000000000e+00) (3, 3, 5.00000000000000000000e-01) (3, 3, 5.00000000000000000000e-01) (0, 3, 0.00000000000000000000e+00) (3, 3, 5.00000000000000000000e-01) (0, 3, 0.00000000000000000000e+00) 
connections (connected_to_neuron, weight)=(0, 1.23083913326263427734e+00) (1, 8.61087679862976074219e-01) (2, 6.42345571517944335938e+00) (3, 9.63156819343566894531e-01) (4, 3.62955689430236816406e-01) (5, 6.03882595896720886230e-02) (6, -7.52780199050903320312e+00) (7, -1.14831047058105468750e+01) (8, 1.77304446697235107422e+00) (9, 6.47065579891204833984e-01) (0, -7.72451210021972656250e+00) (1, -7.35010623931884765625e+00) (2, -5.28597259521484375000e+00) (3, 5.56936144828796386719e-01) (4, 1.42917871475219726562e+01) (5, -1.36919844150543212891e+00) (6, 3.50215268135070800781e+00) (7, -2.16090583801269531250e+00) (8, -3.95035934448242187500e+00) (9, 4.06176471710205078125e+00) (10, 1.48362436294555664062e+01) (11, 1.70692901611328125000e+01) (12, -1.23942785263061523438e+01) (10, -2.00419921875000000000e+01) (11, -1.13924150466918945312e+01) (12, 3.09338045120239257812e+00) (13, 5.11333048343658447266e-01) (14, -8.75345897674560546875e+00) (15, 3.74123394489288330078e-01) 
