FANN_FLO_2.1
num_layers=3
learning_rate=0.400000
connection_rate=1.000000
network_type=0
learning_momentum=0.000000
training_algorithm=2
train_error_function=1
train_stop_function=0
cascade_output_change_fraction=0.010000
quickprop_decay=-0.000100
quickprop_mu=1.750000
rprop_increase_factor=1.200000
rprop_decrease_factor=0.500000
rprop_delta_min=0.000000
rprop_delta_max=50.000000
rprop_delta_zero=0.100000
cascade_output_stagnation_epochs=12
cascade_candidate_change_fraction=0.010000
cascade_candidate_stagnation_epochs=12
cascade_max_out_epochs=150
cascade_min_out_epochs=50
cascade_max_cand_epochs=150
cascade_min_cand_epochs=50
cascade_num_candidate_groups=2
bit_fail_limit=3.49999994039535522461e-01
cascade_candidate_limit=1.00000000000000000000e+03
cascade_weight_multiplier=4.00000005960464477539e-01
cascade_activation_functions_count=10
cascade_activation_functions=3 5 7 8 10 11 14 15 16 17 
cascade_activation_steepnesses_count=4
cascade_activation_steepnesses=2.50000000000000000000e-01 5.00000000000000000000e-01 7.50000000000000000000e-01 1.00000000000000000000e+00 
layer_sizes=7 9 2 
scale_included=0
neurons (num_inputs, activation_function, activation_steepness)=(0, 0, 0.00000000000000000000e+00) (0, 0, 0.00000000000000000000e+00) (0, 0, 0.00000000000000000000e+00) (0, 0, 0.00000000000000000000e+00) (0, 0, 0.00000000000000000000e+00) (0, 0, 0.00000000000000000000e+00) (0, 0, 0.00000000000000000000e+00) (7, 3, 5.00000000000000000000e-01) (7, 3, 5.00000000000000000000e-01) (7, 3, 5.00000000000000000000e-01) (7, 3, 5.00000000000000000000e-01) (7, 3, 5.00000000000000000000e-01) (7, 3, 5.00000000000000000000e-01) (7, 3, 5.00000000000000000000e-01) (7, 3, 5.00000000000000000000e-01) (0, 3, 0.00000000000000000000e+00) (9, 3, 5.00000000000000000000e-01) (0, 3, 0.00000000000000000000e+00) 
connections (connected_to_neuron, weight)=(0, -6.51090717315673828125e+00) (1, 1.17625665664672851562e+00) (2, -4.21252995729446411133e-01) (3, -6.10042905807495117188e+00) (4, 3.45699858665466308594e+00) (5, -1.53580629825592041016e+00) (6, 6.27472281455993652344e-01) (0, 8.62939834594726562500e-01) (1, 2.53431630134582519531e+00) (2, 4.39842071533203125000e+01) (3, -9.04991912841796875000e+00) (4, -7.98267841339111328125e+00) (5, -2.02436223626136779785e-01) (6, 6.90962314605712890625e-01) (0, -1.30787754058837890625e+01) (1, 9.01521682739257812500e+00) (2, -5.25935363769531250000e+00) (3, -3.81859230995178222656e+00) (4, -1.81171905994415283203e+00) (5, 3.83428215980529785156e+00) (6, 4.67309570312500000000e+00) (0, -2.16523721814155578613e-01) (1, 4.94821548461914062500e+00) (2, -5.72204494476318359375e+00) (3, -5.95207023620605468750e+00) (4, -3.20316314697265625000e+00) (5, 5.06377792358398437500e+00) (6, 4.50939238071441650391e-01) (0, 1.19459009170532226562e+01) (1, -1.37161426544189453125e+01) (2, 6.27923965454101562500e+00) (3, -1.84371829032897949219e+00) (4, 8.21771286427974700928e-03) (5, -8.42905426025390625000e+00) (6, 9.59074974060058593750e+00) (0, 2.52900362014770507812e-01) (1, -1.23204970359802246094e+00) (2, 2.78646850585937500000e+00) (3, -4.88254547119140625000e+00) (4, -9.29400444030761718750e-01) (5, -8.51328253746032714844e-01) (6, 7.31676697731018066406e-01) (0, 3.72687506675720214844e+00) (1, 2.42626667022705078125e+00) (2, -3.86206893920898437500e+01) (3, -3.93790740966796875000e+01) (4, 6.41122150421142578125e+00) (5, 2.64057237654924392700e-02) (6, 3.82397770881652832031e-01) (0, -5.85749721527099609375e+00) (1, 5.32805061340332031250e+00) (2, -2.86484260559082031250e+01) (3, -3.03761081695556640625e+01) (4, -1.03027973175048828125e+01) (5, 9.90050220489501953125e+00) (6, 9.39285182952880859375e+00) (7, -1.73964631557464599609e+00) (8, -7.37121343612670898438e-01) (9, -3.26844978332519531250e+00) (10, -9.84284818172454833984e-01) (11, -4.05115270614624023438e+00) (12, 5.90345907211303710938e+00) (13, -8.48319292068481445312e-01) (14, -2.35287174582481384277e-01) (15, 2.74261069297790527344e+00) 
