FANN_FLO_2.1
num_layers=3
learning_rate=0.500000
connection_rate=1.000000
network_type=0
learning_momentum=0.000000
training_algorithm=2
train_error_function=1
train_stop_function=0
cascade_output_change_fraction=0.010000
quickprop_decay=-0.000100
quickprop_mu=1.750000
rprop_increase_factor=1.200000
rprop_decrease_factor=0.500000
rprop_delta_min=0.000000
rprop_delta_max=50.000000
rprop_delta_zero=0.100000
cascade_output_stagnation_epochs=12
cascade_candidate_change_fraction=0.010000
cascade_candidate_stagnation_epochs=12
cascade_max_out_epochs=150
cascade_min_out_epochs=50
cascade_max_cand_epochs=150
cascade_min_cand_epochs=50
cascade_num_candidate_groups=2
bit_fail_limit=3.49999994039535522461e-01
cascade_candidate_limit=1.00000000000000000000e+03
cascade_weight_multiplier=4.00000005960464477539e-01
cascade_activation_functions_count=10
cascade_activation_functions=3 5 7 8 10 11 14 15 16 17 
cascade_activation_steepnesses_count=4
cascade_activation_steepnesses=2.50000000000000000000e-01 5.00000000000000000000e-01 7.50000000000000000000e-01 1.00000000000000000000e+00 
layer_sizes=10 5 2 
scale_included=0
neurons (num_inputs, activation_function, activation_steepness)=(0, 0, 0.00000000000000000000e+00) (0, 0, 0.00000000000000000000e+00) (0, 0, 0.00000000000000000000e+00) (0, 0, 0.00000000000000000000e+00) (0, 0, 0.00000000000000000000e+00) (0, 0, 0.00000000000000000000e+00) (0, 0, 0.00000000000000000000e+00) (0, 0, 0.00000000000000000000e+00) (0, 0, 0.00000000000000000000e+00) (0, 0, 0.00000000000000000000e+00) (10, 3, 5.00000000000000000000e-01) (10, 3, 5.00000000000000000000e-01) (10, 3, 5.00000000000000000000e-01) (10, 3, 5.00000000000000000000e-01) (0, 3, 0.00000000000000000000e+00) (5, 3, 5.00000000000000000000e-01) (0, 3, 0.00000000000000000000e+00) 
connections (connected_to_neuron, weight)=(0, 2.20720977783203125000e+01) (1, 1.07897539138793945312e+01) (2, 1.09557209014892578125e+01) (3, -3.68520164489746093750e+00) (4, 8.43614673614501953125e+00) (5, 5.50862550735473632812e+00) (6, -1.68417587280273437500e+01) (7, -1.79141941070556640625e+01) (8, -1.22909946441650390625e+01) (9, -2.67153787612915039062e+00) (0, -1.50000000000000000000e+03) (1, -1.50000000000000000000e+03) (2, -1.50000000000000000000e+03) (3, -1.50000000000000000000e+03) (4, -1.50000000000000000000e+03) (5, -1.50000000000000000000e+03) (6, -1.50000000000000000000e+03) (7, -1.50000000000000000000e+03) (8, -1.50000000000000000000e+03) (9, -7.02274978160858154297e-01) (0, -5.91952896118164062500e+01) (1, 1.23060011863708496094e+00) (2, -1.98200969696044921875e+01) (3, -7.44223296642303466797e-01) (4, 4.78704929351806640625e+00) (5, 6.02848827838897705078e-01) (6, -1.32575786113739013672e+00) (7, -3.20678859949111938477e-01) (8, -4.14146385192871093750e+01) (9, 2.66393833160400390625e+01) (0, -5.97787170410156250000e+02) (1, 8.94831085205078125000e+01) (2, -1.50000000000000000000e+03) (3, 8.80348503589630126953e-01) (4, 6.52232837677001953125e+00) (5, 5.30865058898925781250e+01) (6, 2.58668482303619384766e-01) (7, 1.06331110000610351562e-02) (8, -4.28153106689453125000e+02) (9, 2.30660949707031250000e+02) (10, 2.09911489486694335938e+00) (11, 1.50000000000000000000e+03) (12, 1.31062316894531250000e+00) (13, 1.19558358192443847656e+00) (14, -1.59940075874328613281e+00) 
