FANN_FLO_2.1
num_layers=3
learning_rate=0.500000
connection_rate=1.000000
network_type=0
learning_momentum=0.000000
training_algorithm=2
train_error_function=1
train_stop_function=0
cascade_output_change_fraction=0.010000
quickprop_decay=-0.000100
quickprop_mu=1.750000
rprop_increase_factor=1.200000
rprop_decrease_factor=0.500000
rprop_delta_min=0.000000
rprop_delta_max=50.000000
rprop_delta_zero=0.100000
cascade_output_stagnation_epochs=12
cascade_candidate_change_fraction=0.010000
cascade_candidate_stagnation_epochs=12
cascade_max_out_epochs=150
cascade_min_out_epochs=50
cascade_max_cand_epochs=150
cascade_min_cand_epochs=50
cascade_num_candidate_groups=2
bit_fail_limit=3.49999994039535522461e-01
cascade_candidate_limit=1.00000000000000000000e+03
cascade_weight_multiplier=4.00000005960464477539e-01
cascade_activation_functions_count=10
cascade_activation_functions=3 5 7 8 10 11 14 15 16 17 
cascade_activation_steepnesses_count=4
cascade_activation_steepnesses=2.50000000000000000000e-01 5.00000000000000000000e-01 7.50000000000000000000e-01 1.00000000000000000000e+00 
layer_sizes=10 5 2 
scale_included=0
neurons (num_inputs, activation_function, activation_steepness)=(0, 0, 0.00000000000000000000e+00) (0, 0, 0.00000000000000000000e+00) (0, 0, 0.00000000000000000000e+00) (0, 0, 0.00000000000000000000e+00) (0, 0, 0.00000000000000000000e+00) (0, 0, 0.00000000000000000000e+00) (0, 0, 0.00000000000000000000e+00) (0, 0, 0.00000000000000000000e+00) (0, 0, 0.00000000000000000000e+00) (0, 0, 0.00000000000000000000e+00) (10, 3, 5.00000000000000000000e-01) (10, 3, 5.00000000000000000000e-01) (10, 3, 5.00000000000000000000e-01) (10, 3, 5.00000000000000000000e-01) (0, 3, 0.00000000000000000000e+00) (5, 3, 5.00000000000000000000e-01) (0, 3, 0.00000000000000000000e+00) 
connections (connected_to_neuron, weight)=(0, -6.32841253280639648438e+00) (1, -1.15326528549194335938e+01) (2, 1.13870868682861328125e+01) (3, -3.57844233512878417969e+00) (4, 1.29722480773925781250e+01) (5, 8.35542869567871093750e+00) (6, -1.89964365959167480469e+00) (7, -4.03679895401000976562e+00) (8, -5.41680526733398437500e+00) (9, 8.59422743320465087891e-01) (0, -5.98766279220581054688e+00) (1, -7.31655025482177734375e+00) (2, 2.27650690078735351562e+00) (3, -2.56448411941528320312e+00) (4, 1.12817544937133789062e+01) (5, 8.85275554656982421875e+00) (6, -2.01672148704528808594e+00) (7, -1.76639270782470703125e+00) (8, -1.59366473555564880371e-01) (9, 5.81343352794647216797e-01) (0, -6.40082073211669921875e+00) (1, -7.39811754226684570312e+00) (2, 2.58599328994750976562e+00) (3, -2.39756917953491210938e+00) (4, 1.12257995605468750000e+01) (5, 9.13614082336425781250e+00) (6, -1.92164576053619384766e+00) (7, -2.35435056686401367188e+00) (8, -5.40163755416870117188e-01) (9, 8.20218682289123535156e-01) (0, -7.09013366699218750000e+00) (1, -8.59321689605712890625e+00) (2, 1.63437199592590332031e+00) (3, -4.27391433715820312500e+00) (4, 1.34522924423217773438e+01) (5, 1.09695262908935546875e+01) (6, -3.90840435028076171875e+00) (7, -1.12525749206542968750e+00) (8, 7.43179917335510253906e-02) (9, 6.20034277439117431641e-01) (10, 2.58770847320556640625e+00) (11, 6.90748631954193115234e-01) (12, 7.28760421276092529297e-01) (13, 1.01162910461425781250e+00) (14, -3.94652175903320312500e+00) 
