FANN_FLO_2.1
num_layers=3
learning_rate=0.400000
connection_rate=1.000000
network_type=0
learning_momentum=0.000000
training_algorithm=2
train_error_function=1
train_stop_function=0
cascade_output_change_fraction=0.010000
quickprop_decay=-0.000100
quickprop_mu=1.750000
rprop_increase_factor=1.200000
rprop_decrease_factor=0.500000
rprop_delta_min=0.000000
rprop_delta_max=50.000000
rprop_delta_zero=0.100000
cascade_output_stagnation_epochs=12
cascade_candidate_change_fraction=0.010000
cascade_candidate_stagnation_epochs=12
cascade_max_out_epochs=150
cascade_min_out_epochs=50
cascade_max_cand_epochs=150
cascade_min_cand_epochs=50
cascade_num_candidate_groups=2
bit_fail_limit=3.49999994039535522461e-01
cascade_candidate_limit=1.00000000000000000000e+03
cascade_weight_multiplier=4.00000005960464477539e-01
cascade_activation_functions_count=10
cascade_activation_functions=3 5 7 8 10 11 14 15 16 17 
cascade_activation_steepnesses_count=4
cascade_activation_steepnesses=2.50000000000000000000e-01 5.00000000000000000000e-01 7.50000000000000000000e-01 1.00000000000000000000e+00 
layer_sizes=19 3 3 
scale_included=0
neurons (num_inputs, activation_function, activation_steepness)=(0, 0, 0.00000000000000000000e+00) (0, 0, 0.00000000000000000000e+00) (0, 0, 0.00000000000000000000e+00) (0, 0, 0.00000000000000000000e+00) (0, 0, 0.00000000000000000000e+00) (0, 0, 0.00000000000000000000e+00) (0, 0, 0.00000000000000000000e+00) (0, 0, 0.00000000000000000000e+00) (0, 0, 0.00000000000000000000e+00) (0, 0, 0.00000000000000000000e+00) (0, 0, 0.00000000000000000000e+00) (0, 0, 0.00000000000000000000e+00) (0, 0, 0.00000000000000000000e+00) (0, 0, 0.00000000000000000000e+00) (0, 0, 0.00000000000000000000e+00) (0, 0, 0.00000000000000000000e+00) (0, 0, 0.00000000000000000000e+00) (0, 0, 0.00000000000000000000e+00) (0, 0, 0.00000000000000000000e+00) (19, 3, 5.00000000000000000000e-01) (19, 3, 5.00000000000000000000e-01) (0, 3, 0.00000000000000000000e+00) (3, 3, 5.00000000000000000000e-01) (3, 3, 5.00000000000000000000e-01) (0, 3, 0.00000000000000000000e+00) 
connections (connected_to_neuron, weight)=(0, 9.20865631103515625000e+00) (1, -4.79406237602233886719e-01) (2, -9.28713130950927734375e+00) (3, 1.28690347671508789062e+01) (4, -1.69995141029357910156e+00) (5, 8.02814769744873046875e+00) (6, 4.52522754669189453125e+00) (7, 4.81123983860015869141e-01) (8, 6.17466974258422851562e+00) (9, -4.88035345077514648438e+00) (10, 8.60258579254150390625e+00) (11, -3.65750503540039062500e+00) (12, -6.67762422561645507812e+00) (13, -2.95428633689880371094e+00) (14, 3.12285125255584716797e-01) (15, -1.04711704254150390625e+01) (16, -1.48050177097320556641e+00) (17, 1.67948925495147705078e+00) (18, 3.68748337030410766602e-01) (0, -5.45260000228881835938e+00) (1, 7.55410492420196533203e-01) (2, 2.57814264297485351562e+00) (3, -7.56256294250488281250e+00) (4, 8.72642636299133300781e-01) (5, -1.39786052703857421875e+00) (6, -4.34573364257812500000e+00) (7, -5.08686244487762451172e-01) (8, -3.13708829879760742188e+00) (9, 2.98433423042297363281e+00) (10, -2.55612254142761230469e+00) (11, 1.76520919799804687500e+00) (12, 4.42393875122070312500e+00) (13, 5.06146669387817382812e-01) (14, 7.37742483615875244141e-01) (15, 5.84075450897216796875e+00) (16, -3.35820913314819335938e-01) (17, -3.85603904724121093750e-01) (18, -1.42413139343261718750e+00) (19, -1.93865513801574707031e+00) (20, -2.76468896865844726562e+00) (21, 1.48962879180908203125e+00) (19, 1.92730653285980224609e+00) (20, 2.75046181678771972656e+00) (21, -1.47849643230438232422e+00) 
