FANN_FLO_2.1
num_layers=3
learning_rate=0.400000
connection_rate=1.000000
network_type=0
learning_momentum=0.000000
training_algorithm=2
train_error_function=1
train_stop_function=0
cascade_output_change_fraction=0.010000
quickprop_decay=-0.000100
quickprop_mu=1.750000
rprop_increase_factor=1.200000
rprop_decrease_factor=0.500000
rprop_delta_min=0.000000
rprop_delta_max=50.000000
rprop_delta_zero=0.100000
cascade_output_stagnation_epochs=12
cascade_candidate_change_fraction=0.010000
cascade_candidate_stagnation_epochs=12
cascade_max_out_epochs=150
cascade_min_out_epochs=50
cascade_max_cand_epochs=150
cascade_min_cand_epochs=50
cascade_num_candidate_groups=2
bit_fail_limit=3.49999994039535522461e-01
cascade_candidate_limit=1.00000000000000000000e+03
cascade_weight_multiplier=4.00000005960464477539e-01
cascade_activation_functions_count=10
cascade_activation_functions=3 5 7 8 10 11 14 15 16 17 
cascade_activation_steepnesses_count=4
cascade_activation_steepnesses=2.50000000000000000000e-01 5.00000000000000000000e-01 7.50000000000000000000e-01 1.00000000000000000000e+00 
layer_sizes=7 5 2 
scale_included=0
neurons (num_inputs, activation_function, activation_steepness)=(0, 0, 0.00000000000000000000e+00) (0, 0, 0.00000000000000000000e+00) (0, 0, 0.00000000000000000000e+00) (0, 0, 0.00000000000000000000e+00) (0, 0, 0.00000000000000000000e+00) (0, 0, 0.00000000000000000000e+00) (0, 0, 0.00000000000000000000e+00) (7, 3, 5.00000000000000000000e-01) (7, 3, 5.00000000000000000000e-01) (7, 3, 5.00000000000000000000e-01) (7, 3, 5.00000000000000000000e-01) (0, 3, 0.00000000000000000000e+00) (5, 3, 5.00000000000000000000e-01) (0, 3, 0.00000000000000000000e+00) 
connections (connected_to_neuron, weight)=(0, -1.01130809783935546875e+01) (1, 9.45313930511474609375e+00) (2, -8.95199394226074218750e+00) (3, -1.53428578376770019531e+00) (4, -1.01759207248687744141e+00) (5, 4.39961242675781250000e+00) (6, 9.33611392974853515625e-01) (0, -8.54831409454345703125e+00) (1, 4.64504861831665039062e+00) (2, -5.42526435852050781250e+00) (3, -1.28137564659118652344e+00) (4, 1.07835657894611358643e-01) (5, 7.55841350555419921875e+00) (6, 2.49759054183959960938e+00) (0, 1.19630689620971679688e+01) (1, -1.35164136886596679688e+01) (2, 8.47865676879882812500e+00) (3, -3.55629944801330566406e+00) (4, -4.16536062955856323242e-01) (5, -4.08916997909545898438e+00) (6, 5.88086843490600585938e+00) (0, -5.34130096435546875000e+00) (1, 4.19952392578125000000e+00) (2, 3.79733252525329589844e+00) (3, -1.98840296268463134766e+00) (4, -7.94530987739562988281e-01) (5, -1.33085913085937500000e+03) (6, 3.87319386005401611328e-01) (7, -3.23103117942810058594e+00) (8, -7.17410326004028320312e-01) (9, -3.14316534996032714844e+00) (10, -3.42702031135559082031e+00) (11, 2.31362748146057128906e+00) 
