FANN_FLO_2.1
num_layers=3
learning_rate=0.400000
connection_rate=1.000000
network_type=0
learning_momentum=0.000000
training_algorithm=2
train_error_function=1
train_stop_function=0
cascade_output_change_fraction=0.010000
quickprop_decay=-0.000100
quickprop_mu=1.750000
rprop_increase_factor=1.200000
rprop_decrease_factor=0.500000
rprop_delta_min=0.000000
rprop_delta_max=50.000000
rprop_delta_zero=0.100000
cascade_output_stagnation_epochs=12
cascade_candidate_change_fraction=0.010000
cascade_candidate_stagnation_epochs=12
cascade_max_out_epochs=150
cascade_min_out_epochs=50
cascade_max_cand_epochs=150
cascade_min_cand_epochs=50
cascade_num_candidate_groups=2
bit_fail_limit=3.49999994039535522461e-01
cascade_candidate_limit=1.00000000000000000000e+03
cascade_weight_multiplier=4.00000005960464477539e-01
cascade_activation_functions_count=10
cascade_activation_functions=3 5 7 8 10 11 14 15 16 17 
cascade_activation_steepnesses_count=4
cascade_activation_steepnesses=2.50000000000000000000e-01 5.00000000000000000000e-01 7.50000000000000000000e-01 1.00000000000000000000e+00 
layer_sizes=7 5 2 
scale_included=0
neurons (num_inputs, activation_function, activation_steepness)=(0, 0, 0.00000000000000000000e+00) (0, 0, 0.00000000000000000000e+00) (0, 0, 0.00000000000000000000e+00) (0, 0, 0.00000000000000000000e+00) (0, 0, 0.00000000000000000000e+00) (0, 0, 0.00000000000000000000e+00) (0, 0, 0.00000000000000000000e+00) (7, 3, 5.00000000000000000000e-01) (7, 3, 5.00000000000000000000e-01) (7, 3, 5.00000000000000000000e-01) (7, 3, 5.00000000000000000000e-01) (0, 3, 0.00000000000000000000e+00) (5, 3, 5.00000000000000000000e-01) (0, 3, 0.00000000000000000000e+00) 
connections (connected_to_neuron, weight)=(0, -3.34199547767639160156e+00) (1, 3.29013133049011230469e+00) (2, 1.68357980251312255859e+00) (3, -5.51641166210174560547e-01) (4, -3.02833169698715209961e-01) (5, -1.50000000000000000000e+03) (6, -1.84040561318397521973e-01) (0, -1.17141780853271484375e+01) (1, 8.60607242584228515625e+00) (2, -5.66503381729125976562e+00) (3, -2.72741508483886718750e+00) (4, -7.15470135211944580078e-01) (5, 2.92784523963928222656e+00) (6, 3.16011333465576171875e+00) (0, 1.34332818984985351562e+01) (1, -1.49305906295776367188e+01) (2, 1.27012233734130859375e+01) (3, -2.28104567527770996094e+00) (4, -7.79874384403228759766e-01) (5, 5.30442619323730468750e+00) (6, -5.13836288452148437500e+00) (0, 7.11107110977172851562e+00) (1, 1.35345487594604492188e+01) (2, -3.61616477966308593750e+01) (3, -5.14016494750976562500e+01) (4, -1.26683557033538818359e+00) (5, 1.34470360353589057922e-02) (6, 1.70495128631591796875e+00) (7, -5.43739366531372070312e+00) (8, -2.19079232215881347656e+00) (9, -6.59434413909912109375e+00) (10, -1.87888398766517639160e-01) (11, 4.10937696695327758789e-01) 
