FANN_FLO_2.1
num_layers=3
learning_rate=0.400000
connection_rate=1.000000
network_type=0
learning_momentum=0.000000
training_algorithm=2
train_error_function=1
train_stop_function=0
cascade_output_change_fraction=0.010000
quickprop_decay=-0.000100
quickprop_mu=1.750000
rprop_increase_factor=1.200000
rprop_decrease_factor=0.500000
rprop_delta_min=0.000000
rprop_delta_max=50.000000
rprop_delta_zero=0.100000
cascade_output_stagnation_epochs=12
cascade_candidate_change_fraction=0.010000
cascade_candidate_stagnation_epochs=12
cascade_max_out_epochs=150
cascade_min_out_epochs=50
cascade_max_cand_epochs=150
cascade_min_cand_epochs=50
cascade_num_candidate_groups=2
bit_fail_limit=3.49999994039535522461e-01
cascade_candidate_limit=1.00000000000000000000e+03
cascade_weight_multiplier=4.00000005960464477539e-01
cascade_activation_functions_count=10
cascade_activation_functions=3 5 7 8 10 11 14 15 16 17 
cascade_activation_steepnesses_count=4
cascade_activation_steepnesses=2.50000000000000000000e-01 5.00000000000000000000e-01 7.50000000000000000000e-01 1.00000000000000000000e+00 
layer_sizes=7 5 2 
scale_included=0
neurons (num_inputs, activation_function, activation_steepness)=(0, 0, 0.00000000000000000000e+00) (0, 0, 0.00000000000000000000e+00) (0, 0, 0.00000000000000000000e+00) (0, 0, 0.00000000000000000000e+00) (0, 0, 0.00000000000000000000e+00) (0, 0, 0.00000000000000000000e+00) (0, 0, 0.00000000000000000000e+00) (7, 3, 5.00000000000000000000e-01) (7, 3, 5.00000000000000000000e-01) (7, 3, 5.00000000000000000000e-01) (7, 3, 5.00000000000000000000e-01) (0, 3, 0.00000000000000000000e+00) (5, 3, 5.00000000000000000000e-01) (0, 3, 0.00000000000000000000e+00) 
connections (connected_to_neuron, weight)=(0, 1.35585508346557617188e+01) (1, -1.43197345733642578125e+01) (2, 6.45201873779296875000e+00) (3, -4.04491424560546875000e+00) (4, -8.00272941589355468750e-01) (5, -2.90240430831909179688e+00) (6, 4.37801980972290039062e+00) (0, -3.10210633277893066406e+00) (1, -9.04942893981933593750e+00) (2, 8.82946872711181640625e+00) (3, -3.34487175941467285156e+00) (4, -1.47932577133178710938e+00) (5, 1.23397903442382812500e+01) (6, 1.88130557537078857422e+00) (0, -6.05359268188476562500e+00) (1, 6.01930570602416992188e+00) (2, -4.82162618637084960938e+00) (3, -1.26965034008026123047e+00) (4, -6.98446393013000488281e-01) (5, -4.48398160934448242188e+00) (6, 8.62815901637077331543e-02) (0, -1.25548706054687500000e+01) (1, 5.36644315719604492188e+00) (2, 1.43969020843505859375e+01) (3, 2.22892808914184570312e+00) (4, 1.30234265327453613281e+00) (5, 1.50000000000000000000e+03) (6, -5.42228855192661285400e-02) (7, -2.01299262046813964844e+00) (8, -2.30299162864685058594e+00) (9, -7.69149160385131835938e+00) (10, -1.22932577133178710938e+00) (11, 1.47860348224639892578e+00) 
