FANN_FLO_2.1
num_layers=3
learning_rate=0.500000
connection_rate=1.000000
network_type=0
learning_momentum=0.000000
training_algorithm=2
train_error_function=1
train_stop_function=0
cascade_output_change_fraction=0.010000
quickprop_decay=-0.000100
quickprop_mu=1.750000
rprop_increase_factor=1.200000
rprop_decrease_factor=0.500000
rprop_delta_min=0.000000
rprop_delta_max=50.000000
rprop_delta_zero=0.100000
cascade_output_stagnation_epochs=12
cascade_candidate_change_fraction=0.010000
cascade_candidate_stagnation_epochs=12
cascade_max_out_epochs=150
cascade_min_out_epochs=50
cascade_max_cand_epochs=150
cascade_min_cand_epochs=50
cascade_num_candidate_groups=2
bit_fail_limit=3.49999994039535522461e-01
cascade_candidate_limit=1.00000000000000000000e+03
cascade_weight_multiplier=4.00000005960464477539e-01
cascade_activation_functions_count=10
cascade_activation_functions=3 5 7 8 10 11 14 15 16 17 
cascade_activation_steepnesses_count=4
cascade_activation_steepnesses=2.50000000000000000000e-01 5.00000000000000000000e-01 7.50000000000000000000e-01 1.00000000000000000000e+00 
layer_sizes=10 5 2 
scale_included=0
neurons (num_inputs, activation_function, activation_steepness)=(0, 0, 0.00000000000000000000e+00) (0, 0, 0.00000000000000000000e+00) (0, 0, 0.00000000000000000000e+00) (0, 0, 0.00000000000000000000e+00) (0, 0, 0.00000000000000000000e+00) (0, 0, 0.00000000000000000000e+00) (0, 0, 0.00000000000000000000e+00) (0, 0, 0.00000000000000000000e+00) (0, 0, 0.00000000000000000000e+00) (0, 0, 0.00000000000000000000e+00) (10, 3, 5.00000000000000000000e-01) (10, 3, 5.00000000000000000000e-01) (10, 3, 5.00000000000000000000e-01) (10, 3, 5.00000000000000000000e-01) (0, 3, 0.00000000000000000000e+00) (5, 3, 5.00000000000000000000e-01) (0, 3, 0.00000000000000000000e+00) 
connections (connected_to_neuron, weight)=(0, 6.18463277816772460938e+00) (1, 4.16373401880264282227e-01) (2, 9.41075265407562255859e-01) (3, 4.54389905929565429688e+00) (4, -2.65336561203002929688e+00) (5, -5.04690289497375488281e-01) (6, -8.64287948608398437500e+00) (7, -3.94687242805957794189e-02) (8, -1.51145267486572265625e+00) (9, 8.11307802796363830566e-02) (0, -7.95868206024169921875e+00) (1, 3.77951741218566894531e+00) (2, -4.85103321075439453125e+00) (3, -3.15203928947448730469e+00) (4, -4.07209968566894531250e+00) (5, 3.96149277687072753906e-01) (6, 2.94451355934143066406e+00) (7, 6.19615650177001953125e+00) (8, 2.47883722186088562012e-01) (9, 7.22483634948730468750e-01) (0, -2.49463367462158203125e+00) (1, 2.59508132934570312500e+00) (2, -1.49296969175338745117e-01) (3, -9.64839756488800048828e-01) (4, -9.25247001647949218750e+00) (5, 2.01373621821403503418e-01) (6, 2.79896640777587890625e+00) (7, 3.22794699668884277344e+00) (8, -1.28387773036956787109e+00) (9, 7.55805075168609619141e-01) (0, 8.02217602729797363281e-01) (1, -1.62819325923919677734e-01) (2, -2.88801729679107666016e-01) (3, 3.92038607597351074219e+00) (4, -6.53433752059936523438e+00) (5, -8.71356964111328125000e-01) (6, 1.93836760520935058594e+00) (7, 5.37473499774932861328e-01) (8, -4.75348144769668579102e-01) (9, -3.25683593750000000000e-01) (10, 4.04864025115966796875e+00) (11, 4.30115604400634765625e+00) (12, 1.53334653377532958984e+00) (13, 1.32105481624603271484e+00) (14, -3.49142694473266601562e+00) 
