FANN_FLO_2.1
num_layers=4
learning_rate=0.400000
connection_rate=1.000000
network_type=0
learning_momentum=0.000000
training_algorithm=2
train_error_function=1
train_stop_function=0
cascade_output_change_fraction=0.010000
quickprop_decay=-0.000100
quickprop_mu=1.750000
rprop_increase_factor=1.200000
rprop_decrease_factor=0.500000
rprop_delta_min=0.000000
rprop_delta_max=50.000000
rprop_delta_zero=0.100000
cascade_output_stagnation_epochs=12
cascade_candidate_change_fraction=0.010000
cascade_candidate_stagnation_epochs=12
cascade_max_out_epochs=150
cascade_min_out_epochs=50
cascade_max_cand_epochs=150
cascade_min_cand_epochs=50
cascade_num_candidate_groups=2
bit_fail_limit=3.49999994039535522461e-01
cascade_candidate_limit=1.00000000000000000000e+03
cascade_weight_multiplier=4.00000005960464477539e-01
cascade_activation_functions_count=10
cascade_activation_functions=3 5 7 8 10 11 14 15 16 17 
cascade_activation_steepnesses_count=4
cascade_activation_steepnesses=2.50000000000000000000e-01 5.00000000000000000000e-01 7.50000000000000000000e-01 1.00000000000000000000e+00 
layer_sizes=7 5 5 2 
scale_included=0
neurons (num_inputs, activation_function, activation_steepness)=(0, 0, 0.00000000000000000000e+00) (0, 0, 0.00000000000000000000e+00) (0, 0, 0.00000000000000000000e+00) (0, 0, 0.00000000000000000000e+00) (0, 0, 0.00000000000000000000e+00) (0, 0, 0.00000000000000000000e+00) (0, 0, 0.00000000000000000000e+00) (7, 3, 5.00000000000000000000e-01) (7, 3, 5.00000000000000000000e-01) (7, 3, 5.00000000000000000000e-01) (7, 3, 5.00000000000000000000e-01) (0, 3, 0.00000000000000000000e+00) (5, 3, 5.00000000000000000000e-01) (5, 3, 5.00000000000000000000e-01) (5, 3, 5.00000000000000000000e-01) (5, 3, 5.00000000000000000000e-01) (0, 3, 0.00000000000000000000e+00) (5, 3, 5.00000000000000000000e-01) (0, 3, 0.00000000000000000000e+00) 
connections (connected_to_neuron, weight)=(0, -6.18334007263183593750e+00) (1, 4.52665328979492187500e+00) (2, -1.46143543720245361328e+00) (3, -2.91242623329162597656e+00) (4, -1.17097723484039306641e+00) (5, -4.63863515853881835938e+00) (6, 1.17391610145568847656e+00) (0, 4.07209253311157226562e+00) (1, -6.14426040649414062500e+00) (2, 2.16062664985656738281e+00) (3, -3.83029317855834960938e+00) (4, -1.23125481605529785156e+00) (5, 8.63983511924743652344e-01) (6, 1.54439496994018554688e+00) (0, 2.29293489456176757812e+00) (1, -3.55051827430725097656e+00) (2, -2.07963180541992187500e+00) (3, -2.29237723350524902344e+00) (4, -6.41194760799407958984e-01) (5, -1.50000000000000000000e+03) (6, 1.11587905883789062500e+00) (0, -4.86795759201049804688e+00) (1, 2.11582326889038085938e+00) (2, 1.80065047740936279297e+00) (3, -4.98401546478271484375e+00) (4, -1.86032819747924804688e+00) (5, -3.51084619760513305664e-01) (6, 1.75875806808471679688e+00) (7, 1.26136684417724609375e+01) (8, 3.53452777862548828125e+00) (9, -1.25388364791870117188e+01) (10, -1.07461476325988769531e+00) (11, -1.44348216056823730469e+00) (7, 1.24898567199707031250e+01) (8, 9.24424743652343750000e+00) (9, 2.06079196929931640625e+01) (10, -1.36380100250244140625e+00) (11, -5.52852344512939453125e+00) (7, -1.90900688171386718750e+01) (8, 8.24643516540527343750e+00) (9, 3.03173656463623046875e+01) (10, -5.52435731887817382812e+00) (11, -3.43809604644775390625e+00) (7, 1.79849815368652343750e+01) (8, 5.52821254730224609375e+00) (9, -9.91513538360595703125e+00) (10, -1.13941774368286132812e+01) (11, -1.15240156650543212891e+00) (12, -2.64828777313232421875e+00) (13, -8.23397159576416015625e-01) (14, -7.30668187141418457031e-01) (15, -4.05321550369262695312e+00) (16, 1.99037864804267883301e-01) 
