FANN_FLO_2.1
num_layers=3
learning_rate=0.400000
connection_rate=1.000000
network_type=0
learning_momentum=0.000000
training_algorithm=2
train_error_function=1
train_stop_function=0
cascade_output_change_fraction=0.010000
quickprop_decay=-0.000100
quickprop_mu=1.750000
rprop_increase_factor=1.200000
rprop_decrease_factor=0.500000
rprop_delta_min=0.000000
rprop_delta_max=50.000000
rprop_delta_zero=0.100000
cascade_output_stagnation_epochs=12
cascade_candidate_change_fraction=0.010000
cascade_candidate_stagnation_epochs=12
cascade_max_out_epochs=150
cascade_min_out_epochs=50
cascade_max_cand_epochs=150
cascade_min_cand_epochs=50
cascade_num_candidate_groups=2
bit_fail_limit=3.49999994039535522461e-01
cascade_candidate_limit=1.00000000000000000000e+03
cascade_weight_multiplier=4.00000005960464477539e-01
cascade_activation_functions_count=10
cascade_activation_functions=3 5 7 8 10 11 14 15 16 17 
cascade_activation_steepnesses_count=4
cascade_activation_steepnesses=2.50000000000000000000e-01 5.00000000000000000000e-01 7.50000000000000000000e-01 1.00000000000000000000e+00 
layer_sizes=7 9 2 
scale_included=0
neurons (num_inputs, activation_function, activation_steepness)=(0, 0, 0.00000000000000000000e+00) (0, 0, 0.00000000000000000000e+00) (0, 0, 0.00000000000000000000e+00) (0, 0, 0.00000000000000000000e+00) (0, 0, 0.00000000000000000000e+00) (0, 0, 0.00000000000000000000e+00) (0, 0, 0.00000000000000000000e+00) (7, 3, 5.00000000000000000000e-01) (7, 3, 5.00000000000000000000e-01) (7, 3, 5.00000000000000000000e-01) (7, 3, 5.00000000000000000000e-01) (7, 3, 5.00000000000000000000e-01) (7, 3, 5.00000000000000000000e-01) (7, 3, 5.00000000000000000000e-01) (7, 3, 5.00000000000000000000e-01) (0, 3, 0.00000000000000000000e+00) (9, 3, 5.00000000000000000000e-01) (0, 3, 0.00000000000000000000e+00) 
connections (connected_to_neuron, weight)=(0, 1.04258394241333007812e+01) (1, -1.01233882904052734375e+01) (2, 2.98929710388183593750e+01) (3, -3.83642363548278808594e+00) (4, -1.26675641536712646484e+00) (5, -3.48342823982238769531e+00) (6, 2.85698080062866210938e+00) (0, -4.52769470214843750000e+00) (1, -2.72156276702880859375e+01) (2, -1.50000000000000000000e+03) (3, -1.22891578674316406250e+01) (4, -2.24288552999496459961e-01) (5, 3.86853637695312500000e+02) (6, -5.54923868179321289062e+00) (0, 3.50511407852172851562e+00) (1, -5.79417037963867187500e+00) (2, -1.36945152282714843750e+01) (3, -1.89993381500244140625e+00) (4, -8.63220915198326110840e-02) (5, 3.38396954536437988281e+00) (6, -1.68670380115509033203e+00) (0, 8.89249324798583984375e-01) (1, 7.67310738563537597656e-01) (2, 7.18346214294433593750e+00) (3, -3.82687950134277343750e+00) (4, -7.46623182296752929688e+00) (5, 1.22006094455718994141e+00) (6, 7.94154882431030273438e-01) (0, -1.70567011833190917969e+00) (1, -2.91634702682495117188e+00) (2, 1.46666503906250000000e+02) (3, -2.83635020256042480469e+00) (4, 5.11491918563842773438e+00) (5, -7.59489965438842773438e+00) (6, -3.32526707649230957031e+00) (0, -1.58357962965965270996e-01) (1, -1.91495329141616821289e-01) (2, 6.40041685104370117188e+00) (3, -4.14069509506225585938e+00) (4, -1.69436407089233398438e+00) (5, 2.45870780944824218750e+00) (6, 8.55605900287628173828e-01) (0, -7.90431070327758789062e+00) (1, 6.19149971008300781250e+00) (2, -7.08106756210327148438e+00) (3, -1.97812581062316894531e+00) (4, -1.43745827674865722656e+00) (5, -5.80270481109619140625e+00) (6, 1.90365636348724365234e+00) (0, -1.02227401733398437500e+00) (1, -2.85096198320388793945e-01) (2, -1.79271376132965087891e+00) (3, -2.39120221138000488281e+00) (4, -1.77870905399322509766e+00) (5, -8.52971136569976806641e-01) (6, 1.01840412616729736328e+00) (7, -1.76640188694000244141e+00) (8, -7.89376258850097656250e-01) (9, -6.27239656448364257812e+00) (10, -1.15355706214904785156e+00) (11, -2.48140946030616760254e-01) (12, -1.36807370185852050781e+00) (13, -9.92061614990234375000e+00) (14, 1.09444971084594726562e+01) (15, 4.15873944759368896484e-01) 
