FANN_FLO_2.1
num_layers=4
learning_rate=0.400000
connection_rate=1.000000
network_type=0
learning_momentum=0.000000
training_algorithm=2
train_error_function=1
train_stop_function=0
cascade_output_change_fraction=0.010000
quickprop_decay=-0.000100
quickprop_mu=1.750000
rprop_increase_factor=1.200000
rprop_decrease_factor=0.500000
rprop_delta_min=0.000000
rprop_delta_max=50.000000
rprop_delta_zero=0.100000
cascade_output_stagnation_epochs=12
cascade_candidate_change_fraction=0.010000
cascade_candidate_stagnation_epochs=12
cascade_max_out_epochs=150
cascade_min_out_epochs=50
cascade_max_cand_epochs=150
cascade_min_cand_epochs=50
cascade_num_candidate_groups=2
bit_fail_limit=3.49999994039535522461e-01
cascade_candidate_limit=1.00000000000000000000e+03
cascade_weight_multiplier=4.00000005960464477539e-01
cascade_activation_functions_count=10
cascade_activation_functions=3 5 7 8 10 11 14 15 16 17 
cascade_activation_steepnesses_count=4
cascade_activation_steepnesses=2.50000000000000000000e-01 5.00000000000000000000e-01 7.50000000000000000000e-01 1.00000000000000000000e+00 
layer_sizes=7 3 3 2 
scale_included=0
neurons (num_inputs, activation_function, activation_steepness)=(0, 0, 0.00000000000000000000e+00) (0, 0, 0.00000000000000000000e+00) (0, 0, 0.00000000000000000000e+00) (0, 0, 0.00000000000000000000e+00) (0, 0, 0.00000000000000000000e+00) (0, 0, 0.00000000000000000000e+00) (0, 0, 0.00000000000000000000e+00) (7, 3, 5.00000000000000000000e-01) (7, 3, 5.00000000000000000000e-01) (0, 3, 0.00000000000000000000e+00) (3, 3, 5.00000000000000000000e-01) (3, 3, 5.00000000000000000000e-01) (0, 3, 0.00000000000000000000e+00) (3, 3, 5.00000000000000000000e-01) (0, 3, 0.00000000000000000000e+00) 
connections (connected_to_neuron, weight)=(0, -8.98388122558593750000e+02) (1, 1.58294841647148132324e-01) (2, -1.54106674194335937500e+02) (3, -2.86832880973815917969e+00) (4, -1.64062178134918212891e+00) (5, 3.83401733398437500000e+02) (6, 1.98321127891540527344e+00) (0, -5.25658750534057617188e+00) (1, 3.25099301338195800781e+00) (2, 7.75396525859832763672e-01) (3, -2.55231952667236328125e+00) (4, -1.04276978969573974609e+00) (5, 7.70678341388702392578e-01) (6, 1.87592697143554687500e+00) (7, -5.98171043395996093750e+00) (8, 1.73018131256103515625e+01) (9, -1.67475688457489013672e+00) (7, -1.22435545921325683594e+00) (8, 1.15955047607421875000e+01) (9, -3.92896056175231933594e+00) (10, -1.50094652175903320312e+00) (11, -1.64898538589477539062e+00) (12, -5.42777240276336669922e-01) 
