FANN_FLO_2.1
num_layers=4
learning_rate=0.400000
connection_rate=1.000000
network_type=0
learning_momentum=0.000000
training_algorithm=2
train_error_function=1
train_stop_function=0
cascade_output_change_fraction=0.010000
quickprop_decay=-0.000100
quickprop_mu=1.750000
rprop_increase_factor=1.200000
rprop_decrease_factor=0.500000
rprop_delta_min=0.000000
rprop_delta_max=50.000000
rprop_delta_zero=0.100000
cascade_output_stagnation_epochs=12
cascade_candidate_change_fraction=0.010000
cascade_candidate_stagnation_epochs=12
cascade_max_out_epochs=150
cascade_min_out_epochs=50
cascade_max_cand_epochs=150
cascade_min_cand_epochs=50
cascade_num_candidate_groups=2
bit_fail_limit=3.49999994039535522461e-01
cascade_candidate_limit=1.00000000000000000000e+03
cascade_weight_multiplier=4.00000005960464477539e-01
cascade_activation_functions_count=10
cascade_activation_functions=3 5 7 8 10 11 14 15 16 17 
cascade_activation_steepnesses_count=4
cascade_activation_steepnesses=2.50000000000000000000e-01 5.00000000000000000000e-01 7.50000000000000000000e-01 1.00000000000000000000e+00 
layer_sizes=7 5 3 2 
scale_included=0
neurons (num_inputs, activation_function, activation_steepness)=(0, 0, 0.00000000000000000000e+00) (0, 0, 0.00000000000000000000e+00) (0, 0, 0.00000000000000000000e+00) (0, 0, 0.00000000000000000000e+00) (0, 0, 0.00000000000000000000e+00) (0, 0, 0.00000000000000000000e+00) (0, 0, 0.00000000000000000000e+00) (7, 3, 5.00000000000000000000e-01) (7, 3, 5.00000000000000000000e-01) (7, 3, 5.00000000000000000000e-01) (7, 3, 5.00000000000000000000e-01) (0, 3, 0.00000000000000000000e+00) (5, 3, 5.00000000000000000000e-01) (5, 3, 5.00000000000000000000e-01) (0, 3, 0.00000000000000000000e+00) (3, 3, 5.00000000000000000000e-01) (0, 3, 0.00000000000000000000e+00) 
connections (connected_to_neuron, weight)=(0, -6.13961914062500000000e+02) (1, -1.50000000000000000000e+03) (2, -1.50000000000000000000e+03) (3, -1.99394283294677734375e+01) (4, -1.50000000000000000000e+03) (5, -1.50000000000000000000e+03) (6, 1.51527822017669677734e+00) (0, -5.53186321258544921875e+00) (1, 5.04713058471679687500e+00) (2, -2.77777957916259765625e+00) (3, -1.54400181770324707031e+00) (4, -6.65823638439178466797e-01) (5, -1.50000000000000000000e+03) (6, -1.59222707152366638184e-01) (0, -3.10597825050354003906e+00) (1, -1.50000000000000000000e+03) (2, -1.50000000000000000000e+03) (3, -3.22760658264160156250e+01) (4, -1.50000000000000000000e+03) (5, -1.50000000000000000000e+03) (6, -6.80608928203582763672e-01) (0, -2.65279340744018554688e+00) (1, -4.68159055709838867188e+00) (2, 3.43308281898498535156e+00) (3, -2.04024839401245117188e+00) (4, -3.96507382392883300781e-01) (5, 4.92216968536376953125e+00) (6, 8.76819491386413574219e-01) (7, 1.50000000000000000000e+03) (8, 1.60792484283447265625e+01) (9, 1.50000000000000000000e+03) (10, 1.17701616287231445312e+01) (11, -2.66321420669555664062e+00) (7, 1.50000000000000000000e+03) (8, 1.61894359588623046875e+01) (9, 1.50000000000000000000e+03) (10, 1.20883417129516601562e+01) (11, -2.78801560401916503906e+00) (12, -1.40212643146514892578e+00) (13, -1.65989041328430175781e+00) (14, -8.29888880252838134766e-01) 
