FANN_FLO_2.1
num_layers=4
learning_rate=0.500000
connection_rate=1.000000
network_type=0
learning_momentum=0.000000
training_algorithm=2
train_error_function=1
train_stop_function=0
cascade_output_change_fraction=0.010000
quickprop_decay=-0.000100
quickprop_mu=1.750000
rprop_increase_factor=1.200000
rprop_decrease_factor=0.500000
rprop_delta_min=0.000000
rprop_delta_max=50.000000
rprop_delta_zero=0.100000
cascade_output_stagnation_epochs=12
cascade_candidate_change_fraction=0.010000
cascade_candidate_stagnation_epochs=12
cascade_max_out_epochs=150
cascade_min_out_epochs=50
cascade_max_cand_epochs=150
cascade_min_cand_epochs=50
cascade_num_candidate_groups=2
bit_fail_limit=3.49999994039535522461e-01
cascade_candidate_limit=1.00000000000000000000e+03
cascade_weight_multiplier=4.00000005960464477539e-01
cascade_activation_functions_count=10
cascade_activation_functions=3 5 7 8 10 11 14 15 16 17 
cascade_activation_steepnesses_count=4
cascade_activation_steepnesses=2.50000000000000000000e-01 5.00000000000000000000e-01 7.50000000000000000000e-01 1.00000000000000000000e+00 
layer_sizes=2 5 5 3 
scale_included=0
neurons (num_inputs, activation_function, activation_steepness)=(0, 0, 0.00000000000000000000e+00) (0, 0, 0.00000000000000000000e+00) (2, 3, 5.00000000000000000000e-01) (2, 3, 5.00000000000000000000e-01) (2, 3, 5.00000000000000000000e-01) (2, 3, 5.00000000000000000000e-01) (0, 3, 0.00000000000000000000e+00) (5, 3, 5.00000000000000000000e-01) (5, 3, 5.00000000000000000000e-01) (5, 3, 5.00000000000000000000e-01) (5, 3, 5.00000000000000000000e-01) (0, 3, 0.00000000000000000000e+00) (5, 0, 5.00000000000000000000e-01) (5, 0, 5.00000000000000000000e-01) (0, 0, 0.00000000000000000000e+00) 
connections (connected_to_neuron, weight)=(0, -1.49074035644531250000e+03) (1, 5.80444383621215820312e+00) (0, -1.22419462203979492188e+01) (1, 3.31903123855590820312e+00) (0, -1.20947589874267578125e+01) (1, 4.03577852249145507812e+00) (0, -1.90116195678710937500e+01) (1, -2.31028094887733459473e-01) (2, -1.19265527343750000000e+03) (3, -2.61149907112121582031e+00) (4, -1.65139389038085937500e+00) (5, -8.23087596893310546875e+00) (6, 4.60345554351806640625e+00) (2, -5.17575311660766601562e+00) (3, 2.47278094291687011719e+00) (4, 3.21336126327514648438e+00) (5, 2.26575374603271484375e+01) (6, -4.27738237380981445312e+00) (2, -9.04049396514892578125e+00) (3, 4.71270608901977539062e+00) (4, 1.03658771514892578125e+01) (5, -1.14688837528228759766e+00) (6, -1.62055397033691406250e+00) (2, -1.63313031196594238281e-01) (3, -3.40689373016357421875e+00) (4, -2.37190365791320800781e+00) (5, 4.74532222747802734375e+00) (6, 1.98828709125518798828e+00) (7, -2.00656032562255859375e+00) (8, 3.94707739353179931641e-01) (9, -1.90107774734497070312e+00) (10, 2.03970551490783691406e+00) (11, 1.14023101329803466797e+00) (7, -1.06784880161285400391e+00) (8, 1.81409657001495361328e+00) (9, 3.28007102012634277344e-01) (10, -1.63345396518707275391e+00) (11, 1.26334309577941894531e-01) 
