FANN_FLO_2.1
num_layers=4
learning_rate=0.500000
connection_rate=1.000000
network_type=0
learning_momentum=0.000000
training_algorithm=2
train_error_function=1
train_stop_function=0
cascade_output_change_fraction=0.010000
quickprop_decay=-0.000100
quickprop_mu=1.750000
rprop_increase_factor=1.200000
rprop_decrease_factor=0.500000
rprop_delta_min=0.000000
rprop_delta_max=50.000000
rprop_delta_zero=0.100000
cascade_output_stagnation_epochs=12
cascade_candidate_change_fraction=0.010000
cascade_candidate_stagnation_epochs=12
cascade_max_out_epochs=150
cascade_min_out_epochs=50
cascade_max_cand_epochs=150
cascade_min_cand_epochs=50
cascade_num_candidate_groups=2
bit_fail_limit=3.49999994039535522461e-01
cascade_candidate_limit=1.00000000000000000000e+03
cascade_weight_multiplier=4.00000005960464477539e-01
cascade_activation_functions_count=10
cascade_activation_functions=3 5 7 8 10 11 14 15 16 17 
cascade_activation_steepnesses_count=4
cascade_activation_steepnesses=2.50000000000000000000e-01 5.00000000000000000000e-01 7.50000000000000000000e-01 1.00000000000000000000e+00 
layer_sizes=10 5 3 2 
scale_included=0
neurons (num_inputs, activation_function, activation_steepness)=(0, 0, 0.00000000000000000000e+00) (0, 0, 0.00000000000000000000e+00) (0, 0, 0.00000000000000000000e+00) (0, 0, 0.00000000000000000000e+00) (0, 0, 0.00000000000000000000e+00) (0, 0, 0.00000000000000000000e+00) (0, 0, 0.00000000000000000000e+00) (0, 0, 0.00000000000000000000e+00) (0, 0, 0.00000000000000000000e+00) (0, 0, 0.00000000000000000000e+00) (10, 3, 5.00000000000000000000e-01) (10, 3, 5.00000000000000000000e-01) (10, 3, 5.00000000000000000000e-01) (10, 3, 5.00000000000000000000e-01) (0, 3, 0.00000000000000000000e+00) (5, 3, 5.00000000000000000000e-01) (5, 3, 5.00000000000000000000e-01) (0, 3, 0.00000000000000000000e+00) (3, 3, 5.00000000000000000000e-01) (0, 3, 0.00000000000000000000e+00) 
connections (connected_to_neuron, weight)=(0, 4.46467548608779907227e-01) (1, 2.64254903793334960938e+00) (2, 3.51377224922180175781e+00) (3, -6.77553534507751464844e-01) (4, -3.69817399978637695312e+00) (5, -5.58221936225891113281e-01) (6, 5.84171235561370849609e-01) (7, -2.19070553779602050781e+00) (8, -1.01312341690063476562e+01) (9, 2.81806850433349609375e+00) (0, 3.06629443168640136719e+00) (1, -2.36781641840934753418e-01) (2, 2.02826523780822753906e+00) (3, -2.19708418846130371094e+00) (4, 5.52990257740020751953e-01) (5, -1.02883207798004150391e+00) (6, -7.89587545394897460938e+00) (7, -2.93097913265228271484e-01) (8, -4.64296102523803710938e-01) (9, 1.03621637821197509766e+00) (0, -3.01932668685913085938e+00) (1, -3.67115616798400878906e-01) (2, -1.55683517456054687500e+01) (3, -5.20633995532989501953e-01) (4, 6.50014996528625488281e-01) (5, -1.41159462928771972656e+00) (6, 3.36386895179748535156e+00) (7, 5.20430803298950195312e+00) (8, -1.91495954990386962891e-01) (9, 1.50054395198822021484e+00) (0, -2.13166087865829467773e-01) (1, -3.72855710983276367188e+00) (2, -4.58191585540771484375e+00) (3, 3.33627963066101074219e+00) (4, 3.60895609855651855469e+00) (5, 1.13955307006835937500e+00) (6, 2.18675041198730468750e+00) (7, 5.15393686294555664062e+00) (8, 7.79409790039062500000e+00) (9, -4.04744577407836914062e+00) (10, 4.41777515411376953125e+00) (11, 1.34626016616821289062e+01) (12, 1.30562896728515625000e+01) (13, -6.09504222869873046875e+00) (14, -8.89210164546966552734e-01) (10, 4.00470695495605468750e+01) (11, 6.89721488952636718750e+00) (12, 1.05007457733154296875e+01) (13, -4.12224245071411132812e+00) (14, -1.72740507125854492188e+00) (15, 1.51308941841125488281e+00) (16, 5.97420454025268554688e-01) (17, -1.23194241523742675781e+00) 
