FANN_FLO_2.1
num_layers=3
learning_rate=0.400000
connection_rate=1.000000
network_type=0
learning_momentum=0.000000
training_algorithm=2
train_error_function=1
train_stop_function=0
cascade_output_change_fraction=0.010000
quickprop_decay=-0.000100
quickprop_mu=1.750000
rprop_increase_factor=1.200000
rprop_decrease_factor=0.500000
rprop_delta_min=0.000000
rprop_delta_max=50.000000
rprop_delta_zero=0.100000
cascade_output_stagnation_epochs=12
cascade_candidate_change_fraction=0.010000
cascade_candidate_stagnation_epochs=12
cascade_max_out_epochs=150
cascade_min_out_epochs=50
cascade_max_cand_epochs=150
cascade_min_cand_epochs=50
cascade_num_candidate_groups=2
bit_fail_limit=3.49999994039535522461e-01
cascade_candidate_limit=1.00000000000000000000e+03
cascade_weight_multiplier=4.00000005960464477539e-01
cascade_activation_functions_count=10
cascade_activation_functions=3 5 7 8 10 11 14 15 16 17 
cascade_activation_steepnesses_count=4
cascade_activation_steepnesses=2.50000000000000000000e-01 5.00000000000000000000e-01 7.50000000000000000000e-01 1.00000000000000000000e+00 
layer_sizes=7 9 2 
scale_included=0
neurons (num_inputs, activation_function, activation_steepness)=(0, 0, 0.00000000000000000000e+00) (0, 0, 0.00000000000000000000e+00) (0, 0, 0.00000000000000000000e+00) (0, 0, 0.00000000000000000000e+00) (0, 0, 0.00000000000000000000e+00) (0, 0, 0.00000000000000000000e+00) (0, 0, 0.00000000000000000000e+00) (7, 3, 5.00000000000000000000e-01) (7, 3, 5.00000000000000000000e-01) (7, 3, 5.00000000000000000000e-01) (7, 3, 5.00000000000000000000e-01) (7, 3, 5.00000000000000000000e-01) (7, 3, 5.00000000000000000000e-01) (7, 3, 5.00000000000000000000e-01) (7, 3, 5.00000000000000000000e-01) (0, 3, 0.00000000000000000000e+00) (9, 3, 5.00000000000000000000e-01) (0, 3, 0.00000000000000000000e+00) 
connections (connected_to_neuron, weight)=(0, -1.38667755126953125000e+01) (1, -1.59503567218780517578e+00) (2, -2.63727593421936035156e+00) (3, 6.19566202163696289062e+00) (4, -1.08673191070556640625e+01) (5, 1.81783790588378906250e+01) (6, 2.19795012474060058594e+00) (0, -6.93484830856323242188e+00) (1, -2.68913483619689941406e+00) (2, -7.46292412281036376953e-01) (3, 1.71823382377624511719e+00) (4, 4.72163295745849609375e+00) (5, -1.12943494319915771484e+00) (6, -2.11691951751708984375e+00) (0, 4.87838298082351684570e-01) (1, 8.68678450584411621094e-01) (2, 3.69755804538726806641e-01) (3, 9.61703479290008544922e-01) (4, 2.31420588493347167969e+00) (5, 1.81491947174072265625e+00) (6, -2.84387898445129394531e+00) (0, -2.67993748188018798828e-01) (1, -1.68113201856613159180e-01) (2, -1.12563872337341308594e+00) (3, -9.08640742301940917969e-01) (4, -1.60053527355194091797e+00) (5, -8.37393462657928466797e-01) (6, 1.14787459373474121094e+00) (0, -1.29049336910247802734e+00) (1, -1.87722551822662353516e+00) (2, -4.52434825897216796875e+00) (3, 2.66022276878356933594e+00) (4, -1.25860285758972167969e+00) (5, 7.87755537033081054688e+00) (6, -2.16042065620422363281e+00) (0, 5.86089968681335449219e-01) (1, 5.03936588764190673828e-01) (2, -7.64966583251953125000e+00) (3, -1.47334325313568115234e+00) (4, 6.13612353801727294922e-01) (5, 3.60604906082153320312e+00) (6, 3.50625300407409667969e+00) (0, -3.45075368881225585938e+00) (1, -2.13302540779113769531e+00) (2, -4.00384044647216796875e+00) (3, 1.55384683609008789062e+00) (4, 2.86110967397689819336e-01) (5, 2.98126482963562011719e+00) (6, -1.48514771461486816406e+00) (0, 8.50146770477294921875e-01) (1, -5.10872006416320800781e-01) (2, -3.91949129104614257812e+00) (3, -2.03409552574157714844e+00) (4, -5.15481805801391601562e+00) (5, 8.81880187988281250000e+00) (6, 2.08715581893920898438e+00) (7, -2.10938286781311035156e+00) (8, 2.12428879737854003906e+00) (9, 1.08400070667266845703e+00) (10, -3.47458505630493164062e+00) (11, 3.13214993476867675781e+00) (12, -7.04651117324829101562e-01) (13, 3.44529676437377929688e+00) (14, -5.63815116882324218750e-01) (15, -6.50069341063499450684e-02) 
