FANN_FLO_2.1
num_layers=3
learning_rate=0.500000
connection_rate=1.000000
network_type=0
learning_momentum=0.000000
training_algorithm=2
train_error_function=1
train_stop_function=0
cascade_output_change_fraction=0.010000
quickprop_decay=-0.000100
quickprop_mu=1.750000
rprop_increase_factor=1.200000
rprop_decrease_factor=0.500000
rprop_delta_min=0.000000
rprop_delta_max=50.000000
rprop_delta_zero=0.100000
cascade_output_stagnation_epochs=12
cascade_candidate_change_fraction=0.010000
cascade_candidate_stagnation_epochs=12
cascade_max_out_epochs=150
cascade_min_out_epochs=50
cascade_max_cand_epochs=150
cascade_min_cand_epochs=50
cascade_num_candidate_groups=2
bit_fail_limit=3.49999994039535522461e-01
cascade_candidate_limit=1.00000000000000000000e+03
cascade_weight_multiplier=4.00000005960464477539e-01
cascade_activation_functions_count=10
cascade_activation_functions=3 5 7 8 10 11 14 15 16 17 
cascade_activation_steepnesses_count=4
cascade_activation_steepnesses=2.50000000000000000000e-01 5.00000000000000000000e-01 7.50000000000000000000e-01 1.00000000000000000000e+00 
layer_sizes=10 5 2 
scale_included=0
neurons (num_inputs, activation_function, activation_steepness)=(0, 0, 0.00000000000000000000e+00) (0, 0, 0.00000000000000000000e+00) (0, 0, 0.00000000000000000000e+00) (0, 0, 0.00000000000000000000e+00) (0, 0, 0.00000000000000000000e+00) (0, 0, 0.00000000000000000000e+00) (0, 0, 0.00000000000000000000e+00) (0, 0, 0.00000000000000000000e+00) (0, 0, 0.00000000000000000000e+00) (0, 0, 0.00000000000000000000e+00) (10, 3, 5.00000000000000000000e-01) (10, 3, 5.00000000000000000000e-01) (10, 3, 5.00000000000000000000e-01) (10, 3, 5.00000000000000000000e-01) (0, 3, 0.00000000000000000000e+00) (5, 3, 5.00000000000000000000e-01) (0, 3, 0.00000000000000000000e+00) 
connections (connected_to_neuron, weight)=(0, -2.49763679504394531250e+00) (1, -4.40291404724121093750e+00) (2, 2.03197526931762695312e+00) (3, -1.07532501220703125000e+01) (4, 2.26373958587646484375e+00) (5, 1.20783786773681640625e+01) (6, -3.44812417030334472656e+00) (7, 1.64144003391265869141e+00) (8, 5.46549367904663085938e+00) (9, -2.63360530138015747070e-01) (0, -1.29213690757751464844e+00) (1, -3.08523249626159667969e+00) (2, 1.03354740142822265625e+00) (3, -1.08007135391235351562e+01) (4, 1.58648335933685302734e+00) (5, 8.79552173614501953125e+00) (6, -3.48131394386291503906e+00) (7, 7.84434258937835693359e-01) (8, 1.16527719497680664062e+01) (9, -1.70286500453948974609e+00) (0, 4.65272426605224609375e+00) (1, -3.60283827781677246094e+00) (2, -9.14752602577209472656e-01) (3, 2.15650939941406250000e+00) (4, 2.34023380279541015625e+00) (5, -8.11593949794769287109e-01) (6, 1.98575851440429687500e+02) (7, -2.01183181762695312500e+02) (8, -3.93174667358398437500e+01) (9, 2.01908558607101440430e-01) (0, -2.13721013069152832031e+00) (1, -4.86701583862304687500e+00) (2, 2.08166718482971191406e+00) (3, -8.24046993255615234375e+00) (4, 1.52800345420837402344e+00) (5, 1.16697740554809570312e+01) (6, -3.50060153007507324219e+00) (7, 2.99418270587921142578e-01) (8, 6.66091394424438476562e+00) (9, -8.06678891181945800781e-01) (10, 7.74094939231872558594e-01) (11, 1.21482765674591064453e+00) (12, 3.48146367073059082031e+00) (13, 1.53511106967926025391e+00) (14, -2.56772756576538085938e+00) 
