FANN_FLO_2.1
num_layers=3
learning_rate=0.400000
connection_rate=1.000000
network_type=0
learning_momentum=0.000000
training_algorithm=2
train_error_function=1
train_stop_function=0
cascade_output_change_fraction=0.010000
quickprop_decay=-0.000100
quickprop_mu=1.750000
rprop_increase_factor=1.200000
rprop_decrease_factor=0.500000
rprop_delta_min=0.000000
rprop_delta_max=50.000000
rprop_delta_zero=0.100000
cascade_output_stagnation_epochs=12
cascade_candidate_change_fraction=0.010000
cascade_candidate_stagnation_epochs=12
cascade_max_out_epochs=150
cascade_min_out_epochs=50
cascade_max_cand_epochs=150
cascade_min_cand_epochs=50
cascade_num_candidate_groups=2
bit_fail_limit=3.49999994039535522461e-01
cascade_candidate_limit=1.00000000000000000000e+03
cascade_weight_multiplier=4.00000005960464477539e-01
cascade_activation_functions_count=10
cascade_activation_functions=3 5 7 8 10 11 14 15 16 17 
cascade_activation_steepnesses_count=4
cascade_activation_steepnesses=2.50000000000000000000e-01 5.00000000000000000000e-01 7.50000000000000000000e-01 1.00000000000000000000e+00 
layer_sizes=7 9 2 
scale_included=0
neurons (num_inputs, activation_function, activation_steepness)=(0, 0, 0.00000000000000000000e+00) (0, 0, 0.00000000000000000000e+00) (0, 0, 0.00000000000000000000e+00) (0, 0, 0.00000000000000000000e+00) (0, 0, 0.00000000000000000000e+00) (0, 0, 0.00000000000000000000e+00) (0, 0, 0.00000000000000000000e+00) (7, 3, 5.00000000000000000000e-01) (7, 3, 5.00000000000000000000e-01) (7, 3, 5.00000000000000000000e-01) (7, 3, 5.00000000000000000000e-01) (7, 3, 5.00000000000000000000e-01) (7, 3, 5.00000000000000000000e-01) (7, 3, 5.00000000000000000000e-01) (7, 3, 5.00000000000000000000e-01) (0, 3, 0.00000000000000000000e+00) (9, 3, 5.00000000000000000000e-01) (0, 3, 0.00000000000000000000e+00) 
connections (connected_to_neuron, weight)=(0, 3.71064352989196777344e+00) (1, 3.74945878982543945312e+00) (2, -1.45949268341064453125e+01) (3, -8.81923675537109375000e+00) (4, -4.80073124170303344727e-01) (5, -2.57847338914871215820e-01) (6, -2.91075110435485839844e+00) (0, 1.32846794128417968750e+01) (1, -1.54101171493530273438e+01) (2, 9.38933753967285156250e+00) (3, -5.21790170669555664062e+00) (4, -1.11849534511566162109e+00) (5, 7.92942237854003906250e+00) (6, -6.06601619720458984375e+00) (0, -2.10682153701782226562e+00) (1, -9.02956390380859375000e+00) (2, -3.74465789794921875000e+01) (3, -4.14084863662719726562e+00) (4, -2.17263650894165039062e+00) (5, 1.49894482421875000000e+03) (6, 1.37849912643432617188e+01) (0, -8.38925170898437500000e+00) (1, -7.19193339347839355469e-01) (2, -6.46218719482421875000e+01) (3, 8.42576885223388671875e+00) (4, -1.62505855560302734375e+01) (5, 6.51250696182250976562e+00) (6, 7.10274219512939453125e+00) (0, -6.73759460449218750000e+00) (1, -2.33257627487182617188e+00) (2, 1.72311401367187500000e+01) (3, -5.28789234161376953125e+00) (4, 1.18848013877868652344e+00) (5, 2.30139279365539550781e+00) (6, 6.13335323333740234375e+00) (0, -4.78319704532623291016e-01) (1, -5.66369831562042236328e-01) (2, -1.35140120983123779297e-01) (3, -4.70567798614501953125e+00) (4, -1.95887351036071777344e+00) (5, -5.28994023799896240234e-01) (6, 4.24653053283691406250e-01) (0, -8.60807991027832031250e+00) (1, -3.02707815170288085938e+00) (2, 6.57015848159790039062e+00) (3, 7.54024839401245117188e+00) (4, -1.33979320526123046875e+00) (5, 1.49894482421875000000e+03) (6, 6.67222738265991210938e+00) (0, -5.81769275665283203125e+00) (1, 5.56280565261840820312e+00) (2, -2.08542153239250183105e-01) (3, -2.94347953796386718750e+00) (4, -1.34444844722747802734e+00) (5, -3.96459293365478515625e+00) (6, -4.53154206275939941406e-01) (7, -6.62751376628875732422e-01) (8, -6.84559059143066406250e+00) (9, -3.82969588041305541992e-01) (10, -3.07381689548492431641e-01) (11, -4.64289933443069458008e-01) (12, 1.02772789001464843750e+01) (13, -6.15781426429748535156e-01) (14, -2.02916145324707031250e+01) (15, -3.61771732568740844727e-01) 
