FANN_FLO_2.1
num_layers=3
learning_rate=0.400000
connection_rate=1.000000
network_type=0
learning_momentum=0.000000
training_algorithm=2
train_error_function=1
train_stop_function=0
cascade_output_change_fraction=0.010000
quickprop_decay=-0.000100
quickprop_mu=1.750000
rprop_increase_factor=1.200000
rprop_decrease_factor=0.500000
rprop_delta_min=0.000000
rprop_delta_max=50.000000
rprop_delta_zero=0.100000
cascade_output_stagnation_epochs=12
cascade_candidate_change_fraction=0.010000
cascade_candidate_stagnation_epochs=12
cascade_max_out_epochs=150
cascade_min_out_epochs=50
cascade_max_cand_epochs=150
cascade_min_cand_epochs=50
cascade_num_candidate_groups=2
bit_fail_limit=3.49999994039535522461e-01
cascade_candidate_limit=1.00000000000000000000e+03
cascade_weight_multiplier=4.00000005960464477539e-01
cascade_activation_functions_count=10
cascade_activation_functions=3 5 7 8 10 11 14 15 16 17 
cascade_activation_steepnesses_count=4
cascade_activation_steepnesses=2.50000000000000000000e-01 5.00000000000000000000e-01 7.50000000000000000000e-01 1.00000000000000000000e+00 
layer_sizes=19 3 3 
scale_included=0
neurons (num_inputs, activation_function, activation_steepness)=(0, 0, 0.00000000000000000000e+00) (0, 0, 0.00000000000000000000e+00) (0, 0, 0.00000000000000000000e+00) (0, 0, 0.00000000000000000000e+00) (0, 0, 0.00000000000000000000e+00) (0, 0, 0.00000000000000000000e+00) (0, 0, 0.00000000000000000000e+00) (0, 0, 0.00000000000000000000e+00) (0, 0, 0.00000000000000000000e+00) (0, 0, 0.00000000000000000000e+00) (0, 0, 0.00000000000000000000e+00) (0, 0, 0.00000000000000000000e+00) (0, 0, 0.00000000000000000000e+00) (0, 0, 0.00000000000000000000e+00) (0, 0, 0.00000000000000000000e+00) (0, 0, 0.00000000000000000000e+00) (0, 0, 0.00000000000000000000e+00) (0, 0, 0.00000000000000000000e+00) (0, 0, 0.00000000000000000000e+00) (19, 3, 5.00000000000000000000e-01) (19, 3, 5.00000000000000000000e-01) (0, 3, 0.00000000000000000000e+00) (3, 3, 5.00000000000000000000e-01) (3, 3, 5.00000000000000000000e-01) (0, 3, 0.00000000000000000000e+00) 
connections (connected_to_neuron, weight)=(0, 3.57628369331359863281e+00) (1, 1.44205684661865234375e+01) (2, -1.24499387741088867188e+01) (3, 5.86082792282104492188e+00) (4, 5.29490995407104492188e+00) (5, 3.18421125411987304688e+00) (6, -1.16103496551513671875e+01) (7, -9.22842979431152343750e+00) (8, -2.89919281005859375000e+00) (9, 2.04903095960617065430e-01) (10, 1.44218044281005859375e+01) (11, -1.00928888320922851562e+01) (12, 1.22604131698608398438e+00) (13, -5.88050603866577148438e-01) (14, -7.26403379440307617188e+00) (15, 2.49412393569946289062e+00) (16, 4.13405847549438476562e+00) (17, -6.43758726119995117188e+00) (18, 9.66898250579833984375e+00) (0, -1.39690561294555664062e+01) (1, 3.85214424133300781250e+00) (2, -4.74990797042846679688e+00) (3, -1.49803848266601562500e+01) (4, 2.88509225845336914062e+00) (5, -6.48845481872558593750e+00) (6, 2.51285667419433593750e+01) (7, 3.95714426040649414062e+00) (8, 1.30409412384033203125e+01) (9, -2.24705719947814941406e+00) (10, -9.86709892749786376953e-02) (11, 4.81122350692749023438e+00) (12, -5.61717796325683593750e+00) (13, 8.16755676269531250000e+00) (14, -5.88765501976013183594e-01) (15, -5.06880855560302734375e+00) (16, -2.49860572814941406250e+00) (17, 6.35543394088745117188e+00) (18, 4.89369106292724609375e+00) (19, -6.81954622268676757812e-01) (20, -9.01072323322296142578e-01) (21, 7.45000898838043212891e-01) (19, 6.81380033493041992188e-01) (20, 9.00130450725555419922e-01) (21, -7.44188070297241210938e-01) 
