FANN_FLO_2.1
num_layers=3
learning_rate=0.400000
connection_rate=1.000000
network_type=0
learning_momentum=0.000000
training_algorithm=2
train_error_function=1
train_stop_function=0
cascade_output_change_fraction=0.010000
quickprop_decay=-0.000100
quickprop_mu=1.750000
rprop_increase_factor=1.200000
rprop_decrease_factor=0.500000
rprop_delta_min=0.000000
rprop_delta_max=50.000000
rprop_delta_zero=0.100000
cascade_output_stagnation_epochs=12
cascade_candidate_change_fraction=0.010000
cascade_candidate_stagnation_epochs=12
cascade_max_out_epochs=150
cascade_min_out_epochs=50
cascade_max_cand_epochs=150
cascade_min_cand_epochs=50
cascade_num_candidate_groups=2
bit_fail_limit=3.49999994039535522461e-01
cascade_candidate_limit=1.00000000000000000000e+03
cascade_weight_multiplier=4.00000005960464477539e-01
cascade_activation_functions_count=10
cascade_activation_functions=3 5 7 8 10 11 14 15 16 17 
cascade_activation_steepnesses_count=4
cascade_activation_steepnesses=2.50000000000000000000e-01 5.00000000000000000000e-01 7.50000000000000000000e-01 1.00000000000000000000e+00 
layer_sizes=7 9 2 
scale_included=0
neurons (num_inputs, activation_function, activation_steepness)=(0, 0, 0.00000000000000000000e+00) (0, 0, 0.00000000000000000000e+00) (0, 0, 0.00000000000000000000e+00) (0, 0, 0.00000000000000000000e+00) (0, 0, 0.00000000000000000000e+00) (0, 0, 0.00000000000000000000e+00) (0, 0, 0.00000000000000000000e+00) (7, 3, 5.00000000000000000000e-01) (7, 3, 5.00000000000000000000e-01) (7, 3, 5.00000000000000000000e-01) (7, 3, 5.00000000000000000000e-01) (7, 3, 5.00000000000000000000e-01) (7, 3, 5.00000000000000000000e-01) (7, 3, 5.00000000000000000000e-01) (7, 3, 5.00000000000000000000e-01) (0, 3, 0.00000000000000000000e+00) (9, 3, 5.00000000000000000000e-01) (0, 3, 0.00000000000000000000e+00) 
connections (connected_to_neuron, weight)=(0, 6.04848563671112060547e-01) (1, 6.19915127754211425781e-01) (2, -5.34907281398773193359e-01) (3, -1.57722985744476318359e+00) (4, -2.61090326309204101562e+00) (5, -9.53080117702484130859e-01) (6, -1.13171555101871490479e-01) (0, -6.23965442180633544922e-01) (1, -7.40017533302307128906e-01) (2, 8.51301327347755432129e-02) (3, 1.33189976215362548828e+00) (4, 2.64494562149047851562e+00) (5, 5.09352266788482666016e-01) (6, -5.76301932334899902344e-01) (0, 1.27338991165161132812e+01) (1, 4.85033082962036132812e+00) (2, 1.62963974475860595703e+00) (3, -2.11237931251525878906e+00) (4, -4.44918155670166015625e+00) (5, -2.76234722137451171875e+00) (6, 8.02408814430236816406e-01) (0, 6.18580520153045654297e-01) (1, 8.30313265323638916016e-01) (2, -7.25402593612670898438e-01) (3, -1.07168495655059814453e+00) (4, -2.55646562576293945312e+00) (5, -9.56347465515136718750e-01) (6, 5.63812494277954101562e-01) (0, -1.23492181301116943359e+00) (1, -2.10150313377380371094e+00) (2, -1.54612398147583007812e+00) (3, 2.41745448112487792969e+00) (4, -1.21961903572082519531e+00) (5, 5.88094711303710937500e+00) (6, -2.63152360916137695312e+00) (0, 4.23804426193237304688e+00) (1, 1.14237046241760253906e+00) (2, -9.23022985458374023438e-01) (3, -1.57138466835021972656e+00) (4, -1.79976356029510498047e+00) (5, 4.14522439241409301758e-01) (6, 7.63901948928833007812e-01) (0, -1.04717862606048583984e+00) (1, -1.13319981098175048828e+00) (2, 1.48258101940155029297e+00) (3, 1.32007646560668945312e+00) (4, 2.69714593887329101562e+00) (5, 9.42845940589904785156e-01) (6, -3.35113406181335449219e-01) (0, 1.04189097881317138672e+00) (1, 8.86126756668090820312e-01) (2, -5.04025459289550781250e+00) (3, -3.71616244316101074219e-01) (4, -5.47342443466186523438e+00) (5, 1.31397275924682617188e+01) (6, 9.74390804767608642578e-01) (7, -1.01052057743072509766e+00) (8, 1.07193064689636230469e+00) (9, -1.30185616016387939453e+00) (10, -2.25355386734008789062e+00) (11, 3.25748467445373535156e+00) (12, -6.25045716762542724609e-01) (13, 9.02909040451049804688e-01) (14, -2.42584013938903808594e+00) (15, 4.27108496427536010742e-01) 
