FANN_FLO_2.1
num_layers=4
learning_rate=0.400000
connection_rate=1.000000
network_type=0
learning_momentum=0.000000
training_algorithm=2
train_error_function=1
train_stop_function=0
cascade_output_change_fraction=0.010000
quickprop_decay=-0.000100
quickprop_mu=1.750000
rprop_increase_factor=1.200000
rprop_decrease_factor=0.500000
rprop_delta_min=0.000000
rprop_delta_max=50.000000
rprop_delta_zero=0.100000
cascade_output_stagnation_epochs=12
cascade_candidate_change_fraction=0.010000
cascade_candidate_stagnation_epochs=12
cascade_max_out_epochs=150
cascade_min_out_epochs=50
cascade_max_cand_epochs=150
cascade_min_cand_epochs=50
cascade_num_candidate_groups=2
bit_fail_limit=3.49999994039535522461e-01
cascade_candidate_limit=1.00000000000000000000e+03
cascade_weight_multiplier=4.00000005960464477539e-01
cascade_activation_functions_count=10
cascade_activation_functions=3 5 7 8 10 11 14 15 16 17 
cascade_activation_steepnesses_count=4
cascade_activation_steepnesses=2.50000000000000000000e-01 5.00000000000000000000e-01 7.50000000000000000000e-01 1.00000000000000000000e+00 
layer_sizes=7 5 3 2 
scale_included=0
neurons (num_inputs, activation_function, activation_steepness)=(0, 0, 0.00000000000000000000e+00) (0, 0, 0.00000000000000000000e+00) (0, 0, 0.00000000000000000000e+00) (0, 0, 0.00000000000000000000e+00) (0, 0, 0.00000000000000000000e+00) (0, 0, 0.00000000000000000000e+00) (0, 0, 0.00000000000000000000e+00) (7, 3, 5.00000000000000000000e-01) (7, 3, 5.00000000000000000000e-01) (7, 3, 5.00000000000000000000e-01) (7, 3, 5.00000000000000000000e-01) (0, 3, 0.00000000000000000000e+00) (5, 3, 5.00000000000000000000e-01) (5, 3, 5.00000000000000000000e-01) (0, 3, 0.00000000000000000000e+00) (3, 3, 5.00000000000000000000e-01) (0, 3, 0.00000000000000000000e+00) 
connections (connected_to_neuron, weight)=(0, -2.88338165283203125000e+02) (1, 1.87810440063476562500e+02) (2, 5.06600097656250000000e+02) (3, -1.45301196289062500000e+03) (4, -1.41262536621093750000e+03) (5, 8.39740417480468750000e+02) (6, 7.29075849056243896484e-01) (0, 2.24880004882812500000e+02) (1, 6.94043350219726562500e+00) (2, 1.00284719467163085938e+01) (3, -2.06755828857421875000e+02) (4, -4.42236566543579101562e+00) (5, 1.50000000000000000000e+03) (6, 1.08512725830078125000e+01) (0, 1.50000000000000000000e+03) (1, 1.50000000000000000000e+03) (2, -1.50000000000000000000e+03) (3, 1.50000000000000000000e+03) (4, 1.50000000000000000000e+03) (5, -1.50000000000000000000e+03) (6, -7.74468135833740234375e+00) (0, 1.50000000000000000000e+03) (1, 1.50000000000000000000e+03) (2, -1.50000000000000000000e+03) (3, 1.50000000000000000000e+03) (4, 1.50000000000000000000e+03) (5, -1.50000000000000000000e+03) (6, 2.82966446876525878906e+00) (7, -1.37487167358398437500e+02) (8, 2.99356903076171875000e+02) (9, -1.84087509155273437500e+02) (10, 1.00234060287475585938e+01) (11, 1.34249782562255859375e+01) (7, 1.95764565467834472656e+00) (8, 8.95701587200164794922e-01) (9, -1.16224241256713867188e+00) (10, -1.35601043701171875000e+00) (11, 4.73087251186370849609e-01) (12, -6.65583193302154541016e-01) (13, -2.20723128318786621094e+00) (14, -1.58480489253997802734e+00) 
