FANN_FLO_2.1
num_layers=3
learning_rate=0.400000
connection_rate=1.000000
network_type=0
learning_momentum=0.000000
training_algorithm=2
train_error_function=1
train_stop_function=0
cascade_output_change_fraction=0.010000
quickprop_decay=-0.000100
quickprop_mu=1.750000
rprop_increase_factor=1.200000
rprop_decrease_factor=0.500000
rprop_delta_min=0.000000
rprop_delta_max=50.000000
rprop_delta_zero=0.100000
cascade_output_stagnation_epochs=12
cascade_candidate_change_fraction=0.010000
cascade_candidate_stagnation_epochs=12
cascade_max_out_epochs=150
cascade_min_out_epochs=50
cascade_max_cand_epochs=150
cascade_min_cand_epochs=50
cascade_num_candidate_groups=2
bit_fail_limit=3.49999994039535522461e-01
cascade_candidate_limit=1.00000000000000000000e+03
cascade_weight_multiplier=4.00000005960464477539e-01
cascade_activation_functions_count=10
cascade_activation_functions=3 5 7 8 10 11 14 15 16 17 
cascade_activation_steepnesses_count=4
cascade_activation_steepnesses=2.50000000000000000000e-01 5.00000000000000000000e-01 7.50000000000000000000e-01 1.00000000000000000000e+00 
layer_sizes=19 3 3 
scale_included=0
neurons (num_inputs, activation_function, activation_steepness)=(0, 0, 0.00000000000000000000e+00) (0, 0, 0.00000000000000000000e+00) (0, 0, 0.00000000000000000000e+00) (0, 0, 0.00000000000000000000e+00) (0, 0, 0.00000000000000000000e+00) (0, 0, 0.00000000000000000000e+00) (0, 0, 0.00000000000000000000e+00) (0, 0, 0.00000000000000000000e+00) (0, 0, 0.00000000000000000000e+00) (0, 0, 0.00000000000000000000e+00) (0, 0, 0.00000000000000000000e+00) (0, 0, 0.00000000000000000000e+00) (0, 0, 0.00000000000000000000e+00) (0, 0, 0.00000000000000000000e+00) (0, 0, 0.00000000000000000000e+00) (0, 0, 0.00000000000000000000e+00) (0, 0, 0.00000000000000000000e+00) (0, 0, 0.00000000000000000000e+00) (0, 0, 0.00000000000000000000e+00) (19, 3, 5.00000000000000000000e-01) (19, 3, 5.00000000000000000000e-01) (0, 3, 0.00000000000000000000e+00) (3, 3, 5.00000000000000000000e-01) (3, 3, 5.00000000000000000000e-01) (0, 3, 0.00000000000000000000e+00) 
connections (connected_to_neuron, weight)=(0, -3.03254580497741699219e+00) (1, 3.77132147550582885742e-01) (2, 4.75344753265380859375e+00) (3, -1.03115856647491455078e+00) (4, 2.69029557704925537109e-01) (5, 3.99759721755981445312e+00) (6, -3.99982905387878417969e+00) (7, 1.12480068206787109375e+00) (8, 4.95582628250122070312e+00) (9, 2.63574838638305664062e+00) (10, -1.00684928894042968750e+00) (11, -4.01127386093139648438e+00) (12, 1.22006297111511230469e+00) (13, -2.75467586517333984375e+00) (14, -3.24255990982055664062e+00) (15, 1.33802223205566406250e+00) (16, 7.82449781894683837891e-01) (17, -4.25875329971313476562e+00) (18, -1.58873176574707031250e+00) (0, 2.79624962806701660156e+00) (1, -8.61459612846374511719e-01) (2, -3.67327642440795898438e+00) (3, 2.27895408868789672852e-01) (4, -6.03592514991760253906e-01) (5, -3.91653704643249511719e+00) (6, 4.90142202377319335938e+00) (7, -5.24427235126495361328e-01) (8, -3.71254944801330566406e+00) (9, -2.06206750869750976562e+00) (10, 1.13378548622131347656e+00) (11, 3.93692517280578613281e+00) (12, 1.11623561382293701172e+00) (13, 3.98939633369445800781e+00) (14, 2.57680010795593261719e+00) (15, -9.21071052551269531250e-01) (16, -1.84194433689117431641e+00) (17, 4.10488986968994140625e+00) (18, -2.41671490669250488281e+00) (19, -3.08704590797424316406e+00) (20, -2.50163936614990234375e+00) (21, 1.78008842468261718750e+00) (19, 3.06797671318054199219e+00) (20, 2.48634314537048339844e+00) (21, -1.76504850387573242188e+00) 
