FANN_FLO_2.1
num_layers=3
learning_rate=0.400000
connection_rate=1.000000
network_type=0
learning_momentum=0.000000
training_algorithm=2
train_error_function=1
train_stop_function=0
cascade_output_change_fraction=0.010000
quickprop_decay=-0.000100
quickprop_mu=1.750000
rprop_increase_factor=1.200000
rprop_decrease_factor=0.500000
rprop_delta_min=0.000000
rprop_delta_max=50.000000
rprop_delta_zero=0.100000
cascade_output_stagnation_epochs=12
cascade_candidate_change_fraction=0.010000
cascade_candidate_stagnation_epochs=12
cascade_max_out_epochs=150
cascade_min_out_epochs=50
cascade_max_cand_epochs=150
cascade_min_cand_epochs=50
cascade_num_candidate_groups=2
bit_fail_limit=3.49999994039535522461e-01
cascade_candidate_limit=1.00000000000000000000e+03
cascade_weight_multiplier=4.00000005960464477539e-01
cascade_activation_functions_count=10
cascade_activation_functions=3 5 7 8 10 11 14 15 16 17 
cascade_activation_steepnesses_count=4
cascade_activation_steepnesses=2.50000000000000000000e-01 5.00000000000000000000e-01 7.50000000000000000000e-01 1.00000000000000000000e+00 
layer_sizes=7 9 2 
scale_included=0
neurons (num_inputs, activation_function, activation_steepness)=(0, 0, 0.00000000000000000000e+00) (0, 0, 0.00000000000000000000e+00) (0, 0, 0.00000000000000000000e+00) (0, 0, 0.00000000000000000000e+00) (0, 0, 0.00000000000000000000e+00) (0, 0, 0.00000000000000000000e+00) (0, 0, 0.00000000000000000000e+00) (7, 3, 5.00000000000000000000e-01) (7, 3, 5.00000000000000000000e-01) (7, 3, 5.00000000000000000000e-01) (7, 3, 5.00000000000000000000e-01) (7, 3, 5.00000000000000000000e-01) (7, 3, 5.00000000000000000000e-01) (7, 3, 5.00000000000000000000e-01) (7, 3, 5.00000000000000000000e-01) (0, 3, 0.00000000000000000000e+00) (9, 3, 5.00000000000000000000e-01) (0, 3, 0.00000000000000000000e+00) 
connections (connected_to_neuron, weight)=(0, -1.41986286640167236328e+00) (1, -1.63718497753143310547e+00) (2, -6.14361953735351562500e+00) (3, 1.02189314365386962891e+00) (4, 8.43918323516845703125e-01) (5, 1.43850016593933105469e+00) (6, -7.02364921569824218750e-01) (0, -1.07989513874053955078e+00) (1, -1.14564156532287597656e+00) (2, -1.26971471309661865234e+00) (3, 1.50835633277893066406e+00) (4, -1.78343212604522705078e+00) (5, 4.00736904144287109375e+00) (6, -9.12739634513854980469e-01) (0, 1.27927541732788085938e+00) (1, -6.18382751941680908203e-01) (2, -1.16735580377280712128e-03) (3, 1.04537963867187500000e+00) (4, 4.31060886383056640625e+00) (5, 5.79465508460998535156e-01) (6, -2.57632994651794433594e+00) (0, 2.15944404602050781250e+01) (1, 1.78624594211578369141e+00) (2, 9.14303243160247802734e-01) (3, -5.85629940032958984375e+00) (4, -4.10337495803833007812e+00) (5, -1.81525695323944091797e+00) (6, 4.24480009078979492188e+00) (0, 1.05429506301879882812e+00) (1, 7.53267824649810791016e-01) (2, -7.51783466339111328125e+00) (3, -2.15738391876220703125e+00) (4, -5.44635057449340820312e+00) (5, 1.67806301116943359375e+01) (6, 1.48719036579132080078e+00) (0, -1.10228872299194335938e+00) (1, -1.08485090732574462891e+00) (2, -9.92118954658508300781e-01) (3, 1.68428480625152587891e+00) (4, -6.05906963348388671875e-01) (5, 1.36184155941009521484e+00) (6, -1.12779760360717773438e+00) (0, -2.65508443117141723633e-01) (1, 5.17106950283050537109e-01) (2, -5.51123976707458496094e-01) (3, -7.49844193458557128906e-01) (4, -2.61244249343872070312e+00) (5, -1.23372972011566162109e+00) (6, 4.92939114570617675781e-01) (0, -1.23617440462112426758e-01) (1, 4.41407024860382080078e-01) (2, -7.04289913177490234375e-01) (3, -7.17867851257324218750e-01) (4, -2.42528343200683593750e+00) (5, -1.27353680133819580078e+00) (6, 6.66957914829254150391e-01) (7, 3.31857538223266601562e+00) (8, 3.57727360725402832031e+00) (9, 1.18126010894775390625e+00) (10, -8.13673377037048339844e-01) (11, -2.69703364372253417969e+00) (12, 1.12814819812774658203e+00) (13, -3.78097391128540039062e+00) (14, -4.30847215652465820312e+00) (15, 2.57225155830383300781e-01) 
