FANN_FLO_2.1
num_layers=3
learning_rate=0.400000
connection_rate=1.000000
network_type=0
learning_momentum=0.000000
training_algorithm=2
train_error_function=1
train_stop_function=0
cascade_output_change_fraction=0.010000
quickprop_decay=-0.000100
quickprop_mu=1.750000
rprop_increase_factor=1.200000
rprop_decrease_factor=0.500000
rprop_delta_min=0.000000
rprop_delta_max=50.000000
rprop_delta_zero=0.100000
cascade_output_stagnation_epochs=12
cascade_candidate_change_fraction=0.010000
cascade_candidate_stagnation_epochs=12
cascade_max_out_epochs=150
cascade_min_out_epochs=50
cascade_max_cand_epochs=150
cascade_min_cand_epochs=50
cascade_num_candidate_groups=2
bit_fail_limit=3.49999994039535522461e-01
cascade_candidate_limit=1.00000000000000000000e+03
cascade_weight_multiplier=4.00000005960464477539e-01
cascade_activation_functions_count=10
cascade_activation_functions=3 5 7 8 10 11 14 15 16 17 
cascade_activation_steepnesses_count=4
cascade_activation_steepnesses=2.50000000000000000000e-01 5.00000000000000000000e-01 7.50000000000000000000e-01 1.00000000000000000000e+00 
layer_sizes=7 5 2 
scale_included=0
neurons (num_inputs, activation_function, activation_steepness)=(0, 0, 0.00000000000000000000e+00) (0, 0, 0.00000000000000000000e+00) (0, 0, 0.00000000000000000000e+00) (0, 0, 0.00000000000000000000e+00) (0, 0, 0.00000000000000000000e+00) (0, 0, 0.00000000000000000000e+00) (0, 0, 0.00000000000000000000e+00) (7, 3, 5.00000000000000000000e-01) (7, 3, 5.00000000000000000000e-01) (7, 3, 5.00000000000000000000e-01) (7, 3, 5.00000000000000000000e-01) (0, 3, 0.00000000000000000000e+00) (5, 3, 5.00000000000000000000e-01) (0, 3, 0.00000000000000000000e+00) 
connections (connected_to_neuron, weight)=(0, -4.76374435424804687500e+00) (1, 6.83021068572998046875e+00) (2, -1.02509727478027343750e+01) (3, -1.84997820854187011719e+00) (4, -3.55435431003570556641e-01) (5, -5.41581535339355468750e+00) (6, -1.27179694175720214844e+00) (0, 9.39613342285156250000e+00) (1, -1.13714256286621093750e+01) (2, 6.79337167739868164062e+00) (3, -1.26576030254364013672e+00) (4, -2.12585783004760742188e+00) (5, -2.35511779785156250000e+00) (6, 4.39846467971801757812e+00) (0, -9.65491008758544921875e+00) (1, 5.64851093292236328125e+00) (2, 1.14592037200927734375e+01) (3, -3.03280264139175415039e-01) (4, 2.24421143531799316406e-01) (5, 1.49910009765625000000e+03) (6, 1.07375812530517578125e+00) (0, 1.34667263031005859375e+01) (1, -2.15668544769287109375e+01) (2, 2.37272357940673828125e+01) (3, -2.98669433593750000000e+01) (4, 6.25714397430419921875e+00) (5, 8.28908061981201171875e+00) (6, -1.83867192268371582031e+00) (7, -5.88546800613403320312e+00) (8, -2.32079339027404785156e+00) (9, -3.32570219039916992188e+00) (10, -2.43373060226440429688e+00) (11, 1.71923243999481201172e+00) 
