FANN_FLO_2.1
num_layers=3
learning_rate=0.400000
connection_rate=1.000000
network_type=0
learning_momentum=0.000000
training_algorithm=2
train_error_function=1
train_stop_function=0
cascade_output_change_fraction=0.010000
quickprop_decay=-0.000100
quickprop_mu=1.750000
rprop_increase_factor=1.200000
rprop_decrease_factor=0.500000
rprop_delta_min=0.000000
rprop_delta_max=50.000000
rprop_delta_zero=0.100000
cascade_output_stagnation_epochs=12
cascade_candidate_change_fraction=0.010000
cascade_candidate_stagnation_epochs=12
cascade_max_out_epochs=150
cascade_min_out_epochs=50
cascade_max_cand_epochs=150
cascade_min_cand_epochs=50
cascade_num_candidate_groups=2
bit_fail_limit=3.49999994039535522461e-01
cascade_candidate_limit=1.00000000000000000000e+03
cascade_weight_multiplier=4.00000005960464477539e-01
cascade_activation_functions_count=10
cascade_activation_functions=3 5 7 8 10 11 14 15 16 17 
cascade_activation_steepnesses_count=4
cascade_activation_steepnesses=2.50000000000000000000e-01 5.00000000000000000000e-01 7.50000000000000000000e-01 1.00000000000000000000e+00 
layer_sizes=7 5 2 
scale_included=0
neurons (num_inputs, activation_function, activation_steepness)=(0, 0, 0.00000000000000000000e+00) (0, 0, 0.00000000000000000000e+00) (0, 0, 0.00000000000000000000e+00) (0, 0, 0.00000000000000000000e+00) (0, 0, 0.00000000000000000000e+00) (0, 0, 0.00000000000000000000e+00) (0, 0, 0.00000000000000000000e+00) (7, 3, 5.00000000000000000000e-01) (7, 3, 5.00000000000000000000e-01) (7, 3, 5.00000000000000000000e-01) (7, 3, 5.00000000000000000000e-01) (0, 3, 0.00000000000000000000e+00) (5, 3, 5.00000000000000000000e-01) (0, 3, 0.00000000000000000000e+00) 
connections (connected_to_neuron, weight)=(0, -2.39810991287231445312e+00) (1, -2.45831775665283203125e+00) (2, -3.56831097602844238281e+00) (3, 5.55809545516967773438e+00) (4, -2.71158266067504882812e+00) (5, 6.29045915603637695312e+00) (6, -2.56454348564147949219e+00) (0, 5.05716753005981445312e+00) (1, -2.84945559501647949219e+00) (2, -3.03966224193572998047e-01) (3, -1.62234191894531250000e+01) (4, 1.77177429199218750000e+01) (5, -2.89797186851501464844e+00) (6, -6.97552859783172607422e-01) (0, -2.26580071449279785156e+00) (1, -2.00852513313293457031e+00) (2, 3.02730941772460937500e+00) (3, 6.38070631027221679688e+00) (4, 1.06866277754306793213e-01) (5, -2.45782375335693359375e+00) (6, -3.71134090423583984375e+00) (0, -4.69634056091308593750e+00) (1, -4.03764486312866210938e+00) (2, -3.04228901863098144531e+00) (3, 2.89280891418457031250e+00) (4, 1.01182603836059570312e+00) (5, 1.57133901119232177734e+00) (6, -1.60995936393737792969e+00) (7, 2.05383324623107910156e+00) (8, 2.00478529930114746094e+00) (9, 1.70726609230041503906e+00) (10, 3.82963347434997558594e+00) (11, -2.51145672798156738281e+00) 
