FANN_FLO_2.1
num_layers=3
learning_rate=0.500000
connection_rate=1.000000
network_type=0
learning_momentum=0.000000
training_algorithm=2
train_error_function=1
train_stop_function=0
cascade_output_change_fraction=0.010000
quickprop_decay=-0.000100
quickprop_mu=1.750000
rprop_increase_factor=1.200000
rprop_decrease_factor=0.500000
rprop_delta_min=0.000000
rprop_delta_max=50.000000
rprop_delta_zero=0.100000
cascade_output_stagnation_epochs=12
cascade_candidate_change_fraction=0.010000
cascade_candidate_stagnation_epochs=12
cascade_max_out_epochs=150
cascade_min_out_epochs=50
cascade_max_cand_epochs=150
cascade_min_cand_epochs=50
cascade_num_candidate_groups=2
bit_fail_limit=3.49999994039535522461e-01
cascade_candidate_limit=1.00000000000000000000e+03
cascade_weight_multiplier=4.00000005960464477539e-01
cascade_activation_functions_count=10
cascade_activation_functions=3 5 7 8 10 11 14 15 16 17 
cascade_activation_steepnesses_count=4
cascade_activation_steepnesses=2.50000000000000000000e-01 5.00000000000000000000e-01 7.50000000000000000000e-01 1.00000000000000000000e+00 
layer_sizes=10 5 2 
scale_included=0
neurons (num_inputs, activation_function, activation_steepness)=(0, 0, 0.00000000000000000000e+00) (0, 0, 0.00000000000000000000e+00) (0, 0, 0.00000000000000000000e+00) (0, 0, 0.00000000000000000000e+00) (0, 0, 0.00000000000000000000e+00) (0, 0, 0.00000000000000000000e+00) (0, 0, 0.00000000000000000000e+00) (0, 0, 0.00000000000000000000e+00) (0, 0, 0.00000000000000000000e+00) (0, 0, 0.00000000000000000000e+00) (10, 3, 5.00000000000000000000e-01) (10, 3, 5.00000000000000000000e-01) (10, 3, 5.00000000000000000000e-01) (10, 3, 5.00000000000000000000e-01) (0, 3, 0.00000000000000000000e+00) (5, 3, 5.00000000000000000000e-01) (0, 3, 0.00000000000000000000e+00) 
connections (connected_to_neuron, weight)=(0, -2.01739063262939453125e+01) (1, 5.23925209045410156250e+00) (2, 1.70203952789306640625e+01) (3, -5.46853065490722656250e+01) (4, 2.65455794334411621094e+00) (5, 8.21252727508544921875e+00) (6, 3.89417791366577148438e+00) (7, 7.35984649658203125000e+01) (8, 4.45824003219604492188e+00) (9, -3.25270195007324218750e+01) (0, -1.73648095130920410156e+00) (1, -1.36398200988769531250e+01) (2, -1.12006711959838867188e+01) (3, 9.11451101303100585938e-01) (4, 2.84035825729370117188e+00) (5, -1.51830892562866210938e+01) (6, 2.49959259033203125000e+01) (7, 3.57219810485839843750e+01) (8, -1.56022703647613525391e+00) (9, -1.68041267395019531250e+01) (0, 1.36869740486145019531e+00) (1, 8.83391022682189941406e-01) (2, 1.37138881683349609375e+01) (3, -2.14735937118530273438e+00) (4, -8.31031985580921173096e-03) (5, 6.91291713714599609375e+00) (6, 2.02640104293823242188e+00) (7, -1.81024017333984375000e+01) (8, -4.02285099029541015625e-01) (9, -2.75461196899414062500e+00) (0, 4.50959354639053344727e-02) (1, 1.54121863842010498047e+00) (2, 4.41581487655639648438e+00) (3, 1.13796558380126953125e+01) (4, 2.69383192062377929688e+00) (5, 7.94260740280151367188e+00) (6, -7.00015497207641601562e+00) (7, -5.41479110717773437500e+00) (8, -1.00900249481201171875e+01) (9, -1.97981619834899902344e+00) (10, 3.54998326301574707031e+00) (11, 3.42740488052368164062e+00) (12, 2.97480273246765136719e+00) (13, 9.46391940116882324219e-01) (14, -2.82294845581054687500e+00) 
