FANN_FLO_2.1
num_layers=4
learning_rate=0.500000
connection_rate=1.000000
network_type=0
learning_momentum=0.000000
training_algorithm=2
train_error_function=1
train_stop_function=0
cascade_output_change_fraction=0.010000
quickprop_decay=-0.000100
quickprop_mu=1.750000
rprop_increase_factor=1.200000
rprop_decrease_factor=0.500000
rprop_delta_min=0.000000
rprop_delta_max=50.000000
rprop_delta_zero=0.100000
cascade_output_stagnation_epochs=12
cascade_candidate_change_fraction=0.010000
cascade_candidate_stagnation_epochs=12
cascade_max_out_epochs=150
cascade_min_out_epochs=50
cascade_max_cand_epochs=150
cascade_min_cand_epochs=50
cascade_num_candidate_groups=2
bit_fail_limit=3.49999994039535522461e-01
cascade_candidate_limit=1.00000000000000000000e+03
cascade_weight_multiplier=4.00000005960464477539e-01
cascade_activation_functions_count=10
cascade_activation_functions=3 5 7 8 10 11 14 15 16 17 
cascade_activation_steepnesses_count=4
cascade_activation_steepnesses=2.50000000000000000000e-01 5.00000000000000000000e-01 7.50000000000000000000e-01 1.00000000000000000000e+00 
layer_sizes=10 5 3 2 
scale_included=0
neurons (num_inputs, activation_function, activation_steepness)=(0, 0, 0.00000000000000000000e+00) (0, 0, 0.00000000000000000000e+00) (0, 0, 0.00000000000000000000e+00) (0, 0, 0.00000000000000000000e+00) (0, 0, 0.00000000000000000000e+00) (0, 0, 0.00000000000000000000e+00) (0, 0, 0.00000000000000000000e+00) (0, 0, 0.00000000000000000000e+00) (0, 0, 0.00000000000000000000e+00) (0, 0, 0.00000000000000000000e+00) (10, 3, 5.00000000000000000000e-01) (10, 3, 5.00000000000000000000e-01) (10, 3, 5.00000000000000000000e-01) (10, 3, 5.00000000000000000000e-01) (0, 3, 0.00000000000000000000e+00) (5, 3, 5.00000000000000000000e-01) (5, 3, 5.00000000000000000000e-01) (0, 3, 0.00000000000000000000e+00) (3, 3, 5.00000000000000000000e-01) (0, 3, 0.00000000000000000000e+00) 
connections (connected_to_neuron, weight)=(0, 1.25660634040832519531e+00) (1, 5.94755172729492187500e+00) (2, 3.73692321777343750000e+01) (3, 1.24830234050750732422e+00) (4, 1.22515594959259033203e+00) (5, -6.00308952331542968750e+01) (6, -8.06349590420722961426e-02) (7, 4.15288085937500000000e+01) (8, -2.04596614837646484375e+01) (9, 8.54827976226806640625e+00) (0, 1.03877834975719451904e-01) (1, 3.59191870689392089844e+00) (2, 7.81414127349853515625e+00) (3, 8.77929553389549255371e-02) (4, 3.13229751586914062500e+00) (5, 1.31334555149078369141e+00) (6, -1.18532476425170898438e+01) (7, -2.03986406326293945312e+00) (8, -7.69693470001220703125e+00) (9, 1.76175618171691894531e+00) (0, -4.61587496101856231689e-02) (1, 3.76191663742065429688e+00) (2, 4.75801086425781250000e+00) (3, 8.75036716461181640625e-01) (4, 3.99830913543701171875e+00) (5, 1.50987541675567626953e+00) (6, -1.15981159210205078125e+01) (7, -2.97817897796630859375e+00) (8, -7.31570720672607421875e+00) (9, 1.66204619407653808594e+00) (0, -9.30854380130767822266e-01) (1, 3.18210339546203613281e+00) (2, -7.37096965312957763672e-01) (3, 1.50673615932464599609e+00) (4, 3.39210343360900878906e+00) (5, -2.27463684082031250000e+01) (6, 8.61287498474121093750e+00) (7, 7.79745817184448242188e-01) (8, 6.42452669143676757812e+00) (9, -3.63845586776733398438e-01) (10, -2.73371219635009765625e+00) (11, 7.35317993164062500000e+00) (12, 6.68766927719116210938e+00) (13, -1.98193588256835937500e+01) (14, -2.62508845329284667969e+00) (10, 3.24340200424194335938e+00) (11, -2.51971006393432617188e-01) (12, -2.20011138916015625000e+00) (13, -1.23552303314208984375e+01) (14, 3.22996687889099121094e+00) (15, 4.34347820281982421875e+00) (16, -4.47353744506835937500e+00) (17, 8.98322701454162597656e-01) 
