FANN_FLO_2.1
num_layers=4
learning_rate=0.400000
connection_rate=1.000000
network_type=0
learning_momentum=0.000000
training_algorithm=2
train_error_function=1
train_stop_function=0
cascade_output_change_fraction=0.010000
quickprop_decay=-0.000100
quickprop_mu=1.750000
rprop_increase_factor=1.200000
rprop_decrease_factor=0.500000
rprop_delta_min=0.000000
rprop_delta_max=50.000000
rprop_delta_zero=0.100000
cascade_output_stagnation_epochs=12
cascade_candidate_change_fraction=0.010000
cascade_candidate_stagnation_epochs=12
cascade_max_out_epochs=150
cascade_min_out_epochs=50
cascade_max_cand_epochs=150
cascade_min_cand_epochs=50
cascade_num_candidate_groups=2
bit_fail_limit=3.49999994039535522461e-01
cascade_candidate_limit=1.00000000000000000000e+03
cascade_weight_multiplier=4.00000005960464477539e-01
cascade_activation_functions_count=10
cascade_activation_functions=3 5 7 8 10 11 14 15 16 17 
cascade_activation_steepnesses_count=4
cascade_activation_steepnesses=2.50000000000000000000e-01 5.00000000000000000000e-01 7.50000000000000000000e-01 1.00000000000000000000e+00 
layer_sizes=7 5 5 2 
scale_included=0
neurons (num_inputs, activation_function, activation_steepness)=(0, 0, 0.00000000000000000000e+00) (0, 0, 0.00000000000000000000e+00) (0, 0, 0.00000000000000000000e+00) (0, 0, 0.00000000000000000000e+00) (0, 0, 0.00000000000000000000e+00) (0, 0, 0.00000000000000000000e+00) (0, 0, 0.00000000000000000000e+00) (7, 3, 5.00000000000000000000e-01) (7, 3, 5.00000000000000000000e-01) (7, 3, 5.00000000000000000000e-01) (7, 3, 5.00000000000000000000e-01) (0, 3, 0.00000000000000000000e+00) (5, 3, 5.00000000000000000000e-01) (5, 3, 5.00000000000000000000e-01) (5, 3, 5.00000000000000000000e-01) (5, 3, 5.00000000000000000000e-01) (0, 3, 0.00000000000000000000e+00) (5, 3, 5.00000000000000000000e-01) (0, 3, 0.00000000000000000000e+00) 
connections (connected_to_neuron, weight)=(0, 1.00408375263214111328e-01) (1, -1.49566601562500000000e+03) (2, -5.77688865661621093750e+01) (3, -1.96113204956054687500e+01) (4, -5.47734069824218750000e+01) (5, 1.24791288375854492188e+01) (6, -4.64293384552001953125e+00) (0, 4.49997043609619140625e+00) (1, -7.39533185958862304688e+00) (2, 9.70468997955322265625e+00) (3, -4.64667892456054687500e+00) (4, -2.96075820922851562500e+00) (5, 5.15301704406738281250e+00) (6, -8.88936102390289306641e-01) (0, -6.82645845413208007812e+00) (1, 5.53631210327148437500e+00) (2, -3.20580768585205078125e+00) (3, -1.67601013183593750000e+00) (4, -9.86227333545684814453e-01) (5, -3.99176239967346191406e+00) (6, 6.50436222553253173828e-01) (0, 2.14446616172790527344e+00) (1, -2.23925323486328125000e+01) (2, 1.26050548553466796875e+01) (3, -1.10895355224609375000e+02) (4, 1.07847908020019531250e+02) (5, 6.46946029663085937500e+01) (6, -5.51879920959472656250e+01) (7, 1.50000000000000000000e+03) (8, 5.11542930603027343750e+01) (9, 3.06515254974365234375e+01) (10, -2.77336335182189941406e+00) (11, -1.66434860229492187500e+00) (7, 1.50000000000000000000e+03) (8, 5.12792930603027343750e+01) (9, 1.20891395568847656250e+02) (10, -6.28379011154174804688e+00) (11, -8.84806346893310546875e+00) (7, 1.50000000000000000000e+03) (8, 2.60911636352539062500e+01) (9, 5.07605819702148437500e+01) (10, -4.52730321884155273438e+00) (11, -1.09856424331665039062e+01) (7, 1.50000000000000000000e+03) (8, -5.04651737213134765625e+00) (9, 2.85887699127197265625e+01) (10, 2.04739570617675781250e+01) (11, -9.21778964996337890625e+00) (12, -1.34189271926879882812e+00) (13, -4.16069388389587402344e-01) (14, -1.00645124912261962891e+00) (15, -1.05997073650360107422e+00) (16, -3.43550503253936767578e-01) 
