FANN_FLO_2.1
num_layers=4
learning_rate=0.400000
connection_rate=1.000000
network_type=0
learning_momentum=0.000000
training_algorithm=2
train_error_function=1
train_stop_function=0
cascade_output_change_fraction=0.010000
quickprop_decay=-0.000100
quickprop_mu=1.750000
rprop_increase_factor=1.200000
rprop_decrease_factor=0.500000
rprop_delta_min=0.000000
rprop_delta_max=50.000000
rprop_delta_zero=0.100000
cascade_output_stagnation_epochs=12
cascade_candidate_change_fraction=0.010000
cascade_candidate_stagnation_epochs=12
cascade_max_out_epochs=150
cascade_min_out_epochs=50
cascade_max_cand_epochs=150
cascade_min_cand_epochs=50
cascade_num_candidate_groups=2
bit_fail_limit=3.49999994039535522461e-01
cascade_candidate_limit=1.00000000000000000000e+03
cascade_weight_multiplier=4.00000005960464477539e-01
cascade_activation_functions_count=10
cascade_activation_functions=3 5 7 8 10 11 14 15 16 17 
cascade_activation_steepnesses_count=4
cascade_activation_steepnesses=2.50000000000000000000e-01 5.00000000000000000000e-01 7.50000000000000000000e-01 1.00000000000000000000e+00 
layer_sizes=7 3 3 2 
scale_included=0
neurons (num_inputs, activation_function, activation_steepness)=(0, 0, 0.00000000000000000000e+00) (0, 0, 0.00000000000000000000e+00) (0, 0, 0.00000000000000000000e+00) (0, 0, 0.00000000000000000000e+00) (0, 0, 0.00000000000000000000e+00) (0, 0, 0.00000000000000000000e+00) (0, 0, 0.00000000000000000000e+00) (7, 3, 5.00000000000000000000e-01) (7, 3, 5.00000000000000000000e-01) (0, 3, 0.00000000000000000000e+00) (3, 3, 5.00000000000000000000e-01) (3, 3, 5.00000000000000000000e-01) (0, 3, 0.00000000000000000000e+00) (3, 3, 5.00000000000000000000e-01) (0, 3, 0.00000000000000000000e+00) 
connections (connected_to_neuron, weight)=(0, -3.23309826850891113281e+00) (1, 1.69238579273223876953e+00) (2, -8.22208940982818603516e-01) (3, -4.07236242294311523438e+00) (4, -1.77472603321075439453e+00) (5, 5.92142105102539062500e-01) (6, 2.67356586456298828125e+00) (0, -1.40664477539062500000e+03) (1, -1.63491714000701904297e+00) (2, -1.23889172363281250000e+03) (3, -1.50000000000000000000e+03) (4, -1.04076757812500000000e+03) (5, 6.09601562500000000000e+02) (6, -5.03220214843750000000e+01) (7, 6.71528863906860351562e+00) (8, 1.10647678375244140625e-01) (9, -1.81325495243072509766e+00) (7, 1.07791299819946289062e+01) (8, -2.90675067901611328125e+00) (9, -7.49868214130401611328e-01) (10, -2.09636473655700683594e+00) (11, -8.64976763725280761719e-01) (12, -5.82196354866027832031e-01) 
