FANN_FLO_2.1
num_layers=3
learning_rate=0.500000
connection_rate=1.000000
network_type=0
learning_momentum=0.000000
training_algorithm=2
train_error_function=1
train_stop_function=0
cascade_output_change_fraction=0.010000
quickprop_decay=-0.000100
quickprop_mu=1.750000
rprop_increase_factor=1.200000
rprop_decrease_factor=0.500000
rprop_delta_min=0.000000
rprop_delta_max=50.000000
rprop_delta_zero=0.100000
cascade_output_stagnation_epochs=12
cascade_candidate_change_fraction=0.010000
cascade_candidate_stagnation_epochs=12
cascade_max_out_epochs=150
cascade_min_out_epochs=50
cascade_max_cand_epochs=150
cascade_min_cand_epochs=50
cascade_num_candidate_groups=2
bit_fail_limit=3.49999994039535522461e-01
cascade_candidate_limit=1.00000000000000000000e+03
cascade_weight_multiplier=4.00000005960464477539e-01
cascade_activation_functions_count=10
cascade_activation_functions=3 5 7 8 10 11 14 15 16 17 
cascade_activation_steepnesses_count=4
cascade_activation_steepnesses=2.50000000000000000000e-01 5.00000000000000000000e-01 7.50000000000000000000e-01 1.00000000000000000000e+00 
layer_sizes=10 3 2 
scale_included=0
neurons (num_inputs, activation_function, activation_steepness)=(0, 0, 0.00000000000000000000e+00) (0, 0, 0.00000000000000000000e+00) (0, 0, 0.00000000000000000000e+00) (0, 0, 0.00000000000000000000e+00) (0, 0, 0.00000000000000000000e+00) (0, 0, 0.00000000000000000000e+00) (0, 0, 0.00000000000000000000e+00) (0, 0, 0.00000000000000000000e+00) (0, 0, 0.00000000000000000000e+00) (0, 0, 0.00000000000000000000e+00) (10, 3, 5.00000000000000000000e-01) (10, 3, 5.00000000000000000000e-01) (0, 3, 0.00000000000000000000e+00) (3, 3, 5.00000000000000000000e-01) (0, 3, 0.00000000000000000000e+00) 
connections (connected_to_neuron, weight)=(0, 7.22805595397949218750e+00) (1, -3.01486659049987792969e+00) (2, 1.58162093162536621094e+00) (3, 1.96813440322875976562e+00) (4, -4.79569435119628906250e+00) (5, 6.84882354736328125000e+00) (6, 8.64449596405029296875e+00) (7, 7.67570137977600097656e-01) (8, 4.84276342391967773438e+00) (9, -1.46340894699096679688e+01) (0, 9.46206569671630859375e+00) (1, -4.84956455230712890625e+00) (2, 2.82276839017868041992e-01) (3, -1.66840877532958984375e+01) (4, -3.32251892089843750000e+01) (5, 1.37136387825012207031e+00) (6, 4.66514348983764648438e+00) (7, 3.91526865959167480469e+00) (8, 3.29277181625366210938e+00) (9, 1.12884645462036132812e+01) (10, -1.12787075042724609375e+01) (11, -2.11173963546752929688e+00) (12, 1.02019739151000976562e+00) 
