FANN_FLO_2.1
num_layers=3
learning_rate=0.500000
connection_rate=1.000000
network_type=0
learning_momentum=0.000000
training_algorithm=2
train_error_function=1
train_stop_function=0
cascade_output_change_fraction=0.010000
quickprop_decay=-0.000100
quickprop_mu=1.750000
rprop_increase_factor=1.200000
rprop_decrease_factor=0.500000
rprop_delta_min=0.000000
rprop_delta_max=50.000000
rprop_delta_zero=0.100000
cascade_output_stagnation_epochs=12
cascade_candidate_change_fraction=0.010000
cascade_candidate_stagnation_epochs=12
cascade_max_out_epochs=150
cascade_min_out_epochs=50
cascade_max_cand_epochs=150
cascade_min_cand_epochs=50
cascade_num_candidate_groups=2
bit_fail_limit=3.49999994039535522461e-01
cascade_candidate_limit=1.00000000000000000000e+03
cascade_weight_multiplier=4.00000005960464477539e-01
cascade_activation_functions_count=10
cascade_activation_functions=3 5 7 8 10 11 14 15 16 17 
cascade_activation_steepnesses_count=4
cascade_activation_steepnesses=2.50000000000000000000e-01 5.00000000000000000000e-01 7.50000000000000000000e-01 1.00000000000000000000e+00 
layer_sizes=10 5 2 
scale_included=0
neurons (num_inputs, activation_function, activation_steepness)=(0, 0, 0.00000000000000000000e+00) (0, 0, 0.00000000000000000000e+00) (0, 0, 0.00000000000000000000e+00) (0, 0, 0.00000000000000000000e+00) (0, 0, 0.00000000000000000000e+00) (0, 0, 0.00000000000000000000e+00) (0, 0, 0.00000000000000000000e+00) (0, 0, 0.00000000000000000000e+00) (0, 0, 0.00000000000000000000e+00) (0, 0, 0.00000000000000000000e+00) (10, 3, 5.00000000000000000000e-01) (10, 3, 5.00000000000000000000e-01) (10, 3, 5.00000000000000000000e-01) (10, 3, 5.00000000000000000000e-01) (0, 3, 0.00000000000000000000e+00) (5, 3, 5.00000000000000000000e-01) (0, 3, 0.00000000000000000000e+00) 
connections (connected_to_neuron, weight)=(0, -6.32352161407470703125e+00) (1, -8.38084638118743896484e-01) (2, 2.26349806785583496094e+00) (3, 1.33422338962554931641e+00) (4, 1.15186679363250732422e+00) (5, 6.88006782531738281250e+00) (6, 1.36832213401794433594e+00) (7, -1.75693774223327636719e+00) (8, -2.49629449844360351562e+00) (9, -4.88329124450683593750e+00) (0, 2.69913196563720703125e+01) (1, 5.43383646011352539062e+00) (2, 8.25997924804687500000e+00) (3, -1.00217044353485107422e+00) (4, -3.92434418201446533203e-01) (5, -3.59209716320037841797e-01) (6, -5.73497295379638671875e+00) (7, -1.69042530059814453125e+01) (8, -3.32634391784667968750e+01) (9, -3.60213726758956909180e-01) (0, -7.41175508499145507812e+00) (1, -9.82447922229766845703e-01) (2, -3.28635787963867187500e+00) (3, -8.00103378295898437500e+00) (4, 2.38677754998207092285e-01) (5, -2.42562484741210937500e+00) (6, 3.50496935844421386719e+00) (7, 1.20756587982177734375e+01) (8, 6.09624719619750976562e+00) (9, -1.48115408420562744141e+00) (0, 1.16804676055908203125e+01) (1, 4.38006019592285156250e+00) (2, 8.97230052947998046875e+00) (3, -6.64400875568389892578e-01) (4, -1.35530352592468261719e-01) (5, 3.64625000953674316406e+00) (6, -1.42147254943847656250e+00) (7, -1.39314460754394531250e+01) (8, -2.40899715423583984375e+01) (9, -1.80384844541549682617e-01) (10, -7.96610772609710693359e-01) (11, 1.26813209056854248047e+00) (12, 2.77839159965515136719e+00) (13, 1.39879262447357177734e+00) (14, -1.70603442192077636719e+00) 
