FANN_FLO_2.1
num_layers=4
learning_rate=0.500000
connection_rate=1.000000
network_type=0
learning_momentum=0.000000
training_algorithm=2
train_error_function=1
train_stop_function=0
cascade_output_change_fraction=0.010000
quickprop_decay=-0.000100
quickprop_mu=1.750000
rprop_increase_factor=1.200000
rprop_decrease_factor=0.500000
rprop_delta_min=0.000000
rprop_delta_max=50.000000
rprop_delta_zero=0.100000
cascade_output_stagnation_epochs=12
cascade_candidate_change_fraction=0.010000
cascade_candidate_stagnation_epochs=12
cascade_max_out_epochs=150
cascade_min_out_epochs=50
cascade_max_cand_epochs=150
cascade_min_cand_epochs=50
cascade_num_candidate_groups=2
bit_fail_limit=3.49999994039535522461e-01
cascade_candidate_limit=1.00000000000000000000e+03
cascade_weight_multiplier=4.00000005960464477539e-01
cascade_activation_functions_count=10
cascade_activation_functions=3 5 7 8 10 11 14 15 16 17 
cascade_activation_steepnesses_count=4
cascade_activation_steepnesses=2.50000000000000000000e-01 5.00000000000000000000e-01 7.50000000000000000000e-01 1.00000000000000000000e+00 
layer_sizes=10 5 3 2 
scale_included=0
neurons (num_inputs, activation_function, activation_steepness)=(0, 0, 0.00000000000000000000e+00) (0, 0, 0.00000000000000000000e+00) (0, 0, 0.00000000000000000000e+00) (0, 0, 0.00000000000000000000e+00) (0, 0, 0.00000000000000000000e+00) (0, 0, 0.00000000000000000000e+00) (0, 0, 0.00000000000000000000e+00) (0, 0, 0.00000000000000000000e+00) (0, 0, 0.00000000000000000000e+00) (0, 0, 0.00000000000000000000e+00) (10, 3, 5.00000000000000000000e-01) (10, 3, 5.00000000000000000000e-01) (10, 3, 5.00000000000000000000e-01) (10, 3, 5.00000000000000000000e-01) (0, 3, 0.00000000000000000000e+00) (5, 3, 5.00000000000000000000e-01) (5, 3, 5.00000000000000000000e-01) (0, 3, 0.00000000000000000000e+00) (3, 3, 5.00000000000000000000e-01) (0, 3, 0.00000000000000000000e+00) 
connections (connected_to_neuron, weight)=(0, 1.96068429946899414062e+00) (1, 1.24504756927490234375e+00) (2, 1.18516099452972412109e+00) (3, 1.14766705036163330078e+00) (4, 2.65075922012329101562e-01) (5, -5.42309403419494628906e-01) (6, -7.58376181125640869141e-01) (7, 1.07692062854766845703e+00) (8, -5.75802505016326904297e-01) (9, -2.35352635383605957031e+00) (0, -1.76898992061614990234e+00) (1, 1.34949123859405517578e+00) (2, -4.01339441537857055664e-01) (3, -1.85579133033752441406e+00) (4, 2.42728614807128906250e+00) (5, 2.81641817092895507812e+00) (6, -1.72276937961578369141e+00) (7, -4.08994626998901367188e+00) (8, -2.61500334739685058594e+00) (9, 1.26592719554901123047e+00) (0, -2.21824645996093750000e+00) (1, 5.24899065494537353516e-01) (2, -3.51700633764266967773e-01) (3, -1.09642970561981201172e+00) (4, 1.55143165588378906250e+00) (5, 4.04718875885009765625e+00) (6, -1.44973695278167724609e+00) (7, -3.91357469558715820312e+00) (8, -1.97343409061431884766e+00) (9, 1.62313556671142578125e+00) (0, -1.71250629425048828125e+00) (1, -3.14045810699462890625e+00) (2, -4.59731912612915039062e+00) (3, -1.80790209770202636719e+00) (4, -3.09145212173461914062e-01) (5, 1.20224189758300781250e+00) (6, 5.64427232742309570312e+00) (7, -1.08777308464050292969e+00) (8, -3.19397449493408203125e-01) (9, 1.51099848747253417969e+00) (10, -4.90344476699829101562e+00) (11, 8.11965179443359375000e+00) (12, 5.06349325180053710938e+00) (13, 1.74439888000488281250e+01) (14, -1.86742854118347167969e+00) (10, -9.23519325256347656250e+00) (11, 7.38279819488525390625e+00) (12, 1.21694831848144531250e+01) (13, 2.01454048156738281250e+01) (14, -2.91890978813171386719e-01) (15, 1.08598196506500244141e+00) (16, 1.43006050586700439453e+00) (17, -1.64488840103149414062e+00) 
