FANN_FLO_2.1
num_layers=4
learning_rate=0.500000
connection_rate=1.000000
network_type=0
learning_momentum=0.000000
training_algorithm=2
train_error_function=1
train_stop_function=0
cascade_output_change_fraction=0.010000
quickprop_decay=-0.000100
quickprop_mu=1.750000
rprop_increase_factor=1.200000
rprop_decrease_factor=0.500000
rprop_delta_min=0.000000
rprop_delta_max=50.000000
rprop_delta_zero=0.100000
cascade_output_stagnation_epochs=12
cascade_candidate_change_fraction=0.010000
cascade_candidate_stagnation_epochs=12
cascade_max_out_epochs=150
cascade_min_out_epochs=50
cascade_max_cand_epochs=150
cascade_min_cand_epochs=50
cascade_num_candidate_groups=2
bit_fail_limit=3.49999994039535522461e-01
cascade_candidate_limit=1.00000000000000000000e+03
cascade_weight_multiplier=4.00000005960464477539e-01
cascade_activation_functions_count=10
cascade_activation_functions=3 5 7 8 10 11 14 15 16 17 
cascade_activation_steepnesses_count=4
cascade_activation_steepnesses=2.50000000000000000000e-01 5.00000000000000000000e-01 7.50000000000000000000e-01 1.00000000000000000000e+00 
layer_sizes=2 5 5 3 
scale_included=0
neurons (num_inputs, activation_function, activation_steepness)=(0, 0, 0.00000000000000000000e+00) (0, 0, 0.00000000000000000000e+00) (2, 3, 5.00000000000000000000e-01) (2, 3, 5.00000000000000000000e-01) (2, 3, 5.00000000000000000000e-01) (2, 3, 5.00000000000000000000e-01) (0, 3, 0.00000000000000000000e+00) (5, 3, 5.00000000000000000000e-01) (5, 3, 5.00000000000000000000e-01) (5, 3, 5.00000000000000000000e-01) (5, 3, 5.00000000000000000000e-01) (0, 3, 0.00000000000000000000e+00) (5, 0, 5.00000000000000000000e-01) (5, 0, 5.00000000000000000000e-01) (0, 0, 0.00000000000000000000e+00) 
connections (connected_to_neuron, weight)=(0, -9.37198925018310546875e+00) (1, 1.11950886249542236328e+00) (0, -8.35214519500732421875e+00) (1, 1.01798963546752929688e+00) (0, -9.08608150482177734375e+00) (1, 1.08225786685943603516e+00) (0, -8.41500377655029296875e+00) (1, 3.08947110176086425781e+00) (2, -3.22664117813110351562e+00) (3, -1.91458117961883544922e+00) (4, -3.14243698120117187500e+00) (5, -6.69881328940391540527e-02) (6, 1.05328381061553955078e+00) (2, 1.59700500965118408203e+00) (3, 4.75395631790161132812e+00) (4, 1.53268706798553466797e+00) (5, 1.03515553474426269531e+00) (6, -3.45154523849487304688e+00) (2, -3.04989576339721679688e+00) (3, -2.94110751152038574219e+00) (4, -2.70237278938293457031e+00) (5, 3.98959994316101074219e-01) (6, 5.60833120346069335938e+00) (2, -2.93150901794433593750e-01) (3, -2.64070630073547363281e+00) (4, -1.43115782737731933594e+00) (5, -2.65396976470947265625e+00) (6, 1.03229671716690063477e-01) (7, -6.56956911087036132812e-01) (8, 8.41102361679077148438e-01) (9, -2.83337545394897460938e+00) (10, 8.84950065612792968750e+00) (11, 2.27293446660041809082e-01) (7, -2.87235689163208007812e+00) (8, 1.27619552612304687500e+00) (9, -5.17374753952026367188e-01) (10, -2.31173825263977050781e+00) (11, 1.00679636001586914062e+00) 
