FANN_FLO_2.1
num_layers=3
learning_rate=0.400000
connection_rate=1.000000
network_type=0
learning_momentum=0.000000
training_algorithm=2
train_error_function=1
train_stop_function=0
cascade_output_change_fraction=0.010000
quickprop_decay=-0.000100
quickprop_mu=1.750000
rprop_increase_factor=1.200000
rprop_decrease_factor=0.500000
rprop_delta_min=0.000000
rprop_delta_max=50.000000
rprop_delta_zero=0.100000
cascade_output_stagnation_epochs=12
cascade_candidate_change_fraction=0.010000
cascade_candidate_stagnation_epochs=12
cascade_max_out_epochs=150
cascade_min_out_epochs=50
cascade_max_cand_epochs=150
cascade_min_cand_epochs=50
cascade_num_candidate_groups=2
bit_fail_limit=3.49999994039535522461e-01
cascade_candidate_limit=1.00000000000000000000e+03
cascade_weight_multiplier=4.00000005960464477539e-01
cascade_activation_functions_count=10
cascade_activation_functions=3 5 7 8 10 11 14 15 16 17 
cascade_activation_steepnesses_count=4
cascade_activation_steepnesses=2.50000000000000000000e-01 5.00000000000000000000e-01 7.50000000000000000000e-01 1.00000000000000000000e+00 
layer_sizes=7 9 2 
scale_included=0
neurons (num_inputs, activation_function, activation_steepness)=(0, 0, 0.00000000000000000000e+00) (0, 0, 0.00000000000000000000e+00) (0, 0, 0.00000000000000000000e+00) (0, 0, 0.00000000000000000000e+00) (0, 0, 0.00000000000000000000e+00) (0, 0, 0.00000000000000000000e+00) (0, 0, 0.00000000000000000000e+00) (7, 3, 5.00000000000000000000e-01) (7, 3, 5.00000000000000000000e-01) (7, 3, 5.00000000000000000000e-01) (7, 3, 5.00000000000000000000e-01) (7, 3, 5.00000000000000000000e-01) (7, 3, 5.00000000000000000000e-01) (7, 3, 5.00000000000000000000e-01) (7, 3, 5.00000000000000000000e-01) (0, 3, 0.00000000000000000000e+00) (9, 3, 5.00000000000000000000e-01) (0, 3, 0.00000000000000000000e+00) 
connections (connected_to_neuron, weight)=(0, -2.09955310821533203125e+00) (1, -1.67177140712738037109e+00) (2, 1.84754734039306640625e+01) (3, 1.11961174011230468750e+00) (4, -2.27187423706054687500e+01) (5, 8.36755561828613281250e+00) (6, 2.75081729888916015625e+00) (0, -3.74889945983886718750e+00) (1, -4.25051403045654296875e+00) (2, 3.33237762451171875000e+01) (3, 6.18844687938690185547e-01) (4, -2.12655067443847656250e+00) (5, 4.71642398834228515625e+00) (6, 3.89174032211303710938e+00) (0, 3.98804569244384765625e+00) (1, -4.28968572616577148438e+00) (2, -2.63709564208984375000e+01) (3, -2.41688489913940429688e+00) (4, -6.36114180088043212891e-02) (5, 7.50062763690948486328e-01) (6, 3.54582697153091430664e-01) (0, -5.82563936710357666016e-01) (1, -2.23909631371498107910e-01) (2, -3.98824977874755859375e+00) (3, -2.95786952972412109375e+00) (4, -1.12319648265838623047e+00) (5, -6.92834377288818359375e-01) (6, 5.48196136951446533203e-01) (0, -4.79552119970321655273e-01) (1, -8.37399196624755859375e+00) (2, 1.97013076782226562500e+02) (3, -2.68732976913452148438e+00) (4, -1.94326758384704589844e+00) (5, -9.23154354095458984375e-01) (6, 4.00700616836547851562e+00) (0, 3.35814309120178222656e+00) (1, -6.18911933898925781250e+00) (2, 1.80993606567382812500e+02) (3, -4.41363620758056640625e+00) (4, -5.91806983947753906250e+00) (5, 9.03079807758331298828e-01) (6, 3.81152582168579101562e+00) (0, 1.59181141853332519531e+00) (1, -2.88644409179687500000e+00) (2, 1.18213310241699218750e+01) (3, -5.65163421630859375000e+00) (4, -6.84175848960876464844e-01) (5, 1.65138936042785644531e+00) (6, -3.64558488130569458008e-01) (0, -5.85988330841064453125e+00) (1, 5.37165832519531250000e+00) (2, -4.23640727996826171875e+00) (3, -2.38473415374755859375e+00) (4, -1.24039316177368164062e+00) (5, -1.43976612091064453125e+01) (6, 3.89919340610504150391e-01) (7, -8.72931778430938720703e-01) (8, -5.78849971294403076172e-01) (9, -5.01474428176879882812e+00) (10, 1.78687229156494140625e+01) (11, -5.48260450363159179688e-01) (12, -3.81010264158248901367e-01) (13, -4.94461488723754882812e+00) (14, -1.71155910491943359375e+01) (15, -2.51560062170028686523e-01) 
