FANN_FLO_2.1
num_layers=3
learning_rate=0.500000
connection_rate=1.000000
network_type=0
learning_momentum=0.000000
training_algorithm=2
train_error_function=1
train_stop_function=0
cascade_output_change_fraction=0.010000
quickprop_decay=-0.000100
quickprop_mu=1.750000
rprop_increase_factor=1.200000
rprop_decrease_factor=0.500000
rprop_delta_min=0.000000
rprop_delta_max=50.000000
rprop_delta_zero=0.100000
cascade_output_stagnation_epochs=12
cascade_candidate_change_fraction=0.010000
cascade_candidate_stagnation_epochs=12
cascade_max_out_epochs=150
cascade_min_out_epochs=50
cascade_max_cand_epochs=150
cascade_min_cand_epochs=50
cascade_num_candidate_groups=2
bit_fail_limit=3.49999994039535522461e-01
cascade_candidate_limit=1.00000000000000000000e+03
cascade_weight_multiplier=4.00000005960464477539e-01
cascade_activation_functions_count=10
cascade_activation_functions=3 5 7 8 10 11 14 15 16 17 
cascade_activation_steepnesses_count=4
cascade_activation_steepnesses=2.50000000000000000000e-01 5.00000000000000000000e-01 7.50000000000000000000e-01 1.00000000000000000000e+00 
layer_sizes=10 5 2 
scale_included=0
neurons (num_inputs, activation_function, activation_steepness)=(0, 0, 0.00000000000000000000e+00) (0, 0, 0.00000000000000000000e+00) (0, 0, 0.00000000000000000000e+00) (0, 0, 0.00000000000000000000e+00) (0, 0, 0.00000000000000000000e+00) (0, 0, 0.00000000000000000000e+00) (0, 0, 0.00000000000000000000e+00) (0, 0, 0.00000000000000000000e+00) (0, 0, 0.00000000000000000000e+00) (0, 0, 0.00000000000000000000e+00) (10, 3, 5.00000000000000000000e-01) (10, 3, 5.00000000000000000000e-01) (10, 3, 5.00000000000000000000e-01) (10, 3, 5.00000000000000000000e-01) (0, 3, 0.00000000000000000000e+00) (5, 3, 5.00000000000000000000e-01) (0, 3, 0.00000000000000000000e+00) 
connections (connected_to_neuron, weight)=(0, -8.73505401611328125000e+00) (1, 4.69867140054702758789e-01) (2, 3.29962491989135742188e+00) (3, 7.48566865921020507812e+00) (4, 2.03941383361816406250e+01) (5, 2.89792156219482421875e+00) (6, 1.23371088504791259766e+00) (7, -1.01433837413787841797e+00) (8, -3.23153710365295410156e+00) (9, -5.60799121856689453125e+00) (0, 2.04891223907470703125e+01) (1, 1.61729633808135986328e-01) (2, 6.35067749023437500000e+00) (3, 2.82853221893310546875e+00) (4, -4.79765027761459350586e-01) (5, 5.62636256217956542969e-01) (6, -1.01742324829101562500e+01) (7, -1.04723997116088867188e+01) (8, -3.14498877525329589844e+00) (9, 9.06089186668395996094e-01) (0, 1.16977758407592773438e+01) (1, 7.84490203857421875000e+00) (2, 8.87125396728515625000e+00) (3, 1.89778789877891540527e-01) (4, 1.15494000911712646484e+00) (5, 7.83101367950439453125e+00) (6, -1.02162704467773437500e+01) (7, -3.50231575965881347656e+00) (8, -2.85095367431640625000e+01) (9, -1.39406096935272216797e+00) (0, 1.39078176021575927734e+00) (1, 6.08011674880981445312e+00) (2, -7.39435482025146484375e+00) (3, -3.62437701225280761719e+00) (4, -4.15349769592285156250e+00) (5, -7.33013212680816650391e-01) (6, -8.01626503467559814453e-01) (7, -1.18276176452636718750e+01) (8, 2.07415523529052734375e+01) (9, -1.47487533092498779297e+00) (10, 6.66574776172637939453e-01) (11, -2.54241490364074707031e+00) (12, 2.80851817131042480469e+00) (13, 1.34597027301788330078e+00) (14, -4.19652350246906280518e-02) 
