FANN_FLO_2.1
num_layers=4
learning_rate=0.500000
connection_rate=1.000000
network_type=0
learning_momentum=0.000000
training_algorithm=2
train_error_function=1
train_stop_function=0
cascade_output_change_fraction=0.010000
quickprop_decay=-0.000100
quickprop_mu=1.750000
rprop_increase_factor=1.200000
rprop_decrease_factor=0.500000
rprop_delta_min=0.000000
rprop_delta_max=50.000000
rprop_delta_zero=0.100000
cascade_output_stagnation_epochs=12
cascade_candidate_change_fraction=0.010000
cascade_candidate_stagnation_epochs=12
cascade_max_out_epochs=150
cascade_min_out_epochs=50
cascade_max_cand_epochs=150
cascade_min_cand_epochs=50
cascade_num_candidate_groups=2
bit_fail_limit=3.49999994039535522461e-01
cascade_candidate_limit=1.00000000000000000000e+03
cascade_weight_multiplier=4.00000005960464477539e-01
cascade_activation_functions_count=10
cascade_activation_functions=3 5 7 8 10 11 14 15 16 17 
cascade_activation_steepnesses_count=4
cascade_activation_steepnesses=2.50000000000000000000e-01 5.00000000000000000000e-01 7.50000000000000000000e-01 1.00000000000000000000e+00 
layer_sizes=10 5 3 2 
scale_included=0
neurons (num_inputs, activation_function, activation_steepness)=(0, 0, 0.00000000000000000000e+00) (0, 0, 0.00000000000000000000e+00) (0, 0, 0.00000000000000000000e+00) (0, 0, 0.00000000000000000000e+00) (0, 0, 0.00000000000000000000e+00) (0, 0, 0.00000000000000000000e+00) (0, 0, 0.00000000000000000000e+00) (0, 0, 0.00000000000000000000e+00) (0, 0, 0.00000000000000000000e+00) (0, 0, 0.00000000000000000000e+00) (10, 3, 5.00000000000000000000e-01) (10, 3, 5.00000000000000000000e-01) (10, 3, 5.00000000000000000000e-01) (10, 3, 5.00000000000000000000e-01) (0, 3, 0.00000000000000000000e+00) (5, 3, 5.00000000000000000000e-01) (5, 3, 5.00000000000000000000e-01) (0, 3, 0.00000000000000000000e+00) (3, 3, 5.00000000000000000000e-01) (0, 3, 0.00000000000000000000e+00) 
connections (connected_to_neuron, weight)=(0, -1.04999685287475585938e+00) (1, 2.33564391732215881348e-01) (2, 5.83205759525299072266e-01) (3, -7.87590682506561279297e-01) (4, 4.84138906002044677734e-01) (5, 1.54806935787200927734e+00) (6, -1.18889594078063964844e+00) (7, -1.38300585746765136719e+00) (8, -3.80701828002929687500e+00) (9, 1.11178517341613769531e+00) (0, -3.25570821762084960938e+00) (1, -1.65212571620941162109e-01) (2, 2.77595549821853637695e-01) (3, -6.80756449699401855469e-01) (4, 9.13866162300109863281e-01) (5, 3.05153012275695800781e+00) (6, -8.92469957470893859863e-02) (7, -2.73810696601867675781e+00) (8, -1.32568955421447753906e+00) (9, 1.08813476562500000000e+00) (0, -5.17910623550415039062e+00) (1, 3.21235084533691406250e+00) (2, 1.78529644012451171875e+00) (3, -4.13544625043869018555e-01) (4, 4.88873243331909179688e-01) (5, 1.14982140064239501953e+00) (6, -3.27163338661193847656e+00) (7, -2.94630098342895507812e+00) (8, -7.02490663528442382812e+00) (9, 1.46813619136810302734e+00) (0, -4.81876194477081298828e-01) (1, -1.46569764614105224609e+00) (2, -1.74560070037841796875e+01) (3, -4.37846243381500244141e-01) (4, 1.40839135646820068359e+00) (5, 2.20486378669738769531e+00) (6, 7.28439331054687500000e+00) (7, 1.75308629870414733887e-01) (8, -4.33524399995803833008e-02) (9, 2.75646066665649414062e+00) (10, 1.00997962951660156250e+01) (11, 1.29581623077392578125e+01) (12, -1.05223846435546875000e+01) (13, 6.79887390136718750000e+00) (14, -5.27707386016845703125e+00) (10, 5.57984542846679687500e+00) (11, 1.42706127166748046875e+01) (12, -8.00284385681152343750e+00) (13, 6.73405981063842773438e+00) (14, -4.93951797485351562500e+00) (15, 1.17880201339721679688e+00) (16, 1.51690196990966796875e+00) (17, -1.79481136798858642578e+00) 
