FANN_FLO_2.1
num_layers=3
learning_rate=0.500000
connection_rate=1.000000
network_type=0
learning_momentum=0.000000
training_algorithm=2
train_error_function=1
train_stop_function=0
cascade_output_change_fraction=0.010000
quickprop_decay=-0.000100
quickprop_mu=1.750000
rprop_increase_factor=1.200000
rprop_decrease_factor=0.500000
rprop_delta_min=0.000000
rprop_delta_max=50.000000
rprop_delta_zero=0.100000
cascade_output_stagnation_epochs=12
cascade_candidate_change_fraction=0.010000
cascade_candidate_stagnation_epochs=12
cascade_max_out_epochs=150
cascade_min_out_epochs=50
cascade_max_cand_epochs=150
cascade_min_cand_epochs=50
cascade_num_candidate_groups=2
bit_fail_limit=3.49999994039535522461e-01
cascade_candidate_limit=1.00000000000000000000e+03
cascade_weight_multiplier=4.00000005960464477539e-01
cascade_activation_functions_count=10
cascade_activation_functions=3 5 7 8 10 11 14 15 16 17 
cascade_activation_steepnesses_count=4
cascade_activation_steepnesses=2.50000000000000000000e-01 5.00000000000000000000e-01 7.50000000000000000000e-01 1.00000000000000000000e+00 
layer_sizes=10 3 2 
scale_included=0
neurons (num_inputs, activation_function, activation_steepness)=(0, 0, 0.00000000000000000000e+00) (0, 0, 0.00000000000000000000e+00) (0, 0, 0.00000000000000000000e+00) (0, 0, 0.00000000000000000000e+00) (0, 0, 0.00000000000000000000e+00) (0, 0, 0.00000000000000000000e+00) (0, 0, 0.00000000000000000000e+00) (0, 0, 0.00000000000000000000e+00) (0, 0, 0.00000000000000000000e+00) (0, 0, 0.00000000000000000000e+00) (10, 3, 5.00000000000000000000e-01) (10, 3, 5.00000000000000000000e-01) (0, 3, 0.00000000000000000000e+00) (3, 3, 5.00000000000000000000e-01) (0, 3, 0.00000000000000000000e+00) 
connections (connected_to_neuron, weight)=(0, -6.73550546169281005859e-01) (1, 8.36060333251953125000e+00) (2, 1.38610162734985351562e+01) (3, -2.81994724273681640625e+00) (4, -4.67592763900756835938e+00) (5, 2.24921941757202148438e+00) (6, -1.28934583663940429688e+01) (7, -5.10554730892181396484e-01) (8, -3.78838515281677246094e+00) (9, -4.77653563022613525391e-01) (0, 8.50475883483886718750e+00) (1, -1.03966701030731201172e+00) (2, 3.22444190979003906250e+01) (3, -8.69455933570861816406e-01) (4, -1.18671159744262695312e+01) (5, -3.66875156760215759277e-02) (6, -2.39228744506835937500e+01) (7, -4.68096792697906494141e-01) (8, 1.96416532993316650391e+00) (9, 4.70062298700213432312e-03) (10, 5.41802358627319335938e+00) (11, -5.43059635162353515625e+00) (12, 8.66472125053405761719e-01) 
