FANN_FLO_2.1
num_layers=3
learning_rate=0.400000
connection_rate=1.000000
network_type=0
learning_momentum=0.000000
training_algorithm=2
train_error_function=1
train_stop_function=0
cascade_output_change_fraction=0.010000
quickprop_decay=-0.000100
quickprop_mu=1.750000
rprop_increase_factor=1.200000
rprop_decrease_factor=0.500000
rprop_delta_min=0.000000
rprop_delta_max=50.000000
rprop_delta_zero=0.100000
cascade_output_stagnation_epochs=12
cascade_candidate_change_fraction=0.010000
cascade_candidate_stagnation_epochs=12
cascade_max_out_epochs=150
cascade_min_out_epochs=50
cascade_max_cand_epochs=150
cascade_min_cand_epochs=50
cascade_num_candidate_groups=2
bit_fail_limit=3.49999994039535522461e-01
cascade_candidate_limit=1.00000000000000000000e+03
cascade_weight_multiplier=4.00000005960464477539e-01
cascade_activation_functions_count=10
cascade_activation_functions=3 5 7 8 10 11 14 15 16 17 
cascade_activation_steepnesses_count=4
cascade_activation_steepnesses=2.50000000000000000000e-01 5.00000000000000000000e-01 7.50000000000000000000e-01 1.00000000000000000000e+00 
layer_sizes=7 5 2 
scale_included=0
neurons (num_inputs, activation_function, activation_steepness)=(0, 0, 0.00000000000000000000e+00) (0, 0, 0.00000000000000000000e+00) (0, 0, 0.00000000000000000000e+00) (0, 0, 0.00000000000000000000e+00) (0, 0, 0.00000000000000000000e+00) (0, 0, 0.00000000000000000000e+00) (0, 0, 0.00000000000000000000e+00) (7, 3, 5.00000000000000000000e-01) (7, 3, 5.00000000000000000000e-01) (7, 3, 5.00000000000000000000e-01) (7, 3, 5.00000000000000000000e-01) (0, 3, 0.00000000000000000000e+00) (5, 3, 5.00000000000000000000e-01) (0, 3, 0.00000000000000000000e+00) 
connections (connected_to_neuron, weight)=(0, -2.00926518440246582031e+00) (1, -2.79611539840698242188e+00) (2, 1.33270397782325744629e-01) (3, 8.45786690711975097656e-01) (4, 9.27804088592529296875e+00) (5, -2.19836902618408203125e+00) (6, -1.59374201297760009766e+00) (0, 1.16102190017700195312e+01) (1, 2.94251990318298339844e+00) (2, -4.52012443542480468750e+00) (3, -9.06944179534912109375e+00) (4, -1.20846599340438842773e-01) (5, 4.92403554916381835938e+00) (6, 2.24554347991943359375e+00) (0, -5.93596696853637695312e+00) (1, 2.33281445503234863281e+00) (2, 6.85379886627197265625e+00) (3, -3.44495749473571777344e+00) (4, 1.05335750579833984375e+01) (5, -1.29291009902954101562e+01) (6, 4.38929796218872070312e+00) (0, 1.50000000000000000000e+03) (1, 1.50000000000000000000e+03) (2, 1.50000000000000000000e+03) (3, 1.50000000000000000000e+03) (4, 4.33805751800537109375e+00) (5, 2.91853308677673339844e+00) (6, 6.19100809097290039062e-01) (7, 3.02890849113464355469e+00) (8, -1.78501355648040771484e+00) (9, -2.58494043350219726562e+00) (10, 8.81946146488189697266e-01) (11, 3.08962613344192504883e-01) 
