FANN_FLO_2.1
num_layers=3
learning_rate=0.500000
connection_rate=1.000000
network_type=0
learning_momentum=0.000000
training_algorithm=2
train_error_function=1
train_stop_function=0
cascade_output_change_fraction=0.010000
quickprop_decay=-0.000100
quickprop_mu=1.750000
rprop_increase_factor=1.200000
rprop_decrease_factor=0.500000
rprop_delta_min=0.000000
rprop_delta_max=50.000000
rprop_delta_zero=0.100000
cascade_output_stagnation_epochs=12
cascade_candidate_change_fraction=0.010000
cascade_candidate_stagnation_epochs=12
cascade_max_out_epochs=150
cascade_min_out_epochs=50
cascade_max_cand_epochs=150
cascade_min_cand_epochs=50
cascade_num_candidate_groups=2
bit_fail_limit=3.49999994039535522461e-01
cascade_candidate_limit=1.00000000000000000000e+03
cascade_weight_multiplier=4.00000005960464477539e-01
cascade_activation_functions_count=10
cascade_activation_functions=3 5 7 8 10 11 14 15 16 17 
cascade_activation_steepnesses_count=4
cascade_activation_steepnesses=2.50000000000000000000e-01 5.00000000000000000000e-01 7.50000000000000000000e-01 1.00000000000000000000e+00 
layer_sizes=10 3 2 
scale_included=0
neurons (num_inputs, activation_function, activation_steepness)=(0, 0, 0.00000000000000000000e+00) (0, 0, 0.00000000000000000000e+00) (0, 0, 0.00000000000000000000e+00) (0, 0, 0.00000000000000000000e+00) (0, 0, 0.00000000000000000000e+00) (0, 0, 0.00000000000000000000e+00) (0, 0, 0.00000000000000000000e+00) (0, 0, 0.00000000000000000000e+00) (0, 0, 0.00000000000000000000e+00) (0, 0, 0.00000000000000000000e+00) (10, 3, 5.00000000000000000000e-01) (10, 3, 5.00000000000000000000e-01) (0, 3, 0.00000000000000000000e+00) (3, 3, 5.00000000000000000000e-01) (0, 3, 0.00000000000000000000e+00) 
connections (connected_to_neuron, weight)=(0, 1.65457189083099365234e+00) (1, -4.16399955749511718750e+00) (2, -3.23802280426025390625e+00) (3, -3.60287880897521972656e+00) (4, 4.61915826797485351562e+00) (5, 2.58099889755249023438e+00) (6, 4.38617610931396484375e+00) (7, -1.47071763873100280762e-01) (8, 3.77141547203063964844e+00) (9, -2.61134099960327148438e+00) (0, -1.42973613739013671875e+00) (1, -1.68759746551513671875e+01) (2, 6.91854810714721679688e+00) (3, 1.77245438098907470703e+00) (4, -8.36678600311279296875e+00) (5, -5.91951322555541992188e+00) (6, 1.83897418975830078125e+01) (7, -1.12533068656921386719e+00) (8, 1.33487586975097656250e+01) (9, 1.35841774940490722656e+00) (10, 4.07446813583374023438e+00) (11, -3.72303771972656250000e+00) (12, 7.49199628829956054688e-01) 
