FANN_FLO_2.1
num_layers=4
learning_rate=0.500000
connection_rate=1.000000
network_type=0
learning_momentum=0.000000
training_algorithm=2
train_error_function=1
train_stop_function=0
cascade_output_change_fraction=0.010000
quickprop_decay=-0.000100
quickprop_mu=1.750000
rprop_increase_factor=1.200000
rprop_decrease_factor=0.500000
rprop_delta_min=0.000000
rprop_delta_max=50.000000
rprop_delta_zero=0.100000
cascade_output_stagnation_epochs=12
cascade_candidate_change_fraction=0.010000
cascade_candidate_stagnation_epochs=12
cascade_max_out_epochs=150
cascade_min_out_epochs=50
cascade_max_cand_epochs=150
cascade_min_cand_epochs=50
cascade_num_candidate_groups=2
bit_fail_limit=3.49999994039535522461e-01
cascade_candidate_limit=1.00000000000000000000e+03
cascade_weight_multiplier=4.00000005960464477539e-01
cascade_activation_functions_count=10
cascade_activation_functions=3 5 7 8 10 11 14 15 16 17 
cascade_activation_steepnesses_count=4
cascade_activation_steepnesses=2.50000000000000000000e-01 5.00000000000000000000e-01 7.50000000000000000000e-01 1.00000000000000000000e+00 
layer_sizes=10 5 3 2 
scale_included=0
neurons (num_inputs, activation_function, activation_steepness)=(0, 0, 0.00000000000000000000e+00) (0, 0, 0.00000000000000000000e+00) (0, 0, 0.00000000000000000000e+00) (0, 0, 0.00000000000000000000e+00) (0, 0, 0.00000000000000000000e+00) (0, 0, 0.00000000000000000000e+00) (0, 0, 0.00000000000000000000e+00) (0, 0, 0.00000000000000000000e+00) (0, 0, 0.00000000000000000000e+00) (0, 0, 0.00000000000000000000e+00) (10, 3, 5.00000000000000000000e-01) (10, 3, 5.00000000000000000000e-01) (10, 3, 5.00000000000000000000e-01) (10, 3, 5.00000000000000000000e-01) (0, 3, 0.00000000000000000000e+00) (5, 3, 5.00000000000000000000e-01) (5, 3, 5.00000000000000000000e-01) (0, 3, 0.00000000000000000000e+00) (3, 3, 5.00000000000000000000e-01) (0, 3, 0.00000000000000000000e+00) 
connections (connected_to_neuron, weight)=(0, -5.48052728176116943359e-01) (1, 2.46939659118652343750e+00) (2, -6.58660233020782470703e-01) (3, 2.79768198728561401367e-01) (4, 1.75681054592132568359e+00) (5, 7.30513381958007812500e+00) (6, -1.03956356048583984375e+01) (7, -2.94310855865478515625e+00) (8, 4.75474089384078979492e-01) (9, 3.14645934104919433594e+00) (0, -1.48069982528686523438e+01) (1, 1.80798375606536865234e+00) (2, 2.61359214782714843750e-01) (3, 2.60921096801757812500e+00) (4, 8.27087402343750000000e+00) (5, 1.36050481796264648438e+01) (6, -7.82394838333129882812e+00) (7, -7.19334983825683593750e+00) (8, 2.39699855446815490723e-01) (9, 2.97674369812011718750e+00) (0, -1.19644651412963867188e+01) (1, -2.10818067193031311035e-01) (2, -6.35058581829071044922e-01) (3, 4.84192192554473876953e-01) (4, 4.05483245849609375000e+00) (5, 1.88578395843505859375e+01) (6, -8.54430484771728515625e+00) (7, -2.81237125396728515625e+00) (8, -8.18258047103881835938e-01) (9, 2.07117247581481933594e+00) (0, 8.06943511962890625000e+00) (1, 2.01475962996482849121e-01) (2, -2.26098108291625976562e+00) (3, -2.26531100273132324219e+00) (4, -6.61152660846710205078e-01) (5, -2.34928703308105468750e+01) (6, 5.74873495101928710938e+00) (7, 6.98256063461303710938e+00) (8, -1.35475749969482421875e+01) (9, -3.15024554729461669922e-02) (10, -7.67776870727539062500e+00) (11, 5.93505525588989257812e+00) (12, 5.15412807464599609375e+00) (13, 1.18123130798339843750e+01) (14, 1.03399336338043212891e+00) (10, -2.15446586608886718750e+01) (11, 3.79843163490295410156e+00) (12, 2.23547687530517578125e+01) (13, 1.65119934082031250000e+02) (14, -5.38216531276702880859e-01) (15, 1.53804600238800048828e-01) (16, 2.34285187721252441406e+00) (17, -1.59759879112243652344e+00) 
