FANN_FLO_2.1
num_layers=3
learning_rate=0.400000
connection_rate=1.000000
network_type=0
learning_momentum=0.000000
training_algorithm=2
train_error_function=1
train_stop_function=0
cascade_output_change_fraction=0.010000
quickprop_decay=-0.000100
quickprop_mu=1.750000
rprop_increase_factor=1.200000
rprop_decrease_factor=0.500000
rprop_delta_min=0.000000
rprop_delta_max=50.000000
rprop_delta_zero=0.100000
cascade_output_stagnation_epochs=12
cascade_candidate_change_fraction=0.010000
cascade_candidate_stagnation_epochs=12
cascade_max_out_epochs=150
cascade_min_out_epochs=50
cascade_max_cand_epochs=150
cascade_min_cand_epochs=50
cascade_num_candidate_groups=2
bit_fail_limit=3.49999994039535522461e-01
cascade_candidate_limit=1.00000000000000000000e+03
cascade_weight_multiplier=4.00000005960464477539e-01
cascade_activation_functions_count=10
cascade_activation_functions=3 5 7 8 10 11 14 15 16 17 
cascade_activation_steepnesses_count=4
cascade_activation_steepnesses=2.50000000000000000000e-01 5.00000000000000000000e-01 7.50000000000000000000e-01 1.00000000000000000000e+00 
layer_sizes=19 3 3 
scale_included=0
neurons (num_inputs, activation_function, activation_steepness)=(0, 0, 0.00000000000000000000e+00) (0, 0, 0.00000000000000000000e+00) (0, 0, 0.00000000000000000000e+00) (0, 0, 0.00000000000000000000e+00) (0, 0, 0.00000000000000000000e+00) (0, 0, 0.00000000000000000000e+00) (0, 0, 0.00000000000000000000e+00) (0, 0, 0.00000000000000000000e+00) (0, 0, 0.00000000000000000000e+00) (0, 0, 0.00000000000000000000e+00) (0, 0, 0.00000000000000000000e+00) (0, 0, 0.00000000000000000000e+00) (0, 0, 0.00000000000000000000e+00) (0, 0, 0.00000000000000000000e+00) (0, 0, 0.00000000000000000000e+00) (0, 0, 0.00000000000000000000e+00) (0, 0, 0.00000000000000000000e+00) (0, 0, 0.00000000000000000000e+00) (0, 0, 0.00000000000000000000e+00) (19, 3, 5.00000000000000000000e-01) (19, 3, 5.00000000000000000000e-01) (0, 3, 0.00000000000000000000e+00) (3, 3, 5.00000000000000000000e-01) (3, 3, 5.00000000000000000000e-01) (0, 3, 0.00000000000000000000e+00) 
connections (connected_to_neuron, weight)=(0, -5.31822967529296875000e+00) (1, -1.85645139217376708984e+00) (2, 3.46842527389526367188e+00) (3, -6.95498704910278320312e+00) (4, -9.19574439525604248047e-01) (5, 4.71180582046508789062e+00) (6, -7.93469333648681640625e+00) (7, -1.26507902145385742188e+00) (8, 7.56975531578063964844e-01) (9, 5.62518787384033203125e+00) (10, 1.47509849071502685547e+00) (11, -8.59209120273590087891e-01) (12, 4.58090114593505859375e+00) (13, 1.15540690720081329346e-01) (14, -1.23854374885559082031e+00) (15, 7.36317873001098632812e+00) (16, 3.06603759527206420898e-01) (17, -2.92954969406127929688e+00) (18, -3.08961105346679687500e+00) (0, 7.27300548553466796875e+00) (1, 4.71391963958740234375e+00) (2, -5.83915901184082031250e+00) (3, 9.35665798187255859375e+00) (4, -8.19335341453552246094e-01) (5, -1.54925727844238281250e+00) (6, 1.21195049285888671875e+01) (7, 1.56088650226593017578e-01) (8, -3.75982236862182617188e+00) (9, -1.13360395431518554688e+01) (10, -3.36964941024780273438e+00) (11, 5.58152294158935546875e+00) (12, -5.05743741989135742188e+00) (13, -1.47692012786865234375e+00) (14, 2.09832978248596191406e+00) (15, -8.87850475311279296875e+00) (16, -6.30410146713256835938e+00) (17, 3.49281954765319824219e+00) (18, -4.48218536376953125000e+00) (19, -1.27843225002288818359e+00) (20, -1.26612591743469238281e+00) (21, 8.16019475460052490234e-02) (19, 1.27916049957275390625e+00) (20, 1.26399588584899902344e+00) (21, -8.09117779135704040527e-02) 
