FANN_FLO_2.1
num_layers=4
learning_rate=0.400000
connection_rate=1.000000
network_type=0
learning_momentum=0.000000
training_algorithm=2
train_error_function=1
train_stop_function=0
cascade_output_change_fraction=0.010000
quickprop_decay=-0.000100
quickprop_mu=1.750000
rprop_increase_factor=1.200000
rprop_decrease_factor=0.500000
rprop_delta_min=0.000000
rprop_delta_max=50.000000
rprop_delta_zero=0.100000
cascade_output_stagnation_epochs=12
cascade_candidate_change_fraction=0.010000
cascade_candidate_stagnation_epochs=12
cascade_max_out_epochs=150
cascade_min_out_epochs=50
cascade_max_cand_epochs=150
cascade_min_cand_epochs=50
cascade_num_candidate_groups=2
bit_fail_limit=3.49999994039535522461e-01
cascade_candidate_limit=1.00000000000000000000e+03
cascade_weight_multiplier=4.00000005960464477539e-01
cascade_activation_functions_count=10
cascade_activation_functions=3 5 7 8 10 11 14 15 16 17 
cascade_activation_steepnesses_count=4
cascade_activation_steepnesses=2.50000000000000000000e-01 5.00000000000000000000e-01 7.50000000000000000000e-01 1.00000000000000000000e+00 
layer_sizes=7 3 3 2 
scale_included=0
neurons (num_inputs, activation_function, activation_steepness)=(0, 0, 0.00000000000000000000e+00) (0, 0, 0.00000000000000000000e+00) (0, 0, 0.00000000000000000000e+00) (0, 0, 0.00000000000000000000e+00) (0, 0, 0.00000000000000000000e+00) (0, 0, 0.00000000000000000000e+00) (0, 0, 0.00000000000000000000e+00) (7, 3, 5.00000000000000000000e-01) (7, 3, 5.00000000000000000000e-01) (0, 3, 0.00000000000000000000e+00) (3, 3, 5.00000000000000000000e-01) (3, 3, 5.00000000000000000000e-01) (0, 3, 0.00000000000000000000e+00) (3, 3, 5.00000000000000000000e-01) (0, 3, 0.00000000000000000000e+00) 
connections (connected_to_neuron, weight)=(0, -5.14079093933105468750e+00) (1, 4.23548603057861328125e+00) (2, 5.97700297832489013672e-01) (3, -1.19658696651458740234e+00) (4, -6.07571125030517578125e-01) (5, -5.14224004745483398438e+00) (6, 7.99990236759185791016e-01) (0, 5.85394477844238281250e+00) (1, -6.68773460388183593750e+00) (2, 1.34932661056518554688e+00) (3, -1.73229002952575683594e+00) (4, -2.42276474833488464355e-01) (5, 6.70786237716674804688e+00) (6, -5.23036098480224609375e+00) (7, 6.08699893951416015625e+00) (8, 4.31027412414550781250e+00) (9, -2.38824701309204101562e+00) (7, 6.46354341506958007812e+00) (8, 4.77204895019531250000e+00) (9, -4.03067064285278320312e+00) (10, -1.48546409606933593750e+00) (11, -6.70618867874145507812e+00) (12, -7.43931710720062255859e-01) 
