FANN_FLO_2.1
num_layers=3
learning_rate=0.400000
connection_rate=1.000000
network_type=0
learning_momentum=0.000000
training_algorithm=2
train_error_function=1
train_stop_function=0
cascade_output_change_fraction=0.010000
quickprop_decay=-0.000100
quickprop_mu=1.750000
rprop_increase_factor=1.200000
rprop_decrease_factor=0.500000
rprop_delta_min=0.000000
rprop_delta_max=50.000000
rprop_delta_zero=0.100000
cascade_output_stagnation_epochs=12
cascade_candidate_change_fraction=0.010000
cascade_candidate_stagnation_epochs=12
cascade_max_out_epochs=150
cascade_min_out_epochs=50
cascade_max_cand_epochs=150
cascade_min_cand_epochs=50
cascade_num_candidate_groups=2
bit_fail_limit=3.49999994039535522461e-01
cascade_candidate_limit=1.00000000000000000000e+03
cascade_weight_multiplier=4.00000005960464477539e-01
cascade_activation_functions_count=10
cascade_activation_functions=3 5 7 8 10 11 14 15 16 17 
cascade_activation_steepnesses_count=4
cascade_activation_steepnesses=2.50000000000000000000e-01 5.00000000000000000000e-01 7.50000000000000000000e-01 1.00000000000000000000e+00 
layer_sizes=7 9 2 
scale_included=0
neurons (num_inputs, activation_function, activation_steepness)=(0, 0, 0.00000000000000000000e+00) (0, 0, 0.00000000000000000000e+00) (0, 0, 0.00000000000000000000e+00) (0, 0, 0.00000000000000000000e+00) (0, 0, 0.00000000000000000000e+00) (0, 0, 0.00000000000000000000e+00) (0, 0, 0.00000000000000000000e+00) (7, 3, 5.00000000000000000000e-01) (7, 3, 5.00000000000000000000e-01) (7, 3, 5.00000000000000000000e-01) (7, 3, 5.00000000000000000000e-01) (7, 3, 5.00000000000000000000e-01) (7, 3, 5.00000000000000000000e-01) (7, 3, 5.00000000000000000000e-01) (7, 3, 5.00000000000000000000e-01) (0, 3, 0.00000000000000000000e+00) (9, 3, 5.00000000000000000000e-01) (0, 3, 0.00000000000000000000e+00) 
connections (connected_to_neuron, weight)=(0, 2.77387642860412597656e+00) (1, 1.51297390460968017578e+00) (2, 1.24669551849365234375e+00) (3, -6.91062021255493164062e+00) (4, 2.58469271659851074219e+00) (5, 1.36619806289672851562e+00) (6, 2.66918945312500000000e+00) (0, 1.15758597850799560547e+00) (1, 1.02667653560638427734e+00) (2, -1.16009795665740966797e+00) (3, -7.30315113067626953125e+00) (4, -7.95672312378883361816e-02) (5, 4.48573637008666992188e+00) (6, 2.00909805297851562500e+00) (0, -5.53297102451324462891e-01) (1, 1.06087183952331542969e+00) (2, 2.63397955894470214844e+00) (3, -3.30580306053161621094e+00) (4, 3.19273447990417480469e+00) (5, -7.32663679122924804688e+00) (6, 4.10145282745361328125e+00) (0, -3.91970127820968627930e-01) (1, -1.24477767944335937500e+00) (2, -1.39313769340515136719e+00) (3, -6.13015699386596679688e+00) (4, 9.14233016967773437500e+00) (5, -1.44765579700469970703e+00) (6, 3.89868885278701782227e-01) (0, 4.08824741840362548828e-01) (1, 7.86892712116241455078e-01) (2, -1.88712859153747558594e+00) (3, -6.86964178085327148438e+00) (4, -2.45337203145027160645e-01) (5, 4.91266441345214843750e+00) (6, 2.05588698387145996094e+00) (0, -4.70891141891479492188e+00) (1, -3.70044565200805664062e+00) (2, -3.10906982421875000000e+00) (3, 2.21782350540161132812e+00) (4, 1.22160315513610839844e+00) (5, 1.36413526535034179688e+00) (6, -1.85760542750358581543e-01) (0, -2.01653063297271728516e-01) (1, 4.70389962196350097656e-01) (2, -1.05596435070037841797e+00) (3, 4.60332036018371582031e-01) (4, 3.41204500198364257812e+00) (5, 4.36197817325592041016e-01) (6, -5.24966008961200714111e-02) (0, -5.41798293590545654297e-01) (1, -8.53198647499084472656e-01) (2, 4.43034267425537109375e+00) (3, 3.90709012746810913086e-01) (4, -1.58167159557342529297e+00) (5, 7.47705280780792236328e-01) (6, -5.09553432464599609375e-01) (7, -9.29068684577941894531e-01) (8, -7.86034047603607177734e-01) (9, -2.39859771728515625000e+00) (10, 2.61447620391845703125e+00) (11, -7.97451794147491455078e-01) (12, 2.27824473381042480469e+00) (13, 9.25090730190277099609e-01) (14, 9.35016751289367675781e-01) (15, 4.52220216393470764160e-02) 
