FANN_FLO_2.1
num_layers=3
learning_rate=0.500000
connection_rate=1.000000
network_type=0
learning_momentum=0.000000
training_algorithm=2
train_error_function=1
train_stop_function=0
cascade_output_change_fraction=0.010000
quickprop_decay=-0.000100
quickprop_mu=1.750000
rprop_increase_factor=1.200000
rprop_decrease_factor=0.500000
rprop_delta_min=0.000000
rprop_delta_max=50.000000
rprop_delta_zero=0.100000
cascade_output_stagnation_epochs=12
cascade_candidate_change_fraction=0.010000
cascade_candidate_stagnation_epochs=12
cascade_max_out_epochs=150
cascade_min_out_epochs=50
cascade_max_cand_epochs=150
cascade_min_cand_epochs=50
cascade_num_candidate_groups=2
bit_fail_limit=3.49999994039535522461e-01
cascade_candidate_limit=1.00000000000000000000e+03
cascade_weight_multiplier=4.00000005960464477539e-01
cascade_activation_functions_count=10
cascade_activation_functions=3 5 7 8 10 11 14 15 16 17 
cascade_activation_steepnesses_count=4
cascade_activation_steepnesses=2.50000000000000000000e-01 5.00000000000000000000e-01 7.50000000000000000000e-01 1.00000000000000000000e+00 
layer_sizes=10 5 2 
scale_included=0
neurons (num_inputs, activation_function, activation_steepness)=(0, 0, 0.00000000000000000000e+00) (0, 0, 0.00000000000000000000e+00) (0, 0, 0.00000000000000000000e+00) (0, 0, 0.00000000000000000000e+00) (0, 0, 0.00000000000000000000e+00) (0, 0, 0.00000000000000000000e+00) (0, 0, 0.00000000000000000000e+00) (0, 0, 0.00000000000000000000e+00) (0, 0, 0.00000000000000000000e+00) (0, 0, 0.00000000000000000000e+00) (10, 3, 5.00000000000000000000e-01) (10, 3, 5.00000000000000000000e-01) (10, 3, 5.00000000000000000000e-01) (10, 3, 5.00000000000000000000e-01) (0, 3, 0.00000000000000000000e+00) (5, 3, 5.00000000000000000000e-01) (0, 3, 0.00000000000000000000e+00) 
connections (connected_to_neuron, weight)=(0, -2.97378867864608764648e-01) (1, 3.42151618003845214844e+00) (2, -3.05467665195465087891e-01) (3, -1.31017627716064453125e+01) (4, 6.53500318527221679688e-01) (5, 7.21115779876708984375e+00) (6, -1.57900543212890625000e+01) (7, -3.92372894287109375000e+00) (8, 1.31690492630004882812e+01) (9, 9.22708332538604736328e-01) (0, 6.18593597412109375000e+00) (1, 2.26977542042732238770e-01) (2, -2.31963157653808593750e+01) (3, 1.13693869113922119141e+00) (4, 5.26156485080718994141e-01) (5, -6.17677307128906250000e+00) (6, 1.87845444679260253906e+00) (7, -2.17095255851745605469e+00) (8, 3.62225389480590820312e+00) (9, 8.05602669715881347656e-01) (0, 1.31897604465484619141e+00) (1, -1.29392015933990478516e+00) (2, -1.54212484359741210938e+01) (3, 1.50302803516387939453e+00) (4, 7.45729923248291015625e-01) (5, -3.87843990325927734375e+00) (6, 1.10690593719482421875e+01) (7, -5.14240980148315429688e-01) (8, 2.24422574043273925781e+00) (9, 1.69077599048614501953e+00) (0, 3.44673180580139160156e+00) (1, 1.91420993804931640625e+01) (2, 2.54925489425659179688e-02) (3, -4.12026357650756835938e+00) (4, -9.76555943489074707031e-01) (5, 6.01510643959045410156e-01) (6, -1.52119636535644531250e+01) (7, -5.81062078475952148438e+00) (8, -7.98665237426757812500e+00) (9, 3.81013965606689453125e+00) (10, 5.12143254280090332031e-01) (11, 2.18855834007263183594e+00) (12, 1.93013656139373779297e+00) (13, 2.72116231918334960938e+00) (14, -2.35860466957092285156e+00) 
