FANN_FLO_2.1
num_layers=4
learning_rate=0.400000
connection_rate=1.000000
network_type=0
learning_momentum=0.000000
training_algorithm=2
train_error_function=1
train_stop_function=0
cascade_output_change_fraction=0.010000
quickprop_decay=-0.000100
quickprop_mu=1.750000
rprop_increase_factor=1.200000
rprop_decrease_factor=0.500000
rprop_delta_min=0.000000
rprop_delta_max=50.000000
rprop_delta_zero=0.100000
cascade_output_stagnation_epochs=12
cascade_candidate_change_fraction=0.010000
cascade_candidate_stagnation_epochs=12
cascade_max_out_epochs=150
cascade_min_out_epochs=50
cascade_max_cand_epochs=150
cascade_min_cand_epochs=50
cascade_num_candidate_groups=2
bit_fail_limit=3.49999994039535522461e-01
cascade_candidate_limit=1.00000000000000000000e+03
cascade_weight_multiplier=4.00000005960464477539e-01
cascade_activation_functions_count=10
cascade_activation_functions=3 5 7 8 10 11 14 15 16 17 
cascade_activation_steepnesses_count=4
cascade_activation_steepnesses=2.50000000000000000000e-01 5.00000000000000000000e-01 7.50000000000000000000e-01 1.00000000000000000000e+00 
layer_sizes=7 5 3 2 
scale_included=0
neurons (num_inputs, activation_function, activation_steepness)=(0, 0, 0.00000000000000000000e+00) (0, 0, 0.00000000000000000000e+00) (0, 0, 0.00000000000000000000e+00) (0, 0, 0.00000000000000000000e+00) (0, 0, 0.00000000000000000000e+00) (0, 0, 0.00000000000000000000e+00) (0, 0, 0.00000000000000000000e+00) (7, 3, 5.00000000000000000000e-01) (7, 3, 5.00000000000000000000e-01) (7, 3, 5.00000000000000000000e-01) (7, 3, 5.00000000000000000000e-01) (0, 3, 0.00000000000000000000e+00) (5, 3, 5.00000000000000000000e-01) (5, 3, 5.00000000000000000000e-01) (0, 3, 0.00000000000000000000e+00) (3, 3, 5.00000000000000000000e-01) (0, 3, 0.00000000000000000000e+00) 
connections (connected_to_neuron, weight)=(0, -1.21106719970703125000e+02) (1, -3.03769683837890625000e+00) (2, -1.50000000000000000000e+03) (3, 4.72088241577148437500e+01) (4, -1.00809417724609375000e+02) (5, 1.09804939270019531250e+02) (6, 7.74833526611328125000e+01) (0, -1.50000000000000000000e+03) (1, -1.50000000000000000000e+03) (2, -1.50000000000000000000e+03) (3, 8.49502502441406250000e+02) (4, -1.50000000000000000000e+03) (5, -1.50000000000000000000e+03) (6, 2.92773985862731933594e+00) (0, -1.50000000000000000000e+03) (1, -1.50000000000000000000e+03) (2, -1.50000000000000000000e+03) (3, 1.50000000000000000000e+03) (4, -1.50000000000000000000e+03) (5, -1.50000000000000000000e+03) (6, 1.41044104099273681641e+00) (0, -5.57897853851318359375e+00) (1, 3.13956093788146972656e+00) (2, 6.02030515670776367188e-01) (3, -4.70090866088867187500e+00) (4, -2.06247639656066894531e+00) (5, 6.00632548332214355469e-01) (6, 4.19814491271972656250e+00) (7, -1.94167542457580566406e+00) (8, 1.50000000000000000000e+03) (9, 1.50000000000000000000e+03) (10, 8.46717166900634765625e+00) (11, -5.30540704727172851562e+00) (7, 8.72232556343078613281e-01) (8, 1.50000000000000000000e+03) (9, 1.50000000000000000000e+03) (10, 8.56010627746582031250e+00) (11, -9.54967379570007324219e-01) (12, -2.14422082901000976562e+00) (13, -1.65728974342346191406e+00) (14, -5.80561578273773193359e-01) 
