FANN_FLO_2.1
num_layers=4
learning_rate=0.500000
connection_rate=1.000000
network_type=0
learning_momentum=0.000000
training_algorithm=2
train_error_function=1
train_stop_function=0
cascade_output_change_fraction=0.010000
quickprop_decay=-0.000100
quickprop_mu=1.750000
rprop_increase_factor=1.200000
rprop_decrease_factor=0.500000
rprop_delta_min=0.000000
rprop_delta_max=50.000000
rprop_delta_zero=0.100000
cascade_output_stagnation_epochs=12
cascade_candidate_change_fraction=0.010000
cascade_candidate_stagnation_epochs=12
cascade_max_out_epochs=150
cascade_min_out_epochs=50
cascade_max_cand_epochs=150
cascade_min_cand_epochs=50
cascade_num_candidate_groups=2
bit_fail_limit=3.49999994039535522461e-01
cascade_candidate_limit=1.00000000000000000000e+03
cascade_weight_multiplier=4.00000005960464477539e-01
cascade_activation_functions_count=10
cascade_activation_functions=3 5 7 8 10 11 14 15 16 17 
cascade_activation_steepnesses_count=4
cascade_activation_steepnesses=2.50000000000000000000e-01 5.00000000000000000000e-01 7.50000000000000000000e-01 1.00000000000000000000e+00 
layer_sizes=10 5 3 2 
scale_included=0
neurons (num_inputs, activation_function, activation_steepness)=(0, 0, 0.00000000000000000000e+00) (0, 0, 0.00000000000000000000e+00) (0, 0, 0.00000000000000000000e+00) (0, 0, 0.00000000000000000000e+00) (0, 0, 0.00000000000000000000e+00) (0, 0, 0.00000000000000000000e+00) (0, 0, 0.00000000000000000000e+00) (0, 0, 0.00000000000000000000e+00) (0, 0, 0.00000000000000000000e+00) (0, 0, 0.00000000000000000000e+00) (10, 3, 5.00000000000000000000e-01) (10, 3, 5.00000000000000000000e-01) (10, 3, 5.00000000000000000000e-01) (10, 3, 5.00000000000000000000e-01) (0, 3, 0.00000000000000000000e+00) (5, 3, 5.00000000000000000000e-01) (5, 3, 5.00000000000000000000e-01) (0, 3, 0.00000000000000000000e+00) (3, 3, 5.00000000000000000000e-01) (0, 3, 0.00000000000000000000e+00) 
connections (connected_to_neuron, weight)=(0, -2.57180843353271484375e+01) (1, 3.62032165527343750000e+01) (2, -6.04417991638183593750e+00) (3, 1.63265490531921386719e+00) (4, 2.58465766906738281250e+00) (5, 1.23369896411895751953e+00) (6, -4.23035764694213867188e+00) (7, 8.34106877446174621582e-02) (8, -2.13600015640258789062e+00) (9, -1.69729852676391601562e+00) (0, -1.93601322174072265625e+01) (1, -1.39528739452362060547e+00) (2, 8.22076737880706787109e-01) (3, 1.78533732891082763672e+00) (4, 9.34686243534088134766e-01) (5, 1.02487039566040039062e+01) (6, -6.68944954872131347656e-01) (7, -7.36726474761962890625e+00) (8, 2.33807969093322753906e+00) (9, 2.19927906990051269531e+00) (0, -2.46863136291503906250e+01) (1, -5.51186370849609375000e+00) (2, -3.09887981414794921875e+00) (3, 9.89133596420288085938e-01) (4, 2.82770824432373046875e+00) (5, 9.77420711517333984375e+00) (6, -1.94589767456054687500e+01) (7, 5.73764228820800781250e+00) (8, 4.48421955108642578125e+00) (9, -5.40143668651580810547e-01) (0, -4.59175109863281250000e+00) (1, 1.60498027801513671875e+01) (2, 1.64911103248596191406e+00) (3, 3.10303783416748046875e+00) (4, -6.36232805252075195312e+00) (5, 3.97056937217712402344e+00) (6, -1.06758384704589843750e+01) (7, -9.37979280948638916016e-01) (8, -3.28641431406140327454e-03) (9, 2.54577326774597167969e+00) (10, 5.10531473159790039062e+00) (11, 4.91889686584472656250e+01) (12, -4.40791358947753906250e+01) (13, -7.23074245452880859375e+00) (14, 1.03096306324005126953e+00) (10, -1.07259714603424072266e+00) (11, 1.50000000000000000000e+03) (12, 1.50000000000000000000e+03) (13, 1.22932404279708862305e-01) (14, -7.54293489456176757812e+00) (15, 2.57786011695861816406e+00) (16, -2.36374735832214355469e+00) (17, 6.68274343013763427734e-01) 
