FANN_FLO_2.1
num_layers=3
learning_rate=0.400000
connection_rate=1.000000
network_type=0
learning_momentum=0.000000
training_algorithm=2
train_error_function=1
train_stop_function=0
cascade_output_change_fraction=0.010000
quickprop_decay=-0.000100
quickprop_mu=1.750000
rprop_increase_factor=1.200000
rprop_decrease_factor=0.500000
rprop_delta_min=0.000000
rprop_delta_max=50.000000
rprop_delta_zero=0.100000
cascade_output_stagnation_epochs=12
cascade_candidate_change_fraction=0.010000
cascade_candidate_stagnation_epochs=12
cascade_max_out_epochs=150
cascade_min_out_epochs=50
cascade_max_cand_epochs=150
cascade_min_cand_epochs=50
cascade_num_candidate_groups=2
bit_fail_limit=3.49999994039535522461e-01
cascade_candidate_limit=1.00000000000000000000e+03
cascade_weight_multiplier=4.00000005960464477539e-01
cascade_activation_functions_count=10
cascade_activation_functions=3 5 7 8 10 11 14 15 16 17 
cascade_activation_steepnesses_count=4
cascade_activation_steepnesses=2.50000000000000000000e-01 5.00000000000000000000e-01 7.50000000000000000000e-01 1.00000000000000000000e+00 
layer_sizes=7 9 2 
scale_included=0
neurons (num_inputs, activation_function, activation_steepness)=(0, 0, 0.00000000000000000000e+00) (0, 0, 0.00000000000000000000e+00) (0, 0, 0.00000000000000000000e+00) (0, 0, 0.00000000000000000000e+00) (0, 0, 0.00000000000000000000e+00) (0, 0, 0.00000000000000000000e+00) (0, 0, 0.00000000000000000000e+00) (7, 3, 5.00000000000000000000e-01) (7, 3, 5.00000000000000000000e-01) (7, 3, 5.00000000000000000000e-01) (7, 3, 5.00000000000000000000e-01) (7, 3, 5.00000000000000000000e-01) (7, 3, 5.00000000000000000000e-01) (7, 3, 5.00000000000000000000e-01) (7, 3, 5.00000000000000000000e-01) (0, 3, 0.00000000000000000000e+00) (9, 3, 5.00000000000000000000e-01) (0, 3, 0.00000000000000000000e+00) 
connections (connected_to_neuron, weight)=(0, 1.76592350006103515625e+01) (1, 1.75723695755004882812e+00) (2, 1.56526541709899902344e+00) (3, -3.76721286773681640625e+00) (4, -3.47553181648254394531e+00) (5, -4.29924392700195312500e+00) (6, 1.43630278110504150391e+00) (0, 2.74104061126708984375e+01) (1, 1.58920407295227050781e+00) (2, 1.41326463222503662109e+00) (3, -9.04809951782226562500e+00) (4, -2.62138676643371582031e+00) (5, 1.67118832468986511230e-01) (6, 2.30759644508361816406e+00) (0, 1.04043507575988769531e+00) (1, 3.18269944190979003906e+00) (2, 2.83053255081176757812e+00) (3, -1.81559181213378906250e+00) (4, 5.78037166595458984375e+00) (5, -1.21454067230224609375e+01) (6, 4.41435766220092773438e+00) (0, -5.39905011653900146484e-01) (1, -9.65274453163146972656e-01) (2, 1.12380564212799072266e+00) (3, -3.55790734291076660156e-01) (4, 3.98466515541076660156e+00) (5, 6.31571531295776367188e-01) (6, -1.19729351997375488281e+00) (0, -4.42683792114257812500e+00) (1, 1.05819702148437500000e+00) (2, 1.88050162792205810547e+00) (3, -2.28422760963439941406e+00) (4, -2.54650044441223144531e+00) (5, 4.24120128154754638672e-01) (6, 5.20434617996215820312e-01) (0, 1.77011978626251220703e+00) (1, 1.71359586715698242188e+00) (2, 3.04529118537902832031e+00) (3, -8.90563678741455078125e+00) (4, 1.30356693267822265625e+00) (5, -2.37646913528442382812e+00) (6, 2.50330758094787597656e+00) (0, 7.44788050651550292969e-01) (1, -5.87237417697906494141e-01) (2, -1.23202323913574218750e-01) (3, 5.47690927982330322266e-01) (4, 3.65498852729797363281e+00) (5, 4.28854256868362426758e-01) (6, -4.32630866765975952148e-01) (0, 2.67607712745666503906e+00) (1, 3.89635872840881347656e+00) (2, 5.69226453080773353577e-03) (3, 1.18138921260833740234e+00) (4, -2.31773357391357421875e+01) (5, 1.54864482879638671875e+01) (6, 8.14719736576080322266e-01) (7, -9.60769295692443847656e-01) (8, -5.96724212169647216797e-01) (9, -1.94081747531890869141e+00) (10, 2.16004037857055664062e+00) (11, -1.77819240093231201172e+00) (12, -1.00606763362884521484e+00) (13, 1.86534941196441650391e+00) (14, -1.34038734436035156250e+00) (15, 7.50605881214141845703e-01) 
