FANN_FLO_2.1
num_layers=4
learning_rate=0.500000
connection_rate=1.000000
network_type=0
learning_momentum=0.000000
training_algorithm=2
train_error_function=1
train_stop_function=0
cascade_output_change_fraction=0.010000
quickprop_decay=-0.000100
quickprop_mu=1.750000
rprop_increase_factor=1.200000
rprop_decrease_factor=0.500000
rprop_delta_min=0.000000
rprop_delta_max=50.000000
rprop_delta_zero=0.100000
cascade_output_stagnation_epochs=12
cascade_candidate_change_fraction=0.010000
cascade_candidate_stagnation_epochs=12
cascade_max_out_epochs=150
cascade_min_out_epochs=50
cascade_max_cand_epochs=150
cascade_min_cand_epochs=50
cascade_num_candidate_groups=2
bit_fail_limit=3.49999994039535522461e-01
cascade_candidate_limit=1.00000000000000000000e+03
cascade_weight_multiplier=4.00000005960464477539e-01
cascade_activation_functions_count=10
cascade_activation_functions=3 5 7 8 10 11 14 15 16 17 
cascade_activation_steepnesses_count=4
cascade_activation_steepnesses=2.50000000000000000000e-01 5.00000000000000000000e-01 7.50000000000000000000e-01 1.00000000000000000000e+00 
layer_sizes=10 3 3 2 
scale_included=0
neurons (num_inputs, activation_function, activation_steepness)=(0, 0, 0.00000000000000000000e+00) (0, 0, 0.00000000000000000000e+00) (0, 0, 0.00000000000000000000e+00) (0, 0, 0.00000000000000000000e+00) (0, 0, 0.00000000000000000000e+00) (0, 0, 0.00000000000000000000e+00) (0, 0, 0.00000000000000000000e+00) (0, 0, 0.00000000000000000000e+00) (0, 0, 0.00000000000000000000e+00) (0, 0, 0.00000000000000000000e+00) (10, 3, 5.00000000000000000000e-01) (10, 3, 5.00000000000000000000e-01) (0, 3, 0.00000000000000000000e+00) (3, 3, 5.00000000000000000000e-01) (3, 3, 5.00000000000000000000e-01) (0, 3, 0.00000000000000000000e+00) (3, 3, 5.00000000000000000000e-01) (0, 3, 0.00000000000000000000e+00) 
connections (connected_to_neuron, weight)=(0, -1.73574149608612060547e+00) (1, 7.66617119312286376953e-01) (2, -3.08902573585510253906e+00) (3, -1.84962546825408935547e+00) (4, 6.23289728164672851562e+00) (5, 1.27773880958557128906e-01) (6, -3.46201211214065551758e-01) (7, -6.38377237319946289062e+00) (8, -1.49403738975524902344e+00) (9, 3.37496638298034667969e+00) (0, 4.66874053955078125000e+02) (1, 1.92538185119628906250e+01) (2, -1.17046489715576171875e+01) (3, -1.98778724670410156250e+01) (4, -1.48365001678466796875e+01) (5, -2.93578445911407470703e-01) (6, -3.01104766845703125000e+02) (7, -1.78786907196044921875e+01) (8, -1.74065170288085937500e+01) (9, -5.51533508300781250000e+00) (10, 3.86222801208496093750e+01) (11, -9.00149822235107421875e+00) (12, -3.53003644943237304688e+00) (10, 3.72802085876464843750e+01) (11, -2.57700862884521484375e+01) (12, 1.22213780879974365234e+00) (13, 1.40428972244262695312e+00) (14, 5.57350456714630126953e-01) (15, -1.08975994586944580078e+00) 
