FANN_FLO_2.1
num_layers=3
learning_rate=0.400000
connection_rate=1.000000
network_type=0
learning_momentum=0.000000
training_algorithm=2
train_error_function=1
train_stop_function=0
cascade_output_change_fraction=0.010000
quickprop_decay=-0.000100
quickprop_mu=1.750000
rprop_increase_factor=1.200000
rprop_decrease_factor=0.500000
rprop_delta_min=0.000000
rprop_delta_max=50.000000
rprop_delta_zero=0.100000
cascade_output_stagnation_epochs=12
cascade_candidate_change_fraction=0.010000
cascade_candidate_stagnation_epochs=12
cascade_max_out_epochs=150
cascade_min_out_epochs=50
cascade_max_cand_epochs=150
cascade_min_cand_epochs=50
cascade_num_candidate_groups=2
bit_fail_limit=3.49999994039535522461e-01
cascade_candidate_limit=1.00000000000000000000e+03
cascade_weight_multiplier=4.00000005960464477539e-01
cascade_activation_functions_count=10
cascade_activation_functions=3 5 7 8 10 11 14 15 16 17 
cascade_activation_steepnesses_count=4
cascade_activation_steepnesses=2.50000000000000000000e-01 5.00000000000000000000e-01 7.50000000000000000000e-01 1.00000000000000000000e+00 
layer_sizes=7 5 2 
scale_included=0
neurons (num_inputs, activation_function, activation_steepness)=(0, 0, 0.00000000000000000000e+00) (0, 0, 0.00000000000000000000e+00) (0, 0, 0.00000000000000000000e+00) (0, 0, 0.00000000000000000000e+00) (0, 0, 0.00000000000000000000e+00) (0, 0, 0.00000000000000000000e+00) (0, 0, 0.00000000000000000000e+00) (7, 3, 5.00000000000000000000e-01) (7, 3, 5.00000000000000000000e-01) (7, 3, 5.00000000000000000000e-01) (7, 3, 5.00000000000000000000e-01) (0, 3, 0.00000000000000000000e+00) (5, 3, 5.00000000000000000000e-01) (0, 3, 0.00000000000000000000e+00) 
connections (connected_to_neuron, weight)=(0, -1.03150825500488281250e+01) (1, 9.20773315429687500000e+00) (2, -6.62289094924926757812e+00) (3, -1.83818471431732177734e+00) (4, -5.34382641315460205078e-01) (5, 4.52244186401367187500e+00) (6, 1.87765049934387207031e+00) (0, 6.07205820083618164062e+00) (1, -5.97231006622314453125e+00) (2, 4.22938728332519531250e+00) (3, -2.25843214988708496094e+00) (4, 4.13705945014953613281e-01) (5, -2.37889981269836425781e+00) (6, 2.49946808815002441406e+00) (0, -1.47184455394744873047e+00) (1, -4.22588920593261718750e+00) (2, 1.42794609069824218750e+00) (3, 1.07811918258666992188e+01) (4, -8.93807411193847656250e+00) (5, -1.82016623020172119141e+00) (6, 2.95251107215881347656e+00) (0, -4.77622032165527343750e+00) (1, -8.83457374572753906250e+00) (2, 9.42665252685546875000e+01) (3, -8.53206825256347656250e+00) (4, -3.77194213867187500000e+00) (5, 6.70346212387084960938e+00) (6, 7.85880947113037109375e+00) (7, -4.17109251022338867188e+00) (8, -4.55925893783569335938e+00) (9, -9.13987874984741210938e-01) (10, -3.27508717775344848633e-01) (11, 3.78099799156188964844e+00) 
