FANN_FLO_2.1
num_layers=3
learning_rate=0.400000
connection_rate=1.000000
network_type=0
learning_momentum=0.000000
training_algorithm=2
train_error_function=1
train_stop_function=0
cascade_output_change_fraction=0.010000
quickprop_decay=-0.000100
quickprop_mu=1.750000
rprop_increase_factor=1.200000
rprop_decrease_factor=0.500000
rprop_delta_min=0.000000
rprop_delta_max=50.000000
rprop_delta_zero=0.100000
cascade_output_stagnation_epochs=12
cascade_candidate_change_fraction=0.010000
cascade_candidate_stagnation_epochs=12
cascade_max_out_epochs=150
cascade_min_out_epochs=50
cascade_max_cand_epochs=150
cascade_min_cand_epochs=50
cascade_num_candidate_groups=2
bit_fail_limit=3.49999994039535522461e-01
cascade_candidate_limit=1.00000000000000000000e+03
cascade_weight_multiplier=4.00000005960464477539e-01
cascade_activation_functions_count=10
cascade_activation_functions=3 5 7 8 10 11 14 15 16 17 
cascade_activation_steepnesses_count=4
cascade_activation_steepnesses=2.50000000000000000000e-01 5.00000000000000000000e-01 7.50000000000000000000e-01 1.00000000000000000000e+00 
layer_sizes=7 9 2 
scale_included=0
neurons (num_inputs, activation_function, activation_steepness)=(0, 0, 0.00000000000000000000e+00) (0, 0, 0.00000000000000000000e+00) (0, 0, 0.00000000000000000000e+00) (0, 0, 0.00000000000000000000e+00) (0, 0, 0.00000000000000000000e+00) (0, 0, 0.00000000000000000000e+00) (0, 0, 0.00000000000000000000e+00) (7, 3, 5.00000000000000000000e-01) (7, 3, 5.00000000000000000000e-01) (7, 3, 5.00000000000000000000e-01) (7, 3, 5.00000000000000000000e-01) (7, 3, 5.00000000000000000000e-01) (7, 3, 5.00000000000000000000e-01) (7, 3, 5.00000000000000000000e-01) (7, 3, 5.00000000000000000000e-01) (0, 3, 0.00000000000000000000e+00) (9, 3, 5.00000000000000000000e-01) (0, 3, 0.00000000000000000000e+00) 
connections (connected_to_neuron, weight)=(0, 1.47933359146118164062e+01) (1, -1.55225200653076171875e+01) (2, 5.37996101379394531250e+00) (3, -1.90425276756286621094e+00) (4, -1.17050573229789733887e-01) (5, -6.46814155578613281250e+00) (6, 6.94484901428222656250e+00) (0, 1.28397786617279052734e+00) (1, 4.54341977834701538086e-01) (2, 1.32876424789428710938e+01) (3, -4.67208528518676757812e+00) (4, 4.31898736953735351562e+00) (5, 2.15396523475646972656e+00) (6, -7.95438718795776367188e+00) (0, -4.96393823623657226562e+00) (1, 1.28382158279418945312e+00) (2, 7.54990291595458984375e+00) (3, -3.06643486022949218750e+01) (4, 8.23693084716796875000e+00) (5, -1.90253305435180664062e+00) (6, 1.57558009028434753418e-01) (0, 4.45210821926593780518e-02) (1, 1.58900856971740722656e-01) (2, -1.95336189270019531250e+01) (3, -3.24519491195678710938e+00) (4, -1.16336095333099365234e+00) (5, 2.84473252296447753906e+00) (6, -2.26282820105552673340e-01) (0, 5.29884243011474609375e+00) (1, 2.60770988464355468750e+00) (2, -1.90338268280029296875e+01) (3, -3.94039511680603027344e+00) (4, -2.35633802413940429688e+00) (5, 5.74887454509735107422e-01) (6, -3.81067276000976562500e+00) (0, -4.89725112915039062500e+00) (1, -3.64616727828979492188e+00) (2, 1.03992633819580078125e+01) (3, -3.79045224189758300781e+00) (4, -5.78830528259277343750e+00) (5, 5.84622085094451904297e-01) (6, 1.03956823348999023438e+01) (0, 1.13156366348266601562e+00) (1, 3.69005113840103149414e-01) (2, -1.53949899673461914062e+01) (3, -4.00620746612548828125e+00) (4, -1.32283961772918701172e+00) (5, 1.04838788509368896484e+00) (6, 1.07174491882324218750e+00) (0, -1.86148567199707031250e+01) (1, 1.73808116912841796875e+01) (2, -7.99121189117431640625e+00) (3, -2.22650337219238281250e+00) (4, -1.35739469528198242188e+00) (5, 4.49678850173950195312e+00) (6, 1.60492515563964843750e+00) (7, -3.68743872642517089844e+00) (8, -1.39284801483154296875e+00) (9, -8.86916160583496093750e-01) (10, -5.17431795597076416016e-01) (11, -5.90213954448699951172e-01) (12, -8.37308287620544433594e-01) (13, 8.29782187938690185547e-01) (14, -3.48275184631347656250e+00) (15, 2.49371600151062011719e+00) 
