FANN_FLO_2.1
num_layers=3
learning_rate=0.500000
connection_rate=1.000000
network_type=0
learning_momentum=0.000000
training_algorithm=2
train_error_function=1
train_stop_function=0
cascade_output_change_fraction=0.010000
quickprop_decay=-0.000100
quickprop_mu=1.750000
rprop_increase_factor=1.200000
rprop_decrease_factor=0.500000
rprop_delta_min=0.000000
rprop_delta_max=50.000000
rprop_delta_zero=0.100000
cascade_output_stagnation_epochs=12
cascade_candidate_change_fraction=0.010000
cascade_candidate_stagnation_epochs=12
cascade_max_out_epochs=150
cascade_min_out_epochs=50
cascade_max_cand_epochs=150
cascade_min_cand_epochs=50
cascade_num_candidate_groups=2
bit_fail_limit=3.49999994039535522461e-01
cascade_candidate_limit=1.00000000000000000000e+03
cascade_weight_multiplier=4.00000005960464477539e-01
cascade_activation_functions_count=10
cascade_activation_functions=3 5 7 8 10 11 14 15 16 17 
cascade_activation_steepnesses_count=4
cascade_activation_steepnesses=2.50000000000000000000e-01 5.00000000000000000000e-01 7.50000000000000000000e-01 1.00000000000000000000e+00 
layer_sizes=10 5 2 
scale_included=0
neurons (num_inputs, activation_function, activation_steepness)=(0, 0, 0.00000000000000000000e+00) (0, 0, 0.00000000000000000000e+00) (0, 0, 0.00000000000000000000e+00) (0, 0, 0.00000000000000000000e+00) (0, 0, 0.00000000000000000000e+00) (0, 0, 0.00000000000000000000e+00) (0, 0, 0.00000000000000000000e+00) (0, 0, 0.00000000000000000000e+00) (0, 0, 0.00000000000000000000e+00) (0, 0, 0.00000000000000000000e+00) (10, 3, 5.00000000000000000000e-01) (10, 3, 5.00000000000000000000e-01) (10, 3, 5.00000000000000000000e-01) (10, 3, 5.00000000000000000000e-01) (0, 3, 0.00000000000000000000e+00) (5, 3, 5.00000000000000000000e-01) (0, 3, 0.00000000000000000000e+00) 
connections (connected_to_neuron, weight)=(0, -3.80990173339843750000e+02) (1, -7.60750244140625000000e+02) (2, -1.49286596679687500000e+03) (3, 2.37387597560882568359e-01) (4, 2.92911100387573242188e+00) (5, -2.97435363769531250000e+02) (6, 1.02505297851562500000e+03) (7, 2.18051671981811523438e+00) (8, 1.33884838867187500000e+03) (9, 2.53099656105041503906e+00) (0, -9.40955042839050292969e-01) (1, -7.76170110702514648438e+00) (2, -7.72100612521171569824e-02) (3, 5.38093090057373046875e+00) (4, -5.61374998092651367188e+00) (5, 1.15284204483032226562e+00) (6, -1.01269781589508056641e+00) (7, 9.43214130401611328125e+00) (8, -3.81414651870727539062e-01) (9, -3.83063644170761108398e-01) (0, -1.50000000000000000000e+03) (1, -3.16485214233398437500e+01) (2, -1.08983631134033203125e+01) (3, -6.13549194335937500000e+01) (4, 1.97908830642700195312e+00) (5, -2.22696661949157714844e+00) (6, 1.18708789062500000000e+03) (7, 1.19761967658996582031e+00) (8, 3.65501937866210937500e+01) (9, 2.66405701637268066406e+00) (0, -1.44386010742187500000e+03) (1, -1.47568457031250000000e+03) (2, -1.43514685058593750000e+03) (3, 2.88983136415481567383e-01) (4, 2.78506612777709960938e+00) (5, 9.16429340839385986328e-01) (6, 1.50000000000000000000e+03) (7, 1.08090014648437500000e+03) (8, 1.50000000000000000000e+03) (9, 3.24819013476371765137e-02) (10, 2.18805694580078125000e+00) (11, -4.62061119079589843750e+00) (12, 1.95208680629730224609e+00) (13, 1.62404149770736694336e-01) (14, 1.14827847480773925781e+00) 
