FANN_FLO_2.1
num_layers=3
learning_rate=0.500000
connection_rate=1.000000
network_type=0
learning_momentum=0.000000
training_algorithm=2
train_error_function=1
train_stop_function=0
cascade_output_change_fraction=0.010000
quickprop_decay=-0.000100
quickprop_mu=1.750000
rprop_increase_factor=1.200000
rprop_decrease_factor=0.500000
rprop_delta_min=0.000000
rprop_delta_max=50.000000
rprop_delta_zero=0.100000
cascade_output_stagnation_epochs=12
cascade_candidate_change_fraction=0.010000
cascade_candidate_stagnation_epochs=12
cascade_max_out_epochs=150
cascade_min_out_epochs=50
cascade_max_cand_epochs=150
cascade_min_cand_epochs=50
cascade_num_candidate_groups=2
bit_fail_limit=3.49999994039535522461e-01
cascade_candidate_limit=1.00000000000000000000e+03
cascade_weight_multiplier=4.00000005960464477539e-01
cascade_activation_functions_count=10
cascade_activation_functions=3 5 7 8 10 11 14 15 16 17 
cascade_activation_steepnesses_count=4
cascade_activation_steepnesses=2.50000000000000000000e-01 5.00000000000000000000e-01 7.50000000000000000000e-01 1.00000000000000000000e+00 
layer_sizes=10 5 2 
scale_included=0
neurons (num_inputs, activation_function, activation_steepness)=(0, 0, 0.00000000000000000000e+00) (0, 0, 0.00000000000000000000e+00) (0, 0, 0.00000000000000000000e+00) (0, 0, 0.00000000000000000000e+00) (0, 0, 0.00000000000000000000e+00) (0, 0, 0.00000000000000000000e+00) (0, 0, 0.00000000000000000000e+00) (0, 0, 0.00000000000000000000e+00) (0, 0, 0.00000000000000000000e+00) (0, 0, 0.00000000000000000000e+00) (10, 3, 5.00000000000000000000e-01) (10, 3, 5.00000000000000000000e-01) (10, 3, 5.00000000000000000000e-01) (10, 3, 5.00000000000000000000e-01) (0, 3, 0.00000000000000000000e+00) (5, 3, 5.00000000000000000000e-01) (0, 3, 0.00000000000000000000e+00) 
connections (connected_to_neuron, weight)=(0, 1.45115053653717041016e+00) (1, 9.27558326721191406250e+00) (2, 1.86848866939544677734e+00) (3, 3.48701405525207519531e+00) (4, -3.76988077163696289062e+00) (5, -2.15518069267272949219e+00) (6, -1.47189607620239257812e+01) (7, -3.01262259483337402344e-01) (8, 1.77724063396453857422e-02) (9, 1.32868504524230957031e+00) (0, -8.12538433074951171875e+00) (1, 4.88254725933074951172e-02) (2, -4.03959035873413085938e+00) (3, -5.47957241535186767578e-01) (4, -3.78434205055236816406e+00) (5, -9.97874379158020019531e-01) (6, 6.32013416290283203125e+00) (7, 6.06455993652343750000e+00) (8, -1.95894017815589904785e-01) (9, 7.39461183547973632812e-01) (0, -9.72694456577301025391e-01) (1, 1.57256424427032470703e+00) (2, 3.69055837392807006836e-01) (3, 5.27785837650299072266e-01) (4, -8.72343635559082031250e+00) (5, -8.80095243453979492188e-01) (6, 3.84788703918457031250e+00) (7, 2.67887282371520996094e+00) (8, -4.89630079269409179688e+00) (9, 5.86570620536804199219e-01) (0, -3.86740148067474365234e-01) (1, 3.27142924070358276367e-01) (2, 8.06999579071998596191e-02) (3, 6.18076467514038085938e+00) (4, -6.78792762756347656250e+00) (5, -1.94344317913055419922e+00) (6, 3.34875732660293579102e-01) (7, 2.80849885940551757812e+00) (8, -2.07630991935729980469e+00) (9, 2.52695769071578979492e-01) (10, 2.85443568229675292969e+00) (11, 3.08716106414794921875e+00) (12, 7.88894653320312500000e-01) (13, 1.57838344573974609375e+00) (14, -2.76296567916870117188e+00) 
