FANN_FLO_2.1
num_layers=3
learning_rate=0.400000
connection_rate=1.000000
network_type=0
learning_momentum=0.000000
training_algorithm=2
train_error_function=1
train_stop_function=0
cascade_output_change_fraction=0.010000
quickprop_decay=-0.000100
quickprop_mu=1.750000
rprop_increase_factor=1.200000
rprop_decrease_factor=0.500000
rprop_delta_min=0.000000
rprop_delta_max=50.000000
rprop_delta_zero=0.100000
cascade_output_stagnation_epochs=12
cascade_candidate_change_fraction=0.010000
cascade_candidate_stagnation_epochs=12
cascade_max_out_epochs=150
cascade_min_out_epochs=50
cascade_max_cand_epochs=150
cascade_min_cand_epochs=50
cascade_num_candidate_groups=2
bit_fail_limit=3.49999994039535522461e-01
cascade_candidate_limit=1.00000000000000000000e+03
cascade_weight_multiplier=4.00000005960464477539e-01
cascade_activation_functions_count=10
cascade_activation_functions=3 5 7 8 10 11 14 15 16 17 
cascade_activation_steepnesses_count=4
cascade_activation_steepnesses=2.50000000000000000000e-01 5.00000000000000000000e-01 7.50000000000000000000e-01 1.00000000000000000000e+00 
layer_sizes=7 5 2 
scale_included=0
neurons (num_inputs, activation_function, activation_steepness)=(0, 0, 0.00000000000000000000e+00) (0, 0, 0.00000000000000000000e+00) (0, 0, 0.00000000000000000000e+00) (0, 0, 0.00000000000000000000e+00) (0, 0, 0.00000000000000000000e+00) (0, 0, 0.00000000000000000000e+00) (0, 0, 0.00000000000000000000e+00) (7, 3, 5.00000000000000000000e-01) (7, 3, 5.00000000000000000000e-01) (7, 3, 5.00000000000000000000e-01) (7, 3, 5.00000000000000000000e-01) (0, 3, 0.00000000000000000000e+00) (5, 3, 5.00000000000000000000e-01) (0, 3, 0.00000000000000000000e+00) 
connections (connected_to_neuron, weight)=(0, -6.41902589797973632812e+00) (1, 4.35469341278076171875e+00) (2, -2.70765228271484375000e+01) (3, 4.22733962535858154297e-01) (4, 1.14236736297607421875e+00) (5, 1.50000000000000000000e+03) (6, 1.06941545009613037109e+00) (0, -1.70149528980255126953e+00) (1, -6.43703384399414062500e+01) (2, -8.90744149684906005859e-01) (3, -2.73692107200622558594e+00) (4, -1.47715318202972412109e+00) (5, 2.77896385192871093750e+01) (6, 1.14914166927337646484e+00) (0, 9.19886875152587890625e+00) (1, -8.58889389038085937500e+00) (2, 1.50199184417724609375e+01) (3, -2.98881959915161132812e+00) (4, -4.67596411705017089844e-01) (5, -1.05140316486358642578e+00) (6, 9.97849881649017333984e-01) (0, -1.51301889419555664062e+01) (1, 1.38457450866699218750e+01) (2, 4.74801254272460937500e+00) (3, -1.60911500453948974609e+00) (4, -2.00370335578918457031e+00) (5, -5.83448123931884765625e+00) (6, 9.48831140995025634766e-01) (7, -2.77468824386596679688e+00) (8, -2.62365865707397460938e+00) (9, -2.78152608871459960938e+00) (10, -5.12724399566650390625e+00) (11, 1.35951721668243408203e+00) 
