FANN_FLO_2.1
num_layers=3
learning_rate=0.500000
connection_rate=1.000000
network_type=0
learning_momentum=0.000000
training_algorithm=2
train_error_function=1
train_stop_function=0
cascade_output_change_fraction=0.010000
quickprop_decay=-0.000100
quickprop_mu=1.750000
rprop_increase_factor=1.200000
rprop_decrease_factor=0.500000
rprop_delta_min=0.000000
rprop_delta_max=50.000000
rprop_delta_zero=0.100000
cascade_output_stagnation_epochs=12
cascade_candidate_change_fraction=0.010000
cascade_candidate_stagnation_epochs=12
cascade_max_out_epochs=150
cascade_min_out_epochs=50
cascade_max_cand_epochs=150
cascade_min_cand_epochs=50
cascade_num_candidate_groups=2
bit_fail_limit=3.49999994039535522461e-01
cascade_candidate_limit=1.00000000000000000000e+03
cascade_weight_multiplier=4.00000005960464477539e-01
cascade_activation_functions_count=10
cascade_activation_functions=3 5 7 8 10 11 14 15 16 17 
cascade_activation_steepnesses_count=4
cascade_activation_steepnesses=2.50000000000000000000e-01 5.00000000000000000000e-01 7.50000000000000000000e-01 1.00000000000000000000e+00 
layer_sizes=10 3 2 
scale_included=0
neurons (num_inputs, activation_function, activation_steepness)=(0, 0, 0.00000000000000000000e+00) (0, 0, 0.00000000000000000000e+00) (0, 0, 0.00000000000000000000e+00) (0, 0, 0.00000000000000000000e+00) (0, 0, 0.00000000000000000000e+00) (0, 0, 0.00000000000000000000e+00) (0, 0, 0.00000000000000000000e+00) (0, 0, 0.00000000000000000000e+00) (0, 0, 0.00000000000000000000e+00) (0, 0, 0.00000000000000000000e+00) (10, 3, 5.00000000000000000000e-01) (10, 3, 5.00000000000000000000e-01) (0, 3, 0.00000000000000000000e+00) (3, 3, 5.00000000000000000000e-01) (0, 3, 0.00000000000000000000e+00) 
connections (connected_to_neuron, weight)=(0, -4.74929511547088623047e-01) (1, 3.01781826019287109375e+01) (2, -3.11190185546875000000e+01) (3, -1.15912303924560546875e+01) (4, 1.83460865020751953125e+01) (5, 3.33017120361328125000e+01) (6, 7.88820013403892517090e-02) (7, -1.33533964157104492188e+01) (8, -1.49484195709228515625e+01) (9, -3.07350945472717285156e+00) (0, 1.26269702911376953125e+01) (1, 3.86742019653320312500e+01) (2, -2.96513118743896484375e+01) (3, -5.16857643127441406250e+01) (4, 7.22217750549316406250e+00) (5, 2.86947689056396484375e+01) (6, 3.48346023559570312500e+01) (7, -3.17180900573730468750e+01) (8, 3.86166343688964843750e+01) (9, -1.10719165802001953125e+01) (10, 2.62895488739013671875e+00) (11, 1.18259944021701812744e-01) (12, -1.79126775264739990234e+00) 
