FANN_FLO_2.1
num_layers=3
learning_rate=0.400000
connection_rate=1.000000
network_type=0
learning_momentum=0.000000
training_algorithm=2
train_error_function=1
train_stop_function=0
cascade_output_change_fraction=0.010000
quickprop_decay=-0.000100
quickprop_mu=1.750000
rprop_increase_factor=1.200000
rprop_decrease_factor=0.500000
rprop_delta_min=0.000000
rprop_delta_max=50.000000
rprop_delta_zero=0.100000
cascade_output_stagnation_epochs=12
cascade_candidate_change_fraction=0.010000
cascade_candidate_stagnation_epochs=12
cascade_max_out_epochs=150
cascade_min_out_epochs=50
cascade_max_cand_epochs=150
cascade_min_cand_epochs=50
cascade_num_candidate_groups=2
bit_fail_limit=3.49999994039535522461e-01
cascade_candidate_limit=1.00000000000000000000e+03
cascade_weight_multiplier=4.00000005960464477539e-01
cascade_activation_functions_count=10
cascade_activation_functions=3 5 7 8 10 11 14 15 16 17 
cascade_activation_steepnesses_count=4
cascade_activation_steepnesses=2.50000000000000000000e-01 5.00000000000000000000e-01 7.50000000000000000000e-01 1.00000000000000000000e+00 
layer_sizes=7 5 2 
scale_included=0
neurons (num_inputs, activation_function, activation_steepness)=(0, 0, 0.00000000000000000000e+00) (0, 0, 0.00000000000000000000e+00) (0, 0, 0.00000000000000000000e+00) (0, 0, 0.00000000000000000000e+00) (0, 0, 0.00000000000000000000e+00) (0, 0, 0.00000000000000000000e+00) (0, 0, 0.00000000000000000000e+00) (7, 3, 5.00000000000000000000e-01) (7, 3, 5.00000000000000000000e-01) (7, 3, 5.00000000000000000000e-01) (7, 3, 5.00000000000000000000e-01) (0, 3, 0.00000000000000000000e+00) (5, 3, 5.00000000000000000000e-01) (0, 3, 0.00000000000000000000e+00) 
connections (connected_to_neuron, weight)=(0, 4.65603828430175781250e-01) (1, -2.96774506568908691406e+00) (2, -3.35593104362487792969e+00) (3, 3.08677649497985839844e+00) (4, -3.59831404685974121094e+00) (5, 8.33235454559326171875e+00) (6, -2.88543748855590820312e+00) (0, -2.32958817481994628906e+00) (1, -1.57617020606994628906e+00) (2, 2.52707910537719726562e+00) (3, 5.86735105514526367188e+00) (4, 1.22287130355834960938e+00) (5, -2.11665487289428710938e+00) (6, -4.67751359939575195312e+00) (0, -6.06072306632995605469e-01) (1, -1.82473683357238769531e+00) (2, 2.15847992897033691406e+00) (3, -5.97484111785888671875e+00) (4, 1.01572599411010742188e+01) (5, -1.03456234931945800781e+00) (6, -3.36240434646606445312e+00) (0, -2.61997556686401367188e+00) (1, -3.52637457847595214844e+00) (2, -3.71063947677612304688e+00) (3, 1.81118571758270263672e+00) (4, 1.63428020477294921875e+00) (5, 1.82661736011505126953e+00) (6, -2.06527280807495117188e+00) (7, 2.37490415573120117188e+00) (8, 2.70656800270080566406e+00) (9, 2.45396304130554199219e+00) (10, 4.95604610443115234375e+00) (11, -2.77310657501220703125e+00) 
