FANN_FLO_2.1
num_layers=4
learning_rate=0.500000
connection_rate=1.000000
network_type=0
learning_momentum=0.000000
training_algorithm=2
train_error_function=1
train_stop_function=0
cascade_output_change_fraction=0.010000
quickprop_decay=-0.000100
quickprop_mu=1.750000
rprop_increase_factor=1.200000
rprop_decrease_factor=0.500000
rprop_delta_min=0.000000
rprop_delta_max=50.000000
rprop_delta_zero=0.100000
cascade_output_stagnation_epochs=12
cascade_candidate_change_fraction=0.010000
cascade_candidate_stagnation_epochs=12
cascade_max_out_epochs=150
cascade_min_out_epochs=50
cascade_max_cand_epochs=150
cascade_min_cand_epochs=50
cascade_num_candidate_groups=2
bit_fail_limit=3.49999994039535522461e-01
cascade_candidate_limit=1.00000000000000000000e+03
cascade_weight_multiplier=4.00000005960464477539e-01
cascade_activation_functions_count=10
cascade_activation_functions=3 5 7 8 10 11 14 15 16 17 
cascade_activation_steepnesses_count=4
cascade_activation_steepnesses=2.50000000000000000000e-01 5.00000000000000000000e-01 7.50000000000000000000e-01 1.00000000000000000000e+00 
layer_sizes=10 5 3 2 
scale_included=0
neurons (num_inputs, activation_function, activation_steepness)=(0, 0, 0.00000000000000000000e+00) (0, 0, 0.00000000000000000000e+00) (0, 0, 0.00000000000000000000e+00) (0, 0, 0.00000000000000000000e+00) (0, 0, 0.00000000000000000000e+00) (0, 0, 0.00000000000000000000e+00) (0, 0, 0.00000000000000000000e+00) (0, 0, 0.00000000000000000000e+00) (0, 0, 0.00000000000000000000e+00) (0, 0, 0.00000000000000000000e+00) (10, 3, 5.00000000000000000000e-01) (10, 3, 5.00000000000000000000e-01) (10, 3, 5.00000000000000000000e-01) (10, 3, 5.00000000000000000000e-01) (0, 3, 0.00000000000000000000e+00) (5, 3, 5.00000000000000000000e-01) (5, 3, 5.00000000000000000000e-01) (0, 3, 0.00000000000000000000e+00) (3, 3, 5.00000000000000000000e-01) (0, 3, 0.00000000000000000000e+00) 
connections (connected_to_neuron, weight)=(0, -1.08310602605342864990e-01) (1, -1.80565905570983886719e+00) (2, -9.85960960388183593750e-01) (3, -4.58863735198974609375e-01) (4, 9.47201728820800781250e-01) (5, -4.12623077630996704102e-01) (6, -1.51247650384902954102e-01) (7, -6.77483320236206054688e+00) (8, 6.24076557159423828125e+00) (9, 3.96758580207824707031e+00) (0, 4.42120879888534545898e-01) (1, -8.43651390075683593750e+00) (2, 2.19250893592834472656e+00) (3, 7.65507161617279052734e-01) (4, -7.19968080520629882812e-01) (5, -2.43872553110122680664e-02) (6, 5.22896289825439453125e-01) (7, 6.73432970046997070312e+00) (8, 3.35056638717651367188e+00) (9, -2.25497865676879882812e+00) (0, 4.22978937625885009766e-01) (1, -9.32623291015625000000e+00) (2, 1.65324306488037109375e+00) (3, 7.86297678947448730469e-01) (4, -8.87880384922027587891e-01) (5, 8.71818661689758300781e-01) (6, 1.47041350603103637695e-01) (7, 9.41486167907714843750e+00) (8, 1.73963284492492675781e+00) (9, -2.09595918655395507812e+00) (0, 9.74104225635528564453e-01) (1, 2.48419837951660156250e+01) (2, 2.20313816070556640625e+01) (3, 2.57552146911621093750e+00) (4, 7.22745776176452636719e-01) (5, 2.56523203849792480469e+00) (6, -3.58461685180664062500e+01) (7, 1.45646527409553527832e-01) (8, -1.15530300140380859375e+01) (9, 1.39330112934112548828e+00) (10, 6.59073448181152343750e+00) (11, -9.53777217864990234375e+00) (12, -5.57017707824707031250e+00) (13, -9.13106426596641540527e-02) (14, 9.91995856165885925293e-02) (10, 4.88742971420288085938e+00) (11, -1.01745855808258056641e+00) (12, -6.33112967014312744141e-01) (13, -6.28471994400024414062e+00) (14, 4.83207285404205322266e-01) (15, 1.50196993350982666016e+00) (16, 2.07174587249755859375e+00) (17, -1.14364695549011230469e+00) 
