FANN_FLO_2.1
num_layers=4
learning_rate=0.500000
connection_rate=1.000000
network_type=0
learning_momentum=0.000000
training_algorithm=2
train_error_function=1
train_stop_function=0
cascade_output_change_fraction=0.010000
quickprop_decay=-0.000100
quickprop_mu=1.750000
rprop_increase_factor=1.200000
rprop_decrease_factor=0.500000
rprop_delta_min=0.000000
rprop_delta_max=50.000000
rprop_delta_zero=0.100000
cascade_output_stagnation_epochs=12
cascade_candidate_change_fraction=0.010000
cascade_candidate_stagnation_epochs=12
cascade_max_out_epochs=150
cascade_min_out_epochs=50
cascade_max_cand_epochs=150
cascade_min_cand_epochs=50
cascade_num_candidate_groups=2
bit_fail_limit=3.49999994039535522461e-01
cascade_candidate_limit=1.00000000000000000000e+03
cascade_weight_multiplier=4.00000005960464477539e-01
cascade_activation_functions_count=10
cascade_activation_functions=3 5 7 8 10 11 14 15 16 17 
cascade_activation_steepnesses_count=4
cascade_activation_steepnesses=2.50000000000000000000e-01 5.00000000000000000000e-01 7.50000000000000000000e-01 1.00000000000000000000e+00 
layer_sizes=10 5 3 2 
scale_included=0
neurons (num_inputs, activation_function, activation_steepness)=(0, 0, 0.00000000000000000000e+00) (0, 0, 0.00000000000000000000e+00) (0, 0, 0.00000000000000000000e+00) (0, 0, 0.00000000000000000000e+00) (0, 0, 0.00000000000000000000e+00) (0, 0, 0.00000000000000000000e+00) (0, 0, 0.00000000000000000000e+00) (0, 0, 0.00000000000000000000e+00) (0, 0, 0.00000000000000000000e+00) (0, 0, 0.00000000000000000000e+00) (10, 3, 5.00000000000000000000e-01) (10, 3, 5.00000000000000000000e-01) (10, 3, 5.00000000000000000000e-01) (10, 3, 5.00000000000000000000e-01) (0, 3, 0.00000000000000000000e+00) (5, 3, 5.00000000000000000000e-01) (5, 3, 5.00000000000000000000e-01) (0, 3, 0.00000000000000000000e+00) (3, 3, 5.00000000000000000000e-01) (0, 3, 0.00000000000000000000e+00) 
connections (connected_to_neuron, weight)=(0, 1.09231226146221160889e-01) (1, 3.46034145355224609375e+00) (2, -2.59756851196289062500e+00) (3, 2.87523455917835235596e-02) (4, 6.14690971374511718750e+00) (5, -3.51398259401321411133e-01) (6, 1.86072349548339843750e+00) (7, -9.07780361175537109375e+00) (8, -3.16560673713684082031e+00) (9, 5.53566694259643554688e-01) (0, -6.17002487182617187500e+00) (1, -4.12944364547729492188e+00) (2, -2.34455871582031250000e+00) (3, -6.34413003921508789062e+00) (4, 9.92601156234741210938e-01) (5, -6.66885018348693847656e-01) (6, 1.54009618759155273438e+01) (7, -1.01482877731323242188e+01) (8, 6.16752719879150390625e+00) (9, 9.25410628318786621094e-01) (0, 5.04338860511779785156e-01) (1, 9.06091034412384033203e-01) (2, -1.17549948394298553467e-01) (3, -6.57025575637817382812e-01) (4, 1.26016390323638916016e+00) (5, 1.02362915873527526855e-01) (6, -8.33148097991943359375e+00) (7, -6.99041080474853515625e+00) (8, 3.54777836799621582031e+00) (9, 8.78025174140930175781e-01) (0, -1.48563513183593750000e+03) (1, -1.50000000000000000000e+03) (2, -1.20260534667968750000e+03) (3, -3.12272644042968750000e+02) (4, 4.57292020320892333984e-01) (5, -1.86774766445159912109e+00) (6, -1.50000000000000000000e+03) (7, -1.50000000000000000000e+03) (8, 6.45600646972656250000e+02) (9, 1.33635902404785156250e+00) (10, -4.53294324874877929688e+00) (11, -6.61021757125854492188e+00) (12, -4.83577346801757812500e+00) (13, 1.50000000000000000000e+03) (14, 1.42769908905029296875e+00) (10, 4.09833765029907226562e+00) (11, 5.11964678764343261719e-01) (12, -4.25195455551147460938e+00) (13, 1.50000000000000000000e+03) (14, 4.44592863321304321289e-01) (15, -2.92739772796630859375e+00) (16, 6.04822456836700439453e-01) (17, 4.47455614805221557617e-01) 
