FANN_FLO_2.1
num_layers=3
learning_rate=0.500000
connection_rate=1.000000
network_type=0
learning_momentum=0.000000
training_algorithm=2
train_error_function=1
train_stop_function=0
cascade_output_change_fraction=0.010000
quickprop_decay=-0.000100
quickprop_mu=1.750000
rprop_increase_factor=1.200000
rprop_decrease_factor=0.500000
rprop_delta_min=0.000000
rprop_delta_max=50.000000
rprop_delta_zero=0.100000
cascade_output_stagnation_epochs=12
cascade_candidate_change_fraction=0.010000
cascade_candidate_stagnation_epochs=12
cascade_max_out_epochs=150
cascade_min_out_epochs=50
cascade_max_cand_epochs=150
cascade_min_cand_epochs=50
cascade_num_candidate_groups=2
bit_fail_limit=3.49999994039535522461e-01
cascade_candidate_limit=1.00000000000000000000e+03
cascade_weight_multiplier=4.00000005960464477539e-01
cascade_activation_functions_count=10
cascade_activation_functions=3 5 7 8 10 11 14 15 16 17 
cascade_activation_steepnesses_count=4
cascade_activation_steepnesses=2.50000000000000000000e-01 5.00000000000000000000e-01 7.50000000000000000000e-01 1.00000000000000000000e+00 
layer_sizes=10 5 2 
scale_included=0
neurons (num_inputs, activation_function, activation_steepness)=(0, 0, 0.00000000000000000000e+00) (0, 0, 0.00000000000000000000e+00) (0, 0, 0.00000000000000000000e+00) (0, 0, 0.00000000000000000000e+00) (0, 0, 0.00000000000000000000e+00) (0, 0, 0.00000000000000000000e+00) (0, 0, 0.00000000000000000000e+00) (0, 0, 0.00000000000000000000e+00) (0, 0, 0.00000000000000000000e+00) (0, 0, 0.00000000000000000000e+00) (10, 3, 5.00000000000000000000e-01) (10, 3, 5.00000000000000000000e-01) (10, 3, 5.00000000000000000000e-01) (10, 3, 5.00000000000000000000e-01) (0, 3, 0.00000000000000000000e+00) (5, 3, 5.00000000000000000000e-01) (0, 3, 0.00000000000000000000e+00) 
connections (connected_to_neuron, weight)=(0, 1.76109397411346435547e+00) (1, 2.88579821586608886719e+00) (2, 1.07368066906929016113e-01) (3, -2.85488724708557128906e-01) (4, -4.79518938064575195312e+00) (5, 6.62097215652465820312e-01) (6, -7.28122901916503906250e+00) (7, 6.60029935836791992188e+00) (8, -2.75442242622375488281e+00) (9, 1.02814459800720214844e+00) (0, -5.20053386688232421875e-01) (1, -4.03603219985961914062e+00) (2, -1.89523429870605468750e+01) (3, 3.17113375663757324219e+00) (4, -1.15518249571323394775e-01) (5, -1.29983857274055480957e-01) (6, 1.18362197875976562500e+01) (7, -1.70804068446159362793e-01) (8, 3.39017915725708007812e+00) (9, 2.31238707900047302246e-01) (0, 2.73517680168151855469e+00) (1, -6.39580607414245605469e-01) (2, -6.10208892822265625000e+00) (3, -6.18751621246337890625e+00) (4, 4.89457696676254272461e-02) (5, -5.68223185837268829346e-02) (6, -3.33729088306427001953e-01) (7, -5.12367773056030273438e+00) (8, 9.30993461608886718750e+00) (9, 1.59207090735435485840e-01) (0, 5.55903291702270507812e+00) (1, 1.06921386718750000000e+01) (2, 1.81173756718635559082e-01) (3, -6.24864339828491210938e-01) (4, 8.78026962280273437500e-01) (5, 1.96893191337585449219e+00) (6, -1.17598571777343750000e+01) (7, -3.99121952056884765625e+00) (8, -1.04352855682373046875e+01) (9, 2.25094151496887207031e+00) (10, 4.45028781890869140625e-01) (11, 2.72873020172119140625e+00) (12, 2.10649228096008300781e+00) (13, 2.65327525138854980469e+00) (14, -2.31798481941223144531e+00) 
