FANN_FLO_2.1
num_layers=3
learning_rate=0.400000
connection_rate=1.000000
network_type=0
learning_momentum=0.000000
training_algorithm=2
train_error_function=1
train_stop_function=0
cascade_output_change_fraction=0.010000
quickprop_decay=-0.000100
quickprop_mu=1.750000
rprop_increase_factor=1.200000
rprop_decrease_factor=0.500000
rprop_delta_min=0.000000
rprop_delta_max=50.000000
rprop_delta_zero=0.100000
cascade_output_stagnation_epochs=12
cascade_candidate_change_fraction=0.010000
cascade_candidate_stagnation_epochs=12
cascade_max_out_epochs=150
cascade_min_out_epochs=50
cascade_max_cand_epochs=150
cascade_min_cand_epochs=50
cascade_num_candidate_groups=2
bit_fail_limit=3.49999994039535522461e-01
cascade_candidate_limit=1.00000000000000000000e+03
cascade_weight_multiplier=4.00000005960464477539e-01
cascade_activation_functions_count=10
cascade_activation_functions=3 5 7 8 10 11 14 15 16 17 
cascade_activation_steepnesses_count=4
cascade_activation_steepnesses=2.50000000000000000000e-01 5.00000000000000000000e-01 7.50000000000000000000e-01 1.00000000000000000000e+00 
layer_sizes=19 3 3 
scale_included=0
neurons (num_inputs, activation_function, activation_steepness)=(0, 0, 0.00000000000000000000e+00) (0, 0, 0.00000000000000000000e+00) (0, 0, 0.00000000000000000000e+00) (0, 0, 0.00000000000000000000e+00) (0, 0, 0.00000000000000000000e+00) (0, 0, 0.00000000000000000000e+00) (0, 0, 0.00000000000000000000e+00) (0, 0, 0.00000000000000000000e+00) (0, 0, 0.00000000000000000000e+00) (0, 0, 0.00000000000000000000e+00) (0, 0, 0.00000000000000000000e+00) (0, 0, 0.00000000000000000000e+00) (0, 0, 0.00000000000000000000e+00) (0, 0, 0.00000000000000000000e+00) (0, 0, 0.00000000000000000000e+00) (0, 0, 0.00000000000000000000e+00) (0, 0, 0.00000000000000000000e+00) (0, 0, 0.00000000000000000000e+00) (0, 0, 0.00000000000000000000e+00) (19, 3, 5.00000000000000000000e-01) (19, 3, 5.00000000000000000000e-01) (0, 3, 0.00000000000000000000e+00) (3, 3, 5.00000000000000000000e-01) (3, 3, 5.00000000000000000000e-01) (0, 3, 0.00000000000000000000e+00) 
connections (connected_to_neuron, weight)=(0, -1.08184947967529296875e+01) (1, -1.13884153366088867188e+01) (2, 5.29926729202270507812e+00) (3, -7.69927740097045898438e+00) (4, -9.93976020812988281250e+00) (5, 5.24048948287963867188e+00) (6, -8.07940196990966796875e+00) (7, -2.58931589126586914062e+00) (8, -8.20017337799072265625e-01) (9, 1.37439813613891601562e+01) (10, 8.07556629180908203125e+00) (11, -2.94721841812133789062e+00) (12, 6.09383535385131835938e+00) (13, 7.14224910736083984375e+00) (14, -1.73322916030883789062e+00) (15, 6.99794912338256835938e+00) (16, 7.08443820476531982422e-01) (17, -2.60629725456237792969e+00) (18, -4.20006847381591796875e+00) (0, 4.22598028182983398438e+00) (1, 1.93760240077972412109e+00) (2, 6.36989474296569824219e-01) (3, 6.44410657882690429688e+00) (4, 3.03665137290954589844e+00) (5, 2.23918819427490234375e+00) (6, 8.75564765930175781250e+00) (7, 6.36547565460205078125e+00) (8, 5.37272691726684570312e+00) (9, -1.03964376449584960938e+01) (10, -5.81124734878540039062e+00) (11, 3.02380859851837158203e-01) (12, -8.82916545867919921875e+00) (13, -5.47283887863159179688e+00) (14, -2.68875694274902343750e+00) (15, -4.05932950973510742188e+00) (16, -8.08171653747558593750e+00) (17, 9.36436057090759277344e-02) (18, -3.35743641853332519531e+00) (19, -1.07574057579040527344e+00) (20, -1.37470746040344238281e+00) (21, -4.37872372567653656006e-02) (19, 1.07574307918548583984e+00) (20, 1.37563359737396240234e+00) (21, 4.39300909638404846191e-02) 
