FANN_FLO_2.1
num_layers=3
learning_rate=0.400000
connection_rate=1.000000
network_type=0
learning_momentum=0.000000
training_algorithm=2
train_error_function=1
train_stop_function=0
cascade_output_change_fraction=0.010000
quickprop_decay=-0.000100
quickprop_mu=1.750000
rprop_increase_factor=1.200000
rprop_decrease_factor=0.500000
rprop_delta_min=0.000000
rprop_delta_max=50.000000
rprop_delta_zero=0.100000
cascade_output_stagnation_epochs=12
cascade_candidate_change_fraction=0.010000
cascade_candidate_stagnation_epochs=12
cascade_max_out_epochs=150
cascade_min_out_epochs=50
cascade_max_cand_epochs=150
cascade_min_cand_epochs=50
cascade_num_candidate_groups=2
bit_fail_limit=3.49999994039535522461e-01
cascade_candidate_limit=1.00000000000000000000e+03
cascade_weight_multiplier=4.00000005960464477539e-01
cascade_activation_functions_count=10
cascade_activation_functions=3 5 7 8 10 11 14 15 16 17 
cascade_activation_steepnesses_count=4
cascade_activation_steepnesses=2.50000000000000000000e-01 5.00000000000000000000e-01 7.50000000000000000000e-01 1.00000000000000000000e+00 
layer_sizes=7 5 2 
scale_included=0
neurons (num_inputs, activation_function, activation_steepness)=(0, 0, 0.00000000000000000000e+00) (0, 0, 0.00000000000000000000e+00) (0, 0, 0.00000000000000000000e+00) (0, 0, 0.00000000000000000000e+00) (0, 0, 0.00000000000000000000e+00) (0, 0, 0.00000000000000000000e+00) (0, 0, 0.00000000000000000000e+00) (7, 3, 5.00000000000000000000e-01) (7, 3, 5.00000000000000000000e-01) (7, 3, 5.00000000000000000000e-01) (7, 3, 5.00000000000000000000e-01) (0, 3, 0.00000000000000000000e+00) (5, 3, 5.00000000000000000000e-01) (0, 3, 0.00000000000000000000e+00) 
connections (connected_to_neuron, weight)=(0, -8.76187896728515625000e+00) (1, 6.10340499877929687500e+00) (2, 1.16422319412231445312e+01) (3, -4.12008237838745117188e+00) (4, -2.72902035713195800781e+00) (5, 8.78652000427246093750e+00) (6, -2.18239426612854003906e+00) (0, 9.63741016387939453125e+00) (1, -9.98131561279296875000e+00) (2, 4.96014022827148437500e+00) (3, -1.66234743595123291016e+00) (4, -6.57370686531066894531e-02) (5, 4.90593528747558593750e+00) (6, -6.10114669799804687500e+00) (0, -4.76238042116165161133e-01) (1, -4.18953514099121093750e+00) (2, 1.12420558929443359375e+00) (3, -5.72396230697631835938e+00) (4, -1.82319152355194091797e+00) (5, 3.14789384603500366211e-01) (6, 8.29407119750976562500e+00) (0, -6.82319164276123046875e+00) (1, 6.23654603958129882812e+00) (2, -1.37194263935089111328e+00) (3, -1.20662498474121093750e+00) (4, -5.95438003540039062500e-01) (5, -6.03132009506225585938e+00) (6, -7.09940016269683837891e-01) (7, -7.97805130481719970703e-01) (8, -9.57048797607421875000e+00) (9, -8.99535655975341796875e-01) (10, -1.37539587020874023438e+01) (11, -5.92138478532433509827e-03) 
