FANN_FLO_2.1
num_layers=3
learning_rate=0.400000
connection_rate=1.000000
network_type=0
learning_momentum=0.000000
training_algorithm=2
train_error_function=1
train_stop_function=0
cascade_output_change_fraction=0.010000
quickprop_decay=-0.000100
quickprop_mu=1.750000
rprop_increase_factor=1.200000
rprop_decrease_factor=0.500000
rprop_delta_min=0.000000
rprop_delta_max=50.000000
rprop_delta_zero=0.100000
cascade_output_stagnation_epochs=12
cascade_candidate_change_fraction=0.010000
cascade_candidate_stagnation_epochs=12
cascade_max_out_epochs=150
cascade_min_out_epochs=50
cascade_max_cand_epochs=150
cascade_min_cand_epochs=50
cascade_num_candidate_groups=2
bit_fail_limit=3.49999994039535522461e-01
cascade_candidate_limit=1.00000000000000000000e+03
cascade_weight_multiplier=4.00000005960464477539e-01
cascade_activation_functions_count=10
cascade_activation_functions=3 5 7 8 10 11 14 15 16 17 
cascade_activation_steepnesses_count=4
cascade_activation_steepnesses=2.50000000000000000000e-01 5.00000000000000000000e-01 7.50000000000000000000e-01 1.00000000000000000000e+00 
layer_sizes=7 9 2 
scale_included=0
neurons (num_inputs, activation_function, activation_steepness)=(0, 0, 0.00000000000000000000e+00) (0, 0, 0.00000000000000000000e+00) (0, 0, 0.00000000000000000000e+00) (0, 0, 0.00000000000000000000e+00) (0, 0, 0.00000000000000000000e+00) (0, 0, 0.00000000000000000000e+00) (0, 0, 0.00000000000000000000e+00) (7, 3, 5.00000000000000000000e-01) (7, 3, 5.00000000000000000000e-01) (7, 3, 5.00000000000000000000e-01) (7, 3, 5.00000000000000000000e-01) (7, 3, 5.00000000000000000000e-01) (7, 3, 5.00000000000000000000e-01) (7, 3, 5.00000000000000000000e-01) (7, 3, 5.00000000000000000000e-01) (0, 3, 0.00000000000000000000e+00) (9, 3, 5.00000000000000000000e-01) (0, 3, 0.00000000000000000000e+00) 
connections (connected_to_neuron, weight)=(0, -8.44049155712127685547e-01) (1, -8.11272263526916503906e-01) (2, -7.62261569499969482422e-01) (3, -8.35637897253036499023e-02) (4, -1.04647815227508544922e+00) (5, 6.93006753921508789062e+00) (6, -3.76391458511352539062e+00) (0, 2.14389667510986328125e+01) (1, 6.10123491287231445312e+00) (2, 4.28919744491577148438e+00) (3, -5.18659543991088867188e+00) (4, -4.75032138824462890625e+00) (5, -2.96602249145507812500e+00) (6, 1.51680850982666015625e+00) (0, 2.28788733482360839844e+00) (1, 1.55676531791687011719e+00) (2, -4.22796487808227539062e+00) (3, -3.87352037429809570312e+00) (4, -3.83753943443298339844e+00) (5, 1.14551019668579101562e+01) (6, 9.62862223386764526367e-02) (0, -1.60560452938079833984e+00) (1, -2.85567188262939453125e+00) (2, -5.71264410018920898438e+00) (3, 2.89266395568847656250e+00) (4, 1.02830135822296142578e+00) (5, 4.91585016250610351562e+00) (6, -1.75428485870361328125e+00) (0, -6.84070765972137451172e-01) (1, -4.92364257574081420898e-01) (2, 1.43621861934661865234e+00) (3, 9.61115539073944091797e-01) (4, 1.97985446453094482422e+00) (5, 2.25799828767776489258e-01) (6, 2.25742071866989135742e-01) (0, 2.49653434753417968750e+00) (1, 2.00832796096801757812e+00) (2, -3.47144603729248046875e+00) (3, -3.85112929344177246094e+00) (4, -2.19282126426696777344e+00) (5, 6.21788597106933593750e+00) (6, 3.69668096303939819336e-01) (0, 1.96843333542346954346e-02) (1, 9.99574139714241027832e-02) (2, 9.06066608428955078125e+00) (3, 3.27066612243652343750e+00) (4, -1.60769577026367187500e+01) (5, -7.45121836662292480469e-01) (6, -2.70969605445861816406e+00) (0, -9.34252023696899414062e-01) (1, -8.07997584342956542969e-01) (2, -8.57305407524108886719e-01) (3, 1.47691202163696289062e+00) (4, -1.86218762397766113281e+00) (5, 7.07357501983642578125e+00) (6, -3.76505637168884277344e+00) (7, 1.20546412467956542969e+00) (8, -1.29678499698638916016e+00) (9, -1.92697906494140625000e+00) (10, 1.84513151645660400391e+00) (11, 1.65338397026062011719e+00) (12, -1.56204044818878173828e+00) (13, 8.34870040416717529297e-01) (14, 1.56453371047973632812e+00) (15, 2.52494543790817260742e-01) 
