FANN_FLO_2.1
num_layers=4
learning_rate=0.400000
connection_rate=1.000000
network_type=0
learning_momentum=0.000000
training_algorithm=2
train_error_function=1
train_stop_function=0
cascade_output_change_fraction=0.010000
quickprop_decay=-0.000100
quickprop_mu=1.750000
rprop_increase_factor=1.200000
rprop_decrease_factor=0.500000
rprop_delta_min=0.000000
rprop_delta_max=50.000000
rprop_delta_zero=0.100000
cascade_output_stagnation_epochs=12
cascade_candidate_change_fraction=0.010000
cascade_candidate_stagnation_epochs=12
cascade_max_out_epochs=150
cascade_min_out_epochs=50
cascade_max_cand_epochs=150
cascade_min_cand_epochs=50
cascade_num_candidate_groups=2
bit_fail_limit=3.49999994039535522461e-01
cascade_candidate_limit=1.00000000000000000000e+03
cascade_weight_multiplier=4.00000005960464477539e-01
cascade_activation_functions_count=10
cascade_activation_functions=3 5 7 8 10 11 14 15 16 17 
cascade_activation_steepnesses_count=4
cascade_activation_steepnesses=2.50000000000000000000e-01 5.00000000000000000000e-01 7.50000000000000000000e-01 1.00000000000000000000e+00 
layer_sizes=7 3 3 2 
scale_included=0
neurons (num_inputs, activation_function, activation_steepness)=(0, 0, 0.00000000000000000000e+00) (0, 0, 0.00000000000000000000e+00) (0, 0, 0.00000000000000000000e+00) (0, 0, 0.00000000000000000000e+00) (0, 0, 0.00000000000000000000e+00) (0, 0, 0.00000000000000000000e+00) (0, 0, 0.00000000000000000000e+00) (7, 3, 5.00000000000000000000e-01) (7, 3, 5.00000000000000000000e-01) (0, 3, 0.00000000000000000000e+00) (3, 3, 5.00000000000000000000e-01) (3, 3, 5.00000000000000000000e-01) (0, 3, 0.00000000000000000000e+00) (3, 3, 5.00000000000000000000e-01) (0, 3, 0.00000000000000000000e+00) 
connections (connected_to_neuron, weight)=(0, -1.06500101089477539062e+01) (1, 9.09685611724853515625e+00) (2, -1.43624293804168701172e+00) (3, -2.39730453491210937500e+00) (4, -1.30828320980072021484e+00) (5, -6.49823284149169921875e+00) (6, 1.47961986064910888672e+00) (0, -3.48404455184936523438e+00) (1, -8.61178779602050781250e+00) (2, 4.09166193008422851562e+00) (3, -3.95025587081909179688e+00) (4, -6.77273750305175781250e-01) (5, 1.07603559494018554688e+01) (6, 1.84328901767730712891e+00) (7, 3.99969215393066406250e+01) (8, 5.90218019485473632812e+00) (9, -2.88239789009094238281e+00) (7, 1.10577936172485351562e+01) (8, 4.50099182128906250000e+00) (9, -3.92246675491333007812e+00) (10, -1.04237699508666992188e+00) (11, -2.47635793685913085938e+00) (12, -9.13962662220001220703e-01) 
