FANN_FLO_2.1
num_layers=3
learning_rate=0.400000
connection_rate=1.000000
network_type=0
learning_momentum=0.000000
training_algorithm=2
train_error_function=1
train_stop_function=0
cascade_output_change_fraction=0.010000
quickprop_decay=-0.000100
quickprop_mu=1.750000
rprop_increase_factor=1.200000
rprop_decrease_factor=0.500000
rprop_delta_min=0.000000
rprop_delta_max=50.000000
rprop_delta_zero=0.100000
cascade_output_stagnation_epochs=12
cascade_candidate_change_fraction=0.010000
cascade_candidate_stagnation_epochs=12
cascade_max_out_epochs=150
cascade_min_out_epochs=50
cascade_max_cand_epochs=150
cascade_min_cand_epochs=50
cascade_num_candidate_groups=2
bit_fail_limit=3.49999994039535522461e-01
cascade_candidate_limit=1.00000000000000000000e+03
cascade_weight_multiplier=4.00000005960464477539e-01
cascade_activation_functions_count=10
cascade_activation_functions=3 5 7 8 10 11 14 15 16 17 
cascade_activation_steepnesses_count=4
cascade_activation_steepnesses=2.50000000000000000000e-01 5.00000000000000000000e-01 7.50000000000000000000e-01 1.00000000000000000000e+00 
layer_sizes=7 5 2 
scale_included=0
neurons (num_inputs, activation_function, activation_steepness)=(0, 0, 0.00000000000000000000e+00) (0, 0, 0.00000000000000000000e+00) (0, 0, 0.00000000000000000000e+00) (0, 0, 0.00000000000000000000e+00) (0, 0, 0.00000000000000000000e+00) (0, 0, 0.00000000000000000000e+00) (0, 0, 0.00000000000000000000e+00) (7, 3, 5.00000000000000000000e-01) (7, 3, 5.00000000000000000000e-01) (7, 3, 5.00000000000000000000e-01) (7, 3, 5.00000000000000000000e-01) (0, 3, 0.00000000000000000000e+00) (5, 3, 5.00000000000000000000e-01) (0, 3, 0.00000000000000000000e+00) 
connections (connected_to_neuron, weight)=(0, 3.09823840856552124023e-01) (1, -8.79466891288757324219e-01) (2, 6.28374516963958740234e-01) (3, 8.54230701923370361328e-01) (4, 2.36064791679382324219e+00) (5, 2.72456741333007812500e+00) (6, -1.97008562088012695312e+00) (0, 2.05244565010070800781e+00) (1, 1.85023581981658935547e+00) (2, -5.37876367568969726562e+00) (3, -2.60719704627990722656e+00) (4, -7.93912601470947265625e+00) (5, 1.37595767974853515625e+01) (6, 2.68769478797912597656e+00) (0, 4.07554030418395996094e-01) (1, 4.59390735626220703125e+00) (2, 3.08639216423034667969e+00) (3, -3.52342557907104492188e+00) (4, -1.42512694001197814941e-02) (5, -3.64756155014038085938e+00) (6, 2.27809214591979980469e+00) (0, -1.96944400668144226074e-01) (1, -4.57654923200607299805e-01) (2, -4.29422892630100250244e-02) (3, 5.11051714420318603516e-01) (4, 2.28504037857055664062e+00) (5, 3.39209246635437011719e+00) (6, -2.16471099853515625000e+00) (7, 7.69554972648620605469e-01) (8, -2.45711660385131835938e+00) (9, -3.40229249000549316406e+00) (10, 4.42277050018310546875e+00) (11, 3.27654093503952026367e-01) 
