FANN_FLO_2.1
num_layers=4
learning_rate=0.500000
connection_rate=1.000000
network_type=0
learning_momentum=0.000000
training_algorithm=2
train_error_function=1
train_stop_function=0
cascade_output_change_fraction=0.010000
quickprop_decay=-0.000100
quickprop_mu=1.750000
rprop_increase_factor=1.200000
rprop_decrease_factor=0.500000
rprop_delta_min=0.000000
rprop_delta_max=50.000000
rprop_delta_zero=0.100000
cascade_output_stagnation_epochs=12
cascade_candidate_change_fraction=0.010000
cascade_candidate_stagnation_epochs=12
cascade_max_out_epochs=150
cascade_min_out_epochs=50
cascade_max_cand_epochs=150
cascade_min_cand_epochs=50
cascade_num_candidate_groups=2
bit_fail_limit=3.49999994039535522461e-01
cascade_candidate_limit=1.00000000000000000000e+03
cascade_weight_multiplier=4.00000005960464477539e-01
cascade_activation_functions_count=10
cascade_activation_functions=3 5 7 8 10 11 14 15 16 17 
cascade_activation_steepnesses_count=4
cascade_activation_steepnesses=2.50000000000000000000e-01 5.00000000000000000000e-01 7.50000000000000000000e-01 1.00000000000000000000e+00 
layer_sizes=10 5 3 2 
scale_included=0
neurons (num_inputs, activation_function, activation_steepness)=(0, 0, 0.00000000000000000000e+00) (0, 0, 0.00000000000000000000e+00) (0, 0, 0.00000000000000000000e+00) (0, 0, 0.00000000000000000000e+00) (0, 0, 0.00000000000000000000e+00) (0, 0, 0.00000000000000000000e+00) (0, 0, 0.00000000000000000000e+00) (0, 0, 0.00000000000000000000e+00) (0, 0, 0.00000000000000000000e+00) (0, 0, 0.00000000000000000000e+00) (10, 3, 5.00000000000000000000e-01) (10, 3, 5.00000000000000000000e-01) (10, 3, 5.00000000000000000000e-01) (10, 3, 5.00000000000000000000e-01) (0, 3, 0.00000000000000000000e+00) (5, 3, 5.00000000000000000000e-01) (5, 3, 5.00000000000000000000e-01) (0, 3, 0.00000000000000000000e+00) (3, 3, 5.00000000000000000000e-01) (0, 3, 0.00000000000000000000e+00) 
connections (connected_to_neuron, weight)=(0, 1.71269721984863281250e+01) (1, -2.50635643005371093750e+01) (2, 1.96606941223144531250e+01) (3, 1.23506717681884765625e+01) (4, -5.33334159851074218750e+01) (5, 4.15308151245117187500e+01) (6, 1.29251985549926757812e+01) (7, -4.92951154708862304688e+00) (8, -2.36279144287109375000e+01) (9, 5.95931005477905273438e+00) (0, -1.50000000000000000000e+03) (1, -1.50000000000000000000e+03) (2, -1.50000000000000000000e+03) (3, 6.03928466796875000000e+02) (4, 1.50000000000000000000e+03) (5, -5.91809631347656250000e+02) (6, -6.77292663574218750000e+02) (7, 5.48944580078125000000e+02) (8, 3.56645690917968750000e+02) (9, 1.76584243774414062500e+02) (0, 1.50000000000000000000e+03) (1, 1.50000000000000000000e+03) (2, 1.50000000000000000000e+03) (3, -1.16890502929687500000e+03) (4, -1.50000000000000000000e+03) (5, -1.21325048828125000000e+03) (6, -1.25383007812500000000e+03) (7, -1.46614465332031250000e+03) (8, -1.20772460937500000000e+03) (9, -2.62694206237792968750e+01) (0, 8.76669982910156250000e+02) (1, 5.83628173828125000000e+02) (2, 5.83628173828125000000e+02) (3, -5.40072937011718750000e+02) (4, -1.03891918945312500000e+03) (5, -1.34911328125000000000e+03) (6, -6.78941955566406250000e+02) (7, 5.26755905151367187500e+01) (8, -5.84732360839843750000e+02) (9, 3.88368682861328125000e+01) (10, 2.18399902343750000000e+02) (11, -1.08075769042968750000e+03) (12, 1.17500000000000000000e+03) (13, 1.50000000000000000000e+03) (14, -2.01963897705078125000e+02) (10, -4.43779182434082031250e+00) (11, 1.48425009101629257202e-02) (12, 1.17500000000000000000e+03) (13, 1.50000000000000000000e+03) (14, 1.05750966072082519531e+00) (15, 1.15000000000000000000e+03) (16, 1.66630852222442626953e+00) (17, -3.21716010570526123047e-01) 
