FANN_FLO_2.1
num_layers=3
learning_rate=0.500000
connection_rate=1.000000
network_type=0
learning_momentum=0.000000
training_algorithm=2
train_error_function=1
train_stop_function=0
cascade_output_change_fraction=0.010000
quickprop_decay=-0.000100
quickprop_mu=1.750000
rprop_increase_factor=1.200000
rprop_decrease_factor=0.500000
rprop_delta_min=0.000000
rprop_delta_max=50.000000
rprop_delta_zero=0.100000
cascade_output_stagnation_epochs=12
cascade_candidate_change_fraction=0.010000
cascade_candidate_stagnation_epochs=12
cascade_max_out_epochs=150
cascade_min_out_epochs=50
cascade_max_cand_epochs=150
cascade_min_cand_epochs=50
cascade_num_candidate_groups=2
bit_fail_limit=3.49999994039535522461e-01
cascade_candidate_limit=1.00000000000000000000e+03
cascade_weight_multiplier=4.00000005960464477539e-01
cascade_activation_functions_count=10
cascade_activation_functions=3 5 7 8 10 11 14 15 16 17 
cascade_activation_steepnesses_count=4
cascade_activation_steepnesses=2.50000000000000000000e-01 5.00000000000000000000e-01 7.50000000000000000000e-01 1.00000000000000000000e+00 
layer_sizes=10 5 2 
scale_included=0
neurons (num_inputs, activation_function, activation_steepness)=(0, 0, 0.00000000000000000000e+00) (0, 0, 0.00000000000000000000e+00) (0, 0, 0.00000000000000000000e+00) (0, 0, 0.00000000000000000000e+00) (0, 0, 0.00000000000000000000e+00) (0, 0, 0.00000000000000000000e+00) (0, 0, 0.00000000000000000000e+00) (0, 0, 0.00000000000000000000e+00) (0, 0, 0.00000000000000000000e+00) (0, 0, 0.00000000000000000000e+00) (10, 3, 5.00000000000000000000e-01) (10, 3, 5.00000000000000000000e-01) (10, 3, 5.00000000000000000000e-01) (10, 3, 5.00000000000000000000e-01) (0, 3, 0.00000000000000000000e+00) (5, 3, 5.00000000000000000000e-01) (0, 3, 0.00000000000000000000e+00) 
connections (connected_to_neuron, weight)=(0, 1.01588475704193115234e+00) (1, -8.17300438880920410156e-01) (2, -1.25587910413742065430e-01) (3, 1.21334433555603027344e+00) (4, 2.55724215507507324219e+00) (5, -3.36635971069335937500e+00) (6, 5.62161178588867187500e+01) (7, -4.85963592529296875000e+01) (8, -1.08509509277343750000e+03) (9, -1.26796448230743408203e+00) (0, 8.47085058689117431641e-01) (1, 4.84507226943969726562e+00) (2, 2.81500606536865234375e+01) (3, -4.60147428512573242188e+00) (4, 6.06784880161285400391e-01) (5, 3.05540490150451660156e+00) (6, -5.94240331649780273438e+00) (7, -1.61433010101318359375e+01) (8, 2.22993874549865722656e+00) (9, -6.25906181335449218750e+00) (0, -1.71320855617523193359e-01) (1, -1.11109247207641601562e+01) (2, 8.52350425720214843750e+00) (3, -5.11997461318969726562e+00) (4, -5.11413431167602539062e+00) (5, -9.93872404098510742188e-01) (6, -1.16210389137268066406e+00) (7, -1.47332267761230468750e+01) (8, 2.18483333587646484375e+01) (9, 1.56517043709754943848e-01) (0, -2.71742677688598632812e+00) (1, 2.94672906398773193359e-01) (2, 6.17023706436157226562e+00) (3, 2.34900879859924316406e+00) (4, 9.28903102874755859375e-01) (5, 4.50523328781127929688e+00) (6, 4.74735260009765625000e+00) (7, -3.84412145614624023438e+00) (8, 1.39138710498809814453e+00) (9, -6.52917861938476562500e+00) (10, 3.49109816551208496094e+00) (11, 2.50343489646911621094e+00) (12, 3.88686060905456542969e+00) (13, 9.01269614696502685547e-01) (14, -2.60748314857482910156e+00) 
