FANN_FLO_2.1
num_layers=4
learning_rate=0.500000
connection_rate=1.000000
network_type=0
learning_momentum=0.000000
training_algorithm=2
train_error_function=1
train_stop_function=0
cascade_output_change_fraction=0.010000
quickprop_decay=-0.000100
quickprop_mu=1.750000
rprop_increase_factor=1.200000
rprop_decrease_factor=0.500000
rprop_delta_min=0.000000
rprop_delta_max=50.000000
rprop_delta_zero=0.100000
cascade_output_stagnation_epochs=12
cascade_candidate_change_fraction=0.010000
cascade_candidate_stagnation_epochs=12
cascade_max_out_epochs=150
cascade_min_out_epochs=50
cascade_max_cand_epochs=150
cascade_min_cand_epochs=50
cascade_num_candidate_groups=2
bit_fail_limit=3.49999994039535522461e-01
cascade_candidate_limit=1.00000000000000000000e+03
cascade_weight_multiplier=4.00000005960464477539e-01
cascade_activation_functions_count=10
cascade_activation_functions=3 5 7 8 10 11 14 15 16 17 
cascade_activation_steepnesses_count=4
cascade_activation_steepnesses=2.50000000000000000000e-01 5.00000000000000000000e-01 7.50000000000000000000e-01 1.00000000000000000000e+00 
layer_sizes=2 5 5 3 
scale_included=0
neurons (num_inputs, activation_function, activation_steepness)=(0, 0, 0.00000000000000000000e+00) (0, 0, 0.00000000000000000000e+00) (2, 3, 5.00000000000000000000e-01) (2, 3, 5.00000000000000000000e-01) (2, 3, 5.00000000000000000000e-01) (2, 3, 5.00000000000000000000e-01) (0, 3, 0.00000000000000000000e+00) (5, 3, 5.00000000000000000000e-01) (5, 3, 5.00000000000000000000e-01) (5, 3, 5.00000000000000000000e-01) (5, 3, 5.00000000000000000000e-01) (0, 3, 0.00000000000000000000e+00) (5, 0, 5.00000000000000000000e-01) (5, 0, 5.00000000000000000000e-01) (0, 0, 0.00000000000000000000e+00) 
connections (connected_to_neuron, weight)=(0, 2.04634742736816406250e+01) (1, 1.06591880321502685547e+00) (0, -5.96958065032958984375e+00) (1, 1.58577799797058105469e+00) (0, -1.10871229171752929688e+01) (1, 3.52666997909545898438e+00) (0, -5.25807428359985351562e+00) (1, 1.16109764575958251953e+00) (2, 1.40991725921630859375e+01) (3, -1.10671234130859375000e+00) (4, -1.36840496063232421875e+01) (5, -2.37298512458801269531e+00) (6, -3.67871761322021484375e-01) (2, 1.12979459762573242188e+01) (3, -1.62432515621185302734e+00) (4, -5.38705825805664062500e+00) (5, -5.37401247024536132812e+00) (6, -1.48655325174331665039e-01) (2, -2.88484454154968261719e+00) (3, 2.54611158370971679688e+00) (4, 1.22091073989868164062e+01) (5, -5.40986239910125732422e-01) (6, -2.56324678659439086914e-01) (2, -5.08026742935180664062e+00) (3, 1.10276544094085693359e+00) (4, 7.99834585189819335938e+00) (5, 3.02242398262023925781e+00) (6, -1.06285250186920166016e+00) (7, -6.35762989521026611328e-01) (8, -1.69614267349243164062e+00) (9, -1.84967350959777832031e+00) (10, -5.65834343433380126953e-01) (11, 2.54619550704956054688e+00) (7, -1.48577821254730224609e+00) (8, -2.31629848480224609375e-01) (9, 7.37966835498809814453e-01) (10, 1.82560908794403076172e+00) (11, -5.30665636062622070312e-01) 
