FANN_FLO_2.1
num_layers=4
learning_rate=0.500000
connection_rate=1.000000
network_type=0
learning_momentum=0.000000
training_algorithm=2
train_error_function=1
train_stop_function=0
cascade_output_change_fraction=0.010000
quickprop_decay=-0.000100
quickprop_mu=1.750000
rprop_increase_factor=1.200000
rprop_decrease_factor=0.500000
rprop_delta_min=0.000000
rprop_delta_max=50.000000
rprop_delta_zero=0.100000
cascade_output_stagnation_epochs=12
cascade_candidate_change_fraction=0.010000
cascade_candidate_stagnation_epochs=12
cascade_max_out_epochs=150
cascade_min_out_epochs=50
cascade_max_cand_epochs=150
cascade_min_cand_epochs=50
cascade_num_candidate_groups=2
bit_fail_limit=3.49999994039535522461e-01
cascade_candidate_limit=1.00000000000000000000e+03
cascade_weight_multiplier=4.00000005960464477539e-01
cascade_activation_functions_count=10
cascade_activation_functions=3 5 7 8 10 11 14 15 16 17 
cascade_activation_steepnesses_count=4
cascade_activation_steepnesses=2.50000000000000000000e-01 5.00000000000000000000e-01 7.50000000000000000000e-01 1.00000000000000000000e+00 
layer_sizes=2 5 5 3 
scale_included=0
neurons (num_inputs, activation_function, activation_steepness)=(0, 0, 0.00000000000000000000e+00) (0, 0, 0.00000000000000000000e+00) (2, 3, 5.00000000000000000000e-01) (2, 3, 5.00000000000000000000e-01) (2, 3, 5.00000000000000000000e-01) (2, 3, 5.00000000000000000000e-01) (0, 3, 0.00000000000000000000e+00) (5, 3, 5.00000000000000000000e-01) (5, 3, 5.00000000000000000000e-01) (5, 3, 5.00000000000000000000e-01) (5, 3, 5.00000000000000000000e-01) (0, 3, 0.00000000000000000000e+00) (5, 0, 5.00000000000000000000e-01) (5, 0, 5.00000000000000000000e-01) (0, 0, 0.00000000000000000000e+00) 
connections (connected_to_neuron, weight)=(0, -1.42464933395385742188e+01) (1, 1.79831600189208984375e+00) (0, -4.39748954772949218750e+01) (1, 4.67539644241333007812e+00) (0, -7.14261913299560546875e+00) (1, 1.61241078376770019531e+00) (0, 1.50000000000000000000e+03) (1, -4.67113018035888671875e+00) (2, -1.22944152355194091797e+00) (3, -1.06032097339630126953e+00) (4, -3.07772779464721679688e+00) (5, 3.68852429091930389404e-02) (6, -4.39534634351730346680e-02) (2, 4.52363098144531250000e+02) (3, 1.50000000000000000000e+03) (4, -1.53608566284179687500e+02) (5, 1.50000000000000000000e+03) (6, 3.77246797084808349609e-01) (2, -6.18790102005004882812e+00) (3, 1.25436872243881225586e-01) (4, 4.93024110794067382812e+00) (5, 1.62155747413635253906e-01) (6, 7.75724947452545166016e-02) (2, 2.41005878448486328125e+01) (3, 3.47106516361236572266e-01) (4, -6.89538192749023437500e+00) (5, -1.82559713721275329590e-01) (6, 9.85608875751495361328e-01) (7, 6.44918870925903320312e+00) (8, -1.71458154916763305664e-01) (9, -4.83933115005493164062e+00) (10, 1.31996262073516845703e+00) (11, 9.88037958741188049316e-02) (7, -8.84561824798583984375e+00) (8, 1.33623552322387695312e+00) (9, -7.65843689441680908203e-01) (10, 6.85923755168914794922e-01) (11, 2.73708164691925048828e-01) 
