FANN_FLO_2.1
num_layers=3
learning_rate=0.500000
connection_rate=1.000000
network_type=0
learning_momentum=0.000000
training_algorithm=2
train_error_function=1
train_stop_function=0
cascade_output_change_fraction=0.010000
quickprop_decay=-0.000100
quickprop_mu=1.750000
rprop_increase_factor=1.200000
rprop_decrease_factor=0.500000
rprop_delta_min=0.000000
rprop_delta_max=50.000000
rprop_delta_zero=0.100000
cascade_output_stagnation_epochs=12
cascade_candidate_change_fraction=0.010000
cascade_candidate_stagnation_epochs=12
cascade_max_out_epochs=150
cascade_min_out_epochs=50
cascade_max_cand_epochs=150
cascade_min_cand_epochs=50
cascade_num_candidate_groups=2
bit_fail_limit=3.49999994039535522461e-01
cascade_candidate_limit=1.00000000000000000000e+03
cascade_weight_multiplier=4.00000005960464477539e-01
cascade_activation_functions_count=10
cascade_activation_functions=3 5 7 8 10 11 14 15 16 17 
cascade_activation_steepnesses_count=4
cascade_activation_steepnesses=2.50000000000000000000e-01 5.00000000000000000000e-01 7.50000000000000000000e-01 1.00000000000000000000e+00 
layer_sizes=10 5 2 
scale_included=0
neurons (num_inputs, activation_function, activation_steepness)=(0, 0, 0.00000000000000000000e+00) (0, 0, 0.00000000000000000000e+00) (0, 0, 0.00000000000000000000e+00) (0, 0, 0.00000000000000000000e+00) (0, 0, 0.00000000000000000000e+00) (0, 0, 0.00000000000000000000e+00) (0, 0, 0.00000000000000000000e+00) (0, 0, 0.00000000000000000000e+00) (0, 0, 0.00000000000000000000e+00) (0, 0, 0.00000000000000000000e+00) (10, 3, 5.00000000000000000000e-01) (10, 3, 5.00000000000000000000e-01) (10, 3, 5.00000000000000000000e-01) (10, 3, 5.00000000000000000000e-01) (0, 3, 0.00000000000000000000e+00) (5, 3, 5.00000000000000000000e-01) (0, 3, 0.00000000000000000000e+00) 
connections (connected_to_neuron, weight)=(0, 3.94125251770019531250e+01) (1, 4.87298774719238281250e+00) (2, 1.51901578903198242188e+01) (3, -1.88185751438140869141e+00) (4, -3.56007027626037597656e+00) (5, 5.78318595886230468750e-01) (6, -1.46965789794921875000e+01) (7, -1.00202882289886474609e+00) (8, -4.11712379455566406250e+01) (9, -7.17958879470825195312e+00) (0, 5.70654535293579101562e+00) (1, 6.40343856811523437500e+00) (2, 7.17003345489501953125e+00) (3, 8.71985316276550292969e-01) (4, 5.75200356543064117432e-02) (5, 3.78568291664123535156e+00) (6, -1.52299392223358154297e+00) (7, 1.75756499171257019043e-01) (8, -2.34387340545654296875e+01) (9, 1.92572921514511108398e-02) (0, -8.44488239288330078125e+00) (1, -2.12405323982238769531e+00) (2, -3.49635338783264160156e+00) (3, -1.75131666660308837891e+00) (4, -1.34018287062644958496e-01) (5, -1.08116226196289062500e+01) (6, 1.25318324565887451172e+00) (7, 7.02443933486938476562e+00) (8, 1.92918052673339843750e+01) (9, -1.73426163196563720703e+00) (0, -8.74686145782470703125e+00) (1, -2.18836927413940429688e+00) (2, -1.92028141021728515625e+00) (3, -5.12191915512084960938e+00) (4, -7.32526421546936035156e-01) (5, -8.93772792816162109375e+00) (6, 2.81732535362243652344e+00) (7, 1.07382001876831054688e+01) (8, 1.63039474487304687500e+01) (9, -2.24277710914611816406e+00) (10, 2.07190442085266113281e+00) (11, 8.37177336215972900391e-01) (12, 8.53523015975952148438e-01) (13, 2.09755849838256835938e+00) (14, -2.05025982856750488281e+00) 
