FANN_FLO_2.1
num_layers=4
learning_rate=0.500000
connection_rate=1.000000
network_type=0
learning_momentum=0.000000
training_algorithm=2
train_error_function=1
train_stop_function=0
cascade_output_change_fraction=0.010000
quickprop_decay=-0.000100
quickprop_mu=1.750000
rprop_increase_factor=1.200000
rprop_decrease_factor=0.500000
rprop_delta_min=0.000000
rprop_delta_max=50.000000
rprop_delta_zero=0.100000
cascade_output_stagnation_epochs=12
cascade_candidate_change_fraction=0.010000
cascade_candidate_stagnation_epochs=12
cascade_max_out_epochs=150
cascade_min_out_epochs=50
cascade_max_cand_epochs=150
cascade_min_cand_epochs=50
cascade_num_candidate_groups=2
bit_fail_limit=3.49999994039535522461e-01
cascade_candidate_limit=1.00000000000000000000e+03
cascade_weight_multiplier=4.00000005960464477539e-01
cascade_activation_functions_count=10
cascade_activation_functions=3 5 7 8 10 11 14 15 16 17 
cascade_activation_steepnesses_count=4
cascade_activation_steepnesses=2.50000000000000000000e-01 5.00000000000000000000e-01 7.50000000000000000000e-01 1.00000000000000000000e+00 
layer_sizes=10 5 3 2 
scale_included=0
neurons (num_inputs, activation_function, activation_steepness)=(0, 0, 0.00000000000000000000e+00) (0, 0, 0.00000000000000000000e+00) (0, 0, 0.00000000000000000000e+00) (0, 0, 0.00000000000000000000e+00) (0, 0, 0.00000000000000000000e+00) (0, 0, 0.00000000000000000000e+00) (0, 0, 0.00000000000000000000e+00) (0, 0, 0.00000000000000000000e+00) (0, 0, 0.00000000000000000000e+00) (0, 0, 0.00000000000000000000e+00) (10, 3, 5.00000000000000000000e-01) (10, 3, 5.00000000000000000000e-01) (10, 3, 5.00000000000000000000e-01) (10, 3, 5.00000000000000000000e-01) (0, 3, 0.00000000000000000000e+00) (5, 3, 5.00000000000000000000e-01) (5, 3, 5.00000000000000000000e-01) (0, 3, 0.00000000000000000000e+00) (3, 3, 5.00000000000000000000e-01) (0, 3, 0.00000000000000000000e+00) 
connections (connected_to_neuron, weight)=(0, 6.04223388671875000000e+02) (1, -2.41408519744873046875e+01) (2, 2.20748672485351562500e+01) (3, -4.03089508056640625000e+02) (4, -6.99810974121093750000e+02) (5, 3.88117828369140625000e+01) (6, 1.59615112304687500000e+02) (7, 1.14007522583007812500e+02) (8, -6.43732166290283203125e+00) (9, 1.21115660667419433594e+00) (0, 2.58607425689697265625e+01) (1, -6.33572912216186523438e+00) (2, 1.39469413757324218750e+01) (3, 9.78115141391754150391e-01) (4, -2.74297714233398437500e+01) (5, 7.58568882942199707031e-01) (6, 1.25910062789916992188e+01) (7, -6.13915777206420898438e+00) (8, -1.64090194702148437500e+01) (9, 7.25300073623657226562e+00) (0, 2.44310045242309570312e+00) (1, -1.38474264144897460938e+01) (2, 2.80547027587890625000e+01) (3, 6.39432859420776367188e+00) (4, -1.95699062347412109375e+01) (5, 1.19951648712158203125e+01) (6, -5.49889206886291503906e-01) (7, -9.96622371673583984375e+00) (8, -1.29592418670654296875e+01) (9, 2.85455632209777832031e+00) (0, 6.46747159957885742188e+00) (1, -2.37271232604980468750e+01) (2, 2.37602920532226562500e+01) (3, 5.21378040313720703125e+00) (4, -1.00165472030639648438e+01) (5, 1.99270210266113281250e+01) (6, 4.49089670181274414062e+00) (7, -4.87167930603027343750e+00) (8, -2.44323749542236328125e+01) (9, 3.37165045738220214844e+00) (10, 5.26830434799194335938e-01) (11, -1.02545750141143798828e+00) (12, 1.26213731765747070312e+01) (13, -1.32950057983398437500e+01) (14, 5.97249221801757812500e+00) (10, 2.53994894027709960938e+00) (11, -7.61426448822021484375e-01) (12, 4.43263626098632812500e+00) (13, -7.56885623931884765625e+00) (14, 4.25107479095458984375e+00) (15, 1.10393702983856201172e+00) (16, 1.08719885349273681641e+00) (17, -1.28366541862487792969e+00) 
