FANN_FLO_2.1
num_layers=4
learning_rate=0.500000
connection_rate=1.000000
network_type=0
learning_momentum=0.000000
training_algorithm=2
train_error_function=1
train_stop_function=0
cascade_output_change_fraction=0.010000
quickprop_decay=-0.000100
quickprop_mu=1.750000
rprop_increase_factor=1.200000
rprop_decrease_factor=0.500000
rprop_delta_min=0.000000
rprop_delta_max=50.000000
rprop_delta_zero=0.100000
cascade_output_stagnation_epochs=12
cascade_candidate_change_fraction=0.010000
cascade_candidate_stagnation_epochs=12
cascade_max_out_epochs=150
cascade_min_out_epochs=50
cascade_max_cand_epochs=150
cascade_min_cand_epochs=50
cascade_num_candidate_groups=2
bit_fail_limit=3.49999994039535522461e-01
cascade_candidate_limit=1.00000000000000000000e+03
cascade_weight_multiplier=4.00000005960464477539e-01
cascade_activation_functions_count=10
cascade_activation_functions=3 5 7 8 10 11 14 15 16 17 
cascade_activation_steepnesses_count=4
cascade_activation_steepnesses=2.50000000000000000000e-01 5.00000000000000000000e-01 7.50000000000000000000e-01 1.00000000000000000000e+00 
layer_sizes=2 5 3 3 
scale_included=0
neurons (num_inputs, activation_function, activation_steepness)=(0, 0, 0.00000000000000000000e+00) (0, 0, 0.00000000000000000000e+00) (2, 3, 5.00000000000000000000e-01) (2, 3, 5.00000000000000000000e-01) (2, 3, 5.00000000000000000000e-01) (2, 3, 5.00000000000000000000e-01) (0, 3, 0.00000000000000000000e+00) (5, 3, 5.00000000000000000000e-01) (5, 3, 5.00000000000000000000e-01) (0, 3, 0.00000000000000000000e+00) (3, 0, 5.00000000000000000000e-01) (3, 0, 5.00000000000000000000e-01) (0, 0, 0.00000000000000000000e+00) 
connections (connected_to_neuron, weight)=(0, 1.50000000000000000000e+03) (1, -4.01478210449218750000e+02) (0, 1.50000000000000000000e+03) (1, -2.15865268707275390625e+01) (0, 1.50000000000000000000e+03) (1, -4.01524536132812500000e+02) (0, 4.00995178222656250000e+02) (1, -2.73993988037109375000e+02) (2, 1.50000000000000000000e+03) (3, 5.65519380569458007812e+00) (4, 1.50000000000000000000e+03) (5, -1.50000000000000000000e+03) (6, -5.09469509124755859375e+00) (2, 1.96873211860656738281e+00) (3, 1.08618521690368652344e+00) (4, 1.98032128810882568359e+00) (5, 1.50000000000000000000e+03) (6, -4.86542510986328125000e+00) (7, -2.35560393333435058594e+00) (8, 2.09383296966552734375e+00) (9, -3.67065481841564178467e-02) (7, -1.71980726718902587891e+00) (8, -3.09456133842468261719e+00) (9, 2.06966781616210937500e+00) 
