FANN_FLO_2.1
num_layers=4
learning_rate=0.500000
connection_rate=1.000000
network_type=0
learning_momentum=0.000000
training_algorithm=2
train_error_function=1
train_stop_function=0
cascade_output_change_fraction=0.010000
quickprop_decay=-0.000100
quickprop_mu=1.750000
rprop_increase_factor=1.200000
rprop_decrease_factor=0.500000
rprop_delta_min=0.000000
rprop_delta_max=50.000000
rprop_delta_zero=0.100000
cascade_output_stagnation_epochs=12
cascade_candidate_change_fraction=0.010000
cascade_candidate_stagnation_epochs=12
cascade_max_out_epochs=150
cascade_min_out_epochs=50
cascade_max_cand_epochs=150
cascade_min_cand_epochs=50
cascade_num_candidate_groups=2
bit_fail_limit=3.49999994039535522461e-01
cascade_candidate_limit=1.00000000000000000000e+03
cascade_weight_multiplier=4.00000005960464477539e-01
cascade_activation_functions_count=10
cascade_activation_functions=3 5 7 8 10 11 14 15 16 17 
cascade_activation_steepnesses_count=4
cascade_activation_steepnesses=2.50000000000000000000e-01 5.00000000000000000000e-01 7.50000000000000000000e-01 1.00000000000000000000e+00 
layer_sizes=2 5 3 3 
scale_included=0
neurons (num_inputs, activation_function, activation_steepness)=(0, 0, 0.00000000000000000000e+00) (0, 0, 0.00000000000000000000e+00) (2, 3, 5.00000000000000000000e-01) (2, 3, 5.00000000000000000000e-01) (2, 3, 5.00000000000000000000e-01) (2, 3, 5.00000000000000000000e-01) (0, 3, 0.00000000000000000000e+00) (5, 3, 5.00000000000000000000e-01) (5, 3, 5.00000000000000000000e-01) (0, 3, 0.00000000000000000000e+00) (3, 0, 5.00000000000000000000e-01) (3, 0, 5.00000000000000000000e-01) (0, 0, 0.00000000000000000000e+00) 
connections (connected_to_neuron, weight)=(0, 3.81603881835937500000e+02) (1, -5.54573120117187500000e+02) (0, 1.50000000000000000000e+03) (1, -2.55195434570312500000e+02) (0, 1.50000000000000000000e+03) (1, -1.05859756469726562500e+01) (0, 1.50000000000000000000e+03) (1, -2.74868804931640625000e+02) (2, -9.50000000000000000000e+02) (3, 1.07041186523437500000e+03) (4, 1.60926017761230468750e+01) (5, 1.50000000000000000000e+03) (6, -1.63736476898193359375e+01) (2, 1.24341491699218750000e+02) (3, 1.61512517929077148438e+00) (4, 1.46418154239654541016e+00) (5, 2.24253654479980468750e+00) (6, -5.07285022735595703125e+00) (7, -2.34859275817871093750e+00) (8, 1.57647359371185302734e+00) (9, -5.24891205132007598877e-02) (7, -8.38953912258148193359e-01) (8, -3.60997080802917480469e+00) (9, 2.06957793235778808594e+00) 
