FANN_FLO_2.1
num_layers=4
learning_rate=0.400000
connection_rate=1.000000
network_type=0
learning_momentum=0.000000
training_algorithm=2
train_error_function=1
train_stop_function=0
cascade_output_change_fraction=0.010000
quickprop_decay=-0.000100
quickprop_mu=1.750000
rprop_increase_factor=1.200000
rprop_decrease_factor=0.500000
rprop_delta_min=0.000000
rprop_delta_max=50.000000
rprop_delta_zero=0.100000
cascade_output_stagnation_epochs=12
cascade_candidate_change_fraction=0.010000
cascade_candidate_stagnation_epochs=12
cascade_max_out_epochs=150
cascade_min_out_epochs=50
cascade_max_cand_epochs=150
cascade_min_cand_epochs=50
cascade_num_candidate_groups=2
bit_fail_limit=3.49999994039535522461e-01
cascade_candidate_limit=1.00000000000000000000e+03
cascade_weight_multiplier=4.00000005960464477539e-01
cascade_activation_functions_count=10
cascade_activation_functions=3 5 7 8 10 11 14 15 16 17 
cascade_activation_steepnesses_count=4
cascade_activation_steepnesses=2.50000000000000000000e-01 5.00000000000000000000e-01 7.50000000000000000000e-01 1.00000000000000000000e+00 
layer_sizes=7 5 5 2 
scale_included=0
neurons (num_inputs, activation_function, activation_steepness)=(0, 0, 0.00000000000000000000e+00) (0, 0, 0.00000000000000000000e+00) (0, 0, 0.00000000000000000000e+00) (0, 0, 0.00000000000000000000e+00) (0, 0, 0.00000000000000000000e+00) (0, 0, 0.00000000000000000000e+00) (0, 0, 0.00000000000000000000e+00) (7, 3, 5.00000000000000000000e-01) (7, 3, 5.00000000000000000000e-01) (7, 3, 5.00000000000000000000e-01) (7, 3, 5.00000000000000000000e-01) (0, 3, 0.00000000000000000000e+00) (5, 3, 5.00000000000000000000e-01) (5, 3, 5.00000000000000000000e-01) (5, 3, 5.00000000000000000000e-01) (5, 3, 5.00000000000000000000e-01) (0, 3, 0.00000000000000000000e+00) (5, 3, 5.00000000000000000000e-01) (0, 3, 0.00000000000000000000e+00) 
connections (connected_to_neuron, weight)=(0, -1.99508821964263916016e+00) (1, -4.89480113983154296875e+00) (2, 5.19726705551147460938e+00) (3, -1.53881845474243164062e+01) (4, -3.34534144401550292969e+00) (5, 6.01249980926513671875e+00) (6, 5.53760290145874023438e+00) (0, -4.79335021972656250000e+00) (1, 3.85630345344543457031e+00) (2, -2.29096174240112304688e+00) (3, -6.13463878631591796875e+00) (4, -3.51154756546020507812e+00) (5, -1.29080004882812500000e+03) (6, 2.53175854682922363281e+00) (0, -7.12940429687500000000e+02) (1, 8.56681152343750000000e+02) (2, -7.62444580078125000000e+02) (3, -9.33744140625000000000e+02) (4, 7.88367553710937500000e+02) (5, 1.50000000000000000000e+03) (6, -1.00735225677490234375e+01) (0, -1.50000000000000000000e+03) (1, -1.50000000000000000000e+03) (2, -1.50000000000000000000e+03) (3, -1.50000000000000000000e+03) (4, -7.67744567871093750000e+02) (5, -1.31580004882812500000e+03) (6, -8.50023880004882812500e+01) (7, 1.50000000000000000000e+03) (8, 9.31792984008789062500e+01) (9, 5.28388786315917968750e+00) (10, 1.50000000000000000000e+03) (11, -1.02363815307617187500e+01) (7, 9.91661010742187500000e+02) (8, 1.50000000000000000000e+03) (9, -2.80994582176208496094e+00) (10, 1.50000000000000000000e+03) (11, -5.55628633499145507812e+00) (7, 1.50000000000000000000e+03) (8, 1.50000000000000000000e+03) (9, 2.26498046875000000000e+02) (10, 1.50000000000000000000e+03) (11, -4.32640419006347656250e+01) (7, 1.38476416015625000000e+03) (8, 1.50000000000000000000e+03) (9, -7.53581476211547851562e+00) (10, 1.50000000000000000000e+03) (11, -1.31832170486450195312e+00) (12, -1.38994491100311279297e+00) (13, -8.14470767974853515625e-01) (14, -3.04498553276062011719e-01) (15, -3.14362555742263793945e-01) (16, -3.48642051219940185547e-01) 
