FANN_FLO_2.1
num_layers=3
learning_rate=0.400000
connection_rate=1.000000
network_type=0
learning_momentum=0.000000
training_algorithm=2
train_error_function=1
train_stop_function=0
cascade_output_change_fraction=0.010000
quickprop_decay=-0.000100
quickprop_mu=1.750000
rprop_increase_factor=1.200000
rprop_decrease_factor=0.500000
rprop_delta_min=0.000000
rprop_delta_max=50.000000
rprop_delta_zero=0.100000
cascade_output_stagnation_epochs=12
cascade_candidate_change_fraction=0.010000
cascade_candidate_stagnation_epochs=12
cascade_max_out_epochs=150
cascade_min_out_epochs=50
cascade_max_cand_epochs=150
cascade_min_cand_epochs=50
cascade_num_candidate_groups=2
bit_fail_limit=3.49999994039535522461e-01
cascade_candidate_limit=1.00000000000000000000e+03
cascade_weight_multiplier=4.00000005960464477539e-01
cascade_activation_functions_count=10
cascade_activation_functions=3 5 7 8 10 11 14 15 16 17 
cascade_activation_steepnesses_count=4
cascade_activation_steepnesses=2.50000000000000000000e-01 5.00000000000000000000e-01 7.50000000000000000000e-01 1.00000000000000000000e+00 
layer_sizes=19 3 3 
scale_included=0
neurons (num_inputs, activation_function, activation_steepness)=(0, 0, 0.00000000000000000000e+00) (0, 0, 0.00000000000000000000e+00) (0, 0, 0.00000000000000000000e+00) (0, 0, 0.00000000000000000000e+00) (0, 0, 0.00000000000000000000e+00) (0, 0, 0.00000000000000000000e+00) (0, 0, 0.00000000000000000000e+00) (0, 0, 0.00000000000000000000e+00) (0, 0, 0.00000000000000000000e+00) (0, 0, 0.00000000000000000000e+00) (0, 0, 0.00000000000000000000e+00) (0, 0, 0.00000000000000000000e+00) (0, 0, 0.00000000000000000000e+00) (0, 0, 0.00000000000000000000e+00) (0, 0, 0.00000000000000000000e+00) (0, 0, 0.00000000000000000000e+00) (0, 0, 0.00000000000000000000e+00) (0, 0, 0.00000000000000000000e+00) (0, 0, 0.00000000000000000000e+00) (19, 3, 5.00000000000000000000e-01) (19, 3, 5.00000000000000000000e-01) (0, 3, 0.00000000000000000000e+00) (3, 3, 5.00000000000000000000e-01) (3, 3, 5.00000000000000000000e-01) (0, 3, 0.00000000000000000000e+00) 
connections (connected_to_neuron, weight)=(0, 8.21918678283691406250e+00) (1, 5.26077985763549804688e+00) (2, -6.07918024063110351562e+00) (3, 1.03755321502685546875e+01) (4, -7.77297198772430419922e-01) (5, -2.02657032012939453125e+00) (6, 1.28209333419799804688e+01) (7, -1.27801790833473205566e-01) (8, -4.28815317153930664062e+00) (9, -1.29305143356323242188e+01) (10, -4.10042190551757812500e+00) (11, 6.73127126693725585938e+00) (12, -6.04285335540771484375e+00) (13, -1.37625920772552490234e+00) (14, 3.22122168540954589844e+00) (15, -9.90744686126708984375e+00) (16, -7.46376132965087890625e+00) (17, 4.42550563812255859375e+00) (18, -4.73697710037231445312e+00) (0, -5.96559619903564453125e+00) (1, -2.06187772750854492188e+00) (2, 3.69939541816711425781e+00) (3, -7.64874792098999023438e+00) (4, -8.07072103023529052734e-01) (5, 5.06738138198852539062e+00) (6, -9.15256595611572265625e+00) (7, -1.25923848152160644531e+00) (8, 1.15286660194396972656e+00) (9, 6.13237094879150390625e+00) (10, 1.42997336387634277344e+00) (11, -8.58501672744750976562e-01) (12, 5.43920946121215820312e+00) (13, -4.58932630717754364014e-02) (14, -1.46257328987121582031e+00) (15, 8.26298522949218750000e+00) (16, 3.42293888330459594727e-01) (17, -3.50174880027770996094e+00) (18, -3.24443078041076660156e+00) (19, -1.22628211975097656250e+00) (20, -1.24979543685913085938e+00) (21, 7.52536505460739135742e-02) (19, 1.22691667079925537109e+00) (20, 1.24991214275360107422e+00) (21, -7.51713514328002929688e-02) 
