FANN_FLO_2.1
num_layers=4
learning_rate=0.500000
connection_rate=1.000000
network_type=0
learning_momentum=0.000000
training_algorithm=2
train_error_function=1
train_stop_function=0
cascade_output_change_fraction=0.010000
quickprop_decay=-0.000100
quickprop_mu=1.750000
rprop_increase_factor=1.200000
rprop_decrease_factor=0.500000
rprop_delta_min=0.000000
rprop_delta_max=50.000000
rprop_delta_zero=0.100000
cascade_output_stagnation_epochs=12
cascade_candidate_change_fraction=0.010000
cascade_candidate_stagnation_epochs=12
cascade_max_out_epochs=150
cascade_min_out_epochs=50
cascade_max_cand_epochs=150
cascade_min_cand_epochs=50
cascade_num_candidate_groups=2
bit_fail_limit=3.49999994039535522461e-01
cascade_candidate_limit=1.00000000000000000000e+03
cascade_weight_multiplier=4.00000005960464477539e-01
cascade_activation_functions_count=10
cascade_activation_functions=3 5 7 8 10 11 14 15 16 17 
cascade_activation_steepnesses_count=4
cascade_activation_steepnesses=2.50000000000000000000e-01 5.00000000000000000000e-01 7.50000000000000000000e-01 1.00000000000000000000e+00 
layer_sizes=10 3 3 2 
scale_included=0
neurons (num_inputs, activation_function, activation_steepness)=(0, 0, 0.00000000000000000000e+00) (0, 0, 0.00000000000000000000e+00) (0, 0, 0.00000000000000000000e+00) (0, 0, 0.00000000000000000000e+00) (0, 0, 0.00000000000000000000e+00) (0, 0, 0.00000000000000000000e+00) (0, 0, 0.00000000000000000000e+00) (0, 0, 0.00000000000000000000e+00) (0, 0, 0.00000000000000000000e+00) (0, 0, 0.00000000000000000000e+00) (10, 3, 5.00000000000000000000e-01) (10, 3, 5.00000000000000000000e-01) (0, 3, 0.00000000000000000000e+00) (3, 3, 5.00000000000000000000e-01) (3, 3, 5.00000000000000000000e-01) (0, 3, 0.00000000000000000000e+00) (3, 3, 5.00000000000000000000e-01) (0, 3, 0.00000000000000000000e+00) 
connections (connected_to_neuron, weight)=(0, 7.04215288162231445312e+00) (1, 1.62940807342529296875e+01) (2, -1.07892322540283203125e+01) (3, -8.79080009460449218750e+00) (4, 1.38045251369476318359e+00) (5, -3.10958445072174072266e-01) (6, 2.68090939521789550781e+00) (7, -6.80651998519897460938e+00) (8, -3.05934047698974609375e+00) (9, 2.35165882110595703125e+00) (0, -1.32923629760742187500e+02) (1, -1.23489746093750000000e+03) (2, -1.02729324340820312500e+02) (3, -3.08424258232116699219e+00) (4, 1.13168668746948242188e+00) (5, -3.11530798673629760742e-01) (6, 2.92630934715270996094e+00) (7, -5.81535053253173828125e+00) (8, 1.60074985027313232422e+00) (9, 2.10132813453674316406e+00) (10, 1.67142524719238281250e+01) (11, 3.02526245117187500000e+01) (12, -1.03953905105590820312e+01) (10, 1.90188007354736328125e+01) (11, 3.18645782470703125000e+01) (12, -1.19393539428710937500e+01) (13, 1.32778120040893554688e+00) (14, 1.18124008178710937500e+00) (15, -1.63372004032135009766e+00) 
