FANN_FLO_2.1
num_layers=3
learning_rate=0.500000
connection_rate=1.000000
network_type=0
learning_momentum=0.000000
training_algorithm=2
train_error_function=1
train_stop_function=0
cascade_output_change_fraction=0.010000
quickprop_decay=-0.000100
quickprop_mu=1.750000
rprop_increase_factor=1.200000
rprop_decrease_factor=0.500000
rprop_delta_min=0.000000
rprop_delta_max=50.000000
rprop_delta_zero=0.100000
cascade_output_stagnation_epochs=12
cascade_candidate_change_fraction=0.010000
cascade_candidate_stagnation_epochs=12
cascade_max_out_epochs=150
cascade_min_out_epochs=50
cascade_max_cand_epochs=150
cascade_min_cand_epochs=50
cascade_num_candidate_groups=2
bit_fail_limit=3.49999994039535522461e-01
cascade_candidate_limit=1.00000000000000000000e+03
cascade_weight_multiplier=4.00000005960464477539e-01
cascade_activation_functions_count=10
cascade_activation_functions=3 5 7 8 10 11 14 15 16 17 
cascade_activation_steepnesses_count=4
cascade_activation_steepnesses=2.50000000000000000000e-01 5.00000000000000000000e-01 7.50000000000000000000e-01 1.00000000000000000000e+00 
layer_sizes=10 3 2 
scale_included=0
neurons (num_inputs, activation_function, activation_steepness)=(0, 0, 0.00000000000000000000e+00) (0, 0, 0.00000000000000000000e+00) (0, 0, 0.00000000000000000000e+00) (0, 0, 0.00000000000000000000e+00) (0, 0, 0.00000000000000000000e+00) (0, 0, 0.00000000000000000000e+00) (0, 0, 0.00000000000000000000e+00) (0, 0, 0.00000000000000000000e+00) (0, 0, 0.00000000000000000000e+00) (0, 0, 0.00000000000000000000e+00) (10, 3, 5.00000000000000000000e-01) (10, 3, 5.00000000000000000000e-01) (0, 3, 0.00000000000000000000e+00) (3, 3, 5.00000000000000000000e-01) (0, 3, 0.00000000000000000000e+00) 
connections (connected_to_neuron, weight)=(0, -7.15458965301513671875e+00) (1, -5.61476612091064453125e+00) (2, -9.53545284271240234375e+00) (3, -1.17330396175384521484e+00) (4, 1.83373188972473144531e+00) (5, -4.04645025730133056641e-01) (6, 8.37013626098632812500e+00) (7, 1.01903924942016601562e+01) (8, 2.60162615776062011719e+00) (9, 1.03360676765441894531e+00) (0, -1.75274543762207031250e+01) (1, -1.08691811561584472656e+00) (2, -3.25342702865600585938e+00) (3, 4.44990187883377075195e-01) (4, 1.42692863941192626953e+00) (5, 3.16937255859375000000e+00) (6, 1.29844722747802734375e+01) (7, -1.40410745143890380859e+00) (8, 2.84346795082092285156e+00) (9, -8.09692442417144775391e-01) (10, -6.82190084457397460938e+00) (11, 6.76683378219604492188e+00) (12, 9.20005559921264648438e-01) 
