FANN_FLO_2.1
num_layers=4
learning_rate=0.500000
connection_rate=1.000000
network_type=0
learning_momentum=0.000000
training_algorithm=2
train_error_function=1
train_stop_function=0
cascade_output_change_fraction=0.010000
quickprop_decay=-0.000100
quickprop_mu=1.750000
rprop_increase_factor=1.200000
rprop_decrease_factor=0.500000
rprop_delta_min=0.000000
rprop_delta_max=50.000000
rprop_delta_zero=0.100000
cascade_output_stagnation_epochs=12
cascade_candidate_change_fraction=0.010000
cascade_candidate_stagnation_epochs=12
cascade_max_out_epochs=150
cascade_min_out_epochs=50
cascade_max_cand_epochs=150
cascade_min_cand_epochs=50
cascade_num_candidate_groups=2
bit_fail_limit=3.49999994039535522461e-01
cascade_candidate_limit=1.00000000000000000000e+03
cascade_weight_multiplier=4.00000005960464477539e-01
cascade_activation_functions_count=10
cascade_activation_functions=3 5 7 8 10 11 14 15 16 17 
cascade_activation_steepnesses_count=4
cascade_activation_steepnesses=2.50000000000000000000e-01 5.00000000000000000000e-01 7.50000000000000000000e-01 1.00000000000000000000e+00 
layer_sizes=2 5 3 3 
scale_included=0
neurons (num_inputs, activation_function, activation_steepness)=(0, 0, 0.00000000000000000000e+00) (0, 0, 0.00000000000000000000e+00) (2, 3, 5.00000000000000000000e-01) (2, 3, 5.00000000000000000000e-01) (2, 3, 5.00000000000000000000e-01) (2, 3, 5.00000000000000000000e-01) (0, 3, 0.00000000000000000000e+00) (5, 3, 5.00000000000000000000e-01) (5, 3, 5.00000000000000000000e-01) (0, 3, 0.00000000000000000000e+00) (3, 0, 5.00000000000000000000e-01) (3, 0, 5.00000000000000000000e-01) (0, 0, 0.00000000000000000000e+00) 
connections (connected_to_neuron, weight)=(0, 1.41958484649658203125e+01) (1, -3.75416827201843261719e+00) (0, 1.25522441864013671875e+01) (1, -6.68691635131835937500e+00) (0, 9.69000816345214843750e+00) (1, -4.78273677825927734375e+00) (0, 2.56545848846435546875e+01) (1, -1.35993075370788574219e+00) (2, -1.60880899429321289062e+00) (3, -3.82025384902954101562e+00) (4, -2.36520814895629882812e+00) (5, 1.83024537563323974609e+00) (6, 2.38551095128059387207e-01) (2, -3.67709279060363769531e+00) (3, 5.23842000961303710938e+00) (4, -7.53058120608329772949e-02) (5, -9.05220925807952880859e-01) (6, 7.94389486312866210938e-01) (7, -3.05973362922668457031e+00) (8, 3.63916277885437011719e+00) (9, -3.61131399869918823242e-01) (7, 2.96645736694335937500e+00) (8, 4.99846267700195312500e+00) (9, -3.02668833732604980469e+00) 
