FANN_FLO_2.1
num_layers=3
learning_rate=0.400000
connection_rate=1.000000
network_type=0
learning_momentum=0.000000
training_algorithm=2
train_error_function=1
train_stop_function=0
cascade_output_change_fraction=0.010000
quickprop_decay=-0.000100
quickprop_mu=1.750000
rprop_increase_factor=1.200000
rprop_decrease_factor=0.500000
rprop_delta_min=0.000000
rprop_delta_max=50.000000
rprop_delta_zero=0.100000
cascade_output_stagnation_epochs=12
cascade_candidate_change_fraction=0.010000
cascade_candidate_stagnation_epochs=12
cascade_max_out_epochs=150
cascade_min_out_epochs=50
cascade_max_cand_epochs=150
cascade_min_cand_epochs=50
cascade_num_candidate_groups=2
bit_fail_limit=3.49999994039535522461e-01
cascade_candidate_limit=1.00000000000000000000e+03
cascade_weight_multiplier=4.00000005960464477539e-01
cascade_activation_functions_count=10
cascade_activation_functions=3 5 7 8 10 11 14 15 16 17 
cascade_activation_steepnesses_count=4
cascade_activation_steepnesses=2.50000000000000000000e-01 5.00000000000000000000e-01 7.50000000000000000000e-01 1.00000000000000000000e+00 
layer_sizes=7 9 2 
scale_included=0
neurons (num_inputs, activation_function, activation_steepness)=(0, 0, 0.00000000000000000000e+00) (0, 0, 0.00000000000000000000e+00) (0, 0, 0.00000000000000000000e+00) (0, 0, 0.00000000000000000000e+00) (0, 0, 0.00000000000000000000e+00) (0, 0, 0.00000000000000000000e+00) (0, 0, 0.00000000000000000000e+00) (7, 3, 5.00000000000000000000e-01) (7, 3, 5.00000000000000000000e-01) (7, 3, 5.00000000000000000000e-01) (7, 3, 5.00000000000000000000e-01) (7, 3, 5.00000000000000000000e-01) (7, 3, 5.00000000000000000000e-01) (7, 3, 5.00000000000000000000e-01) (7, 3, 5.00000000000000000000e-01) (0, 3, 0.00000000000000000000e+00) (9, 3, 5.00000000000000000000e-01) (0, 3, 0.00000000000000000000e+00) 
connections (connected_to_neuron, weight)=(0, -2.50477528572082519531e+00) (1, -4.41830456256866455078e-01) (2, 8.02830886840820312500e+00) (3, -6.26815891265869140625e+00) (4, -3.27933359146118164062e+00) (5, 8.13877296447753906250e+00) (6, -9.96299505233764648438e-01) (0, 1.61768856048583984375e+01) (1, -1.60562973022460937500e+01) (2, 7.18014144897460937500e+00) (3, -1.10912644863128662109e+00) (4, 1.08270072937011718750e+00) (5, -4.37367868423461914062e+00) (6, 4.14311504364013671875e+00) (0, 1.80298495292663574219e+00) (1, -4.37996268272399902344e-01) (2, -6.46471560001373291016e-01) (3, 7.31011390686035156250e+00) (4, -5.87681674957275390625e+00) (5, 8.12932755798101425171e-03) (6, -1.85374867916107177734e+00) (0, 4.52572941780090332031e-01) (1, 1.97367876768112182617e-01) (2, 3.95450949668884277344e+00) (3, -3.64033460617065429688e+00) (4, 3.68472725152969360352e-01) (5, 1.81591701507568359375e+00) (6, -1.13182294368743896484e+00) (0, 6.41058206558227539062e-01) (1, 2.65127682685852050781e+00) (2, -4.02774763107299804688e+00) (3, -3.63329172134399414062e+00) (4, -9.03646528720855712891e-01) (5, 3.18271970748901367188e+00) (6, -1.50233709812164306641e+00) (0, -3.30578178167343139648e-01) (1, -1.82422176003456115723e-01) (2, -4.81158161163330078125e+00) (3, -3.61052608489990234375e+00) (4, 9.46005821228027343750e-01) (5, 2.70243287086486816406e+00) (6, -1.53486430644989013672e+00) (0, 3.20417404174804687500e+00) (1, -2.46680984497070312500e+01) (2, -4.34912538528442382812e+00) (3, 4.95325469970703125000e+00) (4, 2.22739505767822265625e+00) (5, 5.05116558074951171875e+00) (6, 3.15938401222229003906e+00) (0, -1.16711940765380859375e+01) (1, 9.54179763793945312500e+00) (2, -2.34308099746704101562e+00) (3, -2.38357210159301757812e+00) (4, -2.55106478929519653320e-01) (5, -6.06471109390258789062e+00) (6, 6.74013137817382812500e-01) (7, -9.46872174739837646484e-01) (8, -2.29977941513061523438e+00) (9, -1.18965446949005126953e+00) (10, -1.00387275218963623047e+00) (11, -1.17847108840942382812e+00) (12, -1.23406469821929931641e+00) (13, -1.12785232067108154297e+00) (14, -7.67775487899780273438e+00) (15, 1.92607760429382324219e+00) 
