FANN_FLO_2.1
num_layers=4
learning_rate=0.400000
connection_rate=1.000000
network_type=0
learning_momentum=0.000000
training_algorithm=2
train_error_function=1
train_stop_function=0
cascade_output_change_fraction=0.010000
quickprop_decay=-0.000100
quickprop_mu=1.750000
rprop_increase_factor=1.200000
rprop_decrease_factor=0.500000
rprop_delta_min=0.000000
rprop_delta_max=50.000000
rprop_delta_zero=0.100000
cascade_output_stagnation_epochs=12
cascade_candidate_change_fraction=0.010000
cascade_candidate_stagnation_epochs=12
cascade_max_out_epochs=150
cascade_min_out_epochs=50
cascade_max_cand_epochs=150
cascade_min_cand_epochs=50
cascade_num_candidate_groups=2
bit_fail_limit=3.49999994039535522461e-01
cascade_candidate_limit=1.00000000000000000000e+03
cascade_weight_multiplier=4.00000005960464477539e-01
cascade_activation_functions_count=10
cascade_activation_functions=3 5 7 8 10 11 14 15 16 17 
cascade_activation_steepnesses_count=4
cascade_activation_steepnesses=2.50000000000000000000e-01 5.00000000000000000000e-01 7.50000000000000000000e-01 1.00000000000000000000e+00 
layer_sizes=7 3 3 2 
scale_included=0
neurons (num_inputs, activation_function, activation_steepness)=(0, 0, 0.00000000000000000000e+00) (0, 0, 0.00000000000000000000e+00) (0, 0, 0.00000000000000000000e+00) (0, 0, 0.00000000000000000000e+00) (0, 0, 0.00000000000000000000e+00) (0, 0, 0.00000000000000000000e+00) (0, 0, 0.00000000000000000000e+00) (7, 3, 5.00000000000000000000e-01) (7, 3, 5.00000000000000000000e-01) (0, 3, 0.00000000000000000000e+00) (3, 3, 5.00000000000000000000e-01) (3, 3, 5.00000000000000000000e-01) (0, 3, 0.00000000000000000000e+00) (3, 3, 5.00000000000000000000e-01) (0, 3, 0.00000000000000000000e+00) 
connections (connected_to_neuron, weight)=(0, -1.21995525360107421875e+01) (1, 2.40438270568847656250e+01) (2, -3.95086517333984375000e+01) (3, 2.40057325363159179688e+00) (4, -1.85915775299072265625e+01) (5, -8.76308536529541015625e+00) (6, 1.30439364910125732422e+00) (0, -5.78831338882446289062e+00) (1, 7.21067488193511962891e-01) (2, -2.41101002693176269531e+00) (3, -5.98469924926757812500e+00) (4, -1.08895190060138702393e-01) (5, 1.17046821117401123047e+00) (6, 2.74536061286926269531e+00) (7, 2.50212097167968750000e+00) (8, 7.82933998107910156250e+00) (9, -3.41141152381896972656e+00) (7, 5.76157689094543457031e-01) (8, 4.25259017944335937500e+01) (9, -1.24949967861175537109e+00) (10, -2.28189110755920410156e+00) (11, -1.17488944530487060547e+00) (12, -1.08743762969970703125e+00) 
