FANN_FLO_2.1
num_layers=4
learning_rate=0.500000
connection_rate=1.000000
network_type=0
learning_momentum=0.000000
training_algorithm=2
train_error_function=1
train_stop_function=0
cascade_output_change_fraction=0.010000
quickprop_decay=-0.000100
quickprop_mu=1.750000
rprop_increase_factor=1.200000
rprop_decrease_factor=0.500000
rprop_delta_min=0.000000
rprop_delta_max=50.000000
rprop_delta_zero=0.100000
cascade_output_stagnation_epochs=12
cascade_candidate_change_fraction=0.010000
cascade_candidate_stagnation_epochs=12
cascade_max_out_epochs=150
cascade_min_out_epochs=50
cascade_max_cand_epochs=150
cascade_min_cand_epochs=50
cascade_num_candidate_groups=2
bit_fail_limit=3.49999994039535522461e-01
cascade_candidate_limit=1.00000000000000000000e+03
cascade_weight_multiplier=4.00000005960464477539e-01
cascade_activation_functions_count=10
cascade_activation_functions=3 5 7 8 10 11 14 15 16 17 
cascade_activation_steepnesses_count=4
cascade_activation_steepnesses=2.50000000000000000000e-01 5.00000000000000000000e-01 7.50000000000000000000e-01 1.00000000000000000000e+00 
layer_sizes=2 5 3 3 
scale_included=0
neurons (num_inputs, activation_function, activation_steepness)=(0, 0, 0.00000000000000000000e+00) (0, 0, 0.00000000000000000000e+00) (2, 3, 5.00000000000000000000e-01) (2, 3, 5.00000000000000000000e-01) (2, 3, 5.00000000000000000000e-01) (2, 3, 5.00000000000000000000e-01) (0, 3, 0.00000000000000000000e+00) (5, 3, 5.00000000000000000000e-01) (5, 3, 5.00000000000000000000e-01) (0, 3, 0.00000000000000000000e+00) (3, 0, 5.00000000000000000000e-01) (3, 0, 5.00000000000000000000e-01) (0, 0, 0.00000000000000000000e+00) 
connections (connected_to_neuron, weight)=(0, 4.57316894531250000000e+01) (1, -1.25788030624389648438e+01) (0, 2.32255725860595703125e+01) (1, -9.90420055389404296875e+00) (0, 1.47923755645751953125e+01) (1, -3.01314449310302734375e+00) (0, 8.99931030273437500000e+01) (1, -1.31785488128662109375e+01) (2, -1.50855169296264648438e+01) (3, -6.08785915374755859375e+00) (4, 1.65647506713867187500e+01) (5, 2.85124754905700683594e+00) (6, -1.24158239364624023438e+00) (2, 6.55118301510810852051e-02) (3, 3.01212453842163085938e+00) (4, 3.41823101043701171875e+00) (5, 1.22538733482360839844e+00) (6, -4.12534475326538085938e+00) (7, -2.56636166572570800781e+00) (8, -1.02768194675445556641e+00) (9, 9.81402039527893066406e-01) (7, -7.72077441215515136719e-01) (8, -4.47672319412231445312e+00) (9, 2.39110660552978515625e+00) 
