FANN_FLO_2.1
num_layers=3
learning_rate=0.400000
connection_rate=1.000000
network_type=0
learning_momentum=0.000000
training_algorithm=2
train_error_function=1
train_stop_function=0
cascade_output_change_fraction=0.010000
quickprop_decay=-0.000100
quickprop_mu=1.750000
rprop_increase_factor=1.200000
rprop_decrease_factor=0.500000
rprop_delta_min=0.000000
rprop_delta_max=50.000000
rprop_delta_zero=0.100000
cascade_output_stagnation_epochs=12
cascade_candidate_change_fraction=0.010000
cascade_candidate_stagnation_epochs=12
cascade_max_out_epochs=150
cascade_min_out_epochs=50
cascade_max_cand_epochs=150
cascade_min_cand_epochs=50
cascade_num_candidate_groups=2
bit_fail_limit=3.49999994039535522461e-01
cascade_candidate_limit=1.00000000000000000000e+03
cascade_weight_multiplier=4.00000005960464477539e-01
cascade_activation_functions_count=10
cascade_activation_functions=3 5 7 8 10 11 14 15 16 17 
cascade_activation_steepnesses_count=4
cascade_activation_steepnesses=2.50000000000000000000e-01 5.00000000000000000000e-01 7.50000000000000000000e-01 1.00000000000000000000e+00 
layer_sizes=7 9 2 
scale_included=0
neurons (num_inputs, activation_function, activation_steepness)=(0, 0, 0.00000000000000000000e+00) (0, 0, 0.00000000000000000000e+00) (0, 0, 0.00000000000000000000e+00) (0, 0, 0.00000000000000000000e+00) (0, 0, 0.00000000000000000000e+00) (0, 0, 0.00000000000000000000e+00) (0, 0, 0.00000000000000000000e+00) (7, 3, 5.00000000000000000000e-01) (7, 3, 5.00000000000000000000e-01) (7, 3, 5.00000000000000000000e-01) (7, 3, 5.00000000000000000000e-01) (7, 3, 5.00000000000000000000e-01) (7, 3, 5.00000000000000000000e-01) (7, 3, 5.00000000000000000000e-01) (7, 3, 5.00000000000000000000e-01) (0, 3, 0.00000000000000000000e+00) (9, 3, 5.00000000000000000000e-01) (0, 3, 0.00000000000000000000e+00) 
connections (connected_to_neuron, weight)=(0, -1.00377416610717773438e+01) (1, -9.09542602539062500000e+02) (2, -7.66917753219604492188e+00) (3, -4.61190490722656250000e+02) (4, -2.00272354125976562500e+02) (5, 1.36026269531250000000e+03) (6, -1.20901092529296875000e+02) (0, -1.62994301319122314453e+00) (1, -1.01830673217773437500e+00) (2, 3.34071373939514160156e+00) (3, -4.06926393508911132812e+00) (4, -1.16264271736145019531e+00) (5, -5.73585629463195800781e-01) (6, 6.53128921985626220703e-01) (0, 4.50159358978271484375e+00) (1, -7.57242727279663085938e+00) (2, 5.91263580322265625000e+00) (3, -5.84186792373657226562e+00) (4, 7.45182037353515625000e-01) (5, 3.91048693656921386719e+00) (6, -1.77642500400543212891e+00) (0, 1.11903343200683593750e+01) (1, -1.25471858978271484375e+01) (2, 1.42326545715332031250e+00) (3, -3.35200011730194091797e-01) (4, -3.43622684478759765625e+00) (5, -7.46849489212036132812e+00) (6, 8.88220119476318359375e+00) (0, -4.99769747257232666016e-01) (1, -7.58263051509857177734e-01) (2, 2.45849919319152832031e+00) (3, -6.01967477798461914062e+00) (4, -9.10494923591613769531e-01) (5, 5.71303329467773437500e+01) (6, 2.48512291908264160156e+00) (0, -9.18347388505935668945e-02) (1, -8.82841467857360839844e-01) (2, 5.61759376525878906250e+00) (3, -6.02487087249755859375e+00) (4, -5.82039546966552734375e+00) (5, 6.08197832107543945312e+00) (6, -6.90386369824409484863e-02) (0, -1.17410736083984375000e+01) (1, 8.62529850006103515625e+00) (2, 9.65148448944091796875e-01) (3, -3.77429223060607910156e+00) (4, -1.75550174713134765625e+00) (5, -9.12761688232421875000e+00) (6, 2.65395879745483398438e+00) (0, 1.43811500072479248047e+00) (1, -1.84966087341308593750e+01) (2, -1.12324119567871093750e+02) (3, -8.30295383930206298828e-01) (4, -9.78529453277587890625e+00) (5, 6.93597335815429687500e+01) (6, 2.85459976196289062500e+01) (7, -7.64528930187225341797e-01) (8, 1.51069440841674804688e+01) (9, -5.10825777053833007812e+00) (10, -2.22686743736267089844e+00) (11, -1.06209278106689453125e+00) (12, -6.59309864044189453125e-01) (13, -7.96297979354858398438e+00) (14, -3.72923344373703002930e-01) (15, 9.24198567867279052734e-01) 
