FANN_FLO_2.1
num_layers=4
learning_rate=0.500000
connection_rate=1.000000
network_type=0
learning_momentum=0.000000
training_algorithm=2
train_error_function=1
train_stop_function=0
cascade_output_change_fraction=0.010000
quickprop_decay=-0.000100
quickprop_mu=1.750000
rprop_increase_factor=1.200000
rprop_decrease_factor=0.500000
rprop_delta_min=0.000000
rprop_delta_max=50.000000
rprop_delta_zero=0.100000
cascade_output_stagnation_epochs=12
cascade_candidate_change_fraction=0.010000
cascade_candidate_stagnation_epochs=12
cascade_max_out_epochs=150
cascade_min_out_epochs=50
cascade_max_cand_epochs=150
cascade_min_cand_epochs=50
cascade_num_candidate_groups=2
bit_fail_limit=3.49999994039535522461e-01
cascade_candidate_limit=1.00000000000000000000e+03
cascade_weight_multiplier=4.00000005960464477539e-01
cascade_activation_functions_count=10
cascade_activation_functions=3 5 7 8 10 11 14 15 16 17 
cascade_activation_steepnesses_count=4
cascade_activation_steepnesses=2.50000000000000000000e-01 5.00000000000000000000e-01 7.50000000000000000000e-01 1.00000000000000000000e+00 
layer_sizes=10 5 3 2 
scale_included=0
neurons (num_inputs, activation_function, activation_steepness)=(0, 0, 0.00000000000000000000e+00) (0, 0, 0.00000000000000000000e+00) (0, 0, 0.00000000000000000000e+00) (0, 0, 0.00000000000000000000e+00) (0, 0, 0.00000000000000000000e+00) (0, 0, 0.00000000000000000000e+00) (0, 0, 0.00000000000000000000e+00) (0, 0, 0.00000000000000000000e+00) (0, 0, 0.00000000000000000000e+00) (0, 0, 0.00000000000000000000e+00) (10, 3, 5.00000000000000000000e-01) (10, 3, 5.00000000000000000000e-01) (10, 3, 5.00000000000000000000e-01) (10, 3, 5.00000000000000000000e-01) (0, 3, 0.00000000000000000000e+00) (5, 3, 5.00000000000000000000e-01) (5, 3, 5.00000000000000000000e-01) (0, 3, 0.00000000000000000000e+00) (3, 3, 5.00000000000000000000e-01) (0, 3, 0.00000000000000000000e+00) 
connections (connected_to_neuron, weight)=(0, -4.05265212059020996094e-01) (1, 8.33644807338714599609e-01) (2, 1.03430805206298828125e+01) (3, 2.59834527969360351562e+00) (4, 2.26892542839050292969e+00) (5, 1.06491909027099609375e+01) (6, -1.12840223312377929688e+01) (7, -4.22699689865112304688e+00) (8, -1.10440340042114257812e+01) (9, -1.85806143283843994141e+00) (0, -2.07908049225807189941e-01) (1, 6.63560450077056884766e-01) (2, -2.74892711639404296875e+01) (3, 4.86399754881858825684e-02) (4, -1.16567957401275634766e+00) (5, -2.14747023582458496094e+00) (6, 9.79134976863861083984e-01) (7, 7.80227243900299072266e-01) (8, 1.45408697128295898438e+01) (9, 1.49895000457763671875e+00) (0, -1.33564507961273193359e+00) (1, 1.60813927650451660156e+00) (2, -2.71254329681396484375e+01) (3, 8.18739414215087890625e-01) (4, -7.90730640292167663574e-02) (5, 1.72213423252105712891e+00) (6, -4.39828373491764068604e-02) (7, 5.36113083362579345703e-01) (8, 8.14585018157958984375e+00) (9, 1.91455101966857910156e+00) (0, 3.25614585876464843750e+01) (1, 4.94770431518554687500e+00) (2, 4.28417062759399414062e+00) (3, 5.98356533050537109375e+00) (4, 1.98677527904510498047e+00) (5, -1.03625898361206054688e+01) (6, 2.67303733825683593750e+01) (7, 2.64816875457763671875e+01) (8, -7.36979370117187500000e+01) (9, 1.36913919448852539062e+00) (10, -5.77642028808593750000e+02) (11, 6.19359970092773437500e+00) (12, -6.59434080123901367188e+00) (13, 6.02525207519531250000e+02) (14, -1.63240551948547363281e-01) (10, -4.18344640731811523438e+00) (11, -1.38366651535034179688e+00) (12, -2.78243565559387207031e+00) (13, 1.84208643436431884766e+00) (14, 3.75204890966415405273e-01) (15, 7.90193200111389160156e-01) (16, -3.56245207786560058594e+00) (17, 6.52134001255035400391e-01) 
