FANN_FLO_2.1
num_layers=3
learning_rate=0.400000
connection_rate=1.000000
network_type=0
learning_momentum=0.000000
training_algorithm=2
train_error_function=1
train_stop_function=0
cascade_output_change_fraction=0.010000
quickprop_decay=-0.000100
quickprop_mu=1.750000
rprop_increase_factor=1.200000
rprop_decrease_factor=0.500000
rprop_delta_min=0.000000
rprop_delta_max=50.000000
rprop_delta_zero=0.100000
cascade_output_stagnation_epochs=12
cascade_candidate_change_fraction=0.010000
cascade_candidate_stagnation_epochs=12
cascade_max_out_epochs=150
cascade_min_out_epochs=50
cascade_max_cand_epochs=150
cascade_min_cand_epochs=50
cascade_num_candidate_groups=2
bit_fail_limit=3.49999994039535522461e-01
cascade_candidate_limit=1.00000000000000000000e+03
cascade_weight_multiplier=4.00000005960464477539e-01
cascade_activation_functions_count=10
cascade_activation_functions=3 5 7 8 10 11 14 15 16 17 
cascade_activation_steepnesses_count=4
cascade_activation_steepnesses=2.50000000000000000000e-01 5.00000000000000000000e-01 7.50000000000000000000e-01 1.00000000000000000000e+00 
layer_sizes=7 5 2 
scale_included=0
neurons (num_inputs, activation_function, activation_steepness)=(0, 0, 0.00000000000000000000e+00) (0, 0, 0.00000000000000000000e+00) (0, 0, 0.00000000000000000000e+00) (0, 0, 0.00000000000000000000e+00) (0, 0, 0.00000000000000000000e+00) (0, 0, 0.00000000000000000000e+00) (0, 0, 0.00000000000000000000e+00) (7, 3, 5.00000000000000000000e-01) (7, 3, 5.00000000000000000000e-01) (7, 3, 5.00000000000000000000e-01) (7, 3, 5.00000000000000000000e-01) (0, 3, 0.00000000000000000000e+00) (5, 3, 5.00000000000000000000e-01) (0, 3, 0.00000000000000000000e+00) 
connections (connected_to_neuron, weight)=(0, -6.73729801177978515625e+00) (1, 6.20466995239257812500e+00) (2, -1.82939887046813964844e+00) (3, -1.21297168731689453125e+00) (4, -6.08460545539855957031e-01) (5, -3.85917830467224121094e+00) (6, -6.43622457981109619141e-01) (0, -2.61506080627441406250e+00) (1, -3.96720814704895019531e+00) (2, 1.92602479457855224609e+00) (3, -8.38519001007080078125e+00) (4, -3.06814193725585937500e+00) (5, 5.37592828273773193359e-01) (6, 1.10410947799682617188e+01) (0, 8.63579654693603515625e+00) (1, -8.96132755279541015625e+00) (2, 4.18720388412475585938e+00) (3, -1.28734564781188964844e+00) (4, -6.97843432426452636719e-02) (5, 6.28827905654907226562e+00) (6, -6.57872772216796875000e+00) (0, -1.14263772964477539062e+00) (1, -1.30067932605743408203e+00) (2, 9.70680999755859375000e+00) (3, -3.21305006742477416992e-01) (4, -9.90077108144760131836e-03) (5, 2.19577860832214355469e+00) (6, 4.26865816116333007812e+00) (7, -1.14015588760375976562e+01) (8, -7.37958192825317382812e-01) (9, -5.90151500701904296875e+00) (10, -6.88575088977813720703e-01) (11, 2.48009353876113891602e-01) 
