FANN_FLO_2.1
num_layers=4
learning_rate=0.500000
connection_rate=1.000000
network_type=0
learning_momentum=0.000000
training_algorithm=2
train_error_function=1
train_stop_function=0
cascade_output_change_fraction=0.010000
quickprop_decay=-0.000100
quickprop_mu=1.750000
rprop_increase_factor=1.200000
rprop_decrease_factor=0.500000
rprop_delta_min=0.000000
rprop_delta_max=50.000000
rprop_delta_zero=0.100000
cascade_output_stagnation_epochs=12
cascade_candidate_change_fraction=0.010000
cascade_candidate_stagnation_epochs=12
cascade_max_out_epochs=150
cascade_min_out_epochs=50
cascade_max_cand_epochs=150
cascade_min_cand_epochs=50
cascade_num_candidate_groups=2
bit_fail_limit=3.49999994039535522461e-01
cascade_candidate_limit=1.00000000000000000000e+03
cascade_weight_multiplier=4.00000005960464477539e-01
cascade_activation_functions_count=10
cascade_activation_functions=3 5 7 8 10 11 14 15 16 17 
cascade_activation_steepnesses_count=4
cascade_activation_steepnesses=2.50000000000000000000e-01 5.00000000000000000000e-01 7.50000000000000000000e-01 1.00000000000000000000e+00 
layer_sizes=10 3 3 2 
scale_included=0
neurons (num_inputs, activation_function, activation_steepness)=(0, 0, 0.00000000000000000000e+00) (0, 0, 0.00000000000000000000e+00) (0, 0, 0.00000000000000000000e+00) (0, 0, 0.00000000000000000000e+00) (0, 0, 0.00000000000000000000e+00) (0, 0, 0.00000000000000000000e+00) (0, 0, 0.00000000000000000000e+00) (0, 0, 0.00000000000000000000e+00) (0, 0, 0.00000000000000000000e+00) (0, 0, 0.00000000000000000000e+00) (10, 3, 5.00000000000000000000e-01) (10, 3, 5.00000000000000000000e-01) (0, 3, 0.00000000000000000000e+00) (3, 3, 5.00000000000000000000e-01) (3, 3, 5.00000000000000000000e-01) (0, 3, 0.00000000000000000000e+00) (3, 3, 5.00000000000000000000e-01) (0, 3, 0.00000000000000000000e+00) 
connections (connected_to_neuron, weight)=(0, -2.67155081033706665039e-01) (1, -1.24737577438354492188e+01) (2, 3.38646602630615234375e+00) (3, 7.05745458602905273438e+00) (4, -1.15479752421379089355e-01) (5, -1.05550270080566406250e+01) (6, 6.00071954727172851562e+00) (7, 1.06158304214477539062e+00) (8, -2.78002643585205078125e+00) (9, -7.21617937088012695312e-01) (0, 4.27869796752929687500e+00) (1, -3.65724253654479980469e+00) (2, -3.22136425971984863281e+00) (3, 2.90949573516845703125e+01) (4, -2.69389533996582031250e+00) (5, -1.69615516662597656250e+01) (6, 3.04901266098022460938e+00) (7, 3.73952686786651611328e-01) (8, -1.11069498062133789062e+01) (9, -5.96417069435119628906e-01) (10, 1.50000000000000000000e+03) (11, -1.50000000000000000000e+03) (12, 9.36462044715881347656e-01) (10, 1.60920219421386718750e+01) (11, -1.16576976776123046875e+01) (12, -5.19844107329845428467e-02) (13, -5.86469434201717376709e-02) (14, 3.02042818069458007812e+00) (15, -5.61499357223510742188e-01) 
