FANN_FLO_2.1
num_layers=4
learning_rate=0.500000
connection_rate=1.000000
network_type=0
learning_momentum=0.000000
training_algorithm=2
train_error_function=1
train_stop_function=0
cascade_output_change_fraction=0.010000
quickprop_decay=-0.000100
quickprop_mu=1.750000
rprop_increase_factor=1.200000
rprop_decrease_factor=0.500000
rprop_delta_min=0.000000
rprop_delta_max=50.000000
rprop_delta_zero=0.100000
cascade_output_stagnation_epochs=12
cascade_candidate_change_fraction=0.010000
cascade_candidate_stagnation_epochs=12
cascade_max_out_epochs=150
cascade_min_out_epochs=50
cascade_max_cand_epochs=150
cascade_min_cand_epochs=50
cascade_num_candidate_groups=2
bit_fail_limit=3.49999994039535522461e-01
cascade_candidate_limit=1.00000000000000000000e+03
cascade_weight_multiplier=4.00000005960464477539e-01
cascade_activation_functions_count=10
cascade_activation_functions=3 5 7 8 10 11 14 15 16 17 
cascade_activation_steepnesses_count=4
cascade_activation_steepnesses=2.50000000000000000000e-01 5.00000000000000000000e-01 7.50000000000000000000e-01 1.00000000000000000000e+00 
layer_sizes=2 5 3 3 
scale_included=0
neurons (num_inputs, activation_function, activation_steepness)=(0, 0, 0.00000000000000000000e+00) (0, 0, 0.00000000000000000000e+00) (2, 3, 5.00000000000000000000e-01) (2, 3, 5.00000000000000000000e-01) (2, 3, 5.00000000000000000000e-01) (2, 3, 5.00000000000000000000e-01) (0, 3, 0.00000000000000000000e+00) (5, 3, 5.00000000000000000000e-01) (5, 3, 5.00000000000000000000e-01) (0, 3, 0.00000000000000000000e+00) (3, 0, 5.00000000000000000000e-01) (3, 0, 5.00000000000000000000e-01) (0, 0, 0.00000000000000000000e+00) 
connections (connected_to_neuron, weight)=(0, 1.50000000000000000000e+03) (1, 4.59667682647705078125e+00) (0, -4.35883636474609375000e+01) (1, 1.20298137664794921875e+01) (0, 1.50000000000000000000e+03) (1, 4.14026165008544921875e+00) (0, 1.50000000000000000000e+03) (1, -3.50018280029296875000e+02) (2, -4.97242156982421875000e+02) (3, 1.49346911621093750000e+03) (4, -4.97072418212890625000e+02) (5, -9.84808325767517089844e-01) (6, -1.33234878540039062500e+02) (2, 3.68455410003662109375e-01) (3, -8.14346504211425781250e+00) (4, 2.78846406936645507812e+00) (5, 2.29266142845153808594e+00) (6, 4.77121448516845703125e+00) (7, -9.28413629531860351562e-01) (8, -2.61468791961669921875e+00) (9, 1.27882647514343261719e+00) (7, 1.72966897487640380859e+00) (8, -2.13496208190917968750e+00) (9, 8.13869655132293701172e-01) 
