FANN_FLO_2.1
num_layers=4
learning_rate=0.400000
connection_rate=1.000000
network_type=0
learning_momentum=0.000000
training_algorithm=2
train_error_function=1
train_stop_function=0
cascade_output_change_fraction=0.010000
quickprop_decay=-0.000100
quickprop_mu=1.750000
rprop_increase_factor=1.200000
rprop_decrease_factor=0.500000
rprop_delta_min=0.000000
rprop_delta_max=50.000000
rprop_delta_zero=0.100000
cascade_output_stagnation_epochs=12
cascade_candidate_change_fraction=0.010000
cascade_candidate_stagnation_epochs=12
cascade_max_out_epochs=150
cascade_min_out_epochs=50
cascade_max_cand_epochs=150
cascade_min_cand_epochs=50
cascade_num_candidate_groups=2
bit_fail_limit=3.49999994039535522461e-01
cascade_candidate_limit=1.00000000000000000000e+03
cascade_weight_multiplier=4.00000005960464477539e-01
cascade_activation_functions_count=10
cascade_activation_functions=3 5 7 8 10 11 14 15 16 17 
cascade_activation_steepnesses_count=4
cascade_activation_steepnesses=2.50000000000000000000e-01 5.00000000000000000000e-01 7.50000000000000000000e-01 1.00000000000000000000e+00 
layer_sizes=7 5 5 2 
scale_included=0
neurons (num_inputs, activation_function, activation_steepness)=(0, 0, 0.00000000000000000000e+00) (0, 0, 0.00000000000000000000e+00) (0, 0, 0.00000000000000000000e+00) (0, 0, 0.00000000000000000000e+00) (0, 0, 0.00000000000000000000e+00) (0, 0, 0.00000000000000000000e+00) (0, 0, 0.00000000000000000000e+00) (7, 3, 5.00000000000000000000e-01) (7, 3, 5.00000000000000000000e-01) (7, 3, 5.00000000000000000000e-01) (7, 3, 5.00000000000000000000e-01) (0, 3, 0.00000000000000000000e+00) (5, 3, 5.00000000000000000000e-01) (5, 3, 5.00000000000000000000e-01) (5, 3, 5.00000000000000000000e-01) (5, 3, 5.00000000000000000000e-01) (0, 3, 0.00000000000000000000e+00) (5, 3, 5.00000000000000000000e-01) (0, 3, 0.00000000000000000000e+00) 
connections (connected_to_neuron, weight)=(0, 2.30771946907043457031e+00) (1, -9.16010284423828125000e+00) (2, 1.60591945648193359375e+01) (3, 6.06448602676391601562e+00) (4, -7.57212781906127929688e+00) (5, 2.34267497062683105469e+00) (6, 2.11548519134521484375e+00) (0, -1.44566860198974609375e+01) (1, 1.02878255844116210938e+01) (2, 5.56453180313110351562e+00) (3, 2.27115821838378906250e+00) (4, -5.64418363571166992188e+00) (5, 3.14477229118347167969e+00) (6, 3.48029553890228271484e-01) (0, -5.22485733032226562500e-01) (1, -1.18683767318725585938e+00) (2, 7.82567882537841796875e+00) (3, -5.18961048126220703125e+00) (4, -1.88668572902679443359e+00) (5, -7.41294205188751220703e-01) (6, 3.68675422668457031250e+00) (0, -7.26168346405029296875e+00) (1, 5.51101350784301757812e+00) (2, -6.34911489486694335938e+00) (3, -1.88701570034027099609e+00) (4, -4.89552259445190429688e-01) (5, 2.04380559921264648438e+00) (6, 2.16914916038513183594e+00) (7, 1.80049467086791992188e+00) (8, -4.79672431945800781250e+00) (9, 2.63699970245361328125e+01) (10, -1.37896451950073242188e+01) (11, 2.51435422897338867188e+00) (7, 1.50868377685546875000e+01) (8, -1.80235176086425781250e+01) (9, 6.59219741821289062500e+00) (10, -1.81665515899658203125e+00) (11, -4.45422470569610595703e-01) (7, -9.74138069152832031250e+00) (8, 2.66514339447021484375e+01) (9, -3.11443853378295898438e+00) (10, 8.15409183502197265625e+00) (11, -2.45973181724548339844e+00) (7, 4.13477468490600585938e+00) (8, -7.61235618591308593750e+00) (9, 3.92668294906616210938e+00) (10, 9.81771349906921386719e-01) (11, -2.82105851173400878906e+00) (12, -5.87285518646240234375e-01) (13, -1.19454097747802734375e+00) (14, -2.57813167572021484375e+00) (15, -1.34189879894256591797e+00) (16, 6.80242419242858886719e-01) 
