FANN_FLO_2.1
num_layers=4
learning_rate=0.400000
connection_rate=1.000000
network_type=0
learning_momentum=0.000000
training_algorithm=2
train_error_function=1
train_stop_function=0
cascade_output_change_fraction=0.010000
quickprop_decay=-0.000100
quickprop_mu=1.750000
rprop_increase_factor=1.200000
rprop_decrease_factor=0.500000
rprop_delta_min=0.000000
rprop_delta_max=50.000000
rprop_delta_zero=0.100000
cascade_output_stagnation_epochs=12
cascade_candidate_change_fraction=0.010000
cascade_candidate_stagnation_epochs=12
cascade_max_out_epochs=150
cascade_min_out_epochs=50
cascade_max_cand_epochs=150
cascade_min_cand_epochs=50
cascade_num_candidate_groups=2
bit_fail_limit=3.49999994039535522461e-01
cascade_candidate_limit=1.00000000000000000000e+03
cascade_weight_multiplier=4.00000005960464477539e-01
cascade_activation_functions_count=10
cascade_activation_functions=3 5 7 8 10 11 14 15 16 17 
cascade_activation_steepnesses_count=4
cascade_activation_steepnesses=2.50000000000000000000e-01 5.00000000000000000000e-01 7.50000000000000000000e-01 1.00000000000000000000e+00 
layer_sizes=7 3 3 2 
scale_included=0
neurons (num_inputs, activation_function, activation_steepness)=(0, 0, 0.00000000000000000000e+00) (0, 0, 0.00000000000000000000e+00) (0, 0, 0.00000000000000000000e+00) (0, 0, 0.00000000000000000000e+00) (0, 0, 0.00000000000000000000e+00) (0, 0, 0.00000000000000000000e+00) (0, 0, 0.00000000000000000000e+00) (7, 3, 5.00000000000000000000e-01) (7, 3, 5.00000000000000000000e-01) (0, 3, 0.00000000000000000000e+00) (3, 3, 5.00000000000000000000e-01) (3, 3, 5.00000000000000000000e-01) (0, 3, 0.00000000000000000000e+00) (3, 3, 5.00000000000000000000e-01) (0, 3, 0.00000000000000000000e+00) 
connections (connected_to_neuron, weight)=(0, -8.27849102020263671875e+00) (1, 1.16940622329711914062e+01) (2, -5.57895698547363281250e+01) (3, 4.65354766845703125000e+02) (4, -1.45278979492187500000e+03) (5, 1.20326354980468750000e+03) (6, 1.33457374572753906250e+01) (0, -2.62994146347045898438e+00) (1, -2.13320434093475341797e-01) (2, 3.55670189857482910156e+00) (3, -4.10695171356201171875e+00) (4, -1.39060616493225097656e+00) (5, 4.22320783138275146484e-01) (6, 3.19788694381713867188e+00) (7, 3.88570713996887207031e+00) (8, 1.66040019989013671875e+01) (9, -4.85427856445312500000e+00) (7, -8.63667869567871093750e+00) (8, 2.04692840576171875000e+01) (9, -9.44791316986083984375e-01) (10, -1.45723605155944824219e+00) (11, -9.08526957035064697266e-01) (12, -9.78488445281982421875e-01) 
