FANN_FLO_2.1
num_layers=3
learning_rate=0.400000
connection_rate=1.000000
network_type=0
learning_momentum=0.000000
training_algorithm=2
train_error_function=1
train_stop_function=0
cascade_output_change_fraction=0.010000
quickprop_decay=-0.000100
quickprop_mu=1.750000
rprop_increase_factor=1.200000
rprop_decrease_factor=0.500000
rprop_delta_min=0.000000
rprop_delta_max=50.000000
rprop_delta_zero=0.100000
cascade_output_stagnation_epochs=12
cascade_candidate_change_fraction=0.010000
cascade_candidate_stagnation_epochs=12
cascade_max_out_epochs=150
cascade_min_out_epochs=50
cascade_max_cand_epochs=150
cascade_min_cand_epochs=50
cascade_num_candidate_groups=2
bit_fail_limit=3.49999994039535522461e-01
cascade_candidate_limit=1.00000000000000000000e+03
cascade_weight_multiplier=4.00000005960464477539e-01
cascade_activation_functions_count=10
cascade_activation_functions=3 5 7 8 10 11 14 15 16 17 
cascade_activation_steepnesses_count=4
cascade_activation_steepnesses=2.50000000000000000000e-01 5.00000000000000000000e-01 7.50000000000000000000e-01 1.00000000000000000000e+00 
layer_sizes=7 9 2 
scale_included=0
neurons (num_inputs, activation_function, activation_steepness)=(0, 0, 0.00000000000000000000e+00) (0, 0, 0.00000000000000000000e+00) (0, 0, 0.00000000000000000000e+00) (0, 0, 0.00000000000000000000e+00) (0, 0, 0.00000000000000000000e+00) (0, 0, 0.00000000000000000000e+00) (0, 0, 0.00000000000000000000e+00) (7, 3, 5.00000000000000000000e-01) (7, 3, 5.00000000000000000000e-01) (7, 3, 5.00000000000000000000e-01) (7, 3, 5.00000000000000000000e-01) (7, 3, 5.00000000000000000000e-01) (7, 3, 5.00000000000000000000e-01) (7, 3, 5.00000000000000000000e-01) (7, 3, 5.00000000000000000000e-01) (0, 3, 0.00000000000000000000e+00) (9, 3, 5.00000000000000000000e-01) (0, 3, 0.00000000000000000000e+00) 
connections (connected_to_neuron, weight)=(0, -1.28035478591918945312e+01) (1, -3.55439805984497070312e+00) (2, 1.15456752777099609375e+01) (3, 1.46030497550964355469e+00) (4, 8.13096332550048828125e+00) (5, 5.90599487304687500000e+02) (6, 2.73900675773620605469e+00) (0, -4.62823820114135742188e+00) (1, -4.05200624465942382812e+00) (2, 4.85471487045288085938e+00) (3, 4.62842845916748046875e+00) (4, -2.08567261695861816406e+00) (5, 1.48924621582031250000e+03) (6, 5.34374284744262695312e+00) (0, -5.13509464263916015625e+00) (1, -8.92343235015869140625e+00) (2, 2.90422706604003906250e+01) (3, -1.09267988204956054688e+01) (4, -4.97914218902587890625e+00) (5, 1.07037973403930664062e+00) (6, 1.78018016815185546875e+01) (0, -9.44320559501647949219e-01) (1, -4.67136859893798828125e+00) (2, -1.48787193298339843750e+01) (3, -1.80602681636810302734e+00) (4, -1.89044570922851562500e+01) (5, 2.10740108489990234375e+01) (6, -5.40125370025634765625e-01) (0, -2.03148443251848220825e-02) (1, -1.26853203773498535156e+00) (2, 3.47507171630859375000e+01) (3, -2.01676583290100097656e+00) (4, -3.40007543563842773438e+00) (5, 8.42998886108398437500e+00) (6, -3.30528855323791503906e+00) (0, -4.15042018890380859375e+00) (1, 1.90386486053466796875e+00) (2, 4.21440935134887695312e+00) (3, 9.94489383697509765625e+00) (4, -5.75630617141723632812e+00) (5, 9.22614364624023437500e+01) (6, -2.62615847587585449219e+00) (0, -6.62700271606445312500e+00) (1, 6.86193752288818359375e+00) (2, -4.52487945556640625000e+00) (3, -1.74433577060699462891e+00) (4, -4.67338234186172485352e-01) (5, -4.70559597015380859375e+00) (6, -1.44814759492874145508e-01) (0, 2.07735462188720703125e+01) (1, -2.26930923461914062500e+01) (2, 3.17208528518676757812e+00) (3, -4.15484476089477539062e+00) (4, -7.20145583152770996094e-01) (5, -5.06811904907226562500e+00) (6, 7.25136423110961914062e+00) (7, -4.11517292261123657227e-01) (8, -4.20146167278289794922e-01) (9, -2.04388126730918884277e-01) (10, 1.90876200795173645020e-01) (11, -3.01876163482666015625e+00) (12, -4.85128909349441528320e-01) (13, -7.30716609954833984375e+00) (14, -2.42231607437133789062e+00) (15, 2.26293778419494628906e+00) 
