FANN_FLO_2.1
num_layers=3
learning_rate=0.400000
connection_rate=1.000000
network_type=0
learning_momentum=0.000000
training_algorithm=2
train_error_function=1
train_stop_function=0
cascade_output_change_fraction=0.010000
quickprop_decay=-0.000100
quickprop_mu=1.750000
rprop_increase_factor=1.200000
rprop_decrease_factor=0.500000
rprop_delta_min=0.000000
rprop_delta_max=50.000000
rprop_delta_zero=0.100000
cascade_output_stagnation_epochs=12
cascade_candidate_change_fraction=0.010000
cascade_candidate_stagnation_epochs=12
cascade_max_out_epochs=150
cascade_min_out_epochs=50
cascade_max_cand_epochs=150
cascade_min_cand_epochs=50
cascade_num_candidate_groups=2
bit_fail_limit=3.49999994039535522461e-01
cascade_candidate_limit=1.00000000000000000000e+03
cascade_weight_multiplier=4.00000005960464477539e-01
cascade_activation_functions_count=10
cascade_activation_functions=3 5 7 8 10 11 14 15 16 17 
cascade_activation_steepnesses_count=4
cascade_activation_steepnesses=2.50000000000000000000e-01 5.00000000000000000000e-01 7.50000000000000000000e-01 1.00000000000000000000e+00 
layer_sizes=7 5 2 
scale_included=0
neurons (num_inputs, activation_function, activation_steepness)=(0, 0, 0.00000000000000000000e+00) (0, 0, 0.00000000000000000000e+00) (0, 0, 0.00000000000000000000e+00) (0, 0, 0.00000000000000000000e+00) (0, 0, 0.00000000000000000000e+00) (0, 0, 0.00000000000000000000e+00) (0, 0, 0.00000000000000000000e+00) (7, 3, 5.00000000000000000000e-01) (7, 3, 5.00000000000000000000e-01) (7, 3, 5.00000000000000000000e-01) (7, 3, 5.00000000000000000000e-01) (0, 3, 0.00000000000000000000e+00) (5, 3, 5.00000000000000000000e-01) (0, 3, 0.00000000000000000000e+00) 
connections (connected_to_neuron, weight)=(0, -2.94630360603332519531e+00) (1, -1.45364069938659667969e+00) (2, -1.81604409217834472656e+00) (3, 1.81799757480621337891e+00) (4, 9.20139625668525695801e-02) (5, 2.29066801071166992188e+00) (6, -1.25081419944763183594e+00) (0, -1.19396187365055084229e-01) (1, 9.69619154930114746094e-01) (2, -8.45254361629486083984e-01) (3, -6.50407969951629638672e-01) (4, -1.16152727603912353516e+00) (5, -2.28385758399963378906e+00) (6, 1.04000329971313476562e+00) (0, -2.39113426208496093750e+00) (1, -1.93411573767662048340e-01) (2, -5.72354853153228759766e-01) (3, 9.89930108189582824707e-02) (4, -6.86648130416870117188e+00) (5, 1.38792943954467773438e+01) (6, 4.25942629575729370117e-01) (0, 1.05450224876403808594e+00) (1, 8.42781364917755126953e-01) (2, -2.15747213363647460938e+00) (3, -1.00412297248840332031e+00) (4, -1.84821033477783203125e+00) (5, -2.32953524589538574219e+00) (6, 1.40090513229370117188e+00) (7, 5.44436216354370117188e+00) (8, -2.95226502418518066406e+00) (9, -2.46682476997375488281e+00) (10, -5.50369596481323242188e+00) (11, 1.73042786121368408203e+00) 
