FANN_FLO_2.1
num_layers=3
learning_rate=0.400000
connection_rate=1.000000
network_type=0
learning_momentum=0.000000
training_algorithm=2
train_error_function=1
train_stop_function=0
cascade_output_change_fraction=0.010000
quickprop_decay=-0.000100
quickprop_mu=1.750000
rprop_increase_factor=1.200000
rprop_decrease_factor=0.500000
rprop_delta_min=0.000000
rprop_delta_max=50.000000
rprop_delta_zero=0.100000
cascade_output_stagnation_epochs=12
cascade_candidate_change_fraction=0.010000
cascade_candidate_stagnation_epochs=12
cascade_max_out_epochs=150
cascade_min_out_epochs=50
cascade_max_cand_epochs=150
cascade_min_cand_epochs=50
cascade_num_candidate_groups=2
bit_fail_limit=3.49999994039535522461e-01
cascade_candidate_limit=1.00000000000000000000e+03
cascade_weight_multiplier=4.00000005960464477539e-01
cascade_activation_functions_count=10
cascade_activation_functions=3 5 7 8 10 11 14 15 16 17 
cascade_activation_steepnesses_count=4
cascade_activation_steepnesses=2.50000000000000000000e-01 5.00000000000000000000e-01 7.50000000000000000000e-01 1.00000000000000000000e+00 
layer_sizes=7 5 2 
scale_included=0
neurons (num_inputs, activation_function, activation_steepness)=(0, 0, 0.00000000000000000000e+00) (0, 0, 0.00000000000000000000e+00) (0, 0, 0.00000000000000000000e+00) (0, 0, 0.00000000000000000000e+00) (0, 0, 0.00000000000000000000e+00) (0, 0, 0.00000000000000000000e+00) (0, 0, 0.00000000000000000000e+00) (7, 3, 5.00000000000000000000e-01) (7, 3, 5.00000000000000000000e-01) (7, 3, 5.00000000000000000000e-01) (7, 3, 5.00000000000000000000e-01) (0, 3, 0.00000000000000000000e+00) (5, 3, 5.00000000000000000000e-01) (0, 3, 0.00000000000000000000e+00) 
connections (connected_to_neuron, weight)=(0, 1.08756208419799804688e+01) (1, -1.14584741592407226562e+01) (2, 4.07819509506225585938e+00) (3, -6.12778782844543457031e-01) (4, -8.47579061985015869141e-01) (5, -4.49894952774047851562e+00) (6, 4.80745172500610351562e+00) (0, 3.54181855916976928711e-01) (1, -9.12054920196533203125e+00) (2, 4.46779136657714843750e+01) (3, -3.81231384277343750000e+01) (4, 8.08144855499267578125e+00) (5, 5.90760517120361328125e+00) (6, -6.96687579154968261719e-01) (0, -1.63643789291381835938e+00) (1, -2.29106307029724121094e+00) (2, -2.96955776214599609375e+00) (3, -5.31092453002929687500e+00) (4, -1.90226054191589355469e+00) (5, 4.06298577785491943359e-01) (6, 7.18632459640502929688e+00) (0, -1.03627758026123046875e+01) (1, 9.53379154205322265625e+00) (2, -1.97492814064025878906e+00) (3, -1.63835787773132324219e+00) (4, -6.05385720729827880859e-01) (5, 3.86171960830688476562e+00) (6, 8.79019737243652343750e-01) (7, -3.82850623130798339844e+00) (8, -1.66697108745574951172e+00) (9, -9.46962177753448486328e-01) (10, -3.97907400131225585938e+00) (11, 3.30228281021118164062e+00) 
