FANN_FLO_2.1
num_layers=4
learning_rate=0.400000
connection_rate=1.000000
network_type=0
learning_momentum=0.000000
training_algorithm=2
train_error_function=1
train_stop_function=0
cascade_output_change_fraction=0.010000
quickprop_decay=-0.000100
quickprop_mu=1.750000
rprop_increase_factor=1.200000
rprop_decrease_factor=0.500000
rprop_delta_min=0.000000
rprop_delta_max=50.000000
rprop_delta_zero=0.100000
cascade_output_stagnation_epochs=12
cascade_candidate_change_fraction=0.010000
cascade_candidate_stagnation_epochs=12
cascade_max_out_epochs=150
cascade_min_out_epochs=50
cascade_max_cand_epochs=150
cascade_min_cand_epochs=50
cascade_num_candidate_groups=2
bit_fail_limit=3.49999994039535522461e-01
cascade_candidate_limit=1.00000000000000000000e+03
cascade_weight_multiplier=4.00000005960464477539e-01
cascade_activation_functions_count=10
cascade_activation_functions=3 5 7 8 10 11 14 15 16 17 
cascade_activation_steepnesses_count=4
cascade_activation_steepnesses=2.50000000000000000000e-01 5.00000000000000000000e-01 7.50000000000000000000e-01 1.00000000000000000000e+00 
layer_sizes=7 3 3 2 
scale_included=0
neurons (num_inputs, activation_function, activation_steepness)=(0, 0, 0.00000000000000000000e+00) (0, 0, 0.00000000000000000000e+00) (0, 0, 0.00000000000000000000e+00) (0, 0, 0.00000000000000000000e+00) (0, 0, 0.00000000000000000000e+00) (0, 0, 0.00000000000000000000e+00) (0, 0, 0.00000000000000000000e+00) (7, 3, 5.00000000000000000000e-01) (7, 3, 5.00000000000000000000e-01) (0, 3, 0.00000000000000000000e+00) (3, 3, 5.00000000000000000000e-01) (3, 3, 5.00000000000000000000e-01) (0, 3, 0.00000000000000000000e+00) (3, 3, 5.00000000000000000000e-01) (0, 3, 0.00000000000000000000e+00) 
connections (connected_to_neuron, weight)=(0, -3.68786835670471191406e+00) (1, 3.00177836418151855469e+00) (2, -1.01356053352355957031e+00) (3, -1.06927156448364257812e+00) (4, -5.03874421119689941406e-01) (5, 6.57955050468444824219e-01) (6, 8.28244686126708984375e-01) (0, -1.48200000000000000000e+03) (1, -1.36292895507812500000e+03) (2, -1.48934399414062500000e+03) (3, 1.09755944824218750000e+03) (4, -1.06719863891601562500e+02) (5, -1.47500000000000000000e+03) (6, -1.49716027832031250000e+03) (7, 1.76750202178955078125e+01) (8, 1.50000000000000000000e+03) (9, -7.09635114669799804688e+00) (7, 1.35732603073120117188e+01) (8, 1.50000000000000000000e+03) (9, -4.11801147460937500000e+00) (10, -1.53281056880950927734e+00) (11, -1.08765578269958496094e+00) (12, -7.59125947952270507812e-01) 
