FANN_FLO_2.1
num_layers=3
learning_rate=0.500000
connection_rate=1.000000
network_type=0
learning_momentum=0.000000
training_algorithm=2
train_error_function=1
train_stop_function=0
cascade_output_change_fraction=0.010000
quickprop_decay=-0.000100
quickprop_mu=1.750000
rprop_increase_factor=1.200000
rprop_decrease_factor=0.500000
rprop_delta_min=0.000000
rprop_delta_max=50.000000
rprop_delta_zero=0.100000
cascade_output_stagnation_epochs=12
cascade_candidate_change_fraction=0.010000
cascade_candidate_stagnation_epochs=12
cascade_max_out_epochs=150
cascade_min_out_epochs=50
cascade_max_cand_epochs=150
cascade_min_cand_epochs=50
cascade_num_candidate_groups=2
bit_fail_limit=3.49999994039535522461e-01
cascade_candidate_limit=1.00000000000000000000e+03
cascade_weight_multiplier=4.00000005960464477539e-01
cascade_activation_functions_count=10
cascade_activation_functions=3 5 7 8 10 11 14 15 16 17 
cascade_activation_steepnesses_count=4
cascade_activation_steepnesses=2.50000000000000000000e-01 5.00000000000000000000e-01 7.50000000000000000000e-01 1.00000000000000000000e+00 
layer_sizes=10 3 2 
scale_included=0
neurons (num_inputs, activation_function, activation_steepness)=(0, 0, 0.00000000000000000000e+00) (0, 0, 0.00000000000000000000e+00) (0, 0, 0.00000000000000000000e+00) (0, 0, 0.00000000000000000000e+00) (0, 0, 0.00000000000000000000e+00) (0, 0, 0.00000000000000000000e+00) (0, 0, 0.00000000000000000000e+00) (0, 0, 0.00000000000000000000e+00) (0, 0, 0.00000000000000000000e+00) (0, 0, 0.00000000000000000000e+00) (10, 3, 5.00000000000000000000e-01) (10, 3, 5.00000000000000000000e-01) (0, 3, 0.00000000000000000000e+00) (3, 3, 5.00000000000000000000e-01) (0, 3, 0.00000000000000000000e+00) 
connections (connected_to_neuron, weight)=(0, -6.11536437988281250000e+02) (1, 5.55418884277343750000e+02) (2, -2.87338989257812500000e+02) (3, -1.94657516479492187500e+01) (4, 1.43001342773437500000e+02) (5, -3.35919952392578125000e+02) (6, 1.25336791992187500000e+03) (7, -1.49998010253906250000e+03) (8, 4.86410522460937500000e+02) (9, -1.50604667663574218750e+01) (0, 3.23547577857971191406e+00) (1, 1.30271329879760742188e+01) (2, 1.39019906520843505859e+00) (3, 1.28574228286743164062e+01) (4, 1.81949005126953125000e+01) (5, -1.10470209121704101562e+01) (6, 2.61923718452453613281e+00) (7, -3.26849975585937500000e+01) (8, -2.42457275390625000000e+01) (9, -1.40694737434387207031e+00) (10, 1.64291977882385253906e+00) (11, 1.66749989986419677734e+00) (12, -7.87442743778228759766e-01) 
