FANN_FLO_2.1
num_layers=3
learning_rate=0.400000
connection_rate=1.000000
network_type=0
learning_momentum=0.000000
training_algorithm=2
train_error_function=1
train_stop_function=0
cascade_output_change_fraction=0.010000
quickprop_decay=-0.000100
quickprop_mu=1.750000
rprop_increase_factor=1.200000
rprop_decrease_factor=0.500000
rprop_delta_min=0.000000
rprop_delta_max=50.000000
rprop_delta_zero=0.100000
cascade_output_stagnation_epochs=12
cascade_candidate_change_fraction=0.010000
cascade_candidate_stagnation_epochs=12
cascade_max_out_epochs=150
cascade_min_out_epochs=50
cascade_max_cand_epochs=150
cascade_min_cand_epochs=50
cascade_num_candidate_groups=2
bit_fail_limit=3.49999994039535522461e-01
cascade_candidate_limit=1.00000000000000000000e+03
cascade_weight_multiplier=4.00000005960464477539e-01
cascade_activation_functions_count=10
cascade_activation_functions=3 5 7 8 10 11 14 15 16 17 
cascade_activation_steepnesses_count=4
cascade_activation_steepnesses=2.50000000000000000000e-01 5.00000000000000000000e-01 7.50000000000000000000e-01 1.00000000000000000000e+00 
layer_sizes=7 9 2 
scale_included=0
neurons (num_inputs, activation_function, activation_steepness)=(0, 0, 0.00000000000000000000e+00) (0, 0, 0.00000000000000000000e+00) (0, 0, 0.00000000000000000000e+00) (0, 0, 0.00000000000000000000e+00) (0, 0, 0.00000000000000000000e+00) (0, 0, 0.00000000000000000000e+00) (0, 0, 0.00000000000000000000e+00) (7, 3, 5.00000000000000000000e-01) (7, 3, 5.00000000000000000000e-01) (7, 3, 5.00000000000000000000e-01) (7, 3, 5.00000000000000000000e-01) (7, 3, 5.00000000000000000000e-01) (7, 3, 5.00000000000000000000e-01) (7, 3, 5.00000000000000000000e-01) (7, 3, 5.00000000000000000000e-01) (0, 3, 0.00000000000000000000e+00) (9, 3, 5.00000000000000000000e-01) (0, 3, 0.00000000000000000000e+00) 
connections (connected_to_neuron, weight)=(0, -2.14479804039001464844e+00) (1, -1.82750713825225830078e+00) (2, 1.09693765640258789062e+01) (3, 2.69937562942504882812e+00) (4, -2.47813433408737182617e-01) (5, -7.51395845413208007812e+00) (6, 3.14218974113464355469e+00) (0, 1.22972021102905273438e+01) (1, -1.32583465576171875000e+01) (2, 7.32422447204589843750e+00) (3, -2.49223995208740234375e+00) (4, -1.38920879364013671875e+00) (5, -4.61472225189208984375e+00) (6, 5.66977977752685546875e+00) (0, -4.19590282440185546875e+00) (1, -8.75400006771087646484e-01) (2, 3.19357776641845703125e+01) (3, -1.32686262130737304688e+01) (4, -2.43243312835693359375e+01) (5, 5.89587593078613281250e+00) (6, -1.09978246688842773438e+00) (0, -5.95232915878295898438e+00) (1, 3.77609777450561523438e+00) (2, 1.78860902786254882812e+00) (3, 4.13939774036407470703e-01) (4, -8.98064196109771728516e-01) (5, -1.60576229095458984375e+01) (6, 1.23854279518127441406e+00) (0, -1.78694456815719604492e-01) (1, -4.53193044662475585938e+00) (2, 1.05909500122070312500e+01) (3, -1.05000896453857421875e+01) (4, 5.61649751663208007812e+00) (5, 2.74320363998413085938e+00) (6, -1.69363546371459960938e+00) (0, -9.84359169006347656250e+00) (1, 9.66614532470703125000e+00) (2, -4.40708070993423461914e-01) (3, -2.35559892654418945312e+00) (4, -4.93829488754272460938e-01) (5, 1.69578018188476562500e+01) (6, 3.26489686965942382812e-01) (0, -3.67993783950805664062e+00) (1, -1.18262493610382080078e+00) (2, 2.91706991195678710938e+00) (3, -8.32199859619140625000e+00) (4, -3.79528450965881347656e+00) (5, 1.01738204956054687500e+01) (6, -4.82843637466430664062e-01) (0, -6.23224973678588867188e+00) (1, 3.73477888107299804688e+00) (2, -8.59301300048828125000e+01) (3, 6.87528686523437500000e+01) (4, -8.21463680267333984375e+00) (5, 8.91281223297119140625e+00) (6, 6.74812316894531250000e+00) (7, 3.01942586898803710938e+00) (8, -3.52760004997253417969e+00) (9, 1.22353780269622802734e+00) (10, -4.57323932647705078125e+00) (11, -9.01526629924774169922e-01) (12, -1.88365769386291503906e+00) (13, -6.76473140716552734375e-01) (14, -4.38360124826431274414e-01) (15, 1.19852125644683837891e+00) 
