FANN_FLO_2.1
num_layers=3
learning_rate=0.400000
connection_rate=1.000000
network_type=0
learning_momentum=0.000000
training_algorithm=2
train_error_function=1
train_stop_function=0
cascade_output_change_fraction=0.010000
quickprop_decay=-0.000100
quickprop_mu=1.750000
rprop_increase_factor=1.200000
rprop_decrease_factor=0.500000
rprop_delta_min=0.000000
rprop_delta_max=50.000000
rprop_delta_zero=0.100000
cascade_output_stagnation_epochs=12
cascade_candidate_change_fraction=0.010000
cascade_candidate_stagnation_epochs=12
cascade_max_out_epochs=150
cascade_min_out_epochs=50
cascade_max_cand_epochs=150
cascade_min_cand_epochs=50
cascade_num_candidate_groups=2
bit_fail_limit=3.49999994039535522461e-01
cascade_candidate_limit=1.00000000000000000000e+03
cascade_weight_multiplier=4.00000005960464477539e-01
cascade_activation_functions_count=10
cascade_activation_functions=3 5 7 8 10 11 14 15 16 17 
cascade_activation_steepnesses_count=4
cascade_activation_steepnesses=2.50000000000000000000e-01 5.00000000000000000000e-01 7.50000000000000000000e-01 1.00000000000000000000e+00 
layer_sizes=7 9 2 
scale_included=0
neurons (num_inputs, activation_function, activation_steepness)=(0, 0, 0.00000000000000000000e+00) (0, 0, 0.00000000000000000000e+00) (0, 0, 0.00000000000000000000e+00) (0, 0, 0.00000000000000000000e+00) (0, 0, 0.00000000000000000000e+00) (0, 0, 0.00000000000000000000e+00) (0, 0, 0.00000000000000000000e+00) (7, 3, 5.00000000000000000000e-01) (7, 3, 5.00000000000000000000e-01) (7, 3, 5.00000000000000000000e-01) (7, 3, 5.00000000000000000000e-01) (7, 3, 5.00000000000000000000e-01) (7, 3, 5.00000000000000000000e-01) (7, 3, 5.00000000000000000000e-01) (7, 3, 5.00000000000000000000e-01) (0, 3, 0.00000000000000000000e+00) (9, 3, 5.00000000000000000000e-01) (0, 3, 0.00000000000000000000e+00) 
connections (connected_to_neuron, weight)=(0, -1.50800256729125976562e+01) (1, -1.00137007236480712891e+00) (2, 4.28790998458862304688e+00) (3, 3.60963516235351562500e+01) (4, 1.36686578392982482910e-01) (5, -9.40376567840576171875e+00) (6, 1.63794171810150146484e+00) (0, -6.91196346282958984375e+00) (1, -3.08172798156738281250e+00) (2, -6.94337129592895507812e-01) (3, 1.30033278465270996094e+00) (4, 3.47925949096679687500e+00) (5, 2.30908036231994628906e+00) (6, -2.52006030082702636719e+00) (0, 1.91655616760253906250e+01) (1, 4.68561792373657226562e+00) (2, 2.92308712005615234375e+01) (3, -1.31469964981079101562e+01) (4, -1.09682202339172363281e+00) (5, -1.84840393066406250000e+00) (6, 2.04140925407409667969e+00) (0, -1.13986551761627197266e-01) (1, 3.60039502382278442383e-01) (2, -1.39414634704589843750e+01) (3, 9.65177059173583984375e-01) (4, 4.92491960525512695312e+00) (5, 7.59638118743896484375e+00) (6, 2.26944017410278320312e+00) (0, -2.54601693153381347656e+00) (1, -2.05522704124450683594e+00) (2, -2.46469363570213317871e-01) (3, 1.62196409702301025391e+00) (4, 4.02620458602905273438e+00) (5, -1.85235941410064697266e+00) (6, -1.95319640636444091797e+00) (0, 8.82363319396972656250e+00) (1, -8.61178302764892578125e+00) (2, 5.97626984119415283203e-01) (3, -2.80813121795654296875e+00) (4, 1.82444417476654052734e+00) (5, -1.74049162864685058594e+00) (6, -9.90661084651947021484e-01) (0, -1.83005273342132568359e+00) (1, -8.50395739078521728516e-01) (2, -2.14203763008117675781e+00) (3, 3.17656373977661132812e+00) (4, -1.05439758300781250000e+00) (5, 5.29558992385864257812e+00) (6, -3.01819276809692382812e+00) (0, -4.80372577905654907227e-01) (1, -8.64075779914855957031e-01) (2, 3.19854354858398437500e+00) (3, 2.49911928176879882812e+00) (4, 5.62755680084228515625e+00) (5, -9.01679134368896484375e+00) (6, -2.75148034095764160156e+00) (7, -1.26252090930938720703e+00) (8, 2.66480040550231933594e+00) (9, -6.76344394683837890625e-01) (10, -8.14696550369262695312e-01) (11, 1.21222817897796630859e+00) (12, 1.06123435497283935547e+00) (13, 3.64746475219726562500e+00) (14, 2.19762229919433593750e+00) (15, -1.93947225809097290039e-01) 
