FANN_FLO_2.1
num_layers=3
learning_rate=0.400000
connection_rate=1.000000
network_type=0
learning_momentum=0.000000
training_algorithm=2
train_error_function=1
train_stop_function=0
cascade_output_change_fraction=0.010000
quickprop_decay=-0.000100
quickprop_mu=1.750000
rprop_increase_factor=1.200000
rprop_decrease_factor=0.500000
rprop_delta_min=0.000000
rprop_delta_max=50.000000
rprop_delta_zero=0.100000
cascade_output_stagnation_epochs=12
cascade_candidate_change_fraction=0.010000
cascade_candidate_stagnation_epochs=12
cascade_max_out_epochs=150
cascade_min_out_epochs=50
cascade_max_cand_epochs=150
cascade_min_cand_epochs=50
cascade_num_candidate_groups=2
bit_fail_limit=3.49999994039535522461e-01
cascade_candidate_limit=1.00000000000000000000e+03
cascade_weight_multiplier=4.00000005960464477539e-01
cascade_activation_functions_count=10
cascade_activation_functions=3 5 7 8 10 11 14 15 16 17 
cascade_activation_steepnesses_count=4
cascade_activation_steepnesses=2.50000000000000000000e-01 5.00000000000000000000e-01 7.50000000000000000000e-01 1.00000000000000000000e+00 
layer_sizes=7 9 2 
scale_included=0
neurons (num_inputs, activation_function, activation_steepness)=(0, 0, 0.00000000000000000000e+00) (0, 0, 0.00000000000000000000e+00) (0, 0, 0.00000000000000000000e+00) (0, 0, 0.00000000000000000000e+00) (0, 0, 0.00000000000000000000e+00) (0, 0, 0.00000000000000000000e+00) (0, 0, 0.00000000000000000000e+00) (7, 3, 5.00000000000000000000e-01) (7, 3, 5.00000000000000000000e-01) (7, 3, 5.00000000000000000000e-01) (7, 3, 5.00000000000000000000e-01) (7, 3, 5.00000000000000000000e-01) (7, 3, 5.00000000000000000000e-01) (7, 3, 5.00000000000000000000e-01) (7, 3, 5.00000000000000000000e-01) (0, 3, 0.00000000000000000000e+00) (9, 3, 5.00000000000000000000e-01) (0, 3, 0.00000000000000000000e+00) 
connections (connected_to_neuron, weight)=(0, -5.07399177551269531250e+00) (1, -1.19599962234497070312e+00) (2, 1.75618541240692138672e+00) (3, 5.37161970138549804688e+00) (4, -2.32222914695739746094e+00) (5, -2.29121875762939453125e+00) (6, -8.91010999679565429688e-01) (0, -1.58278584480285644531e+00) (1, -2.50557017326354980469e+00) (2, -5.11274576187133789062e+00) (3, 5.25752425193786621094e-01) (4, 1.54892170429229736328e+00) (5, 1.47956740856170654297e+00) (6, -6.39841020107269287109e-01) (0, -1.60733747482299804688e+00) (1, -1.30724096298217773438e+00) (2, -3.40422201156616210938e+00) (3, 2.35721921920776367188e+00) (4, -2.41707539558410644531e+00) (5, 1.19077682495117187500e+01) (6, -1.09362757205963134766e+00) (0, 2.65838772058486938477e-01) (1, -7.77809247374534606934e-02) (2, 2.25209832191467285156e+00) (3, -6.84954583644866943359e-01) (4, 8.53057384490966796875e-01) (5, -1.20113171637058258057e-01) (6, -5.59374809265136718750e-01) (0, -3.99041414260864257812e-01) (1, -1.03087401390075683594e+00) (2, -1.26309007406234741211e-01) (3, 1.28095257282257080078e+00) (4, -3.76342654228210449219e+00) (5, 4.28277921676635742188e+00) (6, -1.37429952621459960938e+00) (0, -2.93247294425964355469e+00) (1, -2.90076708793640136719e+00) (2, -5.25979423522949218750e+00) (3, 2.33311891555786132812e+00) (4, -8.54851454496383666992e-02) (5, 7.25397968292236328125e+00) (6, -4.12555068731307983398e-01) (0, -1.18836605548858642578e+00) (1, -3.29331785440444946289e-01) (2, -3.41620296239852905273e-01) (3, -2.95418322086334228516e-01) (4, -1.80045413970947265625e+00) (5, -4.20980870723724365234e-01) (6, -3.21984708309173583984e-01) (0, -1.95548105239868164062e+00) (1, -2.12513089179992675781e+00) (2, -2.16734671592712402344e+00) (3, 2.35070392489433288574e-01) (4, 9.61670801043510437012e-02) (5, 3.68285179138183593750e+00) (6, -1.32513260841369628906e+00) (7, 2.23521637916564941406e+00) (8, 5.14558506011962890625e+00) (9, -2.36360120773315429688e+00) (10, 1.27142131328582763672e+00) (11, 1.47949647903442382812e+00) (12, 1.56520318984985351562e+00) (13, -2.06787014007568359375e+01) (14, 9.58794116973876953125e-01) (15, -2.28650197386741638184e-01) 
