FANN_FLO_2.1
num_layers=3
learning_rate=0.500000
connection_rate=1.000000
network_type=0
learning_momentum=0.000000
training_algorithm=2
train_error_function=1
train_stop_function=0
cascade_output_change_fraction=0.010000
quickprop_decay=-0.000100
quickprop_mu=1.750000
rprop_increase_factor=1.200000
rprop_decrease_factor=0.500000
rprop_delta_min=0.000000
rprop_delta_max=50.000000
rprop_delta_zero=0.100000
cascade_output_stagnation_epochs=12
cascade_candidate_change_fraction=0.010000
cascade_candidate_stagnation_epochs=12
cascade_max_out_epochs=150
cascade_min_out_epochs=50
cascade_max_cand_epochs=150
cascade_min_cand_epochs=50
cascade_num_candidate_groups=2
bit_fail_limit=3.49999994039535522461e-01
cascade_candidate_limit=1.00000000000000000000e+03
cascade_weight_multiplier=4.00000005960464477539e-01
cascade_activation_functions_count=10
cascade_activation_functions=3 5 7 8 10 11 14 15 16 17 
cascade_activation_steepnesses_count=4
cascade_activation_steepnesses=2.50000000000000000000e-01 5.00000000000000000000e-01 7.50000000000000000000e-01 1.00000000000000000000e+00 
layer_sizes=10 3 2 
scale_included=0
neurons (num_inputs, activation_function, activation_steepness)=(0, 0, 0.00000000000000000000e+00) (0, 0, 0.00000000000000000000e+00) (0, 0, 0.00000000000000000000e+00) (0, 0, 0.00000000000000000000e+00) (0, 0, 0.00000000000000000000e+00) (0, 0, 0.00000000000000000000e+00) (0, 0, 0.00000000000000000000e+00) (0, 0, 0.00000000000000000000e+00) (0, 0, 0.00000000000000000000e+00) (0, 0, 0.00000000000000000000e+00) (10, 3, 5.00000000000000000000e-01) (10, 3, 5.00000000000000000000e-01) (0, 3, 0.00000000000000000000e+00) (3, 3, 5.00000000000000000000e-01) (0, 3, 0.00000000000000000000e+00) 
connections (connected_to_neuron, weight)=(0, 3.18104672431945800781e+00) (1, -2.45954322814941406250e+01) (2, 2.80940742492675781250e+01) (3, -9.63324546813964843750e-01) (4, 2.39444084167480468750e+01) (5, 5.88859736919403076172e-01) (6, 1.19948024749755859375e+01) (7, -4.34307098388671875000e+01) (8, -3.77706074714660644531e+00) (9, -1.74451991915702819824e-01) (0, -2.52223281860351562500e+02) (1, -2.23293685913085937500e+02) (2, 2.58600311279296875000e+02) (3, -6.79499282836914062500e+01) (4, 3.30504655838012695312e+00) (5, 1.49909806251525878906e+00) (6, 3.22343063354492187500e+01) (7, -2.97961401939392089844e+00) (8, 4.72385215759277343750e+01) (9, 3.15809041261672973633e-01) (10, 2.58440351486206054688e+00) (11, 2.51568508148193359375e+00) (12, -1.64999365806579589844e+00) 
