FANN_FLO_2.1
num_layers=3
learning_rate=0.400000
connection_rate=1.000000
network_type=0
learning_momentum=0.000000
training_algorithm=2
train_error_function=1
train_stop_function=0
cascade_output_change_fraction=0.010000
quickprop_decay=-0.000100
quickprop_mu=1.750000
rprop_increase_factor=1.200000
rprop_decrease_factor=0.500000
rprop_delta_min=0.000000
rprop_delta_max=50.000000
rprop_delta_zero=0.100000
cascade_output_stagnation_epochs=12
cascade_candidate_change_fraction=0.010000
cascade_candidate_stagnation_epochs=12
cascade_max_out_epochs=150
cascade_min_out_epochs=50
cascade_max_cand_epochs=150
cascade_min_cand_epochs=50
cascade_num_candidate_groups=2
bit_fail_limit=3.49999994039535522461e-01
cascade_candidate_limit=1.00000000000000000000e+03
cascade_weight_multiplier=4.00000005960464477539e-01
cascade_activation_functions_count=10
cascade_activation_functions=3 5 7 8 10 11 14 15 16 17 
cascade_activation_steepnesses_count=4
cascade_activation_steepnesses=2.50000000000000000000e-01 5.00000000000000000000e-01 7.50000000000000000000e-01 1.00000000000000000000e+00 
layer_sizes=7 9 2 
scale_included=0
neurons (num_inputs, activation_function, activation_steepness)=(0, 0, 0.00000000000000000000e+00) (0, 0, 0.00000000000000000000e+00) (0, 0, 0.00000000000000000000e+00) (0, 0, 0.00000000000000000000e+00) (0, 0, 0.00000000000000000000e+00) (0, 0, 0.00000000000000000000e+00) (0, 0, 0.00000000000000000000e+00) (7, 3, 5.00000000000000000000e-01) (7, 3, 5.00000000000000000000e-01) (7, 3, 5.00000000000000000000e-01) (7, 3, 5.00000000000000000000e-01) (7, 3, 5.00000000000000000000e-01) (7, 3, 5.00000000000000000000e-01) (7, 3, 5.00000000000000000000e-01) (7, 3, 5.00000000000000000000e-01) (0, 3, 0.00000000000000000000e+00) (9, 3, 5.00000000000000000000e-01) (0, 3, 0.00000000000000000000e+00) 
connections (connected_to_neuron, weight)=(0, -3.22962403297424316406e+00) (1, -3.03543734550476074219e+00) (2, -2.66335129737854003906e+00) (3, 2.01935482025146484375e+00) (4, 1.06240069866180419922e+00) (5, -8.83033514022827148438e-01) (6, -8.88984799385070800781e-01) (0, 1.68577802181243896484e+00) (1, 2.53455805778503417969e+00) (2, -1.29603633880615234375e+01) (3, 1.18943095207214355469e+00) (4, -1.99371659755706787109e+00) (5, 1.85486087799072265625e+01) (6, 1.41799545288085937500e+00) (0, -2.35669732093811035156e+00) (1, 1.94175496697425842285e-01) (2, 4.82510864734649658203e-01) (3, -7.43162631988525390625e-01) (4, -1.80968666076660156250e+00) (5, 7.65644967555999755859e-01) (6, 5.24335265159606933594e-01) (0, -5.66218042373657226562e+00) (1, -2.44383263587951660156e+00) (2, -2.70321750640869140625e+00) (3, 2.21111607551574707031e+00) (4, 1.04359078407287597656e+00) (5, 2.81060314178466796875e+00) (6, -1.26663491129875183105e-01) (0, -4.17726707458496093750e+00) (1, -9.33980822563171386719e-01) (2, -1.23804271221160888672e+00) (3, 7.64419615268707275391e-01) (4, 2.80096316337585449219e+00) (5, -7.24088549613952636719e-01) (6, -6.38518214225769042969e-01) (0, 8.86091232299804687500e+00) (1, -7.51276850700378417969e-01) (2, -3.44733214378356933594e+00) (3, 1.97115969657897949219e+00) (4, 1.80563044548034667969e+00) (5, -2.80207014083862304688e+00) (6, -1.05704426765441894531e+00) (0, 1.23858714103698730469e+00) (1, 6.71518385410308837891e-01) (2, -7.24622154235839843750e+00) (3, -2.19265341758728027344e+00) (4, -1.05694379806518554688e+01) (5, 1.71963214874267578125e+01) (6, 2.09023690223693847656e+00) (0, 2.89741873741149902344e-01) (1, -2.21544551849365234375e+00) (2, 2.11568623781204223633e-01) (3, 9.37500476837158203125e-01) (4, -2.13481807708740234375e+00) (5, 9.36702442169189453125e+00) (6, -4.94962882995605468750e+00) (7, 2.96393918991088867188e+00) (8, -1.35073506832122802734e+00) (9, -2.36161565780639648438e+00) (10, 2.53036499023437500000e+00) (11, 4.39554840326309204102e-01) (12, 9.58350718021392822266e-01) (13, -1.48188734054565429688e+00) (14, 2.92378401756286621094e+00) (15, -3.42048734426498413086e-01) 
