FANN_FLO_2.1
num_layers=3
learning_rate=0.500000
connection_rate=1.000000
network_type=0
learning_momentum=0.000000
training_algorithm=2
train_error_function=1
train_stop_function=0
cascade_output_change_fraction=0.010000
quickprop_decay=-0.000100
quickprop_mu=1.750000
rprop_increase_factor=1.200000
rprop_decrease_factor=0.500000
rprop_delta_min=0.000000
rprop_delta_max=50.000000
rprop_delta_zero=0.100000
cascade_output_stagnation_epochs=12
cascade_candidate_change_fraction=0.010000
cascade_candidate_stagnation_epochs=12
cascade_max_out_epochs=150
cascade_min_out_epochs=50
cascade_max_cand_epochs=150
cascade_min_cand_epochs=50
cascade_num_candidate_groups=2
bit_fail_limit=3.49999994039535522461e-01
cascade_candidate_limit=1.00000000000000000000e+03
cascade_weight_multiplier=4.00000005960464477539e-01
cascade_activation_functions_count=10
cascade_activation_functions=3 5 7 8 10 11 14 15 16 17 
cascade_activation_steepnesses_count=4
cascade_activation_steepnesses=2.50000000000000000000e-01 5.00000000000000000000e-01 7.50000000000000000000e-01 1.00000000000000000000e+00 
layer_sizes=10 5 2 
scale_included=0
neurons (num_inputs, activation_function, activation_steepness)=(0, 0, 0.00000000000000000000e+00) (0, 0, 0.00000000000000000000e+00) (0, 0, 0.00000000000000000000e+00) (0, 0, 0.00000000000000000000e+00) (0, 0, 0.00000000000000000000e+00) (0, 0, 0.00000000000000000000e+00) (0, 0, 0.00000000000000000000e+00) (0, 0, 0.00000000000000000000e+00) (0, 0, 0.00000000000000000000e+00) (0, 0, 0.00000000000000000000e+00) (10, 3, 5.00000000000000000000e-01) (10, 3, 5.00000000000000000000e-01) (10, 3, 5.00000000000000000000e-01) (10, 3, 5.00000000000000000000e-01) (0, 3, 0.00000000000000000000e+00) (5, 3, 5.00000000000000000000e-01) (0, 3, 0.00000000000000000000e+00) 
connections (connected_to_neuron, weight)=(0, -1.43206283569335937500e+02) (1, 4.33532476425170898438e+00) (2, 1.26655721664428710938e+01) (3, -2.02953398227691650391e-01) (4, -8.87258589267730712891e-01) (5, 1.16796123981475830078e+00) (6, 1.82660560607910156250e+01) (7, 6.36182129383087158203e-01) (8, 8.91338882446289062500e+01) (9, -1.50689220428466796875e+01) (0, 8.15558052062988281250e+00) (1, 3.59205865859985351562e+00) (2, 2.61267337799072265625e+01) (3, 2.05431461334228515625e-01) (4, 5.55108368396759033203e-01) (5, 2.05307579040527343750e+01) (6, -1.39406032562255859375e+01) (7, -3.48844647407531738281e+00) (8, -3.46787261962890625000e+01) (9, -8.06929492950439453125e+00) (0, -2.28087925910949707031e+00) (1, 4.38782691955566406250e+00) (2, -7.44303771972656250000e+02) (3, 1.72583296895027160645e-01) (4, -2.15213418006896972656e-01) (5, -1.48907141113281250000e+03) (6, 1.24226582050323486328e+00) (7, 2.47072100639343261719e-01) (8, 1.41512683105468750000e+03) (9, -2.54044830799102783203e-01) (0, 2.57544541358947753906e+00) (1, -7.95887947082519531250e-01) (2, 1.03531084060668945312e+01) (3, -3.80876016616821289062e+00) (4, -4.80912417173385620117e-01) (5, 4.21995925903320312500e+01) (6, -3.99361658096313476562e+00) (7, 1.27847604751586914062e+01) (8, -4.49103698730468750000e+01) (9, -4.86348724365234375000e+00) (10, 1.75025153160095214844e+00) (11, 2.73305702209472656250e+00) (12, 2.29186463356018066406e+00) (13, -9.67353284358978271484e-01) (14, -8.79071533679962158203e-01) 
