FANN_FLO_2.1
num_layers=3
learning_rate=0.500000
connection_rate=1.000000
network_type=0
learning_momentum=0.000000
training_algorithm=2
train_error_function=1
train_stop_function=0
cascade_output_change_fraction=0.010000
quickprop_decay=-0.000100
quickprop_mu=1.750000
rprop_increase_factor=1.200000
rprop_decrease_factor=0.500000
rprop_delta_min=0.000000
rprop_delta_max=50.000000
rprop_delta_zero=0.100000
cascade_output_stagnation_epochs=12
cascade_candidate_change_fraction=0.010000
cascade_candidate_stagnation_epochs=12
cascade_max_out_epochs=150
cascade_min_out_epochs=50
cascade_max_cand_epochs=150
cascade_min_cand_epochs=50
cascade_num_candidate_groups=2
bit_fail_limit=3.49999994039535522461e-01
cascade_candidate_limit=1.00000000000000000000e+03
cascade_weight_multiplier=4.00000005960464477539e-01
cascade_activation_functions_count=10
cascade_activation_functions=3 5 7 8 10 11 14 15 16 17 
cascade_activation_steepnesses_count=4
cascade_activation_steepnesses=2.50000000000000000000e-01 5.00000000000000000000e-01 7.50000000000000000000e-01 1.00000000000000000000e+00 
layer_sizes=10 5 2 
scale_included=0
neurons (num_inputs, activation_function, activation_steepness)=(0, 0, 0.00000000000000000000e+00) (0, 0, 0.00000000000000000000e+00) (0, 0, 0.00000000000000000000e+00) (0, 0, 0.00000000000000000000e+00) (0, 0, 0.00000000000000000000e+00) (0, 0, 0.00000000000000000000e+00) (0, 0, 0.00000000000000000000e+00) (0, 0, 0.00000000000000000000e+00) (0, 0, 0.00000000000000000000e+00) (0, 0, 0.00000000000000000000e+00) (10, 3, 5.00000000000000000000e-01) (10, 3, 5.00000000000000000000e-01) (10, 3, 5.00000000000000000000e-01) (10, 3, 5.00000000000000000000e-01) (0, 3, 0.00000000000000000000e+00) (5, 3, 5.00000000000000000000e-01) (0, 3, 0.00000000000000000000e+00) 
connections (connected_to_neuron, weight)=(0, -1.35645627975463867188e+01) (1, 2.62450844049453735352e-01) (2, 9.34478998184204101562e-01) (3, -5.68569242954254150391e-01) (4, 1.42388772964477539062e+00) (5, 3.31976580619812011719e+00) (6, -2.44582223892211914062e+00) (7, 1.78193581104278564453e+00) (8, 6.00506019592285156250e+00) (9, 3.27254843711853027344e+00) (0, -1.14047062397003173828e+00) (1, -2.57132124900817871094e+00) (2, -1.60269927978515625000e+00) (3, 8.68470382690429687500e+00) (4, -2.36686870455741882324e-01) (5, -1.07123863697052001953e+00) (6, 1.16738706827163696289e-01) (7, -1.79886132478713989258e-01) (8, -2.13437342643737792969e+00) (9, -1.21970820426940917969e+00) (0, 5.33990192413330078125e+00) (1, -6.38291120529174804688e-01) (2, -5.19073247909545898438e+00) (3, 3.28394341468811035156e+00) (4, 1.40175676345825195312e+00) (5, 1.88554835319519042969e+00) (6, -1.04082584381103515625e+01) (7, 1.88155102729797363281e+00) (8, 7.07395300269126892090e-02) (9, 6.51288688182830810547e-01) (0, -1.51644420623779296875e+01) (1, 2.73508358001708984375e+00) (2, -8.35651218891143798828e-01) (3, 6.46867394447326660156e-01) (4, 9.94771182537078857422e-01) (5, 3.50823223590850830078e-01) (6, -6.02366542816162109375e+00) (7, 7.65533983707427978516e-01) (8, 9.95488464832305908203e-01) (9, 2.34838917851448059082e-01) (10, -3.18376350402832031250e+00) (11, 2.87053680419921875000e+00) (12, 2.70108628273010253906e+00) (13, 3.32038426399230957031e+00) (14, -2.81022310256958007812e-01) 
