FANN_FLO_2.1
num_layers=4
learning_rate=0.500000
connection_rate=1.000000
network_type=0
learning_momentum=0.000000
training_algorithm=2
train_error_function=1
train_stop_function=0
cascade_output_change_fraction=0.010000
quickprop_decay=-0.000100
quickprop_mu=1.750000
rprop_increase_factor=1.200000
rprop_decrease_factor=0.500000
rprop_delta_min=0.000000
rprop_delta_max=50.000000
rprop_delta_zero=0.100000
cascade_output_stagnation_epochs=12
cascade_candidate_change_fraction=0.010000
cascade_candidate_stagnation_epochs=12
cascade_max_out_epochs=150
cascade_min_out_epochs=50
cascade_max_cand_epochs=150
cascade_min_cand_epochs=50
cascade_num_candidate_groups=2
bit_fail_limit=3.49999994039535522461e-01
cascade_candidate_limit=1.00000000000000000000e+03
cascade_weight_multiplier=4.00000005960464477539e-01
cascade_activation_functions_count=10
cascade_activation_functions=3 5 7 8 10 11 14 15 16 17 
cascade_activation_steepnesses_count=4
cascade_activation_steepnesses=2.50000000000000000000e-01 5.00000000000000000000e-01 7.50000000000000000000e-01 1.00000000000000000000e+00 
layer_sizes=2 5 3 3 
scale_included=0
neurons (num_inputs, activation_function, activation_steepness)=(0, 0, 0.00000000000000000000e+00) (0, 0, 0.00000000000000000000e+00) (2, 3, 5.00000000000000000000e-01) (2, 3, 5.00000000000000000000e-01) (2, 3, 5.00000000000000000000e-01) (2, 3, 5.00000000000000000000e-01) (0, 3, 0.00000000000000000000e+00) (5, 3, 5.00000000000000000000e-01) (5, 3, 5.00000000000000000000e-01) (0, 3, 0.00000000000000000000e+00) (3, 0, 5.00000000000000000000e-01) (3, 0, 5.00000000000000000000e-01) (0, 0, 0.00000000000000000000e+00) 
connections (connected_to_neuron, weight)=(0, -1.27768359375000000000e+03) (1, 7.62342071533203125000e+01) (0, 1.50000000000000000000e+03) (1, 6.61895370483398437500e+00) (0, -7.73842849731445312500e+01) (1, 2.35637931823730468750e+01) (0, -6.19344520568847656250e+01) (1, 1.91167907714843750000e+01) (2, 1.50000000000000000000e+03) (3, -3.11225032806396484375e+00) (4, -1.50000000000000000000e+03) (5, -1.50000000000000000000e+03) (6, 2.75934934616088867188e+00) (2, -1.26864933967590332031e+00) (3, 7.92894601821899414062e+00) (4, -1.16058168411254882812e+01) (5, 5.81124496459960937500e+00) (6, -1.49723160266876220703e+00) (7, 4.44008779525756835938e+00) (8, -2.27202033996582031250e+00) (9, 2.51906305551528930664e-01) (7, -2.42644119262695312500e+00) (8, -5.02428150177001953125e+00) (9, 3.92093133926391601562e+00) 
