FANN_FLO_2.1
num_layers=3
learning_rate=0.500000
connection_rate=1.000000
network_type=0
learning_momentum=0.000000
training_algorithm=2
train_error_function=1
train_stop_function=0
cascade_output_change_fraction=0.010000
quickprop_decay=-0.000100
quickprop_mu=1.750000
rprop_increase_factor=1.200000
rprop_decrease_factor=0.500000
rprop_delta_min=0.000000
rprop_delta_max=50.000000
rprop_delta_zero=0.100000
cascade_output_stagnation_epochs=12
cascade_candidate_change_fraction=0.010000
cascade_candidate_stagnation_epochs=12
cascade_max_out_epochs=150
cascade_min_out_epochs=50
cascade_max_cand_epochs=150
cascade_min_cand_epochs=50
cascade_num_candidate_groups=2
bit_fail_limit=3.49999994039535522461e-01
cascade_candidate_limit=1.00000000000000000000e+03
cascade_weight_multiplier=4.00000005960464477539e-01
cascade_activation_functions_count=10
cascade_activation_functions=3 5 7 8 10 11 14 15 16 17 
cascade_activation_steepnesses_count=4
cascade_activation_steepnesses=2.50000000000000000000e-01 5.00000000000000000000e-01 7.50000000000000000000e-01 1.00000000000000000000e+00 
layer_sizes=10 3 2 
scale_included=0
neurons (num_inputs, activation_function, activation_steepness)=(0, 0, 0.00000000000000000000e+00) (0, 0, 0.00000000000000000000e+00) (0, 0, 0.00000000000000000000e+00) (0, 0, 0.00000000000000000000e+00) (0, 0, 0.00000000000000000000e+00) (0, 0, 0.00000000000000000000e+00) (0, 0, 0.00000000000000000000e+00) (0, 0, 0.00000000000000000000e+00) (0, 0, 0.00000000000000000000e+00) (0, 0, 0.00000000000000000000e+00) (10, 3, 5.00000000000000000000e-01) (10, 3, 5.00000000000000000000e-01) (0, 3, 0.00000000000000000000e+00) (3, 3, 5.00000000000000000000e-01) (0, 3, 0.00000000000000000000e+00) 
connections (connected_to_neuron, weight)=(0, -4.99348402023315429688e+00) (1, 1.51720798015594482422e+00) (2, -1.38083219528198242188e+01) (3, -2.32434821128845214844e+00) (4, 1.00909972190856933594e+00) (5, -1.58271861076354980469e+00) (6, 3.47597885131835937500e+00) (7, -1.49118912220001220703e+00) (8, 8.42982769012451171875e+00) (9, 8.36025297641754150391e-01) (0, -7.20963537693023681641e-01) (1, 9.88109683990478515625e+00) (2, 3.14842963218688964844e+00) (3, -3.59306883811950683594e+00) (4, -4.48043727874755859375e+00) (5, -9.35720503330230712891e-01) (6, 3.11033487319946289062e+00) (7, -4.33028602600097656250e+00) (8, -4.29381400346755981445e-01) (9, -1.07427433133125305176e-01) (10, 3.15066289901733398438e+00) (11, 3.25192070007324218750e+00) (12, -2.25877761840820312500e+00) 
