FANN_FLO_2.1
num_layers=3
learning_rate=0.400000
connection_rate=1.000000
network_type=0
learning_momentum=0.000000
training_algorithm=2
train_error_function=1
train_stop_function=0
cascade_output_change_fraction=0.010000
quickprop_decay=-0.000100
quickprop_mu=1.750000
rprop_increase_factor=1.200000
rprop_decrease_factor=0.500000
rprop_delta_min=0.000000
rprop_delta_max=50.000000
rprop_delta_zero=0.100000
cascade_output_stagnation_epochs=12
cascade_candidate_change_fraction=0.010000
cascade_candidate_stagnation_epochs=12
cascade_max_out_epochs=150
cascade_min_out_epochs=50
cascade_max_cand_epochs=150
cascade_min_cand_epochs=50
cascade_num_candidate_groups=2
bit_fail_limit=3.49999994039535522461e-01
cascade_candidate_limit=1.00000000000000000000e+03
cascade_weight_multiplier=4.00000005960464477539e-01
cascade_activation_functions_count=10
cascade_activation_functions=3 5 7 8 10 11 14 15 16 17 
cascade_activation_steepnesses_count=4
cascade_activation_steepnesses=2.50000000000000000000e-01 5.00000000000000000000e-01 7.50000000000000000000e-01 1.00000000000000000000e+00 
layer_sizes=7 9 2 
scale_included=0
neurons (num_inputs, activation_function, activation_steepness)=(0, 0, 0.00000000000000000000e+00) (0, 0, 0.00000000000000000000e+00) (0, 0, 0.00000000000000000000e+00) (0, 0, 0.00000000000000000000e+00) (0, 0, 0.00000000000000000000e+00) (0, 0, 0.00000000000000000000e+00) (0, 0, 0.00000000000000000000e+00) (7, 3, 5.00000000000000000000e-01) (7, 3, 5.00000000000000000000e-01) (7, 3, 5.00000000000000000000e-01) (7, 3, 5.00000000000000000000e-01) (7, 3, 5.00000000000000000000e-01) (7, 3, 5.00000000000000000000e-01) (7, 3, 5.00000000000000000000e-01) (7, 3, 5.00000000000000000000e-01) (0, 3, 0.00000000000000000000e+00) (9, 3, 5.00000000000000000000e-01) (0, 3, 0.00000000000000000000e+00) 
connections (connected_to_neuron, weight)=(0, -4.37989902496337890625e+00) (1, -4.48824977874755859375e+00) (2, -4.56569814682006835938e+00) (3, 1.07592868804931640625e+00) (4, 3.10239553451538085938e+00) (5, 3.26391339302062988281e-01) (6, -5.70109009742736816406e-01) (0, -5.28446578979492187500e+00) (1, -2.11827349662780761719e+00) (2, -1.84108960628509521484e+00) (3, 3.33145117759704589844e+00) (4, 2.38032770156860351562e+00) (5, 1.88853657245635986328e+00) (6, -3.58270311355590820312e+00) (0, -4.33090925216674804688e+00) (1, -4.29788827896118164062e+00) (2, -5.35612010955810546875e+00) (3, -6.20390701293945312500e+00) (4, 7.54670763015747070312e+00) (5, 6.26019001007080078125e-01) (6, -6.51975035667419433594e-01) (0, -3.00227022171020507812e+00) (1, -2.94003129005432128906e+00) (2, -2.21873426437377929688e+00) (3, 3.66920113563537597656e+00) (4, 2.55338698625564575195e-01) (5, 8.10357213020324707031e-01) (6, -2.70138239860534667969e+00) (0, -2.12159919738769531250e+00) (1, -2.51094341278076171875e+00) (2, -5.70840024948120117188e+00) (3, 5.69027543067932128906e-01) (4, 1.48680341243743896484e+00) (5, 3.30624556541442871094e+00) (6, -8.69224250316619873047e-01) (0, -1.25874781608581542969e+00) (1, 2.67458260059356689453e-01) (2, 2.99301004409790039062e+00) (3, 6.82933425903320312500e+00) (4, 2.40923810005187988281e+00) (5, -1.33865270614624023438e+01) (6, -6.33706986904144287109e-01) (0, -5.71760845184326171875e+00) (1, -2.04154491424560546875e+00) (2, -6.01040959358215332031e-01) (3, 3.91391754150390625000e+00) (4, 2.39450979232788085938e+00) (5, 1.58525145053863525391e+00) (6, -4.01171922683715820312e+00) (0, 4.04592067003250122070e-01) (1, -3.82105660438537597656e+00) (2, -1.92225766181945800781e+00) (3, 2.22747135162353515625e+00) (4, -3.76087737083435058594e+00) (5, 8.00782012939453125000e+00) (6, -2.23419165611267089844e+00) (7, 2.92141616344451904297e-01) (8, 1.38812518119812011719e+00) (9, 7.09593832492828369141e-01) (10, 6.47661015391349792480e-02) (11, 1.11119437217712402344e+00) (12, 3.05382323265075683594e+00) (13, 1.10917878150939941406e+00) (14, 2.65785384178161621094e+00) (15, -2.65853977203369140625e+00) 
