FANN_FLO_2.1
num_layers=4
learning_rate=0.500000
connection_rate=1.000000
network_type=0
learning_momentum=0.000000
training_algorithm=2
train_error_function=1
train_stop_function=0
cascade_output_change_fraction=0.010000
quickprop_decay=-0.000100
quickprop_mu=1.750000
rprop_increase_factor=1.200000
rprop_decrease_factor=0.500000
rprop_delta_min=0.000000
rprop_delta_max=50.000000
rprop_delta_zero=0.100000
cascade_output_stagnation_epochs=12
cascade_candidate_change_fraction=0.010000
cascade_candidate_stagnation_epochs=12
cascade_max_out_epochs=150
cascade_min_out_epochs=50
cascade_max_cand_epochs=150
cascade_min_cand_epochs=50
cascade_num_candidate_groups=2
bit_fail_limit=3.49999994039535522461e-01
cascade_candidate_limit=1.00000000000000000000e+03
cascade_weight_multiplier=4.00000005960464477539e-01
cascade_activation_functions_count=10
cascade_activation_functions=3 5 7 8 10 11 14 15 16 17 
cascade_activation_steepnesses_count=4
cascade_activation_steepnesses=2.50000000000000000000e-01 5.00000000000000000000e-01 7.50000000000000000000e-01 1.00000000000000000000e+00 
layer_sizes=10 3 3 2 
scale_included=0
neurons (num_inputs, activation_function, activation_steepness)=(0, 0, 0.00000000000000000000e+00) (0, 0, 0.00000000000000000000e+00) (0, 0, 0.00000000000000000000e+00) (0, 0, 0.00000000000000000000e+00) (0, 0, 0.00000000000000000000e+00) (0, 0, 0.00000000000000000000e+00) (0, 0, 0.00000000000000000000e+00) (0, 0, 0.00000000000000000000e+00) (0, 0, 0.00000000000000000000e+00) (0, 0, 0.00000000000000000000e+00) (10, 3, 5.00000000000000000000e-01) (10, 3, 5.00000000000000000000e-01) (0, 3, 0.00000000000000000000e+00) (3, 3, 5.00000000000000000000e-01) (3, 3, 5.00000000000000000000e-01) (0, 3, 0.00000000000000000000e+00) (3, 3, 5.00000000000000000000e-01) (0, 3, 0.00000000000000000000e+00) 
connections (connected_to_neuron, weight)=(0, -1.93064460754394531250e+01) (1, -1.35882592201232910156e+00) (2, -5.20195126533508300781e-01) (3, -7.33866357803344726562e+00) (4, -9.75139975547790527344e-01) (5, 7.46415555477142333984e-01) (6, 8.88017368316650390625e+00) (7, 1.60257244110107421875e+01) (8, 3.07250094413757324219e+00) (9, 1.20815873146057128906e+00) (0, -2.19979610443115234375e+01) (1, 6.21998608112335205078e-02) (2, 5.04942607879638671875e+00) (3, -5.13111066818237304688e+00) (4, 3.81313949823379516602e-01) (5, -2.35026121139526367188e+00) (6, 6.30952119827270507812e+00) (7, 9.41273093223571777344e-01) (8, 4.95864725112915039062e+00) (9, 2.08587527275085449219e+00) (10, -3.50015974044799804688e+00) (11, 3.94392108917236328125e+00) (12, 2.04149410128593444824e-01) (10, -6.75726556777954101562e+00) (11, 5.90147781372070312500e+00) (12, 2.32236933708190917969e+00) (13, 2.62488460540771484375e+00) (14, 2.32830357551574707031e+00) (15, -2.72590708732604980469e+00) 
