FANN_FLO_2.1
num_layers=3
learning_rate=0.400000
connection_rate=1.000000
network_type=0
learning_momentum=0.000000
training_algorithm=2
train_error_function=1
train_stop_function=0
cascade_output_change_fraction=0.010000
quickprop_decay=-0.000100
quickprop_mu=1.750000
rprop_increase_factor=1.200000
rprop_decrease_factor=0.500000
rprop_delta_min=0.000000
rprop_delta_max=50.000000
rprop_delta_zero=0.100000
cascade_output_stagnation_epochs=12
cascade_candidate_change_fraction=0.010000
cascade_candidate_stagnation_epochs=12
cascade_max_out_epochs=150
cascade_min_out_epochs=50
cascade_max_cand_epochs=150
cascade_min_cand_epochs=50
cascade_num_candidate_groups=2
bit_fail_limit=3.49999994039535522461e-01
cascade_candidate_limit=1.00000000000000000000e+03
cascade_weight_multiplier=4.00000005960464477539e-01
cascade_activation_functions_count=10
cascade_activation_functions=3 5 7 8 10 11 14 15 16 17 
cascade_activation_steepnesses_count=4
cascade_activation_steepnesses=2.50000000000000000000e-01 5.00000000000000000000e-01 7.50000000000000000000e-01 1.00000000000000000000e+00 
layer_sizes=7 5 2 
scale_included=0
neurons (num_inputs, activation_function, activation_steepness)=(0, 0, 0.00000000000000000000e+00) (0, 0, 0.00000000000000000000e+00) (0, 0, 0.00000000000000000000e+00) (0, 0, 0.00000000000000000000e+00) (0, 0, 0.00000000000000000000e+00) (0, 0, 0.00000000000000000000e+00) (0, 0, 0.00000000000000000000e+00) (7, 3, 5.00000000000000000000e-01) (7, 3, 5.00000000000000000000e-01) (7, 3, 5.00000000000000000000e-01) (7, 3, 5.00000000000000000000e-01) (0, 3, 0.00000000000000000000e+00) (5, 3, 5.00000000000000000000e-01) (0, 3, 0.00000000000000000000e+00) 
connections (connected_to_neuron, weight)=(0, -4.45821380615234375000e+00) (1, -2.57439804077148437500e+00) (2, -4.68754863739013671875e+00) (3, 1.79558086395263671875e+00) (4, 4.57235050201416015625e+00) (5, 3.58449792861938476562e+00) (6, -2.98017621040344238281e+00) (0, 6.05434656143188476562e+00) (1, -2.31085801124572753906e+00) (2, -4.78836250305175781250e+00) (3, 3.94740509986877441406e+00) (4, -2.62835693359375000000e+00) (5, 8.44801807403564453125e+00) (6, -5.26975727081298828125e+00) (0, 2.68033432960510253906e+00) (1, -2.85692191123962402344e+00) (2, -2.63114666938781738281e+00) (3, 6.28228378295898437500e+00) (4, -3.90390896797180175781e+00) (5, -1.46898233890533447266e+00) (6, -4.68181419372558593750e+00) (0, 4.20458316802978515625e+00) (1, -1.92945981025695800781e+00) (2, 1.67923641204833984375e+00) (3, 7.02564573287963867188e+00) (4, 4.65409517288208007812e+00) (5, -1.76028690338134765625e+01) (6, -1.97875833511352539062e+00) (7, 2.98111271858215332031e+00) (8, 2.11730551719665527344e+00) (9, 5.98480319976806640625e+00) (10, 2.87687182426452636719e+00) (11, -2.42654132843017578125e+00) 
