FANN_FLO_2.1
num_layers=3
learning_rate=0.400000
connection_rate=1.000000
network_type=0
learning_momentum=0.000000
training_algorithm=2
train_error_function=1
train_stop_function=0
cascade_output_change_fraction=0.010000
quickprop_decay=-0.000100
quickprop_mu=1.750000
rprop_increase_factor=1.200000
rprop_decrease_factor=0.500000
rprop_delta_min=0.000000
rprop_delta_max=50.000000
rprop_delta_zero=0.100000
cascade_output_stagnation_epochs=12
cascade_candidate_change_fraction=0.010000
cascade_candidate_stagnation_epochs=12
cascade_max_out_epochs=150
cascade_min_out_epochs=50
cascade_max_cand_epochs=150
cascade_min_cand_epochs=50
cascade_num_candidate_groups=2
bit_fail_limit=3.49999994039535522461e-01
cascade_candidate_limit=1.00000000000000000000e+03
cascade_weight_multiplier=4.00000005960464477539e-01
cascade_activation_functions_count=10
cascade_activation_functions=3 5 7 8 10 11 14 15 16 17 
cascade_activation_steepnesses_count=4
cascade_activation_steepnesses=2.50000000000000000000e-01 5.00000000000000000000e-01 7.50000000000000000000e-01 1.00000000000000000000e+00 
layer_sizes=7 9 2 
scale_included=0
neurons (num_inputs, activation_function, activation_steepness)=(0, 0, 0.00000000000000000000e+00) (0, 0, 0.00000000000000000000e+00) (0, 0, 0.00000000000000000000e+00) (0, 0, 0.00000000000000000000e+00) (0, 0, 0.00000000000000000000e+00) (0, 0, 0.00000000000000000000e+00) (0, 0, 0.00000000000000000000e+00) (7, 3, 5.00000000000000000000e-01) (7, 3, 5.00000000000000000000e-01) (7, 3, 5.00000000000000000000e-01) (7, 3, 5.00000000000000000000e-01) (7, 3, 5.00000000000000000000e-01) (7, 3, 5.00000000000000000000e-01) (7, 3, 5.00000000000000000000e-01) (7, 3, 5.00000000000000000000e-01) (0, 3, 0.00000000000000000000e+00) (9, 3, 5.00000000000000000000e-01) (0, 3, 0.00000000000000000000e+00) 
connections (connected_to_neuron, weight)=(0, -2.06553101539611816406e+00) (1, -2.08155584335327148438e+00) (2, -1.58434753417968750000e+01) (3, -3.80276393890380859375e+00) (4, -3.85711288452148437500e+00) (5, -2.86426568031311035156e+00) (6, 1.11974935531616210938e+01) (0, 1.06011748313903808594e+00) (1, 5.39568185806274414062e+00) (2, -8.02696228027343750000e+00) (3, -6.14742755889892578125e+00) (4, -2.86965090781450271606e-02) (5, -1.02168083190917968750e+00) (6, -9.61438566446304321289e-02) (0, 1.12708292901515960693e-01) (1, 5.17876768112182617188e+00) (2, -3.09577250480651855469e+00) (3, -9.72504615783691406250e+00) (4, 1.98111248016357421875e+00) (5, -3.10424774885177612305e-01) (6, -4.05347013473510742188e+00) (0, -7.06450414657592773438e+00) (1, -1.37929582595825195312e+01) (2, 4.82886743545532226562e+00) (3, -5.08168101310729980469e-01) (4, -1.57338097691535949707e-01) (5, 5.35337638854980468750e+00) (6, 1.23051738739013671875e+01) (0, -8.11869800090789794922e-02) (1, -2.91968846321105957031e+00) (2, -2.47144365310668945312e+00) (3, -1.88994073867797851562e+00) (4, 2.51450210809707641602e-01) (5, 8.05253326892852783203e-01) (6, 1.93884181976318359375e+00) (0, -7.89075016975402832031e-01) (1, -3.55914640426635742188e+00) (2, 9.26204299926757812500e+00) (3, -8.08411312103271484375e+00) (4, -3.85364937782287597656e+00) (5, -2.97699570655822753906e+00) (6, 1.15426321029663085938e+01) (0, 8.59652936458587646484e-01) (1, -1.71500968933105468750e+01) (2, 1.65030169486999511719e+00) (3, -4.22379106283187866211e-01) (4, 1.50911405682563781738e-01) (5, 4.97808504104614257812e+00) (6, 1.29048812389373779297e+00) (0, 2.50121593475341796875e-01) (1, 4.19371509552001953125e+00) (2, -1.79022159576416015625e+01) (3, -1.46704733371734619141e+00) (4, -6.03761243820190429688e+00) (5, -3.04131603240966796875e+00) (6, 4.15871500968933105469e-01) (7, -5.17537258565425872803e-02) (8, -2.80018806457519531250e+00) (9, -2.26550483703613281250e+00) (10, -4.38025093078613281250e+00) (11, 6.91259860992431640625e+00) (12, -4.37665760517120361328e-01) (13, -6.33762311935424804688e+00) (14, -1.19403445720672607422e+00) (15, 1.93735528737306594849e-02) 
