FANN_FLO_2.1
num_layers=4
learning_rate=0.500000
connection_rate=1.000000
network_type=0
learning_momentum=0.000000
training_algorithm=2
train_error_function=1
train_stop_function=0
cascade_output_change_fraction=0.010000
quickprop_decay=-0.000100
quickprop_mu=1.750000
rprop_increase_factor=1.200000
rprop_decrease_factor=0.500000
rprop_delta_min=0.000000
rprop_delta_max=50.000000
rprop_delta_zero=0.100000
cascade_output_stagnation_epochs=12
cascade_candidate_change_fraction=0.010000
cascade_candidate_stagnation_epochs=12
cascade_max_out_epochs=150
cascade_min_out_epochs=50
cascade_max_cand_epochs=150
cascade_min_cand_epochs=50
cascade_num_candidate_groups=2
bit_fail_limit=3.49999994039535522461e-01
cascade_candidate_limit=1.00000000000000000000e+03
cascade_weight_multiplier=4.00000005960464477539e-01
cascade_activation_functions_count=10
cascade_activation_functions=3 5 7 8 10 11 14 15 16 17 
cascade_activation_steepnesses_count=4
cascade_activation_steepnesses=2.50000000000000000000e-01 5.00000000000000000000e-01 7.50000000000000000000e-01 1.00000000000000000000e+00 
layer_sizes=10 3 3 2 
scale_included=0
neurons (num_inputs, activation_function, activation_steepness)=(0, 0, 0.00000000000000000000e+00) (0, 0, 0.00000000000000000000e+00) (0, 0, 0.00000000000000000000e+00) (0, 0, 0.00000000000000000000e+00) (0, 0, 0.00000000000000000000e+00) (0, 0, 0.00000000000000000000e+00) (0, 0, 0.00000000000000000000e+00) (0, 0, 0.00000000000000000000e+00) (0, 0, 0.00000000000000000000e+00) (0, 0, 0.00000000000000000000e+00) (10, 3, 5.00000000000000000000e-01) (10, 3, 5.00000000000000000000e-01) (0, 3, 0.00000000000000000000e+00) (3, 3, 5.00000000000000000000e-01) (3, 3, 5.00000000000000000000e-01) (0, 3, 0.00000000000000000000e+00) (3, 3, 5.00000000000000000000e-01) (0, 3, 0.00000000000000000000e+00) 
connections (connected_to_neuron, weight)=(0, 5.28875160217285156250e+00) (1, -1.69560718536376953125e+00) (2, -4.62131261825561523438e+00) (3, 9.83063983917236328125e+00) (4, -1.04335986077785491943e-01) (5, -6.34211111068725585938e+00) (6, 1.37870693206787109375e+01) (7, -6.24082231521606445312e+00) (8, -6.85429859161376953125e+00) (9, -1.37571966648101806641e+00) (0, 4.24668169021606445312e+00) (1, -1.41286039352416992188e+01) (2, -2.30327820777893066406e+00) (3, 4.13856887817382812500e+00) (4, -7.30241537094116210938e-01) (5, -1.22300577163696289062e+00) (6, 2.03451251983642578125e+01) (7, -6.15172743797302246094e-01) (8, -1.74634420871734619141e+00) (9, -1.05583178997039794922e+00) (10, 5.57477903366088867188e+00) (11, -5.88185882568359375000e+00) (12, 3.39608758687973022461e-01) (10, 8.18674468994140625000e+00) (11, -8.02365589141845703125e+00) (12, 5.37065684795379638672e-01) (13, 1.46394526958465576172e+00) (14, 2.78135490417480468750e+00) (15, -1.68861317634582519531e+00) 
