FANN_FLO_2.1
num_layers=3
learning_rate=0.400000
connection_rate=1.000000
network_type=0
learning_momentum=0.000000
training_algorithm=2
train_error_function=1
train_stop_function=0
cascade_output_change_fraction=0.010000
quickprop_decay=-0.000100
quickprop_mu=1.750000
rprop_increase_factor=1.200000
rprop_decrease_factor=0.500000
rprop_delta_min=0.000000
rprop_delta_max=50.000000
rprop_delta_zero=0.100000
cascade_output_stagnation_epochs=12
cascade_candidate_change_fraction=0.010000
cascade_candidate_stagnation_epochs=12
cascade_max_out_epochs=150
cascade_min_out_epochs=50
cascade_max_cand_epochs=150
cascade_min_cand_epochs=50
cascade_num_candidate_groups=2
bit_fail_limit=3.49999994039535522461e-01
cascade_candidate_limit=1.00000000000000000000e+03
cascade_weight_multiplier=4.00000005960464477539e-01
cascade_activation_functions_count=10
cascade_activation_functions=3 5 7 8 10 11 14 15 16 17 
cascade_activation_steepnesses_count=4
cascade_activation_steepnesses=2.50000000000000000000e-01 5.00000000000000000000e-01 7.50000000000000000000e-01 1.00000000000000000000e+00 
layer_sizes=7 9 2 
scale_included=0
neurons (num_inputs, activation_function, activation_steepness)=(0, 0, 0.00000000000000000000e+00) (0, 0, 0.00000000000000000000e+00) (0, 0, 0.00000000000000000000e+00) (0, 0, 0.00000000000000000000e+00) (0, 0, 0.00000000000000000000e+00) (0, 0, 0.00000000000000000000e+00) (0, 0, 0.00000000000000000000e+00) (7, 3, 5.00000000000000000000e-01) (7, 3, 5.00000000000000000000e-01) (7, 3, 5.00000000000000000000e-01) (7, 3, 5.00000000000000000000e-01) (7, 3, 5.00000000000000000000e-01) (7, 3, 5.00000000000000000000e-01) (7, 3, 5.00000000000000000000e-01) (7, 3, 5.00000000000000000000e-01) (0, 3, 0.00000000000000000000e+00) (9, 3, 5.00000000000000000000e-01) (0, 3, 0.00000000000000000000e+00) 
connections (connected_to_neuron, weight)=(0, -1.34193158149719238281e+00) (1, -2.15146541595458984375e+00) (2, -4.45475864410400390625e+00) (3, 2.90865600109100341797e-01) (4, 2.05436968803405761719e+00) (5, 4.14286518096923828125e+00) (6, -2.16229891777038574219e+00) (0, -1.30172634124755859375e+00) (1, -1.34946298599243164062e+00) (2, 1.39399147033691406250e+00) (3, 5.84777212142944335938e+00) (4, -1.52945742011070251465e-01) (5, -4.99871701002120971680e-01) (6, -5.20641088485717773438e+00) (0, -4.35625076293945312500e+00) (1, -2.15875244140625000000e+00) (2, -1.08243370056152343750e+00) (3, 1.87464654445648193359e+00) (4, 2.08534383773803710938e+00) (5, 1.12025856971740722656e+00) (6, -2.90396976470947265625e+00) (0, -6.52510166168212890625e+00) (1, 2.18032288551330566406e+00) (2, 3.04567170143127441406e+00) (3, 6.69605207443237304688e+00) (4, 9.43885231018066406250e+00) (5, -1.87811565399169921875e+01) (6, -6.73189759254455566406e-02) (0, -5.05690336227416992188e+00) (1, -1.49123239517211914062e+00) (2, -1.54044747352600097656e+00) (3, 1.68940293788909912109e+00) (4, 2.56036090850830078125e+00) (5, -8.76720845699310302734e-01) (6, -1.45385885238647460938e+00) (0, -7.56661057472229003906e-01) (1, -1.45353794097900390625e+00) (2, 9.51753902435302734375e+00) (3, -1.48768377304077148438e+01) (4, -3.00873851776123046875e+00) (5, -2.60511417388916015625e+01) (6, -1.91151678562164306641e+00) (0, -1.28632676601409912109e+00) (1, 2.29871010780334472656e+00) (2, 4.65019607543945312500e+00) (3, -1.90819573402404785156e+00) (4, 2.98466992378234863281e+00) (5, -1.46347703933715820312e+01) (6, -8.29486429691314697266e-01) (0, -1.22968542575836181641e+00) (1, 2.97094726562500000000e+00) (2, 9.52959358692169189453e-01) (3, -2.32173252105712890625e+00) (4, 2.90408134460449218750e+00) (5, -6.49483156204223632812e+00) (6, 2.62036228179931640625e+00) (7, 1.59316706657409667969e+00) (8, 1.16066849231719970703e+00) (9, 1.42382168769836425781e+00) (10, 1.63170707225799560547e+00) (11, 3.36933565139770507812e+00) (12, 1.50000000000000000000e+03) (13, 1.90590429306030273438e+00) (14, -2.95415616035461425781e+00) (15, -2.62951165437698364258e-01) 
