FANN_FLO_2.1
num_layers=3
learning_rate=0.400000
connection_rate=1.000000
network_type=0
learning_momentum=0.000000
training_algorithm=2
train_error_function=1
train_stop_function=0
cascade_output_change_fraction=0.010000
quickprop_decay=-0.000100
quickprop_mu=1.750000
rprop_increase_factor=1.200000
rprop_decrease_factor=0.500000
rprop_delta_min=0.000000
rprop_delta_max=50.000000
rprop_delta_zero=0.100000
cascade_output_stagnation_epochs=12
cascade_candidate_change_fraction=0.010000
cascade_candidate_stagnation_epochs=12
cascade_max_out_epochs=150
cascade_min_out_epochs=50
cascade_max_cand_epochs=150
cascade_min_cand_epochs=50
cascade_num_candidate_groups=2
bit_fail_limit=3.49999994039535522461e-01
cascade_candidate_limit=1.00000000000000000000e+03
cascade_weight_multiplier=4.00000005960464477539e-01
cascade_activation_functions_count=10
cascade_activation_functions=3 5 7 8 10 11 14 15 16 17 
cascade_activation_steepnesses_count=4
cascade_activation_steepnesses=2.50000000000000000000e-01 5.00000000000000000000e-01 7.50000000000000000000e-01 1.00000000000000000000e+00 
layer_sizes=7 5 2 
scale_included=0
neurons (num_inputs, activation_function, activation_steepness)=(0, 0, 0.00000000000000000000e+00) (0, 0, 0.00000000000000000000e+00) (0, 0, 0.00000000000000000000e+00) (0, 0, 0.00000000000000000000e+00) (0, 0, 0.00000000000000000000e+00) (0, 0, 0.00000000000000000000e+00) (0, 0, 0.00000000000000000000e+00) (7, 3, 5.00000000000000000000e-01) (7, 3, 5.00000000000000000000e-01) (7, 3, 5.00000000000000000000e-01) (7, 3, 5.00000000000000000000e-01) (0, 3, 0.00000000000000000000e+00) (5, 3, 5.00000000000000000000e-01) (0, 3, 0.00000000000000000000e+00) 
connections (connected_to_neuron, weight)=(0, 7.72624397277832031250e+00) (1, -9.13123893737792968750e+00) (2, 6.57492637634277343750e+00) (3, -1.58726942539215087891e+00) (4, -7.82003045082092285156e-01) (5, 4.61863136291503906250e+00) (6, -4.65740346908569335938e+00) (0, -9.73903942108154296875e+00) (1, -9.60280132293701171875e+00) (2, 2.15713672637939453125e+01) (3, 1.10240144729614257812e+01) (4, 4.25834941864013671875e+00) (5, 1.40964193344116210938e+01) (6, 8.61272811889648437500e-01) (0, -7.51734304428100585938e+00) (1, 6.59050273895263671875e+00) (2, -1.15970325469970703125e+00) (3, -1.69954574108123779297e+00) (4, -1.28991758823394775391e+00) (5, -9.40736770629882812500e+01) (6, 9.66624841094017028809e-02) (0, 5.62789201736450195312e+00) (1, 1.57659932971000671387e-01) (2, -7.63305330276489257812e+00) (3, -6.43598031997680664062e+00) (4, -5.76073586940765380859e-01) (5, -3.06957411766052246094e+00) (6, 3.60535442829132080078e-01) (7, -8.77101325988769531250e+00) (8, -9.49103951454162597656e-01) (9, -9.89660930633544921875e+00) (10, -9.11134898662567138672e-01) (11, -2.58238166570663452148e-01) 
