FANN_FLO_2.1
num_layers=4
learning_rate=0.500000
connection_rate=1.000000
network_type=0
learning_momentum=0.000000
training_algorithm=2
train_error_function=1
train_stop_function=0
cascade_output_change_fraction=0.010000
quickprop_decay=-0.000100
quickprop_mu=1.750000
rprop_increase_factor=1.200000
rprop_decrease_factor=0.500000
rprop_delta_min=0.000000
rprop_delta_max=50.000000
rprop_delta_zero=0.100000
cascade_output_stagnation_epochs=12
cascade_candidate_change_fraction=0.010000
cascade_candidate_stagnation_epochs=12
cascade_max_out_epochs=150
cascade_min_out_epochs=50
cascade_max_cand_epochs=150
cascade_min_cand_epochs=50
cascade_num_candidate_groups=2
bit_fail_limit=3.49999994039535522461e-01
cascade_candidate_limit=1.00000000000000000000e+03
cascade_weight_multiplier=4.00000005960464477539e-01
cascade_activation_functions_count=10
cascade_activation_functions=3 5 7 8 10 11 14 15 16 17 
cascade_activation_steepnesses_count=4
cascade_activation_steepnesses=2.50000000000000000000e-01 5.00000000000000000000e-01 7.50000000000000000000e-01 1.00000000000000000000e+00 
layer_sizes=10 5 3 2 
scale_included=0
neurons (num_inputs, activation_function, activation_steepness)=(0, 0, 0.00000000000000000000e+00) (0, 0, 0.00000000000000000000e+00) (0, 0, 0.00000000000000000000e+00) (0, 0, 0.00000000000000000000e+00) (0, 0, 0.00000000000000000000e+00) (0, 0, 0.00000000000000000000e+00) (0, 0, 0.00000000000000000000e+00) (0, 0, 0.00000000000000000000e+00) (0, 0, 0.00000000000000000000e+00) (0, 0, 0.00000000000000000000e+00) (10, 3, 5.00000000000000000000e-01) (10, 3, 5.00000000000000000000e-01) (10, 3, 5.00000000000000000000e-01) (10, 3, 5.00000000000000000000e-01) (0, 3, 0.00000000000000000000e+00) (5, 3, 5.00000000000000000000e-01) (5, 3, 5.00000000000000000000e-01) (0, 3, 0.00000000000000000000e+00) (3, 3, 5.00000000000000000000e-01) (0, 3, 0.00000000000000000000e+00) 
connections (connected_to_neuron, weight)=(0, 9.51849460601806640625e-01) (1, 4.49997806549072265625e+00) (2, 6.79649734497070312500e+00) (3, -4.07686376571655273438e+00) (4, -1.66240119934082031250e+00) (5, -1.66420769691467285156e+00) (6, -9.28076648712158203125e+00) (7, -1.99062204360961914062e+00) (8, -6.53380537033081054688e+00) (9, 3.53902578353881835938e+00) (0, -2.74618101119995117188e+00) (1, -1.86405992507934570312e+00) (2, -8.78790855407714843750e+00) (3, -1.27567851543426513672e+00) (4, -5.74145793914794921875e+00) (5, -1.96762454509735107422e+00) (6, 9.91389465332031250000e+00) (7, 5.49628114700317382812e+00) (8, -6.73398113250732421875e+00) (9, 2.83640336990356445312e+00) (0, 3.04485046386718750000e+02) (1, -1.33626623535156250000e+03) (2, 1.85697753906250000000e+02) (3, -4.91066551208496093750e+00) (4, -1.60732589721679687500e+02) (5, -1.82214889526367187500e+01) (6, -1.17468383789062500000e+03) (7, -5.07140696048736572266e-01) (8, 1.24269812011718750000e+03) (9, 3.97130846977233886719e-01) (0, -3.58207244873046875000e+01) (1, 2.06398086547851562500e+02) (2, -1.38786514282226562500e+02) (3, -5.51859092712402343750e+00) (4, -4.85808830261230468750e+01) (5, -1.16284646987915039062e+01) (6, 1.60406005859375000000e+02) (7, 3.68209093809127807617e-01) (8, -1.49051681518554687500e+02) (9, 1.06889474391937255859e+00) (10, 1.01148090362548828125e+01) (11, 8.01164436340332031250e+00) (12, 7.09411682128906250000e+02) (13, 1.96095383167266845703e+00) (14, -3.67102861404418945312e+00) (10, 1.02576723098754882812e+01) (11, 9.47433948516845703125e+00) (12, -7.29708328247070312500e+01) (13, 7.28412330150604248047e-01) (14, -3.78716254234313964844e+00) (15, 3.04984211921691894531e-01) (16, 1.48921310901641845703e+00) (17, -9.09395039081573486328e-01) 
