FANN_FLO_2.1
num_layers=3
learning_rate=0.400000
connection_rate=1.000000
network_type=0
learning_momentum=0.000000
training_algorithm=2
train_error_function=1
train_stop_function=0
cascade_output_change_fraction=0.010000
quickprop_decay=-0.000100
quickprop_mu=1.750000
rprop_increase_factor=1.200000
rprop_decrease_factor=0.500000
rprop_delta_min=0.000000
rprop_delta_max=50.000000
rprop_delta_zero=0.100000
cascade_output_stagnation_epochs=12
cascade_candidate_change_fraction=0.010000
cascade_candidate_stagnation_epochs=12
cascade_max_out_epochs=150
cascade_min_out_epochs=50
cascade_max_cand_epochs=150
cascade_min_cand_epochs=50
cascade_num_candidate_groups=2
bit_fail_limit=3.49999994039535522461e-01
cascade_candidate_limit=1.00000000000000000000e+03
cascade_weight_multiplier=4.00000005960464477539e-01
cascade_activation_functions_count=10
cascade_activation_functions=3 5 7 8 10 11 14 15 16 17 
cascade_activation_steepnesses_count=4
cascade_activation_steepnesses=2.50000000000000000000e-01 5.00000000000000000000e-01 7.50000000000000000000e-01 1.00000000000000000000e+00 
layer_sizes=7 5 2 
scale_included=0
neurons (num_inputs, activation_function, activation_steepness)=(0, 0, 0.00000000000000000000e+00) (0, 0, 0.00000000000000000000e+00) (0, 0, 0.00000000000000000000e+00) (0, 0, 0.00000000000000000000e+00) (0, 0, 0.00000000000000000000e+00) (0, 0, 0.00000000000000000000e+00) (0, 0, 0.00000000000000000000e+00) (7, 3, 5.00000000000000000000e-01) (7, 3, 5.00000000000000000000e-01) (7, 3, 5.00000000000000000000e-01) (7, 3, 5.00000000000000000000e-01) (0, 3, 0.00000000000000000000e+00) (5, 3, 5.00000000000000000000e-01) (0, 3, 0.00000000000000000000e+00) 
connections (connected_to_neuron, weight)=(0, -1.41489601135253906250e+00) (1, -3.21125674247741699219e+00) (2, 4.39087009429931640625e+00) (3, -4.44704198837280273438e+00) (4, 8.90482425689697265625e+00) (5, -1.27341318130493164062e+01) (6, -1.76108789443969726562e+00) (0, -3.94966721534729003906e+00) (1, -2.48714661598205566406e+00) (2, -2.83070039749145507812e+00) (3, 2.49438452720642089844e+00) (4, 3.32875061035156250000e+00) (5, 1.38578999042510986328e+00) (6, -3.14353108406066894531e+00) (0, -1.40429651737213134766e+00) (1, -1.26590406894683837891e+00) (2, -4.56630373001098632812e+00) (3, 2.91352820396423339844e+00) (4, -1.92199990153312683105e-01) (5, 9.52594852447509765625e+00) (6, -5.25862264633178710938e+00) (0, 8.91651344299316406250e+00) (1, -1.23509621620178222656e+00) (2, 1.10766239166259765625e+01) (3, 9.66087532043457031250e+00) (4, -3.27083063125610351562e+00) (5, -1.17854576110839843750e+01) (6, -8.83338069915771484375e+00) (7, 2.59995031356811523438e+00) (8, 4.71004343032836914062e+00) (9, 2.39825177192687988281e+00) (10, 8.17327976226806640625e-01) (11, -2.09922027587890625000e+00) 
