FANN_FLO_2.1
num_layers=4
learning_rate=0.500000
connection_rate=1.000000
network_type=0
learning_momentum=0.000000
training_algorithm=2
train_error_function=1
train_stop_function=0
cascade_output_change_fraction=0.010000
quickprop_decay=-0.000100
quickprop_mu=1.750000
rprop_increase_factor=1.200000
rprop_decrease_factor=0.500000
rprop_delta_min=0.000000
rprop_delta_max=50.000000
rprop_delta_zero=0.100000
cascade_output_stagnation_epochs=12
cascade_candidate_change_fraction=0.010000
cascade_candidate_stagnation_epochs=12
cascade_max_out_epochs=150
cascade_min_out_epochs=50
cascade_max_cand_epochs=150
cascade_min_cand_epochs=50
cascade_num_candidate_groups=2
bit_fail_limit=3.49999994039535522461e-01
cascade_candidate_limit=1.00000000000000000000e+03
cascade_weight_multiplier=4.00000005960464477539e-01
cascade_activation_functions_count=10
cascade_activation_functions=3 5 7 8 10 11 14 15 16 17 
cascade_activation_steepnesses_count=4
cascade_activation_steepnesses=2.50000000000000000000e-01 5.00000000000000000000e-01 7.50000000000000000000e-01 1.00000000000000000000e+00 
layer_sizes=2 5 3 3 
scale_included=0
neurons (num_inputs, activation_function, activation_steepness)=(0, 0, 0.00000000000000000000e+00) (0, 0, 0.00000000000000000000e+00) (2, 3, 5.00000000000000000000e-01) (2, 3, 5.00000000000000000000e-01) (2, 3, 5.00000000000000000000e-01) (2, 3, 5.00000000000000000000e-01) (0, 3, 0.00000000000000000000e+00) (5, 3, 5.00000000000000000000e-01) (5, 3, 5.00000000000000000000e-01) (0, 3, 0.00000000000000000000e+00) (3, 0, 5.00000000000000000000e-01) (3, 0, 5.00000000000000000000e-01) (0, 0, 0.00000000000000000000e+00) 
connections (connected_to_neuron, weight)=(0, 1.50000000000000000000e+03) (1, 5.00787696838378906250e+01) (0, -3.98678833007812500000e+02) (1, 1.65962371826171875000e+02) (0, 1.50000000000000000000e+03) (1, 1.73184356689453125000e+02) (0, -6.60481033325195312500e+01) (1, 2.74376869201660156250e+01) (2, -1.43287744140625000000e+03) (3, 1.44605725097656250000e+03) (4, -1.40633898925781250000e+03) (5, 1.44865954589843750000e+03) (6, -3.67736473083496093750e+01) (2, 1.30070686340332031250e+00) (3, -1.50000000000000000000e+03) (4, -3.37686181068420410156e+00) (5, -1.50000000000000000000e+03) (6, 4.39987325668334960938e+00) (7, -1.56762912869453430176e-01) (8, 1.50000000000000000000e+03) (9, -9.93927478790283203125e-01) (7, 2.56760072708129882812e+00) (8, -7.18702514648437500000e+02) (9, -1.66275680065155029297e+00) 
