FANN_FLO_2.1
num_layers=3
learning_rate=0.500000
connection_rate=1.000000
network_type=0
learning_momentum=0.000000
training_algorithm=2
train_error_function=1
train_stop_function=0
cascade_output_change_fraction=0.010000
quickprop_decay=-0.000100
quickprop_mu=1.750000
rprop_increase_factor=1.200000
rprop_decrease_factor=0.500000
rprop_delta_min=0.000000
rprop_delta_max=50.000000
rprop_delta_zero=0.100000
cascade_output_stagnation_epochs=12
cascade_candidate_change_fraction=0.010000
cascade_candidate_stagnation_epochs=12
cascade_max_out_epochs=150
cascade_min_out_epochs=50
cascade_max_cand_epochs=150
cascade_min_cand_epochs=50
cascade_num_candidate_groups=2
bit_fail_limit=3.49999994039535522461e-01
cascade_candidate_limit=1.00000000000000000000e+03
cascade_weight_multiplier=4.00000005960464477539e-01
cascade_activation_functions_count=10
cascade_activation_functions=3 5 7 8 10 11 14 15 16 17 
cascade_activation_steepnesses_count=4
cascade_activation_steepnesses=2.50000000000000000000e-01 5.00000000000000000000e-01 7.50000000000000000000e-01 1.00000000000000000000e+00 
layer_sizes=10 3 2 
scale_included=0
neurons (num_inputs, activation_function, activation_steepness)=(0, 0, 0.00000000000000000000e+00) (0, 0, 0.00000000000000000000e+00) (0, 0, 0.00000000000000000000e+00) (0, 0, 0.00000000000000000000e+00) (0, 0, 0.00000000000000000000e+00) (0, 0, 0.00000000000000000000e+00) (0, 0, 0.00000000000000000000e+00) (0, 0, 0.00000000000000000000e+00) (0, 0, 0.00000000000000000000e+00) (0, 0, 0.00000000000000000000e+00) (10, 3, 5.00000000000000000000e-01) (10, 3, 5.00000000000000000000e-01) (0, 3, 0.00000000000000000000e+00) (3, 3, 5.00000000000000000000e-01) (0, 3, 0.00000000000000000000e+00) 
connections (connected_to_neuron, weight)=(0, -1.80153369903564453125e+00) (1, -2.21134591102600097656e+00) (2, -3.54070878028869628906e+00) (3, -5.21880805492401123047e-01) (4, 1.65217437744140625000e+01) (5, 1.27224099636077880859e+00) (6, -1.40150146484375000000e+01) (7, 3.51685452461242675781e+00) (8, -2.88289022445678710938e+00) (9, 1.34707117080688476562e+00) (0, -2.67755031585693359375e+00) (1, -1.57977178692817687988e-01) (2, -6.19949197769165039062e+00) (3, -8.99884700775146484375e-01) (4, 1.69900798797607421875e+01) (5, 3.52747392654418945312e+00) (6, -1.33911609649658203125e+01) (7, 6.05534613132476806641e-01) (8, -3.31167030334472656250e+00) (9, 1.51573336124420166016e+00) (10, 1.71400845050811767578e+00) (11, 2.10110783576965332031e+00) (12, -2.90047836303710937500e+00) 
