FANN_FLO_2.1
num_layers=3
learning_rate=0.400000
connection_rate=1.000000
network_type=0
learning_momentum=0.000000
training_algorithm=2
train_error_function=1
train_stop_function=0
cascade_output_change_fraction=0.010000
quickprop_decay=-0.000100
quickprop_mu=1.750000
rprop_increase_factor=1.200000
rprop_decrease_factor=0.500000
rprop_delta_min=0.000000
rprop_delta_max=50.000000
rprop_delta_zero=0.100000
cascade_output_stagnation_epochs=12
cascade_candidate_change_fraction=0.010000
cascade_candidate_stagnation_epochs=12
cascade_max_out_epochs=150
cascade_min_out_epochs=50
cascade_max_cand_epochs=150
cascade_min_cand_epochs=50
cascade_num_candidate_groups=2
bit_fail_limit=3.49999994039535522461e-01
cascade_candidate_limit=1.00000000000000000000e+03
cascade_weight_multiplier=4.00000005960464477539e-01
cascade_activation_functions_count=10
cascade_activation_functions=3 5 7 8 10 11 14 15 16 17 
cascade_activation_steepnesses_count=4
cascade_activation_steepnesses=2.50000000000000000000e-01 5.00000000000000000000e-01 7.50000000000000000000e-01 1.00000000000000000000e+00 
layer_sizes=19 3 3 
scale_included=0
neurons (num_inputs, activation_function, activation_steepness)=(0, 0, 0.00000000000000000000e+00) (0, 0, 0.00000000000000000000e+00) (0, 0, 0.00000000000000000000e+00) (0, 0, 0.00000000000000000000e+00) (0, 0, 0.00000000000000000000e+00) (0, 0, 0.00000000000000000000e+00) (0, 0, 0.00000000000000000000e+00) (0, 0, 0.00000000000000000000e+00) (0, 0, 0.00000000000000000000e+00) (0, 0, 0.00000000000000000000e+00) (0, 0, 0.00000000000000000000e+00) (0, 0, 0.00000000000000000000e+00) (0, 0, 0.00000000000000000000e+00) (0, 0, 0.00000000000000000000e+00) (0, 0, 0.00000000000000000000e+00) (0, 0, 0.00000000000000000000e+00) (0, 0, 0.00000000000000000000e+00) (0, 0, 0.00000000000000000000e+00) (0, 0, 0.00000000000000000000e+00) (19, 3, 5.00000000000000000000e-01) (19, 3, 5.00000000000000000000e-01) (0, 3, 0.00000000000000000000e+00) (3, 3, 5.00000000000000000000e-01) (3, 3, 5.00000000000000000000e-01) (0, 3, 0.00000000000000000000e+00) 
connections (connected_to_neuron, weight)=(0, -1.66652750968933105469e+00) (1, 3.78855276107788085938e+00) (2, 1.22446498870849609375e+01) (3, 1.37224853038787841797e+00) (4, 1.36482203006744384766e+00) (5, -1.29730665683746337891e+00) (6, -4.29373884201049804688e+00) (7, 2.29808306694030761719e+00) (8, 1.04401741027832031250e+01) (9, -1.90958881378173828125e+01) (10, -1.03409299850463867188e+01) (11, 3.53155374526977539062e+00) (12, 5.20523262023925781250e+00) (13, 2.96281051635742187500e+01) (14, 3.07608389854431152344e+00) (15, 7.72822856903076171875e+00) (16, -1.33575801849365234375e+01) (17, 2.00840091705322265625e+00) (18, -1.51558041572570800781e+00) (0, -1.35427415370941162109e-01) (1, -6.56058549880981445312e+00) (2, 5.00176477432250976562e+00) (3, -9.08084392547607421875e-01) (4, -4.79859972000122070312e+00) (5, 2.75400567054748535156e+00) (6, 4.00984001159667968750e+00) (7, 1.12860021591186523438e+01) (8, -8.93532657623291015625e+00) (9, 2.42762136459350585938e+00) (10, 2.81790599822998046875e+01) (11, -1.22509765625000000000e+00) (12, -2.61422920227050781250e+00) (13, -2.68765373229980468750e+01) (14, -6.73841142654418945312e+00) (15, 8.97638702392578125000e+00) (16, 2.69532394409179687500e+00) (17, 6.22364187240600585938e+00) (18, -1.33207809925079345703e+00) (19, -9.64069128036499023438e-01) (20, -5.73238313198089599609e-01) (21, 6.58286452293395996094e-01) (19, 9.64667797088623046875e-01) (20, 5.73911607265472412109e-01) (21, -6.58914923667907714844e-01) 
