FANN_FLO_2.1
num_layers=3
learning_rate=0.400000
connection_rate=1.000000
network_type=0
learning_momentum=0.000000
training_algorithm=2
train_error_function=1
train_stop_function=0
cascade_output_change_fraction=0.010000
quickprop_decay=-0.000100
quickprop_mu=1.750000
rprop_increase_factor=1.200000
rprop_decrease_factor=0.500000
rprop_delta_min=0.000000
rprop_delta_max=50.000000
rprop_delta_zero=0.100000
cascade_output_stagnation_epochs=12
cascade_candidate_change_fraction=0.010000
cascade_candidate_stagnation_epochs=12
cascade_max_out_epochs=150
cascade_min_out_epochs=50
cascade_max_cand_epochs=150
cascade_min_cand_epochs=50
cascade_num_candidate_groups=2
bit_fail_limit=3.49999994039535522461e-01
cascade_candidate_limit=1.00000000000000000000e+03
cascade_weight_multiplier=4.00000005960464477539e-01
cascade_activation_functions_count=10
cascade_activation_functions=3 5 7 8 10 11 14 15 16 17 
cascade_activation_steepnesses_count=4
cascade_activation_steepnesses=2.50000000000000000000e-01 5.00000000000000000000e-01 7.50000000000000000000e-01 1.00000000000000000000e+00 
layer_sizes=7 9 2 
scale_included=0
neurons (num_inputs, activation_function, activation_steepness)=(0, 0, 0.00000000000000000000e+00) (0, 0, 0.00000000000000000000e+00) (0, 0, 0.00000000000000000000e+00) (0, 0, 0.00000000000000000000e+00) (0, 0, 0.00000000000000000000e+00) (0, 0, 0.00000000000000000000e+00) (0, 0, 0.00000000000000000000e+00) (7, 3, 5.00000000000000000000e-01) (7, 3, 5.00000000000000000000e-01) (7, 3, 5.00000000000000000000e-01) (7, 3, 5.00000000000000000000e-01) (7, 3, 5.00000000000000000000e-01) (7, 3, 5.00000000000000000000e-01) (7, 3, 5.00000000000000000000e-01) (7, 3, 5.00000000000000000000e-01) (0, 3, 0.00000000000000000000e+00) (9, 3, 5.00000000000000000000e-01) (0, 3, 0.00000000000000000000e+00) 
connections (connected_to_neuron, weight)=(0, -5.58638620376586914062e+00) (1, 4.12014770507812500000e+00) (2, -4.08370256423950195312e+00) (3, -3.90548318624496459961e-01) (4, -1.09834253787994384766e+00) (5, -5.63306283950805664062e+00) (6, 5.06456255912780761719e-01) (0, -2.05745792388916015625e+00) (1, -3.68804907798767089844e+00) (2, 1.06778526306152343750e+01) (3, -5.03000164031982421875e+00) (4, 3.35055112838745117188e+00) (5, 8.88128578662872314453e-01) (6, 1.62020337581634521484e+00) (0, -1.62318229675292968750e-01) (1, -3.29295682907104492188e+00) (2, 2.88127398490905761719e+00) (3, -3.51019644737243652344e+00) (4, -1.85428345203399658203e+00) (5, -2.42887377738952636719e+00) (6, 1.71310293674468994141e+00) (0, 1.29846477508544921875e+01) (1, -1.36330633163452148438e+01) (2, 7.95293152332305908203e-01) (3, -2.71494984626770019531e+00) (4, -9.34959053993225097656e-01) (5, -4.10155487060546875000e+00) (6, 5.29556703567504882812e+00) (0, -1.44871463775634765625e+01) (1, 1.25292339324951171875e+01) (2, 7.20230531692504882812e+00) (3, -4.93382740020751953125e+00) (4, -2.12740850448608398438e+00) (5, 7.09918689727783203125e+00) (6, 2.03762555122375488281e+00) (0, 9.20437946915626525879e-02) (1, -1.80327665805816650391e+00) (2, 9.23450469970703125000e+00) (3, -7.96737718582153320312e+00) (4, -5.64100027084350585938e+00) (5, 2.77009510993957519531e+00) (6, 5.09237670898437500000e+00) (0, -1.35599076747894287109e+00) (1, -9.79400711059570312500e+01) (2, 9.81765651702880859375e+00) (3, -9.88221913576126098633e-02) (4, -1.70116376876831054688e+00) (5, 5.19413232803344726562e+00) (6, -4.70638245344161987305e-01) (0, 2.11952758789062500000e+02) (1, -2.75402893066406250000e+02) (2, 1.05771808624267578125e+01) (3, 4.32555198669433593750e+00) (4, 1.92233967781066894531e+00) (5, 5.77230262756347656250e+00) (6, -1.52668580412864685059e-01) (7, -7.37542438507080078125e+00) (8, -1.08617556095123291016e+00) (9, 6.04616308212280273438e+00) (10, -2.49674153327941894531e+00) (11, -2.88714671134948730469e+00) (12, -6.83193266391754150391e-01) (13, -1.50000000000000000000e+03) (14, -1.11777305603027343750e+00) (15, 1.72609829902648925781e+00) 
