FANN_FLO_2.1
num_layers=3
learning_rate=0.400000
connection_rate=1.000000
network_type=0
learning_momentum=0.000000
training_algorithm=2
train_error_function=1
train_stop_function=0
cascade_output_change_fraction=0.010000
quickprop_decay=-0.000100
quickprop_mu=1.750000
rprop_increase_factor=1.200000
rprop_decrease_factor=0.500000
rprop_delta_min=0.000000
rprop_delta_max=50.000000
rprop_delta_zero=0.100000
cascade_output_stagnation_epochs=12
cascade_candidate_change_fraction=0.010000
cascade_candidate_stagnation_epochs=12
cascade_max_out_epochs=150
cascade_min_out_epochs=50
cascade_max_cand_epochs=150
cascade_min_cand_epochs=50
cascade_num_candidate_groups=2
bit_fail_limit=3.49999994039535522461e-01
cascade_candidate_limit=1.00000000000000000000e+03
cascade_weight_multiplier=4.00000005960464477539e-01
cascade_activation_functions_count=10
cascade_activation_functions=3 5 7 8 10 11 14 15 16 17 
cascade_activation_steepnesses_count=4
cascade_activation_steepnesses=2.50000000000000000000e-01 5.00000000000000000000e-01 7.50000000000000000000e-01 1.00000000000000000000e+00 
layer_sizes=19 3 3 
scale_included=0
neurons (num_inputs, activation_function, activation_steepness)=(0, 0, 0.00000000000000000000e+00) (0, 0, 0.00000000000000000000e+00) (0, 0, 0.00000000000000000000e+00) (0, 0, 0.00000000000000000000e+00) (0, 0, 0.00000000000000000000e+00) (0, 0, 0.00000000000000000000e+00) (0, 0, 0.00000000000000000000e+00) (0, 0, 0.00000000000000000000e+00) (0, 0, 0.00000000000000000000e+00) (0, 0, 0.00000000000000000000e+00) (0, 0, 0.00000000000000000000e+00) (0, 0, 0.00000000000000000000e+00) (0, 0, 0.00000000000000000000e+00) (0, 0, 0.00000000000000000000e+00) (0, 0, 0.00000000000000000000e+00) (0, 0, 0.00000000000000000000e+00) (0, 0, 0.00000000000000000000e+00) (0, 0, 0.00000000000000000000e+00) (0, 0, 0.00000000000000000000e+00) (19, 3, 5.00000000000000000000e-01) (19, 3, 5.00000000000000000000e-01) (0, 3, 0.00000000000000000000e+00) (3, 3, 5.00000000000000000000e-01) (3, 3, 5.00000000000000000000e-01) (0, 3, 0.00000000000000000000e+00) 
connections (connected_to_neuron, weight)=(0, -4.96723461151123046875e+00) (1, 2.92674589157104492188e+00) (2, -1.71433982849121093750e+01) (3, -8.63362407684326171875e+00) (4, -2.74235677719116210938e+00) (5, -1.52290439605712890625e+01) (6, -4.55083608627319335938e+00) (7, -2.05716943740844726562e+00) (8, -7.07131433486938476562e+00) (9, 4.08047819137573242188e+00) (10, -4.25967931747436523438e-01) (11, 9.28625392913818359375e+00) (12, 3.69548416137695312500e+00) (13, -8.99809300899505615234e-01) (14, 1.46236124038696289062e+01) (15, 9.81395530700683593750e+00) (16, -4.85821342468261718750e+00) (17, 1.31257324218750000000e+01) (18, -1.65535461902618408203e+00) (0, 3.60638785362243652344e+00) (1, -1.02365469932556152344e+00) (2, 8.42962932586669921875e+00) (3, 7.32378959655761718750e+00) (4, -4.71142828464508056641e-01) (5, 1.05647068023681640625e+01) (6, 3.51535606384277343750e+00) (7, -5.29157018661499023438e+00) (8, 1.40590982437133789062e+01) (9, -6.54838705062866210938e+00) (10, 3.91564702987670898438e+00) (11, -1.61511001586914062500e+01) (12, -1.16651344299316406250e+01) (13, 3.46337509155273437500e+00) (14, -1.23043489456176757812e+01) (15, -5.32127094268798828125e+00) (16, -2.23230719566345214844e+00) (17, -1.37811374664306640625e+01) (18, -1.40249570831656455994e-02) (19, -1.04937958717346191406e+00) (20, -1.05581319332122802734e+00) (21, -7.35906437039375305176e-02) (19, 1.04965698719024658203e+00) (20, 1.05590534210205078125e+00) (21, 7.32246935367584228516e-02) 
