FANN_FLO_2.1
num_layers=4
learning_rate=0.400000
connection_rate=1.000000
network_type=0
learning_momentum=0.000000
training_algorithm=2
train_error_function=1
train_stop_function=0
cascade_output_change_fraction=0.010000
quickprop_decay=-0.000100
quickprop_mu=1.750000
rprop_increase_factor=1.200000
rprop_decrease_factor=0.500000
rprop_delta_min=0.000000
rprop_delta_max=50.000000
rprop_delta_zero=0.100000
cascade_output_stagnation_epochs=12
cascade_candidate_change_fraction=0.010000
cascade_candidate_stagnation_epochs=12
cascade_max_out_epochs=150
cascade_min_out_epochs=50
cascade_max_cand_epochs=150
cascade_min_cand_epochs=50
cascade_num_candidate_groups=2
bit_fail_limit=3.49999994039535522461e-01
cascade_candidate_limit=1.00000000000000000000e+03
cascade_weight_multiplier=4.00000005960464477539e-01
cascade_activation_functions_count=10
cascade_activation_functions=3 5 7 8 10 11 14 15 16 17 
cascade_activation_steepnesses_count=4
cascade_activation_steepnesses=2.50000000000000000000e-01 5.00000000000000000000e-01 7.50000000000000000000e-01 1.00000000000000000000e+00 
layer_sizes=7 5 5 2 
scale_included=0
neurons (num_inputs, activation_function, activation_steepness)=(0, 0, 0.00000000000000000000e+00) (0, 0, 0.00000000000000000000e+00) (0, 0, 0.00000000000000000000e+00) (0, 0, 0.00000000000000000000e+00) (0, 0, 0.00000000000000000000e+00) (0, 0, 0.00000000000000000000e+00) (0, 0, 0.00000000000000000000e+00) (7, 3, 5.00000000000000000000e-01) (7, 3, 5.00000000000000000000e-01) (7, 3, 5.00000000000000000000e-01) (7, 3, 5.00000000000000000000e-01) (0, 3, 0.00000000000000000000e+00) (5, 3, 5.00000000000000000000e-01) (5, 3, 5.00000000000000000000e-01) (5, 3, 5.00000000000000000000e-01) (5, 3, 5.00000000000000000000e-01) (0, 3, 0.00000000000000000000e+00) (5, 3, 5.00000000000000000000e-01) (0, 3, 0.00000000000000000000e+00) 
connections (connected_to_neuron, weight)=(0, -7.46080160140991210938e+00) (1, 7.13958215713500976562e+00) (2, -1.85980960726737976074e-01) (3, -1.85481023788452148438e+00) (4, -1.36112260818481445312e+00) (5, -4.61947822570800781250e+00) (6, 1.59777045249938964844e-01) (0, 6.74131546020507812500e+01) (1, -1.34135363769531250000e+03) (2, 9.59247924804687500000e+02) (3, -1.13094006347656250000e+03) (4, 3.81059997558593750000e+02) (5, 2.06956443786621093750e+01) (6, 4.87314313650131225586e-01) (0, -1.15179710388183593750e+01) (1, -7.65316438674926757812e+00) (2, 4.98551750183105468750e+00) (3, -6.12577915191650390625e-01) (4, -1.18799543380737304688e+00) (5, 4.26890182495117187500e+00) (6, 1.15602502822875976562e+01) (0, -5.53002774715423583984e-01) (1, -2.08902263641357421875e+00) (2, -1.07679290771484375000e+01) (3, -5.69567441940307617188e+00) (4, 4.26374882459640502930e-01) (5, 5.97098827362060546875e+00) (6, -4.20024693012237548828e-01) (7, 2.01818084716796875000e+01) (8, 1.84320890903472900391e+00) (9, -6.07587146759033203125e+00) (10, 6.45670270919799804688e+00) (11, -5.75549721717834472656e-01) (7, 2.19459915161132812500e+01) (8, 7.74280500411987304688e+00) (9, 2.52140121459960937500e+01) (10, -2.32413148880004882812e+00) (11, -8.37517833709716796875e+00) (7, 1.11037845611572265625e+01) (8, 1.11897194385528564453e+00) (9, -1.27846348285675048828e+00) (10, 4.14747619628906250000e+00) (11, -3.11876058578491210938e+00) (7, 4.01600646972656250000e+01) (8, 4.90800048828125000000e+02) (9, -4.57970619201660156250e+00) (10, 6.34325075149536132812e+00) (11, 1.61377951502799987793e-01) (12, -1.34315073490142822266e+00) (13, -1.87810003757476806641e+00) (14, -1.53684890270233154297e+00) (15, -5.02742528915405273438e-01) (16, 7.62126445770263671875e-02) 
