FANN_FLO_2.1
num_layers=3
learning_rate=0.400000
connection_rate=1.000000
network_type=0
learning_momentum=0.000000
training_algorithm=2
train_error_function=1
train_stop_function=0
cascade_output_change_fraction=0.010000
quickprop_decay=-0.000100
quickprop_mu=1.750000
rprop_increase_factor=1.200000
rprop_decrease_factor=0.500000
rprop_delta_min=0.000000
rprop_delta_max=50.000000
rprop_delta_zero=0.100000
cascade_output_stagnation_epochs=12
cascade_candidate_change_fraction=0.010000
cascade_candidate_stagnation_epochs=12
cascade_max_out_epochs=150
cascade_min_out_epochs=50
cascade_max_cand_epochs=150
cascade_min_cand_epochs=50
cascade_num_candidate_groups=2
bit_fail_limit=3.49999994039535522461e-01
cascade_candidate_limit=1.00000000000000000000e+03
cascade_weight_multiplier=4.00000005960464477539e-01
cascade_activation_functions_count=10
cascade_activation_functions=3 5 7 8 10 11 14 15 16 17 
cascade_activation_steepnesses_count=4
cascade_activation_steepnesses=2.50000000000000000000e-01 5.00000000000000000000e-01 7.50000000000000000000e-01 1.00000000000000000000e+00 
layer_sizes=7 5 2 
scale_included=0
neurons (num_inputs, activation_function, activation_steepness)=(0, 0, 0.00000000000000000000e+00) (0, 0, 0.00000000000000000000e+00) (0, 0, 0.00000000000000000000e+00) (0, 0, 0.00000000000000000000e+00) (0, 0, 0.00000000000000000000e+00) (0, 0, 0.00000000000000000000e+00) (0, 0, 0.00000000000000000000e+00) (7, 3, 5.00000000000000000000e-01) (7, 3, 5.00000000000000000000e-01) (7, 3, 5.00000000000000000000e-01) (7, 3, 5.00000000000000000000e-01) (0, 3, 0.00000000000000000000e+00) (5, 3, 5.00000000000000000000e-01) (0, 3, 0.00000000000000000000e+00) 
connections (connected_to_neuron, weight)=(0, -3.55732369422912597656e+00) (1, -3.45831680297851562500e+00) (2, -2.41803979873657226562e+00) (3, 1.68415653705596923828e+00) (4, 3.05888748168945312500e+00) (5, 1.55068719387054443359e+00) (6, -1.68115973472595214844e+00) (0, -5.77534914016723632812e-01) (1, -5.76816380023956298828e-01) (2, -1.26402437686920166016e+00) (3, -3.35950279235839843750e+00) (4, -5.66423654556274414062e+00) (5, 1.00168676376342773438e+01) (6, 3.37874746322631835938e+00) (0, -5.73484539985656738281e-01) (1, -3.00961542129516601562e+00) (2, -1.08340764045715332031e+00) (3, 2.97933673858642578125e+00) (4, -9.52406048774719238281e-01) (5, 6.66828060150146484375e+00) (6, -4.14482736587524414062e+00) (0, 6.94591236114501953125e+00) (1, -1.50166296958923339844e+00) (2, 7.14221358299255371094e-01) (3, -7.01085209846496582031e-01) (4, 4.61146295070648193359e-01) (5, 7.14358836412429809570e-02) (6, -4.64624500274658203125e+00) (7, 3.42298483848571777344e+00) (8, -2.51513552665710449219e+00) (9, 2.82326745986938476562e+00) (10, 2.51937556266784667969e+00) (11, -5.65068349242210388184e-02) 
