FANN_FLO_2.1
num_layers=4
learning_rate=0.400000
connection_rate=1.000000
network_type=0
learning_momentum=0.000000
training_algorithm=2
train_error_function=1
train_stop_function=0
cascade_output_change_fraction=0.010000
quickprop_decay=-0.000100
quickprop_mu=1.750000
rprop_increase_factor=1.200000
rprop_decrease_factor=0.500000
rprop_delta_min=0.000000
rprop_delta_max=50.000000
rprop_delta_zero=0.100000
cascade_output_stagnation_epochs=12
cascade_candidate_change_fraction=0.010000
cascade_candidate_stagnation_epochs=12
cascade_max_out_epochs=150
cascade_min_out_epochs=50
cascade_max_cand_epochs=150
cascade_min_cand_epochs=50
cascade_num_candidate_groups=2
bit_fail_limit=3.49999994039535522461e-01
cascade_candidate_limit=1.00000000000000000000e+03
cascade_weight_multiplier=4.00000005960464477539e-01
cascade_activation_functions_count=10
cascade_activation_functions=3 5 7 8 10 11 14 15 16 17 
cascade_activation_steepnesses_count=4
cascade_activation_steepnesses=2.50000000000000000000e-01 5.00000000000000000000e-01 7.50000000000000000000e-01 1.00000000000000000000e+00 
layer_sizes=7 5 5 2 
scale_included=0
neurons (num_inputs, activation_function, activation_steepness)=(0, 0, 0.00000000000000000000e+00) (0, 0, 0.00000000000000000000e+00) (0, 0, 0.00000000000000000000e+00) (0, 0, 0.00000000000000000000e+00) (0, 0, 0.00000000000000000000e+00) (0, 0, 0.00000000000000000000e+00) (0, 0, 0.00000000000000000000e+00) (7, 3, 5.00000000000000000000e-01) (7, 3, 5.00000000000000000000e-01) (7, 3, 5.00000000000000000000e-01) (7, 3, 5.00000000000000000000e-01) (0, 3, 0.00000000000000000000e+00) (5, 3, 5.00000000000000000000e-01) (5, 3, 5.00000000000000000000e-01) (5, 3, 5.00000000000000000000e-01) (5, 3, 5.00000000000000000000e-01) (0, 3, 0.00000000000000000000e+00) (5, 3, 5.00000000000000000000e-01) (0, 3, 0.00000000000000000000e+00) 
connections (connected_to_neuron, weight)=(0, -4.96750020980834960938e+00) (1, 6.28843402862548828125e+00) (2, 1.41086578369140625000e-01) (3, 7.80800819396972656250e-01) (4, -1.54943954944610595703e+00) (5, -1.37159509277343750000e+03) (6, -1.88725268840789794922e+00) (0, 8.80992317199707031250e+00) (1, -9.76843547821044921875e+00) (2, 2.91244912147521972656e+00) (3, -2.94164037704467773438e+00) (4, -7.17950344085693359375e-01) (5, 4.05566740036010742188e+00) (6, -3.79529833793640136719e+00) (0, -1.09881677627563476562e+01) (1, 5.00190973281860351562e+00) (2, -6.46458625793457031250e+00) (3, -6.69014930725097656250e+00) (4, 1.58325228840112686157e-02) (5, 3.70896077156066894531e+00) (6, 7.40706682205200195312e+00) (0, -1.48325390625000000000e+03) (1, -1.39541223144531250000e+03) (2, -9.35450805664062500000e+02) (3, -1.46515563964843750000e+03) (4, 1.50000000000000000000e+03) (5, -1.44800000000000000000e+03) (6, 2.93304300308227539062e+00) (7, 3.31752181053161621094e+00) (8, 1.37711381912231445312e+00) (9, 2.38524842262268066406e+00) (10, 1.50000000000000000000e+03) (11, -1.46786928176879882812e+00) (7, 1.18143260478973388672e+00) (8, 1.23548257350921630859e+00) (9, 2.87865591049194335938e+00) (10, 1.50000000000000000000e+03) (11, -1.70395767688751220703e+00) (7, 8.51234531402587890625e+00) (8, 6.92266082763671875000e+00) (9, 1.98343431949615478516e+00) (10, 1.50000000000000000000e+03) (11, -4.22219276428222656250e+00) (7, 1.61977416992187500000e+02) (8, 5.90642127990722656250e+01) (9, -2.33230248093605041504e-01) (10, 1.50000000000000000000e+03) (11, -2.59824728965759277344e+00) (12, -6.05181872844696044922e-01) (13, -6.31474196910858154297e-01) (14, -4.89258861541748046875e+00) (15, -7.10885405540466308594e-01) (16, -4.15113270282745361328e-02) 
