FANN_FLO_2.1
num_layers=3
learning_rate=0.400000
connection_rate=1.000000
network_type=0
learning_momentum=0.000000
training_algorithm=2
train_error_function=1
train_stop_function=0
cascade_output_change_fraction=0.010000
quickprop_decay=-0.000100
quickprop_mu=1.750000
rprop_increase_factor=1.200000
rprop_decrease_factor=0.500000
rprop_delta_min=0.000000
rprop_delta_max=50.000000
rprop_delta_zero=0.100000
cascade_output_stagnation_epochs=12
cascade_candidate_change_fraction=0.010000
cascade_candidate_stagnation_epochs=12
cascade_max_out_epochs=150
cascade_min_out_epochs=50
cascade_max_cand_epochs=150
cascade_min_cand_epochs=50
cascade_num_candidate_groups=2
bit_fail_limit=3.49999994039535522461e-01
cascade_candidate_limit=1.00000000000000000000e+03
cascade_weight_multiplier=4.00000005960464477539e-01
cascade_activation_functions_count=10
cascade_activation_functions=3 5 7 8 10 11 14 15 16 17 
cascade_activation_steepnesses_count=4
cascade_activation_steepnesses=2.50000000000000000000e-01 5.00000000000000000000e-01 7.50000000000000000000e-01 1.00000000000000000000e+00 
layer_sizes=7 9 2 
scale_included=0
neurons (num_inputs, activation_function, activation_steepness)=(0, 0, 0.00000000000000000000e+00) (0, 0, 0.00000000000000000000e+00) (0, 0, 0.00000000000000000000e+00) (0, 0, 0.00000000000000000000e+00) (0, 0, 0.00000000000000000000e+00) (0, 0, 0.00000000000000000000e+00) (0, 0, 0.00000000000000000000e+00) (7, 3, 5.00000000000000000000e-01) (7, 3, 5.00000000000000000000e-01) (7, 3, 5.00000000000000000000e-01) (7, 3, 5.00000000000000000000e-01) (7, 3, 5.00000000000000000000e-01) (7, 3, 5.00000000000000000000e-01) (7, 3, 5.00000000000000000000e-01) (7, 3, 5.00000000000000000000e-01) (0, 3, 0.00000000000000000000e+00) (9, 3, 5.00000000000000000000e-01) (0, 3, 0.00000000000000000000e+00) 
connections (connected_to_neuron, weight)=(0, 1.31587219238281250000e+01) (1, 1.97018170356750488281e+00) (2, 1.41343188285827636719e+00) (3, -3.10255694389343261719e+00) (4, -9.05995488166809082031e-01) (5, -9.97059881687164306641e-01) (6, -1.40847945213317871094e+00) (0, 1.03259458541870117188e+01) (1, 1.54278922080993652344e+00) (2, 1.38248646259307861328e+00) (3, -2.91409850120544433594e+00) (4, -1.11997258663177490234e+00) (5, 6.50946557521820068359e-01) (6, -1.13653680309653282166e-02) (0, -1.46011495590209960938e+00) (1, -1.36641156673431396484e+00) (2, -1.88604652881622314453e+00) (3, -7.17598533630371093750e+00) (4, 1.30521612167358398438e+01) (5, 7.77133479714393615723e-02) (6, -8.02619457244873046875e-01) (0, 4.88302350044250488281e-01) (1, 8.94316971302032470703e-01) (2, -8.10770213603973388672e-01) (3, -1.06873588562011718750e+01) (4, 4.85535669326782226562e+00) (5, 1.99486482143402099609e+00) (6, 3.78482174873352050781e+00) (0, 1.50000000000000000000e+03) (1, 1.50000000000000000000e+03) (2, 1.50000000000000000000e+03) (3, 9.21727895736694335938e-01) (4, 4.63512659072875976562e+00) (5, 1.32658827304840087891e+00) (6, -9.43042486906051635742e-02) (0, -4.91683751344680786133e-01) (1, -1.63732695579528808594e+00) (2, -1.61441874504089355469e+00) (3, 1.49324941635131835938e+00) (4, -1.37750029563903808594e+00) (5, 3.47279191017150878906e+00) (6, -2.65513181686401367188e+00) (0, 7.80535888671875000000e+00) (1, 1.17118799686431884766e+00) (2, 8.85368585586547851562e-01) (3, -4.27879428863525390625e+00) (4, -7.22181439399719238281e-01) (5, 1.57665169239044189453e+00) (6, 1.61183500289916992188e+00) (0, 1.26864423751831054688e+01) (1, 2.21672654151916503906e+00) (2, 1.22236454486846923828e+00) (3, -3.83585262298583984375e+00) (4, -3.05740189552307128906e+00) (5, 1.82831609249114990234e+00) (6, 1.37840378284454345703e+00) (7, -4.26213473081588745117e-01) (8, -4.56701099872589111328e-01) (9, 2.56976771354675292969e+00) (10, -2.29270577430725097656e+00) (11, 9.83745455741882324219e-01) (12, 3.98978877067565917969e+00) (13, -4.97102677822113037109e-01) (14, -4.42440956830978393555e-01) (15, 1.20276115834712982178e-01) 
