FANN_FLO_2.1
num_layers=4
learning_rate=0.500000
connection_rate=1.000000
network_type=0
learning_momentum=0.000000
training_algorithm=2
train_error_function=1
train_stop_function=0
cascade_output_change_fraction=0.010000
quickprop_decay=-0.000100
quickprop_mu=1.750000
rprop_increase_factor=1.200000
rprop_decrease_factor=0.500000
rprop_delta_min=0.000000
rprop_delta_max=50.000000
rprop_delta_zero=0.100000
cascade_output_stagnation_epochs=12
cascade_candidate_change_fraction=0.010000
cascade_candidate_stagnation_epochs=12
cascade_max_out_epochs=150
cascade_min_out_epochs=50
cascade_max_cand_epochs=150
cascade_min_cand_epochs=50
cascade_num_candidate_groups=2
bit_fail_limit=3.49999994039535522461e-01
cascade_candidate_limit=1.00000000000000000000e+03
cascade_weight_multiplier=4.00000005960464477539e-01
cascade_activation_functions_count=10
cascade_activation_functions=3 5 7 8 10 11 14 15 16 17 
cascade_activation_steepnesses_count=4
cascade_activation_steepnesses=2.50000000000000000000e-01 5.00000000000000000000e-01 7.50000000000000000000e-01 1.00000000000000000000e+00 
layer_sizes=10 5 3 2 
scale_included=0
neurons (num_inputs, activation_function, activation_steepness)=(0, 0, 0.00000000000000000000e+00) (0, 0, 0.00000000000000000000e+00) (0, 0, 0.00000000000000000000e+00) (0, 0, 0.00000000000000000000e+00) (0, 0, 0.00000000000000000000e+00) (0, 0, 0.00000000000000000000e+00) (0, 0, 0.00000000000000000000e+00) (0, 0, 0.00000000000000000000e+00) (0, 0, 0.00000000000000000000e+00) (0, 0, 0.00000000000000000000e+00) (10, 3, 5.00000000000000000000e-01) (10, 3, 5.00000000000000000000e-01) (10, 3, 5.00000000000000000000e-01) (10, 3, 5.00000000000000000000e-01) (0, 3, 0.00000000000000000000e+00) (5, 3, 5.00000000000000000000e-01) (5, 3, 5.00000000000000000000e-01) (0, 3, 0.00000000000000000000e+00) (3, 3, 5.00000000000000000000e-01) (0, 3, 0.00000000000000000000e+00) 
connections (connected_to_neuron, weight)=(0, -8.14309883117675781250e+00) (1, 1.67048358917236328125e+00) (2, -9.79460334777832031250e+00) (3, 1.98468458652496337891e+00) (4, 4.44090157747268676758e-01) (5, -2.41677260398864746094e+00) (6, 2.86939678192138671875e+01) (7, 8.80301833152770996094e-01) (8, -1.14087514877319335938e+01) (9, -8.78761768341064453125e-01) (0, 4.56442497670650482178e-02) (1, -2.62572228908538818359e-01) (2, -6.31849348545074462891e-01) (3, -2.47976128011941909790e-02) (4, 2.37407612800598144531e+00) (5, -2.04797077178955078125e+00) (6, -3.59169311523437500000e+01) (7, 3.21217226982116699219e+00) (8, -1.36363971233367919922e+00) (9, 2.15105280280113220215e-01) (0, 4.44017082452774047852e-01) (1, 4.47200584411621093750e+00) (2, 1.14916296005249023438e+01) (3, -4.96510386466979980469e-01) (4, 1.72941195964813232422e+00) (5, 4.29847717285156250000e+00) (6, -1.71024818420410156250e+01) (7, -9.57110691070556640625e+00) (8, -3.28750467300415039062e+00) (9, 3.74955117702484130859e-01) (0, -1.54014492034912109375e+00) (1, 6.12079501152038574219e-01) (2, -2.21153903007507324219e+00) (3, 3.55793213844299316406e+00) (4, 5.48903083801269531250e+00) (5, -5.75321137905120849609e-01) (6, 4.48532432317733764648e-01) (7, 1.04915838241577148438e+01) (8, -1.60493869781494140625e+01) (9, 3.79668772220611572266e-02) (10, -3.42058372497558593750e+00) (11, -8.96294191479682922363e-02) (12, -3.35421204566955566406e+00) (13, 1.11217625439167022705e-01) (14, 2.04529404640197753906e+00) (10, 1.28737764358520507812e+01) (11, 4.18037939071655273438e+00) (12, 9.77441310882568359375e+00) (13, -7.73486471176147460938e+00) (14, -9.11220371723175048828e-01) (15, -4.93916940689086914062e+00) (16, 1.39342939853668212891e+00) (17, 5.67138433456420898438e-01) 
