FANN_FLO_2.1
num_layers=3
learning_rate=0.400000
connection_rate=1.000000
network_type=0
learning_momentum=0.000000
training_algorithm=2
train_error_function=1
train_stop_function=0
cascade_output_change_fraction=0.010000
quickprop_decay=-0.000100
quickprop_mu=1.750000
rprop_increase_factor=1.200000
rprop_decrease_factor=0.500000
rprop_delta_min=0.000000
rprop_delta_max=50.000000
rprop_delta_zero=0.100000
cascade_output_stagnation_epochs=12
cascade_candidate_change_fraction=0.010000
cascade_candidate_stagnation_epochs=12
cascade_max_out_epochs=150
cascade_min_out_epochs=50
cascade_max_cand_epochs=150
cascade_min_cand_epochs=50
cascade_num_candidate_groups=2
bit_fail_limit=3.49999994039535522461e-01
cascade_candidate_limit=1.00000000000000000000e+03
cascade_weight_multiplier=4.00000005960464477539e-01
cascade_activation_functions_count=10
cascade_activation_functions=3 5 7 8 10 11 14 15 16 17 
cascade_activation_steepnesses_count=4
cascade_activation_steepnesses=2.50000000000000000000e-01 5.00000000000000000000e-01 7.50000000000000000000e-01 1.00000000000000000000e+00 
layer_sizes=7 9 2 
scale_included=0
neurons (num_inputs, activation_function, activation_steepness)=(0, 0, 0.00000000000000000000e+00) (0, 0, 0.00000000000000000000e+00) (0, 0, 0.00000000000000000000e+00) (0, 0, 0.00000000000000000000e+00) (0, 0, 0.00000000000000000000e+00) (0, 0, 0.00000000000000000000e+00) (0, 0, 0.00000000000000000000e+00) (7, 3, 5.00000000000000000000e-01) (7, 3, 5.00000000000000000000e-01) (7, 3, 5.00000000000000000000e-01) (7, 3, 5.00000000000000000000e-01) (7, 3, 5.00000000000000000000e-01) (7, 3, 5.00000000000000000000e-01) (7, 3, 5.00000000000000000000e-01) (7, 3, 5.00000000000000000000e-01) (0, 3, 0.00000000000000000000e+00) (9, 3, 5.00000000000000000000e-01) (0, 3, 0.00000000000000000000e+00) 
connections (connected_to_neuron, weight)=(0, 1.28844165802001953125e+00) (1, -1.13698053359985351562e+00) (2, -5.47400832176208496094e-01) (3, 1.30116772651672363281e+00) (4, 3.43439054489135742188e+00) (5, 6.21825307607650756836e-02) (6, -4.13643807172775268555e-01) (0, -1.29900968074798583984e+00) (1, -1.19080948829650878906e+00) (2, 1.41632750630378723145e-01) (3, 1.29310488700866699219e+00) (4, 3.27393174171447753906e+00) (5, 1.35660469532012939453e-01) (6, -7.97438144683837890625e-01) (0, 8.03640961647033691406e-01) (1, 5.85138142108917236328e-01) (2, -5.28776454925537109375e+00) (3, 9.62319791316986083984e-01) (4, -2.33790111541748046875e+00) (5, 9.35246944427490234375e+00) (6, 6.15365862846374511719e-01) (0, -8.88766944408416748047e-01) (1, -1.29689812660217285156e+00) (2, -1.07835006713867187500e+00) (3, 2.74048900604248046875e+00) (4, -2.93890452384948730469e+00) (5, 8.33411216735839843750e+00) (6, -4.77851486206054687500e+00) (0, 4.88487100601196289062e+00) (1, 2.15747070312500000000e+00) (2, 2.49399971961975097656e+00) (3, -1.03333282470703125000e+00) (4, -4.17270565032958984375e+00) (5, -2.64673042297363281250e+00) (6, 1.77297055721282958984e+00) (0, -8.66267681121826171875e+00) (1, -1.82766389846801757812e+00) (2, -1.32765853404998779297e+00) (3, 2.05104541778564453125e+00) (4, 2.60339927673339843750e+00) (5, 4.28780436515808105469e-01) (6, -1.91072118282318115234e+00) (0, 6.34743690490722656250e-01) (1, 6.24778747558593750000e-01) (2, -2.68811225891113281250e-01) (3, -8.86200308799743652344e-01) (4, -2.30099773406982421875e+00) (5, 6.27234458923339843750e-01) (6, 6.15090250968933105469e-01) (0, 8.42516720294952392578e-01) (1, -1.07536995410919189453e+00) (2, -2.81972587108612060547e-01) (3, 1.31402337551116943359e+00) (4, 3.30310153961181640625e+00) (5, -3.30737046897411346436e-02) (6, -2.36406952142715454102e-01) (7, 4.76473361253738403320e-01) (8, 1.18113040924072265625e+00) (9, -2.24963879585266113281e+00) (10, 2.67607879638671875000e+00) (11, -9.26256775856018066406e-01) (12, 4.15374660491943359375e+00) (13, -1.53735029697418212891e+00) (14, 5.01456677913665771484e-01) (15, -3.83787900209426879883e-02) 
