FANN_FLO_2.1
num_layers=4
learning_rate=0.400000
connection_rate=1.000000
network_type=0
learning_momentum=0.000000
training_algorithm=2
train_error_function=1
train_stop_function=0
cascade_output_change_fraction=0.010000
quickprop_decay=-0.000100
quickprop_mu=1.750000
rprop_increase_factor=1.200000
rprop_decrease_factor=0.500000
rprop_delta_min=0.000000
rprop_delta_max=50.000000
rprop_delta_zero=0.100000
cascade_output_stagnation_epochs=12
cascade_candidate_change_fraction=0.010000
cascade_candidate_stagnation_epochs=12
cascade_max_out_epochs=150
cascade_min_out_epochs=50
cascade_max_cand_epochs=150
cascade_min_cand_epochs=50
cascade_num_candidate_groups=2
bit_fail_limit=3.49999994039535522461e-01
cascade_candidate_limit=1.00000000000000000000e+03
cascade_weight_multiplier=4.00000005960464477539e-01
cascade_activation_functions_count=10
cascade_activation_functions=3 5 7 8 10 11 14 15 16 17 
cascade_activation_steepnesses_count=4
cascade_activation_steepnesses=2.50000000000000000000e-01 5.00000000000000000000e-01 7.50000000000000000000e-01 1.00000000000000000000e+00 
layer_sizes=7 5 3 2 
scale_included=0
neurons (num_inputs, activation_function, activation_steepness)=(0, 0, 0.00000000000000000000e+00) (0, 0, 0.00000000000000000000e+00) (0, 0, 0.00000000000000000000e+00) (0, 0, 0.00000000000000000000e+00) (0, 0, 0.00000000000000000000e+00) (0, 0, 0.00000000000000000000e+00) (0, 0, 0.00000000000000000000e+00) (7, 3, 5.00000000000000000000e-01) (7, 3, 5.00000000000000000000e-01) (7, 3, 5.00000000000000000000e-01) (7, 3, 5.00000000000000000000e-01) (0, 3, 0.00000000000000000000e+00) (5, 3, 5.00000000000000000000e-01) (5, 3, 5.00000000000000000000e-01) (0, 3, 0.00000000000000000000e+00) (3, 3, 5.00000000000000000000e-01) (0, 3, 0.00000000000000000000e+00) 
connections (connected_to_neuron, weight)=(0, -6.31046142578125000000e+02) (1, -4.35584930419921875000e+02) (2, 1.43892626953125000000e+03) (3, -1.10715270996093750000e+03) (4, -2.50136917114257812500e+02) (5, 2.49497947692871093750e+01) (6, -4.18121106922626495361e-02) (0, -1.06574296951293945312e+01) (1, 9.09032058715820312500e+00) (2, -3.98752450942993164062e+00) (3, -3.71502757072448730469e+00) (4, -2.25312995910644531250e+00) (5, -7.16283941268920898438e+00) (6, 3.43836116790771484375e+00) (0, 8.49389362335205078125e+00) (1, -9.21404743194580078125e+00) (2, 2.14094805717468261719e+00) (3, -2.53176450729370117188e+00) (4, -3.48205804824829101562e-01) (5, 5.87548398971557617188e+00) (6, -4.20476055145263671875e+00) (0, -1.50000000000000000000e+03) (1, -1.50000000000000000000e+03) (2, 1.17680981445312500000e+03) (3, -7.02363525390625000000e+02) (4, 4.80531982421875000000e+02) (5, 5.08031738281250000000e+02) (6, -4.96045827865600585938e+00) (7, 1.50000000000000000000e+03) (8, 1.06964998245239257812e+01) (9, 9.63261032104492187500e+00) (10, 3.39169387817382812500e+01) (11, -4.51674556732177734375e+00) (7, 1.50000000000000000000e+03) (8, 1.50000000000000000000e+03) (9, 9.63129043579101562500e+00) (10, -2.86889696121215820312e+00) (11, -2.10544538497924804688e+00) (12, -2.09893298149108886719e+00) (13, -1.01024615764617919922e+00) (14, -6.01032733917236328125e-01) 
