FANN_FLO_2.1
num_layers=4
learning_rate=0.500000
connection_rate=1.000000
network_type=0
learning_momentum=0.000000
training_algorithm=2
train_error_function=1
train_stop_function=0
cascade_output_change_fraction=0.010000
quickprop_decay=-0.000100
quickprop_mu=1.750000
rprop_increase_factor=1.200000
rprop_decrease_factor=0.500000
rprop_delta_min=0.000000
rprop_delta_max=50.000000
rprop_delta_zero=0.100000
cascade_output_stagnation_epochs=12
cascade_candidate_change_fraction=0.010000
cascade_candidate_stagnation_epochs=12
cascade_max_out_epochs=150
cascade_min_out_epochs=50
cascade_max_cand_epochs=150
cascade_min_cand_epochs=50
cascade_num_candidate_groups=2
bit_fail_limit=3.49999994039535522461e-01
cascade_candidate_limit=1.00000000000000000000e+03
cascade_weight_multiplier=4.00000005960464477539e-01
cascade_activation_functions_count=10
cascade_activation_functions=3 5 7 8 10 11 14 15 16 17 
cascade_activation_steepnesses_count=4
cascade_activation_steepnesses=2.50000000000000000000e-01 5.00000000000000000000e-01 7.50000000000000000000e-01 1.00000000000000000000e+00 
layer_sizes=2 5 3 3 
scale_included=0
neurons (num_inputs, activation_function, activation_steepness)=(0, 0, 0.00000000000000000000e+00) (0, 0, 0.00000000000000000000e+00) (2, 3, 5.00000000000000000000e-01) (2, 3, 5.00000000000000000000e-01) (2, 3, 5.00000000000000000000e-01) (2, 3, 5.00000000000000000000e-01) (0, 3, 0.00000000000000000000e+00) (5, 3, 5.00000000000000000000e-01) (5, 3, 5.00000000000000000000e-01) (0, 3, 0.00000000000000000000e+00) (3, 0, 5.00000000000000000000e-01) (3, 0, 5.00000000000000000000e-01) (0, 0, 0.00000000000000000000e+00) 
connections (connected_to_neuron, weight)=(0, 9.45165824890136718750e+00) (1, -2.55175328254699707031e+00) (0, 1.21236877441406250000e+01) (1, -4.43536043167114257812e+00) (0, 1.18048305511474609375e+01) (1, -4.56818628311157226562e+00) (0, 1.27299613952636718750e+01) (1, -2.06532025337219238281e+00) (2, -7.13989078998565673828e-01) (3, -1.10539376735687255859e+00) (4, -1.44729578495025634766e+00) (5, -9.16307926177978515625e-01) (6, 8.38316679000854492188e-01) (2, -6.39589977264404296875e+00) (3, 4.15596675872802734375e+00) (4, 3.80658316612243652344e+00) (5, -1.99891352653503417969e+00) (6, 1.87994465231895446777e-01) (7, -1.77878379821777343750e+00) (8, 7.40145921707153320312e+00) (9, -1.79889571666717529297e+00) (7, 6.91193056106567382812e+00) (8, -4.19661343097686767578e-01) (9, -2.36262011528015136719e+00) 
