FANN_FLO_2.1
num_layers=3
learning_rate=0.400000
connection_rate=1.000000
network_type=0
learning_momentum=0.000000
training_algorithm=2
train_error_function=1
train_stop_function=0
cascade_output_change_fraction=0.010000
quickprop_decay=-0.000100
quickprop_mu=1.750000
rprop_increase_factor=1.200000
rprop_decrease_factor=0.500000
rprop_delta_min=0.000000
rprop_delta_max=50.000000
rprop_delta_zero=0.100000
cascade_output_stagnation_epochs=12
cascade_candidate_change_fraction=0.010000
cascade_candidate_stagnation_epochs=12
cascade_max_out_epochs=150
cascade_min_out_epochs=50
cascade_max_cand_epochs=150
cascade_min_cand_epochs=50
cascade_num_candidate_groups=2
bit_fail_limit=3.49999994039535522461e-01
cascade_candidate_limit=1.00000000000000000000e+03
cascade_weight_multiplier=4.00000005960464477539e-01
cascade_activation_functions_count=10
cascade_activation_functions=3 5 7 8 10 11 14 15 16 17 
cascade_activation_steepnesses_count=4
cascade_activation_steepnesses=2.50000000000000000000e-01 5.00000000000000000000e-01 7.50000000000000000000e-01 1.00000000000000000000e+00 
layer_sizes=7 5 2 
scale_included=0
neurons (num_inputs, activation_function, activation_steepness)=(0, 0, 0.00000000000000000000e+00) (0, 0, 0.00000000000000000000e+00) (0, 0, 0.00000000000000000000e+00) (0, 0, 0.00000000000000000000e+00) (0, 0, 0.00000000000000000000e+00) (0, 0, 0.00000000000000000000e+00) (0, 0, 0.00000000000000000000e+00) (7, 3, 5.00000000000000000000e-01) (7, 3, 5.00000000000000000000e-01) (7, 3, 5.00000000000000000000e-01) (7, 3, 5.00000000000000000000e-01) (0, 3, 0.00000000000000000000e+00) (5, 3, 5.00000000000000000000e-01) (0, 3, 0.00000000000000000000e+00) 
connections (connected_to_neuron, weight)=(0, 7.67395198345184326172e-01) (1, 2.77514457702636718750e-01) (2, 8.71617734432220458984e-01) (3, -3.37656044960021972656e+00) (4, 4.34433937072753906250e+00) (5, -9.43469107151031494141e-01) (6, -3.06376886367797851562e+00) (0, -3.69093918800354003906e+00) (1, -2.86678409576416015625e+00) (2, -2.16744875907897949219e+00) (3, 1.81572842597961425781e+00) (4, 3.43456339836120605469e+00) (5, 1.75894165039062500000e+00) (6, -2.56108736991882324219e+00) (0, 1.94498372077941894531e+00) (1, -2.88399171829223632812e+00) (2, -2.48159337043762207031e+00) (3, 3.40126609802246093750e+00) (4, -4.98961257934570312500e+00) (5, 7.22172689437866210938e+00) (6, -2.83625674247741699219e+00) (0, -3.18052805960178375244e-02) (1, 1.20755469799041748047e+00) (2, -2.99535918235778808594e+00) (3, -1.57543528079986572266e+00) (4, -5.02457809448242187500e+00) (5, 2.62989902496337890625e+00) (6, 5.06925725936889648438e+00) (7, 2.73381352424621582031e+00) (8, 4.37567663192749023438e+00) (9, 2.76166534423828125000e+00) (10, -2.81040787696838378906e+00) (11, -1.41749426722526550293e-01) 
