FANN_FLO_2.1
num_layers=4
learning_rate=0.500000
connection_rate=1.000000
network_type=0
learning_momentum=0.000000
training_algorithm=2
train_error_function=1
train_stop_function=0
cascade_output_change_fraction=0.010000
quickprop_decay=-0.000100
quickprop_mu=1.750000
rprop_increase_factor=1.200000
rprop_decrease_factor=0.500000
rprop_delta_min=0.000000
rprop_delta_max=50.000000
rprop_delta_zero=0.100000
cascade_output_stagnation_epochs=12
cascade_candidate_change_fraction=0.010000
cascade_candidate_stagnation_epochs=12
cascade_max_out_epochs=150
cascade_min_out_epochs=50
cascade_max_cand_epochs=150
cascade_min_cand_epochs=50
cascade_num_candidate_groups=2
bit_fail_limit=3.49999994039535522461e-01
cascade_candidate_limit=1.00000000000000000000e+03
cascade_weight_multiplier=4.00000005960464477539e-01
cascade_activation_functions_count=10
cascade_activation_functions=3 5 7 8 10 11 14 15 16 17 
cascade_activation_steepnesses_count=4
cascade_activation_steepnesses=2.50000000000000000000e-01 5.00000000000000000000e-01 7.50000000000000000000e-01 1.00000000000000000000e+00 
layer_sizes=10 3 3 2 
scale_included=0
neurons (num_inputs, activation_function, activation_steepness)=(0, 0, 0.00000000000000000000e+00) (0, 0, 0.00000000000000000000e+00) (0, 0, 0.00000000000000000000e+00) (0, 0, 0.00000000000000000000e+00) (0, 0, 0.00000000000000000000e+00) (0, 0, 0.00000000000000000000e+00) (0, 0, 0.00000000000000000000e+00) (0, 0, 0.00000000000000000000e+00) (0, 0, 0.00000000000000000000e+00) (0, 0, 0.00000000000000000000e+00) (10, 3, 5.00000000000000000000e-01) (10, 3, 5.00000000000000000000e-01) (0, 3, 0.00000000000000000000e+00) (3, 3, 5.00000000000000000000e-01) (3, 3, 5.00000000000000000000e-01) (0, 3, 0.00000000000000000000e+00) (3, 3, 5.00000000000000000000e-01) (0, 3, 0.00000000000000000000e+00) 
connections (connected_to_neuron, weight)=(0, 5.55795621871948242188e+00) (1, -8.99207496643066406250e+00) (2, 3.00113409757614135742e-01) (3, 9.75912511348724365234e-01) (4, -1.93909893035888671875e+01) (5, 2.77324628829956054688e+00) (6, 1.24459190368652343750e+01) (7, 7.65111398696899414062e+00) (8, 6.13248157501220703125e+00) (9, -1.93990552425384521484e+00) (0, 5.69744539260864257812e+00) (1, 3.76052021980285644531e+00) (2, 5.13566195964813232422e-01) (3, 4.11790275573730468750e+00) (4, -3.19915246963500976562e+00) (5, 1.80836653709411621094e+00) (6, -1.67061185836791992188e+00) (7, 3.69274592399597167969e+00) (8, 1.72885581851005554199e-01) (9, -8.70700931549072265625e+00) (10, -4.77163934707641601562e+00) (11, -3.02650241851806640625e+01) (12, 1.02850894927978515625e+01) (10, -1.15981101989746093750e+01) (11, -4.17544555664062500000e+00) (12, 6.70616388320922851562e+00) (13, 2.58029294013977050781e+00) (14, 8.73494744300842285156e-01) (15, -2.54419422149658203125e+00) 
