FANN_FLO_2.1
num_layers=3
learning_rate=0.500000
connection_rate=1.000000
network_type=0
learning_momentum=0.000000
training_algorithm=2
train_error_function=1
train_stop_function=0
cascade_output_change_fraction=0.010000
quickprop_decay=-0.000100
quickprop_mu=1.750000
rprop_increase_factor=1.200000
rprop_decrease_factor=0.500000
rprop_delta_min=0.000000
rprop_delta_max=50.000000
rprop_delta_zero=0.100000
cascade_output_stagnation_epochs=12
cascade_candidate_change_fraction=0.010000
cascade_candidate_stagnation_epochs=12
cascade_max_out_epochs=150
cascade_min_out_epochs=50
cascade_max_cand_epochs=150
cascade_min_cand_epochs=50
cascade_num_candidate_groups=2
bit_fail_limit=3.49999994039535522461e-01
cascade_candidate_limit=1.00000000000000000000e+03
cascade_weight_multiplier=4.00000005960464477539e-01
cascade_activation_functions_count=10
cascade_activation_functions=3 5 7 8 10 11 14 15 16 17 
cascade_activation_steepnesses_count=4
cascade_activation_steepnesses=2.50000000000000000000e-01 5.00000000000000000000e-01 7.50000000000000000000e-01 1.00000000000000000000e+00 
layer_sizes=10 5 2 
scale_included=0
neurons (num_inputs, activation_function, activation_steepness)=(0, 0, 0.00000000000000000000e+00) (0, 0, 0.00000000000000000000e+00) (0, 0, 0.00000000000000000000e+00) (0, 0, 0.00000000000000000000e+00) (0, 0, 0.00000000000000000000e+00) (0, 0, 0.00000000000000000000e+00) (0, 0, 0.00000000000000000000e+00) (0, 0, 0.00000000000000000000e+00) (0, 0, 0.00000000000000000000e+00) (0, 0, 0.00000000000000000000e+00) (10, 3, 5.00000000000000000000e-01) (10, 3, 5.00000000000000000000e-01) (10, 3, 5.00000000000000000000e-01) (10, 3, 5.00000000000000000000e-01) (0, 3, 0.00000000000000000000e+00) (5, 3, 5.00000000000000000000e-01) (0, 3, 0.00000000000000000000e+00) 
connections (connected_to_neuron, weight)=(0, -1.66046023368835449219e-01) (1, -1.38502252101898193359e+00) (2, -3.37508773803710937500e+01) (3, 5.08574135601520538330e-02) (4, 1.07334840297698974609e+00) (5, 1.96450817584991455078e+00) (6, 2.07182809710502624512e-01) (7, 2.10299324989318847656e+00) (8, 1.58622527122497558594e+00) (9, 1.70048010349273681641e+00) (0, -7.15985655784606933594e-01) (1, -3.27691406011581420898e-01) (2, -3.69524812698364257812e+00) (3, -1.38325381278991699219e+00) (4, 9.23128351569175720215e-02) (5, -6.48219585418701171875e-01) (6, 9.94635677337646484375e+00) (7, -6.11608743667602539062e+00) (8, -9.24002528190612792969e-02) (9, 1.49252855777740478516e+00) (0, 2.97074038535356521606e-02) (1, -1.17583692073822021484e-01) (2, -1.83977031707763671875e+00) (3, -7.77370870113372802734e-01) (4, -3.78023058176040649414e-01) (5, -4.44835364818572998047e-01) (6, 6.02908015251159667969e-01) (7, -1.78348529338836669922e+00) (8, -2.31190368533134460449e-01) (9, 1.95250642299652099609e+00) (0, -5.26375114917755126953e-01) (1, -1.85161423683166503906e+00) (2, -2.29463577270507812500e+00) (3, 1.94950842857360839844e+00) (4, 3.37724518775939941406e+00) (5, -9.78628635406494140625e-01) (6, 3.57348012924194335938e+00) (7, 6.44959449768066406250e+00) (8, -7.88876485824584960938e+00) (9, -4.91665929555892944336e-01) (10, 1.59464466571807861328e+00) (11, 2.14344120025634765625e+00) (12, 2.27555942535400390625e+00) (13, -3.75697326660156250000e+00) (14, -3.04963827133178710938e-01) 
