FANN_FLO_2.1
num_layers=3
learning_rate=0.400000
connection_rate=1.000000
network_type=0
learning_momentum=0.000000
training_algorithm=2
train_error_function=1
train_stop_function=0
cascade_output_change_fraction=0.010000
quickprop_decay=-0.000100
quickprop_mu=1.750000
rprop_increase_factor=1.200000
rprop_decrease_factor=0.500000
rprop_delta_min=0.000000
rprop_delta_max=50.000000
rprop_delta_zero=0.100000
cascade_output_stagnation_epochs=12
cascade_candidate_change_fraction=0.010000
cascade_candidate_stagnation_epochs=12
cascade_max_out_epochs=150
cascade_min_out_epochs=50
cascade_max_cand_epochs=150
cascade_min_cand_epochs=50
cascade_num_candidate_groups=2
bit_fail_limit=3.49999994039535522461e-01
cascade_candidate_limit=1.00000000000000000000e+03
cascade_weight_multiplier=4.00000005960464477539e-01
cascade_activation_functions_count=10
cascade_activation_functions=3 5 7 8 10 11 14 15 16 17 
cascade_activation_steepnesses_count=4
cascade_activation_steepnesses=2.50000000000000000000e-01 5.00000000000000000000e-01 7.50000000000000000000e-01 1.00000000000000000000e+00 
layer_sizes=7 5 2 
scale_included=0
neurons (num_inputs, activation_function, activation_steepness)=(0, 0, 0.00000000000000000000e+00) (0, 0, 0.00000000000000000000e+00) (0, 0, 0.00000000000000000000e+00) (0, 0, 0.00000000000000000000e+00) (0, 0, 0.00000000000000000000e+00) (0, 0, 0.00000000000000000000e+00) (0, 0, 0.00000000000000000000e+00) (7, 3, 5.00000000000000000000e-01) (7, 3, 5.00000000000000000000e-01) (7, 3, 5.00000000000000000000e-01) (7, 3, 5.00000000000000000000e-01) (0, 3, 0.00000000000000000000e+00) (5, 3, 5.00000000000000000000e-01) (0, 3, 0.00000000000000000000e+00) 
connections (connected_to_neuron, weight)=(0, 2.77695417404174804688e+00) (1, -1.36297929286956787109e+00) (2, -5.95490789413452148438e+00) (3, -9.19688320159912109375e+00) (4, 1.43717288970947265625e+01) (5, -6.50347948074340820312e-01) (6, 7.74912118911743164062e-01) (0, -4.55312490463256835938e+00) (1, -4.63930100202560424805e-01) (2, 3.28521585464477539062e+00) (3, 2.00471162796020507812e-01) (4, 1.30444610118865966797e+00) (5, 3.61538362503051757812e+00) (6, -6.98989927768707275391e-01) (0, -1.79978787899017333984e+00) (1, 4.62436532974243164062e+00) (2, 1.09258184432983398438e+01) (3, -3.51963734626770019531e+00) (4, 1.61419749259948730469e+00) (5, -8.69467449188232421875e+00) (6, 4.38722467422485351562e+00) (0, 2.80622482299804687500e+00) (1, 2.39129257202148437500e+00) (2, -8.29772174358367919922e-01) (3, -1.20472593307495117188e+01) (4, 5.40284490585327148438e+00) (5, 2.49294972419738769531e+00) (6, 2.88958716392517089844e+00) (7, 2.66045594215393066406e+00) (8, 1.68594574928283691406e+00) (9, -1.56529939174652099609e+00) (10, -3.06055617332458496094e+00) (11, 4.92953747510910034180e-01) 
