FANN_FLO_2.1
num_layers=4
learning_rate=0.400000
connection_rate=1.000000
network_type=0
learning_momentum=0.000000
training_algorithm=2
train_error_function=1
train_stop_function=0
cascade_output_change_fraction=0.010000
quickprop_decay=-0.000100
quickprop_mu=1.750000
rprop_increase_factor=1.200000
rprop_decrease_factor=0.500000
rprop_delta_min=0.000000
rprop_delta_max=50.000000
rprop_delta_zero=0.100000
cascade_output_stagnation_epochs=12
cascade_candidate_change_fraction=0.010000
cascade_candidate_stagnation_epochs=12
cascade_max_out_epochs=150
cascade_min_out_epochs=50
cascade_max_cand_epochs=150
cascade_min_cand_epochs=50
cascade_num_candidate_groups=2
bit_fail_limit=3.49999994039535522461e-01
cascade_candidate_limit=1.00000000000000000000e+03
cascade_weight_multiplier=4.00000005960464477539e-01
cascade_activation_functions_count=10
cascade_activation_functions=3 5 7 8 10 11 14 15 16 17 
cascade_activation_steepnesses_count=4
cascade_activation_steepnesses=2.50000000000000000000e-01 5.00000000000000000000e-01 7.50000000000000000000e-01 1.00000000000000000000e+00 
layer_sizes=7 5 5 2 
scale_included=0
neurons (num_inputs, activation_function, activation_steepness)=(0, 0, 0.00000000000000000000e+00) (0, 0, 0.00000000000000000000e+00) (0, 0, 0.00000000000000000000e+00) (0, 0, 0.00000000000000000000e+00) (0, 0, 0.00000000000000000000e+00) (0, 0, 0.00000000000000000000e+00) (0, 0, 0.00000000000000000000e+00) (7, 3, 5.00000000000000000000e-01) (7, 3, 5.00000000000000000000e-01) (7, 3, 5.00000000000000000000e-01) (7, 3, 5.00000000000000000000e-01) (0, 3, 0.00000000000000000000e+00) (5, 3, 5.00000000000000000000e-01) (5, 3, 5.00000000000000000000e-01) (5, 3, 5.00000000000000000000e-01) (5, 3, 5.00000000000000000000e-01) (0, 3, 0.00000000000000000000e+00) (5, 3, 5.00000000000000000000e-01) (0, 3, 0.00000000000000000000e+00) 
connections (connected_to_neuron, weight)=(0, -2.20699508666992187500e+02) (1, -1.49679980468750000000e+03) (2, -5.43370628356933593750e+00) (3, -3.81251281738281250000e+02) (4, 1.32475570678710937500e+02) (5, 1.48674707031250000000e+03) (6, 1.84917688369750976562e+00) (0, 6.79979443550109863281e-01) (1, -3.37137341499328613281e+00) (2, 5.73972177505493164062e+00) (3, -5.68273162841796875000e+00) (4, -1.53561985492706298828e+00) (5, -4.11573516845703125000e+02) (6, 5.11675357818603515625e-01) (0, -1.14517059326171875000e+01) (1, 9.45440101623535156250e+00) (2, 4.16433334350585937500e+00) (3, -4.46434211730957031250e+00) (4, -1.74170684814453125000e+00) (5, -2.64513802528381347656e+00) (6, 6.29928350448608398438e-01) (0, -4.24556922912597656250e+00) (1, 2.46876525878906250000e+00) (2, -2.44629120826721191406e+00) (3, -1.86140692234039306641e+00) (4, -1.05814611911773681641e+00) (5, 1.18143394589424133301e-01) (6, 2.15895724296569824219e+00) (7, -4.35762268066406250000e+02) (8, -4.41850662231445312500e+00) (9, 2.74821109771728515625e+01) (10, -7.18496274948120117188e+00) (11, -2.07943296432495117188e+00) (7, -1.62853374481201171875e+01) (8, 4.72152938842773437500e+01) (9, 4.44201965332031250000e+01) (10, 8.82135295867919921875e+00) (11, -2.82635307312011718750e+00) (7, 2.34614968299865722656e+00) (8, -3.13449687957763671875e+01) (9, 4.12929611206054687500e+01) (10, 3.93389296531677246094e+00) (11, -2.58613872528076171875e+00) (7, 3.00042602539062500000e+02) (8, -3.52284271240234375000e+02) (9, -2.21875503540039062500e+02) (10, 7.55022859573364257812e+00) (11, -3.57107138633728027344e+00) (12, -2.75324535369873046875e+00) (13, -1.07139539718627929688e+00) (14, -1.55536639690399169922e+00) (15, -1.33593368530273437500e+00) (16, -6.96737349033355712891e-01) 
