FANN_FLO_2.1
num_layers=3
learning_rate=0.500000
connection_rate=1.000000
network_type=0
learning_momentum=0.000000
training_algorithm=2
train_error_function=1
train_stop_function=0
cascade_output_change_fraction=0.010000
quickprop_decay=-0.000100
quickprop_mu=1.750000
rprop_increase_factor=1.200000
rprop_decrease_factor=0.500000
rprop_delta_min=0.000000
rprop_delta_max=50.000000
rprop_delta_zero=0.100000
cascade_output_stagnation_epochs=12
cascade_candidate_change_fraction=0.010000
cascade_candidate_stagnation_epochs=12
cascade_max_out_epochs=150
cascade_min_out_epochs=50
cascade_max_cand_epochs=150
cascade_min_cand_epochs=50
cascade_num_candidate_groups=2
bit_fail_limit=3.49999994039535522461e-01
cascade_candidate_limit=1.00000000000000000000e+03
cascade_weight_multiplier=4.00000005960464477539e-01
cascade_activation_functions_count=10
cascade_activation_functions=3 5 7 8 10 11 14 15 16 17 
cascade_activation_steepnesses_count=4
cascade_activation_steepnesses=2.50000000000000000000e-01 5.00000000000000000000e-01 7.50000000000000000000e-01 1.00000000000000000000e+00 
layer_sizes=10 3 2 
scale_included=0
neurons (num_inputs, activation_function, activation_steepness)=(0, 0, 0.00000000000000000000e+00) (0, 0, 0.00000000000000000000e+00) (0, 0, 0.00000000000000000000e+00) (0, 0, 0.00000000000000000000e+00) (0, 0, 0.00000000000000000000e+00) (0, 0, 0.00000000000000000000e+00) (0, 0, 0.00000000000000000000e+00) (0, 0, 0.00000000000000000000e+00) (0, 0, 0.00000000000000000000e+00) (0, 0, 0.00000000000000000000e+00) (10, 3, 5.00000000000000000000e-01) (10, 3, 5.00000000000000000000e-01) (0, 3, 0.00000000000000000000e+00) (3, 3, 5.00000000000000000000e-01) (0, 3, 0.00000000000000000000e+00) 
connections (connected_to_neuron, weight)=(0, -7.93333888053894042969e-01) (1, 2.47770595550537109375e+01) (2, -8.81269359588623046875e+00) (3, -3.80957293510437011719e+00) (4, 5.09001541137695312500e+00) (5, 4.71203231811523437500e+00) (6, -2.97704243659973144531e+00) (7, -1.43101758956909179688e+01) (8, -3.87082552909851074219e+00) (9, 6.75021231174468994141e-01) (0, -5.25509643554687500000e+02) (1, -1.50000000000000000000e+03) (2, 1.44679089355468750000e+03) (3, -2.86096382141113281250e+00) (4, 9.06520187854766845703e-01) (5, 6.80812025070190429688e+00) (6, 7.26979196071624755859e-01) (7, -2.23819851875305175781e+00) (8, 8.97183132171630859375e+00) (9, -4.93563938140869140625e+00) (10, 2.96726489067077636719e+00) (11, 3.26820635795593261719e+00) (12, -2.07738232612609863281e+00) 
