FANN_FLO_2.1
num_layers=3
learning_rate=0.400000
connection_rate=1.000000
network_type=0
learning_momentum=0.000000
training_algorithm=2
train_error_function=1
train_stop_function=0
cascade_output_change_fraction=0.010000
quickprop_decay=-0.000100
quickprop_mu=1.750000
rprop_increase_factor=1.200000
rprop_decrease_factor=0.500000
rprop_delta_min=0.000000
rprop_delta_max=50.000000
rprop_delta_zero=0.100000
cascade_output_stagnation_epochs=12
cascade_candidate_change_fraction=0.010000
cascade_candidate_stagnation_epochs=12
cascade_max_out_epochs=150
cascade_min_out_epochs=50
cascade_max_cand_epochs=150
cascade_min_cand_epochs=50
cascade_num_candidate_groups=2
bit_fail_limit=3.49999994039535522461e-01
cascade_candidate_limit=1.00000000000000000000e+03
cascade_weight_multiplier=4.00000005960464477539e-01
cascade_activation_functions_count=10
cascade_activation_functions=3 5 7 8 10 11 14 15 16 17 
cascade_activation_steepnesses_count=4
cascade_activation_steepnesses=2.50000000000000000000e-01 5.00000000000000000000e-01 7.50000000000000000000e-01 1.00000000000000000000e+00 
layer_sizes=7 5 2 
scale_included=0
neurons (num_inputs, activation_function, activation_steepness)=(0, 0, 0.00000000000000000000e+00) (0, 0, 0.00000000000000000000e+00) (0, 0, 0.00000000000000000000e+00) (0, 0, 0.00000000000000000000e+00) (0, 0, 0.00000000000000000000e+00) (0, 0, 0.00000000000000000000e+00) (0, 0, 0.00000000000000000000e+00) (7, 3, 5.00000000000000000000e-01) (7, 3, 5.00000000000000000000e-01) (7, 3, 5.00000000000000000000e-01) (7, 3, 5.00000000000000000000e-01) (0, 3, 0.00000000000000000000e+00) (5, 3, 5.00000000000000000000e-01) (0, 3, 0.00000000000000000000e+00) 
connections (connected_to_neuron, weight)=(0, -6.27273499965667724609e-01) (1, -1.66134858131408691406e+00) (2, -1.90244948863983154297e+00) (3, 2.26092672348022460938e+00) (4, -2.47591209411621093750e+00) (5, 5.03696250915527343750e+00) (6, -1.49532854557037353516e+00) (0, 7.29382276535034179688e-01) (1, 6.17088735103607177734e-01) (2, -1.02916657924652099609e+00) (3, 3.29505801200866699219e-01) (4, -1.51055645942687988281e+00) (5, -1.15710663795471191406e+00) (6, 1.10646343231201171875e+00) (0, 8.21535396575927734375e+00) (1, 4.04250764846801757812e+00) (2, 2.20424580574035644531e+00) (3, -2.97805166244506835938e+00) (4, -2.71921777725219726562e+00) (5, -2.03627181053161621094e+00) (6, 1.74798858165740966797e+00) (0, -1.63160598278045654297e+00) (1, 3.90164732933044433594e-01) (2, 2.08515906333923339844e+00) (3, 3.29155898094177246094e+00) (4, 7.18969535827636718750e+00) (5, -8.49893760681152343750e+00) (6, -3.73494839668273925781e+00) (7, 3.94396519660949707031e+00) (8, -1.58215224742889404297e+00) (9, -2.38336777687072753906e+00) (10, 3.51001691818237304688e+00) (11, -4.63020019233226776123e-02) 
