FANN_FLO_2.1
num_layers=3
learning_rate=0.400000
connection_rate=1.000000
network_type=0
learning_momentum=0.000000
training_algorithm=2
train_error_function=1
train_stop_function=0
cascade_output_change_fraction=0.010000
quickprop_decay=-0.000100
quickprop_mu=1.750000
rprop_increase_factor=1.200000
rprop_decrease_factor=0.500000
rprop_delta_min=0.000000
rprop_delta_max=50.000000
rprop_delta_zero=0.100000
cascade_output_stagnation_epochs=12
cascade_candidate_change_fraction=0.010000
cascade_candidate_stagnation_epochs=12
cascade_max_out_epochs=150
cascade_min_out_epochs=50
cascade_max_cand_epochs=150
cascade_min_cand_epochs=50
cascade_num_candidate_groups=2
bit_fail_limit=3.49999994039535522461e-01
cascade_candidate_limit=1.00000000000000000000e+03
cascade_weight_multiplier=4.00000005960464477539e-01
cascade_activation_functions_count=10
cascade_activation_functions=3 5 7 8 10 11 14 15 16 17 
cascade_activation_steepnesses_count=4
cascade_activation_steepnesses=2.50000000000000000000e-01 5.00000000000000000000e-01 7.50000000000000000000e-01 1.00000000000000000000e+00 
layer_sizes=7 9 2 
scale_included=0
neurons (num_inputs, activation_function, activation_steepness)=(0, 0, 0.00000000000000000000e+00) (0, 0, 0.00000000000000000000e+00) (0, 0, 0.00000000000000000000e+00) (0, 0, 0.00000000000000000000e+00) (0, 0, 0.00000000000000000000e+00) (0, 0, 0.00000000000000000000e+00) (0, 0, 0.00000000000000000000e+00) (7, 3, 5.00000000000000000000e-01) (7, 3, 5.00000000000000000000e-01) (7, 3, 5.00000000000000000000e-01) (7, 3, 5.00000000000000000000e-01) (7, 3, 5.00000000000000000000e-01) (7, 3, 5.00000000000000000000e-01) (7, 3, 5.00000000000000000000e-01) (7, 3, 5.00000000000000000000e-01) (0, 3, 0.00000000000000000000e+00) (9, 3, 5.00000000000000000000e-01) (0, 3, 0.00000000000000000000e+00) 
connections (connected_to_neuron, weight)=(0, 4.24038314819335937500e+00) (1, -9.21927750110626220703e-01) (2, -7.97402048110961914062e+00) (3, 8.00575315952301025391e-01) (4, -1.89263176918029785156e+00) (5, 1.27889280319213867188e+01) (6, 2.48625159263610839844e-01) (0, 8.46214473247528076172e-01) (1, 4.68614846467971801758e-01) (2, -2.37845659255981445312e+00) (3, -2.21494936943054199219e+00) (4, -2.48767518997192382812e+00) (5, 2.06125497817993164062e+00) (6, 2.33050203323364257812e+00) (0, -1.47650420665740966797e+00) (1, -1.39185464382171630859e+00) (2, -6.66656553745269775391e-01) (3, 1.56028544902801513672e+00) (4, -6.43706464767456054688e+00) (5, 1.04318542480468750000e+01) (6, -3.75620746612548828125e+00) (0, -1.46469402313232421875e+00) (1, -1.39553666114807128906e+00) (2, -2.46183204650878906250e+00) (3, 2.06717276573181152344e+00) (4, 8.72195601463317871094e-01) (5, 3.12751936912536621094e+00) (6, -2.25961756706237792969e+00) (0, -5.60370111465454101562e+00) (1, -1.33740520477294921875e+00) (2, -3.13768982887268066406e+00) (3, 1.21793615818023681641e+00) (4, 2.65338754653930664062e+00) (5, 1.26517772674560546875e+00) (6, -1.39398336410522460938e+00) (0, 1.31309854984283447266e+00) (1, 5.62745571136474609375e-01) (2, -1.17767298221588134766e+00) (3, -6.06155574321746826172e-01) (4, -2.46552395820617675781e+00) (5, 2.22213363647460937500e+00) (6, 7.89362072944641113281e-01) (0, 6.55215680599212646484e-01) (1, -1.02582192420959472656e+00) (2, -3.98349851369857788086e-01) (3, 3.97468090057373046875e-01) (4, 4.45296907424926757812e+00) (5, 7.47508853673934936523e-02) (6, -1.22126996517181396484e+00) (0, -2.05852597951889038086e-01) (1, 6.86463475227355957031e-01) (2, -5.41694462299346923828e-01) (3, -2.44438219070434570312e+00) (4, -7.36379957199096679688e+00) (5, 4.20874595642089843750e+00) (6, 2.76395344734191894531e+00) (7, -1.18318176269531250000e+00) (8, -1.02106618881225585938e+00) (9, 2.40796828269958496094e+00) (10, 1.32862985134124755859e+00) (11, 3.35263061523437500000e+00) (12, -6.98703944683074951172e-01) (13, 1.34307801723480224609e+00) (14, -9.08803582191467285156e-01) (15, -4.95235472917556762695e-01) 
