FANN_FLO_2.1
num_layers=4
learning_rate=0.400000
connection_rate=1.000000
network_type=0
learning_momentum=0.000000
training_algorithm=2
train_error_function=1
train_stop_function=0
cascade_output_change_fraction=0.010000
quickprop_decay=-0.000100
quickprop_mu=1.750000
rprop_increase_factor=1.200000
rprop_decrease_factor=0.500000
rprop_delta_min=0.000000
rprop_delta_max=50.000000
rprop_delta_zero=0.100000
cascade_output_stagnation_epochs=12
cascade_candidate_change_fraction=0.010000
cascade_candidate_stagnation_epochs=12
cascade_max_out_epochs=150
cascade_min_out_epochs=50
cascade_max_cand_epochs=150
cascade_min_cand_epochs=50
cascade_num_candidate_groups=2
bit_fail_limit=3.49999994039535522461e-01
cascade_candidate_limit=1.00000000000000000000e+03
cascade_weight_multiplier=4.00000005960464477539e-01
cascade_activation_functions_count=10
cascade_activation_functions=3 5 7 8 10 11 14 15 16 17 
cascade_activation_steepnesses_count=4
cascade_activation_steepnesses=2.50000000000000000000e-01 5.00000000000000000000e-01 7.50000000000000000000e-01 1.00000000000000000000e+00 
layer_sizes=7 5 5 2 
scale_included=0
neurons (num_inputs, activation_function, activation_steepness)=(0, 0, 0.00000000000000000000e+00) (0, 0, 0.00000000000000000000e+00) (0, 0, 0.00000000000000000000e+00) (0, 0, 0.00000000000000000000e+00) (0, 0, 0.00000000000000000000e+00) (0, 0, 0.00000000000000000000e+00) (0, 0, 0.00000000000000000000e+00) (7, 3, 5.00000000000000000000e-01) (7, 3, 5.00000000000000000000e-01) (7, 3, 5.00000000000000000000e-01) (7, 3, 5.00000000000000000000e-01) (0, 3, 0.00000000000000000000e+00) (5, 3, 5.00000000000000000000e-01) (5, 3, 5.00000000000000000000e-01) (5, 3, 5.00000000000000000000e-01) (5, 3, 5.00000000000000000000e-01) (0, 3, 0.00000000000000000000e+00) (5, 3, 5.00000000000000000000e-01) (0, 3, 0.00000000000000000000e+00) 
connections (connected_to_neuron, weight)=(0, -2.31491065025329589844e+00) (1, -9.61802780628204345703e-01) (2, -1.06847820281982421875e+01) (3, -4.87895107269287109375e+00) (4, 2.94619846343994140625e+00) (5, 8.28421413898468017578e-01) (6, 1.61264693737030029297e+00) (0, -7.28062677383422851562e+00) (1, 6.01695680618286132812e+00) (2, -5.11640548706054687500e+00) (3, -9.04843151569366455078e-01) (4, -7.01165139675140380859e-01) (5, -1.68926882743835449219e+00) (6, 7.89398670196533203125e-01) (0, -5.83138525485992431641e-01) (1, -7.20640003681182861328e-01) (2, 8.30248892307281494141e-01) (3, -1.69102740287780761719e+00) (4, -1.64582288265228271484e+00) (5, 6.71386480331420898438e-01) (6, 7.67520546913146972656e-01) (0, 3.46470355987548828125e-01) (1, -2.65699458122253417969e+00) (2, -3.48554897308349609375e+00) (3, -2.51851367950439453125e+00) (4, -1.03877627849578857422e+00) (5, 1.04057562351226806641e+00) (6, 3.87141913175582885742e-01) (7, 2.34749650955200195312e+00) (8, 9.33082771301269531250e+00) (9, 1.14616527557373046875e+01) (10, -3.08262462615966796875e+01) (11, -4.33648586273193359375e+00) (7, 1.64084661006927490234e+00) (8, -2.79679088592529296875e+01) (9, 7.12927007675170898438e+00) (10, 1.64691972732543945312e+00) (11, -2.61791014671325683594e+00) (7, 6.78523123264312744141e-01) (8, 6.82798719406127929688e+00) (9, 1.90332305431365966797e+00) (10, -2.38714289665222167969e+00) (11, -2.64624834060668945312e+00) (7, 6.92729771137237548828e-01) (8, 9.53692626953125000000e+00) (9, 6.27939796447753906250e+00) (10, 7.47967100143432617188e+00) (11, -2.08391952514648437500e+00) (12, -3.31494021415710449219e+00) (13, -7.54323720932006835938e+00) (14, -1.89252626895904541016e+00) (15, -9.66658949851989746094e-01) (16, -2.93919324874877929688e-01) 
