FANN_FLO_2.1
num_layers=3
learning_rate=0.400000
connection_rate=1.000000
network_type=0
learning_momentum=0.000000
training_algorithm=2
train_error_function=1
train_stop_function=0
cascade_output_change_fraction=0.010000
quickprop_decay=-0.000100
quickprop_mu=1.750000
rprop_increase_factor=1.200000
rprop_decrease_factor=0.500000
rprop_delta_min=0.000000
rprop_delta_max=50.000000
rprop_delta_zero=0.100000
cascade_output_stagnation_epochs=12
cascade_candidate_change_fraction=0.010000
cascade_candidate_stagnation_epochs=12
cascade_max_out_epochs=150
cascade_min_out_epochs=50
cascade_max_cand_epochs=150
cascade_min_cand_epochs=50
cascade_num_candidate_groups=2
bit_fail_limit=3.49999994039535522461e-01
cascade_candidate_limit=1.00000000000000000000e+03
cascade_weight_multiplier=4.00000005960464477539e-01
cascade_activation_functions_count=10
cascade_activation_functions=3 5 7 8 10 11 14 15 16 17 
cascade_activation_steepnesses_count=4
cascade_activation_steepnesses=2.50000000000000000000e-01 5.00000000000000000000e-01 7.50000000000000000000e-01 1.00000000000000000000e+00 
layer_sizes=7 5 2 
scale_included=0
neurons (num_inputs, activation_function, activation_steepness)=(0, 0, 0.00000000000000000000e+00) (0, 0, 0.00000000000000000000e+00) (0, 0, 0.00000000000000000000e+00) (0, 0, 0.00000000000000000000e+00) (0, 0, 0.00000000000000000000e+00) (0, 0, 0.00000000000000000000e+00) (0, 0, 0.00000000000000000000e+00) (7, 3, 5.00000000000000000000e-01) (7, 3, 5.00000000000000000000e-01) (7, 3, 5.00000000000000000000e-01) (7, 3, 5.00000000000000000000e-01) (0, 3, 0.00000000000000000000e+00) (5, 3, 5.00000000000000000000e-01) (0, 3, 0.00000000000000000000e+00) 
connections (connected_to_neuron, weight)=(0, -3.62616038322448730469e+00) (1, 1.01947772502899169922e+00) (2, -3.81450772285461425781e-01) (3, -2.44857263565063476562e+00) (4, -1.52717113494873046875e-01) (5, -3.08531570434570312500e+00) (6, 5.62250137329101562500e+00) (0, -6.71265840530395507812e+00) (1, -3.71202421188354492188e+00) (2, 8.86131465435028076172e-01) (3, 1.43854248523712158203e+00) (4, 1.57129228115081787109e+00) (5, 1.42914867401123046875e+00) (6, -1.47445631027221679688e+00) (0, -5.21861267089843750000e+00) (1, -2.23000097274780273438e+00) (2, -2.05307173728942871094e+00) (3, 9.92146968841552734375e-01) (4, 7.97048091888427734375e-01) (5, 5.40671348571777343750e+00) (6, -1.11917507648468017578e+00) (0, 2.75470852851867675781e-01) (1, 1.15206372737884521484e+00) (2, 3.62696862220764160156e+00) (3, 6.64020586013793945312e+00) (4, 3.31299543380737304688e+00) (5, -2.10590820312500000000e+01) (6, -2.23647445440292358398e-01) (7, -2.75822305679321289062e+00) (8, 5.21289920806884765625e+00) (9, 2.00169968605041503906e+00) (10, 2.53837251663208007812e+00) (11, 1.90940499305725097656e-02) 
