FANN_FLO_2.1
num_layers=3
learning_rate=0.400000
connection_rate=1.000000
network_type=0
learning_momentum=0.000000
training_algorithm=2
train_error_function=1
train_stop_function=0
cascade_output_change_fraction=0.010000
quickprop_decay=-0.000100
quickprop_mu=1.750000
rprop_increase_factor=1.200000
rprop_decrease_factor=0.500000
rprop_delta_min=0.000000
rprop_delta_max=50.000000
rprop_delta_zero=0.100000
cascade_output_stagnation_epochs=12
cascade_candidate_change_fraction=0.010000
cascade_candidate_stagnation_epochs=12
cascade_max_out_epochs=150
cascade_min_out_epochs=50
cascade_max_cand_epochs=150
cascade_min_cand_epochs=50
cascade_num_candidate_groups=2
bit_fail_limit=3.49999994039535522461e-01
cascade_candidate_limit=1.00000000000000000000e+03
cascade_weight_multiplier=4.00000005960464477539e-01
cascade_activation_functions_count=10
cascade_activation_functions=3 5 7 8 10 11 14 15 16 17 
cascade_activation_steepnesses_count=4
cascade_activation_steepnesses=2.50000000000000000000e-01 5.00000000000000000000e-01 7.50000000000000000000e-01 1.00000000000000000000e+00 
layer_sizes=7 9 2 
scale_included=0
neurons (num_inputs, activation_function, activation_steepness)=(0, 0, 0.00000000000000000000e+00) (0, 0, 0.00000000000000000000e+00) (0, 0, 0.00000000000000000000e+00) (0, 0, 0.00000000000000000000e+00) (0, 0, 0.00000000000000000000e+00) (0, 0, 0.00000000000000000000e+00) (0, 0, 0.00000000000000000000e+00) (7, 3, 5.00000000000000000000e-01) (7, 3, 5.00000000000000000000e-01) (7, 3, 5.00000000000000000000e-01) (7, 3, 5.00000000000000000000e-01) (7, 3, 5.00000000000000000000e-01) (7, 3, 5.00000000000000000000e-01) (7, 3, 5.00000000000000000000e-01) (7, 3, 5.00000000000000000000e-01) (0, 3, 0.00000000000000000000e+00) (9, 3, 5.00000000000000000000e-01) (0, 3, 0.00000000000000000000e+00) 
connections (connected_to_neuron, weight)=(0, -4.33358907699584960938e+00) (1, -2.40799379348754882812e+00) (2, -7.19656869769096374512e-02) (3, 4.36389017105102539062e+00) (4, 5.56154489517211914062e-01) (5, 3.18530857563018798828e-01) (6, -2.93021583557128906250e+00) (0, 6.17022626101970672607e-02) (1, -8.31393301486968994141e-01) (2, 3.64088606834411621094e+00) (3, -1.81716576218605041504e-01) (4, 5.46502685546875000000e+00) (5, -3.88731145858764648438e+00) (6, -3.95208716392517089844e+00) (0, -8.25497913360595703125e+00) (1, -2.41707396507263183594e+00) (2, 3.34956169128417968750e+00) (3, 5.14460515975952148438e+00) (4, 1.97119653224945068359e-01) (5, 7.45763838291168212891e-01) (6, -2.78337311744689941406e+00) (0, -3.73798108100891113281e+00) (1, -2.34315085411071777344e+00) (2, -1.07394659519195556641e+00) (3, 3.81059384346008300781e+00) (4, 8.02945911884307861328e-01) (5, 2.99406558275222778320e-01) (6, -2.68248486518859863281e+00) (0, 3.60905551910400390625e+00) (1, 3.98748755455017089844e+00) (2, 3.29366159439086914062e+00) (3, -6.95688128471374511719e-02) (4, -4.55414581298828125000e+00) (5, -2.56560230255126953125e+00) (6, 1.61296761035919189453e+00) (0, 3.04598569869995117188e+00) (1, -4.27966177463531494141e-01) (2, -5.27446603775024414062e+00) (3, 2.35359144210815429688e+00) (4, -2.45346021652221679688e+00) (5, 8.09819412231445312500e+00) (6, -4.10460853576660156250e+00) (0, 4.74682283401489257812e+00) (1, 4.12516593933105468750e+00) (2, 4.00829601287841796875e+00) (3, -2.75622874498367309570e-01) (4, -3.84014344215393066406e+00) (5, 1.55233156681060791016e+00) (6, 1.07553923130035400391e+00) (0, -3.31846022605895996094e+00) (1, -3.12678956985473632812e+00) (2, -2.64704322814941406250e+00) (3, 1.38432979583740234375e+00) (4, 1.83849263191223144531e+00) (5, 1.24269294738769531250e+00) (6, -1.70770192146301269531e+00) (7, 5.90014100074768066406e-01) (8, 3.48621559143066406250e+00) (9, 8.09140682220458984375e-01) (10, 5.35272181034088134766e-01) (11, -1.64543271064758300781e+00) (12, 2.72568631172180175781e+00) (13, -8.66510570049285888672e-01) (14, 1.01520800590515136719e+00) (15, -3.54892104864120483398e-01) 
