FANN_FLO_2.1
num_layers=4
learning_rate=0.400000
connection_rate=1.000000
network_type=0
learning_momentum=0.000000
training_algorithm=2
train_error_function=1
train_stop_function=0
cascade_output_change_fraction=0.010000
quickprop_decay=-0.000100
quickprop_mu=1.750000
rprop_increase_factor=1.200000
rprop_decrease_factor=0.500000
rprop_delta_min=0.000000
rprop_delta_max=50.000000
rprop_delta_zero=0.100000
cascade_output_stagnation_epochs=12
cascade_candidate_change_fraction=0.010000
cascade_candidate_stagnation_epochs=12
cascade_max_out_epochs=150
cascade_min_out_epochs=50
cascade_max_cand_epochs=150
cascade_min_cand_epochs=50
cascade_num_candidate_groups=2
bit_fail_limit=3.49999994039535522461e-01
cascade_candidate_limit=1.00000000000000000000e+03
cascade_weight_multiplier=4.00000005960464477539e-01
cascade_activation_functions_count=10
cascade_activation_functions=3 5 7 8 10 11 14 15 16 17 
cascade_activation_steepnesses_count=4
cascade_activation_steepnesses=2.50000000000000000000e-01 5.00000000000000000000e-01 7.50000000000000000000e-01 1.00000000000000000000e+00 
layer_sizes=7 5 3 2 
scale_included=0
neurons (num_inputs, activation_function, activation_steepness)=(0, 0, 0.00000000000000000000e+00) (0, 0, 0.00000000000000000000e+00) (0, 0, 0.00000000000000000000e+00) (0, 0, 0.00000000000000000000e+00) (0, 0, 0.00000000000000000000e+00) (0, 0, 0.00000000000000000000e+00) (0, 0, 0.00000000000000000000e+00) (7, 3, 5.00000000000000000000e-01) (7, 3, 5.00000000000000000000e-01) (7, 3, 5.00000000000000000000e-01) (7, 3, 5.00000000000000000000e-01) (0, 3, 0.00000000000000000000e+00) (5, 3, 5.00000000000000000000e-01) (5, 3, 5.00000000000000000000e-01) (0, 3, 0.00000000000000000000e+00) (3, 3, 5.00000000000000000000e-01) (0, 3, 0.00000000000000000000e+00) 
connections (connected_to_neuron, weight)=(0, -1.00783874511718750000e+03) (1, -8.18135192871093750000e+02) (2, -1.10050402832031250000e+03) (3, -3.06783508300781250000e+02) (4, -8.21675109863281250000e+02) (5, -4.55061401367187500000e+02) (6, 8.23543071746826171875e+00) (0, -1.00783874511718750000e+03) (1, -8.18135192871093750000e+02) (2, -1.10050402832031250000e+03) (3, -3.06783508300781250000e+02) (4, -8.21675109863281250000e+02) (5, -4.55061401367187500000e+02) (6, 8.23262310028076171875e+00) (0, -1.00783874511718750000e+03) (1, -8.18135192871093750000e+02) (2, -1.10050402832031250000e+03) (3, -3.06783508300781250000e+02) (4, -8.21675109863281250000e+02) (5, -4.55061401367187500000e+02) (6, 8.27048015594482421875e+00) (0, -3.16137634277343750000e+02) (1, 6.27334228515625000000e+02) (2, 1.29436218261718750000e+03) (3, -2.48620742797851562500e+02) (4, -1.10185447692871093750e+02) (5, 1.48200000000000000000e+03) (6, 1.76081657409667968750e+01) (7, 1.50000000000000000000e+03) (8, 1.50000000000000000000e+03) (9, 1.50000000000000000000e+03) (10, 1.70368444919586181641e+00) (11, 4.73325997591018676758e-01) (7, 1.50000000000000000000e+03) (8, 1.50000000000000000000e+03) (9, 1.50000000000000000000e+03) (10, -1.00807989501953125000e+03) (11, -2.13245898485183715820e-01) (12, -2.29118704795837402344e+00) (13, -1.77608871459960937500e+01) (14, -8.36883664131164550781e-01) 
