FANN_FLO_2.1
num_layers=4
learning_rate=0.500000
connection_rate=1.000000
network_type=0
learning_momentum=0.000000
training_algorithm=2
train_error_function=1
train_stop_function=0
cascade_output_change_fraction=0.010000
quickprop_decay=-0.000100
quickprop_mu=1.750000
rprop_increase_factor=1.200000
rprop_decrease_factor=0.500000
rprop_delta_min=0.000000
rprop_delta_max=50.000000
rprop_delta_zero=0.100000
cascade_output_stagnation_epochs=12
cascade_candidate_change_fraction=0.010000
cascade_candidate_stagnation_epochs=12
cascade_max_out_epochs=150
cascade_min_out_epochs=50
cascade_max_cand_epochs=150
cascade_min_cand_epochs=50
cascade_num_candidate_groups=2
bit_fail_limit=3.49999994039535522461e-01
cascade_candidate_limit=1.00000000000000000000e+03
cascade_weight_multiplier=4.00000005960464477539e-01
cascade_activation_functions_count=10
cascade_activation_functions=3 5 7 8 10 11 14 15 16 17 
cascade_activation_steepnesses_count=4
cascade_activation_steepnesses=2.50000000000000000000e-01 5.00000000000000000000e-01 7.50000000000000000000e-01 1.00000000000000000000e+00 
layer_sizes=10 3 3 2 
scale_included=0
neurons (num_inputs, activation_function, activation_steepness)=(0, 0, 0.00000000000000000000e+00) (0, 0, 0.00000000000000000000e+00) (0, 0, 0.00000000000000000000e+00) (0, 0, 0.00000000000000000000e+00) (0, 0, 0.00000000000000000000e+00) (0, 0, 0.00000000000000000000e+00) (0, 0, 0.00000000000000000000e+00) (0, 0, 0.00000000000000000000e+00) (0, 0, 0.00000000000000000000e+00) (0, 0, 0.00000000000000000000e+00) (10, 3, 5.00000000000000000000e-01) (10, 3, 5.00000000000000000000e-01) (0, 3, 0.00000000000000000000e+00) (3, 3, 5.00000000000000000000e-01) (3, 3, 5.00000000000000000000e-01) (0, 3, 0.00000000000000000000e+00) (3, 3, 5.00000000000000000000e-01) (0, 3, 0.00000000000000000000e+00) 
connections (connected_to_neuron, weight)=(0, 8.19782674312591552734e-01) (1, 1.10220575332641601562e+00) (2, -3.81986051797866821289e-01) (3, -3.23599219322204589844e+00) (4, 2.21151685714721679688e+00) (5, -1.78747308254241943359e+00) (6, 1.28456437587738037109e+00) (7, -9.33146762847900390625e+00) (8, -8.42704772949218750000e-01) (9, 4.78957843780517578125e+00) (0, 7.87227511405944824219e-01) (1, 1.15561830997467041016e+00) (2, -7.83964538574218750000e+00) (3, -2.21939134597778320312e+00) (4, 4.84126710891723632812e+00) (5, -2.22913765907287597656e+00) (6, -4.14639562368392944336e-01) (7, -9.48334884643554687500e+00) (8, 2.40038299560546875000e+00) (9, 4.65422964096069335938e+00) (10, -7.32027816772460937500e+01) (11, 5.10766693115234375000e+02) (12, -7.95621252059936523438e+00) (10, 6.51128530502319335938e+00) (11, 6.03588342666625976562e+00) (12, -5.36542224884033203125e+00) (13, 1.58150923252105712891e+00) (14, 1.06114161014556884766e+00) (15, -1.75513362884521484375e+00) 
