FANN_FLO_2.1
num_layers=3
learning_rate=0.400000
connection_rate=1.000000
network_type=0
learning_momentum=0.000000
training_algorithm=2
train_error_function=1
train_stop_function=0
cascade_output_change_fraction=0.010000
quickprop_decay=-0.000100
quickprop_mu=1.750000
rprop_increase_factor=1.200000
rprop_decrease_factor=0.500000
rprop_delta_min=0.000000
rprop_delta_max=50.000000
rprop_delta_zero=0.100000
cascade_output_stagnation_epochs=12
cascade_candidate_change_fraction=0.010000
cascade_candidate_stagnation_epochs=12
cascade_max_out_epochs=150
cascade_min_out_epochs=50
cascade_max_cand_epochs=150
cascade_min_cand_epochs=50
cascade_num_candidate_groups=2
bit_fail_limit=3.49999994039535522461e-01
cascade_candidate_limit=1.00000000000000000000e+03
cascade_weight_multiplier=4.00000005960464477539e-01
cascade_activation_functions_count=10
cascade_activation_functions=3 5 7 8 10 11 14 15 16 17 
cascade_activation_steepnesses_count=4
cascade_activation_steepnesses=2.50000000000000000000e-01 5.00000000000000000000e-01 7.50000000000000000000e-01 1.00000000000000000000e+00 
layer_sizes=19 3 3 
scale_included=0
neurons (num_inputs, activation_function, activation_steepness)=(0, 0, 0.00000000000000000000e+00) (0, 0, 0.00000000000000000000e+00) (0, 0, 0.00000000000000000000e+00) (0, 0, 0.00000000000000000000e+00) (0, 0, 0.00000000000000000000e+00) (0, 0, 0.00000000000000000000e+00) (0, 0, 0.00000000000000000000e+00) (0, 0, 0.00000000000000000000e+00) (0, 0, 0.00000000000000000000e+00) (0, 0, 0.00000000000000000000e+00) (0, 0, 0.00000000000000000000e+00) (0, 0, 0.00000000000000000000e+00) (0, 0, 0.00000000000000000000e+00) (0, 0, 0.00000000000000000000e+00) (0, 0, 0.00000000000000000000e+00) (0, 0, 0.00000000000000000000e+00) (0, 0, 0.00000000000000000000e+00) (0, 0, 0.00000000000000000000e+00) (0, 0, 0.00000000000000000000e+00) (19, 3, 5.00000000000000000000e-01) (19, 3, 5.00000000000000000000e-01) (0, 3, 0.00000000000000000000e+00) (3, 3, 5.00000000000000000000e-01) (3, 3, 5.00000000000000000000e-01) (0, 3, 0.00000000000000000000e+00) 
connections (connected_to_neuron, weight)=(0, -3.72466516494750976562e+00) (1, 1.95735096931457519531e+00) (2, -1.84481453895568847656e+00) (3, -4.99816751480102539062e+00) (4, 1.00670957565307617188e+00) (5, 1.49148285388946533203e-01) (6, -3.57963609695434570312e+00) (7, 5.07135450839996337891e-01) (8, 1.12587451934814453125e+00) (9, 4.53535175323486328125e+00) (10, -2.75188302993774414062e+00) (11, 9.26530420780181884766e-01) (12, 3.26905155181884765625e+00) (13, -2.51508998870849609375e+00) (14, 9.94903445243835449219e-01) (15, 5.49840068817138671875e+00) (16, -2.16394042968750000000e+00) (17, 1.53068089485168457031e+00) (18, -3.05712032318115234375e+00) (0, 9.60620975494384765625e+00) (1, -4.52988481521606445312e+00) (2, -1.18744969367980957031e-01) (3, 6.77764987945556640625e+00) (4, -5.46846914291381835938e+00) (5, -2.42569997906684875488e-01) (6, 7.34676218032836914062e+00) (7, -3.08541750907897949219e+00) (8, -6.95661827921867370605e-02) (9, -1.05056371688842773438e+01) (10, 7.61982631683349609375e+00) (11, -4.14595270156860351562e+00) (12, -7.56800317764282226562e+00) (13, 3.18359780311584472656e+00) (14, 1.19697487354278564453e+00) (15, -6.01241445541381835938e+00) (16, 2.89714598655700683594e+00) (17, -3.23337078094482421875e-01) (18, -2.51785778999328613281e+00) (19, -1.59547936916351318359e+00) (20, -1.20203864574432373047e+00) (21, 1.46219879388809204102e-01) (19, 1.59443247318267822266e+00) (20, 1.20186614990234375000e+00) (21, -1.45684674382209777832e-01) 
