FANN_FLO_2.1
num_layers=4
learning_rate=0.500000
connection_rate=1.000000
network_type=0
learning_momentum=0.000000
training_algorithm=2
train_error_function=1
train_stop_function=0
cascade_output_change_fraction=0.010000
quickprop_decay=-0.000100
quickprop_mu=1.750000
rprop_increase_factor=1.200000
rprop_decrease_factor=0.500000
rprop_delta_min=0.000000
rprop_delta_max=50.000000
rprop_delta_zero=0.100000
cascade_output_stagnation_epochs=12
cascade_candidate_change_fraction=0.010000
cascade_candidate_stagnation_epochs=12
cascade_max_out_epochs=150
cascade_min_out_epochs=50
cascade_max_cand_epochs=150
cascade_min_cand_epochs=50
cascade_num_candidate_groups=2
bit_fail_limit=3.49999994039535522461e-01
cascade_candidate_limit=1.00000000000000000000e+03
cascade_weight_multiplier=4.00000005960464477539e-01
cascade_activation_functions_count=10
cascade_activation_functions=3 5 7 8 10 11 14 15 16 17 
cascade_activation_steepnesses_count=4
cascade_activation_steepnesses=2.50000000000000000000e-01 5.00000000000000000000e-01 7.50000000000000000000e-01 1.00000000000000000000e+00 
layer_sizes=10 3 3 2 
scale_included=0
neurons (num_inputs, activation_function, activation_steepness)=(0, 0, 0.00000000000000000000e+00) (0, 0, 0.00000000000000000000e+00) (0, 0, 0.00000000000000000000e+00) (0, 0, 0.00000000000000000000e+00) (0, 0, 0.00000000000000000000e+00) (0, 0, 0.00000000000000000000e+00) (0, 0, 0.00000000000000000000e+00) (0, 0, 0.00000000000000000000e+00) (0, 0, 0.00000000000000000000e+00) (0, 0, 0.00000000000000000000e+00) (10, 3, 5.00000000000000000000e-01) (10, 3, 5.00000000000000000000e-01) (0, 3, 0.00000000000000000000e+00) (3, 3, 5.00000000000000000000e-01) (3, 3, 5.00000000000000000000e-01) (0, 3, 0.00000000000000000000e+00) (3, 3, 5.00000000000000000000e-01) (0, 3, 0.00000000000000000000e+00) 
connections (connected_to_neuron, weight)=(0, -1.37500805664062500000e+03) (1, -1.21158081054687500000e+03) (2, 1.42642871093750000000e+03) (3, -1.21774816894531250000e+03) (4, -1.21197985839843750000e+03) (5, 1.47507934570312500000e+03) (6, 3.21327636718750000000e+02) (7, 1.37097204589843750000e+03) (8, 1.26566320800781250000e+03) (9, -1.03069389343261718750e+02) (0, -1.01083270263671875000e+03) (1, 1.15611987304687500000e+03) (2, 4.25371826171875000000e+02) (3, -9.64371826171875000000e+02) (4, 8.79303649902343750000e+02) (5, 2.90800048828125000000e+02) (6, -3.60234863281250000000e+02) (7, 8.30045654296875000000e+02) (8, 4.40800048828125000000e+02) (9, -2.20553955078125000000e+02) (10, 2.68313751220703125000e+01) (11, -2.51237792968750000000e+01) (12, -7.49699890613555908203e-01) (10, 1.47279589843750000000e+03) (11, 1.49996203613281250000e+03) (12, -3.11191797256469726562e+00) (13, -1.36846351623535156250e+00) (14, -6.55929505825042724609e-01) (15, 1.46841621398925781250e+00) 
