FANN_FLO_2.1
num_layers=3
learning_rate=0.400000
connection_rate=1.000000
network_type=0
learning_momentum=0.000000
training_algorithm=2
train_error_function=1
train_stop_function=0
cascade_output_change_fraction=0.010000
quickprop_decay=-0.000100
quickprop_mu=1.750000
rprop_increase_factor=1.200000
rprop_decrease_factor=0.500000
rprop_delta_min=0.000000
rprop_delta_max=50.000000
rprop_delta_zero=0.100000
cascade_output_stagnation_epochs=12
cascade_candidate_change_fraction=0.010000
cascade_candidate_stagnation_epochs=12
cascade_max_out_epochs=150
cascade_min_out_epochs=50
cascade_max_cand_epochs=150
cascade_min_cand_epochs=50
cascade_num_candidate_groups=2
bit_fail_limit=3.49999994039535522461e-01
cascade_candidate_limit=1.00000000000000000000e+03
cascade_weight_multiplier=4.00000005960464477539e-01
cascade_activation_functions_count=10
cascade_activation_functions=3 5 7 8 10 11 14 15 16 17 
cascade_activation_steepnesses_count=4
cascade_activation_steepnesses=2.50000000000000000000e-01 5.00000000000000000000e-01 7.50000000000000000000e-01 1.00000000000000000000e+00 
layer_sizes=7 5 2 
scale_included=0
neurons (num_inputs, activation_function, activation_steepness)=(0, 0, 0.00000000000000000000e+00) (0, 0, 0.00000000000000000000e+00) (0, 0, 0.00000000000000000000e+00) (0, 0, 0.00000000000000000000e+00) (0, 0, 0.00000000000000000000e+00) (0, 0, 0.00000000000000000000e+00) (0, 0, 0.00000000000000000000e+00) (7, 3, 5.00000000000000000000e-01) (7, 3, 5.00000000000000000000e-01) (7, 3, 5.00000000000000000000e-01) (7, 3, 5.00000000000000000000e-01) (0, 3, 0.00000000000000000000e+00) (5, 3, 5.00000000000000000000e-01) (0, 3, 0.00000000000000000000e+00) 
connections (connected_to_neuron, weight)=(0, -6.79196500778198242188e+00) (1, 5.30102682113647460938e+00) (2, 7.70058576017618179321e-03) (3, -9.60901260375976562500e-01) (4, -5.37999570369720458984e-01) (5, -5.31986331939697265625e+00) (6, 8.26656401157379150391e-01) (0, 1.73279514312744140625e+01) (1, -1.91370773315429687500e+01) (2, 1.08097248077392578125e+01) (3, -3.19824934005737304688e+00) (4, 1.24276041984558105469e-01) (5, 4.72292852401733398438e+00) (6, -4.55816030502319335938e+00) (0, 1.29049329757690429688e+01) (1, -2.85646080970764160156e+00) (2, -3.17727317810058593750e+01) (3, -1.59179067611694335938e+01) (4, -6.05126142501831054688e+00) (5, 6.40748310089111328125e+00) (6, 5.07181882858276367188e+00) (0, -1.40829694271087646484e+00) (1, -2.92874526977539062500e+00) (2, -6.48913145065307617188e+00) (3, -1.09684104919433593750e+01) (4, -2.44051456451416015625e+00) (5, 1.14281711578369140625e+01) (6, 3.40309411287307739258e-01) (7, -7.92200660705566406250e+00) (8, -5.48037481307983398438e+00) (9, -5.40228664875030517578e-01) (10, -1.68985879421234130859e+00) (11, 1.67292580008506774902e-01) 
