FANN_FLO_2.1
num_layers=3
learning_rate=0.400000
connection_rate=1.000000
network_type=0
learning_momentum=0.000000
training_algorithm=2
train_error_function=1
train_stop_function=0
cascade_output_change_fraction=0.010000
quickprop_decay=-0.000100
quickprop_mu=1.750000
rprop_increase_factor=1.200000
rprop_decrease_factor=0.500000
rprop_delta_min=0.000000
rprop_delta_max=50.000000
rprop_delta_zero=0.100000
cascade_output_stagnation_epochs=12
cascade_candidate_change_fraction=0.010000
cascade_candidate_stagnation_epochs=12
cascade_max_out_epochs=150
cascade_min_out_epochs=50
cascade_max_cand_epochs=150
cascade_min_cand_epochs=50
cascade_num_candidate_groups=2
bit_fail_limit=3.49999994039535522461e-01
cascade_candidate_limit=1.00000000000000000000e+03
cascade_weight_multiplier=4.00000005960464477539e-01
cascade_activation_functions_count=10
cascade_activation_functions=3 5 7 8 10 11 14 15 16 17 
cascade_activation_steepnesses_count=4
cascade_activation_steepnesses=2.50000000000000000000e-01 5.00000000000000000000e-01 7.50000000000000000000e-01 1.00000000000000000000e+00 
layer_sizes=7 5 2 
scale_included=0
neurons (num_inputs, activation_function, activation_steepness)=(0, 0, 0.00000000000000000000e+00) (0, 0, 0.00000000000000000000e+00) (0, 0, 0.00000000000000000000e+00) (0, 0, 0.00000000000000000000e+00) (0, 0, 0.00000000000000000000e+00) (0, 0, 0.00000000000000000000e+00) (0, 0, 0.00000000000000000000e+00) (7, 3, 5.00000000000000000000e-01) (7, 3, 5.00000000000000000000e-01) (7, 3, 5.00000000000000000000e-01) (7, 3, 5.00000000000000000000e-01) (0, 3, 0.00000000000000000000e+00) (5, 3, 5.00000000000000000000e-01) (0, 3, 0.00000000000000000000e+00) 
connections (connected_to_neuron, weight)=(0, -1.09647285938262939453e+00) (1, 2.39002013206481933594e+00) (2, -5.48439645767211914062e+00) (3, -4.06438016891479492188e+00) (4, -9.63974416255950927734e-01) (5, 5.93095350265502929688e+00) (6, -2.11002445220947265625e+00) (0, 1.31364593505859375000e+01) (1, -1.38781156539916992188e+01) (2, 3.42474913597106933594e+00) (3, -1.92545688152313232422e+00) (4, -9.43938016891479492188e-01) (5, -3.04624748229980468750e+00) (6, 4.32866811752319335938e+00) (0, -9.78255176544189453125e+00) (1, 8.16577434539794921875e+00) (2, -2.59690690040588378906e+00) (3, -1.82452428340911865234e+00) (4, -7.88527429103851318359e-01) (5, -5.53322887420654296875e+00) (6, 1.62015545368194580078e+00) (0, -6.09748697280883789062e+00) (1, -8.10088920593261718750e+00) (2, -6.48453855514526367188e+00) (3, -3.74640607833862304688e+00) (4, 1.47079896926879882812e+00) (5, 1.05199842453002929688e+01) (6, 3.35923814773559570312e+00) (7, -2.22602653503417968750e+00) (8, -2.43220782279968261719e+00) (9, -5.50587606430053710938e+00) (10, -1.65112614631652832031e+00) (11, 1.62555754184722900391e+00) 
