FANN_FLO_2.1
num_layers=3
learning_rate=0.400000
connection_rate=1.000000
network_type=0
learning_momentum=0.000000
training_algorithm=2
train_error_function=1
train_stop_function=0
cascade_output_change_fraction=0.010000
quickprop_decay=-0.000100
quickprop_mu=1.750000
rprop_increase_factor=1.200000
rprop_decrease_factor=0.500000
rprop_delta_min=0.000000
rprop_delta_max=50.000000
rprop_delta_zero=0.100000
cascade_output_stagnation_epochs=12
cascade_candidate_change_fraction=0.010000
cascade_candidate_stagnation_epochs=12
cascade_max_out_epochs=150
cascade_min_out_epochs=50
cascade_max_cand_epochs=150
cascade_min_cand_epochs=50
cascade_num_candidate_groups=2
bit_fail_limit=3.49999994039535522461e-01
cascade_candidate_limit=1.00000000000000000000e+03
cascade_weight_multiplier=4.00000005960464477539e-01
cascade_activation_functions_count=10
cascade_activation_functions=3 5 7 8 10 11 14 15 16 17 
cascade_activation_steepnesses_count=4
cascade_activation_steepnesses=2.50000000000000000000e-01 5.00000000000000000000e-01 7.50000000000000000000e-01 1.00000000000000000000e+00 
layer_sizes=19 3 3 
scale_included=0
neurons (num_inputs, activation_function, activation_steepness)=(0, 0, 0.00000000000000000000e+00) (0, 0, 0.00000000000000000000e+00) (0, 0, 0.00000000000000000000e+00) (0, 0, 0.00000000000000000000e+00) (0, 0, 0.00000000000000000000e+00) (0, 0, 0.00000000000000000000e+00) (0, 0, 0.00000000000000000000e+00) (0, 0, 0.00000000000000000000e+00) (0, 0, 0.00000000000000000000e+00) (0, 0, 0.00000000000000000000e+00) (0, 0, 0.00000000000000000000e+00) (0, 0, 0.00000000000000000000e+00) (0, 0, 0.00000000000000000000e+00) (0, 0, 0.00000000000000000000e+00) (0, 0, 0.00000000000000000000e+00) (0, 0, 0.00000000000000000000e+00) (0, 0, 0.00000000000000000000e+00) (0, 0, 0.00000000000000000000e+00) (0, 0, 0.00000000000000000000e+00) (19, 3, 5.00000000000000000000e-01) (19, 3, 5.00000000000000000000e-01) (0, 3, 0.00000000000000000000e+00) (3, 3, 5.00000000000000000000e-01) (3, 3, 5.00000000000000000000e-01) (0, 3, 0.00000000000000000000e+00) 
connections (connected_to_neuron, weight)=(0, 2.19758582115173339844e+00) (1, -5.98881912231445312500e+00) (2, -4.30332541465759277344e-01) (3, -3.21588426828384399414e-01) (4, -4.00195741653442382812e+00) (5, -8.64464461803436279297e-01) (6, -5.03193140029907226562e-01) (7, -3.95949029922485351562e+00) (8, -6.21930599212646484375e+00) (9, 1.09858953952789306641e+00) (10, -1.47477909922599792480e-01) (11, 4.72064542770385742188e+00) (12, 4.98715713620185852051e-02) (13, 2.55322623252868652344e+00) (14, 4.92037057876586914062e-01) (15, 7.09790527820587158203e-01) (16, 6.55792379379272460938e+00) (17, 1.59297978878021240234e+00) (18, -2.69197583198547363281e+00) (0, -4.88632059097290039062e+00) (1, 1.76629543304443359375e+01) (2, -1.60971856117248535156e+00) (3, 2.12216639518737792969e+00) (4, 6.20332717895507812500e+00) (5, -1.23286271095275878906e+00) (6, 3.07104635238647460938e+00) (7, 6.25393962860107421875e+00) (8, 2.01174869537353515625e+01) (9, -1.10365068912506103516e+00) (10, 2.97139763832092285156e+00) (11, -1.55491342544555664062e+01) (12, 2.39056214690208435059e-01) (13, -3.30289363861083984375e+00) (14, 5.57096576690673828125e+00) (15, -9.55854952335357666016e-01) (16, -2.08905639648437500000e+01) (17, -2.79200172424316406250e+00) (18, 2.23915767669677734375e+00) (19, -2.56765007972717285156e+00) (20, -1.84133410453796386719e+00) (21, 1.29085183143615722656e+00) (19, 2.55259728431701660156e+00) (20, 1.83332777023315429688e+00) (21, -1.28196847438812255859e+00) 
