FANN_FLO_2.1
num_layers=3
learning_rate=0.400000
connection_rate=1.000000
network_type=0
learning_momentum=0.000000
training_algorithm=2
train_error_function=1
train_stop_function=0
cascade_output_change_fraction=0.010000
quickprop_decay=-0.000100
quickprop_mu=1.750000
rprop_increase_factor=1.200000
rprop_decrease_factor=0.500000
rprop_delta_min=0.000000
rprop_delta_max=50.000000
rprop_delta_zero=0.100000
cascade_output_stagnation_epochs=12
cascade_candidate_change_fraction=0.010000
cascade_candidate_stagnation_epochs=12
cascade_max_out_epochs=150
cascade_min_out_epochs=50
cascade_max_cand_epochs=150
cascade_min_cand_epochs=50
cascade_num_candidate_groups=2
bit_fail_limit=3.49999994039535522461e-01
cascade_candidate_limit=1.00000000000000000000e+03
cascade_weight_multiplier=4.00000005960464477539e-01
cascade_activation_functions_count=10
cascade_activation_functions=3 5 7 8 10 11 14 15 16 17 
cascade_activation_steepnesses_count=4
cascade_activation_steepnesses=2.50000000000000000000e-01 5.00000000000000000000e-01 7.50000000000000000000e-01 1.00000000000000000000e+00 
layer_sizes=7 5 2 
scale_included=0
neurons (num_inputs, activation_function, activation_steepness)=(0, 0, 0.00000000000000000000e+00) (0, 0, 0.00000000000000000000e+00) (0, 0, 0.00000000000000000000e+00) (0, 0, 0.00000000000000000000e+00) (0, 0, 0.00000000000000000000e+00) (0, 0, 0.00000000000000000000e+00) (0, 0, 0.00000000000000000000e+00) (7, 3, 5.00000000000000000000e-01) (7, 3, 5.00000000000000000000e-01) (7, 3, 5.00000000000000000000e-01) (7, 3, 5.00000000000000000000e-01) (0, 3, 0.00000000000000000000e+00) (5, 3, 5.00000000000000000000e-01) (0, 3, 0.00000000000000000000e+00) 
connections (connected_to_neuron, weight)=(0, 6.79955720901489257812e+00) (1, 2.36097502708435058594e+00) (2, 2.11659169197082519531e+00) (3, -4.22033023834228515625e+00) (4, -2.96013498306274414062e+00) (5, -1.95009160041809082031e+00) (6, 3.07344460487365722656e+00) (0, -1.82595074176788330078e+00) (1, -1.13558042049407958984e+00) (2, 2.82710939645767211914e-01) (3, 1.75566434860229492188e-01) (4, 6.50359106063842773438e+00) (5, -2.87678807973861694336e-01) (6, -1.70977985858917236328e+00) (0, 5.38837850093841552734e-01) (1, 1.83447122573852539062e+00) (2, 3.95651626586914062500e+00) (3, -4.05358600616455078125e+00) (4, 1.38470067977905273438e+01) (5, -1.20753765106201171875e+01) (6, 1.62052965164184570312e+00) (0, -8.06640744209289550781e-01) (1, -7.47033357620239257812e-01) (2, 2.63619112968444824219e+00) (3, 7.95262753963470458984e-01) (4, 4.01696825027465820312e+00) (5, -7.37259984016418457031e-01) (6, -4.18437385559082031250e+00) (7, -2.21192622184753417969e+00) (8, 2.66775059700012207031e+00) (9, -2.09191775321960449219e+00) (10, 2.06478977203369140625e+00) (11, 7.53741025924682617188e-01) 
