FANN_FLO_2.1
num_layers=4
learning_rate=0.400000
connection_rate=1.000000
network_type=0
learning_momentum=0.000000
training_algorithm=2
train_error_function=1
train_stop_function=0
cascade_output_change_fraction=0.010000
quickprop_decay=-0.000100
quickprop_mu=1.750000
rprop_increase_factor=1.200000
rprop_decrease_factor=0.500000
rprop_delta_min=0.000000
rprop_delta_max=50.000000
rprop_delta_zero=0.100000
cascade_output_stagnation_epochs=12
cascade_candidate_change_fraction=0.010000
cascade_candidate_stagnation_epochs=12
cascade_max_out_epochs=150
cascade_min_out_epochs=50
cascade_max_cand_epochs=150
cascade_min_cand_epochs=50
cascade_num_candidate_groups=2
bit_fail_limit=3.49999994039535522461e-01
cascade_candidate_limit=1.00000000000000000000e+03
cascade_weight_multiplier=4.00000005960464477539e-01
cascade_activation_functions_count=10
cascade_activation_functions=3 5 7 8 10 11 14 15 16 17 
cascade_activation_steepnesses_count=4
cascade_activation_steepnesses=2.50000000000000000000e-01 5.00000000000000000000e-01 7.50000000000000000000e-01 1.00000000000000000000e+00 
layer_sizes=7 5 3 2 
scale_included=0
neurons (num_inputs, activation_function, activation_steepness)=(0, 0, 0.00000000000000000000e+00) (0, 0, 0.00000000000000000000e+00) (0, 0, 0.00000000000000000000e+00) (0, 0, 0.00000000000000000000e+00) (0, 0, 0.00000000000000000000e+00) (0, 0, 0.00000000000000000000e+00) (0, 0, 0.00000000000000000000e+00) (7, 3, 5.00000000000000000000e-01) (7, 3, 5.00000000000000000000e-01) (7, 3, 5.00000000000000000000e-01) (7, 3, 5.00000000000000000000e-01) (0, 3, 0.00000000000000000000e+00) (5, 3, 5.00000000000000000000e-01) (5, 3, 5.00000000000000000000e-01) (0, 3, 0.00000000000000000000e+00) (3, 3, 5.00000000000000000000e-01) (0, 3, 0.00000000000000000000e+00) 
connections (connected_to_neuron, weight)=(0, -2.49448181152343750000e+02) (1, -4.47108032226562500000e+02) (2, -3.60515258789062500000e+02) (3, 5.41846679687500000000e+02) (4, 5.26108970642089843750e+01) (5, -1.42714462280273437500e+02) (6, -2.36704921722412109375e+01) (0, -3.33077621459960937500e+00) (1, 3.56158763170242309570e-01) (2, -2.45778541564941406250e+01) (3, -2.57238864898681640625e+00) (4, -4.39815640449523925781e-01) (5, 4.94784593582153320312e+00) (6, 1.38923609256744384766e+00) (0, 1.71842498779296875000e+01) (1, -1.63457698822021484375e+01) (2, 1.20830192565917968750e+02) (3, -9.86807048320770263672e-01) (4, -2.87610143423080444336e-01) (5, -1.17792816162109375000e+01) (6, 2.11899018287658691406e+00) (0, -3.67887282371520996094e+00) (1, 3.01063084602355957031e+00) (2, 7.36023068428039550781e-01) (3, -1.08630931377410888672e+00) (4, -5.11362254619598388672e-01) (5, -7.17695474624633789062e+00) (6, 1.97534173727035522461e-01) (7, 3.15893515944480895996e-02) (8, 7.63350546360015869141e-01) (9, 1.50000000000000000000e+03) (10, 1.20853015136718750000e+03) (11, -3.51635003089904785156e+00) (7, 3.15893515944480895996e-02) (8, 6.51838779449462890625e+00) (9, 1.81864798069000244141e+00) (10, 1.02932214736938476562e+01) (11, -5.64581012725830078125e+00) (12, -1.57837593555450439453e+00) (13, -4.31580257415771484375e+00) (14, 6.89576864242553710938e-01) 
