FANN_FLO_2.1
num_layers=3
learning_rate=0.400000
connection_rate=1.000000
network_type=0
learning_momentum=0.000000
training_algorithm=2
train_error_function=1
train_stop_function=0
cascade_output_change_fraction=0.010000
quickprop_decay=-0.000100
quickprop_mu=1.750000
rprop_increase_factor=1.200000
rprop_decrease_factor=0.500000
rprop_delta_min=0.000000
rprop_delta_max=50.000000
rprop_delta_zero=0.100000
cascade_output_stagnation_epochs=12
cascade_candidate_change_fraction=0.010000
cascade_candidate_stagnation_epochs=12
cascade_max_out_epochs=150
cascade_min_out_epochs=50
cascade_max_cand_epochs=150
cascade_min_cand_epochs=50
cascade_num_candidate_groups=2
bit_fail_limit=3.49999994039535522461e-01
cascade_candidate_limit=1.00000000000000000000e+03
cascade_weight_multiplier=4.00000005960464477539e-01
cascade_activation_functions_count=10
cascade_activation_functions=3 5 7 8 10 11 14 15 16 17 
cascade_activation_steepnesses_count=4
cascade_activation_steepnesses=2.50000000000000000000e-01 5.00000000000000000000e-01 7.50000000000000000000e-01 1.00000000000000000000e+00 
layer_sizes=7 5 2 
scale_included=0
neurons (num_inputs, activation_function, activation_steepness)=(0, 0, 0.00000000000000000000e+00) (0, 0, 0.00000000000000000000e+00) (0, 0, 0.00000000000000000000e+00) (0, 0, 0.00000000000000000000e+00) (0, 0, 0.00000000000000000000e+00) (0, 0, 0.00000000000000000000e+00) (0, 0, 0.00000000000000000000e+00) (7, 3, 5.00000000000000000000e-01) (7, 3, 5.00000000000000000000e-01) (7, 3, 5.00000000000000000000e-01) (7, 3, 5.00000000000000000000e-01) (0, 3, 0.00000000000000000000e+00) (5, 3, 5.00000000000000000000e-01) (0, 3, 0.00000000000000000000e+00) 
connections (connected_to_neuron, weight)=(0, -7.29655218124389648438e+00) (1, -1.53507441282272338867e-01) (2, 3.02113437652587890625e+00) (3, 1.16334791183471679688e+01) (4, -1.21745433807373046875e+01) (5, 2.69244885444641113281e+00) (6, 7.34443962574005126953e-01) (0, -1.91203451156616210938e+00) (1, -1.69535934925079345703e+00) (2, -2.18278336524963378906e+00) (3, 1.27013254165649414062e+00) (4, 1.43510651588439941406e+00) (5, 3.86703133583068847656e+00) (6, -2.92384052276611328125e+00) (0, 9.21594238281250000000e+00) (1, 2.94849395751953125000e+00) (2, -2.29580235481262207031e+00) (3, -1.62258892059326171875e+01) (4, 3.54798054695129394531e+00) (5, -2.49769639968872070312e+00) (6, 5.65408468246459960938e+00) (0, -2.61877465248107910156e+00) (1, 1.24619996547698974609e+00) (2, -1.56317234039306640625e+01) (3, 8.54914963245391845703e-01) (4, 3.13377118110656738281e+00) (5, 1.62116012573242187500e+01) (6, 3.67262434959411621094e+00) (7, -2.40049982070922851562e+00) (8, 4.42693948745727539062e+00) (9, -1.88769066333770751953e+00) (10, -7.19007730484008789062e-01) (11, 1.97347033023834228516e+00) 
