FANN_FLO_2.1
num_layers=4
learning_rate=0.500000
connection_rate=1.000000
network_type=0
learning_momentum=0.000000
training_algorithm=2
train_error_function=1
train_stop_function=0
cascade_output_change_fraction=0.010000
quickprop_decay=-0.000100
quickprop_mu=1.750000
rprop_increase_factor=1.200000
rprop_decrease_factor=0.500000
rprop_delta_min=0.000000
rprop_delta_max=50.000000
rprop_delta_zero=0.100000
cascade_output_stagnation_epochs=12
cascade_candidate_change_fraction=0.010000
cascade_candidate_stagnation_epochs=12
cascade_max_out_epochs=150
cascade_min_out_epochs=50
cascade_max_cand_epochs=150
cascade_min_cand_epochs=50
cascade_num_candidate_groups=2
bit_fail_limit=3.49999994039535522461e-01
cascade_candidate_limit=1.00000000000000000000e+03
cascade_weight_multiplier=4.00000005960464477539e-01
cascade_activation_functions_count=10
cascade_activation_functions=3 5 7 8 10 11 14 15 16 17 
cascade_activation_steepnesses_count=4
cascade_activation_steepnesses=2.50000000000000000000e-01 5.00000000000000000000e-01 7.50000000000000000000e-01 1.00000000000000000000e+00 
layer_sizes=2 5 3 3 
scale_included=0
neurons (num_inputs, activation_function, activation_steepness)=(0, 0, 0.00000000000000000000e+00) (0, 0, 0.00000000000000000000e+00) (2, 3, 5.00000000000000000000e-01) (2, 3, 5.00000000000000000000e-01) (2, 3, 5.00000000000000000000e-01) (2, 3, 5.00000000000000000000e-01) (0, 3, 0.00000000000000000000e+00) (5, 3, 5.00000000000000000000e-01) (5, 3, 5.00000000000000000000e-01) (0, 3, 0.00000000000000000000e+00) (3, 0, 5.00000000000000000000e-01) (3, 0, 5.00000000000000000000e-01) (0, 0, 0.00000000000000000000e+00) 
connections (connected_to_neuron, weight)=(0, 3.57381706237792968750e+01) (1, -3.55630993843078613281e+00) (0, -1.50000000000000000000e+03) (1, 4.22873687744140625000e+01) (0, -1.50000000000000000000e+03) (1, 4.25819702148437500000e+01) (0, 1.48148517608642578125e+01) (1, -5.28847312927246093750e+00) (2, 1.70788776874542236328e+00) (3, -3.04553985595703125000e-01) (4, -8.70635658502578735352e-02) (5, -3.73623371124267578125e+00) (6, 9.24647033214569091797e-01) (2, 1.97513353824615478516e+00) (3, -1.50000000000000000000e+03) (4, -1.50000000000000000000e+03) (5, 8.80290985107421875000e+00) (6, -2.31934237480163574219e+00) (7, -3.76707744598388671875e+00) (8, -1.41087007522583007812e+00) (9, 2.38736605644226074219e+00) (7, 2.37272858619689941406e+00) (8, -3.37401676177978515625e+00) (9, 4.82159644365310668945e-01) 
