FANN_FLO_2.1
num_layers=4
learning_rate=0.400000
connection_rate=1.000000
network_type=0
learning_momentum=0.000000
training_algorithm=2
train_error_function=1
train_stop_function=0
cascade_output_change_fraction=0.010000
quickprop_decay=-0.000100
quickprop_mu=1.750000
rprop_increase_factor=1.200000
rprop_decrease_factor=0.500000
rprop_delta_min=0.000000
rprop_delta_max=50.000000
rprop_delta_zero=0.100000
cascade_output_stagnation_epochs=12
cascade_candidate_change_fraction=0.010000
cascade_candidate_stagnation_epochs=12
cascade_max_out_epochs=150
cascade_min_out_epochs=50
cascade_max_cand_epochs=150
cascade_min_cand_epochs=50
cascade_num_candidate_groups=2
bit_fail_limit=3.49999994039535522461e-01
cascade_candidate_limit=1.00000000000000000000e+03
cascade_weight_multiplier=4.00000005960464477539e-01
cascade_activation_functions_count=10
cascade_activation_functions=3 5 7 8 10 11 14 15 16 17 
cascade_activation_steepnesses_count=4
cascade_activation_steepnesses=2.50000000000000000000e-01 5.00000000000000000000e-01 7.50000000000000000000e-01 1.00000000000000000000e+00 
layer_sizes=7 5 5 2 
scale_included=0
neurons (num_inputs, activation_function, activation_steepness)=(0, 0, 0.00000000000000000000e+00) (0, 0, 0.00000000000000000000e+00) (0, 0, 0.00000000000000000000e+00) (0, 0, 0.00000000000000000000e+00) (0, 0, 0.00000000000000000000e+00) (0, 0, 0.00000000000000000000e+00) (0, 0, 0.00000000000000000000e+00) (7, 3, 5.00000000000000000000e-01) (7, 3, 5.00000000000000000000e-01) (7, 3, 5.00000000000000000000e-01) (7, 3, 5.00000000000000000000e-01) (0, 3, 0.00000000000000000000e+00) (5, 3, 5.00000000000000000000e-01) (5, 3, 5.00000000000000000000e-01) (5, 3, 5.00000000000000000000e-01) (5, 3, 5.00000000000000000000e-01) (0, 3, 0.00000000000000000000e+00) (5, 3, 5.00000000000000000000e-01) (0, 3, 0.00000000000000000000e+00) 
connections (connected_to_neuron, weight)=(0, -8.61573410034179687500e+00) (1, 6.52841663360595703125e+00) (2, 3.26980680227279663086e-01) (3, -3.35911130905151367188e+00) (4, -1.34555292129516601562e+00) (5, -6.62710809707641601562e+00) (6, 2.83704900741577148438e+00) (0, -2.46344113349914550781e+00) (1, -2.23265361785888671875e+00) (2, 9.79786109924316406250e+00) (3, -1.30490150451660156250e+01) (4, -2.40799379348754882812e+00) (5, 9.48320007324218750000e+00) (6, -3.25233578681945800781e-01) (0, 8.29183387756347656250e+00) (1, -1.00936861038208007812e+01) (2, -5.24038314819335937500e-01) (3, -6.43403196334838867188e+00) (4, 1.45715391635894775391e+00) (5, -3.39416217803955078125e+00) (6, 3.38086555711925029755e-03) (0, 6.84210491180419921875e+00) (1, -7.45041656494140625000e+00) (2, -1.00038256496191024780e-02) (3, -1.54039311408996582031e+00) (4, -3.28325957059860229492e-01) (5, 3.17083692550659179688e+00) (6, -3.27811741828918457031e+00) (7, 6.42947340011596679688e+00) (8, -4.36466979980468750000e+00) (9, 6.95760774612426757812e+00) (10, 2.25788650512695312500e+01) (11, -2.28537678718566894531e+00) (7, 9.58667278289794921875e+00) (8, 1.07772512435913085938e+01) (9, -1.68047962188720703125e+01) (10, -1.17094266414642333984e+00) (11, -2.63079762458801269531e+00) (7, 3.35059432983398437500e+01) (8, -6.98337097167968750000e+01) (9, -8.85762023925781250000e+01) (10, 1.49999536132812500000e+03) (11, -1.43514013290405273438e+00) (7, 2.91814823150634765625e+01) (8, 6.97624206542968750000e+02) (9, -8.80876617431640625000e+01) (10, 1.48797241210937500000e+03) (11, 6.09498023986816406250e-01) (12, -1.82321166992187500000e+00) (13, -1.53351414203643798828e+00) (14, -3.42307209968566894531e-01) (15, -4.29578542709350585938e-01) (16, 4.45699281990528106689e-02) 
