FANN_FLO_2.1
num_layers=3
learning_rate=0.400000
connection_rate=1.000000
network_type=0
learning_momentum=0.000000
training_algorithm=2
train_error_function=1
train_stop_function=0
cascade_output_change_fraction=0.010000
quickprop_decay=-0.000100
quickprop_mu=1.750000
rprop_increase_factor=1.200000
rprop_decrease_factor=0.500000
rprop_delta_min=0.000000
rprop_delta_max=50.000000
rprop_delta_zero=0.100000
cascade_output_stagnation_epochs=12
cascade_candidate_change_fraction=0.010000
cascade_candidate_stagnation_epochs=12
cascade_max_out_epochs=150
cascade_min_out_epochs=50
cascade_max_cand_epochs=150
cascade_min_cand_epochs=50
cascade_num_candidate_groups=2
bit_fail_limit=3.49999994039535522461e-01
cascade_candidate_limit=1.00000000000000000000e+03
cascade_weight_multiplier=4.00000005960464477539e-01
cascade_activation_functions_count=10
cascade_activation_functions=3 5 7 8 10 11 14 15 16 17 
cascade_activation_steepnesses_count=4
cascade_activation_steepnesses=2.50000000000000000000e-01 5.00000000000000000000e-01 7.50000000000000000000e-01 1.00000000000000000000e+00 
layer_sizes=7 5 2 
scale_included=0
neurons (num_inputs, activation_function, activation_steepness)=(0, 0, 0.00000000000000000000e+00) (0, 0, 0.00000000000000000000e+00) (0, 0, 0.00000000000000000000e+00) (0, 0, 0.00000000000000000000e+00) (0, 0, 0.00000000000000000000e+00) (0, 0, 0.00000000000000000000e+00) (0, 0, 0.00000000000000000000e+00) (7, 3, 5.00000000000000000000e-01) (7, 3, 5.00000000000000000000e-01) (7, 3, 5.00000000000000000000e-01) (7, 3, 5.00000000000000000000e-01) (0, 3, 0.00000000000000000000e+00) (5, 3, 5.00000000000000000000e-01) (0, 3, 0.00000000000000000000e+00) 
connections (connected_to_neuron, weight)=(0, -1.38678035736083984375e+01) (1, 1.17467937469482421875e+01) (2, -3.83956885337829589844e+00) (3, -2.85024309158325195312e+00) (4, -1.11080098152160644531e+00) (5, 3.28186488151550292969e+00) (6, 2.29303860664367675781e+00) (0, -7.12061691284179687500e+00) (1, -9.66076493263244628906e-01) (2, 4.50616035461425781250e+01) (3, 1.79763793945312500000e+00) (4, -3.91469025611877441406e+00) (5, 4.65390491485595703125e+00) (6, 3.88944315910339355469e+00) (0, -1.51706457138061523438e+00) (1, -6.76152706146240234375e-01) (2, -1.26039190292358398438e+01) (3, -8.99758815765380859375e+00) (4, -3.88474345207214355469e+00) (5, -8.31942081451416015625e-01) (6, 9.79563522338867187500e+00) (0, 1.41621942520141601562e+01) (1, -1.42792224884033203125e+01) (2, 7.44828462600708007812e+00) (3, -1.18831241130828857422e+00) (4, 1.69819906353950500488e-01) (5, -4.40155220031738281250e+00) (6, 4.51925325393676757812e+00) (7, -4.09958362579345703125e+00) (8, -2.22216367721557617188e-01) (9, -5.09976804256439208984e-01) (10, -4.36846351623535156250e+00) (11, 3.40636563301086425781e+00) 
