FANN_FLO_2.1
num_layers=3
learning_rate=0.400000
connection_rate=1.000000
network_type=0
learning_momentum=0.000000
training_algorithm=2
train_error_function=1
train_stop_function=0
cascade_output_change_fraction=0.010000
quickprop_decay=-0.000100
quickprop_mu=1.750000
rprop_increase_factor=1.200000
rprop_decrease_factor=0.500000
rprop_delta_min=0.000000
rprop_delta_max=50.000000
rprop_delta_zero=0.100000
cascade_output_stagnation_epochs=12
cascade_candidate_change_fraction=0.010000
cascade_candidate_stagnation_epochs=12
cascade_max_out_epochs=150
cascade_min_out_epochs=50
cascade_max_cand_epochs=150
cascade_min_cand_epochs=50
cascade_num_candidate_groups=2
bit_fail_limit=3.49999994039535522461e-01
cascade_candidate_limit=1.00000000000000000000e+03
cascade_weight_multiplier=4.00000005960464477539e-01
cascade_activation_functions_count=10
cascade_activation_functions=3 5 7 8 10 11 14 15 16 17 
cascade_activation_steepnesses_count=4
cascade_activation_steepnesses=2.50000000000000000000e-01 5.00000000000000000000e-01 7.50000000000000000000e-01 1.00000000000000000000e+00 
layer_sizes=7 9 2 
scale_included=0
neurons (num_inputs, activation_function, activation_steepness)=(0, 0, 0.00000000000000000000e+00) (0, 0, 0.00000000000000000000e+00) (0, 0, 0.00000000000000000000e+00) (0, 0, 0.00000000000000000000e+00) (0, 0, 0.00000000000000000000e+00) (0, 0, 0.00000000000000000000e+00) (0, 0, 0.00000000000000000000e+00) (7, 3, 5.00000000000000000000e-01) (7, 3, 5.00000000000000000000e-01) (7, 3, 5.00000000000000000000e-01) (7, 3, 5.00000000000000000000e-01) (7, 3, 5.00000000000000000000e-01) (7, 3, 5.00000000000000000000e-01) (7, 3, 5.00000000000000000000e-01) (7, 3, 5.00000000000000000000e-01) (0, 3, 0.00000000000000000000e+00) (9, 3, 5.00000000000000000000e-01) (0, 3, 0.00000000000000000000e+00) 
connections (connected_to_neuron, weight)=(0, -4.34538459777832031250e+00) (1, -2.60984730720520019531e+00) (2, -2.40298628807067871094e+00) (3, 1.83476078510284423828e+00) (4, 1.53199028968811035156e+00) (5, 7.15834975242614746094e-01) (6, 9.83576774597167968750e-02) (0, 9.13008630275726318359e-01) (1, 8.26590299606323242188e-01) (2, -5.76913785934448242188e+00) (3, 3.33579897880554199219e-01) (4, -1.41553711891174316406e+00) (5, 1.01077518463134765625e+01) (6, 3.49340587854385375977e-01) (0, 3.68771940469741821289e-01) (1, 3.18125426769256591797e-01) (2, -3.19249081611633300781e+00) (3, 5.20720779895782470703e-01) (4, -4.64813423156738281250e+00) (5, 6.95390081405639648438e+00) (6, 1.80718553066253662109e+00) (0, 9.91192519664764404297e-01) (1, 5.95950365066528320312e-01) (2, -1.12130165100097656250e+00) (3, -4.49369579553604125977e-01) (4, -3.70947003364562988281e+00) (5, 4.84723901748657226562e+00) (6, 1.90531730651855468750e+00) (0, 2.79743218421936035156e+00) (1, -2.74810123443603515625e+00) (2, -1.59806072711944580078e+00) (3, 3.07615303993225097656e+00) (4, -3.07518100738525390625e+00) (5, 8.73148059844970703125e+00) (6, -5.28076505661010742188e+00) (0, 4.45189923048019409180e-01) (1, 6.88137948513031005859e-01) (2, -2.43527650833129882812e+00) (3, -6.28316223621368408203e-01) (4, -3.21356081962585449219e+00) (5, 5.98720836639404296875e+00) (6, 1.44679784774780273438e+00) (0, 7.84925341606140136719e-01) (1, 7.82037198543548583984e-01) (2, -7.84293603897094726562e+00) (3, 3.30702853202819824219e+00) (4, -1.32627570629119873047e+00) (5, 1.11025829315185546875e+01) (6, 3.37522894144058227539e-01) (0, 3.72842001914978027344e+00) (1, -2.22892999649047851562e-01) (2, -1.00443851947784423828e+00) (3, -1.13822698593139648438e-01) (4, 3.86581325531005859375e+00) (5, -1.30510449409484863281e+00) (6, -1.45817291736602783203e+00) (7, 3.71643590927124023438e+00) (8, -8.46869528293609619141e-01) (9, -7.19150245189666748047e-01) (10, -6.32947087287902832031e-01) (11, 2.99532580375671386719e+00) (12, -6.19274497032165527344e-01) (13, -9.91227626800537109375e-01) (14, 1.15573704242706298828e+00) (15, -2.22463831305503845215e-02) 
