FANN_FLO_2.1
num_layers=4
learning_rate=0.500000
connection_rate=1.000000
network_type=0
learning_momentum=0.000000
training_algorithm=2
train_error_function=1
train_stop_function=0
cascade_output_change_fraction=0.010000
quickprop_decay=-0.000100
quickprop_mu=1.750000
rprop_increase_factor=1.200000
rprop_decrease_factor=0.500000
rprop_delta_min=0.000000
rprop_delta_max=50.000000
rprop_delta_zero=0.100000
cascade_output_stagnation_epochs=12
cascade_candidate_change_fraction=0.010000
cascade_candidate_stagnation_epochs=12
cascade_max_out_epochs=150
cascade_min_out_epochs=50
cascade_max_cand_epochs=150
cascade_min_cand_epochs=50
cascade_num_candidate_groups=2
bit_fail_limit=3.49999994039535522461e-01
cascade_candidate_limit=1.00000000000000000000e+03
cascade_weight_multiplier=4.00000005960464477539e-01
cascade_activation_functions_count=10
cascade_activation_functions=3 5 7 8 10 11 14 15 16 17 
cascade_activation_steepnesses_count=4
cascade_activation_steepnesses=2.50000000000000000000e-01 5.00000000000000000000e-01 7.50000000000000000000e-01 1.00000000000000000000e+00 
layer_sizes=2 5 5 3 
scale_included=0
neurons (num_inputs, activation_function, activation_steepness)=(0, 0, 0.00000000000000000000e+00) (0, 0, 0.00000000000000000000e+00) (2, 3, 5.00000000000000000000e-01) (2, 3, 5.00000000000000000000e-01) (2, 3, 5.00000000000000000000e-01) (2, 3, 5.00000000000000000000e-01) (0, 3, 0.00000000000000000000e+00) (5, 3, 5.00000000000000000000e-01) (5, 3, 5.00000000000000000000e-01) (5, 3, 5.00000000000000000000e-01) (5, 3, 5.00000000000000000000e-01) (0, 3, 0.00000000000000000000e+00) (5, 0, 5.00000000000000000000e-01) (5, 0, 5.00000000000000000000e-01) (0, 0, 0.00000000000000000000e+00) 
connections (connected_to_neuron, weight)=(0, -9.16073417663574218750e+00) (1, 1.16059005260467529297e-01) (0, -4.90908890962600708008e-01) (1, 3.62229019403457641602e-01) (0, -6.12368917465209960938e+00) (1, 8.52112352848052978516e-01) (0, -6.06454801559448242188e+00) (1, 7.15648353099822998047e-01) (2, -3.10554170608520507812e+00) (3, -3.96464645862579345703e-01) (4, -2.26237893104553222656e+00) (5, -2.54627990722656250000e+00) (6, 4.02572202682495117188e+00) (2, -1.28337926864624023438e+01) (3, 2.13936471939086914062e+00) (4, 2.76452159881591796875e+00) (5, 4.91555750370025634766e-01) (6, 3.01444315910339355469e+00) (2, 9.52598667144775390625e+00) (3, -2.03364467620849609375e+00) (4, -6.26623296737670898438e+00) (5, -6.30010700225830078125e+00) (6, 1.84560501575469970703e+00) (2, 1.04377565383911132812e+01) (3, -7.09980726242065429688e+00) (4, 3.67018771171569824219e+00) (5, 5.66282510757446289062e+00) (6, 3.60403209924697875977e-01) (7, -2.91325712203979492188e+00) (8, -3.70253503322601318359e-01) (9, 7.27743864059448242188e+00) (10, 5.32162845134735107422e-01) (11, -3.66288982331752777100e-02) (7, -2.50107765197753906250e+00) (8, 8.04672896862030029297e-01) (9, -2.60916471481323242188e+00) (10, 1.97629916667938232422e+00) (11, 4.10892784595489501953e-01) 
