FANN_FLO_2.1
num_layers=3
learning_rate=0.500000
connection_rate=1.000000
network_type=0
learning_momentum=0.000000
training_algorithm=2
train_error_function=1
train_stop_function=0
cascade_output_change_fraction=0.010000
quickprop_decay=-0.000100
quickprop_mu=1.750000
rprop_increase_factor=1.200000
rprop_decrease_factor=0.500000
rprop_delta_min=0.000000
rprop_delta_max=50.000000
rprop_delta_zero=0.100000
cascade_output_stagnation_epochs=12
cascade_candidate_change_fraction=0.010000
cascade_candidate_stagnation_epochs=12
cascade_max_out_epochs=150
cascade_min_out_epochs=50
cascade_max_cand_epochs=150
cascade_min_cand_epochs=50
cascade_num_candidate_groups=2
bit_fail_limit=3.49999994039535522461e-01
cascade_candidate_limit=1.00000000000000000000e+03
cascade_weight_multiplier=4.00000005960464477539e-01
cascade_activation_functions_count=10
cascade_activation_functions=3 5 7 8 10 11 14 15 16 17 
cascade_activation_steepnesses_count=4
cascade_activation_steepnesses=2.50000000000000000000e-01 5.00000000000000000000e-01 7.50000000000000000000e-01 1.00000000000000000000e+00 
layer_sizes=10 3 2 
scale_included=0
neurons (num_inputs, activation_function, activation_steepness)=(0, 0, 0.00000000000000000000e+00) (0, 0, 0.00000000000000000000e+00) (0, 0, 0.00000000000000000000e+00) (0, 0, 0.00000000000000000000e+00) (0, 0, 0.00000000000000000000e+00) (0, 0, 0.00000000000000000000e+00) (0, 0, 0.00000000000000000000e+00) (0, 0, 0.00000000000000000000e+00) (0, 0, 0.00000000000000000000e+00) (0, 0, 0.00000000000000000000e+00) (10, 3, 5.00000000000000000000e-01) (10, 3, 5.00000000000000000000e-01) (0, 3, 0.00000000000000000000e+00) (3, 3, 5.00000000000000000000e-01) (0, 3, 0.00000000000000000000e+00) 
connections (connected_to_neuron, weight)=(0, 4.33491802215576171875e+00) (1, 1.65558261871337890625e+01) (2, 1.33411207199096679688e+01) (3, -7.77829217910766601562e+00) (4, -9.25883483886718750000e+00) (5, 7.68190097808837890625e+00) (6, -1.10566272735595703125e+01) (7, -5.54543638229370117188e+00) (8, -9.96627390384674072266e-01) (9, -5.66297626495361328125e+00) (0, -1.30923290252685546875e+01) (1, 4.30738878250122070312e+00) (2, -2.70043373107910156250e+01) (3, -1.31694519519805908203e+00) (4, 5.19328546524047851562e+00) (5, 7.31927013397216796875e+00) (6, 1.73695430755615234375e+01) (7, 1.55262970924377441406e+00) (8, -7.30139091610908508301e-02) (9, 4.88822638988494873047e-01) (10, 2.88062357902526855469e+00) (11, 2.79004669189453125000e+00) (12, -1.90497028827667236328e+00) 
