FANN_FLO_2.1
num_layers=3
learning_rate=0.400000
connection_rate=1.000000
network_type=0
learning_momentum=0.000000
training_algorithm=2
train_error_function=1
train_stop_function=0
cascade_output_change_fraction=0.010000
quickprop_decay=-0.000100
quickprop_mu=1.750000
rprop_increase_factor=1.200000
rprop_decrease_factor=0.500000
rprop_delta_min=0.000000
rprop_delta_max=50.000000
rprop_delta_zero=0.100000
cascade_output_stagnation_epochs=12
cascade_candidate_change_fraction=0.010000
cascade_candidate_stagnation_epochs=12
cascade_max_out_epochs=150
cascade_min_out_epochs=50
cascade_max_cand_epochs=150
cascade_min_cand_epochs=50
cascade_num_candidate_groups=2
bit_fail_limit=3.49999994039535522461e-01
cascade_candidate_limit=1.00000000000000000000e+03
cascade_weight_multiplier=4.00000005960464477539e-01
cascade_activation_functions_count=10
cascade_activation_functions=3 5 7 8 10 11 14 15 16 17 
cascade_activation_steepnesses_count=4
cascade_activation_steepnesses=2.50000000000000000000e-01 5.00000000000000000000e-01 7.50000000000000000000e-01 1.00000000000000000000e+00 
layer_sizes=7 9 2 
scale_included=0
neurons (num_inputs, activation_function, activation_steepness)=(0, 0, 0.00000000000000000000e+00) (0, 0, 0.00000000000000000000e+00) (0, 0, 0.00000000000000000000e+00) (0, 0, 0.00000000000000000000e+00) (0, 0, 0.00000000000000000000e+00) (0, 0, 0.00000000000000000000e+00) (0, 0, 0.00000000000000000000e+00) (7, 3, 5.00000000000000000000e-01) (7, 3, 5.00000000000000000000e-01) (7, 3, 5.00000000000000000000e-01) (7, 3, 5.00000000000000000000e-01) (7, 3, 5.00000000000000000000e-01) (7, 3, 5.00000000000000000000e-01) (7, 3, 5.00000000000000000000e-01) (7, 3, 5.00000000000000000000e-01) (0, 3, 0.00000000000000000000e+00) (9, 3, 5.00000000000000000000e-01) (0, 3, 0.00000000000000000000e+00) 
connections (connected_to_neuron, weight)=(0, -1.07040548324584960938e+01) (1, -2.75875043869018554688e+00) (2, -1.95245242118835449219e+00) (3, 4.26970064640045166016e-01) (4, 5.90786075592041015625e+00) (5, -9.07893657684326171875e-01) (6, -1.09777104854583740234e+00) (0, 1.90906476974487304688e+00) (1, 3.26570820808410644531e+00) (2, 1.55265510082244873047e+00) (3, -1.31014847755432128906e+00) (4, 3.41710638999938964844e+00) (5, -1.07099962234497070312e+01) (6, 2.95132637023925781250e+00) (0, 2.57594728469848632812e+00) (1, 2.32421875000000000000e+00) (2, 1.73065710067749023438e+00) (3, -2.06567478179931640625e+00) (4, 5.94200706481933593750e+00) (5, -1.16660909652709960938e+01) (6, 2.96512818336486816406e+00) (0, 7.06848812103271484375e+00) (1, -2.08692789077758789062e+00) (2, -1.55952024459838867188e+00) (3, 1.54909300804138183594e+00) (4, 4.44249248504638671875e+00) (5, -1.88372206687927246094e+00) (6, -2.29209065437316894531e+00) (0, -1.68606519699096679688e+00) (1, 1.13956868648529052734e+00) (2, 2.38780927658081054688e+00) (3, 3.96198749542236328125e+00) (4, 3.50519871711730957031e+00) (5, -8.37676715850830078125e+00) (6, -1.87026166915893554688e+00) (0, 1.18456900119781494141e+00) (1, 7.10902404785156250000e+00) (2, 8.88794136047363281250e+00) (3, -5.02279758453369140625e+00) (4, 6.88063979148864746094e-01) (5, -9.99050331115722656250e+00) (6, 7.07805728912353515625e+00) (0, -2.36768126487731933594e+00) (1, -2.80532574653625488281e+00) (2, -3.90509486198425292969e+00) (3, 1.42219984531402587891e+00) (4, 1.10504877567291259766e+00) (5, 3.54611515998840332031e+00) (6, -1.12650763988494873047e+00) (0, -4.28033828735351562500e+00) (1, -4.20899438858032226562e+00) (2, -3.05491709709167480469e+00) (3, 2.14979219436645507812e+00) (4, 1.80559802055358886719e+00) (5, 2.90721297264099121094e-01) (6, -1.47140836715698242188e+00) (7, 9.09546136856079101562e-01) (8, -3.98133128881454467773e-01) (9, -2.00274610519409179688e+00) (10, 8.14667403697967529297e-01) (11, 3.08892822265625000000e+00) (12, -8.68886291980743408203e-01) (13, 1.86561930179595947266e+00) (14, 7.17062950134277343750e-01) (15, -1.36617168784141540527e-01) 
