FANN_FLO_2.1
num_layers=4
learning_rate=0.500000
connection_rate=1.000000
network_type=0
learning_momentum=0.000000
training_algorithm=2
train_error_function=1
train_stop_function=0
cascade_output_change_fraction=0.010000
quickprop_decay=-0.000100
quickprop_mu=1.750000
rprop_increase_factor=1.200000
rprop_decrease_factor=0.500000
rprop_delta_min=0.000000
rprop_delta_max=50.000000
rprop_delta_zero=0.100000
cascade_output_stagnation_epochs=12
cascade_candidate_change_fraction=0.010000
cascade_candidate_stagnation_epochs=12
cascade_max_out_epochs=150
cascade_min_out_epochs=50
cascade_max_cand_epochs=150
cascade_min_cand_epochs=50
cascade_num_candidate_groups=2
bit_fail_limit=3.49999994039535522461e-01
cascade_candidate_limit=1.00000000000000000000e+03
cascade_weight_multiplier=4.00000005960464477539e-01
cascade_activation_functions_count=10
cascade_activation_functions=3 5 7 8 10 11 14 15 16 17 
cascade_activation_steepnesses_count=4
cascade_activation_steepnesses=2.50000000000000000000e-01 5.00000000000000000000e-01 7.50000000000000000000e-01 1.00000000000000000000e+00 
layer_sizes=2 5 5 3 
scale_included=0
neurons (num_inputs, activation_function, activation_steepness)=(0, 0, 0.00000000000000000000e+00) (0, 0, 0.00000000000000000000e+00) (2, 3, 5.00000000000000000000e-01) (2, 3, 5.00000000000000000000e-01) (2, 3, 5.00000000000000000000e-01) (2, 3, 5.00000000000000000000e-01) (0, 3, 0.00000000000000000000e+00) (5, 3, 5.00000000000000000000e-01) (5, 3, 5.00000000000000000000e-01) (5, 3, 5.00000000000000000000e-01) (5, 3, 5.00000000000000000000e-01) (0, 3, 0.00000000000000000000e+00) (5, 0, 5.00000000000000000000e-01) (5, 0, 5.00000000000000000000e-01) (0, 0, 0.00000000000000000000e+00) 
connections (connected_to_neuron, weight)=(0, -1.20769252777099609375e+01) (1, 1.00542545318603515625e+00) (0, -3.80893974304199218750e+01) (1, 8.76266360282897949219e-01) (0, -8.83595848083496093750e+00) (1, 2.11251664161682128906e+00) (0, -1.19401884078979492188e+01) (1, 9.83831346035003662109e-01) (2, 1.45432424545288085938e+01) (3, -2.22301731109619140625e+01) (4, 1.80045437812805175781e+00) (5, 1.45538625717163085938e+01) (6, -4.33029222488403320312e+00) (2, -3.13124561309814453125e+00) (3, -1.28745353221893310547e+00) (4, 1.54504120349884033203e+00) (5, -3.21913456916809082031e+00) (6, 1.20745623111724853516e+00) (2, -1.35767913818359375000e+02) (3, 2.77290161132812500000e+02) (4, -3.09178638458251953125e+00) (5, -1.35704620361328125000e+02) (6, 3.60212278366088867188e+00) (2, 5.00811996459960937500e+01) (3, -9.61513977050781250000e+01) (4, 2.77504873275756835938e+00) (5, 5.00964088439941406250e+01) (6, -4.50735235214233398438e+00) (7, -2.95236289501190185547e-01) (8, -2.58652400970458984375e+00) (9, 1.34165501594543457031e+00) (10, -7.28896200656890869141e-01) (11, 8.71766269207000732422e-01) (7, 1.53883612155914306641e+00) (8, -1.97123944759368896484e+00) (9, -4.11593437194824218750e-01) (10, 9.43611383438110351562e-01) (11, -2.01625913381576538086e-01) 
