FANN_FLO_2.1
num_layers=3
learning_rate=0.400000
connection_rate=1.000000
network_type=0
learning_momentum=0.000000
training_algorithm=2
train_error_function=1
train_stop_function=0
cascade_output_change_fraction=0.010000
quickprop_decay=-0.000100
quickprop_mu=1.750000
rprop_increase_factor=1.200000
rprop_decrease_factor=0.500000
rprop_delta_min=0.000000
rprop_delta_max=50.000000
rprop_delta_zero=0.100000
cascade_output_stagnation_epochs=12
cascade_candidate_change_fraction=0.010000
cascade_candidate_stagnation_epochs=12
cascade_max_out_epochs=150
cascade_min_out_epochs=50
cascade_max_cand_epochs=150
cascade_min_cand_epochs=50
cascade_num_candidate_groups=2
bit_fail_limit=3.49999994039535522461e-01
cascade_candidate_limit=1.00000000000000000000e+03
cascade_weight_multiplier=4.00000005960464477539e-01
cascade_activation_functions_count=10
cascade_activation_functions=3 5 7 8 10 11 14 15 16 17 
cascade_activation_steepnesses_count=4
cascade_activation_steepnesses=2.50000000000000000000e-01 5.00000000000000000000e-01 7.50000000000000000000e-01 1.00000000000000000000e+00 
layer_sizes=7 9 2 
scale_included=0
neurons (num_inputs, activation_function, activation_steepness)=(0, 0, 0.00000000000000000000e+00) (0, 0, 0.00000000000000000000e+00) (0, 0, 0.00000000000000000000e+00) (0, 0, 0.00000000000000000000e+00) (0, 0, 0.00000000000000000000e+00) (0, 0, 0.00000000000000000000e+00) (0, 0, 0.00000000000000000000e+00) (7, 3, 5.00000000000000000000e-01) (7, 3, 5.00000000000000000000e-01) (7, 3, 5.00000000000000000000e-01) (7, 3, 5.00000000000000000000e-01) (7, 3, 5.00000000000000000000e-01) (7, 3, 5.00000000000000000000e-01) (7, 3, 5.00000000000000000000e-01) (7, 3, 5.00000000000000000000e-01) (0, 3, 0.00000000000000000000e+00) (9, 3, 5.00000000000000000000e-01) (0, 3, 0.00000000000000000000e+00) 
connections (connected_to_neuron, weight)=(0, -4.14912509918212890625e+00) (1, 4.34386134147644042969e-01) (2, 8.19786911010742187500e+01) (3, 2.07961916923522949219e+00) (4, -7.37096071243286132812e+00) (5, 4.19034862518310546875e+00) (6, -3.03841018676757812500e+00) (0, -7.77728605270385742188e+00) (1, 9.10183525085449218750e+00) (2, 4.60913658142089843750e+00) (3, -1.68397557735443115234e+00) (4, -2.20773249864578247070e-01) (5, 5.23249006271362304688e+00) (6, -6.78955197334289550781e-01) (0, 1.75357704162597656250e+01) (1, -1.59680786132812500000e+01) (2, 6.86812019348144531250e+00) (3, -1.10568106174468994141e+00) (4, 8.15886020660400390625e-01) (5, -4.83958625793457031250e+00) (6, 3.88785386085510253906e+00) (0, 2.11094990372657775879e-02) (1, 2.39846801757812500000e+00) (2, -1.51429948806762695312e+01) (3, -1.88171410560607910156e+00) (4, -1.26749765872955322266e+00) (5, 1.02861963212490081787e-01) (6, 1.55220106244087219238e-01) (0, -5.98491549491882324219e-01) (1, 4.85549640655517578125e+00) (2, -7.48525476455688476562e+00) (3, -5.27901220321655273438e+00) (4, -2.52679157257080078125e+00) (5, 1.25437629222869873047e+00) (6, 2.49803245067596435547e-01) (0, -4.86624538898468017578e-02) (1, 2.34313511848449707031e+00) (2, -4.95717000961303710938e+00) (3, -4.17956495285034179688e+00) (4, -5.74498593807220458984e-01) (5, -2.75669932365417480469e-01) (6, 2.03596338629722595215e-01) (0, -1.68913096189498901367e-01) (1, 2.40983080863952636719e+00) (2, -7.65179443359375000000e+00) (3, -1.88720917701721191406e+00) (4, -1.66711783409118652344e+00) (5, 9.42565128207206726074e-02) (6, 2.06938404589891433716e-02) (0, -9.51360416412353515625e+00) (1, -1.47560806274414062500e+01) (2, -3.02147179841995239258e-01) (3, 5.83197641372680664062e+00) (4, 2.20517206192016601562e+00) (5, -4.38602685928344726562e+00) (6, 1.35348033905029296875e+01) (7, -6.05365693569183349609e-01) (8, -2.31201457977294921875e+00) (9, -2.75467991828918457031e+00) (10, -6.05741858482360839844e-01) (11, -7.71890521049499511719e-01) (12, -8.84777903556823730469e-01) (13, -5.33374369144439697266e-01) (14, -1.69166898727416992188e+00) (15, 3.15935945510864257812e+00) 
