FANN_FLO_2.1
num_layers=4
learning_rate=0.400000
connection_rate=1.000000
network_type=0
learning_momentum=0.000000
training_algorithm=2
train_error_function=1
train_stop_function=0
cascade_output_change_fraction=0.010000
quickprop_decay=-0.000100
quickprop_mu=1.750000
rprop_increase_factor=1.200000
rprop_decrease_factor=0.500000
rprop_delta_min=0.000000
rprop_delta_max=50.000000
rprop_delta_zero=0.100000
cascade_output_stagnation_epochs=12
cascade_candidate_change_fraction=0.010000
cascade_candidate_stagnation_epochs=12
cascade_max_out_epochs=150
cascade_min_out_epochs=50
cascade_max_cand_epochs=150
cascade_min_cand_epochs=50
cascade_num_candidate_groups=2
bit_fail_limit=3.49999994039535522461e-01
cascade_candidate_limit=1.00000000000000000000e+03
cascade_weight_multiplier=4.00000005960464477539e-01
cascade_activation_functions_count=10
cascade_activation_functions=3 5 7 8 10 11 14 15 16 17 
cascade_activation_steepnesses_count=4
cascade_activation_steepnesses=2.50000000000000000000e-01 5.00000000000000000000e-01 7.50000000000000000000e-01 1.00000000000000000000e+00 
layer_sizes=7 3 3 2 
scale_included=0
neurons (num_inputs, activation_function, activation_steepness)=(0, 0, 0.00000000000000000000e+00) (0, 0, 0.00000000000000000000e+00) (0, 0, 0.00000000000000000000e+00) (0, 0, 0.00000000000000000000e+00) (0, 0, 0.00000000000000000000e+00) (0, 0, 0.00000000000000000000e+00) (0, 0, 0.00000000000000000000e+00) (7, 3, 5.00000000000000000000e-01) (7, 3, 5.00000000000000000000e-01) (0, 3, 0.00000000000000000000e+00) (3, 3, 5.00000000000000000000e-01) (3, 3, 5.00000000000000000000e-01) (0, 3, 0.00000000000000000000e+00) (3, 3, 5.00000000000000000000e-01) (0, 3, 0.00000000000000000000e+00) 
connections (connected_to_neuron, weight)=(0, -7.46434831619262695312e+00) (1, 6.19870853424072265625e+00) (2, -4.63880985975265502930e-01) (3, -1.51508772373199462891e+00) (4, -9.96352434158325195312e-01) (5, -1.36671081542968750000e+03) (6, 1.25494194030761718750e+00) (0, 4.74141883850097656250e+00) (1, -5.64249944686889648438e+00) (2, 1.11884796619415283203e+00) (3, -1.62897539138793945312e+00) (4, -2.65863507986068725586e-01) (5, 4.96581172943115234375e+00) (6, -4.78102874755859375000e+00) (7, 3.75936412811279296875e+00) (8, 6.01278162002563476562e+00) (9, -2.48246955871582031250e+00) (7, 3.64907884597778320312e+00) (8, 5.65224409103393554688e+00) (9, -2.24140739440917968750e+00) (10, -5.68007802963256835938e+00) (11, -3.31484246253967285156e+00) (12, -2.32716634869575500488e-01) 
