FANN_FLO_2.1
num_layers=3
learning_rate=0.400000
connection_rate=1.000000
network_type=0
learning_momentum=0.000000
training_algorithm=2
train_error_function=1
train_stop_function=0
cascade_output_change_fraction=0.010000
quickprop_decay=-0.000100
quickprop_mu=1.750000
rprop_increase_factor=1.200000
rprop_decrease_factor=0.500000
rprop_delta_min=0.000000
rprop_delta_max=50.000000
rprop_delta_zero=0.100000
cascade_output_stagnation_epochs=12
cascade_candidate_change_fraction=0.010000
cascade_candidate_stagnation_epochs=12
cascade_max_out_epochs=150
cascade_min_out_epochs=50
cascade_max_cand_epochs=150
cascade_min_cand_epochs=50
cascade_num_candidate_groups=2
bit_fail_limit=3.49999994039535522461e-01
cascade_candidate_limit=1.00000000000000000000e+03
cascade_weight_multiplier=4.00000005960464477539e-01
cascade_activation_functions_count=10
cascade_activation_functions=3 5 7 8 10 11 14 15 16 17 
cascade_activation_steepnesses_count=4
cascade_activation_steepnesses=2.50000000000000000000e-01 5.00000000000000000000e-01 7.50000000000000000000e-01 1.00000000000000000000e+00 
layer_sizes=19 3 3 
scale_included=0
neurons (num_inputs, activation_function, activation_steepness)=(0, 0, 0.00000000000000000000e+00) (0, 0, 0.00000000000000000000e+00) (0, 0, 0.00000000000000000000e+00) (0, 0, 0.00000000000000000000e+00) (0, 0, 0.00000000000000000000e+00) (0, 0, 0.00000000000000000000e+00) (0, 0, 0.00000000000000000000e+00) (0, 0, 0.00000000000000000000e+00) (0, 0, 0.00000000000000000000e+00) (0, 0, 0.00000000000000000000e+00) (0, 0, 0.00000000000000000000e+00) (0, 0, 0.00000000000000000000e+00) (0, 0, 0.00000000000000000000e+00) (0, 0, 0.00000000000000000000e+00) (0, 0, 0.00000000000000000000e+00) (0, 0, 0.00000000000000000000e+00) (0, 0, 0.00000000000000000000e+00) (0, 0, 0.00000000000000000000e+00) (0, 0, 0.00000000000000000000e+00) (19, 3, 5.00000000000000000000e-01) (19, 3, 5.00000000000000000000e-01) (0, 3, 0.00000000000000000000e+00) (3, 3, 5.00000000000000000000e-01) (3, 3, 5.00000000000000000000e-01) (0, 3, 0.00000000000000000000e+00) 
connections (connected_to_neuron, weight)=(0, -4.58722782135009765625e+00) (1, 4.92856407165527343750e+00) (2, -9.69009780883789062500e+00) (3, -4.03114509582519531250e+00) (4, -2.99823355674743652344e+00) (5, -7.14994096755981445312e+00) (6, 1.09263181686401367188e+01) (7, 9.54273128509521484375e+00) (8, 4.61648139953613281250e+01) (9, 2.08141541481018066406e+00) (10, 2.79048490524291992188e+00) (11, 1.56217355728149414062e+01) (12, -1.35025720596313476562e+01) (13, 4.41696691513061523438e+00) (14, 1.24539649486541748047e+00) (15, 1.43305313587188720703e+00) (16, -4.28973245620727539062e+00) (17, 3.15674090385437011719e+00) (18, -1.47675776481628417969e+00) (0, -4.16959333419799804688e+00) (1, 1.50128173828125000000e+01) (2, -1.04505453109741210938e+01) (3, 8.37219059467315673828e-01) (4, 1.22520983219146728516e+00) (5, -1.85778892040252685547e+00) (6, 2.00408801436424255371e-01) (7, -7.32715272903442382812e+00) (8, -7.86465263366699218750e+00) (9, -1.72980368137359619141e+00) (10, 1.24715452194213867188e+01) (11, -1.48856039047241210938e+01) (12, 4.81451797485351562500e+00) (13, 6.23329818248748779297e-01) (14, -3.66565918922424316406e+00) (15, 3.75138330459594726562e+00) (16, 2.90639257431030273438e+00) (17, -4.38133907318115234375e+00) (18, 1.20442085266113281250e+01) (19, -1.54491865634918212891e+00) (20, -5.83552360534667968750e-01) (21, 1.36638081073760986328e+00) (19, 1.54344415664672851562e+00) (20, 5.83214402198791503906e-01) (21, -1.36440050601959228516e+00) 
