FANN_FLO_2.1
num_layers=3
learning_rate=0.400000
connection_rate=1.000000
network_type=0
learning_momentum=0.000000
training_algorithm=2
train_error_function=1
train_stop_function=0
cascade_output_change_fraction=0.010000
quickprop_decay=-0.000100
quickprop_mu=1.750000
rprop_increase_factor=1.200000
rprop_decrease_factor=0.500000
rprop_delta_min=0.000000
rprop_delta_max=50.000000
rprop_delta_zero=0.100000
cascade_output_stagnation_epochs=12
cascade_candidate_change_fraction=0.010000
cascade_candidate_stagnation_epochs=12
cascade_max_out_epochs=150
cascade_min_out_epochs=50
cascade_max_cand_epochs=150
cascade_min_cand_epochs=50
cascade_num_candidate_groups=2
bit_fail_limit=3.49999994039535522461e-01
cascade_candidate_limit=1.00000000000000000000e+03
cascade_weight_multiplier=4.00000005960464477539e-01
cascade_activation_functions_count=10
cascade_activation_functions=3 5 7 8 10 11 14 15 16 17 
cascade_activation_steepnesses_count=4
cascade_activation_steepnesses=2.50000000000000000000e-01 5.00000000000000000000e-01 7.50000000000000000000e-01 1.00000000000000000000e+00 
layer_sizes=19 3 3 
scale_included=0
neurons (num_inputs, activation_function, activation_steepness)=(0, 0, 0.00000000000000000000e+00) (0, 0, 0.00000000000000000000e+00) (0, 0, 0.00000000000000000000e+00) (0, 0, 0.00000000000000000000e+00) (0, 0, 0.00000000000000000000e+00) (0, 0, 0.00000000000000000000e+00) (0, 0, 0.00000000000000000000e+00) (0, 0, 0.00000000000000000000e+00) (0, 0, 0.00000000000000000000e+00) (0, 0, 0.00000000000000000000e+00) (0, 0, 0.00000000000000000000e+00) (0, 0, 0.00000000000000000000e+00) (0, 0, 0.00000000000000000000e+00) (0, 0, 0.00000000000000000000e+00) (0, 0, 0.00000000000000000000e+00) (0, 0, 0.00000000000000000000e+00) (0, 0, 0.00000000000000000000e+00) (0, 0, 0.00000000000000000000e+00) (0, 0, 0.00000000000000000000e+00) (19, 3, 5.00000000000000000000e-01) (19, 3, 5.00000000000000000000e-01) (0, 3, 0.00000000000000000000e+00) (3, 3, 5.00000000000000000000e-01) (3, 3, 5.00000000000000000000e-01) (0, 3, 0.00000000000000000000e+00) 
connections (connected_to_neuron, weight)=(0, 2.66534805297851562500e+00) (1, 2.19839143753051757812e+00) (2, 1.40163822174072265625e+01) (3, 8.90138745307922363281e-01) (4, -1.99781939387321472168e-01) (5, -2.27419719696044921875e+01) (6, 3.43468403816223144531e+00) (7, 4.55976009368896484375e+00) (8, 1.19639663696289062500e+01) (9, -1.28213584423065185547e+00) (10, 5.23881101608276367188e+00) (11, -1.20906553268432617188e+01) (12, 7.52894306182861328125e+00) (13, 4.51059627532958984375e+00) (14, -7.35610675811767578125e+00) (15, -2.04782176017761230469e+00) (16, -6.08179235458374023438e+00) (17, 5.56822252273559570312e+00) (18, 3.50103616714477539062e+00) (0, -6.83607769012451171875e+00) (1, 4.45805251598358154297e-01) (2, -1.98385667800903320312e+00) (3, -1.19996881484985351562e+01) (4, -1.96025753021240234375e+00) (5, 2.37886886596679687500e+01) (6, 6.49410963058471679688e+00) (7, 6.33793783187866210938e+00) (8, -2.46493172645568847656e+00) (9, 6.22351408004760742188e+00) (10, -2.26941585540771484375e+01) (11, 1.61060714721679687500e+01) (12, -4.66183215379714965820e-01) (13, 2.36764698028564453125e+01) (14, 9.96237874031066894531e-01) (15, -8.16746175289154052734e-01) (16, 9.41124153137207031250e+00) (17, -7.09338665008544921875e-01) (18, -1.81609785556793212891e+00) (19, -8.35557937622070312500e-01) (20, -1.28312742710113525391e+00) (21, 1.32594645023345947266e+00) (19, 8.34919154644012451172e-01) (20, 1.28434681892395019531e+00) (21, -1.32625341415405273438e+00) 
