FANN_FLO_2.1
num_layers=4
learning_rate=0.400000
connection_rate=1.000000
network_type=0
learning_momentum=0.000000
training_algorithm=2
train_error_function=1
train_stop_function=0
cascade_output_change_fraction=0.010000
quickprop_decay=-0.000100
quickprop_mu=1.750000
rprop_increase_factor=1.200000
rprop_decrease_factor=0.500000
rprop_delta_min=0.000000
rprop_delta_max=50.000000
rprop_delta_zero=0.100000
cascade_output_stagnation_epochs=12
cascade_candidate_change_fraction=0.010000
cascade_candidate_stagnation_epochs=12
cascade_max_out_epochs=150
cascade_min_out_epochs=50
cascade_max_cand_epochs=150
cascade_min_cand_epochs=50
cascade_num_candidate_groups=2
bit_fail_limit=3.49999994039535522461e-01
cascade_candidate_limit=1.00000000000000000000e+03
cascade_weight_multiplier=4.00000005960464477539e-01
cascade_activation_functions_count=10
cascade_activation_functions=3 5 7 8 10 11 14 15 16 17 
cascade_activation_steepnesses_count=4
cascade_activation_steepnesses=2.50000000000000000000e-01 5.00000000000000000000e-01 7.50000000000000000000e-01 1.00000000000000000000e+00 
layer_sizes=7 5 5 2 
scale_included=0
neurons (num_inputs, activation_function, activation_steepness)=(0, 0, 0.00000000000000000000e+00) (0, 0, 0.00000000000000000000e+00) (0, 0, 0.00000000000000000000e+00) (0, 0, 0.00000000000000000000e+00) (0, 0, 0.00000000000000000000e+00) (0, 0, 0.00000000000000000000e+00) (0, 0, 0.00000000000000000000e+00) (7, 3, 5.00000000000000000000e-01) (7, 3, 5.00000000000000000000e-01) (7, 3, 5.00000000000000000000e-01) (7, 3, 5.00000000000000000000e-01) (0, 3, 0.00000000000000000000e+00) (5, 3, 5.00000000000000000000e-01) (5, 3, 5.00000000000000000000e-01) (5, 3, 5.00000000000000000000e-01) (5, 3, 5.00000000000000000000e-01) (0, 3, 0.00000000000000000000e+00) (5, 3, 5.00000000000000000000e-01) (0, 3, 0.00000000000000000000e+00) 
connections (connected_to_neuron, weight)=(0, 3.44093322753906250000e-01) (1, -1.25909519195556640625e+00) (2, 5.06589241027832031250e+01) (3, -2.83699822425842285156e+00) (4, -1.19793906807899475098e-01) (5, 1.50000000000000000000e+03) (6, -1.72716593742370605469e+00) (0, 3.00421508789062500000e+02) (1, 1.50000000000000000000e+03) (2, 4.73593597412109375000e+02) (3, 9.74018615722656250000e+02) (4, 1.12416650390625000000e+03) (5, 2.36567092895507812500e+02) (6, 1.02763068675994873047e+00) (0, -1.42027050781250000000e+03) (1, 1.43511022949218750000e+03) (2, 7.94160705566406250000e+02) (3, -8.23962936401367187500e+01) (4, -1.34894424438476562500e+02) (5, 2.44316055297851562500e+02) (6, 4.88046026229858398438e+00) (0, -3.45424389839172363281e+00) (1, -1.64929020404815673828e+00) (2, 2.57186450958251953125e+01) (3, -1.22103824615478515625e+01) (4, -5.52489089965820312500e+00) (5, -5.76937437057495117188e-01) (6, 7.97943067550659179688e+00) (7, -2.23368698120117187500e+02) (8, -1.33726550292968750000e+03) (9, 1.46255578613281250000e+03) (10, 1.50000000000000000000e+03) (11, -5.23002767562866210938e+00) (7, -2.04514923095703125000e+01) (8, 5.33792591094970703125e+00) (9, 2.02660980224609375000e+01) (10, 1.50000000000000000000e+03) (11, -7.01028299331665039062e+00) (7, -3.72351408004760742188e+00) (8, 1.70697903633117675781e+00) (9, 2.02660980224609375000e+01) (10, 1.50000000000000000000e+03) (11, -4.99118208885192871094e-01) (7, 2.06135444641113281250e+01) (8, -3.16635375976562500000e+02) (9, 2.73691070556640625000e+02) (10, 1.50000000000000000000e+03) (11, 1.83973236083984375000e+01) (12, -1.17572820186614990234e+00) (13, -5.40742397308349609375e-01) (14, -1.05641651153564453125e+00) (15, -1.03259429335594177246e-01) (16, -6.40989303588867187500e-01) 
