FANN_FLO_2.1
num_layers=3
learning_rate=0.400000
connection_rate=1.000000
network_type=0
learning_momentum=0.000000
training_algorithm=2
train_error_function=1
train_stop_function=0
cascade_output_change_fraction=0.010000
quickprop_decay=-0.000100
quickprop_mu=1.750000
rprop_increase_factor=1.200000
rprop_decrease_factor=0.500000
rprop_delta_min=0.000000
rprop_delta_max=50.000000
rprop_delta_zero=0.100000
cascade_output_stagnation_epochs=12
cascade_candidate_change_fraction=0.010000
cascade_candidate_stagnation_epochs=12
cascade_max_out_epochs=150
cascade_min_out_epochs=50
cascade_max_cand_epochs=150
cascade_min_cand_epochs=50
cascade_num_candidate_groups=2
bit_fail_limit=3.49999994039535522461e-01
cascade_candidate_limit=1.00000000000000000000e+03
cascade_weight_multiplier=4.00000005960464477539e-01
cascade_activation_functions_count=10
cascade_activation_functions=3 5 7 8 10 11 14 15 16 17 
cascade_activation_steepnesses_count=4
cascade_activation_steepnesses=2.50000000000000000000e-01 5.00000000000000000000e-01 7.50000000000000000000e-01 1.00000000000000000000e+00 
layer_sizes=7 9 2 
scale_included=0
neurons (num_inputs, activation_function, activation_steepness)=(0, 0, 0.00000000000000000000e+00) (0, 0, 0.00000000000000000000e+00) (0, 0, 0.00000000000000000000e+00) (0, 0, 0.00000000000000000000e+00) (0, 0, 0.00000000000000000000e+00) (0, 0, 0.00000000000000000000e+00) (0, 0, 0.00000000000000000000e+00) (7, 3, 5.00000000000000000000e-01) (7, 3, 5.00000000000000000000e-01) (7, 3, 5.00000000000000000000e-01) (7, 3, 5.00000000000000000000e-01) (7, 3, 5.00000000000000000000e-01) (7, 3, 5.00000000000000000000e-01) (7, 3, 5.00000000000000000000e-01) (7, 3, 5.00000000000000000000e-01) (0, 3, 0.00000000000000000000e+00) (9, 3, 5.00000000000000000000e-01) (0, 3, 0.00000000000000000000e+00) 
connections (connected_to_neuron, weight)=(0, -1.32383098602294921875e+01) (1, 1.05032825469970703125e+01) (2, -3.64334964752197265625e+00) (3, -6.85354948043823242188e-01) (4, -1.50980517268180847168e-01) (5, 6.14193964004516601562e+00) (6, 1.57777142524719238281e+00) (0, -2.63226008415222167969e+00) (1, 1.68952181935310363770e-01) (2, 1.46261620521545410156e+00) (3, -6.89552640914916992188e+00) (4, -1.01946973800659179688e+00) (5, 1.28731235861778259277e-01) (6, 6.15721178054809570312e+00) (0, -1.32757258415222167969e+00) (1, 4.68188428878784179688e+00) (2, -1.62417685985565185547e+00) (3, -2.08620834350585937500e+00) (4, -2.04030084609985351562e+00) (5, -4.74536800384521484375e+00) (6, -2.72974658012390136719e+00) (0, -1.58721864223480224609e+00) (1, -2.17124357819557189941e-01) (2, 7.93150186538696289062e+00) (3, -3.09217596054077148438e+00) (4, -7.78873980045318603516e-01) (5, 4.50442165136337280273e-01) (6, 3.51589417457580566406e+00) (0, 1.26837329864501953125e+01) (1, -1.14574871063232421875e+01) (2, 4.15169095993041992188e+00) (3, -3.50756025314331054688e+00) (4, -1.12864136695861816406e+00) (5, -4.50347614288330078125e+00) (6, 4.51321983337402343750e+00) (0, -3.41136962175369262695e-01) (1, -1.78225860595703125000e+01) (2, -2.30964586138725280762e-01) (3, 1.32635557651519775391e+00) (4, 8.02793562412261962891e-01) (5, 6.13000726699829101562e+00) (6, 9.93076920509338378906e-01) (0, -1.45681810379028320312e+00) (1, -1.39632120728492736816e-01) (2, 5.13815402984619140625e+00) (3, -2.06727480888366699219e+00) (4, -1.02777183055877685547e+00) (5, 6.67962491512298583984e-01) (6, 2.29099631309509277344e+00) (0, -9.22133326530456542969e-01) (1, -3.16623747348785400391e-01) (2, 1.59732210636138916016e+00) (3, -2.42908859252929687500e+00) (4, -9.28792953491210937500e-01) (5, 4.54107582569122314453e-01) (6, 2.70384144783020019531e+00) (7, -3.90011262893676757812e+00) (8, -3.97514194250106811523e-01) (9, -3.93713879585266113281e+00) (10, -1.73433244228363037109e-01) (11, -3.48891329765319824219e+00) (12, -1.67578756809234619141e+00) (13, 1.52375519275665283203e-01) (14, -2.77472771704196929932e-02) (15, 2.86839795112609863281e+00) 
