FANN_FLO_2.1
num_layers=3
learning_rate=0.500000
connection_rate=1.000000
network_type=0
learning_momentum=0.000000
training_algorithm=2
train_error_function=1
train_stop_function=0
cascade_output_change_fraction=0.010000
quickprop_decay=-0.000100
quickprop_mu=1.750000
rprop_increase_factor=1.200000
rprop_decrease_factor=0.500000
rprop_delta_min=0.000000
rprop_delta_max=50.000000
rprop_delta_zero=0.100000
cascade_output_stagnation_epochs=12
cascade_candidate_change_fraction=0.010000
cascade_candidate_stagnation_epochs=12
cascade_max_out_epochs=150
cascade_min_out_epochs=50
cascade_max_cand_epochs=150
cascade_min_cand_epochs=50
cascade_num_candidate_groups=2
bit_fail_limit=3.49999994039535522461e-01
cascade_candidate_limit=1.00000000000000000000e+03
cascade_weight_multiplier=4.00000005960464477539e-01
cascade_activation_functions_count=10
cascade_activation_functions=3 5 7 8 10 11 14 15 16 17 
cascade_activation_steepnesses_count=4
cascade_activation_steepnesses=2.50000000000000000000e-01 5.00000000000000000000e-01 7.50000000000000000000e-01 1.00000000000000000000e+00 
layer_sizes=10 5 2 
scale_included=0
neurons (num_inputs, activation_function, activation_steepness)=(0, 0, 0.00000000000000000000e+00) (0, 0, 0.00000000000000000000e+00) (0, 0, 0.00000000000000000000e+00) (0, 0, 0.00000000000000000000e+00) (0, 0, 0.00000000000000000000e+00) (0, 0, 0.00000000000000000000e+00) (0, 0, 0.00000000000000000000e+00) (0, 0, 0.00000000000000000000e+00) (0, 0, 0.00000000000000000000e+00) (0, 0, 0.00000000000000000000e+00) (10, 3, 5.00000000000000000000e-01) (10, 3, 5.00000000000000000000e-01) (10, 3, 5.00000000000000000000e-01) (10, 3, 5.00000000000000000000e-01) (0, 3, 0.00000000000000000000e+00) (5, 3, 5.00000000000000000000e-01) (0, 3, 0.00000000000000000000e+00) 
connections (connected_to_neuron, weight)=(0, -2.48398232460021972656e+00) (1, 1.71836547851562500000e+01) (2, 4.58877277374267578125e+00) (3, -3.65778803825378417969e-02) (4, 7.99150884151458740234e-01) (5, 3.83420205116271972656e+00) (6, -9.71979045867919921875e+00) (7, -6.26511526107788085938e+00) (8, -8.63421154022216796875e+00) (9, -2.03769659996032714844e+00) (0, -1.64655640721321105957e-01) (1, 9.33680057525634765625e-01) (2, 6.78899431228637695312e+00) (3, 9.75228905677795410156e-01) (4, 1.20363378524780273438e+00) (5, -5.78461980819702148438e+00) (6, -9.01750659942626953125e+00) (7, 1.37313270568847656250e+00) (8, 6.19598770141601562500e+00) (9, 6.45794942975044250488e-02) (0, 2.90172481536865234375e+01) (1, -8.66572201251983642578e-01) (2, -4.04166450500488281250e+01) (3, 2.24105715751647949219e+00) (4, -1.16410493850708007812e+01) (5, -4.37911823391914367676e-02) (6, 3.64515829086303710938e+00) (7, 5.80296945571899414062e+00) (8, 2.00886797904968261719e+00) (9, -6.99959039688110351562e-01) (0, -3.83344578742980957031e+00) (1, 6.06606149673461914062e+00) (2, 3.23120927810668945312e+00) (3, -1.56490211486816406250e+01) (4, 5.54692685604095458984e-01) (5, -6.94767713546752929688e+00) (6, -1.47014257812500000000e+03) (7, 2.44996643066406250000e+00) (8, -9.44222640991210937500e+00) (9, 3.05756187438964843750e+00) (10, 2.92279124259948730469e+00) (11, -2.35252285003662109375e+00) (12, 1.60121726989746093750e+00) (13, 5.31084597110748291016e-01) (14, -2.50499155372381210327e-02) 
