FANN_FLO_2.1
num_layers=3
learning_rate=0.500000
connection_rate=1.000000
network_type=0
learning_momentum=0.000000
training_algorithm=2
train_error_function=1
train_stop_function=0
cascade_output_change_fraction=0.010000
quickprop_decay=-0.000100
quickprop_mu=1.750000
rprop_increase_factor=1.200000
rprop_decrease_factor=0.500000
rprop_delta_min=0.000000
rprop_delta_max=50.000000
rprop_delta_zero=0.100000
cascade_output_stagnation_epochs=12
cascade_candidate_change_fraction=0.010000
cascade_candidate_stagnation_epochs=12
cascade_max_out_epochs=150
cascade_min_out_epochs=50
cascade_max_cand_epochs=150
cascade_min_cand_epochs=50
cascade_num_candidate_groups=2
bit_fail_limit=3.49999994039535522461e-01
cascade_candidate_limit=1.00000000000000000000e+03
cascade_weight_multiplier=4.00000005960464477539e-01
cascade_activation_functions_count=10
cascade_activation_functions=3 5 7 8 10 11 14 15 16 17 
cascade_activation_steepnesses_count=4
cascade_activation_steepnesses=2.50000000000000000000e-01 5.00000000000000000000e-01 7.50000000000000000000e-01 1.00000000000000000000e+00 
layer_sizes=10 3 2 
scale_included=0
neurons (num_inputs, activation_function, activation_steepness)=(0, 0, 0.00000000000000000000e+00) (0, 0, 0.00000000000000000000e+00) (0, 0, 0.00000000000000000000e+00) (0, 0, 0.00000000000000000000e+00) (0, 0, 0.00000000000000000000e+00) (0, 0, 0.00000000000000000000e+00) (0, 0, 0.00000000000000000000e+00) (0, 0, 0.00000000000000000000e+00) (0, 0, 0.00000000000000000000e+00) (0, 0, 0.00000000000000000000e+00) (10, 3, 5.00000000000000000000e-01) (10, 3, 5.00000000000000000000e-01) (0, 3, 0.00000000000000000000e+00) (3, 3, 5.00000000000000000000e-01) (0, 3, 0.00000000000000000000e+00) 
connections (connected_to_neuron, weight)=(0, -6.14688968658447265625e+00) (1, 7.55992984771728515625e+00) (2, -1.06454753875732421875e+01) (3, 2.72651624679565429688e+00) (4, -5.83469510078430175781e-01) (5, 5.58523464202880859375e+00) (6, -4.04211950302124023438e+00) (7, -5.79819917678833007812e+00) (8, 6.63209676742553710938e-01) (9, 5.38513469696044921875e+00) (0, -6.61836266517639160156e-01) (1, 9.35776996612548828125e+00) (2, -1.05319471359252929688e+01) (3, -3.62436056137084960938e-01) (4, 6.79200768470764160156e-01) (5, 4.14614820480346679688e+00) (6, -7.85402357578277587891e-01) (7, -3.55072069168090820312e+00) (8, 1.23965203762054443359e+00) (9, 8.66534709930419921875e-01) (10, 3.05821490287780761719e+00) (11, 2.69728517532348632812e+00) (12, -4.41697311401367187500e+00) 
