FANN_FLO_2.1
num_layers=3
learning_rate=0.400000
connection_rate=1.000000
network_type=0
learning_momentum=0.000000
training_algorithm=2
train_error_function=1
train_stop_function=0
cascade_output_change_fraction=0.010000
quickprop_decay=-0.000100
quickprop_mu=1.750000
rprop_increase_factor=1.200000
rprop_decrease_factor=0.500000
rprop_delta_min=0.000000
rprop_delta_max=50.000000
rprop_delta_zero=0.100000
cascade_output_stagnation_epochs=12
cascade_candidate_change_fraction=0.010000
cascade_candidate_stagnation_epochs=12
cascade_max_out_epochs=150
cascade_min_out_epochs=50
cascade_max_cand_epochs=150
cascade_min_cand_epochs=50
cascade_num_candidate_groups=2
bit_fail_limit=3.49999994039535522461e-01
cascade_candidate_limit=1.00000000000000000000e+03
cascade_weight_multiplier=4.00000005960464477539e-01
cascade_activation_functions_count=10
cascade_activation_functions=3 5 7 8 10 11 14 15 16 17 
cascade_activation_steepnesses_count=4
cascade_activation_steepnesses=2.50000000000000000000e-01 5.00000000000000000000e-01 7.50000000000000000000e-01 1.00000000000000000000e+00 
layer_sizes=7 5 2 
scale_included=0
neurons (num_inputs, activation_function, activation_steepness)=(0, 0, 0.00000000000000000000e+00) (0, 0, 0.00000000000000000000e+00) (0, 0, 0.00000000000000000000e+00) (0, 0, 0.00000000000000000000e+00) (0, 0, 0.00000000000000000000e+00) (0, 0, 0.00000000000000000000e+00) (0, 0, 0.00000000000000000000e+00) (7, 3, 5.00000000000000000000e-01) (7, 3, 5.00000000000000000000e-01) (7, 3, 5.00000000000000000000e-01) (7, 3, 5.00000000000000000000e-01) (0, 3, 0.00000000000000000000e+00) (5, 3, 5.00000000000000000000e-01) (0, 3, 0.00000000000000000000e+00) 
connections (connected_to_neuron, weight)=(0, 1.44302330017089843750e+01) (1, -1.52079772949218750000e+01) (2, 5.81399393081665039062e+00) (3, -3.96767568588256835938e+00) (4, -3.02808403968811035156e-01) (5, 8.72055625915527343750e+00) (6, -9.69499111175537109375e+00) (0, -2.91205954551696777344e+00) (1, -4.25529909133911132812e+00) (2, 1.17118854522705078125e+01) (3, -6.95547580718994140625e+00) (4, -2.67483377456665039062e+00) (5, 2.68276548385620117188e+00) (6, 1.02920532226562500000e+01) (0, -9.02566051483154296875e+00) (1, 8.36070632934570312500e+00) (2, -1.66647386550903320312e+00) (3, -1.18666291236877441406e+00) (4, -8.32975566387176513672e-01) (5, -6.43050384521484375000e+00) (6, -9.78144526481628417969e-01) (0, -5.34019422531127929688e+00) (1, -5.78576660156250000000e+00) (2, 1.55449094772338867188e+01) (3, -1.35333232879638671875e+01) (4, -5.02138328552246093750e+00) (5, 1.58058319091796875000e+01) (6, 1.82645142078399658203e+00) (7, -1.21572866439819335938e+01) (8, -9.16622519493103027344e-01) (9, -1.32994794845581054688e+01) (10, -5.21865189075469970703e-01) (11, -6.42551541328430175781e-01) 
