FANN_FLO_2.1
num_layers=4
learning_rate=0.500000
connection_rate=1.000000
network_type=0
learning_momentum=0.000000
training_algorithm=2
train_error_function=1
train_stop_function=0
cascade_output_change_fraction=0.010000
quickprop_decay=-0.000100
quickprop_mu=1.750000
rprop_increase_factor=1.200000
rprop_decrease_factor=0.500000
rprop_delta_min=0.000000
rprop_delta_max=50.000000
rprop_delta_zero=0.100000
cascade_output_stagnation_epochs=12
cascade_candidate_change_fraction=0.010000
cascade_candidate_stagnation_epochs=12
cascade_max_out_epochs=150
cascade_min_out_epochs=50
cascade_max_cand_epochs=150
cascade_min_cand_epochs=50
cascade_num_candidate_groups=2
bit_fail_limit=3.49999994039535522461e-01
cascade_candidate_limit=1.00000000000000000000e+03
cascade_weight_multiplier=4.00000005960464477539e-01
cascade_activation_functions_count=10
cascade_activation_functions=3 5 7 8 10 11 14 15 16 17 
cascade_activation_steepnesses_count=4
cascade_activation_steepnesses=2.50000000000000000000e-01 5.00000000000000000000e-01 7.50000000000000000000e-01 1.00000000000000000000e+00 
layer_sizes=10 3 3 2 
scale_included=0
neurons (num_inputs, activation_function, activation_steepness)=(0, 0, 0.00000000000000000000e+00) (0, 0, 0.00000000000000000000e+00) (0, 0, 0.00000000000000000000e+00) (0, 0, 0.00000000000000000000e+00) (0, 0, 0.00000000000000000000e+00) (0, 0, 0.00000000000000000000e+00) (0, 0, 0.00000000000000000000e+00) (0, 0, 0.00000000000000000000e+00) (0, 0, 0.00000000000000000000e+00) (0, 0, 0.00000000000000000000e+00) (10, 3, 5.00000000000000000000e-01) (10, 3, 5.00000000000000000000e-01) (0, 3, 0.00000000000000000000e+00) (3, 3, 5.00000000000000000000e-01) (3, 3, 5.00000000000000000000e-01) (0, 3, 0.00000000000000000000e+00) (3, 3, 5.00000000000000000000e-01) (0, 3, 0.00000000000000000000e+00) 
connections (connected_to_neuron, weight)=(0, 1.38023912906646728516e-01) (1, 6.71942901611328125000e+01) (2, -3.35950126647949218750e+01) (3, -2.26261291503906250000e+01) (4, 5.58522224426269531250e+00) (5, -4.61957168579101562500e+00) (6, -7.45105171203613281250e+00) (7, -4.81034317016601562500e+01) (8, -3.06640124320983886719e+00) (9, 1.05502004623413085938e+01) (0, 7.64591038227081298828e-01) (1, 5.23192672729492187500e+01) (2, -2.43927593231201171875e+01) (3, -2.07246265411376953125e+01) (4, 3.21405911445617675781e+00) (5, -3.33527028560638427734e-01) (6, -1.02555990219116210938e+01) (7, -2.42427921295166015625e+01) (8, -6.44738388061523437500e+00) (9, 5.91091346740722656250e+00) (10, 1.50000000000000000000e+03) (11, 1.50000000000000000000e+03) (12, -1.48272247314453125000e+01) (10, 1.50000000000000000000e+03) (11, 1.50000000000000000000e+03) (12, -1.44389047622680664062e+01) (13, 1.45564806461334228516e+00) (14, 6.34018838405609130859e-01) (15, -1.24813294410705566406e+00) 
