FANN_FLO_2.1
num_layers=4
learning_rate=0.400000
connection_rate=1.000000
network_type=0
learning_momentum=0.000000
training_algorithm=2
train_error_function=1
train_stop_function=0
cascade_output_change_fraction=0.010000
quickprop_decay=-0.000100
quickprop_mu=1.750000
rprop_increase_factor=1.200000
rprop_decrease_factor=0.500000
rprop_delta_min=0.000000
rprop_delta_max=50.000000
rprop_delta_zero=0.100000
cascade_output_stagnation_epochs=12
cascade_candidate_change_fraction=0.010000
cascade_candidate_stagnation_epochs=12
cascade_max_out_epochs=150
cascade_min_out_epochs=50
cascade_max_cand_epochs=150
cascade_min_cand_epochs=50
cascade_num_candidate_groups=2
bit_fail_limit=3.49999994039535522461e-01
cascade_candidate_limit=1.00000000000000000000e+03
cascade_weight_multiplier=4.00000005960464477539e-01
cascade_activation_functions_count=10
cascade_activation_functions=3 5 7 8 10 11 14 15 16 17 
cascade_activation_steepnesses_count=4
cascade_activation_steepnesses=2.50000000000000000000e-01 5.00000000000000000000e-01 7.50000000000000000000e-01 1.00000000000000000000e+00 
layer_sizes=7 5 5 2 
scale_included=0
neurons (num_inputs, activation_function, activation_steepness)=(0, 0, 0.00000000000000000000e+00) (0, 0, 0.00000000000000000000e+00) (0, 0, 0.00000000000000000000e+00) (0, 0, 0.00000000000000000000e+00) (0, 0, 0.00000000000000000000e+00) (0, 0, 0.00000000000000000000e+00) (0, 0, 0.00000000000000000000e+00) (7, 3, 5.00000000000000000000e-01) (7, 3, 5.00000000000000000000e-01) (7, 3, 5.00000000000000000000e-01) (7, 3, 5.00000000000000000000e-01) (0, 3, 0.00000000000000000000e+00) (5, 3, 5.00000000000000000000e-01) (5, 3, 5.00000000000000000000e-01) (5, 3, 5.00000000000000000000e-01) (5, 3, 5.00000000000000000000e-01) (0, 3, 0.00000000000000000000e+00) (5, 3, 5.00000000000000000000e-01) (0, 3, 0.00000000000000000000e+00) 
connections (connected_to_neuron, weight)=(0, -1.47567736816406250000e+03) (1, 1.48625292968750000000e+03) (2, -1.44356384277343750000e+03) (3, -1.29770043945312500000e+03) (4, 7.46236511230468750000e+02) (5, -1.50000000000000000000e+03) (6, 4.25970107316970825195e-01) (0, -1.47324670410156250000e+03) (1, 1.46642724609375000000e+03) (2, -1.30096630859375000000e+03) (3, -1.25077258300781250000e+03) (4, 1.50000000000000000000e+03) (5, -9.78935729980468750000e+02) (6, 1.10706627368927001953e+00) (0, -1.40519511699676513672e+00) (1, -1.22402060031890869141e+00) (2, 2.61859369277954101562e+00) (3, -5.38278245925903320312e+00) (4, -1.61067366600036621094e+00) (5, 5.90438127517700195312e-01) (6, 1.89635896682739257812e+00) (0, -1.47573828125000000000e+03) (1, 1.47315100097656250000e+03) (2, -1.21768945312500000000e+03) (3, -1.26773889160156250000e+03) (4, 7.23270629882812500000e+02) (5, -6.01519897460937500000e+02) (6, 7.13823080062866210938e-01) (7, -1.53927383422851562500e+01) (8, -2.36491847038269042969e+00) (9, 1.50000000000000000000e+03) (10, -1.99206137657165527344e+00) (11, -2.21720409393310546875e+01) (7, 4.98739337921142578125e+00) (8, 7.16474771499633789062e-01) (9, 4.87159061431884765625e+00) (10, -2.42112231254577636719e+00) (11, -1.38850522041320800781e+00) (7, 1.66484105587005615234e+00) (8, -1.90813827514648437500e+00) (9, 1.94313755035400390625e+01) (10, -1.93038809299468994141e+00) (11, -4.38972443342208862305e-01) (7, -9.74277687072753906250e+00) (8, 5.69945621490478515625e+00) (9, 1.41015644073486328125e+01) (10, 4.97895193099975585938e+00) (11, 4.23177629709243774414e-02) (12, -6.69622004032135009766e-01) (13, -9.31638598442077636719e-01) (14, -1.14022898674011230469e+00) (15, -9.43804740905761718750e-01) (16, -2.86348704248666763306e-02) 
