FANN_FLO_2.1
num_layers=3
learning_rate=0.500000
connection_rate=1.000000
network_type=0
learning_momentum=0.000000
training_algorithm=2
train_error_function=1
train_stop_function=0
cascade_output_change_fraction=0.010000
quickprop_decay=-0.000100
quickprop_mu=1.750000
rprop_increase_factor=1.200000
rprop_decrease_factor=0.500000
rprop_delta_min=0.000000
rprop_delta_max=50.000000
rprop_delta_zero=0.100000
cascade_output_stagnation_epochs=12
cascade_candidate_change_fraction=0.010000
cascade_candidate_stagnation_epochs=12
cascade_max_out_epochs=150
cascade_min_out_epochs=50
cascade_max_cand_epochs=150
cascade_min_cand_epochs=50
cascade_num_candidate_groups=2
bit_fail_limit=3.49999994039535522461e-01
cascade_candidate_limit=1.00000000000000000000e+03
cascade_weight_multiplier=4.00000005960464477539e-01
cascade_activation_functions_count=10
cascade_activation_functions=3 5 7 8 10 11 14 15 16 17 
cascade_activation_steepnesses_count=4
cascade_activation_steepnesses=2.50000000000000000000e-01 5.00000000000000000000e-01 7.50000000000000000000e-01 1.00000000000000000000e+00 
layer_sizes=10 5 2 
scale_included=0
neurons (num_inputs, activation_function, activation_steepness)=(0, 0, 0.00000000000000000000e+00) (0, 0, 0.00000000000000000000e+00) (0, 0, 0.00000000000000000000e+00) (0, 0, 0.00000000000000000000e+00) (0, 0, 0.00000000000000000000e+00) (0, 0, 0.00000000000000000000e+00) (0, 0, 0.00000000000000000000e+00) (0, 0, 0.00000000000000000000e+00) (0, 0, 0.00000000000000000000e+00) (0, 0, 0.00000000000000000000e+00) (10, 3, 5.00000000000000000000e-01) (10, 3, 5.00000000000000000000e-01) (10, 3, 5.00000000000000000000e-01) (10, 3, 5.00000000000000000000e-01) (0, 3, 0.00000000000000000000e+00) (5, 3, 5.00000000000000000000e-01) (0, 3, 0.00000000000000000000e+00) 
connections (connected_to_neuron, weight)=(0, 5.49924612045288085938e+00) (1, 1.57230730056762695312e+01) (2, -5.38232469558715820312e+00) (3, -1.85100391507148742676e-01) (4, -3.51777076721191406250e-01) (5, 3.52555322647094726562e+00) (6, -1.52956275939941406250e+01) (7, -1.21686816215515136719e+00) (8, -6.98621320724487304688e+00) (9, 1.53911173343658447266e+00) (0, -4.39025926589965820312e+00) (1, -7.35630035400390625000e-01) (2, -4.91980438232421875000e+01) (3, 4.96523761749267578125e+00) (4, -6.33549273014068603516e-01) (5, -1.20257087707519531250e+02) (6, -6.78349399566650390625e+00) (7, -4.23247337341308593750e-01) (8, 1.08231330871582031250e+02) (9, 3.80502045154571533203e-01) (0, 5.01786613464355468750e+00) (1, 1.04322004318237304688e+01) (2, -6.13512182235717773438e+00) (3, -9.55362379550933837891e-01) (4, -7.63171052932739257812e+00) (5, 4.72153472900390625000e+00) (6, -7.38472890853881835938e+00) (7, -1.33243465423583984375e+00) (8, -3.96425652503967285156e+00) (9, 3.56938338279724121094e+00) (0, 2.67371630668640136719e+00) (1, -2.58355975151062011719e-01) (2, -8.05264854431152343750e+00) (3, 4.12002277374267578125e+00) (4, -6.11446678638458251953e-01) (5, -7.50764131546020507812e+00) (6, -1.15964756011962890625e+01) (7, -1.71797621250152587891e+00) (8, 6.10491180419921875000e+00) (9, 2.65664386749267578125e+00) (10, 2.46561241149902343750e+00) (11, 5.04067802429199218750e+00) (12, 2.92109227180480957031e+00) (13, -8.47822904586791992188e-01) (14, -4.13628244400024414062e+00) 
