FANN_FLO_2.1
num_layers=4
learning_rate=0.400000
connection_rate=1.000000
network_type=0
learning_momentum=0.000000
training_algorithm=2
train_error_function=1
train_stop_function=0
cascade_output_change_fraction=0.010000
quickprop_decay=-0.000100
quickprop_mu=1.750000
rprop_increase_factor=1.200000
rprop_decrease_factor=0.500000
rprop_delta_min=0.000000
rprop_delta_max=50.000000
rprop_delta_zero=0.100000
cascade_output_stagnation_epochs=12
cascade_candidate_change_fraction=0.010000
cascade_candidate_stagnation_epochs=12
cascade_max_out_epochs=150
cascade_min_out_epochs=50
cascade_max_cand_epochs=150
cascade_min_cand_epochs=50
cascade_num_candidate_groups=2
bit_fail_limit=3.49999994039535522461e-01
cascade_candidate_limit=1.00000000000000000000e+03
cascade_weight_multiplier=4.00000005960464477539e-01
cascade_activation_functions_count=10
cascade_activation_functions=3 5 7 8 10 11 14 15 16 17 
cascade_activation_steepnesses_count=4
cascade_activation_steepnesses=2.50000000000000000000e-01 5.00000000000000000000e-01 7.50000000000000000000e-01 1.00000000000000000000e+00 
layer_sizes=7 5 5 2 
scale_included=0
neurons (num_inputs, activation_function, activation_steepness)=(0, 0, 0.00000000000000000000e+00) (0, 0, 0.00000000000000000000e+00) (0, 0, 0.00000000000000000000e+00) (0, 0, 0.00000000000000000000e+00) (0, 0, 0.00000000000000000000e+00) (0, 0, 0.00000000000000000000e+00) (0, 0, 0.00000000000000000000e+00) (7, 3, 5.00000000000000000000e-01) (7, 3, 5.00000000000000000000e-01) (7, 3, 5.00000000000000000000e-01) (7, 3, 5.00000000000000000000e-01) (0, 3, 0.00000000000000000000e+00) (5, 3, 5.00000000000000000000e-01) (5, 3, 5.00000000000000000000e-01) (5, 3, 5.00000000000000000000e-01) (5, 3, 5.00000000000000000000e-01) (0, 3, 0.00000000000000000000e+00) (5, 3, 5.00000000000000000000e-01) (0, 3, 0.00000000000000000000e+00) 
connections (connected_to_neuron, weight)=(0, -5.58514976501464843750e+00) (1, 3.94109940528869628906e+00) (2, -1.85047817230224609375e+00) (3, -2.27364706993103027344e+00) (4, -6.61184489727020263672e-01) (5, -1.72316682338714599609e+00) (6, 7.66098797321319580078e-01) (0, -6.25761127471923828125e+00) (1, 1.12799377441406250000e+01) (2, 4.37722587585449218750e+01) (3, 1.05758972167968750000e+01) (4, -1.74419841766357421875e+01) (5, 1.31437568664550781250e+01) (6, -8.22175502777099609375e+00) (0, -3.91211223602294921875e+00) (1, 2.01567029953002929688e+00) (2, -2.04388692975044250488e-01) (3, -2.65928959846496582031e+00) (4, -7.01804161071777343750e-01) (5, -4.55039702355861663818e-02) (6, 1.18309688568115234375e+00) (0, -1.19518423080444335938e+00) (1, -2.04796576499938964844e+00) (2, 1.38179624080657958984e+00) (3, -5.26497888565063476562e+00) (4, -1.20739591121673583984e+00) (5, 2.81852149963378906250e+00) (6, 8.15462410449981689453e-01) (7, 8.50184154510498046875e+00) (8, -8.84025669097900390625e+00) (9, 3.34677848815917968750e+01) (10, 7.74790649414062500000e+01) (11, -4.14993381500244140625e+00) (7, -6.82178831100463867188e+00) (8, 1.95384040474891662598e-01) (9, -1.22373886108398437500e+01) (10, 8.08169078826904296875e+00) (11, -2.54485750198364257812e+00) (7, 2.32156143188476562500e+01) (8, 2.44172620773315429688e+00) (9, -1.06574125289916992188e+01) (10, -6.77764749526977539062e+00) (11, -3.01905846595764160156e+00) (7, 1.54023504257202148438e+01) (8, -1.60131473541259765625e+01) (9, 7.09395027160644531250e+00) (10, 1.85363922119140625000e+01) (11, -4.44308376312255859375e+00) (12, -1.23619544506072998047e+00) (13, -2.61928005218505859375e+01) (14, -4.79338932037353515625e+00) (15, -4.73835527896881103516e-01) (16, 4.80996770784258842468e-03) 
