FANN_FLO_2.1
num_layers=3
learning_rate=0.400000
connection_rate=1.000000
network_type=0
learning_momentum=0.000000
training_algorithm=2
train_error_function=1
train_stop_function=0
cascade_output_change_fraction=0.010000
quickprop_decay=-0.000100
quickprop_mu=1.750000
rprop_increase_factor=1.200000
rprop_decrease_factor=0.500000
rprop_delta_min=0.000000
rprop_delta_max=50.000000
rprop_delta_zero=0.100000
cascade_output_stagnation_epochs=12
cascade_candidate_change_fraction=0.010000
cascade_candidate_stagnation_epochs=12
cascade_max_out_epochs=150
cascade_min_out_epochs=50
cascade_max_cand_epochs=150
cascade_min_cand_epochs=50
cascade_num_candidate_groups=2
bit_fail_limit=3.49999994039535522461e-01
cascade_candidate_limit=1.00000000000000000000e+03
cascade_weight_multiplier=4.00000005960464477539e-01
cascade_activation_functions_count=10
cascade_activation_functions=3 5 7 8 10 11 14 15 16 17 
cascade_activation_steepnesses_count=4
cascade_activation_steepnesses=2.50000000000000000000e-01 5.00000000000000000000e-01 7.50000000000000000000e-01 1.00000000000000000000e+00 
layer_sizes=7 9 2 
scale_included=0
neurons (num_inputs, activation_function, activation_steepness)=(0, 0, 0.00000000000000000000e+00) (0, 0, 0.00000000000000000000e+00) (0, 0, 0.00000000000000000000e+00) (0, 0, 0.00000000000000000000e+00) (0, 0, 0.00000000000000000000e+00) (0, 0, 0.00000000000000000000e+00) (0, 0, 0.00000000000000000000e+00) (7, 3, 5.00000000000000000000e-01) (7, 3, 5.00000000000000000000e-01) (7, 3, 5.00000000000000000000e-01) (7, 3, 5.00000000000000000000e-01) (7, 3, 5.00000000000000000000e-01) (7, 3, 5.00000000000000000000e-01) (7, 3, 5.00000000000000000000e-01) (7, 3, 5.00000000000000000000e-01) (0, 3, 0.00000000000000000000e+00) (9, 3, 5.00000000000000000000e-01) (0, 3, 0.00000000000000000000e+00) 
connections (connected_to_neuron, weight)=(0, -1.40324458479881286621e-01) (1, -4.04494333267211914062e+00) (2, -2.29391784667968750000e+01) (3, -5.49090671539306640625e+00) (4, -8.01477953791618347168e-02) (5, 7.52751255035400390625e+00) (6, -4.59215819835662841797e-01) (0, -1.62440795898437500000e+01) (1, 1.54752645492553710938e+01) (2, -1.46361088752746582031e+00) (3, -3.89582610130310058594e+00) (4, -1.27830147743225097656e+00) (5, 4.42092609405517578125e+00) (6, 1.48678064346313476562e+00) (0, -5.56078481674194335938e+00) (1, -1.79826617240905761719e+00) (2, -5.37947235107421875000e+01) (3, 6.94860160350799560547e-01) (4, 4.59017562866210937500e+00) (5, -1.94592773437500000000e+02) (6, 5.06744718551635742188e+00) (0, -2.91303873062133789062e+00) (1, -3.34503936767578125000e+00) (2, -1.73228874206542968750e+01) (3, -3.78906488418579101562e+00) (4, -1.81449794769287109375e+00) (5, -2.00707225799560546875e+01) (6, 8.98499965667724609375e+00) (0, -2.19742345809936523438e+00) (1, -1.27069294452667236328e+00) (2, 2.94742450714111328125e+01) (3, 2.02727127075195312500e+01) (4, -2.10804119110107421875e+01) (5, -3.67114305496215820312e-01) (6, -2.55350136756896972656e+00) (0, 1.00544242858886718750e+01) (1, -1.03238048553466796875e+01) (2, 8.08036708831787109375e+00) (3, -9.34228599071502685547e-01) (4, -2.31186643242835998535e-01) (5, -3.88761115074157714844e+00) (6, 3.84775948524475097656e+00) (0, -1.79971237182617187500e+01) (1, 5.18759155273437500000e+00) (2, -2.47306376695632934570e-01) (3, 2.46597504615783691406e+00) (4, 2.50184130668640136719e+00) (5, -1.05650793457031250000e+03) (6, 3.56645894050598144531e+00) (0, -2.20736384391784667969e+00) (1, -6.35688018798828125000e+00) (2, 9.17804622650146484375e+00) (3, -1.87166862487792968750e+01) (4, -1.77442395687103271484e+00) (5, -1.28091354370117187500e+01) (6, 3.64269542694091796875e+00) (7, -1.09872138500213623047e+00) (8, -3.61529707908630371094e+00) (9, -1.65695831179618835449e-01) (10, -6.12765610218048095703e-01) (11, -4.89371895790100097656e-01) (12, -4.27720499038696289062e+00) (13, -2.63910114765167236328e-01) (14, 2.02059841156005859375e+00) (15, 3.20612812042236328125e+00) 
