FANN_FLO_2.1
num_layers=3
learning_rate=0.400000
connection_rate=1.000000
network_type=0
learning_momentum=0.000000
training_algorithm=2
train_error_function=1
train_stop_function=0
cascade_output_change_fraction=0.010000
quickprop_decay=-0.000100
quickprop_mu=1.750000
rprop_increase_factor=1.200000
rprop_decrease_factor=0.500000
rprop_delta_min=0.000000
rprop_delta_max=50.000000
rprop_delta_zero=0.100000
cascade_output_stagnation_epochs=12
cascade_candidate_change_fraction=0.010000
cascade_candidate_stagnation_epochs=12
cascade_max_out_epochs=150
cascade_min_out_epochs=50
cascade_max_cand_epochs=150
cascade_min_cand_epochs=50
cascade_num_candidate_groups=2
bit_fail_limit=3.49999994039535522461e-01
cascade_candidate_limit=1.00000000000000000000e+03
cascade_weight_multiplier=4.00000005960464477539e-01
cascade_activation_functions_count=10
cascade_activation_functions=3 5 7 8 10 11 14 15 16 17 
cascade_activation_steepnesses_count=4
cascade_activation_steepnesses=2.50000000000000000000e-01 5.00000000000000000000e-01 7.50000000000000000000e-01 1.00000000000000000000e+00 
layer_sizes=7 5 2 
scale_included=0
neurons (num_inputs, activation_function, activation_steepness)=(0, 0, 0.00000000000000000000e+00) (0, 0, 0.00000000000000000000e+00) (0, 0, 0.00000000000000000000e+00) (0, 0, 0.00000000000000000000e+00) (0, 0, 0.00000000000000000000e+00) (0, 0, 0.00000000000000000000e+00) (0, 0, 0.00000000000000000000e+00) (7, 3, 5.00000000000000000000e-01) (7, 3, 5.00000000000000000000e-01) (7, 3, 5.00000000000000000000e-01) (7, 3, 5.00000000000000000000e-01) (0, 3, 0.00000000000000000000e+00) (5, 3, 5.00000000000000000000e-01) (0, 3, 0.00000000000000000000e+00) 
connections (connected_to_neuron, weight)=(0, -5.41882038116455078125e+00) (1, -2.99044656753540039062e+00) (2, -1.51505637168884277344e+00) (3, 2.20290493965148925781e+00) (4, 1.44378006458282470703e+00) (5, 3.04394578933715820312e+00) (6, -1.11312663555145263672e+00) (0, -6.73595368862152099609e-01) (1, 4.79074895381927490234e-01) (2, -1.58307862281799316406e+00) (3, -7.21571207046508789062e-01) (4, -1.31380581855773925781e+00) (5, -2.57597565650939941406e+00) (6, 2.33832311630249023438e+00) (0, -5.14193058013916015625e+00) (1, 4.47754651308059692383e-01) (2, 3.25659960508346557617e-01) (3, -1.20801913738250732422e+00) (4, 6.07729494571685791016e-01) (5, -3.03039836883544921875e+00) (6, 5.18379354476928710938e+00) (0, 1.15225386619567871094e+00) (1, -1.16787004470825195312e+00) (2, 3.46920585632324218750e+00) (3, 1.16454780101776123047e+00) (4, 4.95951271057128906250e+00) (5, -1.35336904525756835938e+01) (6, -8.47796916961669921875e-01) (7, 4.37254810333251953125e+00) (8, -1.61871135234832763672e+00) (9, -2.66439628601074218750e+00) (10, 2.62390875816345214844e+00) (11, 4.32948142290115356445e-01) 
