FANN_FLO_2.1
num_layers=4
learning_rate=0.500000
connection_rate=1.000000
network_type=0
learning_momentum=0.000000
training_algorithm=2
train_error_function=1
train_stop_function=0
cascade_output_change_fraction=0.010000
quickprop_decay=-0.000100
quickprop_mu=1.750000
rprop_increase_factor=1.200000
rprop_decrease_factor=0.500000
rprop_delta_min=0.000000
rprop_delta_max=50.000000
rprop_delta_zero=0.100000
cascade_output_stagnation_epochs=12
cascade_candidate_change_fraction=0.010000
cascade_candidate_stagnation_epochs=12
cascade_max_out_epochs=150
cascade_min_out_epochs=50
cascade_max_cand_epochs=150
cascade_min_cand_epochs=50
cascade_num_candidate_groups=2
bit_fail_limit=3.49999994039535522461e-01
cascade_candidate_limit=1.00000000000000000000e+03
cascade_weight_multiplier=4.00000005960464477539e-01
cascade_activation_functions_count=10
cascade_activation_functions=3 5 7 8 10 11 14 15 16 17 
cascade_activation_steepnesses_count=4
cascade_activation_steepnesses=2.50000000000000000000e-01 5.00000000000000000000e-01 7.50000000000000000000e-01 1.00000000000000000000e+00 
layer_sizes=10 5 3 2 
scale_included=0
neurons (num_inputs, activation_function, activation_steepness)=(0, 0, 0.00000000000000000000e+00) (0, 0, 0.00000000000000000000e+00) (0, 0, 0.00000000000000000000e+00) (0, 0, 0.00000000000000000000e+00) (0, 0, 0.00000000000000000000e+00) (0, 0, 0.00000000000000000000e+00) (0, 0, 0.00000000000000000000e+00) (0, 0, 0.00000000000000000000e+00) (0, 0, 0.00000000000000000000e+00) (0, 0, 0.00000000000000000000e+00) (10, 3, 5.00000000000000000000e-01) (10, 3, 5.00000000000000000000e-01) (10, 3, 5.00000000000000000000e-01) (10, 3, 5.00000000000000000000e-01) (0, 3, 0.00000000000000000000e+00) (5, 3, 5.00000000000000000000e-01) (5, 3, 5.00000000000000000000e-01) (0, 3, 0.00000000000000000000e+00) (3, 3, 5.00000000000000000000e-01) (0, 3, 0.00000000000000000000e+00) 
connections (connected_to_neuron, weight)=(0, -1.47153592109680175781e+00) (1, 1.14236898422241210938e+01) (2, 4.11354732513427734375e+00) (3, -5.29005384445190429688e+00) (4, 2.48092842102050781250e+00) (5, 3.94863080978393554688e+00) (6, -6.23166131973266601562e+00) (7, -3.21908020973205566406e+00) (8, -6.80416870117187500000e+00) (9, -1.25572645664215087891e+00) (0, -7.84449338912963867188e-01) (1, 8.47699284553527832031e-01) (2, -2.11542873382568359375e+01) (3, 1.15774893760681152344e+00) (4, 2.23286294937133789062e+00) (5, 3.81102591753005981445e-01) (6, 4.74942636489868164062e+00) (7, 3.77221012115478515625e+00) (8, 2.84878998994827270508e-01) (9, 1.68687865138053894043e-01) (0, -1.02643918991088867188e+00) (1, 2.66707479953765869141e-01) (2, -1.03523988723754882812e+01) (3, -1.44025230407714843750e+00) (4, 7.61860728263854980469e-01) (5, 5.00239372253417968750e-01) (6, 1.09030437469482421875e+00) (7, 7.05181550979614257812e+00) (8, -8.08760583400726318359e-01) (9, 1.47762882709503173828e+00) (0, -6.00579321384429931641e-01) (1, 1.33410024642944335938e+00) (2, -2.22508029937744140625e+01) (3, 1.64444613456726074219e+00) (4, 1.87246394157409667969e+00) (5, 3.99528741836547851562e-01) (6, 4.60602045059204101562e+00) (7, 3.98743867874145507812e+00) (8, 2.11248770356178283691e-01) (9, 2.83253163099288940430e-01) (10, 6.99200630187988281250e+00) (11, 6.02897977828979492188e+00) (12, -6.77992200851440429688e+00) (13, 4.39290475845336914062e+00) (14, 5.57661294937133789062e-01) (10, -1.18478698730468750000e+01) (11, -6.01021575927734375000e+00) (12, 3.14877176284790039062e+00) (13, -6.45310974121093750000e+00) (14, 4.88331127166748046875e+00) (15, 5.52155435085296630859e-01) (16, -2.08487367630004882812e+00) (17, 3.45414608716964721680e-01) 
