FANN_FLO_2.1
num_layers=4
learning_rate=0.500000
connection_rate=1.000000
network_type=0
learning_momentum=0.000000
training_algorithm=2
train_error_function=1
train_stop_function=0
cascade_output_change_fraction=0.010000
quickprop_decay=-0.000100
quickprop_mu=1.750000
rprop_increase_factor=1.200000
rprop_decrease_factor=0.500000
rprop_delta_min=0.000000
rprop_delta_max=50.000000
rprop_delta_zero=0.100000
cascade_output_stagnation_epochs=12
cascade_candidate_change_fraction=0.010000
cascade_candidate_stagnation_epochs=12
cascade_max_out_epochs=150
cascade_min_out_epochs=50
cascade_max_cand_epochs=150
cascade_min_cand_epochs=50
cascade_num_candidate_groups=2
bit_fail_limit=3.49999994039535522461e-01
cascade_candidate_limit=1.00000000000000000000e+03
cascade_weight_multiplier=4.00000005960464477539e-01
cascade_activation_functions_count=10
cascade_activation_functions=3 5 7 8 10 11 14 15 16 17 
cascade_activation_steepnesses_count=4
cascade_activation_steepnesses=2.50000000000000000000e-01 5.00000000000000000000e-01 7.50000000000000000000e-01 1.00000000000000000000e+00 
layer_sizes=2 5 3 3 
scale_included=0
neurons (num_inputs, activation_function, activation_steepness)=(0, 0, 0.00000000000000000000e+00) (0, 0, 0.00000000000000000000e+00) (2, 3, 5.00000000000000000000e-01) (2, 3, 5.00000000000000000000e-01) (2, 3, 5.00000000000000000000e-01) (2, 3, 5.00000000000000000000e-01) (0, 3, 0.00000000000000000000e+00) (5, 3, 5.00000000000000000000e-01) (5, 3, 5.00000000000000000000e-01) (0, 3, 0.00000000000000000000e+00) (3, 0, 5.00000000000000000000e-01) (3, 0, 5.00000000000000000000e-01) (0, 0, 0.00000000000000000000e+00) 
connections (connected_to_neuron, weight)=(0, -1.87859001159667968750e+01) (1, 4.96600294113159179688e+00) (0, -5.04036026000976562500e+01) (1, 6.38803672790527343750e+00) (0, -2.58505840301513671875e+01) (1, 2.40522837638854980469e+00) (0, -2.80257186889648437500e+01) (1, 8.83765697479248046875e+00) (2, 3.59244308471679687500e+01) (3, -1.41624240875244140625e+01) (4, -5.89592742919921875000e+00) (5, -1.42151308059692382812e+01) (6, -8.82484972476959228516e-01) (2, -3.09055042266845703125e+00) (3, 9.13347661495208740234e-01) (4, -2.88654565811157226562e+00) (5, 3.29901814460754394531e-01) (6, 2.60284185409545898438e+00) (7, -3.38462710380554199219e+00) (8, -1.88729822635650634766e+00) (9, 2.73319005966186523438e+00) (7, 2.14378166198730468750e+00) (8, -4.17664957046508789062e+00) (9, 9.55078840255737304688e-01) 
