FANN_FLO_2.1
num_layers=3
learning_rate=0.400000
connection_rate=1.000000
network_type=0
learning_momentum=0.000000
training_algorithm=2
train_error_function=1
train_stop_function=0
cascade_output_change_fraction=0.010000
quickprop_decay=-0.000100
quickprop_mu=1.750000
rprop_increase_factor=1.200000
rprop_decrease_factor=0.500000
rprop_delta_min=0.000000
rprop_delta_max=50.000000
rprop_delta_zero=0.100000
cascade_output_stagnation_epochs=12
cascade_candidate_change_fraction=0.010000
cascade_candidate_stagnation_epochs=12
cascade_max_out_epochs=150
cascade_min_out_epochs=50
cascade_max_cand_epochs=150
cascade_min_cand_epochs=50
cascade_num_candidate_groups=2
bit_fail_limit=3.49999994039535522461e-01
cascade_candidate_limit=1.00000000000000000000e+03
cascade_weight_multiplier=4.00000005960464477539e-01
cascade_activation_functions_count=10
cascade_activation_functions=3 5 7 8 10 11 14 15 16 17 
cascade_activation_steepnesses_count=4
cascade_activation_steepnesses=2.50000000000000000000e-01 5.00000000000000000000e-01 7.50000000000000000000e-01 1.00000000000000000000e+00 
layer_sizes=7 5 2 
scale_included=0
neurons (num_inputs, activation_function, activation_steepness)=(0, 0, 0.00000000000000000000e+00) (0, 0, 0.00000000000000000000e+00) (0, 0, 0.00000000000000000000e+00) (0, 0, 0.00000000000000000000e+00) (0, 0, 0.00000000000000000000e+00) (0, 0, 0.00000000000000000000e+00) (0, 0, 0.00000000000000000000e+00) (7, 3, 5.00000000000000000000e-01) (7, 3, 5.00000000000000000000e-01) (7, 3, 5.00000000000000000000e-01) (7, 3, 5.00000000000000000000e-01) (0, 3, 0.00000000000000000000e+00) (5, 3, 5.00000000000000000000e-01) (0, 3, 0.00000000000000000000e+00) 
connections (connected_to_neuron, weight)=(0, -1.40954279899597167969e+00) (1, -2.94931381940841674805e-01) (2, 3.28278136253356933594e+00) (3, 2.86338806152343750000e+00) (4, 3.38900542259216308594e+00) (5, -9.08113574981689453125e+00) (6, -8.54442298412322998047e-01) (0, -4.37142550945281982422e-01) (1, 4.20016908645629882812e+00) (2, 1.69361793994903564453e+00) (3, -2.60893249511718750000e+00) (4, 2.09109473228454589844e+00) (5, -9.56443500518798828125e+00) (6, 4.17163610458374023438e+00) (0, 1.16446924209594726562e+00) (1, -2.86574769020080566406e+00) (2, -2.27111887931823730469e+00) (3, 2.67704296112060546875e+00) (4, -1.09393084049224853516e+00) (5, 4.17069292068481445312e+00) (6, -3.09076666831970214844e+00) (0, -7.86379098892211914062e+00) (1, -1.98416638374328613281e+00) (2, -1.93672573566436767578e+00) (3, 1.48245584964752197266e+00) (4, 3.13845634460449218750e+00) (5, 1.69876646995544433594e+00) (6, -1.62883126735687255859e+00) (7, 3.67911958694458007812e+00) (8, -2.81975007057189941406e+00) (9, 1.24495327472686767578e+00) (10, 2.96980381011962890625e+00) (11, -4.22263205051422119141e-01) 
