FANN_FLO_2.1
num_layers=4
learning_rate=0.500000
connection_rate=1.000000
network_type=0
learning_momentum=0.000000
training_algorithm=2
train_error_function=1
train_stop_function=0
cascade_output_change_fraction=0.010000
quickprop_decay=-0.000100
quickprop_mu=1.750000
rprop_increase_factor=1.200000
rprop_decrease_factor=0.500000
rprop_delta_min=0.000000
rprop_delta_max=50.000000
rprop_delta_zero=0.100000
cascade_output_stagnation_epochs=12
cascade_candidate_change_fraction=0.010000
cascade_candidate_stagnation_epochs=12
cascade_max_out_epochs=150
cascade_min_out_epochs=50
cascade_max_cand_epochs=150
cascade_min_cand_epochs=50
cascade_num_candidate_groups=2
bit_fail_limit=3.49999994039535522461e-01
cascade_candidate_limit=1.00000000000000000000e+03
cascade_weight_multiplier=4.00000005960464477539e-01
cascade_activation_functions_count=10
cascade_activation_functions=3 5 7 8 10 11 14 15 16 17 
cascade_activation_steepnesses_count=4
cascade_activation_steepnesses=2.50000000000000000000e-01 5.00000000000000000000e-01 7.50000000000000000000e-01 1.00000000000000000000e+00 
layer_sizes=10 5 3 2 
scale_included=0
neurons (num_inputs, activation_function, activation_steepness)=(0, 0, 0.00000000000000000000e+00) (0, 0, 0.00000000000000000000e+00) (0, 0, 0.00000000000000000000e+00) (0, 0, 0.00000000000000000000e+00) (0, 0, 0.00000000000000000000e+00) (0, 0, 0.00000000000000000000e+00) (0, 0, 0.00000000000000000000e+00) (0, 0, 0.00000000000000000000e+00) (0, 0, 0.00000000000000000000e+00) (0, 0, 0.00000000000000000000e+00) (10, 3, 5.00000000000000000000e-01) (10, 3, 5.00000000000000000000e-01) (10, 3, 5.00000000000000000000e-01) (10, 3, 5.00000000000000000000e-01) (0, 3, 0.00000000000000000000e+00) (5, 3, 5.00000000000000000000e-01) (5, 3, 5.00000000000000000000e-01) (0, 3, 0.00000000000000000000e+00) (3, 3, 5.00000000000000000000e-01) (0, 3, 0.00000000000000000000e+00) 
connections (connected_to_neuron, weight)=(0, -3.54769539833068847656e+00) (1, 2.24875974655151367188e+00) (2, -8.85255813598632812500e+00) (3, -5.14842927455902099609e-01) (4, 1.42224526405334472656e+00) (5, 2.90654325485229492188e+00) (6, -9.50913131237030029297e-01) (7, 6.26338362693786621094e-01) (8, 1.03488373756408691406e+00) (9, 1.27154517173767089844e+00) (0, -4.45125627517700195312e+00) (1, 9.90527093410491943359e-01) (2, -1.17812255859375000000e+02) (3, -2.35403323173522949219e+00) (4, 9.87556159496307373047e-01) (5, 7.87501692771911621094e-01) (6, -2.21508049964904785156e+00) (7, -4.36859816312789916992e-01) (8, 2.03804826736450195312e+00) (9, 6.97366833686828613281e-01) (0, -1.66743290424346923828e+00) (1, 4.90063953399658203125e+00) (2, 5.89420413970947265625e+00) (3, -1.39651894569396972656e+00) (4, 1.84471321105957031250e+00) (5, 1.41190159320831298828e+00) (6, -6.78312540054321289062e+00) (7, -8.78092193603515625000e+00) (8, -2.61918973922729492188e+00) (9, 1.46515643596649169922e+00) (0, -2.73876047134399414062e+00) (1, 4.42919206619262695312e+00) (2, -5.61238765716552734375e+00) (3, -2.09233903884887695312e+00) (4, 1.23552644252777099609e+00) (5, 7.24132835865020751953e-01) (6, -1.81351447105407714844e+00) (7, 5.39320468902587890625e-01) (8, 8.94144654273986816406e-01) (9, 1.02540326118469238281e+00) (10, 9.26785755157470703125e+00) (11, -3.17609262466430664062e+00) (12, 1.53495712280273437500e+01) (13, 8.82205963134765625000e+00) (14, -4.73118400573730468750e+00) (10, 9.44403839111328125000e+00) (11, -2.90621542930603027344e+00) (12, 1.03239660263061523438e+01) (13, 2.89318466186523437500e+00) (14, -4.85509538650512695312e+00) (15, 1.06838846206665039062e+00) (16, 1.18228149414062500000e+00) (17, -1.37390863895416259766e+00) 
