FANN_FLO_2.1
num_layers=3
learning_rate=0.400000
connection_rate=1.000000
network_type=0
learning_momentum=0.000000
training_algorithm=2
train_error_function=1
train_stop_function=0
cascade_output_change_fraction=0.010000
quickprop_decay=-0.000100
quickprop_mu=1.750000
rprop_increase_factor=1.200000
rprop_decrease_factor=0.500000
rprop_delta_min=0.000000
rprop_delta_max=50.000000
rprop_delta_zero=0.100000
cascade_output_stagnation_epochs=12
cascade_candidate_change_fraction=0.010000
cascade_candidate_stagnation_epochs=12
cascade_max_out_epochs=150
cascade_min_out_epochs=50
cascade_max_cand_epochs=150
cascade_min_cand_epochs=50
cascade_num_candidate_groups=2
bit_fail_limit=3.49999994039535522461e-01
cascade_candidate_limit=1.00000000000000000000e+03
cascade_weight_multiplier=4.00000005960464477539e-01
cascade_activation_functions_count=10
cascade_activation_functions=3 5 7 8 10 11 14 15 16 17 
cascade_activation_steepnesses_count=4
cascade_activation_steepnesses=2.50000000000000000000e-01 5.00000000000000000000e-01 7.50000000000000000000e-01 1.00000000000000000000e+00 
layer_sizes=7 5 2 
scale_included=0
neurons (num_inputs, activation_function, activation_steepness)=(0, 0, 0.00000000000000000000e+00) (0, 0, 0.00000000000000000000e+00) (0, 0, 0.00000000000000000000e+00) (0, 0, 0.00000000000000000000e+00) (0, 0, 0.00000000000000000000e+00) (0, 0, 0.00000000000000000000e+00) (0, 0, 0.00000000000000000000e+00) (7, 3, 5.00000000000000000000e-01) (7, 3, 5.00000000000000000000e-01) (7, 3, 5.00000000000000000000e-01) (7, 3, 5.00000000000000000000e-01) (0, 3, 0.00000000000000000000e+00) (5, 3, 5.00000000000000000000e-01) (0, 3, 0.00000000000000000000e+00) 
connections (connected_to_neuron, weight)=(0, -3.33439302444458007812e+00) (1, -1.51891458034515380859e+00) (2, -3.62460231781005859375e+00) (3, -2.27749681472778320312e+00) (4, -1.69988989830017089844e+00) (5, -1.50000000000000000000e+03) (6, 7.07973051071166992188e+00) (0, 1.10677185058593750000e+01) (1, -1.27927465438842773438e+01) (2, -4.94079828262329101562e+00) (3, -2.20303297042846679688e+00) (4, -3.01371783018112182617e-01) (5, 6.08708524703979492188e+00) (6, -4.54102230072021484375e+00) (0, -1.52383737564086914062e+01) (1, 1.47515420913696289062e+01) (2, -6.82526826858520507812e+00) (3, -2.55075001716613769531e+00) (4, -9.19907212257385253906e-01) (5, 2.94064998626708984375e+00) (6, 1.33626687526702880859e+00) (0, 3.70574146509170532227e-01) (1, 4.99376267194747924805e-01) (2, 3.57196846008300781250e+01) (3, -1.27891409397125244141e+00) (4, 2.81998693943023681641e-01) (5, -5.14176607131958007812e+00) (6, 1.25949084758758544922e+00) (7, -1.89829778671264648438e+00) (8, -5.78141021728515625000e+00) (9, -3.05547761917114257812e+00) (10, -2.07624411582946777344e+00) (11, 1.97186601161956787109e+00) 
