FANN_FLO_2.1
num_layers=3
learning_rate=0.400000
connection_rate=1.000000
network_type=0
learning_momentum=0.000000
training_algorithm=2
train_error_function=1
train_stop_function=0
cascade_output_change_fraction=0.010000
quickprop_decay=-0.000100
quickprop_mu=1.750000
rprop_increase_factor=1.200000
rprop_decrease_factor=0.500000
rprop_delta_min=0.000000
rprop_delta_max=50.000000
rprop_delta_zero=0.100000
cascade_output_stagnation_epochs=12
cascade_candidate_change_fraction=0.010000
cascade_candidate_stagnation_epochs=12
cascade_max_out_epochs=150
cascade_min_out_epochs=50
cascade_max_cand_epochs=150
cascade_min_cand_epochs=50
cascade_num_candidate_groups=2
bit_fail_limit=3.49999994039535522461e-01
cascade_candidate_limit=1.00000000000000000000e+03
cascade_weight_multiplier=4.00000005960464477539e-01
cascade_activation_functions_count=10
cascade_activation_functions=3 5 7 8 10 11 14 15 16 17 
cascade_activation_steepnesses_count=4
cascade_activation_steepnesses=2.50000000000000000000e-01 5.00000000000000000000e-01 7.50000000000000000000e-01 1.00000000000000000000e+00 
layer_sizes=7 5 2 
scale_included=0
neurons (num_inputs, activation_function, activation_steepness)=(0, 0, 0.00000000000000000000e+00) (0, 0, 0.00000000000000000000e+00) (0, 0, 0.00000000000000000000e+00) (0, 0, 0.00000000000000000000e+00) (0, 0, 0.00000000000000000000e+00) (0, 0, 0.00000000000000000000e+00) (0, 0, 0.00000000000000000000e+00) (7, 3, 5.00000000000000000000e-01) (7, 3, 5.00000000000000000000e-01) (7, 3, 5.00000000000000000000e-01) (7, 3, 5.00000000000000000000e-01) (0, 3, 0.00000000000000000000e+00) (5, 3, 5.00000000000000000000e-01) (0, 3, 0.00000000000000000000e+00) 
connections (connected_to_neuron, weight)=(0, -2.94471907615661621094e+00) (1, 2.33124732971191406250e+00) (2, -1.61583077907562255859e+00) (3, -4.65132331848144531250e+00) (4, -2.24293303489685058594e+00) (5, 2.02106618881225585938e+00) (6, 3.36603736877441406250e+00) (0, 9.32255744934082031250e+00) (1, -1.15253400802612304688e+01) (2, 5.73586320877075195312e+00) (3, -1.90764260292053222656e+00) (4, 5.67466139793395996094e-01) (5, -5.64151573181152343750e+00) (6, 6.98848772048950195312e+00) (0, -7.65231847763061523438e+00) (1, 4.94239425659179687500e+00) (2, -6.19648361206054687500e+00) (3, -2.72862255573272705078e-01) (4, 1.38344243168830871582e-01) (5, 4.92904233932495117188e+00) (6, 2.21131157875061035156e+00) (0, 6.71616792678833007812e+00) (1, 5.35127830505371093750e+00) (2, 3.70228347778320312500e+01) (3, -1.91759815216064453125e+01) (4, -1.02467317581176757812e+01) (5, -9.83559429645538330078e-01) (6, 1.33657383918762207031e+00) (7, -1.61146461963653564453e+00) (8, -2.67113089561462402344e+00) (9, -2.40769839286804199219e+00) (10, -4.37317043542861938477e-01) (11, 2.30778551101684570312e+00) 
