FANN_FLO_2.1
num_layers=3
learning_rate=0.400000
connection_rate=1.000000
network_type=0
learning_momentum=0.000000
training_algorithm=2
train_error_function=1
train_stop_function=0
cascade_output_change_fraction=0.010000
quickprop_decay=-0.000100
quickprop_mu=1.750000
rprop_increase_factor=1.200000
rprop_decrease_factor=0.500000
rprop_delta_min=0.000000
rprop_delta_max=50.000000
rprop_delta_zero=0.100000
cascade_output_stagnation_epochs=12
cascade_candidate_change_fraction=0.010000
cascade_candidate_stagnation_epochs=12
cascade_max_out_epochs=150
cascade_min_out_epochs=50
cascade_max_cand_epochs=150
cascade_min_cand_epochs=50
cascade_num_candidate_groups=2
bit_fail_limit=3.49999994039535522461e-01
cascade_candidate_limit=1.00000000000000000000e+03
cascade_weight_multiplier=4.00000005960464477539e-01
cascade_activation_functions_count=10
cascade_activation_functions=3 5 7 8 10 11 14 15 16 17 
cascade_activation_steepnesses_count=4
cascade_activation_steepnesses=2.50000000000000000000e-01 5.00000000000000000000e-01 7.50000000000000000000e-01 1.00000000000000000000e+00 
layer_sizes=7 9 2 
scale_included=0
neurons (num_inputs, activation_function, activation_steepness)=(0, 0, 0.00000000000000000000e+00) (0, 0, 0.00000000000000000000e+00) (0, 0, 0.00000000000000000000e+00) (0, 0, 0.00000000000000000000e+00) (0, 0, 0.00000000000000000000e+00) (0, 0, 0.00000000000000000000e+00) (0, 0, 0.00000000000000000000e+00) (7, 3, 5.00000000000000000000e-01) (7, 3, 5.00000000000000000000e-01) (7, 3, 5.00000000000000000000e-01) (7, 3, 5.00000000000000000000e-01) (7, 3, 5.00000000000000000000e-01) (7, 3, 5.00000000000000000000e-01) (7, 3, 5.00000000000000000000e-01) (7, 3, 5.00000000000000000000e-01) (0, 3, 0.00000000000000000000e+00) (9, 3, 5.00000000000000000000e-01) (0, 3, 0.00000000000000000000e+00) 
connections (connected_to_neuron, weight)=(0, -1.17638647556304931641e+00) (1, -9.98186945915222167969e-01) (2, -2.76458573341369628906e+00) (3, 1.48038303852081298828e+00) (4, 1.60591602325439453125e+00) (5, -7.74618506431579589844e-01) (6, -9.28658485412597656250e-01) (0, 1.80785965919494628906e+00) (1, -5.33695578575134277344e-01) (2, -3.69841635227203369141e-01) (3, 7.65473902225494384766e-01) (4, 4.41735792160034179688e+00) (5, 6.54243648052215576172e-01) (6, -3.13417577743530273438e+00) (0, -1.78236806392669677734e+00) (1, 1.02624225616455078125e+00) (2, -5.42769145965576171875e+00) (3, -1.89847671985626220703e+00) (4, -5.45357751846313476562e+00) (5, 2.30035247802734375000e+01) (6, 4.27038580179214477539e-01) (0, 1.32382965087890625000e+01) (1, 2.85109233856201171875e+00) (2, 1.16722166538238525391e+00) (3, -7.68137574195861816406e-01) (4, -2.31200218200683593750e+00) (5, -8.79296958446502685547e-01) (6, -3.59907150268554687500e+00) (0, -2.80810213088989257812e+00) (1, -2.26011586189270019531e+00) (2, -3.93984961509704589844e+00) (3, 1.26524734497070312500e+00) (4, 1.21973896026611328125e+00) (5, 5.78363776206970214844e-01) (6, -1.58695471286773681641e+00) (0, 7.52291828393936157227e-02) (1, -1.01172912120819091797e+00) (2, -1.00350689888000488281e+00) (3, 1.75288128852844238281e+00) (4, -6.63046419620513916016e-01) (5, 4.34970235824584960938e+00) (6, -3.07359242439270019531e+00) (0, 3.20310950279235839844e-01) (1, 4.02935296297073364258e-01) (2, -1.10313415527343750000e-01) (3, -7.82276988029479980469e-01) (4, -2.64655423164367675781e+00) (5, 2.25288724899291992188e+00) (6, 6.47047221660614013672e-01) (0, 8.05842459201812744141e-01) (1, -6.07980012893676757812e-01) (2, 6.22927904129028320312e-01) (3, 1.18764472007751464844e+00) (4, 1.11107134819030761719e+00) (5, 5.20039081573486328125e-01) (6, -7.14047789573669433594e-01) (7, -1.74253094196319580078e+00) (8, 1.07661223411560058594e+00) (9, -2.44887638092041015625e+00) (10, -1.04381084442138671875e+00) (11, 6.56348228454589843750e+00) (12, 4.77125263214111328125e+00) (13, -1.19096279144287109375e+00) (14, 7.32099056243896484375e-01) (15, 4.97504025697708129883e-02) 
