FANN_FLO_2.1
num_layers=3
learning_rate=0.400000
connection_rate=1.000000
network_type=0
learning_momentum=0.000000
training_algorithm=2
train_error_function=1
train_stop_function=0
cascade_output_change_fraction=0.010000
quickprop_decay=-0.000100
quickprop_mu=1.750000
rprop_increase_factor=1.200000
rprop_decrease_factor=0.500000
rprop_delta_min=0.000000
rprop_delta_max=50.000000
rprop_delta_zero=0.100000
cascade_output_stagnation_epochs=12
cascade_candidate_change_fraction=0.010000
cascade_candidate_stagnation_epochs=12
cascade_max_out_epochs=150
cascade_min_out_epochs=50
cascade_max_cand_epochs=150
cascade_min_cand_epochs=50
cascade_num_candidate_groups=2
bit_fail_limit=3.49999994039535522461e-01
cascade_candidate_limit=1.00000000000000000000e+03
cascade_weight_multiplier=4.00000005960464477539e-01
cascade_activation_functions_count=10
cascade_activation_functions=3 5 7 8 10 11 14 15 16 17 
cascade_activation_steepnesses_count=4
cascade_activation_steepnesses=2.50000000000000000000e-01 5.00000000000000000000e-01 7.50000000000000000000e-01 1.00000000000000000000e+00 
layer_sizes=7 5 2 
scale_included=0
neurons (num_inputs, activation_function, activation_steepness)=(0, 0, 0.00000000000000000000e+00) (0, 0, 0.00000000000000000000e+00) (0, 0, 0.00000000000000000000e+00) (0, 0, 0.00000000000000000000e+00) (0, 0, 0.00000000000000000000e+00) (0, 0, 0.00000000000000000000e+00) (0, 0, 0.00000000000000000000e+00) (7, 3, 5.00000000000000000000e-01) (7, 3, 5.00000000000000000000e-01) (7, 3, 5.00000000000000000000e-01) (7, 3, 5.00000000000000000000e-01) (0, 3, 0.00000000000000000000e+00) (5, 3, 5.00000000000000000000e-01) (0, 3, 0.00000000000000000000e+00) 
connections (connected_to_neuron, weight)=(0, -9.56323432922363281250e+00) (1, 8.86697578430175781250e+00) (2, -3.13359594345092773438e+00) (3, -1.32811236381530761719e+00) (4, -7.02834427356719970703e-01) (5, -4.01715660095214843750e+00) (6, -3.82013827562332153320e-01) (0, -2.48938798904418945312e-01) (1, -5.28754568099975585938e+00) (2, -2.16810226440429687500e+00) (3, -5.98011207580566406250e+00) (4, -1.68243896961212158203e+00) (5, 1.47092807292938232422e+00) (6, 8.74273586273193359375e+00) (0, -7.23558827303349971771e-04) (1, -4.45898103713989257812e+00) (2, 1.93428170680999755859e+00) (3, -4.57618618011474609375e+00) (4, -1.34051692485809326172e+00) (5, 1.51795816421508789062e+00) (6, 7.44895362854003906250e+00) (0, 8.41987323760986328125e+00) (1, -9.26134109497070312500e+00) (2, 3.76063442230224609375e+00) (3, -2.42623758316040039062e+00) (4, -6.33917599916458129883e-02) (5, 5.83534955978393554688e+00) (6, -6.07962703704833984375e+00) (7, -1.01298904418945312500e+01) (8, -6.99252605438232421875e-01) (9, -4.05291736125946044922e-01) (10, -7.81001234054565429688e+00) (11, -2.91143953800201416016e-01) 
