FANN_FLO_2.1
num_layers=3
learning_rate=0.400000
connection_rate=1.000000
network_type=0
learning_momentum=0.000000
training_algorithm=2
train_error_function=1
train_stop_function=0
cascade_output_change_fraction=0.010000
quickprop_decay=-0.000100
quickprop_mu=1.750000
rprop_increase_factor=1.200000
rprop_decrease_factor=0.500000
rprop_delta_min=0.000000
rprop_delta_max=50.000000
rprop_delta_zero=0.100000
cascade_output_stagnation_epochs=12
cascade_candidate_change_fraction=0.010000
cascade_candidate_stagnation_epochs=12
cascade_max_out_epochs=150
cascade_min_out_epochs=50
cascade_max_cand_epochs=150
cascade_min_cand_epochs=50
cascade_num_candidate_groups=2
bit_fail_limit=3.49999994039535522461e-01
cascade_candidate_limit=1.00000000000000000000e+03
cascade_weight_multiplier=4.00000005960464477539e-01
cascade_activation_functions_count=10
cascade_activation_functions=3 5 7 8 10 11 14 15 16 17 
cascade_activation_steepnesses_count=4
cascade_activation_steepnesses=2.50000000000000000000e-01 5.00000000000000000000e-01 7.50000000000000000000e-01 1.00000000000000000000e+00 
layer_sizes=7 9 2 
scale_included=0
neurons (num_inputs, activation_function, activation_steepness)=(0, 0, 0.00000000000000000000e+00) (0, 0, 0.00000000000000000000e+00) (0, 0, 0.00000000000000000000e+00) (0, 0, 0.00000000000000000000e+00) (0, 0, 0.00000000000000000000e+00) (0, 0, 0.00000000000000000000e+00) (0, 0, 0.00000000000000000000e+00) (7, 3, 5.00000000000000000000e-01) (7, 3, 5.00000000000000000000e-01) (7, 3, 5.00000000000000000000e-01) (7, 3, 5.00000000000000000000e-01) (7, 3, 5.00000000000000000000e-01) (7, 3, 5.00000000000000000000e-01) (7, 3, 5.00000000000000000000e-01) (7, 3, 5.00000000000000000000e-01) (0, 3, 0.00000000000000000000e+00) (9, 3, 5.00000000000000000000e-01) (0, 3, 0.00000000000000000000e+00) 
connections (connected_to_neuron, weight)=(0, 3.79232108592987060547e-01) (1, -7.51435339450836181641e-01) (2, 2.02884507179260253906e+00) (3, 1.84249424934387207031e+00) (4, 6.44660949707031250000e-01) (5, 8.02921593189239501953e-01) (6, -2.19776466488838195801e-01) (0, 7.98788070678710937500e-01) (1, 2.11422777175903320312e+00) (2, 1.36345613002777099609e+00) (3, -1.83392417430877685547e+00) (4, 5.36522865295410156250e+00) (5, -9.37533283233642578125e+00) (6, 3.63868951797485351562e+00) (0, 3.86738061904907226562e+00) (1, 6.87132883071899414062e+00) (2, 9.55645275115966796875e+00) (3, -1.61870777606964111328e+00) (4, -4.17550849914550781250e+00) (5, -2.33818340301513671875e+00) (6, -1.04374420642852783203e+00) (0, 3.91393542289733886719e+00) (1, 1.25832152366638183594e+00) (2, -1.13321506977081298828e+00) (3, -5.31861305236816406250e+00) (4, 1.26559329032897949219e+00) (5, 3.28906655311584472656e-01) (6, 2.25786399841308593750e+00) (0, 4.00770282745361328125e+00) (1, 2.80159711837768554688e+00) (2, 2.19848489761352539062e+00) (3, -4.84824085235595703125e+00) (4, -4.67677444219589233398e-01) (5, -3.46161341667175292969e+00) (6, 2.05231404304504394531e+00) (0, -7.84791409969329833984e-02) (1, -1.06487238407135009766e+00) (2, -1.05310440063476562500e+00) (3, -2.44314193725585937500e+00) (4, 6.90563106536865234375e+00) (5, -1.51998555660247802734e+00) (6, -6.18829548358917236328e-01) (0, -4.95218336582183837891e-01) (1, 7.21951544284820556641e-01) (2, -3.13984990119934082031e+00) (3, -2.91905474662780761719e+00) (4, -1.56011387705802917480e-01) (5, -3.14424723386764526367e-01) (6, 2.04883408546447753906e+00) (0, 1.22848021984100341797e+00) (1, -9.83102321624755859375e-01) (2, -3.33608239889144897461e-01) (3, 2.00989055633544921875e+00) (4, 2.64727306365966796875e+00) (5, -9.22981321811676025391e-01) (6, -6.66878938674926757812e-01) (7, 1.11553788185119628906e+00) (8, -2.21028590202331542969e+00) (9, -1.09265744686126708984e+00) (10, -7.42291331291198730469e-01) (11, -6.65129661560058593750e-01) (12, 3.02728390693664550781e+00) (13, -2.09215044975280761719e+00) (14, 1.18617081642150878906e+00) (15, 2.79847651720046997070e-01) 
