FANN_FLO_2.1
num_layers=4
learning_rate=0.500000
connection_rate=1.000000
network_type=0
learning_momentum=0.000000
training_algorithm=2
train_error_function=1
train_stop_function=0
cascade_output_change_fraction=0.010000
quickprop_decay=-0.000100
quickprop_mu=1.750000
rprop_increase_factor=1.200000
rprop_decrease_factor=0.500000
rprop_delta_min=0.000000
rprop_delta_max=50.000000
rprop_delta_zero=0.100000
cascade_output_stagnation_epochs=12
cascade_candidate_change_fraction=0.010000
cascade_candidate_stagnation_epochs=12
cascade_max_out_epochs=150
cascade_min_out_epochs=50
cascade_max_cand_epochs=150
cascade_min_cand_epochs=50
cascade_num_candidate_groups=2
bit_fail_limit=3.49999994039535522461e-01
cascade_candidate_limit=1.00000000000000000000e+03
cascade_weight_multiplier=4.00000005960464477539e-01
cascade_activation_functions_count=10
cascade_activation_functions=3 5 7 8 10 11 14 15 16 17 
cascade_activation_steepnesses_count=4
cascade_activation_steepnesses=2.50000000000000000000e-01 5.00000000000000000000e-01 7.50000000000000000000e-01 1.00000000000000000000e+00 
layer_sizes=10 3 3 2 
scale_included=0
neurons (num_inputs, activation_function, activation_steepness)=(0, 0, 0.00000000000000000000e+00) (0, 0, 0.00000000000000000000e+00) (0, 0, 0.00000000000000000000e+00) (0, 0, 0.00000000000000000000e+00) (0, 0, 0.00000000000000000000e+00) (0, 0, 0.00000000000000000000e+00) (0, 0, 0.00000000000000000000e+00) (0, 0, 0.00000000000000000000e+00) (0, 0, 0.00000000000000000000e+00) (0, 0, 0.00000000000000000000e+00) (10, 3, 5.00000000000000000000e-01) (10, 3, 5.00000000000000000000e-01) (0, 3, 0.00000000000000000000e+00) (3, 3, 5.00000000000000000000e-01) (3, 3, 5.00000000000000000000e-01) (0, 3, 0.00000000000000000000e+00) (3, 3, 5.00000000000000000000e-01) (0, 3, 0.00000000000000000000e+00) 
connections (connected_to_neuron, weight)=(0, 1.28788399696350097656e+00) (1, -1.34507169723510742188e+01) (2, -3.75005698204040527344e+00) (3, 1.04435014724731445312e+00) (4, -1.18330657482147216797e+00) (5, 2.19646358489990234375e+00) (6, 3.70247769355773925781e+00) (7, 4.48346567153930664062e+00) (8, 1.13302783966064453125e+01) (9, -1.74495458602905273438e+00) (0, -1.33087480068206787109e+00) (1, -2.13617420196533203125e+01) (2, 7.44139289855957031250e+00) (3, 6.36209678649902343750e+00) (4, 2.65233159065246582031e-01) (5, 1.85255265235900878906e+00) (6, 1.05340261459350585938e+01) (7, -2.95511126518249511719e-01) (8, 3.52816200256347656250e+00) (9, -2.32723617553710937500e+00) (10, 1.01447477340698242188e+01) (11, -4.37187433242797851562e+00) (12, -5.42912006378173828125e+00) (10, -1.51825609207153320312e+01) (11, -4.16736453771591186523e-02) (12, 4.96687555313110351562e+00) (13, 3.27692222595214843750e+00) (14, 2.80625963211059570312e+00) (15, -1.91463482379913330078e+00) 
