FANN_FLO_2.1
num_layers=4
learning_rate=0.400000
connection_rate=1.000000
network_type=0
learning_momentum=0.000000
training_algorithm=2
train_error_function=1
train_stop_function=0
cascade_output_change_fraction=0.010000
quickprop_decay=-0.000100
quickprop_mu=1.750000
rprop_increase_factor=1.200000
rprop_decrease_factor=0.500000
rprop_delta_min=0.000000
rprop_delta_max=50.000000
rprop_delta_zero=0.100000
cascade_output_stagnation_epochs=12
cascade_candidate_change_fraction=0.010000
cascade_candidate_stagnation_epochs=12
cascade_max_out_epochs=150
cascade_min_out_epochs=50
cascade_max_cand_epochs=150
cascade_min_cand_epochs=50
cascade_num_candidate_groups=2
bit_fail_limit=3.49999994039535522461e-01
cascade_candidate_limit=1.00000000000000000000e+03
cascade_weight_multiplier=4.00000005960464477539e-01
cascade_activation_functions_count=10
cascade_activation_functions=3 5 7 8 10 11 14 15 16 17 
cascade_activation_steepnesses_count=4
cascade_activation_steepnesses=2.50000000000000000000e-01 5.00000000000000000000e-01 7.50000000000000000000e-01 1.00000000000000000000e+00 
layer_sizes=7 3 3 2 
scale_included=0
neurons (num_inputs, activation_function, activation_steepness)=(0, 0, 0.00000000000000000000e+00) (0, 0, 0.00000000000000000000e+00) (0, 0, 0.00000000000000000000e+00) (0, 0, 0.00000000000000000000e+00) (0, 0, 0.00000000000000000000e+00) (0, 0, 0.00000000000000000000e+00) (0, 0, 0.00000000000000000000e+00) (7, 3, 5.00000000000000000000e-01) (7, 3, 5.00000000000000000000e-01) (0, 3, 0.00000000000000000000e+00) (3, 3, 5.00000000000000000000e-01) (3, 3, 5.00000000000000000000e-01) (0, 3, 0.00000000000000000000e+00) (3, 3, 5.00000000000000000000e-01) (0, 3, 0.00000000000000000000e+00) 
connections (connected_to_neuron, weight)=(0, -8.94439601898193359375e+00) (1, 7.40412044525146484375e+00) (2, -1.86471986770629882812e+00) (3, -2.19543361663818359375e+00) (4, -8.20758283138275146484e-01) (5, -5.96636819839477539062e+00) (6, 1.32784378528594970703e+00) (0, 9.06043052673339843750e+00) (1, -1.05349111557006835938e+01) (2, 6.34247016906738281250e+00) (3, -3.04511618614196777344e+00) (4, -6.57705545425415039062e-01) (5, 6.72534465789794921875e+00) (6, -5.42816734313964843750e+00) (7, 2.89931411743164062500e+01) (8, 5.07471733093261718750e+01) (9, -2.53714299201965332031e+00) (7, 5.65464353561401367188e+00) (8, 5.32559537887573242188e+00) (9, -3.65726304054260253906e+00) (10, -1.12365806102752685547e+00) (11, -8.59104442596435546875e+00) (12, -5.04327297210693359375e-01) 
