FANN_FLO_2.1
num_layers=3
learning_rate=0.400000
connection_rate=1.000000
network_type=0
learning_momentum=0.000000
training_algorithm=2
train_error_function=1
train_stop_function=0
cascade_output_change_fraction=0.010000
quickprop_decay=-0.000100
quickprop_mu=1.750000
rprop_increase_factor=1.200000
rprop_decrease_factor=0.500000
rprop_delta_min=0.000000
rprop_delta_max=50.000000
rprop_delta_zero=0.100000
cascade_output_stagnation_epochs=12
cascade_candidate_change_fraction=0.010000
cascade_candidate_stagnation_epochs=12
cascade_max_out_epochs=150
cascade_min_out_epochs=50
cascade_max_cand_epochs=150
cascade_min_cand_epochs=50
cascade_num_candidate_groups=2
bit_fail_limit=3.49999994039535522461e-01
cascade_candidate_limit=1.00000000000000000000e+03
cascade_weight_multiplier=4.00000005960464477539e-01
cascade_activation_functions_count=10
cascade_activation_functions=3 5 7 8 10 11 14 15 16 17 
cascade_activation_steepnesses_count=4
cascade_activation_steepnesses=2.50000000000000000000e-01 5.00000000000000000000e-01 7.50000000000000000000e-01 1.00000000000000000000e+00 
layer_sizes=19 3 3 
scale_included=0
neurons (num_inputs, activation_function, activation_steepness)=(0, 0, 0.00000000000000000000e+00) (0, 0, 0.00000000000000000000e+00) (0, 0, 0.00000000000000000000e+00) (0, 0, 0.00000000000000000000e+00) (0, 0, 0.00000000000000000000e+00) (0, 0, 0.00000000000000000000e+00) (0, 0, 0.00000000000000000000e+00) (0, 0, 0.00000000000000000000e+00) (0, 0, 0.00000000000000000000e+00) (0, 0, 0.00000000000000000000e+00) (0, 0, 0.00000000000000000000e+00) (0, 0, 0.00000000000000000000e+00) (0, 0, 0.00000000000000000000e+00) (0, 0, 0.00000000000000000000e+00) (0, 0, 0.00000000000000000000e+00) (0, 0, 0.00000000000000000000e+00) (0, 0, 0.00000000000000000000e+00) (0, 0, 0.00000000000000000000e+00) (0, 0, 0.00000000000000000000e+00) (19, 3, 5.00000000000000000000e-01) (19, 3, 5.00000000000000000000e-01) (0, 3, 0.00000000000000000000e+00) (3, 3, 5.00000000000000000000e-01) (3, 3, 5.00000000000000000000e-01) (0, 3, 0.00000000000000000000e+00) 
connections (connected_to_neuron, weight)=(0, -6.90809607505798339844e-01) (1, -6.93480253219604492188e+00) (2, 4.46810531616210937500e+00) (3, -1.44211282730102539062e+01) (4, -4.49175167083740234375e+00) (5, 1.41057815551757812500e+01) (6, 5.31363296508789062500e+00) (7, 1.88425788879394531250e+01) (8, -3.16192460060119628906e+00) (9, -9.61463034152984619141e-01) (10, -1.23281068801879882812e+01) (11, 2.74552512168884277344e+00) (12, 6.99626541137695312500e+00) (13, 2.43826656341552734375e+01) (14, -9.24282932281494140625e+00) (15, -2.79583716392517089844e+00) (16, -4.38795983791351318359e-01) (17, 3.87807679176330566406e+00) (18, -2.09656909108161926270e-01) (0, 1.35273373126983642578e+00) (1, 5.56182336807250976562e+00) (2, 6.62696075439453125000e+00) (3, 3.91970306634902954102e-01) (4, 5.90332984924316406250e+00) (5, -1.94362258911132812500e+01) (6, 7.72606277465820312500e+00) (7, -1.16509637832641601562e+01) (8, 1.91554660797119140625e+01) (9, 2.74230867624282836914e-01) (10, 5.75711250305175781250e+00) (11, -4.17446374893188476562e+00) (12, 6.95418930053710937500e+00) (13, -2.32611560821533203125e+00) (14, -5.37076139450073242188e+00) (15, -2.42908573150634765625e+00) (16, -2.86747407913208007812e+00) (17, 3.66842126846313476562e+00) (18, 4.56433343887329101562e+00) (19, -8.47241461277008056641e-01) (20, -1.02367377281188964844e+00) (21, 1.10027396678924560547e+00) (19, 8.46535563468933105469e-01) (20, 1.02345585823059082031e+00) (21, -1.09938073158264160156e+00) 
