FANN_FLO_2.1
num_layers=3
learning_rate=0.400000
connection_rate=1.000000
network_type=0
learning_momentum=0.000000
training_algorithm=2
train_error_function=1
train_stop_function=0
cascade_output_change_fraction=0.010000
quickprop_decay=-0.000100
quickprop_mu=1.750000
rprop_increase_factor=1.200000
rprop_decrease_factor=0.500000
rprop_delta_min=0.000000
rprop_delta_max=50.000000
rprop_delta_zero=0.100000
cascade_output_stagnation_epochs=12
cascade_candidate_change_fraction=0.010000
cascade_candidate_stagnation_epochs=12
cascade_max_out_epochs=150
cascade_min_out_epochs=50
cascade_max_cand_epochs=150
cascade_min_cand_epochs=50
cascade_num_candidate_groups=2
bit_fail_limit=3.49999994039535522461e-01
cascade_candidate_limit=1.00000000000000000000e+03
cascade_weight_multiplier=4.00000005960464477539e-01
cascade_activation_functions_count=10
cascade_activation_functions=3 5 7 8 10 11 14 15 16 17 
cascade_activation_steepnesses_count=4
cascade_activation_steepnesses=2.50000000000000000000e-01 5.00000000000000000000e-01 7.50000000000000000000e-01 1.00000000000000000000e+00 
layer_sizes=7 9 2 
scale_included=0
neurons (num_inputs, activation_function, activation_steepness)=(0, 0, 0.00000000000000000000e+00) (0, 0, 0.00000000000000000000e+00) (0, 0, 0.00000000000000000000e+00) (0, 0, 0.00000000000000000000e+00) (0, 0, 0.00000000000000000000e+00) (0, 0, 0.00000000000000000000e+00) (0, 0, 0.00000000000000000000e+00) (7, 3, 5.00000000000000000000e-01) (7, 3, 5.00000000000000000000e-01) (7, 3, 5.00000000000000000000e-01) (7, 3, 5.00000000000000000000e-01) (7, 3, 5.00000000000000000000e-01) (7, 3, 5.00000000000000000000e-01) (7, 3, 5.00000000000000000000e-01) (7, 3, 5.00000000000000000000e-01) (0, 3, 0.00000000000000000000e+00) (9, 3, 5.00000000000000000000e-01) (0, 3, 0.00000000000000000000e+00) 
connections (connected_to_neuron, weight)=(0, 7.19772911071777343750e+00) (1, -8.95784437656402587891e-01) (2, -3.58863383531570434570e-01) (3, -4.24674940109252929688e+00) (4, -8.79067063331604003906e-01) (5, 1.43647328019142150879e-01) (6, -3.29156970977783203125e+00) (0, 5.41145896911621093750e+00) (1, -2.06193752288818359375e+01) (2, -7.06866800785064697266e-01) (3, -3.62887573242187500000e+00) (4, -5.09888827800750732422e-01) (5, 5.23324108123779296875e+00) (6, 9.86317813396453857422e-01) (0, -8.99262905120849609375e+00) (1, 7.57625007629394531250e+00) (2, 7.88314342498779296875e+00) (3, 2.64947247505187988281e+00) (4, -1.08325159549713134766e+00) (5, 6.68962383270263671875e+00) (6, -4.15906310081481933594e-01) (0, -1.43455874919891357422e+00) (1, -9.40527379512786865234e-01) (2, 3.85383338928222656250e+01) (3, -2.28194427490234375000e+00) (4, -5.79380798339843750000e+00) (5, 5.28694200515747070312e+00) (6, -5.68146169185638427734e-01) (0, 3.21445226669311523438e+00) (1, -1.49683988094329833984e+00) (2, -7.17080736160278320312e+00) (3, -3.06261014938354492188e+00) (4, -1.60855561494827270508e-01) (5, 7.09208473563194274902e-02) (6, 3.76490861177444458008e-01) (0, 6.20133781433105468750e+00) (1, -3.10756111145019531250e+00) (2, 5.06508016586303710938e+00) (3, -3.09832406044006347656e+00) (4, -7.90568590164184570312e-01) (5, -2.56846451759338378906e+00) (6, 1.00864148139953613281e+00) (0, -4.69337224960327148438e+00) (1, -7.96922540664672851562e+00) (2, 6.03012609481811523438e+00) (3, 8.27574539184570312500e+00) (4, 3.73015737533569335938e+00) (5, 9.11261737346649169922e-01) (6, 7.55413591861724853516e-01) (0, -8.96460723876953125000e+00) (1, 7.55776596069335937500e+00) (2, -8.89386081695556640625e+00) (3, -1.72857272624969482422e+00) (4, -2.61339455842971801758e-01) (5, -5.27835035324096679688e+00) (6, 3.76668095588684082031e-01) (7, -1.64658665657043457031e+00) (8, -5.26188993453979492188e+00) (9, -2.00713920593261718750e+00) (10, -7.54734098911285400391e-01) (11, -5.47466099262237548828e-01) (12, -1.53289639949798583984e+00) (13, -1.25492477416992187500e+00) (14, -7.86164522171020507812e+00) (15, 1.82532894611358642578e+00) 
