FANN_FLO_2.1
num_layers=3
learning_rate=0.400000
connection_rate=1.000000
network_type=0
learning_momentum=0.000000
training_algorithm=2
train_error_function=1
train_stop_function=0
cascade_output_change_fraction=0.010000
quickprop_decay=-0.000100
quickprop_mu=1.750000
rprop_increase_factor=1.200000
rprop_decrease_factor=0.500000
rprop_delta_min=0.000000
rprop_delta_max=50.000000
rprop_delta_zero=0.100000
cascade_output_stagnation_epochs=12
cascade_candidate_change_fraction=0.010000
cascade_candidate_stagnation_epochs=12
cascade_max_out_epochs=150
cascade_min_out_epochs=50
cascade_max_cand_epochs=150
cascade_min_cand_epochs=50
cascade_num_candidate_groups=2
bit_fail_limit=3.49999994039535522461e-01
cascade_candidate_limit=1.00000000000000000000e+03
cascade_weight_multiplier=4.00000005960464477539e-01
cascade_activation_functions_count=10
cascade_activation_functions=3 5 7 8 10 11 14 15 16 17 
cascade_activation_steepnesses_count=4
cascade_activation_steepnesses=2.50000000000000000000e-01 5.00000000000000000000e-01 7.50000000000000000000e-01 1.00000000000000000000e+00 
layer_sizes=7 5 2 
scale_included=0
neurons (num_inputs, activation_function, activation_steepness)=(0, 0, 0.00000000000000000000e+00) (0, 0, 0.00000000000000000000e+00) (0, 0, 0.00000000000000000000e+00) (0, 0, 0.00000000000000000000e+00) (0, 0, 0.00000000000000000000e+00) (0, 0, 0.00000000000000000000e+00) (0, 0, 0.00000000000000000000e+00) (7, 3, 5.00000000000000000000e-01) (7, 3, 5.00000000000000000000e-01) (7, 3, 5.00000000000000000000e-01) (7, 3, 5.00000000000000000000e-01) (0, 3, 0.00000000000000000000e+00) (5, 3, 5.00000000000000000000e-01) (0, 3, 0.00000000000000000000e+00) 
connections (connected_to_neuron, weight)=(0, 1.17867612838745117188e+01) (1, -1.49400033950805664062e+01) (2, 3.50781822204589843750e+01) (3, -1.00139493942260742188e+01) (4, 2.07409381866455078125e+00) (5, 4.17717742919921875000e+00) (6, -4.97492933273315429688e+00) (0, 1.24610071182250976562e+01) (1, -1.35015420913696289062e+01) (2, -3.50162124633789062500e+00) (3, -1.05116605758666992188e+00) (4, -1.67224168777465820312e+00) (5, 6.83687877655029296875e+00) (6, -7.52731275558471679688e+00) (0, -1.45503842830657958984e+00) (1, -1.80649960041046142578e+00) (2, -5.90955400466918945312e+00) (3, -4.76504993438720703125e+00) (4, -1.75641155242919921875e+00) (5, 1.48500000000000000000e+03) (6, 6.39280462265014648438e+00) (0, -1.04086847305297851562e+01) (1, 9.04763507843017578125e+00) (2, -7.45614409446716308594e-01) (3, -1.72194314002990722656e+00) (4, -7.73663461208343505859e-01) (5, -4.12850999832153320312e+00) (6, -1.42166718840599060059e-01) (7, -3.65343642234802246094e+00) (8, -1.20638084411621093750e+01) (9, -1.06400477886199951172e+00) (10, -9.65403652191162109375e+00) (11, -6.57294929027557373047e-01) 
