FANN_FLO_2.1
num_layers=3
learning_rate=0.400000
connection_rate=1.000000
network_type=0
learning_momentum=0.000000
training_algorithm=2
train_error_function=1
train_stop_function=0
cascade_output_change_fraction=0.010000
quickprop_decay=-0.000100
quickprop_mu=1.750000
rprop_increase_factor=1.200000
rprop_decrease_factor=0.500000
rprop_delta_min=0.000000
rprop_delta_max=50.000000
rprop_delta_zero=0.100000
cascade_output_stagnation_epochs=12
cascade_candidate_change_fraction=0.010000
cascade_candidate_stagnation_epochs=12
cascade_max_out_epochs=150
cascade_min_out_epochs=50
cascade_max_cand_epochs=150
cascade_min_cand_epochs=50
cascade_num_candidate_groups=2
bit_fail_limit=3.49999994039535522461e-01
cascade_candidate_limit=1.00000000000000000000e+03
cascade_weight_multiplier=4.00000005960464477539e-01
cascade_activation_functions_count=10
cascade_activation_functions=3 5 7 8 10 11 14 15 16 17 
cascade_activation_steepnesses_count=4
cascade_activation_steepnesses=2.50000000000000000000e-01 5.00000000000000000000e-01 7.50000000000000000000e-01 1.00000000000000000000e+00 
layer_sizes=7 9 2 
scale_included=0
neurons (num_inputs, activation_function, activation_steepness)=(0, 0, 0.00000000000000000000e+00) (0, 0, 0.00000000000000000000e+00) (0, 0, 0.00000000000000000000e+00) (0, 0, 0.00000000000000000000e+00) (0, 0, 0.00000000000000000000e+00) (0, 0, 0.00000000000000000000e+00) (0, 0, 0.00000000000000000000e+00) (7, 3, 5.00000000000000000000e-01) (7, 3, 5.00000000000000000000e-01) (7, 3, 5.00000000000000000000e-01) (7, 3, 5.00000000000000000000e-01) (7, 3, 5.00000000000000000000e-01) (7, 3, 5.00000000000000000000e-01) (7, 3, 5.00000000000000000000e-01) (7, 3, 5.00000000000000000000e-01) (0, 3, 0.00000000000000000000e+00) (9, 3, 5.00000000000000000000e-01) (0, 3, 0.00000000000000000000e+00) 
connections (connected_to_neuron, weight)=(0, -3.01889324188232421875e+00) (1, 6.12161219120025634766e-01) (2, -1.46839797496795654297e-01) (3, -6.02842628955841064453e-01) (4, -2.98339486122131347656e+00) (5, 6.17394924163818359375e-01) (6, 2.20807456970214843750e+00) (0, -4.04681444168090820312e+00) (1, -1.83521401882171630859e+00) (2, -3.92741632461547851562e+00) (3, 2.34342384338378906250e+00) (4, 1.24538195133209228516e+00) (5, 2.85267138481140136719e+00) (6, -6.02694749832153320312e-01) (0, -2.33634209632873535156e+00) (1, -3.65833425521850585938e+00) (2, -2.33627605438232421875e+00) (3, -2.88934051990509033203e-01) (4, 1.24095487594604492188e+00) (5, 2.13654994964599609375e+00) (6, -1.29596412181854248047e+00) (0, 4.76466387510299682617e-01) (1, 7.72785127162933349609e-01) (2, -1.22062826156616210938e+00) (3, 1.18231260776519775391e+00) (4, -2.93891835212707519531e+00) (5, 1.85416162014007568359e+00) (6, 1.65648269653320312500e+00) (0, -1.49358158111572265625e+01) (1, -1.46397852897644042969e+00) (2, -7.80051350593566894531e-01) (3, 5.03542184829711914062e+00) (4, 5.73751986026763916016e-01) (5, 2.99836546182632446289e-01) (6, -3.58444571495056152344e+00) (0, 2.32719373703002929688e+00) (1, -2.16042160987854003906e+00) (2, -3.39523911476135253906e+00) (3, 2.34243178367614746094e+00) (4, -7.31495285034179687500e+00) (5, 9.80530166625976562500e+00) (6, -2.64628362655639648438e+00) (0, -4.54401397705078125000e+00) (1, -1.19804024696350097656e+00) (2, 5.77959871292114257812e+00) (3, 2.21320581436157226562e+00) (4, 6.15233564376831054688e+00) (5, -4.85086011886596679688e+00) (6, -3.81268119812011718750e+00) (0, 5.65347135066986083984e-01) (1, -8.10110449790954589844e-01) (2, 2.98772001266479492188e+00) (3, -5.39072155952453613281e-01) (4, 4.59259718656539916992e-01) (5, 1.80940672755241394043e-01) (6, -1.66564071178436279297e+00) (7, -2.41576361656188964844e+00) (8, 2.35293054580688476562e+00) (9, 1.34248375892639160156e+00) (10, -2.14211440086364746094e+00) (11, 8.60091018676757812500e+00) (12, 2.51297450065612792969e+00) (13, 1.86520409584045410156e+00) (14, 6.65943145751953125000e-01) (15, -3.63288223743438720703e-01) 
