FANN_FLO_2.1
num_layers=4
learning_rate=0.400000
connection_rate=1.000000
network_type=0
learning_momentum=0.000000
training_algorithm=2
train_error_function=1
train_stop_function=0
cascade_output_change_fraction=0.010000
quickprop_decay=-0.000100
quickprop_mu=1.750000
rprop_increase_factor=1.200000
rprop_decrease_factor=0.500000
rprop_delta_min=0.000000
rprop_delta_max=50.000000
rprop_delta_zero=0.100000
cascade_output_stagnation_epochs=12
cascade_candidate_change_fraction=0.010000
cascade_candidate_stagnation_epochs=12
cascade_max_out_epochs=150
cascade_min_out_epochs=50
cascade_max_cand_epochs=150
cascade_min_cand_epochs=50
cascade_num_candidate_groups=2
bit_fail_limit=3.49999994039535522461e-01
cascade_candidate_limit=1.00000000000000000000e+03
cascade_weight_multiplier=4.00000005960464477539e-01
cascade_activation_functions_count=10
cascade_activation_functions=3 5 7 8 10 11 14 15 16 17 
cascade_activation_steepnesses_count=4
cascade_activation_steepnesses=2.50000000000000000000e-01 5.00000000000000000000e-01 7.50000000000000000000e-01 1.00000000000000000000e+00 
layer_sizes=7 5 3 2 
scale_included=0
neurons (num_inputs, activation_function, activation_steepness)=(0, 0, 0.00000000000000000000e+00) (0, 0, 0.00000000000000000000e+00) (0, 0, 0.00000000000000000000e+00) (0, 0, 0.00000000000000000000e+00) (0, 0, 0.00000000000000000000e+00) (0, 0, 0.00000000000000000000e+00) (0, 0, 0.00000000000000000000e+00) (7, 3, 5.00000000000000000000e-01) (7, 3, 5.00000000000000000000e-01) (7, 3, 5.00000000000000000000e-01) (7, 3, 5.00000000000000000000e-01) (0, 3, 0.00000000000000000000e+00) (5, 3, 5.00000000000000000000e-01) (5, 3, 5.00000000000000000000e-01) (0, 3, 0.00000000000000000000e+00) (3, 3, 5.00000000000000000000e-01) (0, 3, 0.00000000000000000000e+00) 
connections (connected_to_neuron, weight)=(0, -1.26048713922500610352e-01) (1, 6.03878307342529296875e+00) (2, 1.79668884277343750000e+01) (3, -3.33890032768249511719e+00) (4, -1.86119441986083984375e+01) (5, 4.28331375122070312500e+00) (6, 2.97050237655639648438e+00) (0, -4.36223030090332031250e+00) (1, 2.98066949844360351562e+00) (2, -5.64752936363220214844e-01) (3, -1.55592381954193115234e+00) (4, -1.42568781971931457520e-01) (5, 3.82232725620269775391e-01) (6, 1.30996334552764892578e+00) (0, -1.50000000000000000000e+03) (1, -1.50000000000000000000e+03) (2, -1.50000000000000000000e+03) (3, 4.65640350341796875000e+02) (4, -1.50000000000000000000e+03) (5, -1.50000000000000000000e+03) (6, -1.31109404563903808594e+00) (0, -1.50000000000000000000e+03) (1, -1.50000000000000000000e+03) (2, -1.50000000000000000000e+03) (3, 1.15508184432983398438e+01) (4, -1.50000000000000000000e+03) (5, -1.50000000000000000000e+03) (6, 2.49778628349304199219e+00) (7, 1.58789765834808349609e+00) (8, 1.35900173187255859375e+01) (9, 1.50000000000000000000e+03) (10, 1.50000000000000000000e+03) (11, -6.11731433868408203125e+00) (7, 2.70741868019104003906e+00) (8, 5.13207244873046875000e+00) (9, 1.50000000000000000000e+03) (10, 1.50000000000000000000e+03) (11, -8.40739548206329345703e-01) (12, -1.99936318397521972656e+00) (13, -8.76914083957672119141e-01) (14, -7.24395990371704101562e-01) 
