FANN_FLO_2.1
num_layers=3
learning_rate=0.400000
connection_rate=1.000000
network_type=0
learning_momentum=0.000000
training_algorithm=2
train_error_function=1
train_stop_function=0
cascade_output_change_fraction=0.010000
quickprop_decay=-0.000100
quickprop_mu=1.750000
rprop_increase_factor=1.200000
rprop_decrease_factor=0.500000
rprop_delta_min=0.000000
rprop_delta_max=50.000000
rprop_delta_zero=0.100000
cascade_output_stagnation_epochs=12
cascade_candidate_change_fraction=0.010000
cascade_candidate_stagnation_epochs=12
cascade_max_out_epochs=150
cascade_min_out_epochs=50
cascade_max_cand_epochs=150
cascade_min_cand_epochs=50
cascade_num_candidate_groups=2
bit_fail_limit=3.49999994039535522461e-01
cascade_candidate_limit=1.00000000000000000000e+03
cascade_weight_multiplier=4.00000005960464477539e-01
cascade_activation_functions_count=10
cascade_activation_functions=3 5 7 8 10 11 14 15 16 17 
cascade_activation_steepnesses_count=4
cascade_activation_steepnesses=2.50000000000000000000e-01 5.00000000000000000000e-01 7.50000000000000000000e-01 1.00000000000000000000e+00 
layer_sizes=7 9 2 
scale_included=0
neurons (num_inputs, activation_function, activation_steepness)=(0, 0, 0.00000000000000000000e+00) (0, 0, 0.00000000000000000000e+00) (0, 0, 0.00000000000000000000e+00) (0, 0, 0.00000000000000000000e+00) (0, 0, 0.00000000000000000000e+00) (0, 0, 0.00000000000000000000e+00) (0, 0, 0.00000000000000000000e+00) (7, 3, 5.00000000000000000000e-01) (7, 3, 5.00000000000000000000e-01) (7, 3, 5.00000000000000000000e-01) (7, 3, 5.00000000000000000000e-01) (7, 3, 5.00000000000000000000e-01) (7, 3, 5.00000000000000000000e-01) (7, 3, 5.00000000000000000000e-01) (7, 3, 5.00000000000000000000e-01) (0, 3, 0.00000000000000000000e+00) (9, 3, 5.00000000000000000000e-01) (0, 3, 0.00000000000000000000e+00) 
connections (connected_to_neuron, weight)=(0, -5.74974346160888671875e+00) (1, 6.52914190292358398438e+00) (2, -7.86671352386474609375e+00) (3, -6.06945037841796875000e+00) (4, 1.95332801342010498047e+00) (5, -3.07533597946166992188e+00) (6, -7.35559999942779541016e-01) (0, 2.14102759957313537598e-01) (1, -1.10620880126953125000e+00) (2, 1.98420834541320800781e+00) (3, -1.00793325901031494141e+00) (4, -2.79064595699310302734e-01) (5, -9.67583179473876953125e-01) (6, 4.70310449600219726562e-01) (0, -2.74851679801940917969e-01) (1, 2.20416569709777832031e+00) (2, 1.92378711700439453125e+01) (3, -1.85589337348937988281e+00) (4, -5.89045763015747070312e+00) (5, 1.23662330210208892822e-01) (6, 2.69691288471221923828e-01) (0, 7.06352472305297851562e+00) (1, -9.31374168395996093750e+00) (2, -3.20569467544555664062e+00) (3, -7.24250316619873046875e+00) (4, -1.51186537742614746094e+00) (5, -3.34424543380737304688e+00) (6, 7.09814405441284179688e+00) (0, 9.05315971374511718750e+00) (1, -1.07915916442871093750e+01) (2, 5.03425168991088867188e+00) (3, -1.60115492343902587891e+00) (4, 1.41400456428527832031e-01) (5, -5.72558355331420898438e+00) (6, 6.95929193496704101562e+00) (0, -5.30240118503570556641e-01) (1, 4.79267627000808715820e-01) (2, 4.48658943176269531250e+00) (3, -1.81396865844726562500e+00) (4, -8.68884146213531494141e-01) (5, 1.76195716857910156250e+00) (6, 2.25649833679199218750e-01) (0, -5.37118256092071533203e-01) (1, 1.29531705379486083984e+00) (2, 7.68961012363433837891e-01) (3, -1.96855020523071289062e+00) (4, -1.01983046531677246094e+00) (5, 2.12832307815551757812e+00) (6, 3.64041209220886230469e-01) (0, -1.25893955230712890625e+01) (1, 5.84741258621215820312e+00) (2, 3.19188857078552246094e+00) (3, -2.84569597244262695312e+00) (4, -2.70740795135498046875e+00) (5, 3.43215274810791015625e+00) (6, 6.86966800689697265625e+00) (7, -2.21062254905700683594e+00) (8, 1.05412359237670898438e+01) (9, -5.26567935943603515625e-01) (10, -6.27526640892028808594e-01) (11, -4.95247840881347656250e+00) (12, -7.47578442096710205078e-01) (13, -6.80927574634552001953e-01) (14, -2.84549641609191894531e+00) (15, 1.55271816253662109375e+00) 
