FANN_FLO_2.1
num_layers=4
learning_rate=0.400000
connection_rate=1.000000
network_type=0
learning_momentum=0.000000
training_algorithm=2
train_error_function=1
train_stop_function=0
cascade_output_change_fraction=0.010000
quickprop_decay=-0.000100
quickprop_mu=1.750000
rprop_increase_factor=1.200000
rprop_decrease_factor=0.500000
rprop_delta_min=0.000000
rprop_delta_max=50.000000
rprop_delta_zero=0.100000
cascade_output_stagnation_epochs=12
cascade_candidate_change_fraction=0.010000
cascade_candidate_stagnation_epochs=12
cascade_max_out_epochs=150
cascade_min_out_epochs=50
cascade_max_cand_epochs=150
cascade_min_cand_epochs=50
cascade_num_candidate_groups=2
bit_fail_limit=3.49999994039535522461e-01
cascade_candidate_limit=1.00000000000000000000e+03
cascade_weight_multiplier=4.00000005960464477539e-01
cascade_activation_functions_count=10
cascade_activation_functions=3 5 7 8 10 11 14 15 16 17 
cascade_activation_steepnesses_count=4
cascade_activation_steepnesses=2.50000000000000000000e-01 5.00000000000000000000e-01 7.50000000000000000000e-01 1.00000000000000000000e+00 
layer_sizes=7 5 5 2 
scale_included=0
neurons (num_inputs, activation_function, activation_steepness)=(0, 0, 0.00000000000000000000e+00) (0, 0, 0.00000000000000000000e+00) (0, 0, 0.00000000000000000000e+00) (0, 0, 0.00000000000000000000e+00) (0, 0, 0.00000000000000000000e+00) (0, 0, 0.00000000000000000000e+00) (0, 0, 0.00000000000000000000e+00) (7, 3, 5.00000000000000000000e-01) (7, 3, 5.00000000000000000000e-01) (7, 3, 5.00000000000000000000e-01) (7, 3, 5.00000000000000000000e-01) (0, 3, 0.00000000000000000000e+00) (5, 3, 5.00000000000000000000e-01) (5, 3, 5.00000000000000000000e-01) (5, 3, 5.00000000000000000000e-01) (5, 3, 5.00000000000000000000e-01) (0, 3, 0.00000000000000000000e+00) (5, 3, 5.00000000000000000000e-01) (0, 3, 0.00000000000000000000e+00) 
connections (connected_to_neuron, weight)=(0, -5.69602394104003906250e+00) (1, 6.62154138088226318359e-01) (2, -8.51862243652343750000e+02) (3, 2.28226718902587890625e+01) (4, 2.77993144989013671875e+01) (5, 1.00972328186035156250e+01) (6, 6.39189600944519042969e-01) (0, -3.43197035789489746094e+00) (1, -9.39893960952758789062e-01) (2, -1.28845243453979492188e+01) (3, -5.79626131057739257812e+00) (4, -1.96219480037689208984e+00) (5, 1.34869980812072753906e+00) (6, 6.23567342758178710938e+00) (0, -6.75979661941528320312e+00) (1, -7.36701536178588867188e+00) (2, -1.48312768554687500000e+03) (3, -1.23960314941406250000e+03) (4, 9.23023803710937500000e+02) (5, -1.43000000000000000000e+03) (6, 4.34539461135864257812e+00) (0, -8.17481079101562500000e+02) (1, -2.89154891967773437500e+01) (2, 8.23529663085937500000e+02) (3, -1.07629060745239257812e+01) (4, 1.24084533691406250000e+03) (5, -5.84544006347656250000e+02) (6, 4.86443996429443359375e+00) (7, 4.38698913574218750000e+02) (8, 1.50000000000000000000e+03) (9, -1.19680919647216796875e+01) (10, -2.30266067504882812500e+02) (11, 2.08059722900390625000e+02) (7, -1.16354052734375000000e+03) (8, 1.49834863281250000000e+03) (9, -2.93881835937500000000e+01) (10, -1.70711257934570312500e+02) (11, -5.75996665954589843750e+01) (7, 4.03834442138671875000e+02) (8, 1.50000000000000000000e+03) (9, -4.64738883972167968750e+01) (10, -5.28343627929687500000e+02) (11, 5.40615905761718750000e+02) (7, -8.77047300338745117188e-01) (8, 1.04505052566528320312e+01) (9, 1.83812475204467773438e+00) (10, -1.87384530901908874512e-01) (11, -4.20902776718139648438e+00) (12, -4.64122802019119262695e-01) (13, -6.10448479652404785156e-01) (14, -4.29703295230865478516e-01) (15, -1.49780452251434326172e+00) (16, -5.14964163303375244141e-01) 
