FANN_FLO_2.1
num_layers=3
learning_rate=0.400000
connection_rate=1.000000
network_type=0
learning_momentum=0.000000
training_algorithm=2
train_error_function=1
train_stop_function=0
cascade_output_change_fraction=0.010000
quickprop_decay=-0.000100
quickprop_mu=1.750000
rprop_increase_factor=1.200000
rprop_decrease_factor=0.500000
rprop_delta_min=0.000000
rprop_delta_max=50.000000
rprop_delta_zero=0.100000
cascade_output_stagnation_epochs=12
cascade_candidate_change_fraction=0.010000
cascade_candidate_stagnation_epochs=12
cascade_max_out_epochs=150
cascade_min_out_epochs=50
cascade_max_cand_epochs=150
cascade_min_cand_epochs=50
cascade_num_candidate_groups=2
bit_fail_limit=3.49999994039535522461e-01
cascade_candidate_limit=1.00000000000000000000e+03
cascade_weight_multiplier=4.00000005960464477539e-01
cascade_activation_functions_count=10
cascade_activation_functions=3 5 7 8 10 11 14 15 16 17 
cascade_activation_steepnesses_count=4
cascade_activation_steepnesses=2.50000000000000000000e-01 5.00000000000000000000e-01 7.50000000000000000000e-01 1.00000000000000000000e+00 
layer_sizes=7 9 2 
scale_included=0
neurons (num_inputs, activation_function, activation_steepness)=(0, 0, 0.00000000000000000000e+00) (0, 0, 0.00000000000000000000e+00) (0, 0, 0.00000000000000000000e+00) (0, 0, 0.00000000000000000000e+00) (0, 0, 0.00000000000000000000e+00) (0, 0, 0.00000000000000000000e+00) (0, 0, 0.00000000000000000000e+00) (7, 3, 5.00000000000000000000e-01) (7, 3, 5.00000000000000000000e-01) (7, 3, 5.00000000000000000000e-01) (7, 3, 5.00000000000000000000e-01) (7, 3, 5.00000000000000000000e-01) (7, 3, 5.00000000000000000000e-01) (7, 3, 5.00000000000000000000e-01) (7, 3, 5.00000000000000000000e-01) (0, 3, 0.00000000000000000000e+00) (9, 3, 5.00000000000000000000e-01) (0, 3, 0.00000000000000000000e+00) 
connections (connected_to_neuron, weight)=(0, 9.80806648731231689453e-01) (1, 7.14685916900634765625e-01) (2, -2.18320989608764648438e+00) (3, -1.21122455596923828125e+00) (4, -1.95520460605621337891e+00) (5, 2.67914605140686035156e+00) (6, 1.58408558368682861328e+00) (0, -1.64386308193206787109e+00) (1, -1.55127036571502685547e+00) (2, -2.99000215530395507812e+00) (3, 3.16678786277770996094e+00) (4, 2.65125006437301635742e-01) (5, 7.87252569198608398438e+00) (6, -4.78105592727661132812e+00) (0, -4.05513191223144531250e+00) (1, -5.13262414932250976562e+00) (2, -1.77580666542053222656e+00) (3, 9.43667471408843994141e-01) (4, 2.62930393218994140625e+00) (5, 1.27157056331634521484e+00) (6, -7.39843547344207763672e-01) (0, 3.65750384330749511719e+00) (1, 9.55220460891723632812e-01) (2, -4.28384399414062500000e+00) (3, -2.80832409858703613281e+00) (4, -1.45372211933135986328e+00) (5, 2.36218667030334472656e+00) (6, 2.88217926025390625000e+00) (0, -6.12231135368347167969e-01) (1, -9.43001985549926757812e-01) (2, 3.73122930526733398438e+00) (3, 1.02316546440124511719e+00) (4, 7.20946741104125976562e+00) (5, -1.99817256927490234375e+01) (6, -2.71366745233535766602e-01) (0, -2.71271362304687500000e+01) (1, 6.68086647987365722656e-01) (2, -1.23858051300048828125e+01) (3, 1.61338005065917968750e+01) (4, 1.42403717041015625000e+01) (5, 5.21856307983398437500e+00) (6, 6.76329231262207031250e+00) (0, -6.80251026153564453125e+00) (1, -2.38731551170349121094e+00) (2, -2.10270667076110839844e+00) (3, 2.82996320724487304688e+00) (4, 1.19539475440979003906e+00) (5, 8.40794503688812255859e-01) (6, -2.26175355911254882812e+00) (0, 1.08658744812011718750e+02) (1, -5.63280344009399414062e+00) (2, -1.18277191162109375000e+02) (3, 3.00014877319335937500e+00) (4, 1.91548860073089599609e+00) (5, -4.40571689605712890625e+00) (6, -2.15783810615539550781e+00) (7, -3.80431532859802246094e-01) (8, 2.93976497650146484375e+00) (9, 1.83575534820556640625e+00) (10, -9.46650385856628417969e-01) (11, 2.04038190841674804688e+00) (12, -1.50577414035797119141e+00) (13, 2.39091086387634277344e+00) (14, -2.46270465850830078125e+00) (15, 3.18691849708557128906e-01) 
