FANN_FLO_2.1
num_layers=4
learning_rate=0.500000
connection_rate=1.000000
network_type=0
learning_momentum=0.000000
training_algorithm=2
train_error_function=1
train_stop_function=0
cascade_output_change_fraction=0.010000
quickprop_decay=-0.000100
quickprop_mu=1.750000
rprop_increase_factor=1.200000
rprop_decrease_factor=0.500000
rprop_delta_min=0.000000
rprop_delta_max=50.000000
rprop_delta_zero=0.100000
cascade_output_stagnation_epochs=12
cascade_candidate_change_fraction=0.010000
cascade_candidate_stagnation_epochs=12
cascade_max_out_epochs=150
cascade_min_out_epochs=50
cascade_max_cand_epochs=150
cascade_min_cand_epochs=50
cascade_num_candidate_groups=2
bit_fail_limit=3.49999994039535522461e-01
cascade_candidate_limit=1.00000000000000000000e+03
cascade_weight_multiplier=4.00000005960464477539e-01
cascade_activation_functions_count=10
cascade_activation_functions=3 5 7 8 10 11 14 15 16 17 
cascade_activation_steepnesses_count=4
cascade_activation_steepnesses=2.50000000000000000000e-01 5.00000000000000000000e-01 7.50000000000000000000e-01 1.00000000000000000000e+00 
layer_sizes=2 5 3 3 
scale_included=0
neurons (num_inputs, activation_function, activation_steepness)=(0, 0, 0.00000000000000000000e+00) (0, 0, 0.00000000000000000000e+00) (2, 3, 5.00000000000000000000e-01) (2, 3, 5.00000000000000000000e-01) (2, 3, 5.00000000000000000000e-01) (2, 3, 5.00000000000000000000e-01) (0, 3, 0.00000000000000000000e+00) (5, 3, 5.00000000000000000000e-01) (5, 3, 5.00000000000000000000e-01) (0, 3, 0.00000000000000000000e+00) (3, 0, 5.00000000000000000000e-01) (3, 0, 5.00000000000000000000e-01) (0, 0, 0.00000000000000000000e+00) 
connections (connected_to_neuron, weight)=(0, -3.17642378807067871094e+00) (1, 1.50000000000000000000e+03) (0, 4.55973548889160156250e+01) (1, -8.18364334106445312500e+00) (0, 2.07750644683837890625e+01) (1, 1.10997930169105529785e-01) (0, 9.64212894439697265625e+00) (1, -3.58096766471862792969e+00) (2, -4.83575773239135742188e+00) (3, 9.92879092693328857422e-01) (4, 4.09347486495971679688e+00) (5, 4.58682298660278320312e+00) (6, -1.91789841651916503906e+00) (2, -2.29603743553161621094e+00) (3, 1.90121516585350036621e-01) (4, 3.67292237281799316406e+00) (5, 7.92217826843261718750e+00) (6, -2.31517481803894042969e+00) (7, 6.13422203063964843750e+00) (8, -5.95945739746093750000e+00) (9, 3.68700951337814331055e-01) (7, -3.35331130027770996094e+00) (8, -1.40025317668914794922e+00) (9, 2.19017481803894042969e+00) 
