FANN_FLO_2.1
num_layers=3
learning_rate=0.400000
connection_rate=1.000000
network_type=0
learning_momentum=0.000000
training_algorithm=2
train_error_function=1
train_stop_function=0
cascade_output_change_fraction=0.010000
quickprop_decay=-0.000100
quickprop_mu=1.750000
rprop_increase_factor=1.200000
rprop_decrease_factor=0.500000
rprop_delta_min=0.000000
rprop_delta_max=50.000000
rprop_delta_zero=0.100000
cascade_output_stagnation_epochs=12
cascade_candidate_change_fraction=0.010000
cascade_candidate_stagnation_epochs=12
cascade_max_out_epochs=150
cascade_min_out_epochs=50
cascade_max_cand_epochs=150
cascade_min_cand_epochs=50
cascade_num_candidate_groups=2
bit_fail_limit=3.49999994039535522461e-01
cascade_candidate_limit=1.00000000000000000000e+03
cascade_weight_multiplier=4.00000005960464477539e-01
cascade_activation_functions_count=10
cascade_activation_functions=3 5 7 8 10 11 14 15 16 17 
cascade_activation_steepnesses_count=4
cascade_activation_steepnesses=2.50000000000000000000e-01 5.00000000000000000000e-01 7.50000000000000000000e-01 1.00000000000000000000e+00 
layer_sizes=19 3 3 
scale_included=0
neurons (num_inputs, activation_function, activation_steepness)=(0, 0, 0.00000000000000000000e+00) (0, 0, 0.00000000000000000000e+00) (0, 0, 0.00000000000000000000e+00) (0, 0, 0.00000000000000000000e+00) (0, 0, 0.00000000000000000000e+00) (0, 0, 0.00000000000000000000e+00) (0, 0, 0.00000000000000000000e+00) (0, 0, 0.00000000000000000000e+00) (0, 0, 0.00000000000000000000e+00) (0, 0, 0.00000000000000000000e+00) (0, 0, 0.00000000000000000000e+00) (0, 0, 0.00000000000000000000e+00) (0, 0, 0.00000000000000000000e+00) (0, 0, 0.00000000000000000000e+00) (0, 0, 0.00000000000000000000e+00) (0, 0, 0.00000000000000000000e+00) (0, 0, 0.00000000000000000000e+00) (0, 0, 0.00000000000000000000e+00) (0, 0, 0.00000000000000000000e+00) (19, 3, 5.00000000000000000000e-01) (19, 3, 5.00000000000000000000e-01) (0, 3, 0.00000000000000000000e+00) (3, 3, 5.00000000000000000000e-01) (3, 3, 5.00000000000000000000e-01) (0, 3, 0.00000000000000000000e+00) 
connections (connected_to_neuron, weight)=(0, 2.71629691123962402344e+00) (1, 8.65017831325531005859e-01) (2, 5.41334295272827148438e+00) (3, 9.20353353023529052734e-01) (4, 4.35949611663818359375e+00) (5, 1.17537860870361328125e+01) (6, 1.79139328002929687500e+00) (7, 4.13380670547485351562e+00) (8, 1.24623336791992187500e+01) (9, 1.00519597530364990234e-01) (10, -7.11098432540893554688e+00) (11, -1.53076391220092773438e+01) (12, -6.88340783119201660156e-01) (13, -3.98088097572326660156e+00) (14, -1.36706724166870117188e+01) (15, -7.97045409679412841797e-01) (16, -6.64322555065155029297e-01) (17, -1.07979259490966796875e+01) (18, 1.94263505935668945312e+00) (0, -7.95855939388275146484e-01) (1, -5.92227399349212646484e-01) (2, -3.39742779731750488281e+00) (3, -2.49218627810478210449e-01) (4, -2.41620683670043945312e+00) (5, -5.71828317642211914062e+00) (6, -6.88894152641296386719e-01) (7, -2.37361812591552734375e+00) (8, -5.16026735305786132812e+00) (9, 5.38035035133361816406e-01) (10, 1.33966946601867675781e+00) (11, 6.12967872619628906250e+00) (12, 7.64828324317932128906e-01) (13, 1.15940546989440917969e+00) (14, 6.00135993957519531250e+00) (15, 8.42528700828552246094e-01) (16, 3.49178612232208251953e-02) (17, 5.62147188186645507812e+00) (18, -1.44568121433258056641e+00) (19, -1.82014966011047363281e+00) (20, -2.01528954505920410156e+00) (21, 9.90412235260009765625e-01) (19, 1.82141017913818359375e+00) (20, 2.01731562614440917969e+00) (21, -9.91872549057006835938e-01) 
