FANN_FLO_2.1
num_layers=3
learning_rate=0.400000
connection_rate=1.000000
network_type=0
learning_momentum=0.000000
training_algorithm=2
train_error_function=1
train_stop_function=0
cascade_output_change_fraction=0.010000
quickprop_decay=-0.000100
quickprop_mu=1.750000
rprop_increase_factor=1.200000
rprop_decrease_factor=0.500000
rprop_delta_min=0.000000
rprop_delta_max=50.000000
rprop_delta_zero=0.100000
cascade_output_stagnation_epochs=12
cascade_candidate_change_fraction=0.010000
cascade_candidate_stagnation_epochs=12
cascade_max_out_epochs=150
cascade_min_out_epochs=50
cascade_max_cand_epochs=150
cascade_min_cand_epochs=50
cascade_num_candidate_groups=2
bit_fail_limit=3.49999994039535522461e-01
cascade_candidate_limit=1.00000000000000000000e+03
cascade_weight_multiplier=4.00000005960464477539e-01
cascade_activation_functions_count=10
cascade_activation_functions=3 5 7 8 10 11 14 15 16 17 
cascade_activation_steepnesses_count=4
cascade_activation_steepnesses=2.50000000000000000000e-01 5.00000000000000000000e-01 7.50000000000000000000e-01 1.00000000000000000000e+00 
layer_sizes=7 5 2 
scale_included=0
neurons (num_inputs, activation_function, activation_steepness)=(0, 0, 0.00000000000000000000e+00) (0, 0, 0.00000000000000000000e+00) (0, 0, 0.00000000000000000000e+00) (0, 0, 0.00000000000000000000e+00) (0, 0, 0.00000000000000000000e+00) (0, 0, 0.00000000000000000000e+00) (0, 0, 0.00000000000000000000e+00) (7, 3, 5.00000000000000000000e-01) (7, 3, 5.00000000000000000000e-01) (7, 3, 5.00000000000000000000e-01) (7, 3, 5.00000000000000000000e-01) (0, 3, 0.00000000000000000000e+00) (5, 3, 5.00000000000000000000e-01) (0, 3, 0.00000000000000000000e+00) 
connections (connected_to_neuron, weight)=(0, -2.86530256271362304688e+00) (1, 5.95932149887084960938e+00) (2, 1.55251228809356689453e+00) (3, 4.32055568695068359375e+00) (4, 1.22996699810028076172e+00) (5, -1.50000000000000000000e+03) (6, -6.03732407093048095703e-01) (0, -5.17432022094726562500e+00) (1, 5.08611619472503662109e-01) (2, -1.07638807296752929688e+01) (3, -7.42979669570922851562e+00) (4, -3.61067223548889160156e+00) (5, 1.85936915874481201172e+00) (6, 9.69277763366699218750e+00) (0, -1.68187446594238281250e+01) (1, 1.44947376251220703125e+01) (2, -3.17488789558410644531e+00) (3, -3.97122240066528320312e+00) (4, -9.31991934776306152344e-01) (5, 3.62807035446166992188e+00) (6, 2.71949410438537597656e+00) (0, 8.27644443511962890625e+00) (1, -8.81809997558593750000e+00) (2, 5.09214973449707031250e+00) (3, -1.15649056434631347656e+00) (4, -1.08776353299617767334e-01) (5, 3.63016510009765625000e+00) (6, -4.38939857482910156250e+00) (7, -3.84036350250244140625e+00) (8, -8.97296845912933349609e-01) (9, -3.08813071250915527344e+00) (10, -1.05159235000610351562e+01) (11, 2.81536531448364257812e+00) 
