FANN_FLO_2.1
num_layers=3
learning_rate=0.400000
connection_rate=1.000000
network_type=0
learning_momentum=0.000000
training_algorithm=2
train_error_function=1
train_stop_function=0
cascade_output_change_fraction=0.010000
quickprop_decay=-0.000100
quickprop_mu=1.750000
rprop_increase_factor=1.200000
rprop_decrease_factor=0.500000
rprop_delta_min=0.000000
rprop_delta_max=50.000000
rprop_delta_zero=0.100000
cascade_output_stagnation_epochs=12
cascade_candidate_change_fraction=0.010000
cascade_candidate_stagnation_epochs=12
cascade_max_out_epochs=150
cascade_min_out_epochs=50
cascade_max_cand_epochs=150
cascade_min_cand_epochs=50
cascade_num_candidate_groups=2
bit_fail_limit=3.49999994039535522461e-01
cascade_candidate_limit=1.00000000000000000000e+03
cascade_weight_multiplier=4.00000005960464477539e-01
cascade_activation_functions_count=10
cascade_activation_functions=3 5 7 8 10 11 14 15 16 17 
cascade_activation_steepnesses_count=4
cascade_activation_steepnesses=2.50000000000000000000e-01 5.00000000000000000000e-01 7.50000000000000000000e-01 1.00000000000000000000e+00 
layer_sizes=7 9 2 
scale_included=0
neurons (num_inputs, activation_function, activation_steepness)=(0, 0, 0.00000000000000000000e+00) (0, 0, 0.00000000000000000000e+00) (0, 0, 0.00000000000000000000e+00) (0, 0, 0.00000000000000000000e+00) (0, 0, 0.00000000000000000000e+00) (0, 0, 0.00000000000000000000e+00) (0, 0, 0.00000000000000000000e+00) (7, 3, 5.00000000000000000000e-01) (7, 3, 5.00000000000000000000e-01) (7, 3, 5.00000000000000000000e-01) (7, 3, 5.00000000000000000000e-01) (7, 3, 5.00000000000000000000e-01) (7, 3, 5.00000000000000000000e-01) (7, 3, 5.00000000000000000000e-01) (7, 3, 5.00000000000000000000e-01) (0, 3, 0.00000000000000000000e+00) (9, 3, 5.00000000000000000000e-01) (0, 3, 0.00000000000000000000e+00) 
connections (connected_to_neuron, weight)=(0, -2.33690828084945678711e-01) (1, -1.17973178625106811523e-01) (2, -7.87778496742248535156e-01) (3, -8.79055500030517578125e-01) (4, -1.77275013923645019531e+00) (5, -9.53931689262390136719e-01) (6, 4.25967782735824584961e-01) (0, 7.04236924648284912109e-01) (1, 4.24581974744796752930e-01) (2, -3.39459180831909179688e+00) (3, -7.41200399398803710938e+00) (4, -7.05285739898681640625e+00) (5, 1.56904048919677734375e+01) (6, 3.61834430694580078125e+00) (0, -8.77324402332305908203e-01) (1, -1.14958214759826660156e+00) (2, -1.28969043493270874023e-01) (3, 3.11031818389892578125e-01) (4, 5.52721309661865234375e+00) (5, -3.30086493492126464844e+00) (6, -1.20633888244628906250e+00) (0, 3.27374190092086791992e-01) (1, 6.28970563411712646484e-01) (2, -2.11535191535949707031e+00) (3, -7.41979926824569702148e-02) (4, -1.10094738006591796875e+00) (5, -9.29183304309844970703e-01) (6, 4.66441333293914794922e-01) (0, -5.08403825759887695312e+00) (1, -3.31374835968017578125e+00) (2, -2.76846194267272949219e+00) (3, 1.83817827701568603516e+00) (4, 2.12899684906005859375e+00) (5, 1.08704435825347900391e+00) (6, -8.77199411392211914062e-01) (0, -9.65346693992614746094e-01) (1, -8.53944122791290283203e-01) (2, -2.36045646667480468750e+00) (3, 1.59801769256591796875e+00) (4, -3.06914538145065307617e-01) (5, 2.28955388069152832031e+00) (6, -2.03271842002868652344e+00) (0, 2.06764355301856994629e-01) (1, -4.09455209970474243164e-01) (2, -3.03342604637145996094e+00) (3, 2.44295692443847656250e+00) (4, -2.73130655288696289062e+00) (5, 6.01916074752807617188e+00) (6, -2.42309331893920898438e+00) (0, -3.13110637664794921875e+00) (1, -1.19014668464660644531e+00) (2, -3.40897059440612792969e+00) (3, 1.16316056251525878906e+00) (4, 3.94590020179748535156e-01) (5, 2.62142992019653320312e+00) (6, -1.61785960197448730469e+00) (7, -5.08986413478851318359e-01) (8, -2.34807038307189941406e+00) (9, 9.75631833076477050781e-01) (10, -2.63807201385498046875e+00) (11, 2.65079760551452636719e+00) (12, 8.95785987377166748047e-01) (13, 3.00486683845520019531e+00) (14, 8.73508036136627197266e-01) (15, -1.36620998382568359375e-01) 
