FANN_FLO_2.1
num_layers=3
learning_rate=0.400000
connection_rate=1.000000
network_type=0
learning_momentum=0.000000
training_algorithm=2
train_error_function=1
train_stop_function=0
cascade_output_change_fraction=0.010000
quickprop_decay=-0.000100
quickprop_mu=1.750000
rprop_increase_factor=1.200000
rprop_decrease_factor=0.500000
rprop_delta_min=0.000000
rprop_delta_max=50.000000
rprop_delta_zero=0.100000
cascade_output_stagnation_epochs=12
cascade_candidate_change_fraction=0.010000
cascade_candidate_stagnation_epochs=12
cascade_max_out_epochs=150
cascade_min_out_epochs=50
cascade_max_cand_epochs=150
cascade_min_cand_epochs=50
cascade_num_candidate_groups=2
bit_fail_limit=3.49999994039535522461e-01
cascade_candidate_limit=1.00000000000000000000e+03
cascade_weight_multiplier=4.00000005960464477539e-01
cascade_activation_functions_count=10
cascade_activation_functions=3 5 7 8 10 11 14 15 16 17 
cascade_activation_steepnesses_count=4
cascade_activation_steepnesses=2.50000000000000000000e-01 5.00000000000000000000e-01 7.50000000000000000000e-01 1.00000000000000000000e+00 
layer_sizes=7 5 2 
scale_included=0
neurons (num_inputs, activation_function, activation_steepness)=(0, 0, 0.00000000000000000000e+00) (0, 0, 0.00000000000000000000e+00) (0, 0, 0.00000000000000000000e+00) (0, 0, 0.00000000000000000000e+00) (0, 0, 0.00000000000000000000e+00) (0, 0, 0.00000000000000000000e+00) (0, 0, 0.00000000000000000000e+00) (7, 3, 5.00000000000000000000e-01) (7, 3, 5.00000000000000000000e-01) (7, 3, 5.00000000000000000000e-01) (7, 3, 5.00000000000000000000e-01) (0, 3, 0.00000000000000000000e+00) (5, 3, 5.00000000000000000000e-01) (0, 3, 0.00000000000000000000e+00) 
connections (connected_to_neuron, weight)=(0, 2.75177687406539916992e-01) (1, 7.73706972599029541016e-01) (2, -5.78046512603759765625e+00) (3, 2.14144825935363769531e-01) (4, -2.17271733283996582031e+00) (5, 1.04652709960937500000e+01) (6, 1.58683168888092041016e+00) (0, 1.82518923282623291016e+00) (1, -1.30216205120086669922e+00) (2, -1.55137264728546142578e+00) (3, 2.22679400444030761719e+00) (4, -4.29839515686035156250e+00) (5, 8.52614879608154296875e+00) (6, -4.85845756530761718750e+00) (0, -6.77744007110595703125e+00) (1, -2.01508688926696777344e+00) (2, -1.57803308963775634766e+00) (3, 2.79175114631652832031e+00) (4, 1.33984622955322265625e+01) (5, -3.37420344352722167969e+00) (6, -1.70751321315765380859e+00) (0, -4.11256837844848632812e+00) (1, -1.85303223133087158203e+00) (2, -4.34954929351806640625e+00) (3, 2.02676725387573242188e+00) (4, 3.67504429817199707031e+00) (5, 2.56964772939682006836e-01) (6, -1.69533133506774902344e+00) (7, -2.35462641716003417969e+00) (8, 3.05568194389343261719e+00) (9, 1.34933185577392578125e+00) (10, 3.46161007881164550781e+00) (11, -5.12591660022735595703e-01) 
