FANN_FLO_2.1
num_layers=3
learning_rate=0.400000
connection_rate=1.000000
network_type=0
learning_momentum=0.000000
training_algorithm=2
train_error_function=1
train_stop_function=0
cascade_output_change_fraction=0.010000
quickprop_decay=-0.000100
quickprop_mu=1.750000
rprop_increase_factor=1.200000
rprop_decrease_factor=0.500000
rprop_delta_min=0.000000
rprop_delta_max=50.000000
rprop_delta_zero=0.100000
cascade_output_stagnation_epochs=12
cascade_candidate_change_fraction=0.010000
cascade_candidate_stagnation_epochs=12
cascade_max_out_epochs=150
cascade_min_out_epochs=50
cascade_max_cand_epochs=150
cascade_min_cand_epochs=50
cascade_num_candidate_groups=2
bit_fail_limit=3.49999994039535522461e-01
cascade_candidate_limit=1.00000000000000000000e+03
cascade_weight_multiplier=4.00000005960464477539e-01
cascade_activation_functions_count=10
cascade_activation_functions=3 5 7 8 10 11 14 15 16 17 
cascade_activation_steepnesses_count=4
cascade_activation_steepnesses=2.50000000000000000000e-01 5.00000000000000000000e-01 7.50000000000000000000e-01 1.00000000000000000000e+00 
layer_sizes=19 3 3 
scale_included=0
neurons (num_inputs, activation_function, activation_steepness)=(0, 0, 0.00000000000000000000e+00) (0, 0, 0.00000000000000000000e+00) (0, 0, 0.00000000000000000000e+00) (0, 0, 0.00000000000000000000e+00) (0, 0, 0.00000000000000000000e+00) (0, 0, 0.00000000000000000000e+00) (0, 0, 0.00000000000000000000e+00) (0, 0, 0.00000000000000000000e+00) (0, 0, 0.00000000000000000000e+00) (0, 0, 0.00000000000000000000e+00) (0, 0, 0.00000000000000000000e+00) (0, 0, 0.00000000000000000000e+00) (0, 0, 0.00000000000000000000e+00) (0, 0, 0.00000000000000000000e+00) (0, 0, 0.00000000000000000000e+00) (0, 0, 0.00000000000000000000e+00) (0, 0, 0.00000000000000000000e+00) (0, 0, 0.00000000000000000000e+00) (0, 0, 0.00000000000000000000e+00) (19, 3, 5.00000000000000000000e-01) (19, 3, 5.00000000000000000000e-01) (0, 3, 0.00000000000000000000e+00) (3, 3, 5.00000000000000000000e-01) (3, 3, 5.00000000000000000000e-01) (0, 3, 0.00000000000000000000e+00) 
connections (connected_to_neuron, weight)=(0, -9.81269264221191406250e+00) (1, -2.50114059448242187500e+00) (2, 2.44401454925537109375e+01) (3, -1.99426209926605224609e+00) (4, -4.01684951782226562500e+00) (5, -8.55994510650634765625e+00) (6, -1.67725276947021484375e+00) (7, 7.84894037246704101562e+00) (8, -9.43466663360595703125e+00) (9, -9.26849079132080078125e+00) (10, 6.68608331680297851562e+00) (11, 8.65979576110839843750e+00) (12, -8.07672560214996337891e-01) (13, 6.31290149688720703125e+00) (14, -5.52990961074829101562e+00) (15, -3.88560509681701660156e+00) (16, -6.02375698089599609375e+00) (17, 1.09892063140869140625e+01) (18, 1.08795728683471679688e+01) (0, -7.80073046684265136719e-01) (1, 3.77267575263977050781e+00) (2, -7.40663242340087890625e+00) (3, -4.21925401687622070312e+00) (4, -2.94458651542663574219e+00) (5, -6.05256938934326171875e+00) (6, 2.21516590118408203125e+01) (7, 4.00274753570556640625e+00) (8, 8.82673263549804687500e+00) (9, -1.21199321746826171875e+00) (10, 3.68665665388107299805e-01) (11, -5.85736751556396484375e+00) (12, 4.49622440338134765625e+00) (13, 1.20865354537963867188e+01) (14, -1.88727951049804687500e+00) (15, 8.96860790252685546875e+00) (16, -4.36413621902465820312e+00) (17, 1.74213421344757080078e+00) (18, -3.31233310699462890625e+00) (19, -6.20233416557312011719e-01) (20, -9.02618408203125000000e-01) (21, 7.88736760616302490234e-01) (19, 6.20147168636322021484e-01) (20, 9.02916193008422851562e-01) (21, -7.88679838180541992188e-01) 
