FANN_FLO_2.1
num_layers=4
learning_rate=0.400000
connection_rate=1.000000
network_type=0
learning_momentum=0.000000
training_algorithm=2
train_error_function=1
train_stop_function=0
cascade_output_change_fraction=0.010000
quickprop_decay=-0.000100
quickprop_mu=1.750000
rprop_increase_factor=1.200000
rprop_decrease_factor=0.500000
rprop_delta_min=0.000000
rprop_delta_max=50.000000
rprop_delta_zero=0.100000
cascade_output_stagnation_epochs=12
cascade_candidate_change_fraction=0.010000
cascade_candidate_stagnation_epochs=12
cascade_max_out_epochs=150
cascade_min_out_epochs=50
cascade_max_cand_epochs=150
cascade_min_cand_epochs=50
cascade_num_candidate_groups=2
bit_fail_limit=3.49999994039535522461e-01
cascade_candidate_limit=1.00000000000000000000e+03
cascade_weight_multiplier=4.00000005960464477539e-01
cascade_activation_functions_count=10
cascade_activation_functions=3 5 7 8 10 11 14 15 16 17 
cascade_activation_steepnesses_count=4
cascade_activation_steepnesses=2.50000000000000000000e-01 5.00000000000000000000e-01 7.50000000000000000000e-01 1.00000000000000000000e+00 
layer_sizes=7 5 5 2 
scale_included=0
neurons (num_inputs, activation_function, activation_steepness)=(0, 0, 0.00000000000000000000e+00) (0, 0, 0.00000000000000000000e+00) (0, 0, 0.00000000000000000000e+00) (0, 0, 0.00000000000000000000e+00) (0, 0, 0.00000000000000000000e+00) (0, 0, 0.00000000000000000000e+00) (0, 0, 0.00000000000000000000e+00) (7, 3, 5.00000000000000000000e-01) (7, 3, 5.00000000000000000000e-01) (7, 3, 5.00000000000000000000e-01) (7, 3, 5.00000000000000000000e-01) (0, 3, 0.00000000000000000000e+00) (5, 3, 5.00000000000000000000e-01) (5, 3, 5.00000000000000000000e-01) (5, 3, 5.00000000000000000000e-01) (5, 3, 5.00000000000000000000e-01) (0, 3, 0.00000000000000000000e+00) (5, 3, 5.00000000000000000000e-01) (0, 3, 0.00000000000000000000e+00) 
connections (connected_to_neuron, weight)=(0, -2.72799186706542968750e+01) (1, 2.54789848327636718750e+01) (2, -6.81100797653198242188e+00) (3, -5.76369094848632812500e+00) (4, -2.31654024124145507812e+00) (5, -7.58299072265625000000e+02) (6, 1.75663530826568603516e+00) (0, 2.14280796051025390625e+01) (1, -2.25306339263916015625e+01) (2, 1.35297355651855468750e+01) (3, -4.65773248672485351562e+00) (4, -4.31671768426895141602e-01) (5, 7.74837732315063476562e+00) (6, -6.46578884124755859375e+00) (0, -5.97454118728637695312e+00) (1, -1.07734906673431396484e+00) (2, 7.60594320297241210938e+00) (3, -6.85147619247436523438e+00) (4, -2.56692790985107421875e+00) (5, 8.33092182874679565430e-02) (6, 1.09719181060791015625e+01) (0, -6.94770141601562500000e+02) (1, -3.35621765136718750000e+02) (2, 6.48803091049194335938e+00) (3, 1.50000000000000000000e+03) (4, -1.33903271484375000000e+03) (5, -1.17491113281250000000e+03) (6, -1.01238851547241210938e+01) (7, 8.69256973266601562500e-01) (8, 1.75726795196533203125e+00) (9, 1.21141088008880615234e+00) (10, 3.02906274795532226562e-01) (11, -1.80722725391387939453e+00) (7, 1.23996245861053466797e+00) (8, 1.94446480274200439453e+00) (9, 1.03448700904846191406e+00) (10, 3.31740170717239379883e-01) (11, -2.03417134284973144531e+00) (7, 8.43529739379882812500e+01) (8, 2.52783155441284179688e+00) (9, 1.84851920604705810547e+00) (10, -1.72040629386901855469e+00) (11, -1.63988411426544189453e+00) (7, 5.64718437194824218750e+00) (8, 2.44880199432373046875e+00) (9, 1.11921036243438720703e+00) (10, 4.16238248348236083984e-01) (11, -2.83958792686462402344e+00) (12, -1.03105771541595458984e+00) (13, -9.67741489410400390625e-01) (14, -6.14540576934814453125e-01) (15, -4.38576698303222656250e+00) (16, -4.63059395551681518555e-01) 
