FANN_FLO_2.1
num_layers=3
learning_rate=0.500000
connection_rate=1.000000
network_type=0
learning_momentum=0.000000
training_algorithm=2
train_error_function=1
train_stop_function=0
cascade_output_change_fraction=0.010000
quickprop_decay=-0.000100
quickprop_mu=1.750000
rprop_increase_factor=1.200000
rprop_decrease_factor=0.500000
rprop_delta_min=0.000000
rprop_delta_max=50.000000
rprop_delta_zero=0.100000
cascade_output_stagnation_epochs=12
cascade_candidate_change_fraction=0.010000
cascade_candidate_stagnation_epochs=12
cascade_max_out_epochs=150
cascade_min_out_epochs=50
cascade_max_cand_epochs=150
cascade_min_cand_epochs=50
cascade_num_candidate_groups=2
bit_fail_limit=3.49999994039535522461e-01
cascade_candidate_limit=1.00000000000000000000e+03
cascade_weight_multiplier=4.00000005960464477539e-01
cascade_activation_functions_count=10
cascade_activation_functions=3 5 7 8 10 11 14 15 16 17 
cascade_activation_steepnesses_count=4
cascade_activation_steepnesses=2.50000000000000000000e-01 5.00000000000000000000e-01 7.50000000000000000000e-01 1.00000000000000000000e+00 
layer_sizes=10 5 2 
scale_included=0
neurons (num_inputs, activation_function, activation_steepness)=(0, 0, 0.00000000000000000000e+00) (0, 0, 0.00000000000000000000e+00) (0, 0, 0.00000000000000000000e+00) (0, 0, 0.00000000000000000000e+00) (0, 0, 0.00000000000000000000e+00) (0, 0, 0.00000000000000000000e+00) (0, 0, 0.00000000000000000000e+00) (0, 0, 0.00000000000000000000e+00) (0, 0, 0.00000000000000000000e+00) (0, 0, 0.00000000000000000000e+00) (10, 3, 5.00000000000000000000e-01) (10, 3, 5.00000000000000000000e-01) (10, 3, 5.00000000000000000000e-01) (10, 3, 5.00000000000000000000e-01) (0, 3, 0.00000000000000000000e+00) (5, 3, 5.00000000000000000000e-01) (0, 3, 0.00000000000000000000e+00) 
connections (connected_to_neuron, weight)=(0, -1.13672342300415039062e+01) (1, 2.20772957801818847656e+00) (2, -4.13365840911865234375e+00) (3, -2.55786228179931640625e+00) (4, -1.93857085704803466797e+00) (5, 7.95251429080963134766e-01) (6, 2.34682559967041015625e+00) (7, 1.38846230506896972656e+00) (8, -4.28257942199707031250e-01) (9, 6.25723540782928466797e-01) (0, 5.27029705047607421875e+00) (1, 9.80705916881561279297e-01) (2, 1.56140828132629394531e+00) (3, 7.92055225372314453125e+00) (4, -7.05390405654907226562e+00) (5, -4.63240295648574829102e-01) (6, -1.08009643554687500000e+01) (7, 8.55379998683929443359e-02) (8, -8.90076935291290283203e-01) (9, 9.79861915111541748047e-01) (0, -1.07192742824554443359e+00) (1, 3.21314167976379394531e+00) (2, 1.95731535553932189941e-01) (3, -5.72249591350555419922e-01) (4, -8.12288951873779296875e+00) (5, -1.01479601860046386719e+00) (6, 4.73026275634765625000e+00) (7, 1.24740910530090332031e+00) (8, -2.56651401519775390625e+00) (9, 4.27177518606185913086e-01) (0, -1.63119773864746093750e+01) (1, 1.43632471561431884766e+00) (2, -5.21782827377319335938e+00) (3, -8.32117855548858642578e-01) (4, -2.12531089782714843750e+00) (5, 1.87037155032157897949e-01) (6, 4.84465026855468750000e+00) (7, 1.15551624298095703125e+01) (8, 6.59450054168701171875e-01) (9, 9.63646531105041503906e-01) (10, 1.05211472511291503906e+00) (11, 3.58743596076965332031e+00) (12, 1.55721294879913330078e+00) (13, 3.03434991836547851562e+00) (14, -2.87193894386291503906e+00) 
