FANN_FLO_2.1
num_layers=4
learning_rate=0.500000
connection_rate=1.000000
network_type=0
learning_momentum=0.000000
training_algorithm=2
train_error_function=1
train_stop_function=0
cascade_output_change_fraction=0.010000
quickprop_decay=-0.000100
quickprop_mu=1.750000
rprop_increase_factor=1.200000
rprop_decrease_factor=0.500000
rprop_delta_min=0.000000
rprop_delta_max=50.000000
rprop_delta_zero=0.100000
cascade_output_stagnation_epochs=12
cascade_candidate_change_fraction=0.010000
cascade_candidate_stagnation_epochs=12
cascade_max_out_epochs=150
cascade_min_out_epochs=50
cascade_max_cand_epochs=150
cascade_min_cand_epochs=50
cascade_num_candidate_groups=2
bit_fail_limit=3.49999994039535522461e-01
cascade_candidate_limit=1.00000000000000000000e+03
cascade_weight_multiplier=4.00000005960464477539e-01
cascade_activation_functions_count=10
cascade_activation_functions=3 5 7 8 10 11 14 15 16 17 
cascade_activation_steepnesses_count=4
cascade_activation_steepnesses=2.50000000000000000000e-01 5.00000000000000000000e-01 7.50000000000000000000e-01 1.00000000000000000000e+00 
layer_sizes=2 5 3 3 
scale_included=0
neurons (num_inputs, activation_function, activation_steepness)=(0, 0, 0.00000000000000000000e+00) (0, 0, 0.00000000000000000000e+00) (2, 3, 5.00000000000000000000e-01) (2, 3, 5.00000000000000000000e-01) (2, 3, 5.00000000000000000000e-01) (2, 3, 5.00000000000000000000e-01) (0, 3, 0.00000000000000000000e+00) (5, 3, 5.00000000000000000000e-01) (5, 3, 5.00000000000000000000e-01) (0, 3, 0.00000000000000000000e+00) (3, 0, 5.00000000000000000000e-01) (3, 0, 5.00000000000000000000e-01) (0, 0, 0.00000000000000000000e+00) 
connections (connected_to_neuron, weight)=(0, 1.70243167877197265625e+01) (1, -6.71852827072143554688e+00) (0, -5.19982604980468750000e+01) (1, 1.95198440551757812500e+01) (0, 7.23116455078125000000e+01) (1, -9.60636615753173828125e+00) (0, 3.19907501220703125000e+02) (1, -6.41787719726562500000e+01) (2, -1.50000000000000000000e+03) (3, 1.74692106246948242188e+00) (4, 5.00439682006835937500e+01) (5, 1.50000000000000000000e+03) (6, -4.57092761993408203125e+00) (2, -1.50000000000000000000e+03) (3, 1.24595550537109375000e+02) (4, 3.81399869918823242188e+00) (5, -9.83986377716064453125e+00) (6, 6.04106485843658447266e-02) (7, -1.62159478664398193359e+00) (8, -7.30252027511596679688e-01) (9, 3.50961178541183471680e-01) (7, -1.18444275856018066406e+00) (8, 2.07243824005126953125e+00) (9, -1.50906980037689208984e-01) 
