FANN_FLO_2.1
num_layers=4
learning_rate=0.500000
connection_rate=1.000000
network_type=0
learning_momentum=0.000000
training_algorithm=2
train_error_function=1
train_stop_function=0
cascade_output_change_fraction=0.010000
quickprop_decay=-0.000100
quickprop_mu=1.750000
rprop_increase_factor=1.200000
rprop_decrease_factor=0.500000
rprop_delta_min=0.000000
rprop_delta_max=50.000000
rprop_delta_zero=0.100000
cascade_output_stagnation_epochs=12
cascade_candidate_change_fraction=0.010000
cascade_candidate_stagnation_epochs=12
cascade_max_out_epochs=150
cascade_min_out_epochs=50
cascade_max_cand_epochs=150
cascade_min_cand_epochs=50
cascade_num_candidate_groups=2
bit_fail_limit=3.49999994039535522461e-01
cascade_candidate_limit=1.00000000000000000000e+03
cascade_weight_multiplier=4.00000005960464477539e-01
cascade_activation_functions_count=10
cascade_activation_functions=3 5 7 8 10 11 14 15 16 17 
cascade_activation_steepnesses_count=4
cascade_activation_steepnesses=2.50000000000000000000e-01 5.00000000000000000000e-01 7.50000000000000000000e-01 1.00000000000000000000e+00 
layer_sizes=2 5 5 3 
scale_included=0
neurons (num_inputs, activation_function, activation_steepness)=(0, 0, 0.00000000000000000000e+00) (0, 0, 0.00000000000000000000e+00) (2, 3, 5.00000000000000000000e-01) (2, 3, 5.00000000000000000000e-01) (2, 3, 5.00000000000000000000e-01) (2, 3, 5.00000000000000000000e-01) (0, 3, 0.00000000000000000000e+00) (5, 3, 5.00000000000000000000e-01) (5, 3, 5.00000000000000000000e-01) (5, 3, 5.00000000000000000000e-01) (5, 3, 5.00000000000000000000e-01) (0, 3, 0.00000000000000000000e+00) (5, 0, 5.00000000000000000000e-01) (5, 0, 5.00000000000000000000e-01) (0, 0, 0.00000000000000000000e+00) 
connections (connected_to_neuron, weight)=(0, -1.73180618286132812500e+01) (1, -1.01790010929107666016e+00) (0, -4.53401062011718750000e+02) (1, 9.08494472503662109375e-01) (0, 1.33881187438964843750e+00) (1, 8.93393084406852722168e-02) (0, -1.28844242095947265625e+01) (1, 1.59595322608947753906e+00) (2, -2.98021411895751953125e+01) (3, -8.53342151641845703125e+00) (4, -7.85974860191345214844e-01) (5, 3.23155045509338378906e+00) (6, 5.98023593425750732422e-01) (2, -1.07089637756347656250e+02) (3, 4.03526401519775390625e+00) (4, -4.53691196441650390625e+00) (5, 3.63097610473632812500e+01) (6, 9.11172270774841308594e-01) (2, 7.68994092941284179688e+00) (3, 1.25554916381835937500e+02) (4, 1.39102056622505187988e-01) (5, -1.13793884277343750000e+02) (6, -4.63905930519104003906e-01) (2, -4.16087961196899414062e+00) (3, -1.48579895019531250000e+03) (4, 1.28993833065032958984e+00) (5, -4.16811323165893554688e+00) (6, 3.44720065593719482422e-01) (7, -1.23894739151000976562e+00) (8, -1.03118181228637695312e+00) (9, 6.03878450393676757812e+00) (10, -1.73933017253875732422e+00) (11, 8.19817662239074707031e-01) (7, 3.82970809936523437500e-01) (8, 1.44832265377044677734e+00) (9, -8.87961924076080322266e-01) (10, -3.76042771339416503906e+00) (11, 6.33178353309631347656e-01) 
