FANN_FLO_2.1
num_layers=3
learning_rate=0.400000
connection_rate=1.000000
network_type=0
learning_momentum=0.000000
training_algorithm=2
train_error_function=1
train_stop_function=0
cascade_output_change_fraction=0.010000
quickprop_decay=-0.000100
quickprop_mu=1.750000
rprop_increase_factor=1.200000
rprop_decrease_factor=0.500000
rprop_delta_min=0.000000
rprop_delta_max=50.000000
rprop_delta_zero=0.100000
cascade_output_stagnation_epochs=12
cascade_candidate_change_fraction=0.010000
cascade_candidate_stagnation_epochs=12
cascade_max_out_epochs=150
cascade_min_out_epochs=50
cascade_max_cand_epochs=150
cascade_min_cand_epochs=50
cascade_num_candidate_groups=2
bit_fail_limit=3.49999994039535522461e-01
cascade_candidate_limit=1.00000000000000000000e+03
cascade_weight_multiplier=4.00000005960464477539e-01
cascade_activation_functions_count=10
cascade_activation_functions=3 5 7 8 10 11 14 15 16 17 
cascade_activation_steepnesses_count=4
cascade_activation_steepnesses=2.50000000000000000000e-01 5.00000000000000000000e-01 7.50000000000000000000e-01 1.00000000000000000000e+00 
layer_sizes=7 9 2 
scale_included=0
neurons (num_inputs, activation_function, activation_steepness)=(0, 0, 0.00000000000000000000e+00) (0, 0, 0.00000000000000000000e+00) (0, 0, 0.00000000000000000000e+00) (0, 0, 0.00000000000000000000e+00) (0, 0, 0.00000000000000000000e+00) (0, 0, 0.00000000000000000000e+00) (0, 0, 0.00000000000000000000e+00) (7, 3, 5.00000000000000000000e-01) (7, 3, 5.00000000000000000000e-01) (7, 3, 5.00000000000000000000e-01) (7, 3, 5.00000000000000000000e-01) (7, 3, 5.00000000000000000000e-01) (7, 3, 5.00000000000000000000e-01) (7, 3, 5.00000000000000000000e-01) (7, 3, 5.00000000000000000000e-01) (0, 3, 0.00000000000000000000e+00) (9, 3, 5.00000000000000000000e-01) (0, 3, 0.00000000000000000000e+00) 
connections (connected_to_neuron, weight)=(0, 5.22068452835083007812e+00) (1, -1.29805636405944824219e+00) (2, -1.31822228431701660156e+00) (3, -4.77288150787353515625e+00) (4, 1.53983736038208007812e+00) (5, -7.72577762603759765625e-01) (6, -5.98606050014495849609e-01) (0, -3.47710704803466796875e+00) (1, -3.52387356758117675781e+00) (2, -2.68747615814208984375e+00) (3, 4.30173724889755249023e-01) (4, 1.57981646060943603516e+00) (5, 1.65438508987426757812e+00) (6, -1.83118134737014770508e-01) (0, -3.37369775772094726562e+00) (1, 7.96140849590301513672e-01) (2, -8.08956250548362731934e-02) (3, -1.64316225051879882812e+00) (4, -2.65814614295959472656e+00) (5, 1.60618221759796142578e+00) (6, 8.90985131263732910156e-01) (0, 3.35620790719985961914e-01) (1, 1.97266328334808349609e+00) (2, -7.04258728027343750000e+00) (3, -8.07711124420166015625e+00) (4, -2.13126468658447265625e+00) (5, 2.34325199127197265625e+01) (6, 1.14165738224983215332e-01) (0, 3.19498562812805175781e+00) (1, 1.35991024971008300781e+00) (2, 1.10235023498535156250e+00) (3, -1.39152145385742187500e+00) (4, 1.71558821201324462891e+00) (5, 4.27314102649688720703e-01) (6, -5.29369488358497619629e-02) (0, 5.84768533706665039062e+00) (1, 1.49114739894866943359e+00) (2, 5.92265665531158447266e-01) (3, -1.29705774784088134766e+00) (4, 3.48807543516159057617e-01) (5, 1.44911244511604309082e-01) (6, 8.20571631193161010742e-02) (0, 1.69848670959472656250e+01) (1, 1.46264064311981201172e+00) (2, -6.53922891616821289062e+00) (3, -6.73727464675903320312e+00) (4, -5.53236722946166992188e-01) (5, 1.76290822029113769531e+00) (6, -9.59908187389373779297e-01) (0, 1.14807760715484619141e+00) (1, -1.41730666160583496094e+00) (2, -1.43215680122375488281e+00) (3, 1.40830826759338378906e+00) (4, -1.69178038835525512695e-01) (5, 5.80941104888916015625e+00) (6, -4.39571428298950195312e+00) (7, 1.57122182846069335938e+00) (8, 3.45292472839355468750e+00) (9, -2.86143827438354492188e+00) (10, -2.05361485481262207031e+00) (11, -3.70288006961345672607e-02) (12, -1.98877215385437011719e-01) (13, -7.79416203498840332031e-01) (14, 3.71187543869018554688e+00) (15, 6.16178333759307861328e-01) 
