FANN_FLO_2.1
num_layers=3
learning_rate=0.400000
connection_rate=1.000000
network_type=0
learning_momentum=0.000000
training_algorithm=2
train_error_function=1
train_stop_function=0
cascade_output_change_fraction=0.010000
quickprop_decay=-0.000100
quickprop_mu=1.750000
rprop_increase_factor=1.200000
rprop_decrease_factor=0.500000
rprop_delta_min=0.000000
rprop_delta_max=50.000000
rprop_delta_zero=0.100000
cascade_output_stagnation_epochs=12
cascade_candidate_change_fraction=0.010000
cascade_candidate_stagnation_epochs=12
cascade_max_out_epochs=150
cascade_min_out_epochs=50
cascade_max_cand_epochs=150
cascade_min_cand_epochs=50
cascade_num_candidate_groups=2
bit_fail_limit=3.49999994039535522461e-01
cascade_candidate_limit=1.00000000000000000000e+03
cascade_weight_multiplier=4.00000005960464477539e-01
cascade_activation_functions_count=10
cascade_activation_functions=3 5 7 8 10 11 14 15 16 17 
cascade_activation_steepnesses_count=4
cascade_activation_steepnesses=2.50000000000000000000e-01 5.00000000000000000000e-01 7.50000000000000000000e-01 1.00000000000000000000e+00 
layer_sizes=7 5 2 
scale_included=0
neurons (num_inputs, activation_function, activation_steepness)=(0, 0, 0.00000000000000000000e+00) (0, 0, 0.00000000000000000000e+00) (0, 0, 0.00000000000000000000e+00) (0, 0, 0.00000000000000000000e+00) (0, 0, 0.00000000000000000000e+00) (0, 0, 0.00000000000000000000e+00) (0, 0, 0.00000000000000000000e+00) (7, 3, 5.00000000000000000000e-01) (7, 3, 5.00000000000000000000e-01) (7, 3, 5.00000000000000000000e-01) (7, 3, 5.00000000000000000000e-01) (0, 3, 0.00000000000000000000e+00) (5, 3, 5.00000000000000000000e-01) (0, 3, 0.00000000000000000000e+00) 
connections (connected_to_neuron, weight)=(0, 3.06054878234863281250e+00) (1, -3.85838127136230468750e+00) (2, -2.61846375465393066406e+00) (3, 3.80054020881652832031e+00) (4, -7.94062495231628417969e-01) (5, 9.07965087890625000000e+00) (6, -6.68191480636596679688e+00) (0, 3.20502161979675292969e+00) (1, 3.98447084426879882812e+00) (2, 6.75232791900634765625e+00) (3, -1.79850459098815917969e+00) (4, -2.57876229286193847656e+00) (5, -3.33415642380714416504e-02) (6, -8.74317944049835205078e-01) (0, -9.26176607608795166016e-01) (1, -9.97919499874114990234e-01) (2, 6.17275762557983398438e+00) (3, 3.84445488452911376953e-01) (4, 3.13921737670898437500e+00) (5, -1.11037807464599609375e+01) (6, -1.77681553363800048828e+00) (0, -1.18175578117370605469e+00) (1, -1.39330911636352539062e+00) (2, -1.57731592655181884766e+00) (3, 6.37680351734161376953e-01) (4, 6.15276670455932617188e+00) (5, -2.13673877716064453125e+00) (6, -7.05162048339843750000e-01) (7, 2.81702208518981933594e+00) (8, -2.18270945549011230469e+00) (9, 2.19056987762451171875e+00) (10, 1.15042865276336669922e+00) (11, -3.70430588722229003906e-01) 
