FANN_FLO_2.1
num_layers=4
learning_rate=0.400000
connection_rate=1.000000
network_type=0
learning_momentum=0.000000
training_algorithm=2
train_error_function=1
train_stop_function=0
cascade_output_change_fraction=0.010000
quickprop_decay=-0.000100
quickprop_mu=1.750000
rprop_increase_factor=1.200000
rprop_decrease_factor=0.500000
rprop_delta_min=0.000000
rprop_delta_max=50.000000
rprop_delta_zero=0.100000
cascade_output_stagnation_epochs=12
cascade_candidate_change_fraction=0.010000
cascade_candidate_stagnation_epochs=12
cascade_max_out_epochs=150
cascade_min_out_epochs=50
cascade_max_cand_epochs=150
cascade_min_cand_epochs=50
cascade_num_candidate_groups=2
bit_fail_limit=3.49999994039535522461e-01
cascade_candidate_limit=1.00000000000000000000e+03
cascade_weight_multiplier=4.00000005960464477539e-01
cascade_activation_functions_count=10
cascade_activation_functions=3 5 7 8 10 11 14 15 16 17 
cascade_activation_steepnesses_count=4
cascade_activation_steepnesses=2.50000000000000000000e-01 5.00000000000000000000e-01 7.50000000000000000000e-01 1.00000000000000000000e+00 
layer_sizes=7 5 3 2 
scale_included=0
neurons (num_inputs, activation_function, activation_steepness)=(0, 0, 0.00000000000000000000e+00) (0, 0, 0.00000000000000000000e+00) (0, 0, 0.00000000000000000000e+00) (0, 0, 0.00000000000000000000e+00) (0, 0, 0.00000000000000000000e+00) (0, 0, 0.00000000000000000000e+00) (0, 0, 0.00000000000000000000e+00) (7, 3, 5.00000000000000000000e-01) (7, 3, 5.00000000000000000000e-01) (7, 3, 5.00000000000000000000e-01) (7, 3, 5.00000000000000000000e-01) (0, 3, 0.00000000000000000000e+00) (5, 3, 5.00000000000000000000e-01) (5, 3, 5.00000000000000000000e-01) (0, 3, 0.00000000000000000000e+00) (3, 3, 5.00000000000000000000e-01) (0, 3, 0.00000000000000000000e+00) 
connections (connected_to_neuron, weight)=(0, -1.88325500488281250000e+02) (1, -1.50000000000000000000e+03) (2, 5.94954910278320312500e+01) (3, -1.50000000000000000000e+03) (4, -1.22483178710937500000e+03) (5, 1.13573864746093750000e+03) (6, 1.01541700363159179688e+01) (0, 5.73261413574218750000e+02) (1, 1.50000000000000000000e+03) (2, -5.50562255859375000000e+02) (3, 1.50000000000000000000e+03) (4, 1.50000000000000000000e+03) (5, -1.50000000000000000000e+03) (6, -7.65239238739013671875e+00) (0, -3.72600158691406250000e+02) (1, -1.50000000000000000000e+03) (2, 8.43114074707031250000e+02) (3, -1.50000000000000000000e+03) (4, -1.34389343261718750000e+03) (5, 1.50000000000000000000e+03) (6, 3.72166709899902343750e+01) (0, -2.83902526855468750000e+02) (1, -1.10531616210937500000e+03) (2, -7.99076004028320312500e+01) (3, -1.50000000000000000000e+03) (4, -3.51048248291015625000e+02) (5, 9.22551696777343750000e+02) (6, 5.23261230468750000000e+02) (7, 4.94738525390625000000e+02) (8, -1.76908981323242187500e+02) (9, 9.44636611938476562500e+01) (10, 1.77335952758789062500e+02) (11, 2.67231427133083343506e-02) (7, 4.94738525390625000000e+02) (8, -4.80103645324707031250e+01) (9, 9.44636611938476562500e+01) (10, 2.97964687347412109375e+01) (11, 1.93009643554687500000e+01) (12, -3.66650849580764770508e-01) (13, -9.27307069301605224609e-01) (14, -2.62508583068847656250e+00) 
