FANN_FLO_2.1
num_layers=3
learning_rate=0.500000
connection_rate=1.000000
network_type=0
learning_momentum=0.000000
training_algorithm=2
train_error_function=1
train_stop_function=0
cascade_output_change_fraction=0.010000
quickprop_decay=-0.000100
quickprop_mu=1.750000
rprop_increase_factor=1.200000
rprop_decrease_factor=0.500000
rprop_delta_min=0.000000
rprop_delta_max=50.000000
rprop_delta_zero=0.100000
cascade_output_stagnation_epochs=12
cascade_candidate_change_fraction=0.010000
cascade_candidate_stagnation_epochs=12
cascade_max_out_epochs=150
cascade_min_out_epochs=50
cascade_max_cand_epochs=150
cascade_min_cand_epochs=50
cascade_num_candidate_groups=2
bit_fail_limit=3.49999994039535522461e-01
cascade_candidate_limit=1.00000000000000000000e+03
cascade_weight_multiplier=4.00000005960464477539e-01
cascade_activation_functions_count=10
cascade_activation_functions=3 5 7 8 10 11 14 15 16 17 
cascade_activation_steepnesses_count=4
cascade_activation_steepnesses=2.50000000000000000000e-01 5.00000000000000000000e-01 7.50000000000000000000e-01 1.00000000000000000000e+00 
layer_sizes=10 3 2 
scale_included=0
neurons (num_inputs, activation_function, activation_steepness)=(0, 0, 0.00000000000000000000e+00) (0, 0, 0.00000000000000000000e+00) (0, 0, 0.00000000000000000000e+00) (0, 0, 0.00000000000000000000e+00) (0, 0, 0.00000000000000000000e+00) (0, 0, 0.00000000000000000000e+00) (0, 0, 0.00000000000000000000e+00) (0, 0, 0.00000000000000000000e+00) (0, 0, 0.00000000000000000000e+00) (0, 0, 0.00000000000000000000e+00) (10, 3, 5.00000000000000000000e-01) (10, 3, 5.00000000000000000000e-01) (0, 3, 0.00000000000000000000e+00) (3, 3, 5.00000000000000000000e-01) (0, 3, 0.00000000000000000000e+00) 
connections (connected_to_neuron, weight)=(0, 4.33048820495605468750e+00) (1, 3.39723229408264160156e-01) (2, 1.14965510368347167969e+00) (3, 5.77413082122802734375e+00) (4, -1.08377876281738281250e+01) (5, -7.00785368680953979492e-02) (6, 1.10364615917205810547e+00) (7, 1.31579313278198242188e+01) (8, -2.43937683105468750000e+01) (9, 4.83290863037109375000e+00) (0, 1.35655796527862548828e+00) (1, 1.66195189952850341797e+00) (2, -2.16414785385131835938e+00) (3, 6.31448554992675781250e+00) (4, 1.33704099655151367188e+01) (5, -9.83142566680908203125e+00) (6, 1.04188156127929687500e+00) (7, -2.35446333885192871094e+00) (8, -1.69262046813964843750e+01) (9, 1.20261430740356445312e+00) (10, -3.61263704299926757812e+00) (11, 3.67913150787353515625e+00) (12, 8.39183211326599121094e-01) 
