FANN_FLO_2.1
num_layers=3
learning_rate=0.400000
connection_rate=1.000000
network_type=0
learning_momentum=0.000000
training_algorithm=2
train_error_function=1
train_stop_function=0
cascade_output_change_fraction=0.010000
quickprop_decay=-0.000100
quickprop_mu=1.750000
rprop_increase_factor=1.200000
rprop_decrease_factor=0.500000
rprop_delta_min=0.000000
rprop_delta_max=50.000000
rprop_delta_zero=0.100000
cascade_output_stagnation_epochs=12
cascade_candidate_change_fraction=0.010000
cascade_candidate_stagnation_epochs=12
cascade_max_out_epochs=150
cascade_min_out_epochs=50
cascade_max_cand_epochs=150
cascade_min_cand_epochs=50
cascade_num_candidate_groups=2
bit_fail_limit=3.49999994039535522461e-01
cascade_candidate_limit=1.00000000000000000000e+03
cascade_weight_multiplier=4.00000005960464477539e-01
cascade_activation_functions_count=10
cascade_activation_functions=3 5 7 8 10 11 14 15 16 17 
cascade_activation_steepnesses_count=4
cascade_activation_steepnesses=2.50000000000000000000e-01 5.00000000000000000000e-01 7.50000000000000000000e-01 1.00000000000000000000e+00 
layer_sizes=7 9 2 
scale_included=0
neurons (num_inputs, activation_function, activation_steepness)=(0, 0, 0.00000000000000000000e+00) (0, 0, 0.00000000000000000000e+00) (0, 0, 0.00000000000000000000e+00) (0, 0, 0.00000000000000000000e+00) (0, 0, 0.00000000000000000000e+00) (0, 0, 0.00000000000000000000e+00) (0, 0, 0.00000000000000000000e+00) (7, 3, 5.00000000000000000000e-01) (7, 3, 5.00000000000000000000e-01) (7, 3, 5.00000000000000000000e-01) (7, 3, 5.00000000000000000000e-01) (7, 3, 5.00000000000000000000e-01) (7, 3, 5.00000000000000000000e-01) (7, 3, 5.00000000000000000000e-01) (7, 3, 5.00000000000000000000e-01) (0, 3, 0.00000000000000000000e+00) (9, 3, 5.00000000000000000000e-01) (0, 3, 0.00000000000000000000e+00) 
connections (connected_to_neuron, weight)=(0, 1.11123800277709960938e+01) (1, 1.95623826980590820312e+00) (2, 2.37361168861389160156e+00) (3, 7.07518309354782104492e-03) (4, -2.64401745796203613281e+00) (5, -2.37534236907958984375e+00) (6, -7.98195600509643554688e-01) (0, 2.77196979522705078125e+00) (1, -2.14611625671386718750e+00) (2, -3.01610541343688964844e+00) (3, 1.50742959976196289062e+00) (4, -3.25387859344482421875e+00) (5, 5.92464876174926757812e+00) (6, -2.09779286384582519531e+00) (0, 7.41501665115356445312e+00) (1, 2.57578063011169433594e+00) (2, -1.18158996105194091797e+00) (3, -2.64023566246032714844e+00) (4, -1.32775628566741943359e+00) (5, -1.22292852401733398438e+00) (6, 1.21147274971008300781e+00) (0, 1.07505130767822265625e+00) (1, -3.71751874685287475586e-01) (2, 6.90751552581787109375e-01) (3, 9.91058886051177978516e-01) (4, 2.90469121932983398438e+00) (5, 8.42965841293334960938e-01) (6, -2.09160041809082031250e+00) (0, 5.34360599517822265625e+00) (1, 1.62465763092041015625e+00) (2, 1.37441682815551757812e+00) (3, -1.50387239456176757812e+00) (4, -1.37408471107482910156e+00) (5, -4.41484451293945312500e-01) (6, 1.24023091793060302734e+00) (0, 1.60963523387908935547e+00) (1, 8.06507050991058349609e-01) (2, -2.19315361976623535156e+00) (3, 2.72617244720458984375e+00) (4, -3.90388202667236328125e+00) (5, 5.05634164810180664062e+00) (6, -2.00745046138763427734e-01) (0, 7.25861024856567382812e+00) (1, 7.49339044094085693359e-01) (2, -4.02118301391601562500e+00) (3, -2.81477284431457519531e+00) (4, -7.09118795394897460938e+00) (5, 8.57609081268310546875e+00) (6, -4.98725831508636474609e-01) (0, 4.13580775260925292969e-01) (1, -4.35678780078887939453e-01) (2, -3.51667690277099609375e+00) (3, -2.42768645286560058594e+00) (4, -8.19889354705810546875e+00) (5, 3.19297485351562500000e+01) (6, -8.60240221023559570312e-01) (7, -1.14842367172241210938e+00) (8, 3.41805005073547363281e+00) (9, -1.23033297061920166016e+00) (10, 3.55735373497009277344e+00) (11, -1.14085006713867187500e+00) (12, -1.45108461380004882812e-01) (13, -1.11398756504058837891e+00) (14, -1.60727417469024658203e+00) (15, 6.38058662414550781250e-01) 
