FANN_FLO_2.1
num_layers=4
learning_rate=0.500000
connection_rate=1.000000
network_type=0
learning_momentum=0.000000
training_algorithm=2
train_error_function=1
train_stop_function=0
cascade_output_change_fraction=0.010000
quickprop_decay=-0.000100
quickprop_mu=1.750000
rprop_increase_factor=1.200000
rprop_decrease_factor=0.500000
rprop_delta_min=0.000000
rprop_delta_max=50.000000
rprop_delta_zero=0.100000
cascade_output_stagnation_epochs=12
cascade_candidate_change_fraction=0.010000
cascade_candidate_stagnation_epochs=12
cascade_max_out_epochs=150
cascade_min_out_epochs=50
cascade_max_cand_epochs=150
cascade_min_cand_epochs=50
cascade_num_candidate_groups=2
bit_fail_limit=3.49999994039535522461e-01
cascade_candidate_limit=1.00000000000000000000e+03
cascade_weight_multiplier=4.00000005960464477539e-01
cascade_activation_functions_count=10
cascade_activation_functions=3 5 7 8 10 11 14 15 16 17 
cascade_activation_steepnesses_count=4
cascade_activation_steepnesses=2.50000000000000000000e-01 5.00000000000000000000e-01 7.50000000000000000000e-01 1.00000000000000000000e+00 
layer_sizes=2 5 5 3 
scale_included=0
neurons (num_inputs, activation_function, activation_steepness)=(0, 0, 0.00000000000000000000e+00) (0, 0, 0.00000000000000000000e+00) (2, 3, 5.00000000000000000000e-01) (2, 3, 5.00000000000000000000e-01) (2, 3, 5.00000000000000000000e-01) (2, 3, 5.00000000000000000000e-01) (0, 3, 0.00000000000000000000e+00) (5, 3, 5.00000000000000000000e-01) (5, 3, 5.00000000000000000000e-01) (5, 3, 5.00000000000000000000e-01) (5, 3, 5.00000000000000000000e-01) (0, 3, 0.00000000000000000000e+00) (5, 0, 5.00000000000000000000e-01) (5, 0, 5.00000000000000000000e-01) (0, 0, 0.00000000000000000000e+00) 
connections (connected_to_neuron, weight)=(0, -1.09253473281860351562e+01) (1, 2.16769313812255859375e+00) (0, -1.11206846237182617188e+01) (1, 1.74366939067840576172e+00) (0, -7.37617850303649902344e-01) (1, -4.86601479351520538330e-02) (0, -1.64791564941406250000e+01) (1, 3.58689397573471069336e-01) (2, 8.99327087402343750000e+00) (3, 8.93195247650146484375e+00) (4, -5.31121194362640380859e-01) (5, -1.81074523925781250000e+01) (6, -2.42583584785461425781e+00) (2, -4.55765932798385620117e-01) (3, -1.70467674732208251953e+00) (4, 5.73625564575195312500e-01) (5, -2.37222137451171875000e+01) (6, 1.02527236938476562500e+00) (2, 1.83427181243896484375e+01) (3, 3.68895950317382812500e+01) (4, -1.43138194084167480469e+00) (5, -7.19794692993164062500e+01) (6, -1.59322094917297363281e+00) (2, -4.28449302911758422852e-01) (3, -2.90876716375350952148e-01) (4, 3.74182283878326416016e-01) (5, -4.68141508102416992188e+00) (6, 1.15973937511444091797e+00) (7, -1.00404262542724609375e+00) (8, -1.42143398523330688477e-01) (9, -1.85271954536437988281e+00) (10, -2.99265336990356445312e+00) (11, 3.03464269638061523438e+00) (7, 1.48358857631683349609e+00) (8, -1.99801552295684814453e+00) (9, 4.49816375970840454102e-01) (10, -1.57795333862304687500e+00) (11, 3.90065729618072509766e-01) 
