FANN_FLO_2.1
num_layers=3
learning_rate=0.400000
connection_rate=1.000000
network_type=0
learning_momentum=0.000000
training_algorithm=2
train_error_function=1
train_stop_function=0
cascade_output_change_fraction=0.010000
quickprop_decay=-0.000100
quickprop_mu=1.750000
rprop_increase_factor=1.200000
rprop_decrease_factor=0.500000
rprop_delta_min=0.000000
rprop_delta_max=50.000000
rprop_delta_zero=0.100000
cascade_output_stagnation_epochs=12
cascade_candidate_change_fraction=0.010000
cascade_candidate_stagnation_epochs=12
cascade_max_out_epochs=150
cascade_min_out_epochs=50
cascade_max_cand_epochs=150
cascade_min_cand_epochs=50
cascade_num_candidate_groups=2
bit_fail_limit=3.49999994039535522461e-01
cascade_candidate_limit=1.00000000000000000000e+03
cascade_weight_multiplier=4.00000005960464477539e-01
cascade_activation_functions_count=10
cascade_activation_functions=3 5 7 8 10 11 14 15 16 17 
cascade_activation_steepnesses_count=4
cascade_activation_steepnesses=2.50000000000000000000e-01 5.00000000000000000000e-01 7.50000000000000000000e-01 1.00000000000000000000e+00 
layer_sizes=7 9 2 
scale_included=0
neurons (num_inputs, activation_function, activation_steepness)=(0, 0, 0.00000000000000000000e+00) (0, 0, 0.00000000000000000000e+00) (0, 0, 0.00000000000000000000e+00) (0, 0, 0.00000000000000000000e+00) (0, 0, 0.00000000000000000000e+00) (0, 0, 0.00000000000000000000e+00) (0, 0, 0.00000000000000000000e+00) (7, 3, 5.00000000000000000000e-01) (7, 3, 5.00000000000000000000e-01) (7, 3, 5.00000000000000000000e-01) (7, 3, 5.00000000000000000000e-01) (7, 3, 5.00000000000000000000e-01) (7, 3, 5.00000000000000000000e-01) (7, 3, 5.00000000000000000000e-01) (7, 3, 5.00000000000000000000e-01) (0, 3, 0.00000000000000000000e+00) (9, 3, 5.00000000000000000000e-01) (0, 3, 0.00000000000000000000e+00) 
connections (connected_to_neuron, weight)=(0, 4.80397272109985351562e+00) (1, -4.08271741867065429688e+00) (2, -7.62700653076171875000e+00) (3, -4.36203432083129882812e+00) (4, 1.09041881561279296875e+00) (5, 3.21438765525817871094e+00) (6, -4.38616418838500976562e+00) (0, -8.60466480255126953125e+00) (1, 8.15533733367919921875e+00) (2, -5.32252645492553710938e+00) (3, -2.04146051406860351562e+00) (4, -7.70849883556365966797e-01) (5, -1.57812547683715820312e+01) (6, 3.09330582618713378906e-01) (0, 1.50000000000000000000e+03) (1, 7.84902526855468750000e+02) (2, 7.52527313232421875000e+01) (3, 1.50000000000000000000e+03) (4, 1.50000000000000000000e+03) (5, -2.49831628799438476562e+00) (6, 2.39218902587890625000e+01) (0, 1.33624839782714843750e+01) (1, -1.53943204879760742188e+01) (2, -6.65442199707031250000e+01) (3, 2.73106002807617187500e+01) (4, -2.92189216613769531250e+01) (5, 2.52893185615539550781e+00) (6, -6.65007054805755615234e-01) (0, 1.50000000000000000000e+03) (1, 1.50000000000000000000e+03) (2, 1.96368732452392578125e+01) (3, 1.50000000000000000000e+03) (4, 1.50000000000000000000e+03) (5, -3.22204661369323730469e+00) (6, 1.62376613616943359375e+01) (0, 1.09109344482421875000e+01) (1, -1.25397920608520507812e+01) (2, 4.40025520324707031250e+00) (3, -1.79937994480133056641e+00) (4, -8.17324638366699218750e-01) (5, 5.42852926254272460938e+00) (6, -5.12555885314941406250e+00) (0, -2.15028023719787597656e+00) (1, -1.24351530075073242188e+01) (2, 8.08266677856445312500e+01) (3, -1.06537237167358398438e+01) (4, 7.46461272239685058594e-01) (5, 2.56315737962722778320e-01) (6, 1.41237182617187500000e+01) (0, -1.62974929809570312500e+01) (1, -4.72218132019042968750e+00) (2, 5.50982055664062500000e+01) (3, -5.72345912456512451172e-01) (4, -5.83875989913940429688e+00) (5, 6.15954875946044921875e+00) (6, 1.48993902206420898438e+01) (7, -3.76084351539611816406e+00) (8, -7.05399322509765625000e+00) (9, -2.72993505001068115234e-01) (10, -2.90355652570724487305e-01) (11, -3.53423476219177246094e-01) (12, -6.30796194076538085938e+00) (13, -1.08837917447090148926e-01) (14, -6.31204783916473388672e-01) (15, 6.81746751070022583008e-03) 
