FANN_FLO_2.1
num_layers=3
learning_rate=0.500000
connection_rate=1.000000
network_type=0
learning_momentum=0.000000
training_algorithm=2
train_error_function=1
train_stop_function=0
cascade_output_change_fraction=0.010000
quickprop_decay=-0.000100
quickprop_mu=1.750000
rprop_increase_factor=1.200000
rprop_decrease_factor=0.500000
rprop_delta_min=0.000000
rprop_delta_max=50.000000
rprop_delta_zero=0.100000
cascade_output_stagnation_epochs=12
cascade_candidate_change_fraction=0.010000
cascade_candidate_stagnation_epochs=12
cascade_max_out_epochs=150
cascade_min_out_epochs=50
cascade_max_cand_epochs=150
cascade_min_cand_epochs=50
cascade_num_candidate_groups=2
bit_fail_limit=3.49999994039535522461e-01
cascade_candidate_limit=1.00000000000000000000e+03
cascade_weight_multiplier=4.00000005960464477539e-01
cascade_activation_functions_count=10
cascade_activation_functions=3 5 7 8 10 11 14 15 16 17 
cascade_activation_steepnesses_count=4
cascade_activation_steepnesses=2.50000000000000000000e-01 5.00000000000000000000e-01 7.50000000000000000000e-01 1.00000000000000000000e+00 
layer_sizes=10 5 2 
scale_included=0
neurons (num_inputs, activation_function, activation_steepness)=(0, 0, 0.00000000000000000000e+00) (0, 0, 0.00000000000000000000e+00) (0, 0, 0.00000000000000000000e+00) (0, 0, 0.00000000000000000000e+00) (0, 0, 0.00000000000000000000e+00) (0, 0, 0.00000000000000000000e+00) (0, 0, 0.00000000000000000000e+00) (0, 0, 0.00000000000000000000e+00) (0, 0, 0.00000000000000000000e+00) (0, 0, 0.00000000000000000000e+00) (10, 3, 5.00000000000000000000e-01) (10, 3, 5.00000000000000000000e-01) (10, 3, 5.00000000000000000000e-01) (10, 3, 5.00000000000000000000e-01) (0, 3, 0.00000000000000000000e+00) (5, 3, 5.00000000000000000000e-01) (0, 3, 0.00000000000000000000e+00) 
connections (connected_to_neuron, weight)=(0, -1.00737524032592773438e+00) (1, -4.78105217218399047852e-01) (2, -9.28085517883300781250e+00) (3, -4.32808208465576171875e+00) (4, 1.36226511001586914062e+00) (5, -2.97815394401550292969e+00) (6, 3.37480378150939941406e+00) (7, 5.28999209403991699219e-01) (8, 7.17396068572998046875e+00) (9, 1.44306170940399169922e+00) (0, 3.38457226753234863281e-01) (1, -3.04443240165710449219e-02) (2, 2.67355465888977050781e+00) (3, 4.07730817794799804688e-01) (4, -1.86521753668785095215e-01) (5, 1.14120841026306152344e+00) (6, -5.52299439907073974609e-01) (7, 5.17330074310302734375e+00) (8, 7.78928518295288085938e-01) (9, -2.89858293533325195312e+00) (0, -6.57490551471710205078e-01) (1, 6.36799097061157226562e-01) (2, 8.47307586669921875000e+00) (3, -6.27811956405639648438e+00) (4, -1.84305226802825927734e+00) (5, 4.48025196790695190430e-01) (6, 8.20726871490478515625e+00) (7, -1.54268150329589843750e+01) (8, 3.74956250190734863281e+00) (9, 7.96616852283477783203e-01) (0, 1.07770105823874473572e-02) (1, -3.69966536760330200195e-01) (2, 2.46976375579833984375e+00) (3, 1.74034371972084045410e-01) (4, -3.19010525941848754883e-01) (5, 1.55124747753143310547e+00) (6, -3.40147495269775390625e-01) (7, 5.13676881790161132812e+00) (8, 1.45336174964904785156e+00) (9, -2.91554379463195800781e+00) (10, 3.14621877670288085938e+00) (11, -9.45063412189483642578e-01) (12, 2.93612790107727050781e+00) (13, -1.02639901638031005859e+00) (14, -6.93971633911132812500e-01) 
