FANN_FLO_2.1
num_layers=3
learning_rate=0.400000
connection_rate=1.000000
network_type=0
learning_momentum=0.000000
training_algorithm=2
train_error_function=1
train_stop_function=0
cascade_output_change_fraction=0.010000
quickprop_decay=-0.000100
quickprop_mu=1.750000
rprop_increase_factor=1.200000
rprop_decrease_factor=0.500000
rprop_delta_min=0.000000
rprop_delta_max=50.000000
rprop_delta_zero=0.100000
cascade_output_stagnation_epochs=12
cascade_candidate_change_fraction=0.010000
cascade_candidate_stagnation_epochs=12
cascade_max_out_epochs=150
cascade_min_out_epochs=50
cascade_max_cand_epochs=150
cascade_min_cand_epochs=50
cascade_num_candidate_groups=2
bit_fail_limit=3.49999994039535522461e-01
cascade_candidate_limit=1.00000000000000000000e+03
cascade_weight_multiplier=4.00000005960464477539e-01
cascade_activation_functions_count=10
cascade_activation_functions=3 5 7 8 10 11 14 15 16 17 
cascade_activation_steepnesses_count=4
cascade_activation_steepnesses=2.50000000000000000000e-01 5.00000000000000000000e-01 7.50000000000000000000e-01 1.00000000000000000000e+00 
layer_sizes=7 9 2 
scale_included=0
neurons (num_inputs, activation_function, activation_steepness)=(0, 0, 0.00000000000000000000e+00) (0, 0, 0.00000000000000000000e+00) (0, 0, 0.00000000000000000000e+00) (0, 0, 0.00000000000000000000e+00) (0, 0, 0.00000000000000000000e+00) (0, 0, 0.00000000000000000000e+00) (0, 0, 0.00000000000000000000e+00) (7, 3, 5.00000000000000000000e-01) (7, 3, 5.00000000000000000000e-01) (7, 3, 5.00000000000000000000e-01) (7, 3, 5.00000000000000000000e-01) (7, 3, 5.00000000000000000000e-01) (7, 3, 5.00000000000000000000e-01) (7, 3, 5.00000000000000000000e-01) (7, 3, 5.00000000000000000000e-01) (0, 3, 0.00000000000000000000e+00) (9, 3, 5.00000000000000000000e-01) (0, 3, 0.00000000000000000000e+00) 
connections (connected_to_neuron, weight)=(0, -2.25226354598999023438e+00) (1, 3.35767865180969238281e-01) (2, 3.16981136798858642578e-01) (3, -9.12656784057617187500e-01) (4, -3.58209538459777832031e+00) (5, 7.92291402816772460938e-01) (6, 4.79091197252273559570e-01) (0, -3.00089955329895019531e+00) (1, 4.76362377405166625977e-01) (2, 5.13551712036132812500e-01) (3, -6.75284206867218017578e-01) (4, -2.63130354881286621094e+00) (5, 5.04500746726989746094e-01) (6, 6.72970831394195556641e-01) (0, -2.15688157081604003906e+00) (1, 5.00264406204223632812e-01) (2, -3.88030529022216796875e+00) (3, -1.96925267577171325684e-01) (4, -1.69611418247222900391e+00) (5, 5.78554677963256835938e+00) (6, 2.42454648017883300781e+00) (0, -2.61951828002929687500e+00) (1, 1.88745409250259399414e-01) (2, 3.93985211849212646484e-01) (3, -8.81717920303344726562e-01) (4, -2.79390406608581542969e+00) (5, 5.91316044330596923828e-01) (6, 5.46335577964782714844e-01) (0, -2.57068371772766113281e+00) (1, -2.07156610488891601562e+00) (2, -1.34545814990997314453e+00) (3, 3.37323641777038574219e+00) (4, -4.71777975559234619141e-01) (5, 6.50127887725830078125e-01) (6, -2.78517198562622070312e+00) (0, -1.84601056575775146484e+00) (1, -2.15941619873046875000e+00) (2, -1.31654524803161621094e+00) (3, 1.51607561111450195312e+00) (4, -2.80983734130859375000e+00) (5, 7.79071712493896484375e+00) (6, -2.61758708953857421875e+00) (0, -3.11776399612426757812e+00) (1, -4.63479614257812500000e+00) (2, -1.84911370277404785156e+00) (3, -1.30596101284027099609e-01) (4, 3.43982553482055664062e+00) (5, 1.10930597782135009766e+00) (6, -1.09048593044281005859e+00) (0, -7.73954153060913085938e-01) (1, 1.55471667647361755371e-01) (2, -3.16740489006042480469e+00) (3, -1.34621989727020263672e+00) (4, -3.17042970657348632812e+00) (5, 6.33171463012695312500e+00) (6, 1.66277050971984863281e+00) (7, -1.03924512863159179688e+00) (8, -4.23711490631103515625e+00) (9, -1.07100248336791992188e+00) (10, -7.39375710487365722656e-01) (11, 3.79838848114013671875e+00) (12, 3.95088076591491699219e+00) (13, 3.96640515327453613281e+00) (14, -2.15276527404785156250e+00) (15, 7.73622512817382812500e-01) 
