FANN_FLO_2.1
num_layers=4
learning_rate=0.500000
connection_rate=1.000000
network_type=0
learning_momentum=0.000000
training_algorithm=2
train_error_function=1
train_stop_function=0
cascade_output_change_fraction=0.010000
quickprop_decay=-0.000100
quickprop_mu=1.750000
rprop_increase_factor=1.200000
rprop_decrease_factor=0.500000
rprop_delta_min=0.000000
rprop_delta_max=50.000000
rprop_delta_zero=0.100000
cascade_output_stagnation_epochs=12
cascade_candidate_change_fraction=0.010000
cascade_candidate_stagnation_epochs=12
cascade_max_out_epochs=150
cascade_min_out_epochs=50
cascade_max_cand_epochs=150
cascade_min_cand_epochs=50
cascade_num_candidate_groups=2
bit_fail_limit=3.49999994039535522461e-01
cascade_candidate_limit=1.00000000000000000000e+03
cascade_weight_multiplier=4.00000005960464477539e-01
cascade_activation_functions_count=10
cascade_activation_functions=3 5 7 8 10 11 14 15 16 17 
cascade_activation_steepnesses_count=4
cascade_activation_steepnesses=2.50000000000000000000e-01 5.00000000000000000000e-01 7.50000000000000000000e-01 1.00000000000000000000e+00 
layer_sizes=10 5 3 2 
scale_included=0
neurons (num_inputs, activation_function, activation_steepness)=(0, 0, 0.00000000000000000000e+00) (0, 0, 0.00000000000000000000e+00) (0, 0, 0.00000000000000000000e+00) (0, 0, 0.00000000000000000000e+00) (0, 0, 0.00000000000000000000e+00) (0, 0, 0.00000000000000000000e+00) (0, 0, 0.00000000000000000000e+00) (0, 0, 0.00000000000000000000e+00) (0, 0, 0.00000000000000000000e+00) (0, 0, 0.00000000000000000000e+00) (10, 3, 5.00000000000000000000e-01) (10, 3, 5.00000000000000000000e-01) (10, 3, 5.00000000000000000000e-01) (10, 3, 5.00000000000000000000e-01) (0, 3, 0.00000000000000000000e+00) (5, 3, 5.00000000000000000000e-01) (5, 3, 5.00000000000000000000e-01) (0, 3, 0.00000000000000000000e+00) (3, 3, 5.00000000000000000000e-01) (0, 3, 0.00000000000000000000e+00) 
connections (connected_to_neuron, weight)=(0, 4.93548645019531250000e+02) (1, -3.12500400543212890625e+01) (2, -1.36613574218750000000e+03) (3, -1.38511138916015625000e+02) (4, -5.94555541992187500000e+02) (5, -4.10372505187988281250e+01) (6, 2.89025092124938964844e+00) (7, 9.93368148803710937500e+01) (8, 1.18535498046875000000e+03) (9, 2.23275256156921386719e+00) (0, -2.28799730539321899414e-02) (1, -1.09677433967590332031e+00) (2, 3.22205871343612670898e-01) (3, 3.15093064308166503906e+00) (4, -9.56296265125274658203e-01) (5, 1.99732172489166259766e+00) (6, 2.69807624816894531250e+00) (7, -1.13824997097253799438e-02) (8, 9.07376670837402343750e+00) (9, -6.09138011932373046875e+00) (0, 7.79700088500976562500e+01) (1, 3.39748114347457885742e-01) (2, -1.50000000000000000000e+03) (3, -2.95557641983032226562e+00) (4, 2.28469276428222656250e+01) (5, -1.50000000000000000000e+03) (6, -1.66069066524505615234e+00) (7, -3.41729044914245605469e+00) (8, -1.45018237304687500000e+03) (9, -5.59907264709472656250e+01) (0, 3.30406522750854492188e+00) (1, 6.53257310390472412109e-01) (2, -7.44395017623901367188e-01) (3, 1.30710725784301757812e+01) (4, -8.81798565387725830078e-01) (5, 1.20746498107910156250e+01) (6, 1.48219728469848632812e+01) (7, -1.41028547286987304688e+00) (8, -7.31405496597290039062e+00) (9, -2.03864002227783203125e+01) (10, -4.01342821121215820312e+00) (11, 1.99042339324951171875e+01) (12, 1.46292526245117187500e+02) (13, -3.93046689033508300781e+00) (14, -1.09500570297241210938e+01) (10, -2.93036460876464843750e+00) (11, 7.34543991088867187500e+00) (12, 6.38786849975585937500e+01) (13, -2.92404518127441406250e+01) (14, 2.98965024948120117188e+00) (15, -1.44179129600524902344e+00) (16, 1.35760176181793212891e+00) (17, -4.58552986383438110352e-01) 
