FANN_FLO_2.1
num_layers=3
learning_rate=0.400000
connection_rate=1.000000
network_type=0
learning_momentum=0.000000
training_algorithm=2
train_error_function=1
train_stop_function=0
cascade_output_change_fraction=0.010000
quickprop_decay=-0.000100
quickprop_mu=1.750000
rprop_increase_factor=1.200000
rprop_decrease_factor=0.500000
rprop_delta_min=0.000000
rprop_delta_max=50.000000
rprop_delta_zero=0.100000
cascade_output_stagnation_epochs=12
cascade_candidate_change_fraction=0.010000
cascade_candidate_stagnation_epochs=12
cascade_max_out_epochs=150
cascade_min_out_epochs=50
cascade_max_cand_epochs=150
cascade_min_cand_epochs=50
cascade_num_candidate_groups=2
bit_fail_limit=3.49999994039535522461e-01
cascade_candidate_limit=1.00000000000000000000e+03
cascade_weight_multiplier=4.00000005960464477539e-01
cascade_activation_functions_count=10
cascade_activation_functions=3 5 7 8 10 11 14 15 16 17 
cascade_activation_steepnesses_count=4
cascade_activation_steepnesses=2.50000000000000000000e-01 5.00000000000000000000e-01 7.50000000000000000000e-01 1.00000000000000000000e+00 
layer_sizes=7 5 2 
scale_included=0
neurons (num_inputs, activation_function, activation_steepness)=(0, 0, 0.00000000000000000000e+00) (0, 0, 0.00000000000000000000e+00) (0, 0, 0.00000000000000000000e+00) (0, 0, 0.00000000000000000000e+00) (0, 0, 0.00000000000000000000e+00) (0, 0, 0.00000000000000000000e+00) (0, 0, 0.00000000000000000000e+00) (7, 3, 5.00000000000000000000e-01) (7, 3, 5.00000000000000000000e-01) (7, 3, 5.00000000000000000000e-01) (7, 3, 5.00000000000000000000e-01) (0, 3, 0.00000000000000000000e+00) (5, 3, 5.00000000000000000000e-01) (0, 3, 0.00000000000000000000e+00) 
connections (connected_to_neuron, weight)=(0, -4.81815290451049804688e+00) (1, -1.45542407035827636719e+00) (2, -3.76253104209899902344e+00) (3, -6.49578475952148437500e+00) (4, -3.38630080223083496094e+00) (5, 5.15121400356292724609e-01) (6, 1.04663572311401367188e+01) (0, 5.82434701919555664062e+00) (1, -6.23054075241088867188e+00) (2, 3.43156886100769042969e+00) (3, -1.14177167415618896484e+00) (4, -5.78340768814086914062e-01) (5, 4.08895254135131835938e+00) (6, -5.04495573043823242188e+00) (0, -8.21813642978668212891e-01) (1, 1.81950330734252929688e-01) (2, -1.13685836791992187500e+01) (3, -3.66084504127502441406e+00) (4, 5.70086240768432617188e+00) (5, -4.85558956861495971680e-01) (6, -2.24962735176086425781e+00) (0, -9.31356143951416015625e+00) (1, 8.76895236968994140625e+00) (2, -1.97013175487518310547e+00) (3, -6.55947268009185791016e-01) (4, -1.27510893344879150391e+00) (5, -9.05495056152343750000e+02) (6, 2.67374962568283081055e-02) (7, -8.00019502639770507812e-01) (8, -1.18577413558959960938e+01) (9, -7.58642077445983886719e-01) (10, -7.12596225738525390625e+00) (11, -2.42267295718193054199e-01) 
