FANN_FLO_2.1
num_layers=3
learning_rate=0.500000
connection_rate=1.000000
network_type=0
learning_momentum=0.000000
training_algorithm=2
train_error_function=1
train_stop_function=0
cascade_output_change_fraction=0.010000
quickprop_decay=-0.000100
quickprop_mu=1.750000
rprop_increase_factor=1.200000
rprop_decrease_factor=0.500000
rprop_delta_min=0.000000
rprop_delta_max=50.000000
rprop_delta_zero=0.100000
cascade_output_stagnation_epochs=12
cascade_candidate_change_fraction=0.010000
cascade_candidate_stagnation_epochs=12
cascade_max_out_epochs=150
cascade_min_out_epochs=50
cascade_max_cand_epochs=150
cascade_min_cand_epochs=50
cascade_num_candidate_groups=2
bit_fail_limit=3.49999994039535522461e-01
cascade_candidate_limit=1.00000000000000000000e+03
cascade_weight_multiplier=4.00000005960464477539e-01
cascade_activation_functions_count=10
cascade_activation_functions=3 5 7 8 10 11 14 15 16 17 
cascade_activation_steepnesses_count=4
cascade_activation_steepnesses=2.50000000000000000000e-01 5.00000000000000000000e-01 7.50000000000000000000e-01 1.00000000000000000000e+00 
layer_sizes=10 3 2 
scale_included=0
neurons (num_inputs, activation_function, activation_steepness)=(0, 0, 0.00000000000000000000e+00) (0, 0, 0.00000000000000000000e+00) (0, 0, 0.00000000000000000000e+00) (0, 0, 0.00000000000000000000e+00) (0, 0, 0.00000000000000000000e+00) (0, 0, 0.00000000000000000000e+00) (0, 0, 0.00000000000000000000e+00) (0, 0, 0.00000000000000000000e+00) (0, 0, 0.00000000000000000000e+00) (0, 0, 0.00000000000000000000e+00) (10, 3, 5.00000000000000000000e-01) (10, 3, 5.00000000000000000000e-01) (0, 3, 0.00000000000000000000e+00) (3, 3, 5.00000000000000000000e-01) (0, 3, 0.00000000000000000000e+00) 
connections (connected_to_neuron, weight)=(0, 2.02867937088012695312e+00) (1, 2.33408689498901367188e+00) (2, -1.85726528167724609375e+01) (3, 1.08887815475463867188e+01) (4, 5.01905024051666259766e-01) (5, -2.93307155370712280273e-01) (6, 2.81107163429260253906e+00) (7, -4.43567943572998046875e+00) (8, -1.03556547164916992188e+01) (9, 1.32573330402374267578e+00) (0, -4.37524461746215820312e+00) (1, 2.04288220405578613281e+00) (2, 5.12093687057495117188e+00) (3, -2.78101229667663574219e+00) (4, 1.51407575607299804688e+00) (5, 1.43420791625976562500e+01) (6, 2.46991229057312011719e+00) (7, -1.81861438751220703125e+01) (8, 2.32556200027465820312e+00) (9, -4.08706188201904296875e-01) (10, 5.41236400604248046875e+00) (11, 5.43608665466308593750e+00) (12, -4.53451919555664062500e+00) 
