FANN_FLO_2.1
num_layers=4
learning_rate=0.500000
connection_rate=1.000000
network_type=0
learning_momentum=0.000000
training_algorithm=2
train_error_function=1
train_stop_function=0
cascade_output_change_fraction=0.010000
quickprop_decay=-0.000100
quickprop_mu=1.750000
rprop_increase_factor=1.200000
rprop_decrease_factor=0.500000
rprop_delta_min=0.000000
rprop_delta_max=50.000000
rprop_delta_zero=0.100000
cascade_output_stagnation_epochs=12
cascade_candidate_change_fraction=0.010000
cascade_candidate_stagnation_epochs=12
cascade_max_out_epochs=150
cascade_min_out_epochs=50
cascade_max_cand_epochs=150
cascade_min_cand_epochs=50
cascade_num_candidate_groups=2
bit_fail_limit=3.49999994039535522461e-01
cascade_candidate_limit=1.00000000000000000000e+03
cascade_weight_multiplier=4.00000005960464477539e-01
cascade_activation_functions_count=10
cascade_activation_functions=3 5 7 8 10 11 14 15 16 17 
cascade_activation_steepnesses_count=4
cascade_activation_steepnesses=2.50000000000000000000e-01 5.00000000000000000000e-01 7.50000000000000000000e-01 1.00000000000000000000e+00 
layer_sizes=10 3 3 2 
scale_included=0
neurons (num_inputs, activation_function, activation_steepness)=(0, 0, 0.00000000000000000000e+00) (0, 0, 0.00000000000000000000e+00) (0, 0, 0.00000000000000000000e+00) (0, 0, 0.00000000000000000000e+00) (0, 0, 0.00000000000000000000e+00) (0, 0, 0.00000000000000000000e+00) (0, 0, 0.00000000000000000000e+00) (0, 0, 0.00000000000000000000e+00) (0, 0, 0.00000000000000000000e+00) (0, 0, 0.00000000000000000000e+00) (10, 3, 5.00000000000000000000e-01) (10, 3, 5.00000000000000000000e-01) (0, 3, 0.00000000000000000000e+00) (3, 3, 5.00000000000000000000e-01) (3, 3, 5.00000000000000000000e-01) (0, 3, 0.00000000000000000000e+00) (3, 3, 5.00000000000000000000e-01) (0, 3, 0.00000000000000000000e+00) 
connections (connected_to_neuron, weight)=(0, 4.68891143798828125000e+00) (1, -5.02796125411987304688e+00) (2, -8.13597664237022399902e-02) (3, 2.32758903503417968750e+00) (4, -2.19090557098388671875e+01) (5, 4.86749792098999023438e+00) (6, 1.57844200134277343750e+01) (7, 1.07330064773559570312e+01) (8, 5.82921648025512695312e+00) (9, -4.71544981002807617188e+00) (0, -1.43370211124420166016e+00) (1, -1.49459997558593750000e+03) (2, -1.39397935867309570312e+01) (3, 1.21266841888427734375e+01) (4, -7.22028446197509765625e+00) (5, 3.89813089370727539062e+00) (6, 3.68459564208984375000e+02) (7, 1.89261760711669921875e+01) (8, -1.05973196029663085938e+00) (9, -4.01269149780273437500e+01) (10, -8.94812488555908203125e+00) (11, 5.78051328659057617188e+00) (12, 7.16139078140258789062e+00) (10, 1.50000000000000000000e+03) (11, -5.40435028076171875000e+01) (12, 1.33976793289184570312e+01) (13, 2.38069057464599609375e+00) (14, -5.44695198535919189453e-01) (15, -9.06624734401702880859e-01) 
