FANN_FLO_2.1
num_layers=4
learning_rate=0.500000
connection_rate=1.000000
network_type=0
learning_momentum=0.000000
training_algorithm=2
train_error_function=1
train_stop_function=0
cascade_output_change_fraction=0.010000
quickprop_decay=-0.000100
quickprop_mu=1.750000
rprop_increase_factor=1.200000
rprop_decrease_factor=0.500000
rprop_delta_min=0.000000
rprop_delta_max=50.000000
rprop_delta_zero=0.100000
cascade_output_stagnation_epochs=12
cascade_candidate_change_fraction=0.010000
cascade_candidate_stagnation_epochs=12
cascade_max_out_epochs=150
cascade_min_out_epochs=50
cascade_max_cand_epochs=150
cascade_min_cand_epochs=50
cascade_num_candidate_groups=2
bit_fail_limit=3.49999994039535522461e-01
cascade_candidate_limit=1.00000000000000000000e+03
cascade_weight_multiplier=4.00000005960464477539e-01
cascade_activation_functions_count=10
cascade_activation_functions=3 5 7 8 10 11 14 15 16 17 
cascade_activation_steepnesses_count=4
cascade_activation_steepnesses=2.50000000000000000000e-01 5.00000000000000000000e-01 7.50000000000000000000e-01 1.00000000000000000000e+00 
layer_sizes=10 3 3 2 
scale_included=0
neurons (num_inputs, activation_function, activation_steepness)=(0, 0, 0.00000000000000000000e+00) (0, 0, 0.00000000000000000000e+00) (0, 0, 0.00000000000000000000e+00) (0, 0, 0.00000000000000000000e+00) (0, 0, 0.00000000000000000000e+00) (0, 0, 0.00000000000000000000e+00) (0, 0, 0.00000000000000000000e+00) (0, 0, 0.00000000000000000000e+00) (0, 0, 0.00000000000000000000e+00) (0, 0, 0.00000000000000000000e+00) (10, 3, 5.00000000000000000000e-01) (10, 3, 5.00000000000000000000e-01) (0, 3, 0.00000000000000000000e+00) (3, 3, 5.00000000000000000000e-01) (3, 3, 5.00000000000000000000e-01) (0, 3, 0.00000000000000000000e+00) (3, 3, 5.00000000000000000000e-01) (0, 3, 0.00000000000000000000e+00) 
connections (connected_to_neuron, weight)=(0, -8.02609539031982421875e+00) (1, 2.24673223495483398438e+00) (2, -5.67270421981811523438e+00) (3, 3.95320391654968261719e+00) (4, 1.51042022705078125000e+01) (5, 1.42616319656372070312e+00) (6, -9.21004295349121093750e+00) (7, 3.74063402414321899414e-01) (8, -3.53180289268493652344e+00) (9, 4.49789106845855712891e-01) (0, -1.29412145996093750000e+03) (1, -7.28695495605468750000e+02) (2, 1.48205969238281250000e+03) (3, -4.84788179397583007812e+00) (4, -1.20841333007812500000e+03) (5, 1.16767517089843750000e+03) (6, -1.78613224029541015625e+01) (7, 3.31119561195373535156e+00) (8, 7.03105468750000000000e+02) (9, 4.12764663696289062500e+01) (10, 1.76949367523193359375e+01) (11, -7.95899629592895507812e+00) (12, -2.10442757606506347656e+00) (10, 6.80408859252929687500e+01) (11, -1.25931680202484130859e+00) (12, -3.34621667861938476562e+00) (13, 1.63156139850616455078e+00) (14, 8.47839474678039550781e-01) (15, -1.60678076744079589844e+00) 
