FANN_FLO_2.1
num_layers=3
learning_rate=0.400000
connection_rate=1.000000
network_type=0
learning_momentum=0.000000
training_algorithm=2
train_error_function=1
train_stop_function=0
cascade_output_change_fraction=0.010000
quickprop_decay=-0.000100
quickprop_mu=1.750000
rprop_increase_factor=1.200000
rprop_decrease_factor=0.500000
rprop_delta_min=0.000000
rprop_delta_max=50.000000
rprop_delta_zero=0.100000
cascade_output_stagnation_epochs=12
cascade_candidate_change_fraction=0.010000
cascade_candidate_stagnation_epochs=12
cascade_max_out_epochs=150
cascade_min_out_epochs=50
cascade_max_cand_epochs=150
cascade_min_cand_epochs=50
cascade_num_candidate_groups=2
bit_fail_limit=3.49999994039535522461e-01
cascade_candidate_limit=1.00000000000000000000e+03
cascade_weight_multiplier=4.00000005960464477539e-01
cascade_activation_functions_count=10
cascade_activation_functions=3 5 7 8 10 11 14 15 16 17 
cascade_activation_steepnesses_count=4
cascade_activation_steepnesses=2.50000000000000000000e-01 5.00000000000000000000e-01 7.50000000000000000000e-01 1.00000000000000000000e+00 
layer_sizes=19 3 3 
scale_included=0
neurons (num_inputs, activation_function, activation_steepness)=(0, 0, 0.00000000000000000000e+00) (0, 0, 0.00000000000000000000e+00) (0, 0, 0.00000000000000000000e+00) (0, 0, 0.00000000000000000000e+00) (0, 0, 0.00000000000000000000e+00) (0, 0, 0.00000000000000000000e+00) (0, 0, 0.00000000000000000000e+00) (0, 0, 0.00000000000000000000e+00) (0, 0, 0.00000000000000000000e+00) (0, 0, 0.00000000000000000000e+00) (0, 0, 0.00000000000000000000e+00) (0, 0, 0.00000000000000000000e+00) (0, 0, 0.00000000000000000000e+00) (0, 0, 0.00000000000000000000e+00) (0, 0, 0.00000000000000000000e+00) (0, 0, 0.00000000000000000000e+00) (0, 0, 0.00000000000000000000e+00) (0, 0, 0.00000000000000000000e+00) (0, 0, 0.00000000000000000000e+00) (19, 3, 5.00000000000000000000e-01) (19, 3, 5.00000000000000000000e-01) (0, 3, 0.00000000000000000000e+00) (3, 3, 5.00000000000000000000e-01) (3, 3, 5.00000000000000000000e-01) (0, 3, 0.00000000000000000000e+00) 
connections (connected_to_neuron, weight)=(0, 3.61331486701965332031e+00) (1, -9.76552903652191162109e-01) (2, 8.89093303680419921875e+00) (3, 7.53029489517211914062e+00) (4, -4.14100587368011474609e-01) (5, 1.08962383270263671875e+01) (6, 3.47944450378417968750e+00) (7, -5.66170310974121093750e+00) (8, 1.46375827789306640625e+01) (9, -6.73332071304321289062e+00) (10, 3.98455429077148437500e+00) (11, -1.66557750701904296875e+01) (12, -1.21206827163696289062e+01) (13, 3.46683049201965332031e+00) (14, -1.27718315124511718750e+01) (15, -5.51540517807006835938e+00) (16, -2.28386092185974121094e+00) (17, -1.41725435256958007812e+01) (18, 3.67469266057014465332e-02) (0, -4.56225824356079101562e+00) (1, 2.55935955047607421875e+00) (2, -1.63990116119384765625e+01) (3, -8.13346290588378906250e+00) (4, -2.64214730262756347656e+00) (5, -1.44655599594116210938e+01) (6, -4.42500400543212890625e+00) (7, -1.97531151771545410156e+00) (8, -6.62356901168823242188e+00) (9, 3.94543647766113281250e+00) (10, -3.65488588809967041016e-01) (11, 8.93075084686279296875e+00) (12, 3.48683524131774902344e+00) (13, -8.51522266864776611328e-01) (14, 1.39489536285400390625e+01) (15, 9.27461338043212890625e+00) (16, -4.55082702636718750000e+00) (17, 1.24384632110595703125e+01) (18, -1.59764671325683593750e+00) (19, -1.05575859546661376953e+00) (20, -1.05061197280883789062e+00) (21, -7.30226561427116394043e-02) (19, 1.05603015422821044922e+00) (20, 1.05074238777160644531e+00) (21, 7.27761909365653991699e-02) 
