FANN_FLO_2.1
num_layers=3
learning_rate=0.500000
connection_rate=1.000000
network_type=0
learning_momentum=0.000000
training_algorithm=2
train_error_function=1
train_stop_function=0
cascade_output_change_fraction=0.010000
quickprop_decay=-0.000100
quickprop_mu=1.750000
rprop_increase_factor=1.200000
rprop_decrease_factor=0.500000
rprop_delta_min=0.000000
rprop_delta_max=50.000000
rprop_delta_zero=0.100000
cascade_output_stagnation_epochs=12
cascade_candidate_change_fraction=0.010000
cascade_candidate_stagnation_epochs=12
cascade_max_out_epochs=150
cascade_min_out_epochs=50
cascade_max_cand_epochs=150
cascade_min_cand_epochs=50
cascade_num_candidate_groups=2
bit_fail_limit=3.49999994039535522461e-01
cascade_candidate_limit=1.00000000000000000000e+03
cascade_weight_multiplier=4.00000005960464477539e-01
cascade_activation_functions_count=10
cascade_activation_functions=3 5 7 8 10 11 14 15 16 17 
cascade_activation_steepnesses_count=4
cascade_activation_steepnesses=2.50000000000000000000e-01 5.00000000000000000000e-01 7.50000000000000000000e-01 1.00000000000000000000e+00 
layer_sizes=10 3 2 
scale_included=0
neurons (num_inputs, activation_function, activation_steepness)=(0, 0, 0.00000000000000000000e+00) (0, 0, 0.00000000000000000000e+00) (0, 0, 0.00000000000000000000e+00) (0, 0, 0.00000000000000000000e+00) (0, 0, 0.00000000000000000000e+00) (0, 0, 0.00000000000000000000e+00) (0, 0, 0.00000000000000000000e+00) (0, 0, 0.00000000000000000000e+00) (0, 0, 0.00000000000000000000e+00) (0, 0, 0.00000000000000000000e+00) (10, 3, 5.00000000000000000000e-01) (10, 3, 5.00000000000000000000e-01) (0, 3, 0.00000000000000000000e+00) (3, 3, 5.00000000000000000000e-01) (0, 3, 0.00000000000000000000e+00) 
connections (connected_to_neuron, weight)=(0, -1.40308589935302734375e+01) (1, -1.45212802886962890625e+01) (2, -1.82027206420898437500e+01) (3, 8.16433811187744140625e+00) (4, 2.17647342681884765625e+01) (5, 4.65826988220214843750e+00) (6, -1.17238211631774902344e+00) (7, -4.15151166915893554688e+00) (8, 1.79413204193115234375e+01) (9, -1.27778279781341552734e+00) (0, 1.47920891642570495605e-01) (1, 8.72252464294433593750e+00) (2, 2.33179855346679687500e+01) (3, -1.18597698211669921875e+00) (4, 7.69764995574951171875e+00) (5, -3.87194603681564331055e-01) (6, -1.89764010906219482422e+00) (7, -2.87664852142333984375e+01) (8, -8.34830665588378906250e+00) (9, -2.92233300209045410156e+00) (10, 3.26637911796569824219e+00) (11, 3.24888134002685546875e+00) (12, -2.39161419868469238281e+00) 
