FANN_FLO_2.1
num_layers=4
learning_rate=0.400000
connection_rate=1.000000
network_type=0
learning_momentum=0.000000
training_algorithm=2
train_error_function=1
train_stop_function=0
cascade_output_change_fraction=0.010000
quickprop_decay=-0.000100
quickprop_mu=1.750000
rprop_increase_factor=1.200000
rprop_decrease_factor=0.500000
rprop_delta_min=0.000000
rprop_delta_max=50.000000
rprop_delta_zero=0.100000
cascade_output_stagnation_epochs=12
cascade_candidate_change_fraction=0.010000
cascade_candidate_stagnation_epochs=12
cascade_max_out_epochs=150
cascade_min_out_epochs=50
cascade_max_cand_epochs=150
cascade_min_cand_epochs=50
cascade_num_candidate_groups=2
bit_fail_limit=3.49999994039535522461e-01
cascade_candidate_limit=1.00000000000000000000e+03
cascade_weight_multiplier=4.00000005960464477539e-01
cascade_activation_functions_count=10
cascade_activation_functions=3 5 7 8 10 11 14 15 16 17 
cascade_activation_steepnesses_count=4
cascade_activation_steepnesses=2.50000000000000000000e-01 5.00000000000000000000e-01 7.50000000000000000000e-01 1.00000000000000000000e+00 
layer_sizes=7 5 5 2 
scale_included=0
neurons (num_inputs, activation_function, activation_steepness)=(0, 0, 0.00000000000000000000e+00) (0, 0, 0.00000000000000000000e+00) (0, 0, 0.00000000000000000000e+00) (0, 0, 0.00000000000000000000e+00) (0, 0, 0.00000000000000000000e+00) (0, 0, 0.00000000000000000000e+00) (0, 0, 0.00000000000000000000e+00) (7, 3, 5.00000000000000000000e-01) (7, 3, 5.00000000000000000000e-01) (7, 3, 5.00000000000000000000e-01) (7, 3, 5.00000000000000000000e-01) (0, 3, 0.00000000000000000000e+00) (5, 3, 5.00000000000000000000e-01) (5, 3, 5.00000000000000000000e-01) (5, 3, 5.00000000000000000000e-01) (5, 3, 5.00000000000000000000e-01) (0, 3, 0.00000000000000000000e+00) (5, 3, 5.00000000000000000000e-01) (0, 3, 0.00000000000000000000e+00) 
connections (connected_to_neuron, weight)=(0, 6.04409217834472656250e-01) (1, 1.18448996543884277344e+00) (2, -1.49827377319335937500e+02) (3, -6.28272914886474609375e+00) (4, -2.07758855819702148438e+00) (5, -1.02494812011718750000e+00) (6, 2.06952047348022460938e+00) (0, -5.90670680999755859375e+00) (1, -5.53769171237945556641e-01) (2, 5.87151428222656250000e+02) (3, -2.73749084472656250000e+02) (4, 1.77961978912353515625e+01) (5, 5.54013633728027343750e+01) (6, 1.88340079784393310547e+00) (0, -3.36121487617492675781e+00) (1, 5.82905054092407226562e+00) (2, -4.15549049377441406250e+01) (3, -1.19092893600463867188e+01) (4, -3.47016859054565429688e+00) (5, -1.50000000000000000000e+03) (6, 1.82390844821929931641e+00) (0, -2.08321356773376464844e+00) (1, -2.12619924545288085938e+00) (2, -7.84141004085540771484e-01) (3, -3.68726819753646850586e-01) (4, -2.02341866493225097656e+00) (5, 9.60792958736419677734e-01) (6, 2.07637429237365722656e+00) (7, -6.90316238403320312500e+01) (8, 2.78311300277709960938e+00) (9, 1.31152381896972656250e+01) (10, 1.87287940979003906250e+01) (11, -4.17475849390029907227e-01) (7, -7.65879058837890625000e+01) (8, 1.72186291217803955078e+00) (9, 1.63677196502685546875e+01) (10, 3.10939006805419921875e+01) (11, -2.86649250984191894531e+00) (7, 5.81108474731445312500e+00) (8, -1.66202807426452636719e+00) (9, 1.50000000000000000000e+03) (10, 4.82074203491210937500e+01) (11, -1.31747255325317382812e+01) (7, -9.18908309936523437500e+01) (8, 2.17510700225830078125e+01) (9, 1.27939041137695312500e+02) (10, -2.63057556152343750000e+01) (11, 1.32962453365325927734e+00) (12, -7.57207453250885009766e-01) (13, -1.16396141052246093750e+00) (14, -7.21904635429382324219e-01) (15, -1.22188687324523925781e+00) (16, -2.70116955041885375977e-01) 
