FANN_FLO_2.1
num_layers=3
learning_rate=0.500000
connection_rate=1.000000
network_type=0
learning_momentum=0.000000
training_algorithm=2
train_error_function=1
train_stop_function=0
cascade_output_change_fraction=0.010000
quickprop_decay=-0.000100
quickprop_mu=1.750000
rprop_increase_factor=1.200000
rprop_decrease_factor=0.500000
rprop_delta_min=0.000000
rprop_delta_max=50.000000
rprop_delta_zero=0.100000
cascade_output_stagnation_epochs=12
cascade_candidate_change_fraction=0.010000
cascade_candidate_stagnation_epochs=12
cascade_max_out_epochs=150
cascade_min_out_epochs=50
cascade_max_cand_epochs=150
cascade_min_cand_epochs=50
cascade_num_candidate_groups=2
bit_fail_limit=3.49999994039535522461e-01
cascade_candidate_limit=1.00000000000000000000e+03
cascade_weight_multiplier=4.00000005960464477539e-01
cascade_activation_functions_count=10
cascade_activation_functions=3 5 7 8 10 11 14 15 16 17 
cascade_activation_steepnesses_count=4
cascade_activation_steepnesses=2.50000000000000000000e-01 5.00000000000000000000e-01 7.50000000000000000000e-01 1.00000000000000000000e+00 
layer_sizes=10 3 2 
scale_included=0
neurons (num_inputs, activation_function, activation_steepness)=(0, 0, 0.00000000000000000000e+00) (0, 0, 0.00000000000000000000e+00) (0, 0, 0.00000000000000000000e+00) (0, 0, 0.00000000000000000000e+00) (0, 0, 0.00000000000000000000e+00) (0, 0, 0.00000000000000000000e+00) (0, 0, 0.00000000000000000000e+00) (0, 0, 0.00000000000000000000e+00) (0, 0, 0.00000000000000000000e+00) (0, 0, 0.00000000000000000000e+00) (10, 3, 5.00000000000000000000e-01) (10, 3, 5.00000000000000000000e-01) (0, 3, 0.00000000000000000000e+00) (3, 3, 5.00000000000000000000e-01) (0, 3, 0.00000000000000000000e+00) 
connections (connected_to_neuron, weight)=(0, -2.23404812812805175781e+00) (1, -9.47173786163330078125e+00) (2, 2.08210449218750000000e+01) (3, -8.55761528015136718750e-01) (4, -2.71195864677429199219e+00) (5, -1.92260437011718750000e+01) (6, 3.37636833190917968750e+01) (7, -2.40070894360542297363e-01) (8, -5.43222284317016601562e+00) (9, -1.01350128650665283203e+00) (0, -5.24179649353027343750e+00) (1, -2.24268984794616699219e+00) (2, -4.87970113754272460938e+00) (3, -1.06749844551086425781e+00) (4, 6.46947681903839111328e-01) (5, 7.93442392349243164062e+00) (6, 2.52857685089111328125e+01) (7, -1.50805404409766197205e-02) (8, -7.88821458816528320312e+00) (9, -7.02276754379272460938e+00) (10, -2.78540325164794921875e+00) (11, 2.77795124053955078125e+00) (12, 9.13729012012481689453e-01) 
