FANN_FLO_2.1
num_layers=4
learning_rate=0.500000
connection_rate=1.000000
network_type=0
learning_momentum=0.000000
training_algorithm=2
train_error_function=1
train_stop_function=0
cascade_output_change_fraction=0.010000
quickprop_decay=-0.000100
quickprop_mu=1.750000
rprop_increase_factor=1.200000
rprop_decrease_factor=0.500000
rprop_delta_min=0.000000
rprop_delta_max=50.000000
rprop_delta_zero=0.100000
cascade_output_stagnation_epochs=12
cascade_candidate_change_fraction=0.010000
cascade_candidate_stagnation_epochs=12
cascade_max_out_epochs=150
cascade_min_out_epochs=50
cascade_max_cand_epochs=150
cascade_min_cand_epochs=50
cascade_num_candidate_groups=2
bit_fail_limit=3.49999994039535522461e-01
cascade_candidate_limit=1.00000000000000000000e+03
cascade_weight_multiplier=4.00000005960464477539e-01
cascade_activation_functions_count=10
cascade_activation_functions=3 5 7 8 10 11 14 15 16 17 
cascade_activation_steepnesses_count=4
cascade_activation_steepnesses=2.50000000000000000000e-01 5.00000000000000000000e-01 7.50000000000000000000e-01 1.00000000000000000000e+00 
layer_sizes=10 5 3 2 
scale_included=0
neurons (num_inputs, activation_function, activation_steepness)=(0, 0, 0.00000000000000000000e+00) (0, 0, 0.00000000000000000000e+00) (0, 0, 0.00000000000000000000e+00) (0, 0, 0.00000000000000000000e+00) (0, 0, 0.00000000000000000000e+00) (0, 0, 0.00000000000000000000e+00) (0, 0, 0.00000000000000000000e+00) (0, 0, 0.00000000000000000000e+00) (0, 0, 0.00000000000000000000e+00) (0, 0, 0.00000000000000000000e+00) (10, 3, 5.00000000000000000000e-01) (10, 3, 5.00000000000000000000e-01) (10, 3, 5.00000000000000000000e-01) (10, 3, 5.00000000000000000000e-01) (0, 3, 0.00000000000000000000e+00) (5, 3, 5.00000000000000000000e-01) (5, 3, 5.00000000000000000000e-01) (0, 3, 0.00000000000000000000e+00) (3, 3, 5.00000000000000000000e-01) (0, 3, 0.00000000000000000000e+00) 
connections (connected_to_neuron, weight)=(0, 8.13139820098876953125e+00) (1, 4.12872390747070312500e+01) (2, -1.15157880783081054688e+01) (3, 1.09769232571125030518e-01) (4, 2.94870948791503906250e+00) (5, -9.55301761627197265625e+00) (6, -4.67720556259155273438e+00) (7, -2.80271387100219726562e+00) (8, -1.04021084308624267578e+00) (9, 1.11844563484191894531e+00) (0, 2.86929702758789062500e+00) (1, 2.59746646881103515625e+01) (2, 5.46912527084350585938e+00) (3, 1.53383046388626098633e-01) (4, 2.93571382761001586914e-01) (5, 7.49688029289245605469e-01) (6, -1.24732494354248046875e+01) (7, -2.89693317413330078125e+01) (8, -1.94741475582122802734e+00) (9, 1.80679515004158020020e-01) (0, 4.54387933015823364258e-01) (1, 1.88167357444763183594e+00) (2, -9.22841064453125000000e+02) (3, -4.53591972589492797852e-01) (4, 3.55131435394287109375e+00) (5, -5.39718294143676757812e+00) (6, -9.15272235870361328125e-01) (7, -2.66584610939025878906e+00) (8, -2.43642082214355468750e+01) (9, 1.51621925830841064453e+00) (0, -3.21759849786758422852e-01) (1, 7.55909234285354614258e-02) (2, -2.75143337249755859375e+00) (3, 1.07707045972347259521e-02) (4, 4.47212934494018554688e-01) (5, 5.85784852504730224609e-01) (6, 3.02757525444030761719e+00) (7, -3.34511947631835937500e+00) (8, -5.09127140045166015625e-01) (9, 1.42077207565307617188e+00) (10, 4.79999084472656250000e+01) (11, -1.49704931640625000000e+03) (12, -3.22195663452148437500e+01) (13, 3.38964968919754028320e-01) (14, -1.00876271724700927734e+00) (10, 1.45971166992187500000e+03) (11, -1.48442333984375000000e+03) (12, -1.43115966796875000000e+03) (13, -1.55715087890625000000e+02) (14, 1.49560201168060302734e+00) (15, 3.25093865394592285156e-02) (16, -2.10410213470458984375e+00) (17, 8.63513410091400146484e-01) 
