FANN_FLO_2.1
num_layers=3
learning_rate=0.500000
connection_rate=1.000000
network_type=0
learning_momentum=0.000000
training_algorithm=2
train_error_function=1
train_stop_function=0
cascade_output_change_fraction=0.010000
quickprop_decay=-0.000100
quickprop_mu=1.750000
rprop_increase_factor=1.200000
rprop_decrease_factor=0.500000
rprop_delta_min=0.000000
rprop_delta_max=50.000000
rprop_delta_zero=0.100000
cascade_output_stagnation_epochs=12
cascade_candidate_change_fraction=0.010000
cascade_candidate_stagnation_epochs=12
cascade_max_out_epochs=150
cascade_min_out_epochs=50
cascade_max_cand_epochs=150
cascade_min_cand_epochs=50
cascade_num_candidate_groups=2
bit_fail_limit=3.49999994039535522461e-01
cascade_candidate_limit=1.00000000000000000000e+03
cascade_weight_multiplier=4.00000005960464477539e-01
cascade_activation_functions_count=10
cascade_activation_functions=3 5 7 8 10 11 14 15 16 17 
cascade_activation_steepnesses_count=4
cascade_activation_steepnesses=2.50000000000000000000e-01 5.00000000000000000000e-01 7.50000000000000000000e-01 1.00000000000000000000e+00 
layer_sizes=10 3 2 
scale_included=0
neurons (num_inputs, activation_function, activation_steepness)=(0, 0, 0.00000000000000000000e+00) (0, 0, 0.00000000000000000000e+00) (0, 0, 0.00000000000000000000e+00) (0, 0, 0.00000000000000000000e+00) (0, 0, 0.00000000000000000000e+00) (0, 0, 0.00000000000000000000e+00) (0, 0, 0.00000000000000000000e+00) (0, 0, 0.00000000000000000000e+00) (0, 0, 0.00000000000000000000e+00) (0, 0, 0.00000000000000000000e+00) (10, 3, 5.00000000000000000000e-01) (10, 3, 5.00000000000000000000e-01) (0, 3, 0.00000000000000000000e+00) (3, 3, 5.00000000000000000000e-01) (0, 3, 0.00000000000000000000e+00) 
connections (connected_to_neuron, weight)=(0, -2.07556986808776855469e+00) (1, -1.46904048919677734375e+01) (2, -1.32271184921264648438e+01) (3, -3.52193593978881835938e-01) (4, 1.35688161849975585938e+00) (5, 7.18242466449737548828e-01) (6, 1.37363176345825195312e+01) (7, 1.21705455780029296875e+01) (8, 4.69133234024047851562e+00) (9, 1.10493600368499755859e+00) (0, -5.68415355682373046875e+00) (1, -3.59823322296142578125e+00) (2, -3.03622508049011230469e+00) (3, 4.51148843765258789062e+00) (4, 8.47195759415626525879e-02) (5, 1.51487255096435546875e+00) (6, 4.88879728317260742188e+00) (7, 1.52317774295806884766e+00) (8, 7.00399041175842285156e-01) (9, -1.60666489601135253906e+00) (10, -4.70450973510742187500e+00) (11, 4.84079313278198242188e+00) (12, 7.43058145046234130859e-01) 
