FANN_FLO_2.1
num_layers=3
learning_rate=0.500000
connection_rate=1.000000
network_type=0
learning_momentum=0.000000
training_algorithm=2
train_error_function=1
train_stop_function=0
cascade_output_change_fraction=0.010000
quickprop_decay=-0.000100
quickprop_mu=1.750000
rprop_increase_factor=1.200000
rprop_decrease_factor=0.500000
rprop_delta_min=0.000000
rprop_delta_max=50.000000
rprop_delta_zero=0.100000
cascade_output_stagnation_epochs=12
cascade_candidate_change_fraction=0.010000
cascade_candidate_stagnation_epochs=12
cascade_max_out_epochs=150
cascade_min_out_epochs=50
cascade_max_cand_epochs=150
cascade_min_cand_epochs=50
cascade_num_candidate_groups=2
bit_fail_limit=3.49999994039535522461e-01
cascade_candidate_limit=1.00000000000000000000e+03
cascade_weight_multiplier=4.00000005960464477539e-01
cascade_activation_functions_count=10
cascade_activation_functions=3 5 7 8 10 11 14 15 16 17 
cascade_activation_steepnesses_count=4
cascade_activation_steepnesses=2.50000000000000000000e-01 5.00000000000000000000e-01 7.50000000000000000000e-01 1.00000000000000000000e+00 
layer_sizes=10 5 2 
scale_included=0
neurons (num_inputs, activation_function, activation_steepness)=(0, 0, 0.00000000000000000000e+00) (0, 0, 0.00000000000000000000e+00) (0, 0, 0.00000000000000000000e+00) (0, 0, 0.00000000000000000000e+00) (0, 0, 0.00000000000000000000e+00) (0, 0, 0.00000000000000000000e+00) (0, 0, 0.00000000000000000000e+00) (0, 0, 0.00000000000000000000e+00) (0, 0, 0.00000000000000000000e+00) (0, 0, 0.00000000000000000000e+00) (10, 3, 5.00000000000000000000e-01) (10, 3, 5.00000000000000000000e-01) (10, 3, 5.00000000000000000000e-01) (10, 3, 5.00000000000000000000e-01) (0, 3, 0.00000000000000000000e+00) (5, 3, 5.00000000000000000000e-01) (0, 3, 0.00000000000000000000e+00) 
connections (connected_to_neuron, weight)=(0, 8.26196002960205078125e+00) (1, 1.67840213775634765625e+01) (2, -1.09890755265951156616e-02) (3, -6.10728311538696289062e+00) (4, 7.31572866439819335938e-01) (5, -4.30535465478897094727e-01) (6, -1.74594631195068359375e+01) (7, -1.17148351669311523438e+00) (8, -1.08103456497192382812e+01) (9, 2.90083289146423339844e+00) (0, -1.29788112640380859375e+00) (1, 2.69451594352722167969e+00) (2, -7.99490928649902343750e+00) (3, -5.36631345748901367188e-01) (4, 2.43071034550666809082e-01) (5, -3.99378108978271484375e+00) (6, 2.58937811851501464844e+00) (7, -8.08248519897460937500e-01) (8, 5.55423164367675781250e+00) (9, 5.85382282733917236328e-01) (0, 4.86688137054443359375e+00) (1, 1.93112277984619140625e+01) (2, 5.72342537343502044678e-02) (3, -3.92705225944519042969e+00) (4, 6.33224368095397949219e-01) (5, 9.81096506118774414062e-01) (6, -1.81019592285156250000e+01) (7, -9.06304419040679931641e-01) (8, -1.05831031799316406250e+01) (9, 1.20534861087799072266e+00) (0, 4.48649501800537109375e+00) (1, 2.67007350921630859375e+01) (2, -3.67509275674819946289e-01) (3, -1.01814966201782226562e+01) (4, 6.07909798622131347656e-01) (5, 3.28152632713317871094e+00) (6, -1.79431133270263671875e+01) (7, -1.09168291091918945312e+00) (8, -1.20840339660644531250e+01) (9, 3.96437168121337890625e-01) (10, 9.63062405586242675781e-01) (11, 3.12350368499755859375e+00) (12, 5.83024919033050537109e-01) (13, 9.16404843330383300781e-01) (14, -1.96375882625579833984e+00) 
