FANN_FLO_2.1
num_layers=4
learning_rate=0.500000
connection_rate=1.000000
network_type=0
learning_momentum=0.000000
training_algorithm=2
train_error_function=1
train_stop_function=0
cascade_output_change_fraction=0.010000
quickprop_decay=-0.000100
quickprop_mu=1.750000
rprop_increase_factor=1.200000
rprop_decrease_factor=0.500000
rprop_delta_min=0.000000
rprop_delta_max=50.000000
rprop_delta_zero=0.100000
cascade_output_stagnation_epochs=12
cascade_candidate_change_fraction=0.010000
cascade_candidate_stagnation_epochs=12
cascade_max_out_epochs=150
cascade_min_out_epochs=50
cascade_max_cand_epochs=150
cascade_min_cand_epochs=50
cascade_num_candidate_groups=2
bit_fail_limit=3.49999994039535522461e-01
cascade_candidate_limit=1.00000000000000000000e+03
cascade_weight_multiplier=4.00000005960464477539e-01
cascade_activation_functions_count=10
cascade_activation_functions=3 5 7 8 10 11 14 15 16 17 
cascade_activation_steepnesses_count=4
cascade_activation_steepnesses=2.50000000000000000000e-01 5.00000000000000000000e-01 7.50000000000000000000e-01 1.00000000000000000000e+00 
layer_sizes=2 5 5 3 
scale_included=0
neurons (num_inputs, activation_function, activation_steepness)=(0, 0, 0.00000000000000000000e+00) (0, 0, 0.00000000000000000000e+00) (2, 3, 5.00000000000000000000e-01) (2, 3, 5.00000000000000000000e-01) (2, 3, 5.00000000000000000000e-01) (2, 3, 5.00000000000000000000e-01) (0, 3, 0.00000000000000000000e+00) (5, 3, 5.00000000000000000000e-01) (5, 3, 5.00000000000000000000e-01) (5, 3, 5.00000000000000000000e-01) (5, 3, 5.00000000000000000000e-01) (0, 3, 0.00000000000000000000e+00) (5, 0, 5.00000000000000000000e-01) (5, 0, 5.00000000000000000000e-01) (0, 0, 0.00000000000000000000e+00) 
connections (connected_to_neuron, weight)=(0, -3.34350419044494628906e+00) (1, -5.47219085693359375000e+00) (0, 8.28635681152343750000e+02) (1, 1.41702735424041748047e+00) (0, 2.56086087226867675781e+00) (1, 6.34438812732696533203e-01) (0, 8.89786682128906250000e+02) (1, 1.98204863071441650391e+00) (2, -5.36312683105468750000e+02) (3, -3.29949401855468750000e+02) (4, 1.50195358276367187500e+02) (5, 1.82506790161132812500e+02) (6, 5.68345451354980468750e+00) (2, 9.98870605468750000000e+02) (3, -6.46346473693847656250e+00) (4, 8.58804397583007812500e+01) (5, -6.62718505859375000000e+01) (6, 3.65234464406967163086e-01) (2, 3.17978149414062500000e+02) (3, -6.75072252750396728516e-01) (4, -1.40985751152038574219e+00) (5, -2.56435418128967285156e+00) (6, 1.45722436904907226562e+00) (2, -1.45349426269531250000e+03) (3, 1.16997184753417968750e+01) (4, 3.03055858612060546875e+01) (5, 9.10117263793945312500e+01) (6, -1.25429372787475585938e+01) (7, -4.31745986938476562500e+01) (8, 1.93042075634002685547e+00) (9, 1.62098464965820312500e+01) (10, -5.15437936782836914062e+00) (11, 1.68702125549316406250e+00) (7, -1.01756614685058593750e+02) (8, -1.65257382392883300781e+00) (9, 2.47762393951416015625e+01) (10, -2.86805129051208496094e+00) (11, 7.46689319610595703125e-01) 
