FANN_FLO_2.1
num_layers=4
learning_rate=0.500000
connection_rate=1.000000
network_type=0
learning_momentum=0.000000
training_algorithm=2
train_error_function=1
train_stop_function=0
cascade_output_change_fraction=0.010000
quickprop_decay=-0.000100
quickprop_mu=1.750000
rprop_increase_factor=1.200000
rprop_decrease_factor=0.500000
rprop_delta_min=0.000000
rprop_delta_max=50.000000
rprop_delta_zero=0.100000
cascade_output_stagnation_epochs=12
cascade_candidate_change_fraction=0.010000
cascade_candidate_stagnation_epochs=12
cascade_max_out_epochs=150
cascade_min_out_epochs=50
cascade_max_cand_epochs=150
cascade_min_cand_epochs=50
cascade_num_candidate_groups=2
bit_fail_limit=3.49999994039535522461e-01
cascade_candidate_limit=1.00000000000000000000e+03
cascade_weight_multiplier=4.00000005960464477539e-01
cascade_activation_functions_count=10
cascade_activation_functions=3 5 7 8 10 11 14 15 16 17 
cascade_activation_steepnesses_count=4
cascade_activation_steepnesses=2.50000000000000000000e-01 5.00000000000000000000e-01 7.50000000000000000000e-01 1.00000000000000000000e+00 
layer_sizes=2 5 3 3 
scale_included=0
neurons (num_inputs, activation_function, activation_steepness)=(0, 0, 0.00000000000000000000e+00) (0, 0, 0.00000000000000000000e+00) (2, 3, 5.00000000000000000000e-01) (2, 3, 5.00000000000000000000e-01) (2, 3, 5.00000000000000000000e-01) (2, 3, 5.00000000000000000000e-01) (0, 3, 0.00000000000000000000e+00) (5, 3, 5.00000000000000000000e-01) (5, 3, 5.00000000000000000000e-01) (0, 3, 0.00000000000000000000e+00) (3, 0, 5.00000000000000000000e-01) (3, 0, 5.00000000000000000000e-01) (0, 0, 0.00000000000000000000e+00) 
connections (connected_to_neuron, weight)=(0, 1.50000000000000000000e+03) (1, -2.72958404541015625000e+02) (0, -1.33664350509643554688e+01) (1, 5.25459098815917968750e+00) (0, 1.50000000000000000000e+03) (1, 4.80709600448608398438e+00) (0, -1.13018078613281250000e+03) (1, 1.07283500671386718750e+02) (2, 1.50000000000000000000e+03) (3, 7.14262437820434570312e+00) (4, 2.43566915392875671387e-01) (5, -6.67508220672607421875e+00) (6, -9.85072910785675048828e-01) (2, 1.12789225578308105469e+00) (3, -6.36098098754882812500e+00) (4, 3.61721539497375488281e+00) (5, 5.61261415481567382812e-01) (6, 3.47901195287704467773e-01) (7, -2.72416734695434570312e+00) (8, 8.62326443195343017578e-01) (9, 7.60806202888488769531e-01) (7, -1.52367866039276123047e+00) (8, -3.75468373298645019531e+00) (9, 3.13235521316528320312e+00) 
