FANN_FLO_2.1
num_layers=4
learning_rate=0.500000
connection_rate=1.000000
network_type=0
learning_momentum=0.000000
training_algorithm=2
train_error_function=1
train_stop_function=0
cascade_output_change_fraction=0.010000
quickprop_decay=-0.000100
quickprop_mu=1.750000
rprop_increase_factor=1.200000
rprop_decrease_factor=0.500000
rprop_delta_min=0.000000
rprop_delta_max=50.000000
rprop_delta_zero=0.100000
cascade_output_stagnation_epochs=12
cascade_candidate_change_fraction=0.010000
cascade_candidate_stagnation_epochs=12
cascade_max_out_epochs=150
cascade_min_out_epochs=50
cascade_max_cand_epochs=150
cascade_min_cand_epochs=50
cascade_num_candidate_groups=2
bit_fail_limit=3.49999994039535522461e-01
cascade_candidate_limit=1.00000000000000000000e+03
cascade_weight_multiplier=4.00000005960464477539e-01
cascade_activation_functions_count=10
cascade_activation_functions=3 5 7 8 10 11 14 15 16 17 
cascade_activation_steepnesses_count=4
cascade_activation_steepnesses=2.50000000000000000000e-01 5.00000000000000000000e-01 7.50000000000000000000e-01 1.00000000000000000000e+00 
layer_sizes=10 5 3 2 
scale_included=0
neurons (num_inputs, activation_function, activation_steepness)=(0, 0, 0.00000000000000000000e+00) (0, 0, 0.00000000000000000000e+00) (0, 0, 0.00000000000000000000e+00) (0, 0, 0.00000000000000000000e+00) (0, 0, 0.00000000000000000000e+00) (0, 0, 0.00000000000000000000e+00) (0, 0, 0.00000000000000000000e+00) (0, 0, 0.00000000000000000000e+00) (0, 0, 0.00000000000000000000e+00) (0, 0, 0.00000000000000000000e+00) (10, 3, 5.00000000000000000000e-01) (10, 3, 5.00000000000000000000e-01) (10, 3, 5.00000000000000000000e-01) (10, 3, 5.00000000000000000000e-01) (0, 3, 0.00000000000000000000e+00) (5, 3, 5.00000000000000000000e-01) (5, 3, 5.00000000000000000000e-01) (0, 3, 0.00000000000000000000e+00) (3, 3, 5.00000000000000000000e-01) (0, 3, 0.00000000000000000000e+00) 
connections (connected_to_neuron, weight)=(0, -3.36318130493164062500e+01) (1, -1.25290894508361816406e+00) (2, -9.18634712696075439453e-01) (3, 4.20819425582885742188e+00) (4, 7.73407173156738281250e+00) (5, -1.10874385833740234375e+01) (6, 2.74227008819580078125e+01) (7, 9.36145305633544921875e-01) (8, 1.88781306147575378418e-01) (9, 4.04269784688949584961e-01) (0, 2.58589782714843750000e+01) (1, 9.85747680664062500000e+01) (2, -9.97405395507812500000e+01) (3, -6.94506168365478515625e+00) (4, 2.84152507781982421875e+01) (5, -2.93910465240478515625e+01) (6, 5.94554176330566406250e+01) (7, 2.61990141868591308594e+00) (8, 1.18090896606445312500e+01) (9, 9.08023059368133544922e-01) (0, -2.79705169677734375000e+02) (1, -3.48491311073303222656e+00) (2, 1.77817478179931640625e+01) (3, -1.64365798234939575195e-01) (4, -1.31533918380737304688e+01) (5, -1.26568889617919921875e+01) (6, 5.56313180923461914062e+00) (7, -4.97735679149627685547e-01) (8, -1.50000000000000000000e+03) (9, -1.92255246639251708984e+00) (0, -6.14442396163940429688e+00) (1, 4.95295315980911254883e-01) (2, -4.63389158248901367188e-02) (3, -4.43222790956497192383e-01) (4, 2.59226107597351074219e+00) (5, 2.11188983917236328125e+01) (6, -1.23687686920166015625e+01) (7, -5.88765335083007812500e+00) (8, -2.79640460014343261719e+00) (9, 1.18542408943176269531e+00) (10, 1.05579271316528320312e+01) (11, -4.59740018844604492188e+00) (12, -1.50000000000000000000e+03) (13, 9.71048831939697265625e+00) (14, -1.55745756626129150391e+00) (10, 1.19491643905639648438e+01) (11, -2.55754017829895019531e+00) (12, -1.50000000000000000000e+03) (13, 1.22680978775024414062e+01) (14, -3.76937961578369140625e+00) (15, 5.90793371200561523438e-01) (16, 1.90126144886016845703e+00) (17, -1.61591970920562744141e+00) 
