FANN_FLO_2.1
num_layers=3
learning_rate=0.400000
connection_rate=1.000000
network_type=0
learning_momentum=0.000000
training_algorithm=2
train_error_function=1
train_stop_function=0
cascade_output_change_fraction=0.010000
quickprop_decay=-0.000100
quickprop_mu=1.750000
rprop_increase_factor=1.200000
rprop_decrease_factor=0.500000
rprop_delta_min=0.000000
rprop_delta_max=50.000000
rprop_delta_zero=0.100000
cascade_output_stagnation_epochs=12
cascade_candidate_change_fraction=0.010000
cascade_candidate_stagnation_epochs=12
cascade_max_out_epochs=150
cascade_min_out_epochs=50
cascade_max_cand_epochs=150
cascade_min_cand_epochs=50
cascade_num_candidate_groups=2
bit_fail_limit=3.49999994039535522461e-01
cascade_candidate_limit=1.00000000000000000000e+03
cascade_weight_multiplier=4.00000005960464477539e-01
cascade_activation_functions_count=10
cascade_activation_functions=3 5 7 8 10 11 14 15 16 17 
cascade_activation_steepnesses_count=4
cascade_activation_steepnesses=2.50000000000000000000e-01 5.00000000000000000000e-01 7.50000000000000000000e-01 1.00000000000000000000e+00 
layer_sizes=7 5 2 
scale_included=0
neurons (num_inputs, activation_function, activation_steepness)=(0, 0, 0.00000000000000000000e+00) (0, 0, 0.00000000000000000000e+00) (0, 0, 0.00000000000000000000e+00) (0, 0, 0.00000000000000000000e+00) (0, 0, 0.00000000000000000000e+00) (0, 0, 0.00000000000000000000e+00) (0, 0, 0.00000000000000000000e+00) (7, 3, 5.00000000000000000000e-01) (7, 3, 5.00000000000000000000e-01) (7, 3, 5.00000000000000000000e-01) (7, 3, 5.00000000000000000000e-01) (0, 3, 0.00000000000000000000e+00) (5, 3, 5.00000000000000000000e-01) (0, 3, 0.00000000000000000000e+00) 
connections (connected_to_neuron, weight)=(0, -1.41306056976318359375e+01) (1, 1.23708934783935546875e+01) (2, -6.33830845355987548828e-01) (3, -2.34657692909240722656e+00) (4, -2.18963789939880371094e+00) (5, 3.80506443977355957031e+00) (6, 2.44501066207885742188e+00) (0, 1.20717315673828125000e+01) (1, -1.25818157196044921875e+01) (2, 7.71251630783081054688e+00) (3, -1.54416775703430175781e+00) (4, -5.19290268421173095703e-01) (5, -4.24008369445800781250e+00) (6, 4.96624612808227539062e+00) (0, 3.99562388658523559570e-01) (1, -1.84892162680625915527e-01) (2, 2.74903368949890136719e+00) (3, -2.14077687263488769531e+00) (4, -2.06033158302307128906e+00) (5, 2.50936746597290039062e+00) (6, 8.22626590728759765625e-01) (0, -6.80591201782226562500e+00) (1, -1.83398663997650146484e+00) (2, -4.01910820007324218750e+01) (3, -7.59614658355712890625e+00) (4, 8.66066741943359375000e+00) (5, -9.83697056770324707031e-01) (6, 3.74888777732849121094e+00) (7, -3.59323740005493164062e+00) (8, -4.06573200225830078125e+00) (9, -7.25182831287384033203e-01) (10, -6.56948328018188476562e-01) (11, 3.04355168342590332031e+00) 
