FANN_FLO_2.1
num_layers=3
learning_rate=0.400000
connection_rate=1.000000
network_type=0
learning_momentum=0.000000
training_algorithm=2
train_error_function=1
train_stop_function=0
cascade_output_change_fraction=0.010000
quickprop_decay=-0.000100
quickprop_mu=1.750000
rprop_increase_factor=1.200000
rprop_decrease_factor=0.500000
rprop_delta_min=0.000000
rprop_delta_max=50.000000
rprop_delta_zero=0.100000
cascade_output_stagnation_epochs=12
cascade_candidate_change_fraction=0.010000
cascade_candidate_stagnation_epochs=12
cascade_max_out_epochs=150
cascade_min_out_epochs=50
cascade_max_cand_epochs=150
cascade_min_cand_epochs=50
cascade_num_candidate_groups=2
bit_fail_limit=3.49999994039535522461e-01
cascade_candidate_limit=1.00000000000000000000e+03
cascade_weight_multiplier=4.00000005960464477539e-01
cascade_activation_functions_count=10
cascade_activation_functions=3 5 7 8 10 11 14 15 16 17 
cascade_activation_steepnesses_count=4
cascade_activation_steepnesses=2.50000000000000000000e-01 5.00000000000000000000e-01 7.50000000000000000000e-01 1.00000000000000000000e+00 
layer_sizes=7 5 2 
scale_included=0
neurons (num_inputs, activation_function, activation_steepness)=(0, 0, 0.00000000000000000000e+00) (0, 0, 0.00000000000000000000e+00) (0, 0, 0.00000000000000000000e+00) (0, 0, 0.00000000000000000000e+00) (0, 0, 0.00000000000000000000e+00) (0, 0, 0.00000000000000000000e+00) (0, 0, 0.00000000000000000000e+00) (7, 3, 5.00000000000000000000e-01) (7, 3, 5.00000000000000000000e-01) (7, 3, 5.00000000000000000000e-01) (7, 3, 5.00000000000000000000e-01) (0, 3, 0.00000000000000000000e+00) (5, 3, 5.00000000000000000000e-01) (0, 3, 0.00000000000000000000e+00) 
connections (connected_to_neuron, weight)=(0, 4.81151771545410156250e+00) (1, -7.08991622924804687500e+00) (2, -4.79495506286621093750e+01) (3, -1.86932659149169921875e+01) (4, -4.57028579711914062500e+00) (5, 1.67433776855468750000e+01) (6, 6.78915166854858398438e+00) (0, 6.13142824172973632812e+00) (1, -6.76344680786132812500e+00) (2, 1.76678192615509033203e+00) (3, -1.44374954700469970703e+00) (4, -1.03749752044677734375e-01) (5, 4.93563985824584960938e+00) (6, -4.10697793960571289062e+00) (0, -5.01863050460815429688e+00) (1, 4.86895990371704101562e+00) (2, -2.53397077322006225586e-01) (3, -2.11304855346679687500e+00) (4, -1.05916750431060791016e+00) (5, -4.22641324996948242188e+00) (6, -2.50521481037139892578e-01) (0, -5.88441324234008789062e+00) (1, -1.66174912452697753906e+00) (2, -2.12116298675537109375e+01) (3, 2.97167897224426269531e-01) (4, 2.12885975837707519531e+00) (5, 5.39314651489257812500e+00) (6, 4.09561634063720703125e+00) (7, 1.76024818420410156250e+00) (8, -7.26464080810546875000e+00) (9, -1.21417169570922851562e+01) (10, -1.08913266658782958984e+00) (11, -2.27507889270782470703e-01) 
