FANN_FLO_2.1
num_layers=4
learning_rate=0.500000
connection_rate=1.000000
network_type=0
learning_momentum=0.000000
training_algorithm=2
train_error_function=1
train_stop_function=0
cascade_output_change_fraction=0.010000
quickprop_decay=-0.000100
quickprop_mu=1.750000
rprop_increase_factor=1.200000
rprop_decrease_factor=0.500000
rprop_delta_min=0.000000
rprop_delta_max=50.000000
rprop_delta_zero=0.100000
cascade_output_stagnation_epochs=12
cascade_candidate_change_fraction=0.010000
cascade_candidate_stagnation_epochs=12
cascade_max_out_epochs=150
cascade_min_out_epochs=50
cascade_max_cand_epochs=150
cascade_min_cand_epochs=50
cascade_num_candidate_groups=2
bit_fail_limit=3.49999994039535522461e-01
cascade_candidate_limit=1.00000000000000000000e+03
cascade_weight_multiplier=4.00000005960464477539e-01
cascade_activation_functions_count=10
cascade_activation_functions=3 5 7 8 10 11 14 15 16 17 
cascade_activation_steepnesses_count=4
cascade_activation_steepnesses=2.50000000000000000000e-01 5.00000000000000000000e-01 7.50000000000000000000e-01 1.00000000000000000000e+00 
layer_sizes=2 5 5 3 
scale_included=0
neurons (num_inputs, activation_function, activation_steepness)=(0, 0, 0.00000000000000000000e+00) (0, 0, 0.00000000000000000000e+00) (2, 3, 5.00000000000000000000e-01) (2, 3, 5.00000000000000000000e-01) (2, 3, 5.00000000000000000000e-01) (2, 3, 5.00000000000000000000e-01) (0, 3, 0.00000000000000000000e+00) (5, 3, 5.00000000000000000000e-01) (5, 3, 5.00000000000000000000e-01) (5, 3, 5.00000000000000000000e-01) (5, 3, 5.00000000000000000000e-01) (0, 3, 0.00000000000000000000e+00) (5, 0, 5.00000000000000000000e-01) (5, 0, 5.00000000000000000000e-01) (0, 0, 0.00000000000000000000e+00) 
connections (connected_to_neuron, weight)=(0, -3.17549266815185546875e+01) (1, 6.13934087753295898438e+00) (0, -1.38215036392211914062e+01) (1, 5.02051830291748046875e-01) (0, -9.63814926147460937500e+00) (1, 3.35275816917419433594e+00) (0, 4.93699741363525390625e+00) (1, -1.68247327208518981934e-01) (2, -1.95863175392150878906e+00) (3, -2.37765955924987792969e+00) (4, -1.26607966423034667969e+00) (5, 6.81647062301635742188e-01) (6, 2.21026372909545898438e+00) (2, 1.48328674316406250000e+03) (3, 1.06427177429199218750e+02) (4, 4.23975896835327148438e+00) (5, -1.18302321434020996094e+00) (6, -8.81944537162780761719e-01) (2, -7.14196562767028808594e-01) (3, 7.85686826705932617188e+00) (4, -3.71093082427978515625e+00) (5, 7.01101839542388916016e-01) (6, 5.05127668380737304688e-01) (2, 2.14396858215332031250e+01) (3, -3.48979911804199218750e+01) (4, 5.63607692718505859375e+00) (5, -2.53567767143249511719e+00) (6, -3.15550208091735839844e-01) (7, -1.13879323005676269531e+00) (8, -9.19209301471710205078e-01) (9, 2.05755853652954101562e+00) (10, -6.03223264217376708984e-01) (11, -2.36809216439723968506e-02) (7, -2.82544541358947753906e+00) (8, 1.20131328701972961426e-01) (9, 2.66333259642124176025e-02) (10, 2.07387018203735351562e+00) (11, 1.46785244345664978027e-01) 
