FANN_FLO_2.1
num_layers=4
learning_rate=0.500000
connection_rate=1.000000
network_type=0
learning_momentum=0.000000
training_algorithm=2
train_error_function=1
train_stop_function=0
cascade_output_change_fraction=0.010000
quickprop_decay=-0.000100
quickprop_mu=1.750000
rprop_increase_factor=1.200000
rprop_decrease_factor=0.500000
rprop_delta_min=0.000000
rprop_delta_max=50.000000
rprop_delta_zero=0.100000
cascade_output_stagnation_epochs=12
cascade_candidate_change_fraction=0.010000
cascade_candidate_stagnation_epochs=12
cascade_max_out_epochs=150
cascade_min_out_epochs=50
cascade_max_cand_epochs=150
cascade_min_cand_epochs=50
cascade_num_candidate_groups=2
bit_fail_limit=3.49999994039535522461e-01
cascade_candidate_limit=1.00000000000000000000e+03
cascade_weight_multiplier=4.00000005960464477539e-01
cascade_activation_functions_count=10
cascade_activation_functions=3 5 7 8 10 11 14 15 16 17 
cascade_activation_steepnesses_count=4
cascade_activation_steepnesses=2.50000000000000000000e-01 5.00000000000000000000e-01 7.50000000000000000000e-01 1.00000000000000000000e+00 
layer_sizes=2 5 3 3 
scale_included=0
neurons (num_inputs, activation_function, activation_steepness)=(0, 0, 0.00000000000000000000e+00) (0, 0, 0.00000000000000000000e+00) (2, 3, 5.00000000000000000000e-01) (2, 3, 5.00000000000000000000e-01) (2, 3, 5.00000000000000000000e-01) (2, 3, 5.00000000000000000000e-01) (0, 3, 0.00000000000000000000e+00) (5, 3, 5.00000000000000000000e-01) (5, 3, 5.00000000000000000000e-01) (0, 3, 0.00000000000000000000e+00) (3, 0, 5.00000000000000000000e-01) (3, 0, 5.00000000000000000000e-01) (0, 0, 0.00000000000000000000e+00) 
connections (connected_to_neuron, weight)=(0, 1.43607742309570312500e+02) (1, -3.02920556068420410156e+00) (0, 2.34839477539062500000e+01) (1, -5.60121679306030273438e+00) (0, 3.43697395324707031250e+01) (1, -2.86239790916442871094e+00) (0, 1.22290306091308593750e+01) (1, -5.43014287948608398438e+00) (2, 2.43415936827659606934e-01) (3, -4.23275828361511230469e-01) (4, 4.91032093763351440430e-01) (5, -3.86702990531921386719e+00) (6, 2.23128095269203186035e-01) (2, 1.08292114734649658203e+00) (3, 3.90545487403869628906e+00) (4, 1.83345854282379150391e+00) (5, -5.71884870529174804688e+00) (6, -2.54563164710998535156e+00) (7, -2.79166650772094726562e+00) (8, -2.37721180915832519531e+00) (9, 1.75979614257812500000e+00) (7, 5.40801858901977539062e+00) (8, -2.73881220817565917969e+00) (9, -8.04654181003570556641e-01) 
