FANN_FLO_2.1
num_layers=3
learning_rate=0.400000
connection_rate=1.000000
network_type=0
learning_momentum=0.000000
training_algorithm=2
train_error_function=1
train_stop_function=0
cascade_output_change_fraction=0.010000
quickprop_decay=-0.000100
quickprop_mu=1.750000
rprop_increase_factor=1.200000
rprop_decrease_factor=0.500000
rprop_delta_min=0.000000
rprop_delta_max=50.000000
rprop_delta_zero=0.100000
cascade_output_stagnation_epochs=12
cascade_candidate_change_fraction=0.010000
cascade_candidate_stagnation_epochs=12
cascade_max_out_epochs=150
cascade_min_out_epochs=50
cascade_max_cand_epochs=150
cascade_min_cand_epochs=50
cascade_num_candidate_groups=2
bit_fail_limit=3.49999994039535522461e-01
cascade_candidate_limit=1.00000000000000000000e+03
cascade_weight_multiplier=4.00000005960464477539e-01
cascade_activation_functions_count=10
cascade_activation_functions=3 5 7 8 10 11 14 15 16 17 
cascade_activation_steepnesses_count=4
cascade_activation_steepnesses=2.50000000000000000000e-01 5.00000000000000000000e-01 7.50000000000000000000e-01 1.00000000000000000000e+00 
layer_sizes=7 5 2 
scale_included=0
neurons (num_inputs, activation_function, activation_steepness)=(0, 0, 0.00000000000000000000e+00) (0, 0, 0.00000000000000000000e+00) (0, 0, 0.00000000000000000000e+00) (0, 0, 0.00000000000000000000e+00) (0, 0, 0.00000000000000000000e+00) (0, 0, 0.00000000000000000000e+00) (0, 0, 0.00000000000000000000e+00) (7, 3, 5.00000000000000000000e-01) (7, 3, 5.00000000000000000000e-01) (7, 3, 5.00000000000000000000e-01) (7, 3, 5.00000000000000000000e-01) (0, 3, 0.00000000000000000000e+00) (5, 3, 5.00000000000000000000e-01) (0, 3, 0.00000000000000000000e+00) 
connections (connected_to_neuron, weight)=(0, -9.79855239391326904297e-01) (1, -1.09378971159458160400e-01) (2, -5.60099899768829345703e-01) (3, -5.03564357757568359375e+00) (4, -3.55096310377120971680e-01) (5, 3.52026247978210449219e+00) (6, 2.08606433868408203125e+00) (0, -1.15129699707031250000e+01) (1, 9.45212364196777343750e+00) (2, -6.39384603500366210938e+00) (3, -2.13616299629211425781e+00) (4, -8.60992610454559326172e-01) (5, 3.43466830253601074219e+00) (6, 2.34270286560058593750e+00) (0, 1.59852671623229980469e+00) (1, 2.77973175048828125000e-01) (2, 3.25188522338867187500e+01) (3, 6.15776586532592773438e+00) (4, -1.03438806533813476562e+01) (5, 1.35547891259193420410e-01) (6, -3.89947152137756347656e+00) (0, 1.06220779418945312500e+01) (1, -1.15167188644409179688e+01) (2, 5.09763860702514648438e+00) (3, -2.38712430000305175781e+00) (4, 6.43639788031578063965e-02) (5, -4.18053531646728515625e+00) (6, 5.14508533477783203125e+00) (7, -6.43174052238464355469e-01) (8, -3.81142091751098632812e+00) (9, -8.87563943862915039062e-01) (10, -4.11718225479125976562e+00) (11, 3.17918801307678222656e+00) 
