FANN_FLO_2.1
num_layers=3
learning_rate=0.400000
connection_rate=1.000000
network_type=0
learning_momentum=0.000000
training_algorithm=2
train_error_function=1
train_stop_function=0
cascade_output_change_fraction=0.010000
quickprop_decay=-0.000100
quickprop_mu=1.750000
rprop_increase_factor=1.200000
rprop_decrease_factor=0.500000
rprop_delta_min=0.000000
rprop_delta_max=50.000000
rprop_delta_zero=0.100000
cascade_output_stagnation_epochs=12
cascade_candidate_change_fraction=0.010000
cascade_candidate_stagnation_epochs=12
cascade_max_out_epochs=150
cascade_min_out_epochs=50
cascade_max_cand_epochs=150
cascade_min_cand_epochs=50
cascade_num_candidate_groups=2
bit_fail_limit=3.49999994039535522461e-01
cascade_candidate_limit=1.00000000000000000000e+03
cascade_weight_multiplier=4.00000005960464477539e-01
cascade_activation_functions_count=10
cascade_activation_functions=3 5 7 8 10 11 14 15 16 17 
cascade_activation_steepnesses_count=4
cascade_activation_steepnesses=2.50000000000000000000e-01 5.00000000000000000000e-01 7.50000000000000000000e-01 1.00000000000000000000e+00 
layer_sizes=19 3 3 
scale_included=0
neurons (num_inputs, activation_function, activation_steepness)=(0, 0, 0.00000000000000000000e+00) (0, 0, 0.00000000000000000000e+00) (0, 0, 0.00000000000000000000e+00) (0, 0, 0.00000000000000000000e+00) (0, 0, 0.00000000000000000000e+00) (0, 0, 0.00000000000000000000e+00) (0, 0, 0.00000000000000000000e+00) (0, 0, 0.00000000000000000000e+00) (0, 0, 0.00000000000000000000e+00) (0, 0, 0.00000000000000000000e+00) (0, 0, 0.00000000000000000000e+00) (0, 0, 0.00000000000000000000e+00) (0, 0, 0.00000000000000000000e+00) (0, 0, 0.00000000000000000000e+00) (0, 0, 0.00000000000000000000e+00) (0, 0, 0.00000000000000000000e+00) (0, 0, 0.00000000000000000000e+00) (0, 0, 0.00000000000000000000e+00) (0, 0, 0.00000000000000000000e+00) (19, 3, 5.00000000000000000000e-01) (19, 3, 5.00000000000000000000e-01) (0, 3, 0.00000000000000000000e+00) (3, 3, 5.00000000000000000000e-01) (3, 3, 5.00000000000000000000e-01) (0, 3, 0.00000000000000000000e+00) 
connections (connected_to_neuron, weight)=(0, -1.42704948782920837402e-01) (1, -4.96008014678955078125e+00) (2, -8.39396774768829345703e-01) (3, -4.36003971099853515625e+00) (4, -8.57626247406005859375e+00) (5, 3.83662395179271697998e-02) (6, 1.64436507225036621094e+00) (7, 1.42364397048950195312e+01) (8, 3.80704617500305175781e+00) (9, -6.06430387496948242188e+00) (10, -7.77450275421142578125e+00) (11, 7.95789337158203125000e+00) (12, 6.52456521987915039062e+00) (13, 2.05226230621337890625e+01) (14, -1.10113563537597656250e+01) (15, 3.76616120338439941406e+00) (16, -4.93398904800415039062e+00) (17, 1.65971636772155761719e+00) (18, 4.87933588027954101562e+00) (0, -2.69731926918029785156e+00) (1, 1.44336616992950439453e+00) (2, 4.89178752899169921875e+00) (3, -6.32332754135131835938e+00) (4, 8.02132225036621093750e+00) (5, -1.35710430145263671875e+01) (6, 1.57853298187255859375e+01) (7, -1.75665588378906250000e+01) (8, 2.32962722778320312500e+01) (9, 3.71464776992797851562e+00) (10, 5.49027729034423828125e+00) (11, -3.46859693527221679688e+00) (12, 3.65376639366149902344e+00) (13, -3.01761770248413085938e+00) (14, -3.09952974319458007812e+00) (15, 1.87726700305938720703e+00) (16, 7.70232453942298889160e-02) (17, 4.66565895080566406250e+00) (18, 4.86042499542236328125e+00) (19, -8.87993574142456054688e-01) (20, -1.20039510726928710938e+00) (21, 1.35756874084472656250e+00) (19, 8.87936830520629882812e-01) (20, 1.19994580745697021484e+00) (21, -1.35726296901702880859e+00) 
