FANN_FLO_2.1
num_layers=3
learning_rate=0.400000
connection_rate=1.000000
network_type=0
learning_momentum=0.000000
training_algorithm=2
train_error_function=1
train_stop_function=0
cascade_output_change_fraction=0.010000
quickprop_decay=-0.000100
quickprop_mu=1.750000
rprop_increase_factor=1.200000
rprop_decrease_factor=0.500000
rprop_delta_min=0.000000
rprop_delta_max=50.000000
rprop_delta_zero=0.100000
cascade_output_stagnation_epochs=12
cascade_candidate_change_fraction=0.010000
cascade_candidate_stagnation_epochs=12
cascade_max_out_epochs=150
cascade_min_out_epochs=50
cascade_max_cand_epochs=150
cascade_min_cand_epochs=50
cascade_num_candidate_groups=2
bit_fail_limit=3.49999994039535522461e-01
cascade_candidate_limit=1.00000000000000000000e+03
cascade_weight_multiplier=4.00000005960464477539e-01
cascade_activation_functions_count=10
cascade_activation_functions=3 5 7 8 10 11 14 15 16 17 
cascade_activation_steepnesses_count=4
cascade_activation_steepnesses=2.50000000000000000000e-01 5.00000000000000000000e-01 7.50000000000000000000e-01 1.00000000000000000000e+00 
layer_sizes=7 5 2 
scale_included=0
neurons (num_inputs, activation_function, activation_steepness)=(0, 0, 0.00000000000000000000e+00) (0, 0, 0.00000000000000000000e+00) (0, 0, 0.00000000000000000000e+00) (0, 0, 0.00000000000000000000e+00) (0, 0, 0.00000000000000000000e+00) (0, 0, 0.00000000000000000000e+00) (0, 0, 0.00000000000000000000e+00) (7, 3, 5.00000000000000000000e-01) (7, 3, 5.00000000000000000000e-01) (7, 3, 5.00000000000000000000e-01) (7, 3, 5.00000000000000000000e-01) (0, 3, 0.00000000000000000000e+00) (5, 3, 5.00000000000000000000e-01) (0, 3, 0.00000000000000000000e+00) 
connections (connected_to_neuron, weight)=(0, -1.56626093387603759766e+00) (1, -3.41255855560302734375e+00) (2, -1.41420352458953857422e+00) (3, 2.80226016044616699219e+00) (4, -3.48083794116973876953e-01) (5, 6.15706539154052734375e+00) (6, -3.49560928344726562500e+00) (0, 2.51855230331420898438e+00) (1, -1.26916778087615966797e+00) (2, 6.57631695270538330078e-01) (3, 1.46298086643218994141e+00) (4, 3.66140937805175781250e+00) (5, 1.27527594566345214844e+00) (6, -3.72530364990234375000e+00) (0, -8.89367461204528808594e-01) (1, 1.95873349905014038086e-01) (2, -2.51510882377624511719e+00) (3, -1.85867667198181152344e+00) (4, -5.73778629302978515625e+00) (5, 1.33965682983398437500e+01) (6, 1.67453074455261230469e+00) (0, 1.81664066314697265625e+01) (1, 1.59214603900909423828e+00) (2, 2.09839344024658203125e+00) (3, -2.39737319946289062500e+00) (4, -3.81514310836791992188e+00) (5, 2.13562861084938049316e-01) (6, -1.89315354824066162109e+00) (7, 3.29506015777587890625e+00) (8, 1.88682007789611816406e+00) (9, -2.00317835807800292969e+00) (10, -1.45530760288238525391e+00) (11, 1.94993510842323303223e-01) 
