FANN_FLO_2.1
num_layers=3
learning_rate=0.400000
connection_rate=1.000000
network_type=0
learning_momentum=0.000000
training_algorithm=2
train_error_function=1
train_stop_function=0
cascade_output_change_fraction=0.010000
quickprop_decay=-0.000100
quickprop_mu=1.750000
rprop_increase_factor=1.200000
rprop_decrease_factor=0.500000
rprop_delta_min=0.000000
rprop_delta_max=50.000000
rprop_delta_zero=0.100000
cascade_output_stagnation_epochs=12
cascade_candidate_change_fraction=0.010000
cascade_candidate_stagnation_epochs=12
cascade_max_out_epochs=150
cascade_min_out_epochs=50
cascade_max_cand_epochs=150
cascade_min_cand_epochs=50
cascade_num_candidate_groups=2
bit_fail_limit=3.49999994039535522461e-01
cascade_candidate_limit=1.00000000000000000000e+03
cascade_weight_multiplier=4.00000005960464477539e-01
cascade_activation_functions_count=10
cascade_activation_functions=3 5 7 8 10 11 14 15 16 17 
cascade_activation_steepnesses_count=4
cascade_activation_steepnesses=2.50000000000000000000e-01 5.00000000000000000000e-01 7.50000000000000000000e-01 1.00000000000000000000e+00 
layer_sizes=7 5 2 
scale_included=0
neurons (num_inputs, activation_function, activation_steepness)=(0, 0, 0.00000000000000000000e+00) (0, 0, 0.00000000000000000000e+00) (0, 0, 0.00000000000000000000e+00) (0, 0, 0.00000000000000000000e+00) (0, 0, 0.00000000000000000000e+00) (0, 0, 0.00000000000000000000e+00) (0, 0, 0.00000000000000000000e+00) (7, 3, 5.00000000000000000000e-01) (7, 3, 5.00000000000000000000e-01) (7, 3, 5.00000000000000000000e-01) (7, 3, 5.00000000000000000000e-01) (0, 3, 0.00000000000000000000e+00) (5, 3, 5.00000000000000000000e-01) (0, 3, 0.00000000000000000000e+00) 
connections (connected_to_neuron, weight)=(0, 3.20251154899597167969e+00) (1, -2.11169099807739257812e+00) (2, -4.00653934478759765625e+00) (3, 2.12125182151794433594e+00) (4, -2.94257283210754394531e+00) (5, 7.62323236465454101562e+00) (6, -3.30767965316772460938e+00) (0, -2.31916451454162597656e+00) (1, -1.54280912876129150391e+00) (2, 4.74325275421142578125e+00) (3, 8.12443637847900390625e+00) (4, 2.18857097625732421875e+00) (5, -1.55148887634277343750e+01) (6, 2.39481598138809204102e-01) (0, -7.44101953506469726562e+00) (1, -2.80507922172546386719e+00) (2, 2.06302547454833984375e+00) (3, 2.29581308364868164062e+00) (4, 1.21055865287780761719e+00) (5, 7.67416894435882568359e-01) (6, -1.70692110061645507812e+00) (0, -3.69509172439575195312e+00) (1, -3.49660754203796386719e+00) (2, -4.27697086334228515625e+00) (3, 1.86212337017059326172e+00) (4, 2.13871645927429199219e+00) (5, 2.53051018714904785156e+00) (6, -1.39811313152313232422e+00) (7, 2.88461518287658691406e+00) (8, 3.19770956039428710938e+00) (9, 1.15291070938110351562e+00) (10, 2.34475588798522949219e+00) (11, -2.79342627525329589844e+00) 
