FANN_FLO_2.1
num_layers=3
learning_rate=0.400000
connection_rate=1.000000
network_type=0
learning_momentum=0.000000
training_algorithm=2
train_error_function=1
train_stop_function=0
cascade_output_change_fraction=0.010000
quickprop_decay=-0.000100
quickprop_mu=1.750000
rprop_increase_factor=1.200000
rprop_decrease_factor=0.500000
rprop_delta_min=0.000000
rprop_delta_max=50.000000
rprop_delta_zero=0.100000
cascade_output_stagnation_epochs=12
cascade_candidate_change_fraction=0.010000
cascade_candidate_stagnation_epochs=12
cascade_max_out_epochs=150
cascade_min_out_epochs=50
cascade_max_cand_epochs=150
cascade_min_cand_epochs=50
cascade_num_candidate_groups=2
bit_fail_limit=3.49999994039535522461e-01
cascade_candidate_limit=1.00000000000000000000e+03
cascade_weight_multiplier=4.00000005960464477539e-01
cascade_activation_functions_count=10
cascade_activation_functions=3 5 7 8 10 11 14 15 16 17 
cascade_activation_steepnesses_count=4
cascade_activation_steepnesses=2.50000000000000000000e-01 5.00000000000000000000e-01 7.50000000000000000000e-01 1.00000000000000000000e+00 
layer_sizes=7 5 2 
scale_included=0
neurons (num_inputs, activation_function, activation_steepness)=(0, 0, 0.00000000000000000000e+00) (0, 0, 0.00000000000000000000e+00) (0, 0, 0.00000000000000000000e+00) (0, 0, 0.00000000000000000000e+00) (0, 0, 0.00000000000000000000e+00) (0, 0, 0.00000000000000000000e+00) (0, 0, 0.00000000000000000000e+00) (7, 3, 5.00000000000000000000e-01) (7, 3, 5.00000000000000000000e-01) (7, 3, 5.00000000000000000000e-01) (7, 3, 5.00000000000000000000e-01) (0, 3, 0.00000000000000000000e+00) (5, 3, 5.00000000000000000000e-01) (0, 3, 0.00000000000000000000e+00) 
connections (connected_to_neuron, weight)=(0, -1.41972522735595703125e+01) (1, 1.35696306228637695312e+01) (2, -1.90514850616455078125e+00) (3, -1.13772451877593994141e+00) (4, -1.46182620525360107422e+00) (5, -3.83436751365661621094e+00) (6, -8.42051446437835693359e-01) (0, 2.40082263946533203125e+01) (1, -2.59641361236572265625e+01) (2, 5.15101909637451171875e+00) (3, -4.33579301834106445312e+00) (4, -1.97963464260101318359e+00) (5, 8.57344532012939453125e+00) (6, -7.83013486862182617188e+00) (0, 4.09828329086303710938e+00) (1, 8.77580791711807250977e-02) (2, 9.12792778015136718750e+00) (3, -7.91376590728759765625e+00) (4, 4.59124040603637695312e+00) (5, 1.65960276126861572266e+00) (6, -8.23186397552490234375e+00) (0, -2.06605505943298339844e+00) (1, -3.10318493843078613281e+00) (2, 3.36774444580078125000e+00) (3, -3.45285582542419433594e+00) (4, -2.63395118713378906250e+00) (5, 1.30832815170288085938e+00) (6, 7.33171129226684570312e+00) (7, -9.36389541625976562500e+00) (8, -1.02100553512573242188e+01) (9, -1.63606214523315429688e+00) (10, -1.67769467830657958984e+00) (11, -4.16335016489028930664e-01) 
