FANN_FLO_2.1
num_layers=4
learning_rate=0.500000
connection_rate=1.000000
network_type=0
learning_momentum=0.000000
training_algorithm=2
train_error_function=1
train_stop_function=0
cascade_output_change_fraction=0.010000
quickprop_decay=-0.000100
quickprop_mu=1.750000
rprop_increase_factor=1.200000
rprop_decrease_factor=0.500000
rprop_delta_min=0.000000
rprop_delta_max=50.000000
rprop_delta_zero=0.100000
cascade_output_stagnation_epochs=12
cascade_candidate_change_fraction=0.010000
cascade_candidate_stagnation_epochs=12
cascade_max_out_epochs=150
cascade_min_out_epochs=50
cascade_max_cand_epochs=150
cascade_min_cand_epochs=50
cascade_num_candidate_groups=2
bit_fail_limit=3.49999994039535522461e-01
cascade_candidate_limit=1.00000000000000000000e+03
cascade_weight_multiplier=4.00000005960464477539e-01
cascade_activation_functions_count=10
cascade_activation_functions=3 5 7 8 10 11 14 15 16 17 
cascade_activation_steepnesses_count=4
cascade_activation_steepnesses=2.50000000000000000000e-01 5.00000000000000000000e-01 7.50000000000000000000e-01 1.00000000000000000000e+00 
layer_sizes=2 5 5 3 
scale_included=0
neurons (num_inputs, activation_function, activation_steepness)=(0, 0, 0.00000000000000000000e+00) (0, 0, 0.00000000000000000000e+00) (2, 3, 5.00000000000000000000e-01) (2, 3, 5.00000000000000000000e-01) (2, 3, 5.00000000000000000000e-01) (2, 3, 5.00000000000000000000e-01) (0, 3, 0.00000000000000000000e+00) (5, 3, 5.00000000000000000000e-01) (5, 3, 5.00000000000000000000e-01) (5, 3, 5.00000000000000000000e-01) (5, 3, 5.00000000000000000000e-01) (0, 3, 0.00000000000000000000e+00) (5, 0, 5.00000000000000000000e-01) (5, 0, 5.00000000000000000000e-01) (0, 0, 0.00000000000000000000e+00) 
connections (connected_to_neuron, weight)=(0, -3.59556126594543457031e+00) (1, -5.47546505928039550781e-01) (0, 1.34776315689086914062e+01) (1, -1.23445296287536621094e+00) (0, 5.72689473628997802734e-01) (1, 8.92421007156372070312e-01) (0, 1.62967929840087890625e+01) (1, -5.34974145889282226562e+00) (2, 2.61279296875000000000e+00) (3, 1.37695884704589843750e+00) (4, 2.74525821208953857422e-01) (5, -7.96161079406738281250e+00) (6, 2.08070218563079833984e-01) (2, 4.19047403335571289062e+00) (3, -4.22890329360961914062e+00) (4, 7.80314385890960693359e-01) (5, -2.34257507324218750000e+00) (6, 1.28737032413482666016e+00) (2, -7.59941935539245605469e-01) (3, 8.35278797149658203125e+00) (4, -6.69557571411132812500e-01) (5, -8.53145122528076171875e+00) (6, -5.61872005462646484375e-01) (2, -1.20493113994598388672e+00) (3, -1.75974369049072265625e+01) (4, -5.73923364281654357910e-02) (5, 1.50000000000000000000e+03) (6, -5.06109185516834259033e-02) (7, -5.41037738323211669922e-01) (8, 1.69022285938262939453e+00) (9, -2.33341360092163085938e+00) (10, -3.13330501317977905273e-01) (11, 6.62710428237915039062e-01) (7, 1.44313097000122070312e+00) (8, 2.55244827270507812500e+00) (9, 1.19341969490051269531e+00) (10, -1.98125994205474853516e+00) (11, -4.57948327064514160156e-01) 
