FANN_FLO_2.1
num_layers=3
learning_rate=0.400000
connection_rate=1.000000
network_type=0
learning_momentum=0.000000
training_algorithm=2
train_error_function=1
train_stop_function=0
cascade_output_change_fraction=0.010000
quickprop_decay=-0.000100
quickprop_mu=1.750000
rprop_increase_factor=1.200000
rprop_decrease_factor=0.500000
rprop_delta_min=0.000000
rprop_delta_max=50.000000
rprop_delta_zero=0.100000
cascade_output_stagnation_epochs=12
cascade_candidate_change_fraction=0.010000
cascade_candidate_stagnation_epochs=12
cascade_max_out_epochs=150
cascade_min_out_epochs=50
cascade_max_cand_epochs=150
cascade_min_cand_epochs=50
cascade_num_candidate_groups=2
bit_fail_limit=3.49999994039535522461e-01
cascade_candidate_limit=1.00000000000000000000e+03
cascade_weight_multiplier=4.00000005960464477539e-01
cascade_activation_functions_count=10
cascade_activation_functions=3 5 7 8 10 11 14 15 16 17 
cascade_activation_steepnesses_count=4
cascade_activation_steepnesses=2.50000000000000000000e-01 5.00000000000000000000e-01 7.50000000000000000000e-01 1.00000000000000000000e+00 
layer_sizes=19 3 3 
scale_included=0
neurons (num_inputs, activation_function, activation_steepness)=(0, 0, 0.00000000000000000000e+00) (0, 0, 0.00000000000000000000e+00) (0, 0, 0.00000000000000000000e+00) (0, 0, 0.00000000000000000000e+00) (0, 0, 0.00000000000000000000e+00) (0, 0, 0.00000000000000000000e+00) (0, 0, 0.00000000000000000000e+00) (0, 0, 0.00000000000000000000e+00) (0, 0, 0.00000000000000000000e+00) (0, 0, 0.00000000000000000000e+00) (0, 0, 0.00000000000000000000e+00) (0, 0, 0.00000000000000000000e+00) (0, 0, 0.00000000000000000000e+00) (0, 0, 0.00000000000000000000e+00) (0, 0, 0.00000000000000000000e+00) (0, 0, 0.00000000000000000000e+00) (0, 0, 0.00000000000000000000e+00) (0, 0, 0.00000000000000000000e+00) (0, 0, 0.00000000000000000000e+00) (19, 3, 5.00000000000000000000e-01) (19, 3, 5.00000000000000000000e-01) (0, 3, 0.00000000000000000000e+00) (3, 3, 5.00000000000000000000e-01) (3, 3, 5.00000000000000000000e-01) (0, 3, 0.00000000000000000000e+00) 
connections (connected_to_neuron, weight)=(0, 1.27349596023559570312e+01) (1, 2.87538385391235351562e+00) (2, 1.75907754898071289062e+00) (3, 8.96804237365722656250e+00) (4, 2.67381334304809570312e+00) (5, 6.50127649307250976562e-01) (6, 1.15404386520385742188e+01) (7, 7.03527629375457763672e-01) (8, 9.00719940662384033203e-01) (9, -1.19945001602172851562e+01) (10, -3.82154655456542968750e+00) (11, -5.22063314914703369141e-01) (12, -1.11226053237915039062e+01) (13, -1.34748005867004394531e+00) (14, -1.50696504116058349609e+00) (15, -1.06147613525390625000e+01) (16, -2.17645049095153808594e+00) (17, -1.25972449779510498047e-01) (18, -7.25758695602416992188e+00) (0, -5.85943794250488281250e+00) (1, -3.27660894393920898438e+00) (2, -9.37005519866943359375e-01) (3, -8.02600574493408203125e+00) (4, -1.03427100181579589844e+00) (5, 3.38233613967895507812e+00) (6, -3.70967006683349609375e+00) (7, -4.21096146106719970703e-01) (8, 4.14937829971313476562e+00) (9, 6.07546758651733398438e+00) (10, 2.96516346931457519531e+00) (11, -7.98130512237548828125e-01) (12, 8.68026638031005859375e+00) (13, 4.03665399551391601562e+00) (14, -3.40683746337890625000e+00) (15, 3.20491385459899902344e+00) (16, 3.71423578262329101562e+00) (17, 8.63755702972412109375e-01) (18, -8.24621963500976562500e+00) (19, -1.36581027507781982422e+00) (20, -1.14695775508880615234e+00) (21, 9.47664305567741394043e-03) (19, 1.36607909202575683594e+00) (20, 1.14662551879882812500e+00) (21, -9.05166752636432647705e-03) 
