FANN_FLO_2.1
num_layers=3
learning_rate=0.400000
connection_rate=1.000000
network_type=0
learning_momentum=0.000000
training_algorithm=2
train_error_function=1
train_stop_function=0
cascade_output_change_fraction=0.010000
quickprop_decay=-0.000100
quickprop_mu=1.750000
rprop_increase_factor=1.200000
rprop_decrease_factor=0.500000
rprop_delta_min=0.000000
rprop_delta_max=50.000000
rprop_delta_zero=0.100000
cascade_output_stagnation_epochs=12
cascade_candidate_change_fraction=0.010000
cascade_candidate_stagnation_epochs=12
cascade_max_out_epochs=150
cascade_min_out_epochs=50
cascade_max_cand_epochs=150
cascade_min_cand_epochs=50
cascade_num_candidate_groups=2
bit_fail_limit=3.49999994039535522461e-01
cascade_candidate_limit=1.00000000000000000000e+03
cascade_weight_multiplier=4.00000005960464477539e-01
cascade_activation_functions_count=10
cascade_activation_functions=3 5 7 8 10 11 14 15 16 17 
cascade_activation_steepnesses_count=4
cascade_activation_steepnesses=2.50000000000000000000e-01 5.00000000000000000000e-01 7.50000000000000000000e-01 1.00000000000000000000e+00 
layer_sizes=7 5 2 
scale_included=0
neurons (num_inputs, activation_function, activation_steepness)=(0, 0, 0.00000000000000000000e+00) (0, 0, 0.00000000000000000000e+00) (0, 0, 0.00000000000000000000e+00) (0, 0, 0.00000000000000000000e+00) (0, 0, 0.00000000000000000000e+00) (0, 0, 0.00000000000000000000e+00) (0, 0, 0.00000000000000000000e+00) (7, 3, 5.00000000000000000000e-01) (7, 3, 5.00000000000000000000e-01) (7, 3, 5.00000000000000000000e-01) (7, 3, 5.00000000000000000000e-01) (0, 3, 0.00000000000000000000e+00) (5, 3, 5.00000000000000000000e-01) (0, 3, 0.00000000000000000000e+00) 
connections (connected_to_neuron, weight)=(0, -4.61309099197387695312e+00) (1, -2.53758358955383300781e+00) (2, -1.66169095039367675781e+00) (3, 2.10185766220092773438e+00) (4, 3.13679051399230957031e+00) (5, 9.50315952301025390625e-01) (6, -2.46198582649230957031e+00) (0, 4.53562527894973754883e-01) (1, -3.07798671722412109375e+00) (2, -2.78517389297485351562e+00) (3, 2.35205817222595214844e+00) (4, -1.06697845458984375000e+00) (5, 7.13569927215576171875e+00) (6, -3.09646677970886230469e+00) (0, -3.35361719131469726562e+00) (1, 1.49732625484466552734e+00) (2, -7.99851751327514648438e+00) (3, -2.45274686813354492188e+00) (4, -1.87290394306182861328e+00) (5, 3.30912661552429199219e+00) (6, 7.29966211318969726562e+00) (0, -1.21079778671264648438e+01) (1, -4.47962880134582519531e-01) (2, -2.20704245567321777344e+00) (3, 1.92627584934234619141e+00) (4, -9.42053127288818359375e+00) (5, 1.66744956970214843750e+01) (6, 3.23199081420898437500e+00) (7, 4.55253124237060546875e+00) (8, 3.51611089706420898438e+00) (9, -1.39955103397369384766e+00) (10, -2.11789560317993164062e+00) (11, 3.60376715660095214844e-01) 
