FANN_FLO_2.1
num_layers=3
learning_rate=0.400000
connection_rate=1.000000
network_type=0
learning_momentum=0.000000
training_algorithm=2
train_error_function=1
train_stop_function=0
cascade_output_change_fraction=0.010000
quickprop_decay=-0.000100
quickprop_mu=1.750000
rprop_increase_factor=1.200000
rprop_decrease_factor=0.500000
rprop_delta_min=0.000000
rprop_delta_max=50.000000
rprop_delta_zero=0.100000
cascade_output_stagnation_epochs=12
cascade_candidate_change_fraction=0.010000
cascade_candidate_stagnation_epochs=12
cascade_max_out_epochs=150
cascade_min_out_epochs=50
cascade_max_cand_epochs=150
cascade_min_cand_epochs=50
cascade_num_candidate_groups=2
bit_fail_limit=3.49999994039535522461e-01
cascade_candidate_limit=1.00000000000000000000e+03
cascade_weight_multiplier=4.00000005960464477539e-01
cascade_activation_functions_count=10
cascade_activation_functions=3 5 7 8 10 11 14 15 16 17 
cascade_activation_steepnesses_count=4
cascade_activation_steepnesses=2.50000000000000000000e-01 5.00000000000000000000e-01 7.50000000000000000000e-01 1.00000000000000000000e+00 
layer_sizes=19 3 3 
scale_included=0
neurons (num_inputs, activation_function, activation_steepness)=(0, 0, 0.00000000000000000000e+00) (0, 0, 0.00000000000000000000e+00) (0, 0, 0.00000000000000000000e+00) (0, 0, 0.00000000000000000000e+00) (0, 0, 0.00000000000000000000e+00) (0, 0, 0.00000000000000000000e+00) (0, 0, 0.00000000000000000000e+00) (0, 0, 0.00000000000000000000e+00) (0, 0, 0.00000000000000000000e+00) (0, 0, 0.00000000000000000000e+00) (0, 0, 0.00000000000000000000e+00) (0, 0, 0.00000000000000000000e+00) (0, 0, 0.00000000000000000000e+00) (0, 0, 0.00000000000000000000e+00) (0, 0, 0.00000000000000000000e+00) (0, 0, 0.00000000000000000000e+00) (0, 0, 0.00000000000000000000e+00) (0, 0, 0.00000000000000000000e+00) (0, 0, 0.00000000000000000000e+00) (19, 3, 5.00000000000000000000e-01) (19, 3, 5.00000000000000000000e-01) (0, 3, 0.00000000000000000000e+00) (3, 3, 5.00000000000000000000e-01) (3, 3, 5.00000000000000000000e-01) (0, 3, 0.00000000000000000000e+00) 
connections (connected_to_neuron, weight)=(0, 2.27299952507019042969e+00) (1, 1.37455463409423828125e+00) (2, 4.02798604965209960938e+00) (3, -2.25688859820365905762e-01) (4, 1.98178905993700027466e-02) (5, 8.04922008514404296875e+00) (6, 1.34576249122619628906e+00) (7, 4.44547891616821289062e-01) (8, 3.19443130493164062500e+00) (9, -3.15866678953170776367e-01) (10, -2.18938380479812622070e-01) (11, -5.28675699234008789062e+00) (12, -9.91790235042572021484e-01) (13, -2.18560051918029785156e+00) (14, -2.73221302032470703125e+00) (15, -4.52028799057006835938e+00) (16, -3.09632825851440429688e+00) (17, -6.29532575607299804688e+00) (18, -1.25975453853607177734e+00) (0, -8.59904098510742187500e+00) (1, -4.00023603439331054688e+00) (2, -1.01162395477294921875e+01) (3, 3.15453338623046875000e+00) (4, 7.77136757969856262207e-02) (5, -1.67556381225585937500e+01) (6, -2.73359203338623046875e+00) (7, 2.85374593734741210938e+00) (8, -6.61516761779785156250e+00) (9, -5.23689222335815429688e+00) (10, -3.42834472656250000000e+00) (11, 6.23606300354003906250e+00) (12, 2.24138331413269042969e+00) (13, 6.29408025741577148438e+00) (14, 3.46067333221435546875e+00) (15, 1.55844802856445312500e+01) (16, 1.35102310180664062500e+01) (17, 1.77670764923095703125e+01) (18, 9.26967561244964599609e-02) (19, -2.46572136878967285156e+00) (20, -1.82126414775848388672e+00) (21, 1.36967945098876953125e+00) (19, 2.46661901473999023438e+00) (20, 1.82219529151916503906e+00) (21, -1.37026548385620117188e+00) 
