FANN_FLO_2.1
num_layers=3
learning_rate=0.400000
connection_rate=1.000000
network_type=0
learning_momentum=0.000000
training_algorithm=2
train_error_function=1
train_stop_function=0
cascade_output_change_fraction=0.010000
quickprop_decay=-0.000100
quickprop_mu=1.750000
rprop_increase_factor=1.200000
rprop_decrease_factor=0.500000
rprop_delta_min=0.000000
rprop_delta_max=50.000000
rprop_delta_zero=0.100000
cascade_output_stagnation_epochs=12
cascade_candidate_change_fraction=0.010000
cascade_candidate_stagnation_epochs=12
cascade_max_out_epochs=150
cascade_min_out_epochs=50
cascade_max_cand_epochs=150
cascade_min_cand_epochs=50
cascade_num_candidate_groups=2
bit_fail_limit=3.49999994039535522461e-01
cascade_candidate_limit=1.00000000000000000000e+03
cascade_weight_multiplier=4.00000005960464477539e-01
cascade_activation_functions_count=10
cascade_activation_functions=3 5 7 8 10 11 14 15 16 17 
cascade_activation_steepnesses_count=4
cascade_activation_steepnesses=2.50000000000000000000e-01 5.00000000000000000000e-01 7.50000000000000000000e-01 1.00000000000000000000e+00 
layer_sizes=7 9 2 
scale_included=0
neurons (num_inputs, activation_function, activation_steepness)=(0, 0, 0.00000000000000000000e+00) (0, 0, 0.00000000000000000000e+00) (0, 0, 0.00000000000000000000e+00) (0, 0, 0.00000000000000000000e+00) (0, 0, 0.00000000000000000000e+00) (0, 0, 0.00000000000000000000e+00) (0, 0, 0.00000000000000000000e+00) (7, 3, 5.00000000000000000000e-01) (7, 3, 5.00000000000000000000e-01) (7, 3, 5.00000000000000000000e-01) (7, 3, 5.00000000000000000000e-01) (7, 3, 5.00000000000000000000e-01) (7, 3, 5.00000000000000000000e-01) (7, 3, 5.00000000000000000000e-01) (7, 3, 5.00000000000000000000e-01) (0, 3, 0.00000000000000000000e+00) (9, 3, 5.00000000000000000000e-01) (0, 3, 0.00000000000000000000e+00) 
connections (connected_to_neuron, weight)=(0, 1.76058739423751831055e-01) (1, -5.31712150573730468750e+00) (2, -3.16745328903198242188e+00) (3, -4.02581443786621093750e+01) (4, 7.92578268051147460938e+00) (5, 1.83095896244049072266e+00) (6, -7.10988491773605346680e-02) (0, 1.57024030685424804688e+01) (1, -1.59370317459106445312e+01) (2, 6.73573589324951171875e+00) (3, -3.65185904502868652344e+00) (4, -2.71841045469045639038e-02) (5, -6.92755889892578125000e+00) (6, 7.30082893371582031250e+00) (0, 2.78932142257690429688e+00) (1, 1.37364158630371093750e+01) (2, -4.69242324829101562500e+01) (3, -5.74176931381225585938e+00) (4, -7.54964017868041992188e+00) (5, 1.77204346656799316406e+00) (6, -1.04606323242187500000e+01) (0, -1.24545850753784179688e+01) (1, -6.99218606948852539062e+00) (2, 8.48999023437500000000e+00) (3, 2.41367411613464355469e+00) (4, 2.46508884429931640625e+00) (5, -2.42202162742614746094e+00) (6, 8.55100345611572265625e+00) (0, -5.16110134124755859375e+00) (1, 1.17748165130615234375e+00) (2, 1.89826622009277343750e+01) (3, -4.94134807586669921875e+00) (4, -1.06252822875976562500e+01) (5, 1.38897931575775146484e+00) (6, 8.08999252319335937500e+00) (0, -3.05395722389221191406e+00) (1, 4.24487543106079101562e+00) (2, 2.34052062034606933594e+00) (3, -2.12754154205322265625e+00) (4, -1.51314902305603027344e+00) (5, 1.93637299537658691406e+00) (6, 1.27483054995536804199e-01) (0, 1.61925822496414184570e-01) (1, 1.29412734508514404297e+00) (2, 4.42474216222763061523e-01) (3, -2.28092408180236816406e+00) (4, -4.02516812086105346680e-01) (5, 1.02530193328857421875e+00) (6, 6.72967806458473205566e-02) (0, -7.02058029174804687500e+00) (1, 7.87055158615112304688e+00) (2, -9.66724932193756103516e-01) (3, -3.80435377359390258789e-01) (4, -2.23320275545120239258e-01) (5, 4.24835300445556640625e+00) (6, -3.09887409210205078125e-01) (7, -1.30139422416687011719e+00) (8, -3.28912973403930664062e+00) (9, -4.70003008842468261719e-01) (10, -9.86934661865234375000e-01) (11, -2.67891883850097656250e-01) (12, -9.56979095935821533203e-01) (13, -6.44040822982788085938e-01) (14, -3.74564719200134277344e+00) (15, 3.67427659034729003906e+00) 
