FANN_FLO_2.1
num_layers=4
learning_rate=0.500000
connection_rate=1.000000
network_type=0
learning_momentum=0.000000
training_algorithm=2
train_error_function=1
train_stop_function=0
cascade_output_change_fraction=0.010000
quickprop_decay=-0.000100
quickprop_mu=1.750000
rprop_increase_factor=1.200000
rprop_decrease_factor=0.500000
rprop_delta_min=0.000000
rprop_delta_max=50.000000
rprop_delta_zero=0.100000
cascade_output_stagnation_epochs=12
cascade_candidate_change_fraction=0.010000
cascade_candidate_stagnation_epochs=12
cascade_max_out_epochs=150
cascade_min_out_epochs=50
cascade_max_cand_epochs=150
cascade_min_cand_epochs=50
cascade_num_candidate_groups=2
bit_fail_limit=3.49999994039535522461e-01
cascade_candidate_limit=1.00000000000000000000e+03
cascade_weight_multiplier=4.00000005960464477539e-01
cascade_activation_functions_count=10
cascade_activation_functions=3 5 7 8 10 11 14 15 16 17 
cascade_activation_steepnesses_count=4
cascade_activation_steepnesses=2.50000000000000000000e-01 5.00000000000000000000e-01 7.50000000000000000000e-01 1.00000000000000000000e+00 
layer_sizes=10 5 3 2 
scale_included=0
neurons (num_inputs, activation_function, activation_steepness)=(0, 0, 0.00000000000000000000e+00) (0, 0, 0.00000000000000000000e+00) (0, 0, 0.00000000000000000000e+00) (0, 0, 0.00000000000000000000e+00) (0, 0, 0.00000000000000000000e+00) (0, 0, 0.00000000000000000000e+00) (0, 0, 0.00000000000000000000e+00) (0, 0, 0.00000000000000000000e+00) (0, 0, 0.00000000000000000000e+00) (0, 0, 0.00000000000000000000e+00) (10, 3, 5.00000000000000000000e-01) (10, 3, 5.00000000000000000000e-01) (10, 3, 5.00000000000000000000e-01) (10, 3, 5.00000000000000000000e-01) (0, 3, 0.00000000000000000000e+00) (5, 3, 5.00000000000000000000e-01) (5, 3, 5.00000000000000000000e-01) (0, 3, 0.00000000000000000000e+00) (3, 3, 5.00000000000000000000e-01) (0, 3, 0.00000000000000000000e+00) 
connections (connected_to_neuron, weight)=(0, 1.57596902847290039062e+01) (1, -4.78540390729904174805e-01) (2, 4.44739349365234375000e+02) (3, -1.89020805358886718750e+01) (4, -2.20861363410949707031e+00) (5, -1.49481579589843750000e+03) (6, 8.63141345977783203125e+00) (7, -1.14037418365478515625e+01) (8, 1.43309814453125000000e+03) (9, -1.73544902801513671875e+01) (0, 1.58333835601806640625e+01) (1, -5.74332118034362792969e-01) (2, 4.41502349853515625000e+02) (3, -1.89699649810791015625e+01) (4, -2.73107719421386718750e+00) (5, -1.49467431640625000000e+03) (6, 9.49507999420166015625e+00) (7, -6.17508745193481445312e+00) (8, 1.43311352539062500000e+03) (9, -1.72275772094726562500e+01) (0, 1.67320671081542968750e+01) (1, 2.34187374114990234375e+01) (2, -8.42589111328125000000e+02) (3, -3.65353813171386718750e+01) (4, -5.22668552398681640625e+00) (5, -1.36095104980468750000e+03) (6, 6.78034639358520507812e+00) (7, -6.80975198745727539062e+00) (8, 1.42501074218750000000e+03) (9, -9.29744720458984375000e+00) (0, -1.53346502780914306641e+00) (1, -1.20965156555175781250e+01) (2, -1.27177228927612304688e+01) (3, -8.74729728698730468750e+00) (4, -4.35374212265014648438e+00) (5, -1.42744702148437500000e+03) (6, 6.93549203872680664062e+00) (7, 8.32072257995605468750e+00) (8, 1.43023974609375000000e+03) (9, -3.15405869483947753906e+00) (10, -1.50000000000000000000e+03) (11, -1.50000000000000000000e+03) (12, -1.50000000000000000000e+03) (13, -1.50000000000000000000e+03) (14, 7.33474016189575195312e+00) (10, 1.50000000000000000000e+03) (11, 1.50000000000000000000e+03) (12, 1.50000000000000000000e+03) (13, 1.50000000000000000000e+03) (14, 1.02104215621948242188e+01) (15, 1.33236396312713623047e+00) (16, -3.96199643611907958984e-01) (17, -3.95336002111434936523e-02) 
