FANN_FLO_2.1
num_layers=3
learning_rate=0.500000
connection_rate=1.000000
network_type=0
learning_momentum=0.000000
training_algorithm=2
train_error_function=1
train_stop_function=0
cascade_output_change_fraction=0.010000
quickprop_decay=-0.000100
quickprop_mu=1.750000
rprop_increase_factor=1.200000
rprop_decrease_factor=0.500000
rprop_delta_min=0.000000
rprop_delta_max=50.000000
rprop_delta_zero=0.100000
cascade_output_stagnation_epochs=12
cascade_candidate_change_fraction=0.010000
cascade_candidate_stagnation_epochs=12
cascade_max_out_epochs=150
cascade_min_out_epochs=50
cascade_max_cand_epochs=150
cascade_min_cand_epochs=50
cascade_num_candidate_groups=2
bit_fail_limit=3.49999994039535522461e-01
cascade_candidate_limit=1.00000000000000000000e+03
cascade_weight_multiplier=4.00000005960464477539e-01
cascade_activation_functions_count=10
cascade_activation_functions=3 5 7 8 10 11 14 15 16 17 
cascade_activation_steepnesses_count=4
cascade_activation_steepnesses=2.50000000000000000000e-01 5.00000000000000000000e-01 7.50000000000000000000e-01 1.00000000000000000000e+00 
layer_sizes=10 3 2 
scale_included=0
neurons (num_inputs, activation_function, activation_steepness)=(0, 0, 0.00000000000000000000e+00) (0, 0, 0.00000000000000000000e+00) (0, 0, 0.00000000000000000000e+00) (0, 0, 0.00000000000000000000e+00) (0, 0, 0.00000000000000000000e+00) (0, 0, 0.00000000000000000000e+00) (0, 0, 0.00000000000000000000e+00) (0, 0, 0.00000000000000000000e+00) (0, 0, 0.00000000000000000000e+00) (0, 0, 0.00000000000000000000e+00) (10, 3, 5.00000000000000000000e-01) (10, 3, 5.00000000000000000000e-01) (0, 3, 0.00000000000000000000e+00) (3, 3, 5.00000000000000000000e-01) (0, 3, 0.00000000000000000000e+00) 
connections (connected_to_neuron, weight)=(0, 4.64701980352401733398e-01) (1, -8.64322006702423095703e-01) (2, 1.14488916397094726562e+01) (3, -2.60635662078857421875e+00) (4, 2.86001658439636230469e+00) (5, 3.08823287487030029297e-01) (6, -2.69109439849853515625e+00) (7, -2.26117172241210937500e+01) (8, 6.29140520095825195312e+00) (9, 1.79837346076965332031e+00) (0, 4.10322713851928710938e+00) (1, -7.51033554077148437500e+01) (2, -1.47459179687500000000e+03) (3, -3.36374640464782714844e+00) (4, 1.30353137207031250000e+03) (5, -1.50000000000000000000e+03) (6, 3.71917396783828735352e-01) (7, 2.75745361328125000000e+02) (8, 1.16900671386718750000e+03) (9, 5.22650554776191711426e-02) (10, 4.26800441741943359375e+00) (11, 4.19334459304809570312e+00) (12, -3.32571673393249511719e+00) 
