FANN_FLO_2.1
num_layers=4
learning_rate=0.500000
connection_rate=1.000000
network_type=0
learning_momentum=0.000000
training_algorithm=2
train_error_function=1
train_stop_function=0
cascade_output_change_fraction=0.010000
quickprop_decay=-0.000100
quickprop_mu=1.750000
rprop_increase_factor=1.200000
rprop_decrease_factor=0.500000
rprop_delta_min=0.000000
rprop_delta_max=50.000000
rprop_delta_zero=0.100000
cascade_output_stagnation_epochs=12
cascade_candidate_change_fraction=0.010000
cascade_candidate_stagnation_epochs=12
cascade_max_out_epochs=150
cascade_min_out_epochs=50
cascade_max_cand_epochs=150
cascade_min_cand_epochs=50
cascade_num_candidate_groups=2
bit_fail_limit=3.49999994039535522461e-01
cascade_candidate_limit=1.00000000000000000000e+03
cascade_weight_multiplier=4.00000005960464477539e-01
cascade_activation_functions_count=10
cascade_activation_functions=3 5 7 8 10 11 14 15 16 17 
cascade_activation_steepnesses_count=4
cascade_activation_steepnesses=2.50000000000000000000e-01 5.00000000000000000000e-01 7.50000000000000000000e-01 1.00000000000000000000e+00 
layer_sizes=10 3 3 2 
scale_included=0
neurons (num_inputs, activation_function, activation_steepness)=(0, 0, 0.00000000000000000000e+00) (0, 0, 0.00000000000000000000e+00) (0, 0, 0.00000000000000000000e+00) (0, 0, 0.00000000000000000000e+00) (0, 0, 0.00000000000000000000e+00) (0, 0, 0.00000000000000000000e+00) (0, 0, 0.00000000000000000000e+00) (0, 0, 0.00000000000000000000e+00) (0, 0, 0.00000000000000000000e+00) (0, 0, 0.00000000000000000000e+00) (10, 3, 5.00000000000000000000e-01) (10, 3, 5.00000000000000000000e-01) (0, 3, 0.00000000000000000000e+00) (3, 3, 5.00000000000000000000e-01) (3, 3, 5.00000000000000000000e-01) (0, 3, 0.00000000000000000000e+00) (3, 3, 5.00000000000000000000e-01) (0, 3, 0.00000000000000000000e+00) 
connections (connected_to_neuron, weight)=(0, -3.27910661697387695312e+00) (1, -3.92444372177124023438e-01) (2, -3.85083413124084472656e+00) (3, -1.27931639552116394043e-01) (4, -5.71372807025909423828e-01) (5, 8.22242736816406250000e-01) (6, 1.15014088153839111328e+00) (7, -3.70426344871520996094e+00) (8, -1.25844883918762207031e+00) (9, 5.71366977691650390625e+00) (0, -3.32552337646484375000e+00) (1, -6.26024305820465087891e-01) (2, -2.79524636268615722656e+00) (3, 6.89359977841377258301e-02) (4, 2.04458057880401611328e-01) (5, 1.42859792709350585938e+00) (6, 1.45969879627227783203e+00) (7, -3.03226828575134277344e+00) (8, -1.26758277416229248047e+00) (9, 3.93204188346862792969e+00) (10, 8.81471633911132812500e+00) (11, 7.70640897750854492188e+00) (12, -6.66356134414672851562e+00) (10, 8.75052642822265625000e+00) (11, 7.87328290939331054688e+00) (12, -6.68076467514038085938e+00) (13, 2.31371092796325683594e+00) (14, 2.14334869384765625000e+00) (15, -3.57203865051269531250e+00) 
