FANN_FLO_2.1
num_layers=3
learning_rate=0.400000
connection_rate=1.000000
network_type=0
learning_momentum=0.000000
training_algorithm=2
train_error_function=1
train_stop_function=0
cascade_output_change_fraction=0.010000
quickprop_decay=-0.000100
quickprop_mu=1.750000
rprop_increase_factor=1.200000
rprop_decrease_factor=0.500000
rprop_delta_min=0.000000
rprop_delta_max=50.000000
rprop_delta_zero=0.100000
cascade_output_stagnation_epochs=12
cascade_candidate_change_fraction=0.010000
cascade_candidate_stagnation_epochs=12
cascade_max_out_epochs=150
cascade_min_out_epochs=50
cascade_max_cand_epochs=150
cascade_min_cand_epochs=50
cascade_num_candidate_groups=2
bit_fail_limit=3.49999994039535522461e-01
cascade_candidate_limit=1.00000000000000000000e+03
cascade_weight_multiplier=4.00000005960464477539e-01
cascade_activation_functions_count=10
cascade_activation_functions=3 5 7 8 10 11 14 15 16 17 
cascade_activation_steepnesses_count=4
cascade_activation_steepnesses=2.50000000000000000000e-01 5.00000000000000000000e-01 7.50000000000000000000e-01 1.00000000000000000000e+00 
layer_sizes=7 5 2 
scale_included=0
neurons (num_inputs, activation_function, activation_steepness)=(0, 0, 0.00000000000000000000e+00) (0, 0, 0.00000000000000000000e+00) (0, 0, 0.00000000000000000000e+00) (0, 0, 0.00000000000000000000e+00) (0, 0, 0.00000000000000000000e+00) (0, 0, 0.00000000000000000000e+00) (0, 0, 0.00000000000000000000e+00) (7, 3, 5.00000000000000000000e-01) (7, 3, 5.00000000000000000000e-01) (7, 3, 5.00000000000000000000e-01) (7, 3, 5.00000000000000000000e-01) (0, 3, 0.00000000000000000000e+00) (5, 3, 5.00000000000000000000e-01) (0, 3, 0.00000000000000000000e+00) 
connections (connected_to_neuron, weight)=(0, -2.37364840507507324219e+00) (1, 3.51304918527603149414e-01) (2, 1.86720937490463256836e-01) (3, -5.00800371170043945312e+00) (4, -1.58445620536804199219e+00) (5, -4.72051954269409179688e+00) (6, 6.79284811019897460938e+00) (0, -7.65949773788452148438e+00) (1, -2.57177334278821945190e-02) (2, -8.45763921737670898438e-01) (3, -5.98778676986694335938e+00) (4, -1.63208746910095214844e+00) (5, 1.17977361679077148438e+01) (6, 1.27221810817718505859e+00) (0, 8.59140872955322265625e+00) (1, -1.10142316818237304688e+01) (2, 3.61145448684692382812e+00) (3, -5.68024730682373046875e+00) (4, -1.23952519893646240234e+00) (5, -2.60803532600402832031e+00) (6, 6.18312406539916992188e+00) (0, -6.69346523284912109375e+00) (1, 6.40419769287109375000e+00) (2, -2.75569701194763183594e+00) (3, -5.30936300754547119141e-01) (4, -3.35134923458099365234e-01) (5, -4.64374876022338867188e+00) (6, 5.84157891571521759033e-02) (7, 3.60157418251037597656e+00) (8, -2.93946576118469238281e+00) (9, -4.23975801467895507812e+00) (10, -1.03844690322875976562e+01) (11, 1.12197506427764892578e+00) 
