FANN_FLO_2.1
num_layers=3
learning_rate=0.400000
connection_rate=1.000000
network_type=0
learning_momentum=0.000000
training_algorithm=2
train_error_function=1
train_stop_function=0
cascade_output_change_fraction=0.010000
quickprop_decay=-0.000100
quickprop_mu=1.750000
rprop_increase_factor=1.200000
rprop_decrease_factor=0.500000
rprop_delta_min=0.000000
rprop_delta_max=50.000000
rprop_delta_zero=0.100000
cascade_output_stagnation_epochs=12
cascade_candidate_change_fraction=0.010000
cascade_candidate_stagnation_epochs=12
cascade_max_out_epochs=150
cascade_min_out_epochs=50
cascade_max_cand_epochs=150
cascade_min_cand_epochs=50
cascade_num_candidate_groups=2
bit_fail_limit=3.49999994039535522461e-01
cascade_candidate_limit=1.00000000000000000000e+03
cascade_weight_multiplier=4.00000005960464477539e-01
cascade_activation_functions_count=10
cascade_activation_functions=3 5 7 8 10 11 14 15 16 17 
cascade_activation_steepnesses_count=4
cascade_activation_steepnesses=2.50000000000000000000e-01 5.00000000000000000000e-01 7.50000000000000000000e-01 1.00000000000000000000e+00 
layer_sizes=7 9 2 
scale_included=0
neurons (num_inputs, activation_function, activation_steepness)=(0, 0, 0.00000000000000000000e+00) (0, 0, 0.00000000000000000000e+00) (0, 0, 0.00000000000000000000e+00) (0, 0, 0.00000000000000000000e+00) (0, 0, 0.00000000000000000000e+00) (0, 0, 0.00000000000000000000e+00) (0, 0, 0.00000000000000000000e+00) (7, 3, 5.00000000000000000000e-01) (7, 3, 5.00000000000000000000e-01) (7, 3, 5.00000000000000000000e-01) (7, 3, 5.00000000000000000000e-01) (7, 3, 5.00000000000000000000e-01) (7, 3, 5.00000000000000000000e-01) (7, 3, 5.00000000000000000000e-01) (7, 3, 5.00000000000000000000e-01) (0, 3, 0.00000000000000000000e+00) (9, 3, 5.00000000000000000000e-01) (0, 3, 0.00000000000000000000e+00) 
connections (connected_to_neuron, weight)=(0, 1.37424910068511962891e+00) (1, -7.35699295997619628906e-01) (2, -1.37802946567535400391e+00) (3, 7.18372941017150878906e-01) (4, 4.61447191238403320312e+00) (5, 2.00720667839050292969e+00) (6, -2.89120054244995117188e+00) (0, -7.83843755722045898438e-01) (1, -1.17968714237213134766e+00) (2, -6.75210952758789062500e-01) (3, 1.12164878845214843750e+00) (4, 5.68531513214111328125e+00) (5, 5.61178827285766601562e+00) (6, -4.64830493927001953125e+00) (0, 8.88345122337341308594e-01) (1, 8.20542097091674804688e-01) (2, 9.27570879459381103516e-01) (3, 1.43865609169006347656e+00) (4, -1.28238034248352050781e+00) (5, 5.72468400001525878906e-01) (6, 5.63721776008605957031e-01) (0, -9.88689422607421875000e+00) (1, 5.39438307285308837891e-01) (2, 1.60043609142303466797e+00) (3, 1.02775821685791015625e+01) (4, -1.26275157928466796875e+00) (5, 6.28892004489898681641e-01) (6, 6.19723379611968994141e-01) (0, -4.45815610885620117188e+00) (1, -3.45055675506591796875e+00) (2, -2.91624402999877929688e+00) (3, 7.44423151016235351562e-01) (4, 2.53738069534301757812e+00) (5, 3.95600867271423339844e+00) (6, -1.50040519237518310547e+00) (0, 1.40060925483703613281e+00) (1, 1.76777529716491699219e+00) (2, -1.81610453128814697266e+00) (3, -1.32957878112792968750e+01) (4, 1.09871616363525390625e+01) (5, 1.34230232238769531250e+00) (6, 3.45396852493286132812e+00) (0, 2.27664425969123840332e-01) (1, 1.94301617145538330078e+00) (2, -7.82465982437133789062e+00) (3, -6.11289072036743164062e+00) (4, -3.85464620590209960938e+00) (5, 2.16049270629882812500e+01) (6, 2.01938748359680175781e+00) (0, 1.49974560546875000000e+03) (1, 1.49988476562500000000e+03) (2, 1.47588732910156250000e+03) (3, 4.43433642387390136719e-01) (4, 4.28938245773315429688e+00) (5, 1.22618789672851562500e+01) (6, -1.29500906914472579956e-02) (7, 6.57499969005584716797e-01) (8, 2.42231464385986328125e+00) (9, -8.31230640411376953125e-01) (10, -9.27067458629608154297e-01) (11, 2.97072052955627441406e+00) (12, -1.23017060756683349609e+00) (13, -1.93895983695983886719e+00) (14, 6.52657091617584228516e-01) (15, 2.84901350736618041992e-01) 
