FANN_FLO_2.1
num_layers=3
learning_rate=0.400000
connection_rate=1.000000
network_type=0
learning_momentum=0.000000
training_algorithm=2
train_error_function=1
train_stop_function=0
cascade_output_change_fraction=0.010000
quickprop_decay=-0.000100
quickprop_mu=1.750000
rprop_increase_factor=1.200000
rprop_decrease_factor=0.500000
rprop_delta_min=0.000000
rprop_delta_max=50.000000
rprop_delta_zero=0.100000
cascade_output_stagnation_epochs=12
cascade_candidate_change_fraction=0.010000
cascade_candidate_stagnation_epochs=12
cascade_max_out_epochs=150
cascade_min_out_epochs=50
cascade_max_cand_epochs=150
cascade_min_cand_epochs=50
cascade_num_candidate_groups=2
bit_fail_limit=3.49999994039535522461e-01
cascade_candidate_limit=1.00000000000000000000e+03
cascade_weight_multiplier=4.00000005960464477539e-01
cascade_activation_functions_count=10
cascade_activation_functions=3 5 7 8 10 11 14 15 16 17 
cascade_activation_steepnesses_count=4
cascade_activation_steepnesses=2.50000000000000000000e-01 5.00000000000000000000e-01 7.50000000000000000000e-01 1.00000000000000000000e+00 
layer_sizes=7 9 2 
scale_included=0
neurons (num_inputs, activation_function, activation_steepness)=(0, 0, 0.00000000000000000000e+00) (0, 0, 0.00000000000000000000e+00) (0, 0, 0.00000000000000000000e+00) (0, 0, 0.00000000000000000000e+00) (0, 0, 0.00000000000000000000e+00) (0, 0, 0.00000000000000000000e+00) (0, 0, 0.00000000000000000000e+00) (7, 3, 5.00000000000000000000e-01) (7, 3, 5.00000000000000000000e-01) (7, 3, 5.00000000000000000000e-01) (7, 3, 5.00000000000000000000e-01) (7, 3, 5.00000000000000000000e-01) (7, 3, 5.00000000000000000000e-01) (7, 3, 5.00000000000000000000e-01) (7, 3, 5.00000000000000000000e-01) (0, 3, 0.00000000000000000000e+00) (9, 3, 5.00000000000000000000e-01) (0, 3, 0.00000000000000000000e+00) 
connections (connected_to_neuron, weight)=(0, -5.91486155986785888672e-01) (1, -1.73834574222564697266e+00) (2, -1.89800727367401123047e+00) (3, 3.68820810317993164062e+00) (4, 2.19000846147537231445e-01) (5, 8.51909923553466796875e+00) (6, -6.22161674499511718750e+00) (0, 2.95474600791931152344e+00) (1, -1.20109617710113525391e+00) (2, -1.01806938648223876953e+00) (3, 6.47869467735290527344e-01) (4, 3.07907724380493164062e+00) (5, -6.61476075649261474609e-01) (6, -3.87372709810733795166e-02) (0, -2.30538558959960937500e+00) (1, -3.05996727943420410156e+00) (2, -1.92832648754119873047e+00) (3, 1.50627493858337402344e+00) (4, 2.45914912223815917969e+00) (5, -3.72486144304275512695e-01) (6, -1.92997944355010986328e+00) (0, -4.95695400238037109375e+00) (1, -2.03820037841796875000e+00) (2, -1.75820100307464599609e+00) (3, 1.68302559852600097656e+00) (4, 2.99040961265563964844e+00) (5, -1.05719590187072753906e+00) (6, -1.41973733901977539062e+00) (0, 2.27075099945068359375e+00) (1, 2.55658817291259765625e+00) (2, 1.68994939327239990234e+00) (3, -3.10853600502014160156e+00) (4, -9.54101026058197021484e-01) (5, 1.81833744049072265625e+00) (6, 2.08610749244689941406e+00) (0, -1.01708984375000000000e+01) (1, 3.19165557622909545898e-01) (2, -5.87173652648925781250e+00) (3, 4.33944940567016601562e+00) (4, -5.51655483245849609375e+00) (5, 1.45243453979492187500e+01) (6, 1.64119660854339599609e+00) (0, -1.79767167568206787109e+00) (1, -2.16288423538208007812e+00) (2, -2.94510483741760253906e+00) (3, 9.89311456680297851562e-01) (4, 1.03895998001098632812e+00) (5, 2.18141365051269531250e+00) (6, -2.54523444175720214844e+00) (0, -4.63216543197631835938e+00) (1, -1.58711528778076171875e+00) (2, -7.20299863815307617188e+00) (3, 4.62470978498458862305e-01) (4, -6.35138869285583496094e-01) (5, 1.72281150817871093750e+01) (6, 3.51566267013549804688e+00) (7, 2.98338174819946289062e+00) (8, 7.13924586772918701172e-01) (9, 8.45823824405670166016e-01) (10, 3.92790102958679199219e+00) (11, -2.86229431629180908203e-01) (12, -1.60599327087402343750e+00) (13, 3.75119662284851074219e+00) (14, -1.44212508201599121094e+00) (15, -8.37628450244665145874e-03) 
