FANN_FLO_2.1
num_layers=3
learning_rate=0.500000
connection_rate=1.000000
network_type=0
learning_momentum=0.000000
training_algorithm=2
train_error_function=1
train_stop_function=0
cascade_output_change_fraction=0.010000
quickprop_decay=-0.000100
quickprop_mu=1.750000
rprop_increase_factor=1.200000
rprop_decrease_factor=0.500000
rprop_delta_min=0.000000
rprop_delta_max=50.000000
rprop_delta_zero=0.100000
cascade_output_stagnation_epochs=12
cascade_candidate_change_fraction=0.010000
cascade_candidate_stagnation_epochs=12
cascade_max_out_epochs=150
cascade_min_out_epochs=50
cascade_max_cand_epochs=150
cascade_min_cand_epochs=50
cascade_num_candidate_groups=2
bit_fail_limit=3.49999994039535522461e-01
cascade_candidate_limit=1.00000000000000000000e+03
cascade_weight_multiplier=4.00000005960464477539e-01
cascade_activation_functions_count=10
cascade_activation_functions=3 5 7 8 10 11 14 15 16 17 
cascade_activation_steepnesses_count=4
cascade_activation_steepnesses=2.50000000000000000000e-01 5.00000000000000000000e-01 7.50000000000000000000e-01 1.00000000000000000000e+00 
layer_sizes=10 3 2 
scale_included=0
neurons (num_inputs, activation_function, activation_steepness)=(0, 0, 0.00000000000000000000e+00) (0, 0, 0.00000000000000000000e+00) (0, 0, 0.00000000000000000000e+00) (0, 0, 0.00000000000000000000e+00) (0, 0, 0.00000000000000000000e+00) (0, 0, 0.00000000000000000000e+00) (0, 0, 0.00000000000000000000e+00) (0, 0, 0.00000000000000000000e+00) (0, 0, 0.00000000000000000000e+00) (0, 0, 0.00000000000000000000e+00) (10, 3, 5.00000000000000000000e-01) (10, 3, 5.00000000000000000000e-01) (0, 3, 0.00000000000000000000e+00) (3, 3, 5.00000000000000000000e-01) (0, 3, 0.00000000000000000000e+00) 
connections (connected_to_neuron, weight)=(0, 1.44530651855468750000e+03) (1, 1.49818981933593750000e+03) (2, 1.32769360351562500000e+03) (3, -1.46031774902343750000e+03) (4, -1.36507348632812500000e+03) (5, 2.01542415618896484375e+01) (6, -1.49942797851562500000e+03) (7, -1.49767858886718750000e+03) (8, 6.52906127929687500000e+02) (9, 3.63715171813964843750e+00) (0, 3.43927741050720214844e-01) (1, 2.05648970603942871094e+00) (2, -1.50000000000000000000e+03) (3, 1.69241583347320556641e+00) (4, 6.34928703308105468750e-01) (5, 3.64152503013610839844e+00) (6, 1.41982889175415039062e+00) (7, -3.26701474189758300781e+00) (8, -9.38057720661163330078e-01) (9, -8.81792485713958740234e-01) (10, 2.72568035125732421875e+00) (11, 3.95743417739868164062e+00) (12, -1.93152034282684326172e+00) 
