FANN_FLO_2.1
num_layers=3
learning_rate=0.500000
connection_rate=1.000000
network_type=0
learning_momentum=0.000000
training_algorithm=2
train_error_function=1
train_stop_function=0
cascade_output_change_fraction=0.010000
quickprop_decay=-0.000100
quickprop_mu=1.750000
rprop_increase_factor=1.200000
rprop_decrease_factor=0.500000
rprop_delta_min=0.000000
rprop_delta_max=50.000000
rprop_delta_zero=0.100000
cascade_output_stagnation_epochs=12
cascade_candidate_change_fraction=0.010000
cascade_candidate_stagnation_epochs=12
cascade_max_out_epochs=150
cascade_min_out_epochs=50
cascade_max_cand_epochs=150
cascade_min_cand_epochs=50
cascade_num_candidate_groups=2
bit_fail_limit=3.49999994039535522461e-01
cascade_candidate_limit=1.00000000000000000000e+03
cascade_weight_multiplier=4.00000005960464477539e-01
cascade_activation_functions_count=10
cascade_activation_functions=3 5 7 8 10 11 14 15 16 17 
cascade_activation_steepnesses_count=4
cascade_activation_steepnesses=2.50000000000000000000e-01 5.00000000000000000000e-01 7.50000000000000000000e-01 1.00000000000000000000e+00 
layer_sizes=10 3 2 
scale_included=0
neurons (num_inputs, activation_function, activation_steepness)=(0, 0, 0.00000000000000000000e+00) (0, 0, 0.00000000000000000000e+00) (0, 0, 0.00000000000000000000e+00) (0, 0, 0.00000000000000000000e+00) (0, 0, 0.00000000000000000000e+00) (0, 0, 0.00000000000000000000e+00) (0, 0, 0.00000000000000000000e+00) (0, 0, 0.00000000000000000000e+00) (0, 0, 0.00000000000000000000e+00) (0, 0, 0.00000000000000000000e+00) (10, 3, 5.00000000000000000000e-01) (10, 3, 5.00000000000000000000e-01) (0, 3, 0.00000000000000000000e+00) (3, 3, 5.00000000000000000000e-01) (0, 3, 0.00000000000000000000e+00) 
connections (connected_to_neuron, weight)=(0, -1.42986132812500000000e+03) (1, 1.50000000000000000000e+03) (2, 1.50000000000000000000e+03) (3, -2.32914662361145019531e+00) (4, 6.31157636642456054688e+00) (5, -1.03443503379821777344e+00) (6, -1.21977310180664062500e+01) (7, -1.01427018642425537109e-01) (8, 8.33040809631347656250e+00) (9, -7.59860724210739135742e-02) (0, -2.01030969619750976562e+00) (1, 4.74047929048538208008e-01) (2, -3.46542096138000488281e+00) (3, -1.33028256893157958984e+00) (4, 1.77768898010253906250e+01) (5, 2.26511508226394653320e-01) (6, -1.34872817993164062500e+01) (7, 5.20220756530761718750e-01) (8, -2.88610625267028808594e+00) (9, 1.11311292648315429688e+00) (10, -7.39350497722625732422e-01) (11, 3.77581238746643066406e+00) (12, -2.13598728179931640625e+00) 
