FANN_FLO_2.1
num_layers=4
learning_rate=0.500000
connection_rate=1.000000
network_type=0
learning_momentum=0.000000
training_algorithm=2
train_error_function=1
train_stop_function=0
cascade_output_change_fraction=0.010000
quickprop_decay=-0.000100
quickprop_mu=1.750000
rprop_increase_factor=1.200000
rprop_decrease_factor=0.500000
rprop_delta_min=0.000000
rprop_delta_max=50.000000
rprop_delta_zero=0.100000
cascade_output_stagnation_epochs=12
cascade_candidate_change_fraction=0.010000
cascade_candidate_stagnation_epochs=12
cascade_max_out_epochs=150
cascade_min_out_epochs=50
cascade_max_cand_epochs=150
cascade_min_cand_epochs=50
cascade_num_candidate_groups=2
bit_fail_limit=3.49999994039535522461e-01
cascade_candidate_limit=1.00000000000000000000e+03
cascade_weight_multiplier=4.00000005960464477539e-01
cascade_activation_functions_count=10
cascade_activation_functions=3 5 7 8 10 11 14 15 16 17 
cascade_activation_steepnesses_count=4
cascade_activation_steepnesses=2.50000000000000000000e-01 5.00000000000000000000e-01 7.50000000000000000000e-01 1.00000000000000000000e+00 
layer_sizes=10 5 3 2 
scale_included=0
neurons (num_inputs, activation_function, activation_steepness)=(0, 0, 0.00000000000000000000e+00) (0, 0, 0.00000000000000000000e+00) (0, 0, 0.00000000000000000000e+00) (0, 0, 0.00000000000000000000e+00) (0, 0, 0.00000000000000000000e+00) (0, 0, 0.00000000000000000000e+00) (0, 0, 0.00000000000000000000e+00) (0, 0, 0.00000000000000000000e+00) (0, 0, 0.00000000000000000000e+00) (0, 0, 0.00000000000000000000e+00) (10, 3, 5.00000000000000000000e-01) (10, 3, 5.00000000000000000000e-01) (10, 3, 5.00000000000000000000e-01) (10, 3, 5.00000000000000000000e-01) (0, 3, 0.00000000000000000000e+00) (5, 3, 5.00000000000000000000e-01) (5, 3, 5.00000000000000000000e-01) (0, 3, 0.00000000000000000000e+00) (3, 3, 5.00000000000000000000e-01) (0, 3, 0.00000000000000000000e+00) 
connections (connected_to_neuron, weight)=(0, -2.91903018951416015625e+00) (1, -1.64034104347229003906e+00) (2, -1.21485023498535156250e+01) (3, 3.51900339126586914062e-01) (4, -1.77682694047689437866e-02) (5, -1.18425107002258300781e+00) (6, 4.21541738510131835938e+00) (7, 3.44719481468200683594e+00) (8, 9.06820297241210937500e-01) (9, -5.02861849963665008545e-02) (0, 1.68545985221862792969e+00) (1, 3.38138651847839355469e+00) (2, 8.71059179306030273438e-01) (3, -2.02118921279907226562e+00) (4, 1.27271986007690429688e+00) (5, 9.04880106449127197266e-01) (6, -2.75844788551330566406e+00) (7, -1.21408808231353759766e+00) (8, -4.47034180164337158203e-01) (9, 1.26922285556793212891e+00) (0, -4.05966281890869140625e+00) (1, -2.37166643142700195312e+00) (2, -2.58712124824523925781e+00) (3, 3.69050955772399902344e+00) (4, 1.33291625976562500000e+00) (5, 6.67802953720092773438e+00) (6, 3.46353936195373535156e+00) (7, 3.65554738044738769531e+00) (8, 5.39511919021606445312e+00) (9, -5.36213207244873046875e+00) (0, -2.35672283172607421875e+00) (1, -6.59103333950042724609e-01) (2, -4.90415334701538085938e+00) (3, 3.76491069793701171875e+00) (4, -2.49241366982460021973e-01) (5, 1.28543925285339355469e+00) (6, 3.34276151657104492188e+00) (7, 7.99896180629730224609e-01) (8, 2.74228572845458984375e+00) (9, -1.62965524196624755859e+00) (10, 1.37215223312377929688e+01) (11, 6.28445100784301757812e+00) (12, -2.93569660186767578125e+00) (13, -8.24820518493652343750e+00) (14, -7.83019810914993286133e-02) (10, 2.13018608093261718750e+01) (11, 9.21083450317382812500e+00) (12, -3.97053766250610351562e+00) (13, -1.29124240875244140625e+01) (14, -1.41345751285552978516e+00) (15, 1.09529864788055419922e+00) (16, 1.02732253074645996094e+00) (17, -1.22197198867797851562e+00) 
