FANN_FLO_2.1
num_layers=4
learning_rate=0.400000
connection_rate=1.000000
network_type=0
learning_momentum=0.000000
training_algorithm=2
train_error_function=1
train_stop_function=0
cascade_output_change_fraction=0.010000
quickprop_decay=-0.000100
quickprop_mu=1.750000
rprop_increase_factor=1.200000
rprop_decrease_factor=0.500000
rprop_delta_min=0.000000
rprop_delta_max=50.000000
rprop_delta_zero=0.100000
cascade_output_stagnation_epochs=12
cascade_candidate_change_fraction=0.010000
cascade_candidate_stagnation_epochs=12
cascade_max_out_epochs=150
cascade_min_out_epochs=50
cascade_max_cand_epochs=150
cascade_min_cand_epochs=50
cascade_num_candidate_groups=2
bit_fail_limit=3.49999994039535522461e-01
cascade_candidate_limit=1.00000000000000000000e+03
cascade_weight_multiplier=4.00000005960464477539e-01
cascade_activation_functions_count=10
cascade_activation_functions=3 5 7 8 10 11 14 15 16 17 
cascade_activation_steepnesses_count=4
cascade_activation_steepnesses=2.50000000000000000000e-01 5.00000000000000000000e-01 7.50000000000000000000e-01 1.00000000000000000000e+00 
layer_sizes=7 5 3 2 
scale_included=0
neurons (num_inputs, activation_function, activation_steepness)=(0, 0, 0.00000000000000000000e+00) (0, 0, 0.00000000000000000000e+00) (0, 0, 0.00000000000000000000e+00) (0, 0, 0.00000000000000000000e+00) (0, 0, 0.00000000000000000000e+00) (0, 0, 0.00000000000000000000e+00) (0, 0, 0.00000000000000000000e+00) (7, 3, 5.00000000000000000000e-01) (7, 3, 5.00000000000000000000e-01) (7, 3, 5.00000000000000000000e-01) (7, 3, 5.00000000000000000000e-01) (0, 3, 0.00000000000000000000e+00) (5, 3, 5.00000000000000000000e-01) (5, 3, 5.00000000000000000000e-01) (0, 3, 0.00000000000000000000e+00) (3, 3, 5.00000000000000000000e-01) (0, 3, 0.00000000000000000000e+00) 
connections (connected_to_neuron, weight)=(0, -1.24010515213012695312e+01) (1, -6.71630334854125976562e+00) (2, -1.49882788085937500000e+03) (3, 1.50000000000000000000e+03) (4, 2.09265823364257812500e+02) (5, 1.49389575195312500000e+03) (6, -1.49429516601562500000e+03) (0, -6.85405397415161132812e+00) (1, 6.05931615829467773438e+00) (2, -2.73606228828430175781e+00) (3, -1.04019868373870849609e+00) (4, -1.48919105529785156250e+00) (5, -5.51280736923217773438e+00) (6, 8.99065256118774414062e-01) (0, 4.50392293930053710938e+00) (1, -5.04645204544067382812e+00) (2, 1.56361591815948486328e+00) (3, -1.03142690658569335938e+00) (4, -4.08041477203369140625e-01) (5, 3.13885402679443359375e+00) (6, -3.18113946914672851562e+00) (0, -2.99597644805908203125e+00) (1, 1.89428102970123291016e+00) (2, -1.54451389312744140625e+01) (3, -7.26174211502075195312e+00) (4, 7.63375377655029296875e+00) (5, -2.21653604507446289062e+00) (6, -2.96303653717041015625e+00) (7, 3.16784352064132690430e-01) (8, 7.17683553695678710938e+00) (9, 8.50100135803222656250e+00) (10, 1.44527447223663330078e+00) (11, -3.79351997375488281250e+00) (7, 1.50000000000000000000e+03) (8, 7.35339355468750000000e+01) (9, 3.16009693145751953125e+01) (10, -5.51156187057495117188e+00) (11, -3.79995489120483398438e+00) (12, -6.36754894256591796875e+00) (13, -9.94734287261962890625e-01) (14, -6.45276829600334167480e-02) 
