FANN_FLO_2.1
num_layers=3
learning_rate=0.400000
connection_rate=1.000000
network_type=0
learning_momentum=0.000000
training_algorithm=2
train_error_function=1
train_stop_function=0
cascade_output_change_fraction=0.010000
quickprop_decay=-0.000100
quickprop_mu=1.750000
rprop_increase_factor=1.200000
rprop_decrease_factor=0.500000
rprop_delta_min=0.000000
rprop_delta_max=50.000000
rprop_delta_zero=0.100000
cascade_output_stagnation_epochs=12
cascade_candidate_change_fraction=0.010000
cascade_candidate_stagnation_epochs=12
cascade_max_out_epochs=150
cascade_min_out_epochs=50
cascade_max_cand_epochs=150
cascade_min_cand_epochs=50
cascade_num_candidate_groups=2
bit_fail_limit=3.49999994039535522461e-01
cascade_candidate_limit=1.00000000000000000000e+03
cascade_weight_multiplier=4.00000005960464477539e-01
cascade_activation_functions_count=10
cascade_activation_functions=3 5 7 8 10 11 14 15 16 17 
cascade_activation_steepnesses_count=4
cascade_activation_steepnesses=2.50000000000000000000e-01 5.00000000000000000000e-01 7.50000000000000000000e-01 1.00000000000000000000e+00 
layer_sizes=7 9 2 
scale_included=0
neurons (num_inputs, activation_function, activation_steepness)=(0, 0, 0.00000000000000000000e+00) (0, 0, 0.00000000000000000000e+00) (0, 0, 0.00000000000000000000e+00) (0, 0, 0.00000000000000000000e+00) (0, 0, 0.00000000000000000000e+00) (0, 0, 0.00000000000000000000e+00) (0, 0, 0.00000000000000000000e+00) (7, 3, 5.00000000000000000000e-01) (7, 3, 5.00000000000000000000e-01) (7, 3, 5.00000000000000000000e-01) (7, 3, 5.00000000000000000000e-01) (7, 3, 5.00000000000000000000e-01) (7, 3, 5.00000000000000000000e-01) (7, 3, 5.00000000000000000000e-01) (7, 3, 5.00000000000000000000e-01) (0, 3, 0.00000000000000000000e+00) (9, 3, 5.00000000000000000000e-01) (0, 3, 0.00000000000000000000e+00) 
connections (connected_to_neuron, weight)=(0, -4.12354660034179687500e+00) (1, -2.39394402503967285156e+00) (2, -3.33802533149719238281e+00) (3, -4.01178658008575439453e-01) (4, 1.48063206672668457031e+00) (5, 1.19156169891357421875e+00) (6, 5.77049553394317626953e-01) (0, -2.80898070335388183594e+00) (1, 7.86562383174896240234e-01) (2, -5.57045221328735351562e-01) (3, -1.79305231571197509766e+00) (4, -2.57392168045043945312e+00) (5, -2.32342630624771118164e-01) (6, 5.60930490493774414062e-01) (0, -9.47661042213439941406e-01) (1, -1.15472376346588134766e+00) (2, -1.81392085552215576172e+00) (3, 2.00324678421020507812e+00) (4, 1.98080986738204956055e-01) (5, 6.28094005584716796875e+00) (6, -3.87856173515319824219e+00) (0, 1.80167639255523681641e+00) (1, 1.05015361309051513672e+00) (2, -6.47915124893188476562e+00) (3, 4.84627437591552734375e+00) (4, -3.57666563987731933594e+00) (5, 1.11960973739624023438e+01) (6, -9.13626134395599365234e-01) (0, 2.11160242557525634766e-01) (1, 1.14211428165435791016e+00) (2, -3.91173338890075683594e+00) (3, -2.71648836135864257812e+00) (4, -6.73125171661376953125e+00) (5, 2.26625614166259765625e+01) (6, 8.04070115089416503906e-01) (0, -1.85972356796264648438e+00) (1, 4.93012875318527221680e-01) (2, -9.22838747501373291016e-01) (3, -1.62510657310485839844e+00) (4, -2.76984286308288574219e+00) (5, -5.21528065204620361328e-01) (6, 3.08522045612335205078e-01) (0, -4.90299987792968750000e+00) (1, 1.15132175385951995850e-01) (2, 6.55032336711883544922e-01) (3, -1.46482801437377929688e+00) (4, -2.17222309112548828125e+00) (5, 1.74493789672851562500e+00) (6, 5.78498125076293945312e-01) (0, -5.13082313537597656250e+00) (1, -3.38625264167785644531e+00) (2, -4.03793007135391235352e-01) (3, 1.32771456241607666016e+00) (4, 1.25348496437072753906e+00) (5, 7.24952816963195800781e-01) (6, -1.20351362228393554688e+00) (7, 1.88055586814880371094e+00) (8, -3.99297142028808593750e+00) (9, 3.45102047920227050781e+00) (10, -1.04312360286712646484e+00) (11, -1.91710579395294189453e+00) (12, -4.41900491714477539062e+00) (13, -1.61664557456970214844e+00) (14, 4.59113025665283203125e+00) (15, 6.96079730987548828125e-01) 
