FANN_FLO_2.1
num_layers=4
learning_rate=0.400000
connection_rate=1.000000
network_type=0
learning_momentum=0.000000
training_algorithm=2
train_error_function=1
train_stop_function=0
cascade_output_change_fraction=0.010000
quickprop_decay=-0.000100
quickprop_mu=1.750000
rprop_increase_factor=1.200000
rprop_decrease_factor=0.500000
rprop_delta_min=0.000000
rprop_delta_max=50.000000
rprop_delta_zero=0.100000
cascade_output_stagnation_epochs=12
cascade_candidate_change_fraction=0.010000
cascade_candidate_stagnation_epochs=12
cascade_max_out_epochs=150
cascade_min_out_epochs=50
cascade_max_cand_epochs=150
cascade_min_cand_epochs=50
cascade_num_candidate_groups=2
bit_fail_limit=3.49999994039535522461e-01
cascade_candidate_limit=1.00000000000000000000e+03
cascade_weight_multiplier=4.00000005960464477539e-01
cascade_activation_functions_count=10
cascade_activation_functions=3 5 7 8 10 11 14 15 16 17 
cascade_activation_steepnesses_count=4
cascade_activation_steepnesses=2.50000000000000000000e-01 5.00000000000000000000e-01 7.50000000000000000000e-01 1.00000000000000000000e+00 
layer_sizes=7 5 5 2 
scale_included=0
neurons (num_inputs, activation_function, activation_steepness)=(0, 0, 0.00000000000000000000e+00) (0, 0, 0.00000000000000000000e+00) (0, 0, 0.00000000000000000000e+00) (0, 0, 0.00000000000000000000e+00) (0, 0, 0.00000000000000000000e+00) (0, 0, 0.00000000000000000000e+00) (0, 0, 0.00000000000000000000e+00) (7, 3, 5.00000000000000000000e-01) (7, 3, 5.00000000000000000000e-01) (7, 3, 5.00000000000000000000e-01) (7, 3, 5.00000000000000000000e-01) (0, 3, 0.00000000000000000000e+00) (5, 3, 5.00000000000000000000e-01) (5, 3, 5.00000000000000000000e-01) (5, 3, 5.00000000000000000000e-01) (5, 3, 5.00000000000000000000e-01) (0, 3, 0.00000000000000000000e+00) (5, 3, 5.00000000000000000000e-01) (0, 3, 0.00000000000000000000e+00) 
connections (connected_to_neuron, weight)=(0, -1.47429479980468750000e+03) (1, -6.07643371582031250000e+02) (2, -1.50000000000000000000e+03) (3, -3.78045227050781250000e+02) (4, -1.41079565429687500000e+03) (5, -1.50000000000000000000e+03) (6, -5.95975458621978759766e-01) (0, -1.47429479980468750000e+03) (1, -1.42824780273437500000e+03) (2, -1.50000000000000000000e+03) (3, -1.05871421813964843750e+02) (4, -1.41079565429687500000e+03) (5, -1.50000000000000000000e+03) (6, -2.04809024930000305176e-01) (0, -2.42402505874633789062e+00) (1, -2.41191196441650390625e+00) (2, -3.31533408164978027344e+00) (3, -1.02766141891479492188e+01) (4, -3.00583100318908691406e+00) (5, 1.36830449104309082031e-01) (6, 4.28369855880737304688e+00) (0, -1.47429479980468750000e+03) (1, -6.36056884765625000000e+02) (2, -1.50000000000000000000e+03) (3, -1.14302734375000000000e+03) (4, -1.41079565429687500000e+03) (5, -1.50000000000000000000e+03) (6, -8.89437019824981689453e-01) (7, 1.50000000000000000000e+03) (8, 1.50000000000000000000e+03) (9, 1.50000000000000000000e+03) (10, 1.50000000000000000000e+03) (11, -4.92030715942382812500e+01) (7, 1.50000000000000000000e+03) (8, 1.50000000000000000000e+03) (9, 1.50000000000000000000e+03) (10, 1.50000000000000000000e+03) (11, -3.51690441370010375977e-01) (7, 1.50000000000000000000e+03) (8, 1.50000000000000000000e+03) (9, 1.50000000000000000000e+03) (10, 1.50000000000000000000e+03) (11, 6.67432098388671875000e+01) (7, 1.50000000000000000000e+03) (8, 1.50000000000000000000e+03) (9, 1.50000000000000000000e+03) (10, 1.50000000000000000000e+03) (11, -3.65572381019592285156e+00) (12, -6.11939132213592529297e-01) (13, -5.16161262989044189453e-01) (14, -6.70365393161773681641e-01) (15, -9.08998012542724609375e-01) (16, -6.12862408161163330078e-01) 
