FANN_FLO_2.1
num_layers=4
learning_rate=0.500000
connection_rate=1.000000
network_type=0
learning_momentum=0.000000
training_algorithm=2
train_error_function=1
train_stop_function=0
cascade_output_change_fraction=0.010000
quickprop_decay=-0.000100
quickprop_mu=1.750000
rprop_increase_factor=1.200000
rprop_decrease_factor=0.500000
rprop_delta_min=0.000000
rprop_delta_max=50.000000
rprop_delta_zero=0.100000
cascade_output_stagnation_epochs=12
cascade_candidate_change_fraction=0.010000
cascade_candidate_stagnation_epochs=12
cascade_max_out_epochs=150
cascade_min_out_epochs=50
cascade_max_cand_epochs=150
cascade_min_cand_epochs=50
cascade_num_candidate_groups=2
bit_fail_limit=3.49999994039535522461e-01
cascade_candidate_limit=1.00000000000000000000e+03
cascade_weight_multiplier=4.00000005960464477539e-01
cascade_activation_functions_count=10
cascade_activation_functions=3 5 7 8 10 11 14 15 16 17 
cascade_activation_steepnesses_count=4
cascade_activation_steepnesses=2.50000000000000000000e-01 5.00000000000000000000e-01 7.50000000000000000000e-01 1.00000000000000000000e+00 
layer_sizes=2 5 5 3 
scale_included=0
neurons (num_inputs, activation_function, activation_steepness)=(0, 0, 0.00000000000000000000e+00) (0, 0, 0.00000000000000000000e+00) (2, 3, 5.00000000000000000000e-01) (2, 3, 5.00000000000000000000e-01) (2, 3, 5.00000000000000000000e-01) (2, 3, 5.00000000000000000000e-01) (0, 3, 0.00000000000000000000e+00) (5, 3, 5.00000000000000000000e-01) (5, 3, 5.00000000000000000000e-01) (5, 3, 5.00000000000000000000e-01) (5, 3, 5.00000000000000000000e-01) (0, 3, 0.00000000000000000000e+00) (5, 0, 5.00000000000000000000e-01) (5, 0, 5.00000000000000000000e-01) (0, 0, 0.00000000000000000000e+00) 
connections (connected_to_neuron, weight)=(0, 1.50000000000000000000e+03) (1, 1.31047763824462890625e+01) (0, 1.50000000000000000000e+03) (1, 1.31911201477050781250e+01) (0, 1.50000000000000000000e+03) (1, 1.35035238265991210938e+01) (0, 1.50000000000000000000e+03) (1, 1.32176399230957031250e+01) (2, -4.66742897033691406250e+00) (3, -4.70275306701660156250e+00) (4, -1.06976509094238281250e+00) (5, -4.53802204132080078125e+00) (6, 1.80936360359191894531e+00) (2, -2.24038200378417968750e+01) (3, -4.19162521362304687500e+01) (4, -1.51931259155273437500e+02) (5, -4.19019317626953125000e+01) (6, -1.99980545043945312500e+02) (2, -1.03115701675415039062e+00) (3, -1.02591979503631591797e+00) (4, -4.09136235713958740234e-01) (5, -1.10794484615325927734e+00) (6, 2.97512125968933105469e+00) (2, -5.30805130004882812500e+01) (3, -5.31458511352539062500e+01) (4, -1.53281448364257812500e+02) (5, -1.52857498168945312500e+02) (6, -1.99978256225585937500e+02) (7, 1.58160161972045898438e+00) (8, 1.50000000000000000000e+03) (9, 5.48862516880035400391e-01) (10, 1.50000000000000000000e+03) (11, -1.29659175872802734375e+00) (7, -2.70946931838989257812e+00) (8, 1.50000000000000000000e+03) (9, -2.71276354789733886719e+00) (10, 1.50000000000000000000e+03) (11, 1.05312955379486083984e+00) 
