FANN_FLO_2.1
num_layers=3
learning_rate=0.400000
connection_rate=1.000000
network_type=0
learning_momentum=0.000000
training_algorithm=2
train_error_function=1
train_stop_function=0
cascade_output_change_fraction=0.010000
quickprop_decay=-0.000100
quickprop_mu=1.750000
rprop_increase_factor=1.200000
rprop_decrease_factor=0.500000
rprop_delta_min=0.000000
rprop_delta_max=50.000000
rprop_delta_zero=0.100000
cascade_output_stagnation_epochs=12
cascade_candidate_change_fraction=0.010000
cascade_candidate_stagnation_epochs=12
cascade_max_out_epochs=150
cascade_min_out_epochs=50
cascade_max_cand_epochs=150
cascade_min_cand_epochs=50
cascade_num_candidate_groups=2
bit_fail_limit=3.49999994039535522461e-01
cascade_candidate_limit=1.00000000000000000000e+03
cascade_weight_multiplier=4.00000005960464477539e-01
cascade_activation_functions_count=10
cascade_activation_functions=3 5 7 8 10 11 14 15 16 17 
cascade_activation_steepnesses_count=4
cascade_activation_steepnesses=2.50000000000000000000e-01 5.00000000000000000000e-01 7.50000000000000000000e-01 1.00000000000000000000e+00 
layer_sizes=7 5 2 
scale_included=0
neurons (num_inputs, activation_function, activation_steepness)=(0, 0, 0.00000000000000000000e+00) (0, 0, 0.00000000000000000000e+00) (0, 0, 0.00000000000000000000e+00) (0, 0, 0.00000000000000000000e+00) (0, 0, 0.00000000000000000000e+00) (0, 0, 0.00000000000000000000e+00) (0, 0, 0.00000000000000000000e+00) (7, 3, 5.00000000000000000000e-01) (7, 3, 5.00000000000000000000e-01) (7, 3, 5.00000000000000000000e-01) (7, 3, 5.00000000000000000000e-01) (0, 3, 0.00000000000000000000e+00) (5, 3, 5.00000000000000000000e-01) (0, 3, 0.00000000000000000000e+00) 
connections (connected_to_neuron, weight)=(0, 4.91430854797363281250e+00) (1, -8.78943061828613281250e+00) (2, -6.46505236625671386719e-01) (3, -4.75852823257446289062e+00) (4, -2.41977858543395996094e+00) (5, -1.29589390754699707031e+00) (6, 7.63249206542968750000e+00) (0, 1.05803594589233398438e+01) (1, -1.08749179840087890625e+01) (2, 5.23565149307250976562e+00) (3, -2.11541223526000976562e+00) (4, 2.91881203651428222656e-01) (5, 4.09877824783325195312e+00) (6, -4.72533273696899414062e+00) (0, -9.19810086488723754883e-02) (1, 6.50283622741699218750e+00) (2, 1.65766124725341796875e+01) (3, 5.47205543518066406250e+00) (4, 1.19046831130981445312e+00) (5, -1.50000000000000000000e+03) (6, -2.65103864669799804688e+00) (0, -1.31979312896728515625e+01) (1, 1.17561988830566406250e+01) (2, -4.12851858139038085938e+00) (3, -2.22906422615051269531e+00) (4, -1.02935159206390380859e+00) (5, 3.58543395996093750000e+00) (6, 2.05744791030883789062e+00) (7, -1.30490851402282714844e+00) (8, -4.66610860824584960938e+00) (9, -2.37243604660034179688e+00) (10, -3.30360984802246093750e+00) (11, 2.17683959007263183594e+00) 
