FANN_FLO_2.1
num_layers=3
learning_rate=0.400000
connection_rate=1.000000
network_type=0
learning_momentum=0.000000
training_algorithm=2
train_error_function=1
train_stop_function=0
cascade_output_change_fraction=0.010000
quickprop_decay=-0.000100
quickprop_mu=1.750000
rprop_increase_factor=1.200000
rprop_decrease_factor=0.500000
rprop_delta_min=0.000000
rprop_delta_max=50.000000
rprop_delta_zero=0.100000
cascade_output_stagnation_epochs=12
cascade_candidate_change_fraction=0.010000
cascade_candidate_stagnation_epochs=12
cascade_max_out_epochs=150
cascade_min_out_epochs=50
cascade_max_cand_epochs=150
cascade_min_cand_epochs=50
cascade_num_candidate_groups=2
bit_fail_limit=3.49999994039535522461e-01
cascade_candidate_limit=1.00000000000000000000e+03
cascade_weight_multiplier=4.00000005960464477539e-01
cascade_activation_functions_count=10
cascade_activation_functions=3 5 7 8 10 11 14 15 16 17 
cascade_activation_steepnesses_count=4
cascade_activation_steepnesses=2.50000000000000000000e-01 5.00000000000000000000e-01 7.50000000000000000000e-01 1.00000000000000000000e+00 
layer_sizes=7 5 2 
scale_included=0
neurons (num_inputs, activation_function, activation_steepness)=(0, 0, 0.00000000000000000000e+00) (0, 0, 0.00000000000000000000e+00) (0, 0, 0.00000000000000000000e+00) (0, 0, 0.00000000000000000000e+00) (0, 0, 0.00000000000000000000e+00) (0, 0, 0.00000000000000000000e+00) (0, 0, 0.00000000000000000000e+00) (7, 3, 5.00000000000000000000e-01) (7, 3, 5.00000000000000000000e-01) (7, 3, 5.00000000000000000000e-01) (7, 3, 5.00000000000000000000e-01) (0, 3, 0.00000000000000000000e+00) (5, 3, 5.00000000000000000000e-01) (0, 3, 0.00000000000000000000e+00) 
connections (connected_to_neuron, weight)=(0, 1.79816949367523193359e+00) (1, 1.55262219905853271484e+00) (2, -4.11070775985717773438e+00) (3, -4.77976512908935546875e+00) (4, -6.74024939537048339844e-01) (5, 4.36819171905517578125e+00) (6, 8.07070672512054443359e-01) (0, -1.67970061302185058594e+00) (1, -1.47272574901580810547e+00) (2, -5.56847870349884033203e-01) (3, -8.88851284980773925781e-01) (4, 4.51687049865722656250e+00) (5, 1.88028946518898010254e-01) (6, -9.59400773048400878906e-01) (0, 6.04304969310760498047e-01) (1, 3.14149236679077148438e+00) (2, 3.55737304687500000000e+00) (3, -9.55352246761322021484e-01) (4, 4.51036787033081054688e+00) (5, -1.08256444931030273438e+01) (6, 3.20103549957275390625e+00) (0, -1.14587163925170898438e+00) (1, -1.08606040477752685547e+00) (2, 1.46260201930999755859e+00) (3, 8.56562197208404541016e-01) (4, 2.58465743064880371094e+00) (5, 7.38026976585388183594e-01) (6, -1.62792336940765380859e+00) (7, -2.20304727554321289062e+00) (8, 3.07575941085815429688e+00) (9, -2.87675976753234863281e+00) (10, 1.95702552795410156250e+00) (11, 1.23731955885887145996e-01) 
