FANN_FLO_2.1
num_layers=4
learning_rate=0.400000
connection_rate=1.000000
network_type=0
learning_momentum=0.000000
training_algorithm=2
train_error_function=1
train_stop_function=0
cascade_output_change_fraction=0.010000
quickprop_decay=-0.000100
quickprop_mu=1.750000
rprop_increase_factor=1.200000
rprop_decrease_factor=0.500000
rprop_delta_min=0.000000
rprop_delta_max=50.000000
rprop_delta_zero=0.100000
cascade_output_stagnation_epochs=12
cascade_candidate_change_fraction=0.010000
cascade_candidate_stagnation_epochs=12
cascade_max_out_epochs=150
cascade_min_out_epochs=50
cascade_max_cand_epochs=150
cascade_min_cand_epochs=50
cascade_num_candidate_groups=2
bit_fail_limit=3.49999994039535522461e-01
cascade_candidate_limit=1.00000000000000000000e+03
cascade_weight_multiplier=4.00000005960464477539e-01
cascade_activation_functions_count=10
cascade_activation_functions=3 5 7 8 10 11 14 15 16 17 
cascade_activation_steepnesses_count=4
cascade_activation_steepnesses=2.50000000000000000000e-01 5.00000000000000000000e-01 7.50000000000000000000e-01 1.00000000000000000000e+00 
layer_sizes=7 5 3 2 
scale_included=0
neurons (num_inputs, activation_function, activation_steepness)=(0, 0, 0.00000000000000000000e+00) (0, 0, 0.00000000000000000000e+00) (0, 0, 0.00000000000000000000e+00) (0, 0, 0.00000000000000000000e+00) (0, 0, 0.00000000000000000000e+00) (0, 0, 0.00000000000000000000e+00) (0, 0, 0.00000000000000000000e+00) (7, 3, 5.00000000000000000000e-01) (7, 3, 5.00000000000000000000e-01) (7, 3, 5.00000000000000000000e-01) (7, 3, 5.00000000000000000000e-01) (0, 3, 0.00000000000000000000e+00) (5, 3, 5.00000000000000000000e-01) (5, 3, 5.00000000000000000000e-01) (0, 3, 0.00000000000000000000e+00) (3, 3, 5.00000000000000000000e-01) (0, 3, 0.00000000000000000000e+00) 
connections (connected_to_neuron, weight)=(0, -2.14450097084045410156e+00) (1, 3.74232697486877441406e+00) (2, 1.85108613967895507812e+00) (3, -4.83448362350463867188e+00) (4, 2.98609346151351928711e-01) (5, 2.15069651603698730469e+00) (6, -9.34264779090881347656e-01) (0, -2.94457864761352539062e+00) (1, -1.45726740360260009766e+00) (2, -3.98024559020996093750e+00) (3, -1.34035789966583251953e+00) (4, 5.91881847381591796875e+00) (5, -4.78585004806518554688e-01) (6, -8.50479006767272949219e-01) (0, 1.22759237289428710938e+01) (1, -1.38323373794555664062e+01) (2, 4.35876131057739257812e+00) (3, -7.83568099141120910645e-02) (4, -2.35792160034179687500e+00) (5, 5.49086284637451171875e+00) (6, -4.67606401443481445312e+00) (0, -4.03291416168212890625e+00) (1, 3.55471730232238769531e+00) (2, -2.00450396537780761719e+00) (3, 2.56713241338729858398e-01) (4, -1.36890220642089843750e+00) (5, -1.47500000000000000000e+03) (6, 1.06733672320842742920e-01) (7, 2.58695173263549804688e+00) (8, 3.11360883712768554688e+00) (9, 8.02192211151123046875e+00) (10, 1.11287012100219726562e+01) (11, -6.75659942626953125000e+00) (7, 6.21253585815429687500e+00) (8, -4.06892442703247070312e+00) (9, 5.95096635818481445312e+00) (10, 6.20554637908935546875e+00) (11, -2.30773067474365234375e+00) (12, -7.31249713897705078125e+00) (13, -1.28640186786651611328e+00) (14, -8.82589757442474365234e-01) 
