FANN_FLO_2.1
num_layers=3
learning_rate=0.400000
connection_rate=1.000000
network_type=0
learning_momentum=0.000000
training_algorithm=2
train_error_function=1
train_stop_function=0
cascade_output_change_fraction=0.010000
quickprop_decay=-0.000100
quickprop_mu=1.750000
rprop_increase_factor=1.200000
rprop_decrease_factor=0.500000
rprop_delta_min=0.000000
rprop_delta_max=50.000000
rprop_delta_zero=0.100000
cascade_output_stagnation_epochs=12
cascade_candidate_change_fraction=0.010000
cascade_candidate_stagnation_epochs=12
cascade_max_out_epochs=150
cascade_min_out_epochs=50
cascade_max_cand_epochs=150
cascade_min_cand_epochs=50
cascade_num_candidate_groups=2
bit_fail_limit=3.49999994039535522461e-01
cascade_candidate_limit=1.00000000000000000000e+03
cascade_weight_multiplier=4.00000005960464477539e-01
cascade_activation_functions_count=10
cascade_activation_functions=3 5 7 8 10 11 14 15 16 17 
cascade_activation_steepnesses_count=4
cascade_activation_steepnesses=2.50000000000000000000e-01 5.00000000000000000000e-01 7.50000000000000000000e-01 1.00000000000000000000e+00 
layer_sizes=7 5 2 
scale_included=0
neurons (num_inputs, activation_function, activation_steepness)=(0, 0, 0.00000000000000000000e+00) (0, 0, 0.00000000000000000000e+00) (0, 0, 0.00000000000000000000e+00) (0, 0, 0.00000000000000000000e+00) (0, 0, 0.00000000000000000000e+00) (0, 0, 0.00000000000000000000e+00) (0, 0, 0.00000000000000000000e+00) (7, 3, 5.00000000000000000000e-01) (7, 3, 5.00000000000000000000e-01) (7, 3, 5.00000000000000000000e-01) (7, 3, 5.00000000000000000000e-01) (0, 3, 0.00000000000000000000e+00) (5, 3, 5.00000000000000000000e-01) (0, 3, 0.00000000000000000000e+00) 
connections (connected_to_neuron, weight)=(0, 1.29458355903625488281e+00) (1, 8.23051273822784423828e-01) (2, -1.92946147918701171875e+01) (3, -1.62769489288330078125e+01) (4, 4.77362298965454101562e+00) (5, 7.28138566017150878906e-01) (6, -4.28062438964843750000e+00) (0, -1.47456760406494140625e+01) (1, 1.25607786178588867188e+01) (2, -6.51495075225830078125e+00) (3, -2.59401559829711914062e+00) (4, -8.74588966369628906250e-01) (5, 4.07896614074707031250e+00) (6, 2.34762501716613769531e+00) (0, -4.31370496749877929688e-01) (1, 3.79057908058166503906e+00) (2, 1.11694221496582031250e+01) (3, 4.24036085605621337891e-01) (4, -4.19772481918334960938e+00) (5, -5.57090711593627929688e+00) (6, -3.69885325431823730469e+00) (0, 9.28119945526123046875e+00) (1, -1.01547975540161132812e+01) (2, 5.52661228179931640625e+00) (3, -1.24221312999725341797e+00) (4, -5.43294727802276611328e-01) (5, -3.16737914085388183594e+00) (6, 4.21192502975463867188e+00) (7, -3.00044941902160644531e+00) (8, -3.83616995811462402344e+00) (9, -2.01678085327148437500e+00) (10, -4.26610422134399414062e+00) (11, 2.99107503890991210938e+00) 
