FANN_FLO_2.1
num_layers=4
learning_rate=0.500000
connection_rate=1.000000
network_type=0
learning_momentum=0.000000
training_algorithm=2
train_error_function=1
train_stop_function=0
cascade_output_change_fraction=0.010000
quickprop_decay=-0.000100
quickprop_mu=1.750000
rprop_increase_factor=1.200000
rprop_decrease_factor=0.500000
rprop_delta_min=0.000000
rprop_delta_max=50.000000
rprop_delta_zero=0.100000
cascade_output_stagnation_epochs=12
cascade_candidate_change_fraction=0.010000
cascade_candidate_stagnation_epochs=12
cascade_max_out_epochs=150
cascade_min_out_epochs=50
cascade_max_cand_epochs=150
cascade_min_cand_epochs=50
cascade_num_candidate_groups=2
bit_fail_limit=3.49999994039535522461e-01
cascade_candidate_limit=1.00000000000000000000e+03
cascade_weight_multiplier=4.00000005960464477539e-01
cascade_activation_functions_count=10
cascade_activation_functions=3 5 7 8 10 11 14 15 16 17 
cascade_activation_steepnesses_count=4
cascade_activation_steepnesses=2.50000000000000000000e-01 5.00000000000000000000e-01 7.50000000000000000000e-01 1.00000000000000000000e+00 
layer_sizes=10 3 3 2 
scale_included=0
neurons (num_inputs, activation_function, activation_steepness)=(0, 0, 0.00000000000000000000e+00) (0, 0, 0.00000000000000000000e+00) (0, 0, 0.00000000000000000000e+00) (0, 0, 0.00000000000000000000e+00) (0, 0, 0.00000000000000000000e+00) (0, 0, 0.00000000000000000000e+00) (0, 0, 0.00000000000000000000e+00) (0, 0, 0.00000000000000000000e+00) (0, 0, 0.00000000000000000000e+00) (0, 0, 0.00000000000000000000e+00) (10, 3, 5.00000000000000000000e-01) (10, 3, 5.00000000000000000000e-01) (0, 3, 0.00000000000000000000e+00) (3, 3, 5.00000000000000000000e-01) (3, 3, 5.00000000000000000000e-01) (0, 3, 0.00000000000000000000e+00) (3, 3, 5.00000000000000000000e-01) (0, 3, 0.00000000000000000000e+00) 
connections (connected_to_neuron, weight)=(0, 3.32725954055786132812e+00) (1, 1.04105412960052490234e+00) (2, -8.67454290390014648438e-01) (3, 1.94505536556243896484e+00) (4, -3.64958071708679199219e+00) (5, 6.56686246395111083984e-01) (6, 3.68441987037658691406e+00) (7, 4.28356260061264038086e-01) (8, 3.22996973991394042969e+00) (9, -5.47272300720214843750e+00) (0, 6.50136327743530273438e+00) (1, 1.66918826103210449219e+00) (2, -3.34917336702346801758e-01) (3, 2.15779972076416015625e+00) (4, -4.11536836624145507812e+00) (5, -2.46857449412345886230e-01) (6, 3.19651913642883300781e+00) (7, 8.36409866809844970703e-01) (8, 4.70756244659423828125e+00) (9, -7.72826814651489257812e+00) (10, -4.78275585174560546875e+00) (11, -1.20262346267700195312e+01) (12, 6.28793478012084960938e+00) (10, -1.93438649177551269531e+00) (11, -1.50003938674926757812e+01) (12, 6.36683750152587890625e+00) (13, 2.36146235466003417969e+00) (14, 1.83911383152008056641e+00) (15, -3.30207204818725585938e+00) 
