FANN_FLO_2.1
num_layers=3
learning_rate=0.500000
connection_rate=1.000000
network_type=0
learning_momentum=0.000000
training_algorithm=2
train_error_function=1
train_stop_function=0
cascade_output_change_fraction=0.010000
quickprop_decay=-0.000100
quickprop_mu=1.750000
rprop_increase_factor=1.200000
rprop_decrease_factor=0.500000
rprop_delta_min=0.000000
rprop_delta_max=50.000000
rprop_delta_zero=0.100000
cascade_output_stagnation_epochs=12
cascade_candidate_change_fraction=0.010000
cascade_candidate_stagnation_epochs=12
cascade_max_out_epochs=150
cascade_min_out_epochs=50
cascade_max_cand_epochs=150
cascade_min_cand_epochs=50
cascade_num_candidate_groups=2
bit_fail_limit=3.49999994039535522461e-01
cascade_candidate_limit=1.00000000000000000000e+03
cascade_weight_multiplier=4.00000005960464477539e-01
cascade_activation_functions_count=10
cascade_activation_functions=3 5 7 8 10 11 14 15 16 17 
cascade_activation_steepnesses_count=4
cascade_activation_steepnesses=2.50000000000000000000e-01 5.00000000000000000000e-01 7.50000000000000000000e-01 1.00000000000000000000e+00 
layer_sizes=10 5 2 
scale_included=0
neurons (num_inputs, activation_function, activation_steepness)=(0, 0, 0.00000000000000000000e+00) (0, 0, 0.00000000000000000000e+00) (0, 0, 0.00000000000000000000e+00) (0, 0, 0.00000000000000000000e+00) (0, 0, 0.00000000000000000000e+00) (0, 0, 0.00000000000000000000e+00) (0, 0, 0.00000000000000000000e+00) (0, 0, 0.00000000000000000000e+00) (0, 0, 0.00000000000000000000e+00) (0, 0, 0.00000000000000000000e+00) (10, 3, 5.00000000000000000000e-01) (10, 3, 5.00000000000000000000e-01) (10, 3, 5.00000000000000000000e-01) (10, 3, 5.00000000000000000000e-01) (0, 3, 0.00000000000000000000e+00) (5, 3, 5.00000000000000000000e-01) (0, 3, 0.00000000000000000000e+00) 
connections (connected_to_neuron, weight)=(0, 2.75899906158447265625e+01) (1, 7.04105091094970703125e+00) (2, 1.93223667144775390625e+01) (3, -1.78320944309234619141e-01) (4, -2.21828192472457885742e-01) (5, -1.53363265991210937500e+01) (6, -1.51826877593994140625e+01) (7, -2.54787564277648925781e+00) (8, -5.25648117065429687500e+00) (9, -9.33178329467773437500e+00) (0, 1.03219957351684570312e+01) (1, 9.34381008148193359375e+00) (2, 1.35317907333374023438e+01) (3, -1.27048447728157043457e-01) (4, -5.00194020569324493408e-02) (5, 8.53909015655517578125e-01) (6, -1.78489246368408203125e+01) (7, 8.82977545261383056641e-01) (8, -2.71237983703613281250e+01) (9, -6.31244361400604248047e-01) (0, 3.19721450805664062500e+01) (1, 6.78889322280883789062e+00) (2, 3.25211691856384277344e+00) (3, 2.33416767120361328125e+01) (4, 8.12150537967681884766e-01) (5, 4.42140388488769531250e+00) (6, -4.29547977447509765625e+00) (7, -8.80287933349609375000e+00) (8, -4.46527824401855468750e+01) (9, -9.02996921539306640625e+00) (0, -1.16143150329589843750e+01) (1, 1.53612092137336730957e-01) (2, -9.53793907165527343750e+00) (3, -8.89441680908203125000e+00) (4, 3.14877480268478393555e-01) (5, -7.35531949996948242188e+00) (6, 1.27067136764526367188e+01) (7, 7.54316520690917968750e+00) (8, 1.81289882659912109375e+01) (9, -2.43298506736755371094e+00) (10, 3.22342902421951293945e-01) (11, 1.45526301860809326172e+00) (12, 6.96030676364898681641e-01) (13, 2.45156764984130859375e+00) (14, -1.57938063144683837891e+00) 
