FANN_FLO_2.1
num_layers=4
learning_rate=0.500000
connection_rate=1.000000
network_type=0
learning_momentum=0.000000
training_algorithm=2
train_error_function=1
train_stop_function=0
cascade_output_change_fraction=0.010000
quickprop_decay=-0.000100
quickprop_mu=1.750000
rprop_increase_factor=1.200000
rprop_decrease_factor=0.500000
rprop_delta_min=0.000000
rprop_delta_max=50.000000
rprop_delta_zero=0.100000
cascade_output_stagnation_epochs=12
cascade_candidate_change_fraction=0.010000
cascade_candidate_stagnation_epochs=12
cascade_max_out_epochs=150
cascade_min_out_epochs=50
cascade_max_cand_epochs=150
cascade_min_cand_epochs=50
cascade_num_candidate_groups=2
bit_fail_limit=3.49999994039535522461e-01
cascade_candidate_limit=1.00000000000000000000e+03
cascade_weight_multiplier=4.00000005960464477539e-01
cascade_activation_functions_count=10
cascade_activation_functions=3 5 7 8 10 11 14 15 16 17 
cascade_activation_steepnesses_count=4
cascade_activation_steepnesses=2.50000000000000000000e-01 5.00000000000000000000e-01 7.50000000000000000000e-01 1.00000000000000000000e+00 
layer_sizes=10 3 3 2 
scale_included=0
neurons (num_inputs, activation_function, activation_steepness)=(0, 0, 0.00000000000000000000e+00) (0, 0, 0.00000000000000000000e+00) (0, 0, 0.00000000000000000000e+00) (0, 0, 0.00000000000000000000e+00) (0, 0, 0.00000000000000000000e+00) (0, 0, 0.00000000000000000000e+00) (0, 0, 0.00000000000000000000e+00) (0, 0, 0.00000000000000000000e+00) (0, 0, 0.00000000000000000000e+00) (0, 0, 0.00000000000000000000e+00) (10, 3, 5.00000000000000000000e-01) (10, 3, 5.00000000000000000000e-01) (0, 3, 0.00000000000000000000e+00) (3, 3, 5.00000000000000000000e-01) (3, 3, 5.00000000000000000000e-01) (0, 3, 0.00000000000000000000e+00) (3, 3, 5.00000000000000000000e-01) (0, 3, 0.00000000000000000000e+00) 
connections (connected_to_neuron, weight)=(0, 1.11711001396179199219e+00) (1, 1.41201853752136230469e+00) (2, -6.41056632995605468750e+00) (3, -2.29430985450744628906e+00) (4, 4.82245445251464843750e+00) (5, -2.59505701065063476562e+00) (6, 8.01701545715332031250e-02) (7, -7.24413394927978515625e+00) (8, 2.03647923469543457031e+00) (9, 2.86758756637573242188e+00) (0, 5.10304689407348632812e-01) (1, 5.84615886211395263672e-01) (2, -6.50167837738990783691e-02) (3, -1.96833074092864990234e+00) (4, 7.78737664222717285156e-01) (5, -1.38811171054840087891e+00) (6, 2.91682273149490356445e-01) (7, -6.11500740051269531250e+00) (8, 1.95620286464691162109e+00) (9, 1.70032560825347900391e+00) (10, 4.31916999816894531250e+01) (11, -6.37046933174133300781e-01) (12, -4.62939977645874023438e+00) (10, 7.57164239883422851562e+00) (11, 7.83128738403320312500e+00) (12, -3.94244337081909179688e+00) (13, 1.28897249698638916016e+00) (14, 1.34382498264312744141e+00) (15, -1.74404835700988769531e+00) 
