FANN_FLO_2.1
num_layers=4
learning_rate=0.500000
connection_rate=1.000000
network_type=0
learning_momentum=0.000000
training_algorithm=2
train_error_function=1
train_stop_function=0
cascade_output_change_fraction=0.010000
quickprop_decay=-0.000100
quickprop_mu=1.750000
rprop_increase_factor=1.200000
rprop_decrease_factor=0.500000
rprop_delta_min=0.000000
rprop_delta_max=50.000000
rprop_delta_zero=0.100000
cascade_output_stagnation_epochs=12
cascade_candidate_change_fraction=0.010000
cascade_candidate_stagnation_epochs=12
cascade_max_out_epochs=150
cascade_min_out_epochs=50
cascade_max_cand_epochs=150
cascade_min_cand_epochs=50
cascade_num_candidate_groups=2
bit_fail_limit=3.49999994039535522461e-01
cascade_candidate_limit=1.00000000000000000000e+03
cascade_weight_multiplier=4.00000005960464477539e-01
cascade_activation_functions_count=10
cascade_activation_functions=3 5 7 8 10 11 14 15 16 17 
cascade_activation_steepnesses_count=4
cascade_activation_steepnesses=2.50000000000000000000e-01 5.00000000000000000000e-01 7.50000000000000000000e-01 1.00000000000000000000e+00 
layer_sizes=2 5 3 3 
scale_included=0
neurons (num_inputs, activation_function, activation_steepness)=(0, 0, 0.00000000000000000000e+00) (0, 0, 0.00000000000000000000e+00) (2, 3, 5.00000000000000000000e-01) (2, 3, 5.00000000000000000000e-01) (2, 3, 5.00000000000000000000e-01) (2, 3, 5.00000000000000000000e-01) (0, 3, 0.00000000000000000000e+00) (5, 3, 5.00000000000000000000e-01) (5, 3, 5.00000000000000000000e-01) (0, 3, 0.00000000000000000000e+00) (3, 0, 5.00000000000000000000e-01) (3, 0, 5.00000000000000000000e-01) (0, 0, 0.00000000000000000000e+00) 
connections (connected_to_neuron, weight)=(0, -1.47500000000000000000e+03) (1, 1.86225799560546875000e+02) (0, 1.06052331924438476562e+01) (1, -3.65141725540161132812e+00) (0, -1.13667651367187500000e+03) (1, 2.11633987426757812500e+02) (0, -1.06128393554687500000e+03) (1, 5.80672740936279296875e-01) (2, -4.09977674484252929688e-01) (3, 8.68473052978515625000e+00) (4, -1.26410257071256637573e-02) (5, -6.37026727199554443359e-01) (6, -6.09787881374359130859e-01) (2, 1.42231905460357666016e+00) (3, -6.06258964538574218750e+00) (4, 6.79469108581542968750e+00) (5, -1.44628572463989257812e+01) (6, 3.33714485168457031250e+00) (7, -3.50013184547424316406e+00) (8, -3.16269922256469726562e+00) (9, 3.62697529792785644531e+00) (7, -3.09298443794250488281e+00) (8, 2.29902267456054687500e+00) (9, 6.45604312419891357422e-01) 
