FANN_FLO_2.1
num_layers=3
learning_rate=0.400000
connection_rate=1.000000
network_type=0
learning_momentum=0.000000
training_algorithm=2
train_error_function=1
train_stop_function=0
cascade_output_change_fraction=0.010000
quickprop_decay=-0.000100
quickprop_mu=1.750000
rprop_increase_factor=1.200000
rprop_decrease_factor=0.500000
rprop_delta_min=0.000000
rprop_delta_max=50.000000
rprop_delta_zero=0.100000
cascade_output_stagnation_epochs=12
cascade_candidate_change_fraction=0.010000
cascade_candidate_stagnation_epochs=12
cascade_max_out_epochs=150
cascade_min_out_epochs=50
cascade_max_cand_epochs=150
cascade_min_cand_epochs=50
cascade_num_candidate_groups=2
bit_fail_limit=3.49999994039535522461e-01
cascade_candidate_limit=1.00000000000000000000e+03
cascade_weight_multiplier=4.00000005960464477539e-01
cascade_activation_functions_count=10
cascade_activation_functions=3 5 7 8 10 11 14 15 16 17 
cascade_activation_steepnesses_count=4
cascade_activation_steepnesses=2.50000000000000000000e-01 5.00000000000000000000e-01 7.50000000000000000000e-01 1.00000000000000000000e+00 
layer_sizes=7 5 2 
scale_included=0
neurons (num_inputs, activation_function, activation_steepness)=(0, 0, 0.00000000000000000000e+00) (0, 0, 0.00000000000000000000e+00) (0, 0, 0.00000000000000000000e+00) (0, 0, 0.00000000000000000000e+00) (0, 0, 0.00000000000000000000e+00) (0, 0, 0.00000000000000000000e+00) (0, 0, 0.00000000000000000000e+00) (7, 3, 5.00000000000000000000e-01) (7, 3, 5.00000000000000000000e-01) (7, 3, 5.00000000000000000000e-01) (7, 3, 5.00000000000000000000e-01) (0, 3, 0.00000000000000000000e+00) (5, 3, 5.00000000000000000000e-01) (0, 3, 0.00000000000000000000e+00) 
connections (connected_to_neuron, weight)=(0, -1.12884826660156250000e+01) (1, -5.11744451522827148438e+00) (2, 1.53670072555541992188e-01) (3, -2.50060844421386718750e+00) (4, -7.47439146041870117188e-01) (5, 4.77177906036376953125e+00) (6, 7.59993982315063476562e+00) (0, 2.08868026733398437500e+00) (1, -4.84671640396118164062e+00) (2, -5.40546119213104248047e-01) (3, -1.98203384876251220703e+00) (4, -3.97266805171966552734e-01) (5, 2.98225820064544677734e-01) (6, 2.12590479850769042969e+00) (0, -2.56618356704711914062e+00) (1, -1.08207874298095703125e+01) (2, 6.62376356124877929688e+00) (3, -2.81408929824829101562e+00) (4, 6.97675123810768127441e-02) (5, 9.58526229858398437500e+00) (6, 2.73274898529052734375e+00) (0, -1.51115751266479492188e+01) (1, 1.40792884826660156250e+01) (2, -3.78434491157531738281e+00) (3, -9.92551445960998535156e-01) (4, -8.52782428264617919922e-01) (5, -5.46645784378051757812e+00) (6, 9.13773417472839355469e-01) (7, 1.91735982894897460938e+00) (8, -3.55408215522766113281e+00) (9, -2.74382591247558593750e+00) (10, -4.89205455780029296875e+00) (11, -4.43534627556800842285e-02) 
