FANN_FLO_2.1
num_layers=4
learning_rate=0.400000
connection_rate=1.000000
network_type=0
learning_momentum=0.000000
training_algorithm=2
train_error_function=1
train_stop_function=0
cascade_output_change_fraction=0.010000
quickprop_decay=-0.000100
quickprop_mu=1.750000
rprop_increase_factor=1.200000
rprop_decrease_factor=0.500000
rprop_delta_min=0.000000
rprop_delta_max=50.000000
rprop_delta_zero=0.100000
cascade_output_stagnation_epochs=12
cascade_candidate_change_fraction=0.010000
cascade_candidate_stagnation_epochs=12
cascade_max_out_epochs=150
cascade_min_out_epochs=50
cascade_max_cand_epochs=150
cascade_min_cand_epochs=50
cascade_num_candidate_groups=2
bit_fail_limit=3.49999994039535522461e-01
cascade_candidate_limit=1.00000000000000000000e+03
cascade_weight_multiplier=4.00000005960464477539e-01
cascade_activation_functions_count=10
cascade_activation_functions=3 5 7 8 10 11 14 15 16 17 
cascade_activation_steepnesses_count=4
cascade_activation_steepnesses=2.50000000000000000000e-01 5.00000000000000000000e-01 7.50000000000000000000e-01 1.00000000000000000000e+00 
layer_sizes=7 5 5 2 
scale_included=0
neurons (num_inputs, activation_function, activation_steepness)=(0, 0, 0.00000000000000000000e+00) (0, 0, 0.00000000000000000000e+00) (0, 0, 0.00000000000000000000e+00) (0, 0, 0.00000000000000000000e+00) (0, 0, 0.00000000000000000000e+00) (0, 0, 0.00000000000000000000e+00) (0, 0, 0.00000000000000000000e+00) (7, 3, 5.00000000000000000000e-01) (7, 3, 5.00000000000000000000e-01) (7, 3, 5.00000000000000000000e-01) (7, 3, 5.00000000000000000000e-01) (0, 3, 0.00000000000000000000e+00) (5, 3, 5.00000000000000000000e-01) (5, 3, 5.00000000000000000000e-01) (5, 3, 5.00000000000000000000e-01) (5, 3, 5.00000000000000000000e-01) (0, 3, 0.00000000000000000000e+00) (5, 3, 5.00000000000000000000e-01) (0, 3, 0.00000000000000000000e+00) 
connections (connected_to_neuron, weight)=(0, -2.17205486297607421875e+01) (1, 1.30887537002563476562e+01) (2, 1.33403854370117187500e+01) (3, -1.62348785400390625000e+01) (4, -5.42172241210937500000e+00) (5, 4.37254719436168670654e-02) (6, 9.89776229858398437500e+00) (0, -4.22763347625732421875e+00) (1, -1.18767995834350585938e+01) (2, 2.09014110565185546875e+01) (3, -1.84592838287353515625e+01) (4, -7.48117780685424804688e+00) (5, 7.23538541793823242188e+00) (6, 8.83053684234619140625e+00) (0, -7.95375394821166992188e+00) (1, -2.07172260284423828125e+01) (2, 5.52567367553710937500e+01) (3, -1.49460773468017578125e+01) (4, -2.48979701995849609375e+01) (5, 5.74604940414428710938e+00) (6, 2.07804279327392578125e+01) (0, -1.44500000000000000000e+03) (1, -1.44500000000000000000e+03) (2, 1.45934362792968750000e+03) (3, 1.57372083663940429688e+01) (4, -3.65786099433898925781e+00) (5, -1.44500000000000000000e+03) (6, -1.30080810546875000000e+03) (7, 1.50000000000000000000e+03) (8, 1.50000000000000000000e+03) (9, 1.50000000000000000000e+03) (10, 1.50000000000000000000e+03) (11, 1.50856688618659973145e-01) (7, 1.50000000000000000000e+03) (8, 1.50000000000000000000e+03) (9, 1.50000000000000000000e+03) (10, 1.50000000000000000000e+03) (11, -5.81364059448242187500e+01) (7, 1.50000000000000000000e+03) (8, 1.50000000000000000000e+03) (9, 1.50000000000000000000e+03) (10, 1.50000000000000000000e+03) (11, -1.22971683740615844727e-01) (7, 1.50000000000000000000e+03) (8, 1.50000000000000000000e+03) (9, 1.50000000000000000000e+03) (10, 1.50000000000000000000e+03) (11, -1.89121341705322265625e+01) (12, -8.14930975437164306641e-01) (13, -4.27285581827163696289e-01) (14, -9.74193871021270751953e-01) (15, -3.88448029756546020508e-01) (16, -5.64833462238311767578e-01) 
