FANN_FLO_2.1
num_layers=4
learning_rate=0.400000
connection_rate=1.000000
network_type=0
learning_momentum=0.000000
training_algorithm=2
train_error_function=1
train_stop_function=0
cascade_output_change_fraction=0.010000
quickprop_decay=-0.000100
quickprop_mu=1.750000
rprop_increase_factor=1.200000
rprop_decrease_factor=0.500000
rprop_delta_min=0.000000
rprop_delta_max=50.000000
rprop_delta_zero=0.100000
cascade_output_stagnation_epochs=12
cascade_candidate_change_fraction=0.010000
cascade_candidate_stagnation_epochs=12
cascade_max_out_epochs=150
cascade_min_out_epochs=50
cascade_max_cand_epochs=150
cascade_min_cand_epochs=50
cascade_num_candidate_groups=2
bit_fail_limit=3.49999994039535522461e-01
cascade_candidate_limit=1.00000000000000000000e+03
cascade_weight_multiplier=4.00000005960464477539e-01
cascade_activation_functions_count=10
cascade_activation_functions=3 5 7 8 10 11 14 15 16 17 
cascade_activation_steepnesses_count=4
cascade_activation_steepnesses=2.50000000000000000000e-01 5.00000000000000000000e-01 7.50000000000000000000e-01 1.00000000000000000000e+00 
layer_sizes=7 5 5 2 
scale_included=0
neurons (num_inputs, activation_function, activation_steepness)=(0, 0, 0.00000000000000000000e+00) (0, 0, 0.00000000000000000000e+00) (0, 0, 0.00000000000000000000e+00) (0, 0, 0.00000000000000000000e+00) (0, 0, 0.00000000000000000000e+00) (0, 0, 0.00000000000000000000e+00) (0, 0, 0.00000000000000000000e+00) (7, 3, 5.00000000000000000000e-01) (7, 3, 5.00000000000000000000e-01) (7, 3, 5.00000000000000000000e-01) (7, 3, 5.00000000000000000000e-01) (0, 3, 0.00000000000000000000e+00) (5, 3, 5.00000000000000000000e-01) (5, 3, 5.00000000000000000000e-01) (5, 3, 5.00000000000000000000e-01) (5, 3, 5.00000000000000000000e-01) (0, 3, 0.00000000000000000000e+00) (5, 3, 5.00000000000000000000e-01) (0, 3, 0.00000000000000000000e+00) 
connections (connected_to_neuron, weight)=(0, 4.67835760116577148438e+00) (1, -5.56594181060791015625e+00) (2, 2.01147341728210449219e+00) (3, -1.82020294666290283203e+00) (4, -3.14334750175476074219e-01) (5, 5.27862596511840820312e+00) (6, -4.25727748870849609375e+00) (0, -1.43456616210937500000e+03) (1, -1.49997583007812500000e+03) (2, -1.42589355468750000000e+03) (3, -1.43721337890625000000e+03) (4, 6.02788330078125000000e+02) (5, 8.73794738769531250000e+02) (6, -1.51254773139953613281e+00) (0, -8.10505390167236328125e+00) (1, 6.58615207672119140625e+00) (2, -2.10766005516052246094e+00) (3, -1.82229459285736083984e+00) (4, -6.70826733112335205078e-01) (5, -1.07029045104980468750e+02) (6, 1.54439914226531982422e+00) (0, -4.83887084960937500000e+02) (1, -8.68212097167968750000e+02) (2, 1.60980499267578125000e+02) (3, -1.49496997070312500000e+03) (4, 8.79070617675781250000e+02) (5, 1.50000000000000000000e+03) (6, 2.53858108520507812500e+01) (7, 3.65753507614135742188e+00) (8, 1.70710122585296630859e+00) (9, 4.59448337554931640625e+00) (10, 7.20123469829559326172e-01) (11, -2.45723843574523925781e+00) (7, 3.82435035705566406250e+01) (8, -5.73986389160156250000e+02) (9, 1.50000000000000000000e+03) (10, -5.94671726226806640625e+00) (11, -2.20757675170898437500e+00) (7, 7.27657318115234375000e+00) (8, 8.17385711669921875000e+01) (9, 5.16248416900634765625e+00) (10, -1.58373975753784179688e+00) (11, -2.66645455360412597656e+00) (7, 3.42175412178039550781e+00) (8, 1.29660236835479736328e+00) (9, 4.60802698135375976562e+00) (10, 1.22651815414428710938e+00) (11, -2.77134466171264648438e+00) (12, -1.25746929645538330078e+00) (13, -4.80494827032089233398e-01) (14, -3.06414604187011718750e+00) (15, -1.26914906501770019531e+00) (16, -3.35048526525497436523e-01) 
