FANN_FLO_2.1
num_layers=3
learning_rate=0.400000
connection_rate=1.000000
network_type=0
learning_momentum=0.000000
training_algorithm=2
train_error_function=1
train_stop_function=0
cascade_output_change_fraction=0.010000
quickprop_decay=-0.000100
quickprop_mu=1.750000
rprop_increase_factor=1.200000
rprop_decrease_factor=0.500000
rprop_delta_min=0.000000
rprop_delta_max=50.000000
rprop_delta_zero=0.100000
cascade_output_stagnation_epochs=12
cascade_candidate_change_fraction=0.010000
cascade_candidate_stagnation_epochs=12
cascade_max_out_epochs=150
cascade_min_out_epochs=50
cascade_max_cand_epochs=150
cascade_min_cand_epochs=50
cascade_num_candidate_groups=2
bit_fail_limit=3.49999994039535522461e-01
cascade_candidate_limit=1.00000000000000000000e+03
cascade_weight_multiplier=4.00000005960464477539e-01
cascade_activation_functions_count=10
cascade_activation_functions=3 5 7 8 10 11 14 15 16 17 
cascade_activation_steepnesses_count=4
cascade_activation_steepnesses=2.50000000000000000000e-01 5.00000000000000000000e-01 7.50000000000000000000e-01 1.00000000000000000000e+00 
layer_sizes=7 5 2 
scale_included=0
neurons (num_inputs, activation_function, activation_steepness)=(0, 0, 0.00000000000000000000e+00) (0, 0, 0.00000000000000000000e+00) (0, 0, 0.00000000000000000000e+00) (0, 0, 0.00000000000000000000e+00) (0, 0, 0.00000000000000000000e+00) (0, 0, 0.00000000000000000000e+00) (0, 0, 0.00000000000000000000e+00) (7, 3, 5.00000000000000000000e-01) (7, 3, 5.00000000000000000000e-01) (7, 3, 5.00000000000000000000e-01) (7, 3, 5.00000000000000000000e-01) (0, 3, 0.00000000000000000000e+00) (5, 3, 5.00000000000000000000e-01) (0, 3, 0.00000000000000000000e+00) 
connections (connected_to_neuron, weight)=(0, 5.70468759536743164062e+00) (1, -3.69127821922302246094e+00) (2, 2.72224450111389160156e+00) (3, -2.70256280899047851562e+00) (4, 7.38674581050872802734e-01) (5, 1.89816951751708984375e+00) (6, -5.03467607498168945312e+00) (0, -3.69053864479064941406e+00) (1, -8.28980541229248046875e+00) (2, -1.17424416542053222656e+00) (3, 1.59724533557891845703e+00) (4, -5.69742822647094726562e+00) (5, 1.02834100723266601562e+01) (6, 1.99755263328552246094e+00) (0, 4.89818543195724487305e-01) (1, -1.09970769882202148438e+01) (2, 3.04857921600341796875e+00) (3, 5.08708572387695312500e+00) (4, -1.69464695453643798828e+00) (5, -2.32182407379150390625e+00) (6, 5.72658395767211914062e+00) (0, -7.79718017578125000000e+00) (1, 7.71857261657714843750e+00) (2, -1.62807619571685791016e+00) (3, -1.28111684322357177734e+00) (4, -9.04301881790161132812e-01) (5, -4.61629676818847656250e+00) (6, -5.76689541339874267578e-01) (7, -1.12559833526611328125e+01) (8, -1.34550547599792480469e+00) (9, -9.09125804901123046875e-01) (10, -9.46341514587402343750e+00) (11, -3.19315612316131591797e-01) 
