FANN_FLO_2.1
num_layers=3
learning_rate=0.400000
connection_rate=1.000000
network_type=0
learning_momentum=0.000000
training_algorithm=2
train_error_function=1
train_stop_function=0
cascade_output_change_fraction=0.010000
quickprop_decay=-0.000100
quickprop_mu=1.750000
rprop_increase_factor=1.200000
rprop_decrease_factor=0.500000
rprop_delta_min=0.000000
rprop_delta_max=50.000000
rprop_delta_zero=0.100000
cascade_output_stagnation_epochs=12
cascade_candidate_change_fraction=0.010000
cascade_candidate_stagnation_epochs=12
cascade_max_out_epochs=150
cascade_min_out_epochs=50
cascade_max_cand_epochs=150
cascade_min_cand_epochs=50
cascade_num_candidate_groups=2
bit_fail_limit=3.49999994039535522461e-01
cascade_candidate_limit=1.00000000000000000000e+03
cascade_weight_multiplier=4.00000005960464477539e-01
cascade_activation_functions_count=10
cascade_activation_functions=3 5 7 8 10 11 14 15 16 17 
cascade_activation_steepnesses_count=4
cascade_activation_steepnesses=2.50000000000000000000e-01 5.00000000000000000000e-01 7.50000000000000000000e-01 1.00000000000000000000e+00 
layer_sizes=7 5 2 
scale_included=0
neurons (num_inputs, activation_function, activation_steepness)=(0, 0, 0.00000000000000000000e+00) (0, 0, 0.00000000000000000000e+00) (0, 0, 0.00000000000000000000e+00) (0, 0, 0.00000000000000000000e+00) (0, 0, 0.00000000000000000000e+00) (0, 0, 0.00000000000000000000e+00) (0, 0, 0.00000000000000000000e+00) (7, 3, 5.00000000000000000000e-01) (7, 3, 5.00000000000000000000e-01) (7, 3, 5.00000000000000000000e-01) (7, 3, 5.00000000000000000000e-01) (0, 3, 0.00000000000000000000e+00) (5, 3, 5.00000000000000000000e-01) (0, 3, 0.00000000000000000000e+00) 
connections (connected_to_neuron, weight)=(0, 3.06106352806091308594e+00) (1, -3.62252688407897949219e+00) (2, 2.81406140327453613281e+00) (3, -1.47131562232971191406e+00) (4, -1.52177020907402038574e-01) (5, 3.39951008558273315430e-01) (6, 2.48016238212585449219e-01) (0, -1.13696451187133789062e+01) (1, 1.05878334045410156250e+01) (2, -3.89733242988586425781e+00) (3, -1.18773055076599121094e+00) (4, -1.05469715595245361328e+00) (5, 5.02695941925048828125e+00) (6, 1.35848450660705566406e+00) (0, -4.98950719833374023438e+00) (1, 2.85612702369689941406e+00) (2, -2.21999607086181640625e+01) (3, 6.38057664036750793457e-02) (4, -3.47907495498657226562e+00) (5, 1.50000000000000000000e+03) (6, 5.32355308532714843750e+00) (0, -3.53244519233703613281e+00) (1, 2.43388915061950683594e+00) (2, -1.49971828460693359375e+01) (3, 1.33115196228027343750e+00) (4, -1.25715732574462890625e+00) (5, -1.50000000000000000000e+03) (6, 2.28192472457885742188e+00) (7, -6.24129819869995117188e+00) (8, -4.46791315078735351562e+00) (9, 1.97342693805694580078e+00) (10, -3.44864082336425781250e+00) (11, 2.39956951141357421875e+00) 
