FANN_FLO_2.1
num_layers=3
learning_rate=0.400000
connection_rate=1.000000
network_type=0
learning_momentum=0.000000
training_algorithm=2
train_error_function=1
train_stop_function=0
cascade_output_change_fraction=0.010000
quickprop_decay=-0.000100
quickprop_mu=1.750000
rprop_increase_factor=1.200000
rprop_decrease_factor=0.500000
rprop_delta_min=0.000000
rprop_delta_max=50.000000
rprop_delta_zero=0.100000
cascade_output_stagnation_epochs=12
cascade_candidate_change_fraction=0.010000
cascade_candidate_stagnation_epochs=12
cascade_max_out_epochs=150
cascade_min_out_epochs=50
cascade_max_cand_epochs=150
cascade_min_cand_epochs=50
cascade_num_candidate_groups=2
bit_fail_limit=3.49999994039535522461e-01
cascade_candidate_limit=1.00000000000000000000e+03
cascade_weight_multiplier=4.00000005960464477539e-01
cascade_activation_functions_count=10
cascade_activation_functions=3 5 7 8 10 11 14 15 16 17 
cascade_activation_steepnesses_count=4
cascade_activation_steepnesses=2.50000000000000000000e-01 5.00000000000000000000e-01 7.50000000000000000000e-01 1.00000000000000000000e+00 
layer_sizes=19 3 3 
scale_included=0
neurons (num_inputs, activation_function, activation_steepness)=(0, 0, 0.00000000000000000000e+00) (0, 0, 0.00000000000000000000e+00) (0, 0, 0.00000000000000000000e+00) (0, 0, 0.00000000000000000000e+00) (0, 0, 0.00000000000000000000e+00) (0, 0, 0.00000000000000000000e+00) (0, 0, 0.00000000000000000000e+00) (0, 0, 0.00000000000000000000e+00) (0, 0, 0.00000000000000000000e+00) (0, 0, 0.00000000000000000000e+00) (0, 0, 0.00000000000000000000e+00) (0, 0, 0.00000000000000000000e+00) (0, 0, 0.00000000000000000000e+00) (0, 0, 0.00000000000000000000e+00) (0, 0, 0.00000000000000000000e+00) (0, 0, 0.00000000000000000000e+00) (0, 0, 0.00000000000000000000e+00) (0, 0, 0.00000000000000000000e+00) (0, 0, 0.00000000000000000000e+00) (19, 3, 5.00000000000000000000e-01) (19, 3, 5.00000000000000000000e-01) (0, 3, 0.00000000000000000000e+00) (3, 3, 5.00000000000000000000e-01) (3, 3, 5.00000000000000000000e-01) (0, 3, 0.00000000000000000000e+00) 
connections (connected_to_neuron, weight)=(0, -8.44541549682617187500e+00) (1, -2.73466527462005615234e-01) (2, -2.48631894588470458984e-01) (3, -9.14745616912841796875e+00) (4, -2.38061413168907165527e-01) (5, 3.05661797523498535156e+00) (6, -7.81128549575805664062e+00) (7, 3.20726156234741210938e+00) (8, 2.77534914016723632812e+00) (9, 3.33959078788757324219e+00) (10, 9.39905703067779541016e-01) (11, 5.31218171119689941406e-01) (12, 1.01328935623168945312e+01) (13, -1.68444168567657470703e+00) (14, -2.12308025360107421875e+00) (15, 6.69908714294433593750e+00) (16, -2.62537645176053047180e-03) (17, 8.69178548455238342285e-02) (18, -1.33679568767547607422e+00) (0, 4.86058235168457031250e+00) (1, -1.77921012043952941895e-01) (2, 2.50135600566864013672e-01) (3, 4.62553501129150390625e+00) (4, 1.46788628771901130676e-02) (5, -2.02155280113220214844e+00) (6, 4.84232950210571289062e+00) (7, -1.27045309543609619141e+00) (8, -1.32629871368408203125e+00) (9, -2.72056698799133300781e+00) (10, -1.32100239396095275879e-01) (11, -2.22069816663861274719e-03) (12, -5.96048784255981445312e+00) (13, 1.28856194019317626953e+00) (14, 1.14013874530792236328e+00) (15, -3.65137028694152832031e+00) (16, 2.79940932989120483398e-01) (17, 5.23178219795227050781e-01) (18, -1.41303133964538574219e+00) (19, -2.41760277748107910156e+00) (20, -2.74009966850280761719e+00) (21, 1.55811858177185058594e+00) (19, 2.42196321487426757812e+00) (20, 2.74662423133850097656e+00) (21, -1.56372606754302978516e+00) 
