FANN_FLO_2.1
num_layers=4
learning_rate=0.500000
connection_rate=1.000000
network_type=0
learning_momentum=0.000000
training_algorithm=2
train_error_function=1
train_stop_function=0
cascade_output_change_fraction=0.010000
quickprop_decay=-0.000100
quickprop_mu=1.750000
rprop_increase_factor=1.200000
rprop_decrease_factor=0.500000
rprop_delta_min=0.000000
rprop_delta_max=50.000000
rprop_delta_zero=0.100000
cascade_output_stagnation_epochs=12
cascade_candidate_change_fraction=0.010000
cascade_candidate_stagnation_epochs=12
cascade_max_out_epochs=150
cascade_min_out_epochs=50
cascade_max_cand_epochs=150
cascade_min_cand_epochs=50
cascade_num_candidate_groups=2
bit_fail_limit=3.49999994039535522461e-01
cascade_candidate_limit=1.00000000000000000000e+03
cascade_weight_multiplier=4.00000005960464477539e-01
cascade_activation_functions_count=10
cascade_activation_functions=3 5 7 8 10 11 14 15 16 17 
cascade_activation_steepnesses_count=4
cascade_activation_steepnesses=2.50000000000000000000e-01 5.00000000000000000000e-01 7.50000000000000000000e-01 1.00000000000000000000e+00 
layer_sizes=10 5 3 2 
scale_included=0
neurons (num_inputs, activation_function, activation_steepness)=(0, 0, 0.00000000000000000000e+00) (0, 0, 0.00000000000000000000e+00) (0, 0, 0.00000000000000000000e+00) (0, 0, 0.00000000000000000000e+00) (0, 0, 0.00000000000000000000e+00) (0, 0, 0.00000000000000000000e+00) (0, 0, 0.00000000000000000000e+00) (0, 0, 0.00000000000000000000e+00) (0, 0, 0.00000000000000000000e+00) (0, 0, 0.00000000000000000000e+00) (10, 3, 5.00000000000000000000e-01) (10, 3, 5.00000000000000000000e-01) (10, 3, 5.00000000000000000000e-01) (10, 3, 5.00000000000000000000e-01) (0, 3, 0.00000000000000000000e+00) (5, 3, 5.00000000000000000000e-01) (5, 3, 5.00000000000000000000e-01) (0, 3, 0.00000000000000000000e+00) (3, 3, 5.00000000000000000000e-01) (0, 3, 0.00000000000000000000e+00) 
connections (connected_to_neuron, weight)=(0, -3.80317735671997070312e+00) (1, -1.56969046592712402344e+00) (2, 2.42174100130796432495e-02) (3, -4.01745349168777465820e-01) (4, 1.21064341068267822266e+00) (5, 1.44709146022796630859e+00) (6, 2.11650681495666503906e+00) (7, -2.10128116607666015625e+00) (8, -1.67287135124206542969e+00) (9, 1.53026854991912841797e+00) (0, -5.06150085449218750000e+02) (1, -3.07175506591796875000e+02) (2, -5.65901733398437500000e+02) (3, -1.49999145507812500000e+03) (4, -7.10626840591430664062e+00) (5, -7.43128490447998046875e+00) (6, 2.08371472358703613281e+00) (7, -8.58646057128906250000e+02) (8, -1.32651232910156250000e+03) (9, -7.69733369350433349609e-01) (0, -1.79131722450256347656e+00) (1, -2.40561008453369140625e+00) (2, -4.73523521423339843750e+00) (3, -1.80116641521453857422e+00) (4, 4.31115508079528808594e-01) (5, 3.14530062675476074219e+00) (6, 1.85848438739776611328e+00) (7, -2.50512433052062988281e+00) (8, -2.27697825431823730469e+00) (9, 3.98252582550048828125e+00) (0, -4.36388778686523437500e+00) (1, -8.28950583934783935547e-01) (2, -4.40794324874877929688e+00) (3, -1.16197562217712402344e+00) (4, 5.45614421367645263672e-01) (5, 1.03240036964416503906e+00) (6, 8.07507812976837158203e-01) (7, -9.95863854885101318359e-01) (8, -4.48860883712768554688e+00) (9, 9.42110240459442138672e-01) (10, 3.55462074279785156250e+00) (11, 1.50000000000000000000e+03) (12, 2.11552753448486328125e+01) (13, -6.41936111450195312500e+01) (14, -4.07427740097045898438e+00) (10, 3.82837820053100585938e+00) (11, 1.50000000000000000000e+03) (12, 2.34299068450927734375e+01) (13, -8.23484268188476562500e+01) (14, -4.54085254669189453125e+00) (15, 1.46569585800170898438e+00) (16, 1.14881384372711181641e+00) (17, -1.73681235313415527344e+00) 
