FANN_FLO_2.1
num_layers=3
learning_rate=0.400000
connection_rate=1.000000
network_type=0
learning_momentum=0.000000
training_algorithm=2
train_error_function=1
train_stop_function=0
cascade_output_change_fraction=0.010000
quickprop_decay=-0.000100
quickprop_mu=1.750000
rprop_increase_factor=1.200000
rprop_decrease_factor=0.500000
rprop_delta_min=0.000000
rprop_delta_max=50.000000
rprop_delta_zero=0.100000
cascade_output_stagnation_epochs=12
cascade_candidate_change_fraction=0.010000
cascade_candidate_stagnation_epochs=12
cascade_max_out_epochs=150
cascade_min_out_epochs=50
cascade_max_cand_epochs=150
cascade_min_cand_epochs=50
cascade_num_candidate_groups=2
bit_fail_limit=3.49999994039535522461e-01
cascade_candidate_limit=1.00000000000000000000e+03
cascade_weight_multiplier=4.00000005960464477539e-01
cascade_activation_functions_count=10
cascade_activation_functions=3 5 7 8 10 11 14 15 16 17 
cascade_activation_steepnesses_count=4
cascade_activation_steepnesses=2.50000000000000000000e-01 5.00000000000000000000e-01 7.50000000000000000000e-01 1.00000000000000000000e+00 
layer_sizes=7 9 2 
scale_included=0
neurons (num_inputs, activation_function, activation_steepness)=(0, 0, 0.00000000000000000000e+00) (0, 0, 0.00000000000000000000e+00) (0, 0, 0.00000000000000000000e+00) (0, 0, 0.00000000000000000000e+00) (0, 0, 0.00000000000000000000e+00) (0, 0, 0.00000000000000000000e+00) (0, 0, 0.00000000000000000000e+00) (7, 3, 5.00000000000000000000e-01) (7, 3, 5.00000000000000000000e-01) (7, 3, 5.00000000000000000000e-01) (7, 3, 5.00000000000000000000e-01) (7, 3, 5.00000000000000000000e-01) (7, 3, 5.00000000000000000000e-01) (7, 3, 5.00000000000000000000e-01) (7, 3, 5.00000000000000000000e-01) (0, 3, 0.00000000000000000000e+00) (9, 3, 5.00000000000000000000e-01) (0, 3, 0.00000000000000000000e+00) 
connections (connected_to_neuron, weight)=(0, -1.18661584854125976562e+01) (1, 8.42227077484130859375e+00) (2, -3.52254915237426757812e+00) (3, -1.55644905567169189453e+00) (4, 1.88373357057571411133e-01) (5, -2.08031673431396484375e+01) (6, 1.90753006935119628906e+00) (0, 2.27316627502441406250e+01) (1, -2.29269065856933593750e+01) (2, 1.37190322875976562500e+02) (3, -3.57609212398529052734e-01) (4, -3.94153976440429687500e+00) (5, -5.35097742080688476562e+00) (6, 2.67143702507019042969e+00) (0, -4.73873043060302734375e+00) (1, -1.67004871368408203125e+01) (2, -2.51100215911865234375e+01) (3, 8.05881202220916748047e-01) (4, 1.58761131763458251953e+00) (5, 5.69980812072753906250e+00) (6, 4.51888847351074218750e+00) (0, -1.02296457290649414062e+01) (1, 1.13078699111938476562e+01) (2, 3.59125304222106933594e+00) (3, -3.58256196975708007812e+00) (4, -4.00420665740966796875e+00) (5, 6.12225675582885742188e+00) (6, -2.83356934785842895508e-01) (0, 7.76927709579467773438e+00) (1, 1.71125185489654541016e+00) (2, -4.24214820861816406250e+01) (3, -1.11982803344726562500e+01) (4, -4.73788404464721679688e+00) (5, 2.54470348358154296875e+00) (6, 1.15141928195953369141e+00) (0, 2.97447466850280761719e+00) (1, 1.32313835620880126953e+00) (2, -2.39520883560180664062e+00) (3, -1.02405204772949218750e+01) (4, -1.97271311283111572266e+00) (5, -2.02160334587097167969e+00) (6, 5.35609436035156250000e+00) (0, 3.93320870399475097656e+00) (1, -2.04105138778686523438e-01) (2, -2.97955083847045898438e+00) (3, -1.80656075477600097656e+00) (4, -1.03982314467430114746e-01) (5, 1.33261859416961669922e+00) (6, -3.34006834030151367188e+00) (0, 4.97014522552490234375e-01) (1, 4.38489764928817749023e-01) (2, -1.17151613235473632812e+01) (3, -5.55340909957885742188e+00) (4, 2.44106531143188476562e+00) (5, 1.33607645034790039062e+01) (6, 2.29300332069396972656e+00) (7, -5.35580778121948242188e+00) (8, -1.68218541145324707031e+00) (9, -3.06010508537292480469e+00) (10, -1.46784675121307373047e+00) (11, -2.67810225486755371094e-01) (12, -1.81087747216224670410e-01) (13, -3.97246384620666503906e+00) (14, 1.76332485675811767578e+00) (15, 4.03239220380783081055e-01) 
