FANN_FLO_2.1
num_layers=3
learning_rate=0.400000
connection_rate=1.000000
network_type=0
learning_momentum=0.000000
training_algorithm=2
train_error_function=1
train_stop_function=0
cascade_output_change_fraction=0.010000
quickprop_decay=-0.000100
quickprop_mu=1.750000
rprop_increase_factor=1.200000
rprop_decrease_factor=0.500000
rprop_delta_min=0.000000
rprop_delta_max=50.000000
rprop_delta_zero=0.100000
cascade_output_stagnation_epochs=12
cascade_candidate_change_fraction=0.010000
cascade_candidate_stagnation_epochs=12
cascade_max_out_epochs=150
cascade_min_out_epochs=50
cascade_max_cand_epochs=150
cascade_min_cand_epochs=50
cascade_num_candidate_groups=2
bit_fail_limit=3.49999994039535522461e-01
cascade_candidate_limit=1.00000000000000000000e+03
cascade_weight_multiplier=4.00000005960464477539e-01
cascade_activation_functions_count=10
cascade_activation_functions=3 5 7 8 10 11 14 15 16 17 
cascade_activation_steepnesses_count=4
cascade_activation_steepnesses=2.50000000000000000000e-01 5.00000000000000000000e-01 7.50000000000000000000e-01 1.00000000000000000000e+00 
layer_sizes=19 3 3 
scale_included=0
neurons (num_inputs, activation_function, activation_steepness)=(0, 0, 0.00000000000000000000e+00) (0, 0, 0.00000000000000000000e+00) (0, 0, 0.00000000000000000000e+00) (0, 0, 0.00000000000000000000e+00) (0, 0, 0.00000000000000000000e+00) (0, 0, 0.00000000000000000000e+00) (0, 0, 0.00000000000000000000e+00) (0, 0, 0.00000000000000000000e+00) (0, 0, 0.00000000000000000000e+00) (0, 0, 0.00000000000000000000e+00) (0, 0, 0.00000000000000000000e+00) (0, 0, 0.00000000000000000000e+00) (0, 0, 0.00000000000000000000e+00) (0, 0, 0.00000000000000000000e+00) (0, 0, 0.00000000000000000000e+00) (0, 0, 0.00000000000000000000e+00) (0, 0, 0.00000000000000000000e+00) (0, 0, 0.00000000000000000000e+00) (0, 0, 0.00000000000000000000e+00) (19, 3, 5.00000000000000000000e-01) (19, 3, 5.00000000000000000000e-01) (0, 3, 0.00000000000000000000e+00) (3, 3, 5.00000000000000000000e-01) (3, 3, 5.00000000000000000000e-01) (0, 3, 0.00000000000000000000e+00) 
connections (connected_to_neuron, weight)=(0, 5.27359533309936523438e+00) (1, -9.82530176639556884766e-01) (2, -1.75090491771697998047e-01) (3, 8.25372028350830078125e+00) (4, 4.06248360872268676758e-01) (5, 7.60758459568023681641e-01) (6, 3.04800391197204589844e+00) (7, 1.45012891292572021484e+00) (8, -7.10755586624145507812e+00) (9, -5.65575599670410156250e+00) (10, -1.11058008670806884766e+00) (11, -1.55234193801879882812e+00) (12, -5.45575380325317382812e+00) (13, -6.71405613422393798828e-01) (14, -2.01984643936157226562e+00) (15, -5.21017360687255859375e+00) (16, -2.05473232269287109375e+00) (17, -9.81336474418640136719e-01) (18, 6.72761261463165283203e-01) (0, -1.48380899429321289062e+01) (1, 7.07779407501220703125e+00) (2, -2.55197572708129882812e+00) (3, -2.21055831909179687500e+01) (4, 1.25525295734405517578e+00) (5, -3.10552453994750976562e+00) (6, 1.47613215446472167969e+00) (7, -4.03399658203125000000e+00) (8, 2.42701873779296875000e+01) (9, 9.79059886932373046875e+00) (10, 6.60299968719482421875e+00) (11, 4.91015768051147460938e+00) (12, 6.13221502304077148438e+00) (13, 2.36360836029052734375e+00) (14, 2.46327304840087890625e+00) (15, 7.99180221557617187500e+00) (16, 1.93034923076629638672e+00) (17, 1.04602217674255371094e+00) (18, -1.58261203765869140625e+00) (19, -2.79673886299133300781e+00) (20, -2.05697560310363769531e+00) (21, 1.57938730716705322266e+00) (19, 2.81192851066589355469e+00) (20, 2.06778526306152343750e+00) (21, -1.58843719959259033203e+00) 
