FANN_FLO_2.1
num_layers=4
learning_rate=0.500000
connection_rate=1.000000
network_type=0
learning_momentum=0.000000
training_algorithm=2
train_error_function=1
train_stop_function=0
cascade_output_change_fraction=0.010000
quickprop_decay=-0.000100
quickprop_mu=1.750000
rprop_increase_factor=1.200000
rprop_decrease_factor=0.500000
rprop_delta_min=0.000000
rprop_delta_max=50.000000
rprop_delta_zero=0.100000
cascade_output_stagnation_epochs=12
cascade_candidate_change_fraction=0.010000
cascade_candidate_stagnation_epochs=12
cascade_max_out_epochs=150
cascade_min_out_epochs=50
cascade_max_cand_epochs=150
cascade_min_cand_epochs=50
cascade_num_candidate_groups=2
bit_fail_limit=3.49999994039535522461e-01
cascade_candidate_limit=1.00000000000000000000e+03
cascade_weight_multiplier=4.00000005960464477539e-01
cascade_activation_functions_count=10
cascade_activation_functions=3 5 7 8 10 11 14 15 16 17 
cascade_activation_steepnesses_count=4
cascade_activation_steepnesses=2.50000000000000000000e-01 5.00000000000000000000e-01 7.50000000000000000000e-01 1.00000000000000000000e+00 
layer_sizes=2 5 5 3 
scale_included=0
neurons (num_inputs, activation_function, activation_steepness)=(0, 0, 0.00000000000000000000e+00) (0, 0, 0.00000000000000000000e+00) (2, 3, 5.00000000000000000000e-01) (2, 3, 5.00000000000000000000e-01) (2, 3, 5.00000000000000000000e-01) (2, 3, 5.00000000000000000000e-01) (0, 3, 0.00000000000000000000e+00) (5, 3, 5.00000000000000000000e-01) (5, 3, 5.00000000000000000000e-01) (5, 3, 5.00000000000000000000e-01) (5, 3, 5.00000000000000000000e-01) (0, 3, 0.00000000000000000000e+00) (5, 0, 5.00000000000000000000e-01) (5, 0, 5.00000000000000000000e-01) (0, 0, 0.00000000000000000000e+00) 
connections (connected_to_neuron, weight)=(0, -1.88402366638183593750e+00) (1, 1.49021959304809570312e+00) (0, -1.55178995132446289062e+01) (1, 4.60646772384643554688e+00) (0, -1.49235343933105468750e+01) (1, 2.58559703826904296875e-01) (0, -1.17975893020629882812e+01) (1, 4.62334565818309783936e-02) (2, 5.34157991409301757812e-01) (3, -3.07208490371704101562e+00) (4, 3.27930879592895507812e+00) (5, 2.68744063377380371094e+00) (6, 5.58699786663055419922e-01) (2, -2.32865309715270996094e+00) (3, 7.29557037353515625000e+00) (4, 2.56929969787597656250e+01) (5, 9.64586257934570312500e+00) (6, -1.08178377151489257812e+00) (2, 1.30727934837341308594e+00) (3, -4.12137031555175781250e+00) (4, -3.28539824485778808594e+00) (5, -3.96171426773071289062e+00) (6, 2.96098542213439941406e+00) (2, -3.43186050653457641602e-01) (3, 2.00587940216064453125e+01) (4, -1.41381387710571289062e+01) (5, -1.39773817062377929688e+01) (6, -7.91040778160095214844e-01) (7, 2.41353011131286621094e+00) (8, -2.39186108112335205078e-01) (9, -1.21853697299957275391e+00) (10, -1.83803057670593261719e+00) (11, 2.07601621747016906738e-01) (7, -7.20306709408760070801e-02) (8, 9.92149531841278076172e-01) (9, -2.96753191947937011719e+00) (10, 6.91130578517913818359e-01) (11, 4.45442795753479003906e-01) 
