FANN_FLO_2.1
num_layers=3
learning_rate=0.400000
connection_rate=1.000000
network_type=0
learning_momentum=0.000000
training_algorithm=2
train_error_function=1
train_stop_function=0
cascade_output_change_fraction=0.010000
quickprop_decay=-0.000100
quickprop_mu=1.750000
rprop_increase_factor=1.200000
rprop_decrease_factor=0.500000
rprop_delta_min=0.000000
rprop_delta_max=50.000000
rprop_delta_zero=0.100000
cascade_output_stagnation_epochs=12
cascade_candidate_change_fraction=0.010000
cascade_candidate_stagnation_epochs=12
cascade_max_out_epochs=150
cascade_min_out_epochs=50
cascade_max_cand_epochs=150
cascade_min_cand_epochs=50
cascade_num_candidate_groups=2
bit_fail_limit=3.49999994039535522461e-01
cascade_candidate_limit=1.00000000000000000000e+03
cascade_weight_multiplier=4.00000005960464477539e-01
cascade_activation_functions_count=10
cascade_activation_functions=3 5 7 8 10 11 14 15 16 17 
cascade_activation_steepnesses_count=4
cascade_activation_steepnesses=2.50000000000000000000e-01 5.00000000000000000000e-01 7.50000000000000000000e-01 1.00000000000000000000e+00 
layer_sizes=7 9 2 
scale_included=0
neurons (num_inputs, activation_function, activation_steepness)=(0, 0, 0.00000000000000000000e+00) (0, 0, 0.00000000000000000000e+00) (0, 0, 0.00000000000000000000e+00) (0, 0, 0.00000000000000000000e+00) (0, 0, 0.00000000000000000000e+00) (0, 0, 0.00000000000000000000e+00) (0, 0, 0.00000000000000000000e+00) (7, 3, 5.00000000000000000000e-01) (7, 3, 5.00000000000000000000e-01) (7, 3, 5.00000000000000000000e-01) (7, 3, 5.00000000000000000000e-01) (7, 3, 5.00000000000000000000e-01) (7, 3, 5.00000000000000000000e-01) (7, 3, 5.00000000000000000000e-01) (7, 3, 5.00000000000000000000e-01) (0, 3, 0.00000000000000000000e+00) (9, 3, 5.00000000000000000000e-01) (0, 3, 0.00000000000000000000e+00) 
connections (connected_to_neuron, weight)=(0, -6.35181999206542968750e+00) (1, 6.27834320068359375000e+00) (2, -2.33888268470764160156e+00) (3, -1.92230582237243652344e+00) (4, -1.06100809574127197266e+00) (5, -5.24937391281127929688e+00) (6, -2.62747496366500854492e-01) (0, -4.99100112915039062500e+00) (1, -3.83894681930541992188e+00) (2, 2.54226932525634765625e+01) (3, -6.46963500976562500000e+00) (4, -6.78252744674682617188e+00) (5, 1.14934797286987304688e+01) (6, -5.41956841945648193359e-01) (0, 1.22590665817260742188e+01) (1, -1.26747331619262695312e+01) (2, 2.05593848228454589844e+00) (3, -2.29507780075073242188e+00) (4, -1.17234015464782714844e+00) (5, 4.07416439056396484375e+00) (6, -4.56886863708496093750e+00) (0, -5.54976642131805419922e-01) (1, 4.09849703311920166016e-01) (2, -3.95513701438903808594e+00) (3, -1.52283501625061035156e+00) (4, -6.66700482368469238281e-01) (5, 1.37386643886566162109e+00) (6, 1.58140563964843750000e+00) (0, 7.94815242290496826172e-01) (1, 3.78016948699951171875e+00) (2, -2.98971247673034667969e+00) (3, 1.52758026123046875000e+01) (4, 6.68873739242553710938e+00) (5, -1.03438854217529296875e+00) (6, -6.71451854705810546875e+00) (0, -5.82490348815917968750e+00) (1, -1.14437973499298095703e+00) (2, 1.01594791412353515625e+01) (3, 1.74723072052001953125e+01) (4, -5.77514934539794921875e+00) (5, 1.58951168060302734375e+01) (6, -2.40616106986999511719e+00) (0, -5.90705251693725585938e+00) (1, -5.73825693130493164062e+00) (2, 3.91898345947265625000e+01) (3, 1.39481897354125976562e+01) (4, 7.46259331703186035156e-01) (5, 1.21955013275146484375e+01) (6, -1.20458364486694335938e+00) (0, -2.65449523925781250000e+00) (1, -1.56809282302856445312e+00) (2, 1.86189305782318115234e+00) (3, -5.67892742156982421875e+00) (4, 8.08179092407226562500e+00) (5, -7.06849813461303710938e-01) (6, -1.60050582885742187500e+00) (7, -1.22830600738525390625e+01) (8, -6.29370450973510742188e-01) (9, -1.15041074752807617188e+01) (10, -2.49754756689071655273e-01) (11, -5.84908545017242431641e-01) (12, -4.45419967174530029297e-01) (13, -5.12896358966827392578e-01) (14, -6.83697700500488281250e-01) (15, 6.14615440368652343750e-01) 
