FANN_FLO_2.1
num_layers=3
learning_rate=0.400000
connection_rate=1.000000
network_type=0
learning_momentum=0.000000
training_algorithm=2
train_error_function=1
train_stop_function=0
cascade_output_change_fraction=0.010000
quickprop_decay=-0.000100
quickprop_mu=1.750000
rprop_increase_factor=1.200000
rprop_decrease_factor=0.500000
rprop_delta_min=0.000000
rprop_delta_max=50.000000
rprop_delta_zero=0.100000
cascade_output_stagnation_epochs=12
cascade_candidate_change_fraction=0.010000
cascade_candidate_stagnation_epochs=12
cascade_max_out_epochs=150
cascade_min_out_epochs=50
cascade_max_cand_epochs=150
cascade_min_cand_epochs=50
cascade_num_candidate_groups=2
bit_fail_limit=3.49999994039535522461e-01
cascade_candidate_limit=1.00000000000000000000e+03
cascade_weight_multiplier=4.00000005960464477539e-01
cascade_activation_functions_count=10
cascade_activation_functions=3 5 7 8 10 11 14 15 16 17 
cascade_activation_steepnesses_count=4
cascade_activation_steepnesses=2.50000000000000000000e-01 5.00000000000000000000e-01 7.50000000000000000000e-01 1.00000000000000000000e+00 
layer_sizes=7 9 2 
scale_included=0
neurons (num_inputs, activation_function, activation_steepness)=(0, 0, 0.00000000000000000000e+00) (0, 0, 0.00000000000000000000e+00) (0, 0, 0.00000000000000000000e+00) (0, 0, 0.00000000000000000000e+00) (0, 0, 0.00000000000000000000e+00) (0, 0, 0.00000000000000000000e+00) (0, 0, 0.00000000000000000000e+00) (7, 3, 5.00000000000000000000e-01) (7, 3, 5.00000000000000000000e-01) (7, 3, 5.00000000000000000000e-01) (7, 3, 5.00000000000000000000e-01) (7, 3, 5.00000000000000000000e-01) (7, 3, 5.00000000000000000000e-01) (7, 3, 5.00000000000000000000e-01) (7, 3, 5.00000000000000000000e-01) (0, 3, 0.00000000000000000000e+00) (9, 3, 5.00000000000000000000e-01) (0, 3, 0.00000000000000000000e+00) 
connections (connected_to_neuron, weight)=(0, -4.76276826858520507812e+00) (1, -6.69661700725555419922e-01) (2, 1.29041957855224609375e+01) (3, -6.71910762786865234375e-01) (4, -3.36954593658447265625e+00) (5, -2.59839367866516113281e+00) (6, 5.27224063873291015625e+00) (0, -9.60605800151824951172e-01) (1, 6.26410663127899169922e-01) (2, -6.32229471206665039062e+00) (3, -4.42531108856201171875e+00) (4, -5.27082443237304687500e-01) (5, 1.90742254257202148438e+00) (6, 2.08016306161880493164e-01) (0, 1.13682622909545898438e+01) (1, -1.16926860809326171875e+01) (2, 8.61946773529052734375e+00) (3, -5.07548093795776367188e-01) (4, -7.23193943500518798828e-01) (5, -4.19060564041137695312e+00) (6, 4.43123865127563476562e+00) (0, -3.50582569837570190430e-01) (1, -7.86214053630828857422e-01) (2, 2.10095238685607910156e+00) (3, -7.79967904090881347656e-01) (4, -5.07782101631164550781e-01) (5, -3.72703105211257934570e-01) (6, 3.30727905035018920898e-01) (0, -1.21456229686737060547e+00) (1, 8.88225317001342773438e-01) (2, 3.19905304908752441406e+00) (3, -9.37584459781646728516e-01) (4, -9.47250425815582275391e-01) (5, 5.69664776325225830078e-01) (6, 1.25973880290985107422e-01) (0, -3.50879836082458496094e+00) (1, -4.61489319801330566406e-01) (2, -1.46731109619140625000e+01) (3, -4.07940196990966796875e+00) (4, 3.88747048377990722656e+00) (5, 2.36478018760681152344e+00) (6, 7.00349330902099609375e-01) (0, -6.50944519042968750000e+00) (1, 4.08013439178466796875e+00) (2, 1.61777877807617187500e+00) (3, -2.20710682868957519531e+00) (4, -1.65098345279693603516e+00) (5, 1.49135649204254150391e+00) (6, 3.29400134086608886719e+00) (0, -7.86711645126342773438e+00) (1, 5.63192605972290039062e+00) (2, 2.65349340438842773438e+00) (3, -1.82853412628173828125e+00) (4, -1.71863341331481933594e+00) (5, 2.34782528877258300781e+00) (6, 2.61217308044433593750e+00) (7, -5.93453049659729003906e-01) (8, -6.25730931758880615234e-01) (9, -4.86484718322753906250e+00) (10, 1.02666606903076171875e+01) (11, -9.23986256122589111328e-01) (12, -1.07383275032043457031e+00) (13, -2.96054267883300781250e+00) (14, -1.81976020336151123047e+00) (15, 2.38171124458312988281e+00) 
