FANN_FLO_2.1
num_layers=3
learning_rate=0.400000
connection_rate=1.000000
network_type=0
learning_momentum=0.000000
training_algorithm=2
train_error_function=1
train_stop_function=0
cascade_output_change_fraction=0.010000
quickprop_decay=-0.000100
quickprop_mu=1.750000
rprop_increase_factor=1.200000
rprop_decrease_factor=0.500000
rprop_delta_min=0.000000
rprop_delta_max=50.000000
rprop_delta_zero=0.100000
cascade_output_stagnation_epochs=12
cascade_candidate_change_fraction=0.010000
cascade_candidate_stagnation_epochs=12
cascade_max_out_epochs=150
cascade_min_out_epochs=50
cascade_max_cand_epochs=150
cascade_min_cand_epochs=50
cascade_num_candidate_groups=2
bit_fail_limit=3.49999994039535522461e-01
cascade_candidate_limit=1.00000000000000000000e+03
cascade_weight_multiplier=4.00000005960464477539e-01
cascade_activation_functions_count=10
cascade_activation_functions=3 5 7 8 10 11 14 15 16 17 
cascade_activation_steepnesses_count=4
cascade_activation_steepnesses=2.50000000000000000000e-01 5.00000000000000000000e-01 7.50000000000000000000e-01 1.00000000000000000000e+00 
layer_sizes=7 5 2 
scale_included=0
neurons (num_inputs, activation_function, activation_steepness)=(0, 0, 0.00000000000000000000e+00) (0, 0, 0.00000000000000000000e+00) (0, 0, 0.00000000000000000000e+00) (0, 0, 0.00000000000000000000e+00) (0, 0, 0.00000000000000000000e+00) (0, 0, 0.00000000000000000000e+00) (0, 0, 0.00000000000000000000e+00) (7, 3, 5.00000000000000000000e-01) (7, 3, 5.00000000000000000000e-01) (7, 3, 5.00000000000000000000e-01) (7, 3, 5.00000000000000000000e-01) (0, 3, 0.00000000000000000000e+00) (5, 3, 5.00000000000000000000e-01) (0, 3, 0.00000000000000000000e+00) 
connections (connected_to_neuron, weight)=(0, -1.70079922676086425781e+00) (1, -1.80499196052551269531e+00) (2, -2.37440429627895355225e-02) (3, -2.73118972778320312500e+00) (4, 5.21930360794067382812e+00) (5, -2.00772476196289062500e+00) (6, -1.76087528467178344727e-01) (0, 6.87437915802001953125e+00) (1, 2.26487421989440917969e+00) (2, -3.19326567649841308594e+00) (3, -1.92222633361816406250e+01) (4, 6.48716974258422851562e+00) (5, 2.34879684448242187500e+00) (6, 7.36138200759887695312e+00) (0, 1.04941534996032714844e+00) (1, 1.20254826545715332031e+00) (2, -5.69038534164428710938e+00) (3, -5.51680660247802734375e+00) (4, 4.44713258743286132812e+00) (5, -3.91342163085937500000e+00) (6, 1.15483987331390380859e+00) (0, 2.24756884574890136719e+00) (1, 4.18216705322265625000e+00) (2, 6.06361103057861328125e+00) (3, 2.32280206680297851562e+00) (4, -4.68972492218017578125e+00) (5, -9.74445915222167968750e+00) (6, 3.24548888206481933594e+00) (7, 4.71251153945922851562e+00) (8, -1.79711151123046875000e+00) (9, -3.43968915939331054688e+00) (10, -2.01106047630310058594e+00) (11, 1.72115242481231689453e+00) 
