FANN_FLO_2.1
num_layers=3
learning_rate=0.400000
connection_rate=1.000000
network_type=0
learning_momentum=0.000000
training_algorithm=2
train_error_function=1
train_stop_function=0
cascade_output_change_fraction=0.010000
quickprop_decay=-0.000100
quickprop_mu=1.750000
rprop_increase_factor=1.200000
rprop_decrease_factor=0.500000
rprop_delta_min=0.000000
rprop_delta_max=50.000000
rprop_delta_zero=0.100000
cascade_output_stagnation_epochs=12
cascade_candidate_change_fraction=0.010000
cascade_candidate_stagnation_epochs=12
cascade_max_out_epochs=150
cascade_min_out_epochs=50
cascade_max_cand_epochs=150
cascade_min_cand_epochs=50
cascade_num_candidate_groups=2
bit_fail_limit=3.49999994039535522461e-01
cascade_candidate_limit=1.00000000000000000000e+03
cascade_weight_multiplier=4.00000005960464477539e-01
cascade_activation_functions_count=10
cascade_activation_functions=3 5 7 8 10 11 14 15 16 17 
cascade_activation_steepnesses_count=4
cascade_activation_steepnesses=2.50000000000000000000e-01 5.00000000000000000000e-01 7.50000000000000000000e-01 1.00000000000000000000e+00 
layer_sizes=7 5 2 
scale_included=0
neurons (num_inputs, activation_function, activation_steepness)=(0, 0, 0.00000000000000000000e+00) (0, 0, 0.00000000000000000000e+00) (0, 0, 0.00000000000000000000e+00) (0, 0, 0.00000000000000000000e+00) (0, 0, 0.00000000000000000000e+00) (0, 0, 0.00000000000000000000e+00) (0, 0, 0.00000000000000000000e+00) (7, 3, 5.00000000000000000000e-01) (7, 3, 5.00000000000000000000e-01) (7, 3, 5.00000000000000000000e-01) (7, 3, 5.00000000000000000000e-01) (0, 3, 0.00000000000000000000e+00) (5, 3, 5.00000000000000000000e-01) (0, 3, 0.00000000000000000000e+00) 
connections (connected_to_neuron, weight)=(0, 8.49706077575683593750e+00) (1, 3.31220602989196777344e+00) (2, 5.17081165313720703125e+00) (3, -1.99586287140846252441e-01) (4, -4.29703044891357421875e+00) (5, -2.83125114440917968750e+00) (6, -1.66901186108589172363e-01) (0, 3.01902723312377929688e+00) (1, 2.09706640243530273438e+00) (2, 1.46682012081146240234e+00) (3, -4.40393877029418945312e+00) (4, -3.52652460336685180664e-01) (5, 5.02460718154907226562e-01) (6, 1.96630346775054931641e+00) (0, -1.79294335842132568359e+00) (1, -1.04344177246093750000e+00) (2, -2.31573724746704101562e+00) (3, 3.36938261985778808594e+00) (4, 4.74686399102210998535e-02) (5, 9.24038696289062500000e+00) (6, -5.94577360153198242188e+00) (0, -1.30236721038818359375e+00) (1, -5.55349469184875488281e-01) (2, 3.14083719253540039062e+00) (3, -8.33365797996520996094e-01) (4, 4.31121969223022460938e+00) (5, -6.17108345031738281250e+00) (6, -1.72783553600311279297e+00) (7, -1.32668280601501464844e+00) (8, -2.02761578559875488281e+00) (9, 2.87916612625122070312e+00) (10, 3.80428576469421386719e+00) (11, 5.57479262351989746094e-01) 
