FANN_FLO_2.1
num_layers=4
learning_rate=0.500000
connection_rate=1.000000
network_type=0
learning_momentum=0.000000
training_algorithm=2
train_error_function=1
train_stop_function=0
cascade_output_change_fraction=0.010000
quickprop_decay=-0.000100
quickprop_mu=1.750000
rprop_increase_factor=1.200000
rprop_decrease_factor=0.500000
rprop_delta_min=0.000000
rprop_delta_max=50.000000
rprop_delta_zero=0.100000
cascade_output_stagnation_epochs=12
cascade_candidate_change_fraction=0.010000
cascade_candidate_stagnation_epochs=12
cascade_max_out_epochs=150
cascade_min_out_epochs=50
cascade_max_cand_epochs=150
cascade_min_cand_epochs=50
cascade_num_candidate_groups=2
bit_fail_limit=3.49999994039535522461e-01
cascade_candidate_limit=1.00000000000000000000e+03
cascade_weight_multiplier=4.00000005960464477539e-01
cascade_activation_functions_count=10
cascade_activation_functions=3 5 7 8 10 11 14 15 16 17 
cascade_activation_steepnesses_count=4
cascade_activation_steepnesses=2.50000000000000000000e-01 5.00000000000000000000e-01 7.50000000000000000000e-01 1.00000000000000000000e+00 
layer_sizes=10 5 3 2 
scale_included=0
neurons (num_inputs, activation_function, activation_steepness)=(0, 0, 0.00000000000000000000e+00) (0, 0, 0.00000000000000000000e+00) (0, 0, 0.00000000000000000000e+00) (0, 0, 0.00000000000000000000e+00) (0, 0, 0.00000000000000000000e+00) (0, 0, 0.00000000000000000000e+00) (0, 0, 0.00000000000000000000e+00) (0, 0, 0.00000000000000000000e+00) (0, 0, 0.00000000000000000000e+00) (0, 0, 0.00000000000000000000e+00) (10, 3, 5.00000000000000000000e-01) (10, 3, 5.00000000000000000000e-01) (10, 3, 5.00000000000000000000e-01) (10, 3, 5.00000000000000000000e-01) (0, 3, 0.00000000000000000000e+00) (5, 3, 5.00000000000000000000e-01) (5, 3, 5.00000000000000000000e-01) (0, 3, 0.00000000000000000000e+00) (3, 3, 5.00000000000000000000e-01) (0, 3, 0.00000000000000000000e+00) 
connections (connected_to_neuron, weight)=(0, 1.39026775360107421875e+01) (1, 5.96875715255737304688e+00) (2, 9.68299484252929687500e+00) (3, -2.42452735900878906250e+01) (4, 2.60988640785217285156e+00) (5, -4.03615087270736694336e-01) (6, -1.86462998390197753906e+00) (7, -8.66905212402343750000e+00) (8, -9.51026535034179687500e+00) (9, 4.88789856433868408203e-01) (0, -3.69252896308898925781e+00) (1, 5.67379713058471679688e+00) (2, 7.53814411163330078125e+00) (3, -8.91990470886230468750e+00) (4, -1.78161680698394775391e+00) (5, -1.42084151506423950195e-01) (6, 8.47800076007843017578e-01) (7, -3.76279568672180175781e+00) (8, -3.81141853332519531250e+00) (9, 2.27830314636230468750e+00) (0, -1.50000000000000000000e+03) (1, -1.50000000000000000000e+03) (2, -1.50000000000000000000e+03) (3, -1.50000000000000000000e+03) (4, -1.50000000000000000000e+03) (5, -1.50000000000000000000e+03) (6, -1.50000000000000000000e+03) (7, -1.50000000000000000000e+03) (8, -1.50000000000000000000e+03) (9, -3.42291116714477539062e+00) (0, -6.67862296104431152344e-02) (1, 8.23592662811279296875e-01) (2, -4.99086395263671875000e+02) (3, 9.06192660331726074219e-01) (4, 4.44295585155487060547e-01) (5, 7.77947530150413513184e-03) (6, 1.31243877410888671875e+01) (7, 2.31691360473632812500e+00) (8, 4.14608621597290039062e+00) (9, 6.04995498657226562500e+01) (10, -1.03334274291992187500e+01) (11, 2.52295455932617187500e+01) (12, 1.50000000000000000000e+03) (13, 1.34140529632568359375e+01) (14, -6.15431547164916992188e+00) (10, -1.44650001525878906250e+01) (11, 3.32584495544433593750e+01) (12, 1.50000000000000000000e+03) (13, 1.66195640563964843750e+01) (14, -8.74747562408447265625e+00) (15, 1.68376684188842773438e+00) (16, 8.52345466613769531250e-01) (17, -1.66198420524597167969e+00) 
