FANN_FLO_2.1
num_layers=3
learning_rate=0.400000
connection_rate=1.000000
network_type=0
learning_momentum=0.000000
training_algorithm=2
train_error_function=1
train_stop_function=0
cascade_output_change_fraction=0.010000
quickprop_decay=-0.000100
quickprop_mu=1.750000
rprop_increase_factor=1.200000
rprop_decrease_factor=0.500000
rprop_delta_min=0.000000
rprop_delta_max=50.000000
rprop_delta_zero=0.100000
cascade_output_stagnation_epochs=12
cascade_candidate_change_fraction=0.010000
cascade_candidate_stagnation_epochs=12
cascade_max_out_epochs=150
cascade_min_out_epochs=50
cascade_max_cand_epochs=150
cascade_min_cand_epochs=50
cascade_num_candidate_groups=2
bit_fail_limit=3.49999994039535522461e-01
cascade_candidate_limit=1.00000000000000000000e+03
cascade_weight_multiplier=4.00000005960464477539e-01
cascade_activation_functions_count=10
cascade_activation_functions=3 5 7 8 10 11 14 15 16 17 
cascade_activation_steepnesses_count=4
cascade_activation_steepnesses=2.50000000000000000000e-01 5.00000000000000000000e-01 7.50000000000000000000e-01 1.00000000000000000000e+00 
layer_sizes=7 9 2 
scale_included=0
neurons (num_inputs, activation_function, activation_steepness)=(0, 0, 0.00000000000000000000e+00) (0, 0, 0.00000000000000000000e+00) (0, 0, 0.00000000000000000000e+00) (0, 0, 0.00000000000000000000e+00) (0, 0, 0.00000000000000000000e+00) (0, 0, 0.00000000000000000000e+00) (0, 0, 0.00000000000000000000e+00) (7, 3, 5.00000000000000000000e-01) (7, 3, 5.00000000000000000000e-01) (7, 3, 5.00000000000000000000e-01) (7, 3, 5.00000000000000000000e-01) (7, 3, 5.00000000000000000000e-01) (7, 3, 5.00000000000000000000e-01) (7, 3, 5.00000000000000000000e-01) (7, 3, 5.00000000000000000000e-01) (0, 3, 0.00000000000000000000e+00) (9, 3, 5.00000000000000000000e-01) (0, 3, 0.00000000000000000000e+00) 
connections (connected_to_neuron, weight)=(0, -2.22706723213195800781e+00) (1, -1.96812725067138671875e+00) (2, -3.83807158470153808594e+00) (3, 2.35778212547302246094e+00) (4, 2.01190352439880371094e+00) (5, 3.30619382858276367188e+00) (6, -2.51557421684265136719e+00) (0, 2.47951328754425048828e-01) (1, -3.47374629974365234375e+00) (2, -9.89731177687644958496e-02) (3, 1.94193994998931884766e+00) (4, -5.43218755722045898438e+00) (5, 1.07799358367919921875e+01) (6, -4.52868175506591796875e+00) (0, -9.52372908592224121094e-01) (1, -9.37529981136322021484e-01) (2, -3.19715857505798339844e+00) (3, 1.11868202686309814453e+00) (4, 6.97625398635864257812e+00) (5, -2.48969388008117675781e+00) (6, -4.84010465443134307861e-02) (0, 4.60237205028533935547e-01) (1, 5.25968790054321289062e-01) (2, 1.88336726278066635132e-02) (3, -5.67627429962158203125e-01) (4, -2.15682697296142578125e+00) (5, 1.21414792537689208984e+00) (6, 4.77636367082595825195e-01) (0, -7.93541002273559570312e+00) (1, -3.02438354492187500000e+00) (2, -4.09257078170776367188e+00) (3, 2.11267614364624023438e+00) (4, 4.82913637161254882812e+00) (5, 1.26012957096099853516e+00) (6, -3.06138896942138671875e+00) (0, 3.25855851173400878906e-01) (1, 7.37569510936737060547e-01) (2, 5.91601431369781494141e-01) (3, -6.32266044616699218750e-01) (4, -2.65947008132934570312e+00) (5, 6.93358600139617919922e-01) (6, 4.65322315692901611328e-01) (0, 1.87956035137176513672e+00) (1, 1.44814026355743408203e+00) (2, -4.52919530868530273438e+00) (3, 2.53417587280273437500e+00) (4, -1.69568896293640136719e+00) (5, 4.24482345581054687500e+00) (6, 2.50340133905410766602e-01) (0, -1.61209368705749511719e+00) (1, -1.47781491279602050781e+00) (2, 5.64068174362182617188e+00) (3, 3.06643939018249511719e+00) (4, 1.43985486030578613281e+00) (5, -5.46539163589477539062e+00) (6, -2.16391611099243164062e+00) (7, 1.37359237670898437500e+00) (8, 2.74799871444702148438e+00) (9, 7.28216469287872314453e-01) (10, -1.00635182857513427734e+00) (11, 2.81379556655883789062e+00) (12, -1.86770880222320556641e+00) (13, -1.30431842803955078125e+00) (14, 1.44721555709838867188e+00) (15, -1.69525399804115295410e-01) 
