FANN_FLO_2.1
num_layers=3
learning_rate=0.500000
connection_rate=1.000000
network_type=0
learning_momentum=0.000000
training_algorithm=2
train_error_function=1
train_stop_function=0
cascade_output_change_fraction=0.010000
quickprop_decay=-0.000100
quickprop_mu=1.750000
rprop_increase_factor=1.200000
rprop_decrease_factor=0.500000
rprop_delta_min=0.000000
rprop_delta_max=50.000000
rprop_delta_zero=0.100000
cascade_output_stagnation_epochs=12
cascade_candidate_change_fraction=0.010000
cascade_candidate_stagnation_epochs=12
cascade_max_out_epochs=150
cascade_min_out_epochs=50
cascade_max_cand_epochs=150
cascade_min_cand_epochs=50
cascade_num_candidate_groups=2
bit_fail_limit=3.49999994039535522461e-01
cascade_candidate_limit=1.00000000000000000000e+03
cascade_weight_multiplier=4.00000005960464477539e-01
cascade_activation_functions_count=10
cascade_activation_functions=3 5 7 8 10 11 14 15 16 17 
cascade_activation_steepnesses_count=4
cascade_activation_steepnesses=2.50000000000000000000e-01 5.00000000000000000000e-01 7.50000000000000000000e-01 1.00000000000000000000e+00 
layer_sizes=10 5 2 
scale_included=0
neurons (num_inputs, activation_function, activation_steepness)=(0, 0, 0.00000000000000000000e+00) (0, 0, 0.00000000000000000000e+00) (0, 0, 0.00000000000000000000e+00) (0, 0, 0.00000000000000000000e+00) (0, 0, 0.00000000000000000000e+00) (0, 0, 0.00000000000000000000e+00) (0, 0, 0.00000000000000000000e+00) (0, 0, 0.00000000000000000000e+00) (0, 0, 0.00000000000000000000e+00) (0, 0, 0.00000000000000000000e+00) (10, 3, 5.00000000000000000000e-01) (10, 3, 5.00000000000000000000e-01) (10, 3, 5.00000000000000000000e-01) (10, 3, 5.00000000000000000000e-01) (0, 3, 0.00000000000000000000e+00) (5, 3, 5.00000000000000000000e-01) (0, 3, 0.00000000000000000000e+00) 
connections (connected_to_neuron, weight)=(0, -1.02918615722656250000e+03) (1, -9.20507873535156250000e+02) (2, -1.39725195312500000000e+03) (3, -1.47975329589843750000e+03) (4, -1.47874255371093750000e+03) (5, 1.50000000000000000000e+03) (6, -1.13483007812500000000e+03) (7, 1.50000000000000000000e+03) (8, 1.13003906250000000000e+02) (9, 1.89010906219482421875e+00) (0, -5.87689065933227539062e+00) (1, -3.59796881675720214844e+00) (2, 1.32100009918212890625e+01) (3, 4.15462017059326171875e-01) (4, 1.14946517944335937500e+01) (5, -8.02208805084228515625e+00) (6, 4.15661430358886718750e+00) (7, 7.90898656845092773438e+00) (8, 1.30268609523773193359e+00) (9, -1.20862178802490234375e+01) (0, -7.02800095081329345703e-01) (1, -7.43333148956298828125e+00) (2, 5.22823143005371093750e+00) (3, -1.69301664829254150391e+00) (4, -5.56260538101196289062e+00) (5, -5.34938716888427734375e+00) (6, -4.98362213373184204102e-01) (7, -6.98216676712036132812e+00) (8, 7.52330398559570312500e+00) (9, 3.95217227935791015625e+00) (0, 1.20797371864318847656e+00) (1, -3.94068217277526855469e+00) (2, 1.37050902843475341797e+00) (3, -3.43628478050231933594e+00) (4, -8.39974880218505859375e+00) (5, -4.53629398345947265625e+00) (6, 1.15331697463989257812e+00) (7, 2.67718720436096191406e+00) (8, -5.80604858696460723877e-02) (9, 3.69893050193786621094e+00) (10, 1.50000000000000000000e+03) (11, -1.13682203292846679688e+01) (12, -2.30273509025573730469e+00) (13, -7.56222057342529296875e+00) (14, 1.96552574634552001953e+00) 
