FANN_FLO_2.1
num_layers=3
learning_rate=0.400000
connection_rate=1.000000
network_type=0
learning_momentum=0.000000
training_algorithm=2
train_error_function=1
train_stop_function=0
cascade_output_change_fraction=0.010000
quickprop_decay=-0.000100
quickprop_mu=1.750000
rprop_increase_factor=1.200000
rprop_decrease_factor=0.500000
rprop_delta_min=0.000000
rprop_delta_max=50.000000
rprop_delta_zero=0.100000
cascade_output_stagnation_epochs=12
cascade_candidate_change_fraction=0.010000
cascade_candidate_stagnation_epochs=12
cascade_max_out_epochs=150
cascade_min_out_epochs=50
cascade_max_cand_epochs=150
cascade_min_cand_epochs=50
cascade_num_candidate_groups=2
bit_fail_limit=3.49999994039535522461e-01
cascade_candidate_limit=1.00000000000000000000e+03
cascade_weight_multiplier=4.00000005960464477539e-01
cascade_activation_functions_count=10
cascade_activation_functions=3 5 7 8 10 11 14 15 16 17 
cascade_activation_steepnesses_count=4
cascade_activation_steepnesses=2.50000000000000000000e-01 5.00000000000000000000e-01 7.50000000000000000000e-01 1.00000000000000000000e+00 
layer_sizes=7 9 2 
scale_included=0
neurons (num_inputs, activation_function, activation_steepness)=(0, 0, 0.00000000000000000000e+00) (0, 0, 0.00000000000000000000e+00) (0, 0, 0.00000000000000000000e+00) (0, 0, 0.00000000000000000000e+00) (0, 0, 0.00000000000000000000e+00) (0, 0, 0.00000000000000000000e+00) (0, 0, 0.00000000000000000000e+00) (7, 3, 5.00000000000000000000e-01) (7, 3, 5.00000000000000000000e-01) (7, 3, 5.00000000000000000000e-01) (7, 3, 5.00000000000000000000e-01) (7, 3, 5.00000000000000000000e-01) (7, 3, 5.00000000000000000000e-01) (7, 3, 5.00000000000000000000e-01) (7, 3, 5.00000000000000000000e-01) (0, 3, 0.00000000000000000000e+00) (9, 3, 5.00000000000000000000e-01) (0, 3, 0.00000000000000000000e+00) 
connections (connected_to_neuron, weight)=(0, 2.29766321182250976562e+00) (1, 1.35129833221435546875e+00) (2, 1.52795767784118652344e+00) (3, -3.98657941818237304688e+00) (4, 4.71378755569458007812e+00) (5, -1.19239463806152343750e+01) (6, 5.64218997955322265625e+00) (0, -6.07248592376708984375e+00) (1, 7.35754060745239257812e+00) (2, 6.90565252304077148438e+00) (3, 3.04443448781967163086e-01) (4, -2.56095433235168457031e+00) (5, -6.36327695846557617188e+00) (6, 2.48956942558288574219e+00) (0, -7.55986547470092773438e+00) (1, -2.14495682716369628906e+00) (2, -8.88303041458129882812e-01) (3, 1.91992139816284179688e+00) (4, 3.57910203933715820312e+00) (5, 1.42308938503265380859e+00) (6, -2.71471929550170898438e+00) (0, 1.96828639507293701172e+00) (1, -1.25447750091552734375e+00) (2, -2.44976735115051269531e+00) (3, 1.58144378662109375000e+00) (4, 4.70310688018798828125e+00) (5, -1.12066495418548583984e+00) (6, -1.31291165947914123535e-01) (0, 3.80320459604263305664e-01) (1, 2.09592938423156738281e+00) (2, -2.08140587806701660156e+00) (3, 1.34249126911163330078e+00) (4, 3.42441248893737792969e+00) (5, -5.64918756484985351562e-01) (6, -1.04835617542266845703e+00) (0, -3.71261149644851684570e-01) (1, -6.21078670024871826172e-01) (2, 3.86960935592651367188e+00) (3, -3.68893980979919433594e-01) (4, 4.59234714508056640625e+00) (5, -5.72770118713378906250e+00) (6, -2.90347480773925781250e+00) (0, 4.09329128265380859375e+00) (1, 1.14665365219116210938e+00) (2, -3.12088680267333984375e+00) (3, -6.07303714752197265625e+00) (4, 2.37058854103088378906e+00) (5, 6.40775203704833984375e-01) (6, 3.51741647720336914062e+00) (0, -2.73707413673400878906e+00) (1, -2.05617737770080566406e+00) (2, -9.11198794841766357422e-01) (3, 9.97811615467071533203e-01) (4, 6.03637993335723876953e-01) (5, -1.05632424354553222656e+00) (6, -9.80117738246917724609e-01) (7, -1.97734761238098144531e+00) (8, -8.94820213317871093750e-01) (9, 3.91171669960021972656e+00) (10, 9.86954987049102783203e-01) (11, 4.98581767082214355469e-01) (12, 2.86654281616210937500e+00) (13, -6.86188101768493652344e-01) (14, 6.29956543445587158203e-01) (15, -9.33242216706275939941e-02) 
