FANN_FLO_2.1
num_layers=3
learning_rate=0.500000
connection_rate=1.000000
network_type=0
learning_momentum=0.000000
training_algorithm=2
train_error_function=1
train_stop_function=0
cascade_output_change_fraction=0.010000
quickprop_decay=-0.000100
quickprop_mu=1.750000
rprop_increase_factor=1.200000
rprop_decrease_factor=0.500000
rprop_delta_min=0.000000
rprop_delta_max=50.000000
rprop_delta_zero=0.100000
cascade_output_stagnation_epochs=12
cascade_candidate_change_fraction=0.010000
cascade_candidate_stagnation_epochs=12
cascade_max_out_epochs=150
cascade_min_out_epochs=50
cascade_max_cand_epochs=150
cascade_min_cand_epochs=50
cascade_num_candidate_groups=2
bit_fail_limit=3.49999994039535522461e-01
cascade_candidate_limit=1.00000000000000000000e+03
cascade_weight_multiplier=4.00000005960464477539e-01
cascade_activation_functions_count=10
cascade_activation_functions=3 5 7 8 10 11 14 15 16 17 
cascade_activation_steepnesses_count=4
cascade_activation_steepnesses=2.50000000000000000000e-01 5.00000000000000000000e-01 7.50000000000000000000e-01 1.00000000000000000000e+00 
layer_sizes=10 3 2 
scale_included=0
neurons (num_inputs, activation_function, activation_steepness)=(0, 0, 0.00000000000000000000e+00) (0, 0, 0.00000000000000000000e+00) (0, 0, 0.00000000000000000000e+00) (0, 0, 0.00000000000000000000e+00) (0, 0, 0.00000000000000000000e+00) (0, 0, 0.00000000000000000000e+00) (0, 0, 0.00000000000000000000e+00) (0, 0, 0.00000000000000000000e+00) (0, 0, 0.00000000000000000000e+00) (0, 0, 0.00000000000000000000e+00) (10, 3, 5.00000000000000000000e-01) (10, 3, 5.00000000000000000000e-01) (0, 3, 0.00000000000000000000e+00) (3, 3, 5.00000000000000000000e-01) (0, 3, 0.00000000000000000000e+00) 
connections (connected_to_neuron, weight)=(0, 8.70949551463127136230e-02) (1, 3.45182657241821289062e-01) (2, -1.72521152496337890625e+01) (3, -4.83918476104736328125e+00) (4, 3.98712086677551269531e+00) (5, -9.73416614532470703125e+00) (6, 6.02212095260620117188e+00) (7, 1.88132691383361816406e+00) (8, 6.94809103012084960938e+00) (9, 2.40220046043395996094e+00) (0, -3.08989095687866210938e+00) (1, 2.42815709114074707031e+00) (2, 2.61845645904541015625e+01) (3, -3.84748339653015136719e-01) (4, 3.59084224700927734375e+00) (5, 7.19529056549072265625e+00) (6, -2.30164508819580078125e+01) (7, -6.01829433441162109375e+00) (8, -7.38450908660888671875e+00) (9, -1.30536520481109619141e+00) (10, 4.68095874786376953125e+00) (11, 4.59317636489868164062e+00) (12, -3.76022028923034667969e+00) 
