FANN_FLO_2.1
num_layers=3
learning_rate=0.400000
connection_rate=1.000000
network_type=0
learning_momentum=0.000000
training_algorithm=2
train_error_function=1
train_stop_function=0
cascade_output_change_fraction=0.010000
quickprop_decay=-0.000100
quickprop_mu=1.750000
rprop_increase_factor=1.200000
rprop_decrease_factor=0.500000
rprop_delta_min=0.000000
rprop_delta_max=50.000000
rprop_delta_zero=0.100000
cascade_output_stagnation_epochs=12
cascade_candidate_change_fraction=0.010000
cascade_candidate_stagnation_epochs=12
cascade_max_out_epochs=150
cascade_min_out_epochs=50
cascade_max_cand_epochs=150
cascade_min_cand_epochs=50
cascade_num_candidate_groups=2
bit_fail_limit=3.49999994039535522461e-01
cascade_candidate_limit=1.00000000000000000000e+03
cascade_weight_multiplier=4.00000005960464477539e-01
cascade_activation_functions_count=10
cascade_activation_functions=3 5 7 8 10 11 14 15 16 17 
cascade_activation_steepnesses_count=4
cascade_activation_steepnesses=2.50000000000000000000e-01 5.00000000000000000000e-01 7.50000000000000000000e-01 1.00000000000000000000e+00 
layer_sizes=7 9 2 
scale_included=0
neurons (num_inputs, activation_function, activation_steepness)=(0, 0, 0.00000000000000000000e+00) (0, 0, 0.00000000000000000000e+00) (0, 0, 0.00000000000000000000e+00) (0, 0, 0.00000000000000000000e+00) (0, 0, 0.00000000000000000000e+00) (0, 0, 0.00000000000000000000e+00) (0, 0, 0.00000000000000000000e+00) (7, 3, 5.00000000000000000000e-01) (7, 3, 5.00000000000000000000e-01) (7, 3, 5.00000000000000000000e-01) (7, 3, 5.00000000000000000000e-01) (7, 3, 5.00000000000000000000e-01) (7, 3, 5.00000000000000000000e-01) (7, 3, 5.00000000000000000000e-01) (7, 3, 5.00000000000000000000e-01) (0, 3, 0.00000000000000000000e+00) (9, 3, 5.00000000000000000000e-01) (0, 3, 0.00000000000000000000e+00) 
connections (connected_to_neuron, weight)=(0, 6.52668178081512451172e-01) (1, 6.70527219772338867188e-01) (2, 5.09445190429687500000e-01) (3, 5.69087524414062500000e+01) (4, 2.05300450325012207031e+00) (5, 6.67865335941314697266e-01) (6, 3.06455874443054199219e+00) (0, -5.24635553359985351562e+00) (1, -2.41834545135498046875e+00) (2, -2.09026217460632324219e+00) (3, 1.58268463611602783203e+00) (4, 3.83056330680847167969e+00) (5, 1.12767183780670166016e+00) (6, -2.71720552444458007812e+00) (0, -7.90188646316528320312e+00) (1, -3.69836974143981933594e+00) (2, -3.48384666442871093750e+00) (3, 3.71422886848449707031e+00) (4, 1.38738358020782470703e+00) (5, 5.62142670154571533203e-01) (6, -3.05729889869689941406e+00) (0, -5.62595510482788085938e+00) (1, -2.38381266593933105469e+00) (2, -1.66459357738494873047e+00) (3, 2.56268024444580078125e+00) (4, 3.61888074874877929688e+00) (5, 1.00313019752502441406e+00) (6, -3.40436244010925292969e+00) (0, 2.73028165102005004883e-01) (1, 3.42436552047729492188e-01) (2, 2.48386192321777343750e+00) (3, -2.50384688377380371094e+00) (4, 5.76149034500122070312e+00) (5, -1.00498542785644531250e+01) (6, -1.64096820354461669922e+00) (0, 6.52141153812408447266e-01) (1, 6.20945394039154052734e-01) (2, -6.23425102233886718750e+00) (3, -2.56672954559326171875e+00) (4, 6.08786463737487792969e-01) (5, 1.80223989486694335938e+00) (6, 4.68679380416870117188e+00) (0, 1.15606260299682617188e+00) (1, -1.76562154293060302734e+00) (2, -2.54447412490844726562e+00) (3, 2.14785003662109375000e+00) (4, 2.21826732158660888672e-01) (5, 6.05615520477294921875e+00) (6, -3.85803413391113281250e+00) (0, 9.46118450164794921875e+00) (1, 1.89575207233428955078e+00) (2, 2.05675482749938964844e+00) (3, -2.38902378082275390625e+00) (4, -1.94717264175415039062e+00) (5, -1.13822937011718750000e+00) (6, -1.53282976150512695312e+00) (7, -7.23190963268280029297e-01) (8, 1.41121685504913330078e+00) (9, 4.48665571212768554688e+00) (10, 1.03270363807678222656e+00) (11, 3.19070005416870117188e+00) (12, -1.08633971214294433594e+00) (13, 3.31177210807800292969e+00) (14, -9.01053071022033691406e-01) (15, -3.17759066820144653320e-01) 
