FANN_FLO_2.1
num_layers=4
learning_rate=0.400000
connection_rate=1.000000
network_type=0
learning_momentum=0.000000
training_algorithm=2
train_error_function=1
train_stop_function=0
cascade_output_change_fraction=0.010000
quickprop_decay=-0.000100
quickprop_mu=1.750000
rprop_increase_factor=1.200000
rprop_decrease_factor=0.500000
rprop_delta_min=0.000000
rprop_delta_max=50.000000
rprop_delta_zero=0.100000
cascade_output_stagnation_epochs=12
cascade_candidate_change_fraction=0.010000
cascade_candidate_stagnation_epochs=12
cascade_max_out_epochs=150
cascade_min_out_epochs=50
cascade_max_cand_epochs=150
cascade_min_cand_epochs=50
cascade_num_candidate_groups=2
bit_fail_limit=3.49999994039535522461e-01
cascade_candidate_limit=1.00000000000000000000e+03
cascade_weight_multiplier=4.00000005960464477539e-01
cascade_activation_functions_count=10
cascade_activation_functions=3 5 7 8 10 11 14 15 16 17 
cascade_activation_steepnesses_count=4
cascade_activation_steepnesses=2.50000000000000000000e-01 5.00000000000000000000e-01 7.50000000000000000000e-01 1.00000000000000000000e+00 
layer_sizes=7 5 3 2 
scale_included=0
neurons (num_inputs, activation_function, activation_steepness)=(0, 0, 0.00000000000000000000e+00) (0, 0, 0.00000000000000000000e+00) (0, 0, 0.00000000000000000000e+00) (0, 0, 0.00000000000000000000e+00) (0, 0, 0.00000000000000000000e+00) (0, 0, 0.00000000000000000000e+00) (0, 0, 0.00000000000000000000e+00) (7, 3, 5.00000000000000000000e-01) (7, 3, 5.00000000000000000000e-01) (7, 3, 5.00000000000000000000e-01) (7, 3, 5.00000000000000000000e-01) (0, 3, 0.00000000000000000000e+00) (5, 3, 5.00000000000000000000e-01) (5, 3, 5.00000000000000000000e-01) (0, 3, 0.00000000000000000000e+00) (3, 3, 5.00000000000000000000e-01) (0, 3, 0.00000000000000000000e+00) 
connections (connected_to_neuron, weight)=(0, 4.48722076416015625000e+00) (1, 4.50522804260253906250e+01) (2, -6.33081054687500000000e+02) (3, 2.00019439697265625000e+02) (4, 4.90232391357421875000e+01) (5, 4.82791862487792968750e+01) (6, -1.41021682739257812500e+02) (0, 1.59473190307617187500e+01) (1, -1.11414613723754882812e+01) (2, -3.03465637207031250000e+02) (3, 3.43713989257812500000e+02) (4, 1.24494132995605468750e+02) (5, -1.50000000000000000000e+03) (6, -1.97278366088867187500e+02) (0, -1.50000000000000000000e+03) (1, -1.50000000000000000000e+03) (2, -1.50000000000000000000e+03) (3, -1.50000000000000000000e+03) (4, -1.50000000000000000000e+03) (5, 1.50000000000000000000e+03) (6, 8.05729091167449951172e-01) (0, -1.50000000000000000000e+03) (1, -1.50000000000000000000e+03) (2, -1.50000000000000000000e+03) (3, -1.50000000000000000000e+03) (4, -1.50000000000000000000e+03) (5, 1.50000000000000000000e+03) (6, 3.71037769317626953125e+00) (7, -1.81640136241912841797e+00) (8, -2.38720178604125976562e+00) (9, 1.50000000000000000000e+03) (10, 1.50000000000000000000e+03) (11, 1.68641185760498046875e+00) (7, -1.78989470005035400391e+00) (8, -2.47210073471069335938e+00) (9, 1.50000000000000000000e+03) (10, 1.50000000000000000000e+03) (11, 1.25075984001159667969e+00) (12, -1.25442624092102050781e+00) (13, -1.18174970149993896484e+00) (14, -1.35317635536193847656e+00) 
