FANN_FLO_2.1
num_layers=4
learning_rate=0.500000
connection_rate=1.000000
network_type=0
learning_momentum=0.000000
training_algorithm=2
train_error_function=1
train_stop_function=0
cascade_output_change_fraction=0.010000
quickprop_decay=-0.000100
quickprop_mu=1.750000
rprop_increase_factor=1.200000
rprop_decrease_factor=0.500000
rprop_delta_min=0.000000
rprop_delta_max=50.000000
rprop_delta_zero=0.100000
cascade_output_stagnation_epochs=12
cascade_candidate_change_fraction=0.010000
cascade_candidate_stagnation_epochs=12
cascade_max_out_epochs=150
cascade_min_out_epochs=50
cascade_max_cand_epochs=150
cascade_min_cand_epochs=50
cascade_num_candidate_groups=2
bit_fail_limit=3.49999994039535522461e-01
cascade_candidate_limit=1.00000000000000000000e+03
cascade_weight_multiplier=4.00000005960464477539e-01
cascade_activation_functions_count=10
cascade_activation_functions=3 5 7 8 10 11 14 15 16 17 
cascade_activation_steepnesses_count=4
cascade_activation_steepnesses=2.50000000000000000000e-01 5.00000000000000000000e-01 7.50000000000000000000e-01 1.00000000000000000000e+00 
layer_sizes=10 3 3 2 
scale_included=0
neurons (num_inputs, activation_function, activation_steepness)=(0, 0, 0.00000000000000000000e+00) (0, 0, 0.00000000000000000000e+00) (0, 0, 0.00000000000000000000e+00) (0, 0, 0.00000000000000000000e+00) (0, 0, 0.00000000000000000000e+00) (0, 0, 0.00000000000000000000e+00) (0, 0, 0.00000000000000000000e+00) (0, 0, 0.00000000000000000000e+00) (0, 0, 0.00000000000000000000e+00) (0, 0, 0.00000000000000000000e+00) (10, 3, 5.00000000000000000000e-01) (10, 3, 5.00000000000000000000e-01) (0, 3, 0.00000000000000000000e+00) (3, 3, 5.00000000000000000000e-01) (3, 3, 5.00000000000000000000e-01) (0, 3, 0.00000000000000000000e+00) (3, 3, 5.00000000000000000000e-01) (0, 3, 0.00000000000000000000e+00) 
connections (connected_to_neuron, weight)=(0, 3.51757788658142089844e+00) (1, 1.36230497360229492188e+01) (2, -4.34235095977783203125e+00) (3, -4.52264165878295898438e+00) (4, 3.41471004486083984375e+00) (5, -2.36789450049400329590e-01) (6, 3.66013312339782714844e+00) (7, -3.39826416969299316406e+00) (8, -8.68177223205566406250e+00) (9, -5.12400031089782714844e-01) (0, 3.76648635864257812500e+01) (1, 1.91983013153076171875e+01) (2, 4.28278007507324218750e+01) (3, -4.10930585861206054688e+00) (4, -2.42789287567138671875e+01) (5, -1.59169566631317138672e+00) (6, -6.30356369018554687500e+01) (7, 1.42572566866874694824e-01) (8, -1.92666568756103515625e+01) (9, 8.68665027618408203125e+00) (10, 1.62110691070556640625e+01) (11, -1.31089706420898437500e+01) (12, 4.71533298492431640625e+00) (10, 1.66463394165039062500e+01) (11, -1.39808139801025390625e+01) (12, 5.39217042922973632812e+00) (13, 1.26014423370361328125e+00) (14, 1.25055634975433349609e+00) (15, -1.63877046108245849609e+00) 
