FANN_FLO_2.1
num_layers=3
learning_rate=0.400000
connection_rate=1.000000
network_type=0
learning_momentum=0.000000
training_algorithm=2
train_error_function=1
train_stop_function=0
cascade_output_change_fraction=0.010000
quickprop_decay=-0.000100
quickprop_mu=1.750000
rprop_increase_factor=1.200000
rprop_decrease_factor=0.500000
rprop_delta_min=0.000000
rprop_delta_max=50.000000
rprop_delta_zero=0.100000
cascade_output_stagnation_epochs=12
cascade_candidate_change_fraction=0.010000
cascade_candidate_stagnation_epochs=12
cascade_max_out_epochs=150
cascade_min_out_epochs=50
cascade_max_cand_epochs=150
cascade_min_cand_epochs=50
cascade_num_candidate_groups=2
bit_fail_limit=3.49999994039535522461e-01
cascade_candidate_limit=1.00000000000000000000e+03
cascade_weight_multiplier=4.00000005960464477539e-01
cascade_activation_functions_count=10
cascade_activation_functions=3 5 7 8 10 11 14 15 16 17 
cascade_activation_steepnesses_count=4
cascade_activation_steepnesses=2.50000000000000000000e-01 5.00000000000000000000e-01 7.50000000000000000000e-01 1.00000000000000000000e+00 
layer_sizes=19 3 3 
scale_included=0
neurons (num_inputs, activation_function, activation_steepness)=(0, 0, 0.00000000000000000000e+00) (0, 0, 0.00000000000000000000e+00) (0, 0, 0.00000000000000000000e+00) (0, 0, 0.00000000000000000000e+00) (0, 0, 0.00000000000000000000e+00) (0, 0, 0.00000000000000000000e+00) (0, 0, 0.00000000000000000000e+00) (0, 0, 0.00000000000000000000e+00) (0, 0, 0.00000000000000000000e+00) (0, 0, 0.00000000000000000000e+00) (0, 0, 0.00000000000000000000e+00) (0, 0, 0.00000000000000000000e+00) (0, 0, 0.00000000000000000000e+00) (0, 0, 0.00000000000000000000e+00) (0, 0, 0.00000000000000000000e+00) (0, 0, 0.00000000000000000000e+00) (0, 0, 0.00000000000000000000e+00) (0, 0, 0.00000000000000000000e+00) (0, 0, 0.00000000000000000000e+00) (19, 3, 5.00000000000000000000e-01) (19, 3, 5.00000000000000000000e-01) (0, 3, 0.00000000000000000000e+00) (3, 3, 5.00000000000000000000e-01) (3, 3, 5.00000000000000000000e-01) (0, 3, 0.00000000000000000000e+00) 
connections (connected_to_neuron, weight)=(0, 9.62739086151123046875e+00) (1, -4.47431230545043945312e+00) (2, -1.97732448577880859375e-01) (3, 6.78986835479736328125e+00) (4, -5.47708463668823242188e+00) (5, -2.53751993179321289062e-01) (6, 7.34391403198242187500e+00) (7, -2.99092245101928710938e+00) (8, -8.41319113969802856445e-02) (9, -1.07103824615478515625e+01) (10, 7.62525606155395507812e+00) (11, -4.22615051269531250000e+00) (12, -7.72929334640502929688e+00) (13, 3.08498454093933105469e+00) (14, 1.24925065040588378906e+00) (15, -5.93189096450805664062e+00) (16, 2.80203199386596679688e+00) (17, -2.28117331862449645996e-01) (18, -2.37568092346191406250e+00) (0, -4.25696754455566406250e+00) (1, 2.20011878013610839844e+00) (2, -2.10075044631958007812e+00) (3, -6.08908128738403320312e+00) (4, 1.06702911853790283203e+00) (5, 1.93853348493576049805e-01) (6, -3.89329195022583007812e+00) (7, 2.39733651280403137207e-01) (8, 1.33597564697265625000e+00) (9, 5.64951705932617187500e+00) (10, -3.02703428268432617188e+00) (11, 1.15583264827728271484e+00) (12, 4.08915662765502929688e+00) (13, -3.00116229057312011719e+00) (14, 1.27455294132232666016e+00) (15, 6.72235250473022460938e+00) (16, -2.28893041610717773438e+00) (17, 1.82320713996887207031e+00) (18, -4.21573638916015625000e+00) (19, -1.16160631179809570312e+00) (20, -1.51513075828552246094e+00) (21, 1.08191050589084625244e-01) (19, 1.16204249858856201172e+00) (20, 1.51420378684997558594e+00) (21, -1.07792086899280548096e-01) 
