FANN_FLO_2.1
num_layers=3
learning_rate=0.500000
connection_rate=1.000000
network_type=0
learning_momentum=0.000000
training_algorithm=2
train_error_function=1
train_stop_function=0
cascade_output_change_fraction=0.010000
quickprop_decay=-0.000100
quickprop_mu=1.750000
rprop_increase_factor=1.200000
rprop_decrease_factor=0.500000
rprop_delta_min=0.000000
rprop_delta_max=50.000000
rprop_delta_zero=0.100000
cascade_output_stagnation_epochs=12
cascade_candidate_change_fraction=0.010000
cascade_candidate_stagnation_epochs=12
cascade_max_out_epochs=150
cascade_min_out_epochs=50
cascade_max_cand_epochs=150
cascade_min_cand_epochs=50
cascade_num_candidate_groups=2
bit_fail_limit=3.49999994039535522461e-01
cascade_candidate_limit=1.00000000000000000000e+03
cascade_weight_multiplier=4.00000005960464477539e-01
cascade_activation_functions_count=10
cascade_activation_functions=3 5 7 8 10 11 14 15 16 17 
cascade_activation_steepnesses_count=4
cascade_activation_steepnesses=2.50000000000000000000e-01 5.00000000000000000000e-01 7.50000000000000000000e-01 1.00000000000000000000e+00 
layer_sizes=10 5 2 
scale_included=0
neurons (num_inputs, activation_function, activation_steepness)=(0, 0, 0.00000000000000000000e+00) (0, 0, 0.00000000000000000000e+00) (0, 0, 0.00000000000000000000e+00) (0, 0, 0.00000000000000000000e+00) (0, 0, 0.00000000000000000000e+00) (0, 0, 0.00000000000000000000e+00) (0, 0, 0.00000000000000000000e+00) (0, 0, 0.00000000000000000000e+00) (0, 0, 0.00000000000000000000e+00) (0, 0, 0.00000000000000000000e+00) (10, 3, 5.00000000000000000000e-01) (10, 3, 5.00000000000000000000e-01) (10, 3, 5.00000000000000000000e-01) (10, 3, 5.00000000000000000000e-01) (0, 3, 0.00000000000000000000e+00) (5, 3, 5.00000000000000000000e-01) (0, 3, 0.00000000000000000000e+00) 
connections (connected_to_neuron, weight)=(0, 8.89556598663330078125e+00) (1, 9.63639926910400390625e+00) (2, 6.81318283081054687500e+00) (3, 1.74975171685218811035e-01) (4, 7.63994395732879638672e-01) (5, 7.50046730041503906250e+00) (6, -1.08570632934570312500e+01) (7, -2.47178387641906738281e+00) (8, -2.62290210723876953125e+01) (9, -4.88588541746139526367e-01) (0, 2.67402267456054687500e+01) (1, -2.36035799980163574219e+00) (2, -3.42448043823242187500e+00) (3, 1.30335736274719238281e+00) (4, -1.33139467239379882812e+00) (5, -3.51472163200378417969e+00) (6, -7.39260911941528320312e+00) (7, 3.57654309272766113281e+00) (8, -1.09817562103271484375e+01) (9, 1.77784061431884765625e+00) (0, -2.55205011367797851562e+00) (1, 1.45534849166870117188e+00) (2, 9.96283435821533203125e+00) (3, -1.73682940006256103516e+00) (4, 9.88609910011291503906e-01) (5, 1.45268449783325195312e+01) (6, -5.86925363540649414062e+00) (7, 7.33273220062255859375e+00) (8, -2.48368511199951171875e+01) (9, 3.93254905939102172852e-01) (0, 4.19028073549270629883e-01) (1, 9.62423756718635559082e-02) (2, -4.77054405212402343750e+00) (3, -1.65052247047424316406e+00) (4, -7.63181638717651367188e+00) (5, -1.58280956745147705078e+00) (6, 5.78724563121795654297e-01) (7, 2.75043368339538574219e+00) (8, 8.53720128536224365234e-01) (9, 1.20879220962524414062e+00) (10, 3.33630967140197753906e+00) (11, -2.04290103912353515625e+00) (12, -1.51126730442047119141e+00) (13, -4.78103303909301757812e+00) (14, 1.20863842964172363281e+00) 
