FANN_FLO_2.1
num_layers=4
learning_rate=0.400000
connection_rate=1.000000
network_type=0
learning_momentum=0.000000
training_algorithm=2
train_error_function=1
train_stop_function=0
cascade_output_change_fraction=0.010000
quickprop_decay=-0.000100
quickprop_mu=1.750000
rprop_increase_factor=1.200000
rprop_decrease_factor=0.500000
rprop_delta_min=0.000000
rprop_delta_max=50.000000
rprop_delta_zero=0.100000
cascade_output_stagnation_epochs=12
cascade_candidate_change_fraction=0.010000
cascade_candidate_stagnation_epochs=12
cascade_max_out_epochs=150
cascade_min_out_epochs=50
cascade_max_cand_epochs=150
cascade_min_cand_epochs=50
cascade_num_candidate_groups=2
bit_fail_limit=3.49999994039535522461e-01
cascade_candidate_limit=1.00000000000000000000e+03
cascade_weight_multiplier=4.00000005960464477539e-01
cascade_activation_functions_count=10
cascade_activation_functions=3 5 7 8 10 11 14 15 16 17 
cascade_activation_steepnesses_count=4
cascade_activation_steepnesses=2.50000000000000000000e-01 5.00000000000000000000e-01 7.50000000000000000000e-01 1.00000000000000000000e+00 
layer_sizes=7 5 5 2 
scale_included=0
neurons (num_inputs, activation_function, activation_steepness)=(0, 0, 0.00000000000000000000e+00) (0, 0, 0.00000000000000000000e+00) (0, 0, 0.00000000000000000000e+00) (0, 0, 0.00000000000000000000e+00) (0, 0, 0.00000000000000000000e+00) (0, 0, 0.00000000000000000000e+00) (0, 0, 0.00000000000000000000e+00) (7, 3, 5.00000000000000000000e-01) (7, 3, 5.00000000000000000000e-01) (7, 3, 5.00000000000000000000e-01) (7, 3, 5.00000000000000000000e-01) (0, 3, 0.00000000000000000000e+00) (5, 3, 5.00000000000000000000e-01) (5, 3, 5.00000000000000000000e-01) (5, 3, 5.00000000000000000000e-01) (5, 3, 5.00000000000000000000e-01) (0, 3, 0.00000000000000000000e+00) (5, 3, 5.00000000000000000000e-01) (0, 3, 0.00000000000000000000e+00) 
connections (connected_to_neuron, weight)=(0, -5.39936351776123046875e+00) (1, 4.86849069595336914062e+00) (2, -3.89786577224731445312e+00) (3, -9.00800168514251708984e-01) (4, -5.20200967788696289062e-01) (5, -5.02601861953735351562e+00) (6, 3.11759650707244873047e-01) (0, -1.35876611328125000000e+03) (1, -1.49929882812500000000e+03) (2, -1.48486132812500000000e+03) (3, -1.34843518066406250000e+03) (4, -1.34598889160156250000e+03) (5, 1.40654248046875000000e+03) (6, -2.93464511632919311523e-01) (0, 6.63212585449218750000e+00) (1, -9.89081287384033203125e+00) (2, -1.80525076389312744141e+00) (3, -6.93120336532592773438e+00) (4, -1.47396242618560791016e+00) (5, 4.47660017013549804688e+00) (6, -9.66959834098815917969e-01) (0, -8.85941390991210937500e+01) (1, -2.63077819824218750000e+02) (2, 2.87604125976562500000e+02) (3, -1.42090881347656250000e+03) (4, -3.51776428222656250000e+02) (5, 1.31169628906250000000e+03) (6, 1.52714908123016357422e+00) (7, 1.30159263610839843750e+01) (8, 1.50000000000000000000e+03) (9, 1.49604077148437500000e+03) (10, 7.06253967285156250000e+01) (11, -3.08736371994018554688e+00) (7, 6.51575851440429687500e+00) (8, 1.50000000000000000000e+03) (9, 2.04487013816833496094e+00) (10, 4.00111770629882812500e+00) (11, -2.60088229179382324219e+00) (7, 7.10901260375976562500e+00) (8, 1.50000000000000000000e+03) (9, 2.49595794677734375000e+01) (10, -3.61837670207023620605e-02) (11, -2.11998009681701660156e+00) (7, 1.06946582794189453125e+01) (8, 1.50000000000000000000e+03) (9, 4.82509946823120117188e+00) (10, 1.42817521095275878906e+00) (11, -4.84261274337768554688e+00) (12, -1.09811234474182128906e+00) (13, -8.63739907741546630859e-01) (14, -8.87502908706665039062e-01) (15, -2.71503686904907226562e+00) (16, -2.84605413675308227539e-01) 
