FANN_FLO_2.1
num_layers=3
learning_rate=0.400000
connection_rate=1.000000
network_type=0
learning_momentum=0.000000
training_algorithm=2
train_error_function=1
train_stop_function=0
cascade_output_change_fraction=0.010000
quickprop_decay=-0.000100
quickprop_mu=1.750000
rprop_increase_factor=1.200000
rprop_decrease_factor=0.500000
rprop_delta_min=0.000000
rprop_delta_max=50.000000
rprop_delta_zero=0.100000
cascade_output_stagnation_epochs=12
cascade_candidate_change_fraction=0.010000
cascade_candidate_stagnation_epochs=12
cascade_max_out_epochs=150
cascade_min_out_epochs=50
cascade_max_cand_epochs=150
cascade_min_cand_epochs=50
cascade_num_candidate_groups=2
bit_fail_limit=3.49999994039535522461e-01
cascade_candidate_limit=1.00000000000000000000e+03
cascade_weight_multiplier=4.00000005960464477539e-01
cascade_activation_functions_count=10
cascade_activation_functions=3 5 7 8 10 11 14 15 16 17 
cascade_activation_steepnesses_count=4
cascade_activation_steepnesses=2.50000000000000000000e-01 5.00000000000000000000e-01 7.50000000000000000000e-01 1.00000000000000000000e+00 
layer_sizes=19 3 3 
scale_included=0
neurons (num_inputs, activation_function, activation_steepness)=(0, 0, 0.00000000000000000000e+00) (0, 0, 0.00000000000000000000e+00) (0, 0, 0.00000000000000000000e+00) (0, 0, 0.00000000000000000000e+00) (0, 0, 0.00000000000000000000e+00) (0, 0, 0.00000000000000000000e+00) (0, 0, 0.00000000000000000000e+00) (0, 0, 0.00000000000000000000e+00) (0, 0, 0.00000000000000000000e+00) (0, 0, 0.00000000000000000000e+00) (0, 0, 0.00000000000000000000e+00) (0, 0, 0.00000000000000000000e+00) (0, 0, 0.00000000000000000000e+00) (0, 0, 0.00000000000000000000e+00) (0, 0, 0.00000000000000000000e+00) (0, 0, 0.00000000000000000000e+00) (0, 0, 0.00000000000000000000e+00) (0, 0, 0.00000000000000000000e+00) (0, 0, 0.00000000000000000000e+00) (19, 3, 5.00000000000000000000e-01) (19, 3, 5.00000000000000000000e-01) (0, 3, 0.00000000000000000000e+00) (3, 3, 5.00000000000000000000e-01) (3, 3, 5.00000000000000000000e-01) (0, 3, 0.00000000000000000000e+00) 
connections (connected_to_neuron, weight)=(0, -5.97263395786285400391e-01) (1, 1.16457152366638183594e+00) (2, -5.57204627990722656250e+00) (3, -7.22127616405487060547e-01) (4, 7.22601747512817382812e+00) (5, -9.19643211364746093750e+00) (6, -2.15233182907104492188e+00) (7, 3.40256929397583007812e+00) (8, -3.36666750907897949219e+00) (9, 1.77858603000640869141e+00) (10, -3.61530447006225585938e+00) (11, 3.83162260055541992188e+00) (12, -3.93626093864440917969e-01) (13, -1.44140374660491943359e+00) (14, 6.05781126022338867188e+00) (15, -2.06557407975196838379e-01) (16, -7.04433012008666992188e+00) (17, 4.73158359527587890625e+00) (18, 1.67213845252990722656e+00) (0, -2.16361850500106811523e-01) (1, -1.39686214923858642578e+00) (2, 4.27451324462890625000e+00) (3, 6.59185200929641723633e-02) (4, -5.18012619018554687500e+00) (5, 7.16099166870117187500e+00) (6, 1.52260398864746093750e+00) (7, -2.79527378082275390625e+00) (8, 2.64122509956359863281e+00) (9, -1.35527718067169189453e+00) (10, 3.01008605957031250000e+00) (11, -4.29841566085815429688e+00) (12, -3.99396777153015136719e-01) (13, 1.41546440124511718750e+00) (14, -4.51650619506835937500e+00) (15, -1.02502095699310302734e+00) (16, 4.26612186431884765625e+00) (17, -3.71216988563537597656e+00) (18, -1.14983117580413818359e+00) (19, -1.90759634971618652344e+00) (20, -2.03322505950927734375e+00) (21, 1.04958248138427734375e+00) (19, 1.90687870979309082031e+00) (20, 2.02800297737121582031e+00) (21, -1.04693746566772460938e+00) 
