FANN_FLO_2.1
num_layers=3
learning_rate=0.400000
connection_rate=1.000000
network_type=0
learning_momentum=0.000000
training_algorithm=2
train_error_function=1
train_stop_function=0
cascade_output_change_fraction=0.010000
quickprop_decay=-0.000100
quickprop_mu=1.750000
rprop_increase_factor=1.200000
rprop_decrease_factor=0.500000
rprop_delta_min=0.000000
rprop_delta_max=50.000000
rprop_delta_zero=0.100000
cascade_output_stagnation_epochs=12
cascade_candidate_change_fraction=0.010000
cascade_candidate_stagnation_epochs=12
cascade_max_out_epochs=150
cascade_min_out_epochs=50
cascade_max_cand_epochs=150
cascade_min_cand_epochs=50
cascade_num_candidate_groups=2
bit_fail_limit=3.49999994039535522461e-01
cascade_candidate_limit=1.00000000000000000000e+03
cascade_weight_multiplier=4.00000005960464477539e-01
cascade_activation_functions_count=10
cascade_activation_functions=3 5 7 8 10 11 14 15 16 17 
cascade_activation_steepnesses_count=4
cascade_activation_steepnesses=2.50000000000000000000e-01 5.00000000000000000000e-01 7.50000000000000000000e-01 1.00000000000000000000e+00 
layer_sizes=7 9 2 
scale_included=0
neurons (num_inputs, activation_function, activation_steepness)=(0, 0, 0.00000000000000000000e+00) (0, 0, 0.00000000000000000000e+00) (0, 0, 0.00000000000000000000e+00) (0, 0, 0.00000000000000000000e+00) (0, 0, 0.00000000000000000000e+00) (0, 0, 0.00000000000000000000e+00) (0, 0, 0.00000000000000000000e+00) (7, 3, 5.00000000000000000000e-01) (7, 3, 5.00000000000000000000e-01) (7, 3, 5.00000000000000000000e-01) (7, 3, 5.00000000000000000000e-01) (7, 3, 5.00000000000000000000e-01) (7, 3, 5.00000000000000000000e-01) (7, 3, 5.00000000000000000000e-01) (7, 3, 5.00000000000000000000e-01) (0, 3, 0.00000000000000000000e+00) (9, 3, 5.00000000000000000000e-01) (0, 3, 0.00000000000000000000e+00) 
connections (connected_to_neuron, weight)=(0, 9.30319540202617645264e-03) (1, 2.06926316022872924805e-02) (2, 1.50184173583984375000e+01) (3, -4.99307298660278320312e+00) (4, 3.46694976091384887695e-01) (5, 8.49684715270996093750e-01) (6, -4.50061053037643432617e-01) (0, 3.12077645212411880493e-02) (1, 3.66570782661437988281e+00) (2, -8.93737697601318359375e+00) (3, -7.68245983123779296875e+00) (4, 3.55786263942718505859e-01) (5, -4.45766419172286987305e-01) (6, -1.08625423908233642578e+00) (0, -3.51488709449768066406e+00) (1, 3.22444796562194824219e+00) (2, -1.68861274719238281250e+01) (3, 2.70380544662475585938e+00) (4, -6.70117664337158203125e+00) (5, -3.06044244766235351562e+00) (6, 3.53930771350860595703e-01) (0, -1.19171333312988281250e+00) (1, 5.59746086597442626953e-01) (2, -1.66514892578125000000e+01) (3, -4.99841737747192382812e+00) (4, 2.27561616897583007812e+00) (5, -6.34229540824890136719e-01) (6, -2.82193154096603393555e-01) (0, -9.55569744110107421875e+00) (1, -2.96041750907897949219e+00) (2, 3.06216602325439453125e+01) (3, -7.59803175926208496094e-01) (4, -2.50807547569274902344e+00) (5, 4.41970920562744140625e+00) (6, 8.21339225769042968750e+00) (0, 1.59139852523803710938e+01) (1, -1.79379749298095703125e+01) (2, 5.33872175216674804688e+00) (3, -2.73776531219482421875e+00) (4, -9.12738382816314697266e-01) (5, -6.72506523132324218750e+00) (6, 8.86324119567871093750e+00) (0, 7.91105985641479492188e-01) (1, 6.86015367507934570312e-01) (2, -5.14798879623413085938e-01) (3, -6.53626203536987304688e+00) (4, 1.83591818809509277344e+00) (5, 1.25370919704437255859e+00) (6, -3.17585539817810058594e+00) (0, -1.31090326309204101562e+01) (1, 1.34950971603393554688e+01) (2, -3.26091647148132324219e+00) (3, -2.89409399032592773438e+00) (4, -8.71765792369842529297e-01) (5, 4.92966318130493164062e+00) (6, 5.02093017101287841797e-01) (7, 5.98241806030273437500e-01) (8, -5.66482722759246826172e-01) (9, -1.37487912178039550781e+00) (10, -1.98718309402465820312e-01) (11, -1.07128441333770751953e+00) (12, -3.15887331962585449219e+00) (13, -1.36820304393768310547e+00) (14, -2.84950637817382812500e+00) (15, 2.19975948333740234375e+00) 
