FANN_FLO_2.1
num_layers=4
learning_rate=0.400000
connection_rate=1.000000
network_type=0
learning_momentum=0.000000
training_algorithm=2
train_error_function=1
train_stop_function=0
cascade_output_change_fraction=0.010000
quickprop_decay=-0.000100
quickprop_mu=1.750000
rprop_increase_factor=1.200000
rprop_decrease_factor=0.500000
rprop_delta_min=0.000000
rprop_delta_max=50.000000
rprop_delta_zero=0.100000
cascade_output_stagnation_epochs=12
cascade_candidate_change_fraction=0.010000
cascade_candidate_stagnation_epochs=12
cascade_max_out_epochs=150
cascade_min_out_epochs=50
cascade_max_cand_epochs=150
cascade_min_cand_epochs=50
cascade_num_candidate_groups=2
bit_fail_limit=3.49999994039535522461e-01
cascade_candidate_limit=1.00000000000000000000e+03
cascade_weight_multiplier=4.00000005960464477539e-01
cascade_activation_functions_count=10
cascade_activation_functions=3 5 7 8 10 11 14 15 16 17 
cascade_activation_steepnesses_count=4
cascade_activation_steepnesses=2.50000000000000000000e-01 5.00000000000000000000e-01 7.50000000000000000000e-01 1.00000000000000000000e+00 
layer_sizes=7 5 3 2 
scale_included=0
neurons (num_inputs, activation_function, activation_steepness)=(0, 0, 0.00000000000000000000e+00) (0, 0, 0.00000000000000000000e+00) (0, 0, 0.00000000000000000000e+00) (0, 0, 0.00000000000000000000e+00) (0, 0, 0.00000000000000000000e+00) (0, 0, 0.00000000000000000000e+00) (0, 0, 0.00000000000000000000e+00) (7, 3, 5.00000000000000000000e-01) (7, 3, 5.00000000000000000000e-01) (7, 3, 5.00000000000000000000e-01) (7, 3, 5.00000000000000000000e-01) (0, 3, 0.00000000000000000000e+00) (5, 3, 5.00000000000000000000e-01) (5, 3, 5.00000000000000000000e-01) (0, 3, 0.00000000000000000000e+00) (3, 3, 5.00000000000000000000e-01) (0, 3, 0.00000000000000000000e+00) 
connections (connected_to_neuron, weight)=(0, -1.00649271011352539062e+01) (1, 3.60340881347656250000e+00) (2, 2.38211369514465332031e+00) (3, -5.72166156768798828125e+00) (4, -2.49041843414306640625e+00) (5, -1.25749874114990234375e+00) (6, 4.82429075241088867188e+00) (0, -8.76395130157470703125e+00) (1, 6.57774353027343750000e+00) (2, -1.09417450428009033203e+00) (3, -1.65409898757934570312e+00) (4, -1.33111369609832763672e+00) (5, -2.68823027610778808594e+00) (6, 8.09446990489959716797e-01) (0, -1.53720939159393310547e+00) (1, 1.37667882442474365234e+00) (2, -5.85256671905517578125e+00) (3, -9.13937854766845703125e+00) (4, 2.95282053947448730469e+00) (5, 8.17851722240447998047e-01) (6, -2.28932350873947143555e-01) (0, 6.25108432769775390625e+00) (1, -7.41686916351318359375e+00) (2, 2.80182075500488281250e+00) (3, -9.88790571689605712891e-01) (4, -9.08629834651947021484e-01) (5, 2.59155631065368652344e+00) (6, -2.06854414939880371094e+00) (7, -7.46064424514770507812e-01) (8, 1.26750068664550781250e+01) (9, 2.49410986900329589844e+00) (10, 1.15097923278808593750e+01) (11, -7.40013790130615234375e+00) (7, -3.75191664695739746094e+00) (8, 1.25366315841674804688e+01) (9, 7.66348361968994140625e-01) (10, 5.09747934341430664062e+00) (11, -2.05698776245117187500e+00) (12, -7.21866512298583984375e+00) (13, -6.28338146209716796875e+00) (14, -2.55085021257400512695e-01) 
