FANN_FLO_2.1
num_layers=4
learning_rate=0.400000
connection_rate=1.000000
network_type=0
learning_momentum=0.000000
training_algorithm=2
train_error_function=1
train_stop_function=0
cascade_output_change_fraction=0.010000
quickprop_decay=-0.000100
quickprop_mu=1.750000
rprop_increase_factor=1.200000
rprop_decrease_factor=0.500000
rprop_delta_min=0.000000
rprop_delta_max=50.000000
rprop_delta_zero=0.100000
cascade_output_stagnation_epochs=12
cascade_candidate_change_fraction=0.010000
cascade_candidate_stagnation_epochs=12
cascade_max_out_epochs=150
cascade_min_out_epochs=50
cascade_max_cand_epochs=150
cascade_min_cand_epochs=50
cascade_num_candidate_groups=2
bit_fail_limit=3.49999994039535522461e-01
cascade_candidate_limit=1.00000000000000000000e+03
cascade_weight_multiplier=4.00000005960464477539e-01
cascade_activation_functions_count=10
cascade_activation_functions=3 5 7 8 10 11 14 15 16 17 
cascade_activation_steepnesses_count=4
cascade_activation_steepnesses=2.50000000000000000000e-01 5.00000000000000000000e-01 7.50000000000000000000e-01 1.00000000000000000000e+00 
layer_sizes=7 5 5 2 
scale_included=0
neurons (num_inputs, activation_function, activation_steepness)=(0, 0, 0.00000000000000000000e+00) (0, 0, 0.00000000000000000000e+00) (0, 0, 0.00000000000000000000e+00) (0, 0, 0.00000000000000000000e+00) (0, 0, 0.00000000000000000000e+00) (0, 0, 0.00000000000000000000e+00) (0, 0, 0.00000000000000000000e+00) (7, 3, 5.00000000000000000000e-01) (7, 3, 5.00000000000000000000e-01) (7, 3, 5.00000000000000000000e-01) (7, 3, 5.00000000000000000000e-01) (0, 3, 0.00000000000000000000e+00) (5, 3, 5.00000000000000000000e-01) (5, 3, 5.00000000000000000000e-01) (5, 3, 5.00000000000000000000e-01) (5, 3, 5.00000000000000000000e-01) (0, 3, 0.00000000000000000000e+00) (5, 3, 5.00000000000000000000e-01) (0, 3, 0.00000000000000000000e+00) 
connections (connected_to_neuron, weight)=(0, -1.50000000000000000000e+03) (1, -1.50000000000000000000e+03) (2, 2.17218627929687500000e+01) (3, -1.50000000000000000000e+03) (4, -1.50000000000000000000e+03) (5, 1.02131054687500000000e+03) (6, 9.75256347656250000000e+01) (0, -1.50000000000000000000e+03) (1, 1.29344396972656250000e+03) (2, -5.60861328125000000000e+02) (3, -1.50000000000000000000e+03) (4, -1.50000000000000000000e+03) (5, 1.35469177246093750000e+03) (6, 6.91036911010742187500e+01) (0, -1.50000000000000000000e+03) (1, -1.45645678710937500000e+03) (2, 8.74134292602539062500e+01) (3, -1.50000000000000000000e+03) (4, -1.50000000000000000000e+03) (5, 7.91107940673828125000e+01) (6, 1.10034351348876953125e+01) (0, -1.50000000000000000000e+03) (1, 4.18308898925781250000e+02) (2, 1.81558166503906250000e+02) (3, -1.50000000000000000000e+03) (4, -1.50000000000000000000e+03) (5, 1.45655895996093750000e+03) (6, 1.39830434322357177734e+00) (7, 1.50000000000000000000e+03) (8, 1.50000000000000000000e+03) (9, 1.50000000000000000000e+03) (10, 1.50000000000000000000e+03) (11, 1.14926483154296875000e+02) (7, 4.28478485107421875000e+02) (8, -4.77265808105468750000e+02) (9, 0.00000000000000000000e+00) (10, -1.50000000000000000000e+03) (11, 1.97147521972656250000e+01) (7, 1.50000000000000000000e+03) (8, 1.50000000000000000000e+03) (9, 1.50000000000000000000e+03) (10, 1.50000000000000000000e+03) (11, 7.56659328937530517578e-01) (7, -4.26037658691406250000e+02) (8, 4.41347808837890625000e+01) (9, 5.68957519531250000000e+01) (10, -1.50000000000000000000e+03) (11, -4.25121726989746093750e+01) (12, -1.09021103382110595703e+00) (13, 6.16893947124481201172e-01) (14, -8.43684375286102294922e-01) (15, 2.96572417020797729492e-01) (16, -1.52486133575439453125e+00) 
