FANN_FLO_2.1
num_layers=4
learning_rate=0.500000
connection_rate=1.000000
network_type=0
learning_momentum=0.000000
training_algorithm=2
train_error_function=1
train_stop_function=0
cascade_output_change_fraction=0.010000
quickprop_decay=-0.000100
quickprop_mu=1.750000
rprop_increase_factor=1.200000
rprop_decrease_factor=0.500000
rprop_delta_min=0.000000
rprop_delta_max=50.000000
rprop_delta_zero=0.100000
cascade_output_stagnation_epochs=12
cascade_candidate_change_fraction=0.010000
cascade_candidate_stagnation_epochs=12
cascade_max_out_epochs=150
cascade_min_out_epochs=50
cascade_max_cand_epochs=150
cascade_min_cand_epochs=50
cascade_num_candidate_groups=2
bit_fail_limit=3.49999994039535522461e-01
cascade_candidate_limit=1.00000000000000000000e+03
cascade_weight_multiplier=4.00000005960464477539e-01
cascade_activation_functions_count=10
cascade_activation_functions=3 5 7 8 10 11 14 15 16 17 
cascade_activation_steepnesses_count=4
cascade_activation_steepnesses=2.50000000000000000000e-01 5.00000000000000000000e-01 7.50000000000000000000e-01 1.00000000000000000000e+00 
layer_sizes=10 5 3 2 
scale_included=0
neurons (num_inputs, activation_function, activation_steepness)=(0, 0, 0.00000000000000000000e+00) (0, 0, 0.00000000000000000000e+00) (0, 0, 0.00000000000000000000e+00) (0, 0, 0.00000000000000000000e+00) (0, 0, 0.00000000000000000000e+00) (0, 0, 0.00000000000000000000e+00) (0, 0, 0.00000000000000000000e+00) (0, 0, 0.00000000000000000000e+00) (0, 0, 0.00000000000000000000e+00) (0, 0, 0.00000000000000000000e+00) (10, 3, 5.00000000000000000000e-01) (10, 3, 5.00000000000000000000e-01) (10, 3, 5.00000000000000000000e-01) (10, 3, 5.00000000000000000000e-01) (0, 3, 0.00000000000000000000e+00) (5, 3, 5.00000000000000000000e-01) (5, 3, 5.00000000000000000000e-01) (0, 3, 0.00000000000000000000e+00) (3, 3, 5.00000000000000000000e-01) (0, 3, 0.00000000000000000000e+00) 
connections (connected_to_neuron, weight)=(0, 7.63275909423828125000e+00) (1, 1.90730690956115722656e-01) (2, 1.53046190738677978516e+00) (3, 4.38051134347915649414e-01) (4, 4.78640317916870117188e-01) (5, 7.17161703109741210938e+00) (6, -9.05086803436279296875e+00) (7, -6.13789148628711700439e-02) (8, -8.94460105895996093750e+00) (9, -1.33800590038299560547e+00) (0, -4.39213752746582031250e-01) (1, 3.37686276435852050781e+00) (2, -1.45093994140625000000e+03) (3, 5.37475168704986572266e-01) (4, 3.36502242088317871094e+00) (5, -1.48939062500000000000e+03) (6, 5.19644784927368164062e+00) (7, -3.19528746604919433594e+00) (8, -1.46268481445312500000e+03) (9, 1.54577291011810302734e+00) (0, 1.13618083298206329346e-01) (1, 5.73224925994873046875e+00) (2, -1.27413663864135742188e+01) (3, 1.27560055255889892578e+00) (4, 1.23235869407653808594e+00) (5, 3.13456249237060546875e+00) (6, -2.12822198867797851562e+00) (7, 9.83837783336639404297e-01) (8, -3.52268648147583007812e+00) (9, -2.12355166673660278320e-01) (0, -8.82706940174102783203e-01) (1, -1.15928399562835693359e+00) (2, -6.13431930541992187500e+00) (3, -6.79284393787384033203e-01) (4, -4.34480845928192138672e-01) (5, -7.19018268585205078125e+00) (6, 3.33669209480285644531e+00) (7, 2.98391652107238769531e+00) (8, 1.45738534927368164062e+01) (9, 1.40339577198028564453e+00) (10, -5.04122200012207031250e+01) (11, -1.17851829528808593750e+01) (12, 7.80157327651977539062e-01) (13, -1.17014753818511962891e+00) (14, 1.07296895980834960938e+01) (10, -1.67880115509033203125e+01) (11, -1.50000000000000000000e+03) (12, -1.42881669998168945312e+01) (13, 7.73144674301147460938e+00) (14, 6.47203147411346435547e-01) (15, 1.40330278873443603516e+00) (16, -2.78543949127197265625e+00) (17, 8.40101003646850585938e-01) 
