FANN_FLO_2.1
num_layers=3
learning_rate=0.400000
connection_rate=1.000000
network_type=0
learning_momentum=0.000000
training_algorithm=2
train_error_function=1
train_stop_function=0
cascade_output_change_fraction=0.010000
quickprop_decay=-0.000100
quickprop_mu=1.750000
rprop_increase_factor=1.200000
rprop_decrease_factor=0.500000
rprop_delta_min=0.000000
rprop_delta_max=50.000000
rprop_delta_zero=0.100000
cascade_output_stagnation_epochs=12
cascade_candidate_change_fraction=0.010000
cascade_candidate_stagnation_epochs=12
cascade_max_out_epochs=150
cascade_min_out_epochs=50
cascade_max_cand_epochs=150
cascade_min_cand_epochs=50
cascade_num_candidate_groups=2
bit_fail_limit=3.49999994039535522461e-01
cascade_candidate_limit=1.00000000000000000000e+03
cascade_weight_multiplier=4.00000005960464477539e-01
cascade_activation_functions_count=10
cascade_activation_functions=3 5 7 8 10 11 14 15 16 17 
cascade_activation_steepnesses_count=4
cascade_activation_steepnesses=2.50000000000000000000e-01 5.00000000000000000000e-01 7.50000000000000000000e-01 1.00000000000000000000e+00 
layer_sizes=7 5 2 
scale_included=0
neurons (num_inputs, activation_function, activation_steepness)=(0, 0, 0.00000000000000000000e+00) (0, 0, 0.00000000000000000000e+00) (0, 0, 0.00000000000000000000e+00) (0, 0, 0.00000000000000000000e+00) (0, 0, 0.00000000000000000000e+00) (0, 0, 0.00000000000000000000e+00) (0, 0, 0.00000000000000000000e+00) (7, 3, 5.00000000000000000000e-01) (7, 3, 5.00000000000000000000e-01) (7, 3, 5.00000000000000000000e-01) (7, 3, 5.00000000000000000000e-01) (0, 3, 0.00000000000000000000e+00) (5, 3, 5.00000000000000000000e-01) (0, 3, 0.00000000000000000000e+00) 
connections (connected_to_neuron, weight)=(0, -1.66571187973022460938e+00) (1, -8.41451549530029296875e+00) (2, 1.03412771224975585938e+01) (3, -4.88875899463891983032e-03) (4, 1.92681217193603515625e+00) (5, 1.02008295059204101562e+01) (6, 5.30409738421440124512e-02) (0, -6.09411764144897460938e+00) (1, 5.53750801086425781250e+00) (2, -1.49501729011535644531e+00) (3, -9.60428476333618164062e-01) (4, -6.70589148998260498047e-01) (5, -1.34951477050781250000e+02) (6, -1.66142329573631286621e-01) (0, 1.07577018737792968750e+01) (1, -1.23748731613159179688e+01) (2, 6.30009078979492187500e+00) (3, -3.63237786293029785156e+00) (4, -5.41432261466979980469e-01) (5, 6.31758928298950195312e+00) (6, -5.05684232711791992188e+00) (0, -6.91891098022460937500e+00) (1, -3.24919247627258300781e+00) (2, -1.49655256271362304688e+01) (3, -1.58570909500122070312e+01) (4, -6.44521903991699218750e+00) (5, 2.67362266778945922852e-01) (6, 2.06589527130126953125e+01) (7, -9.54016745090484619141e-01) (8, -8.87807178497314453125e+00) (9, -4.84955215454101562500e+00) (10, -5.16326904296875000000e-01) (11, -2.46429458260536193848e-01) 
