FANN_FLO_2.1
num_layers=4
learning_rate=0.400000
connection_rate=1.000000
network_type=0
learning_momentum=0.000000
training_algorithm=2
train_error_function=1
train_stop_function=0
cascade_output_change_fraction=0.010000
quickprop_decay=-0.000100
quickprop_mu=1.750000
rprop_increase_factor=1.200000
rprop_decrease_factor=0.500000
rprop_delta_min=0.000000
rprop_delta_max=50.000000
rprop_delta_zero=0.100000
cascade_output_stagnation_epochs=12
cascade_candidate_change_fraction=0.010000
cascade_candidate_stagnation_epochs=12
cascade_max_out_epochs=150
cascade_min_out_epochs=50
cascade_max_cand_epochs=150
cascade_min_cand_epochs=50
cascade_num_candidate_groups=2
bit_fail_limit=3.49999994039535522461e-01
cascade_candidate_limit=1.00000000000000000000e+03
cascade_weight_multiplier=4.00000005960464477539e-01
cascade_activation_functions_count=10
cascade_activation_functions=3 5 7 8 10 11 14 15 16 17 
cascade_activation_steepnesses_count=4
cascade_activation_steepnesses=2.50000000000000000000e-01 5.00000000000000000000e-01 7.50000000000000000000e-01 1.00000000000000000000e+00 
layer_sizes=7 5 3 2 
scale_included=0
neurons (num_inputs, activation_function, activation_steepness)=(0, 0, 0.00000000000000000000e+00) (0, 0, 0.00000000000000000000e+00) (0, 0, 0.00000000000000000000e+00) (0, 0, 0.00000000000000000000e+00) (0, 0, 0.00000000000000000000e+00) (0, 0, 0.00000000000000000000e+00) (0, 0, 0.00000000000000000000e+00) (7, 3, 5.00000000000000000000e-01) (7, 3, 5.00000000000000000000e-01) (7, 3, 5.00000000000000000000e-01) (7, 3, 5.00000000000000000000e-01) (0, 3, 0.00000000000000000000e+00) (5, 3, 5.00000000000000000000e-01) (5, 3, 5.00000000000000000000e-01) (0, 3, 0.00000000000000000000e+00) (3, 3, 5.00000000000000000000e-01) (0, 3, 0.00000000000000000000e+00) 
connections (connected_to_neuron, weight)=(0, 6.65273332595825195312e+00) (1, -3.30068063735961914062e+00) (2, -6.16814565658569335938e+00) (3, -4.37287998199462890625e+00) (4, 1.77999401092529296875e+00) (5, 8.88045310974121093750e-01) (6, -2.80952930450439453125e+00) (0, -3.67713141441345214844e+00) (1, -1.08306837081909179688e+01) (2, 4.60320138931274414062e+00) (3, 1.55438697338104248047e+00) (4, -1.30271053314208984375e+00) (5, 1.28775367736816406250e+01) (6, 6.02726042270660400391e-01) (0, -1.47317826747894287109e+00) (1, -2.72587871551513671875e+00) (2, 1.02011327743530273438e+01) (3, -5.57926321029663085938e+00) (4, -3.55487751960754394531e+00) (5, 1.01596851348876953125e+01) (6, -1.93500149250030517578e+00) (0, -4.86937236785888671875e+00) (1, 3.79118633270263671875e+00) (2, 7.52688467502593994141e-01) (3, -3.37207049131393432617e-01) (4, -7.99577832221984863281e-01) (5, -5.84432697296142578125e+00) (6, 1.06718158721923828125e+00) (7, 2.58160710334777832031e+00) (8, 2.61959218978881835938e+00) (9, 1.11892902851104736328e+00) (10, 7.26226997375488281250e+00) (11, -5.41609144210815429688e+00) (7, -9.46347773075103759766e-01) (8, 1.65407168865203857422e+00) (9, 1.83137309551239013672e+00) (10, 6.12963247299194335938e+00) (11, -2.10411334037780761719e+00) (12, -6.70540237426757812500e+00) (13, -1.25912213325500488281e+00) (14, -4.31980937719345092773e-01) 
