FANN_FLO_2.1
num_layers=3
learning_rate=0.500000
connection_rate=1.000000
network_type=0
learning_momentum=0.000000
training_algorithm=2
train_error_function=1
train_stop_function=0
cascade_output_change_fraction=0.010000
quickprop_decay=-0.000100
quickprop_mu=1.750000
rprop_increase_factor=1.200000
rprop_decrease_factor=0.500000
rprop_delta_min=0.000000
rprop_delta_max=50.000000
rprop_delta_zero=0.100000
cascade_output_stagnation_epochs=12
cascade_candidate_change_fraction=0.010000
cascade_candidate_stagnation_epochs=12
cascade_max_out_epochs=150
cascade_min_out_epochs=50
cascade_max_cand_epochs=150
cascade_min_cand_epochs=50
cascade_num_candidate_groups=2
bit_fail_limit=3.49999994039535522461e-01
cascade_candidate_limit=1.00000000000000000000e+03
cascade_weight_multiplier=4.00000005960464477539e-01
cascade_activation_functions_count=10
cascade_activation_functions=3 5 7 8 10 11 14 15 16 17 
cascade_activation_steepnesses_count=4
cascade_activation_steepnesses=2.50000000000000000000e-01 5.00000000000000000000e-01 7.50000000000000000000e-01 1.00000000000000000000e+00 
layer_sizes=10 3 2 
scale_included=0
neurons (num_inputs, activation_function, activation_steepness)=(0, 0, 0.00000000000000000000e+00) (0, 0, 0.00000000000000000000e+00) (0, 0, 0.00000000000000000000e+00) (0, 0, 0.00000000000000000000e+00) (0, 0, 0.00000000000000000000e+00) (0, 0, 0.00000000000000000000e+00) (0, 0, 0.00000000000000000000e+00) (0, 0, 0.00000000000000000000e+00) (0, 0, 0.00000000000000000000e+00) (0, 0, 0.00000000000000000000e+00) (10, 3, 5.00000000000000000000e-01) (10, 3, 5.00000000000000000000e-01) (0, 3, 0.00000000000000000000e+00) (3, 3, 5.00000000000000000000e-01) (0, 3, 0.00000000000000000000e+00) 
connections (connected_to_neuron, weight)=(0, -2.31900787353515625000e+00) (1, 5.16029179096221923828e-01) (2, -9.09653472900390625000e+00) (3, 1.69355621337890625000e+01) (4, 1.42697591781616210938e+01) (5, -1.45136861801147460938e+01) (6, 2.46595144271850585938e+00) (7, 2.34335422515869140625e+00) (8, -2.00456123352050781250e+01) (9, 1.13575148582458496094e+00) (0, 3.51922678947448730469e+00) (1, 4.09629487991333007812e+00) (2, -9.29028606414794921875e+00) (3, -7.97488689422607421875e+00) (4, 3.34268836975097656250e+01) (5, -4.73861408233642578125e+00) (6, -4.85190582275390625000e+00) (7, -1.91499309539794921875e+01) (8, 1.07669553756713867188e+01) (9, -2.13743019104003906250e+00) (10, 7.02880978584289550781e-01) (11, 3.31660103797912597656e+00) (12, -2.74085855484008789062e+00) 
