FANN_FLO_2.1
num_layers=3
learning_rate=0.400000
connection_rate=1.000000
network_type=0
learning_momentum=0.000000
training_algorithm=2
train_error_function=1
train_stop_function=0
cascade_output_change_fraction=0.010000
quickprop_decay=-0.000100
quickprop_mu=1.750000
rprop_increase_factor=1.200000
rprop_decrease_factor=0.500000
rprop_delta_min=0.000000
rprop_delta_max=50.000000
rprop_delta_zero=0.100000
cascade_output_stagnation_epochs=12
cascade_candidate_change_fraction=0.010000
cascade_candidate_stagnation_epochs=12
cascade_max_out_epochs=150
cascade_min_out_epochs=50
cascade_max_cand_epochs=150
cascade_min_cand_epochs=50
cascade_num_candidate_groups=2
bit_fail_limit=3.49999994039535522461e-01
cascade_candidate_limit=1.00000000000000000000e+03
cascade_weight_multiplier=4.00000005960464477539e-01
cascade_activation_functions_count=10
cascade_activation_functions=3 5 7 8 10 11 14 15 16 17 
cascade_activation_steepnesses_count=4
cascade_activation_steepnesses=2.50000000000000000000e-01 5.00000000000000000000e-01 7.50000000000000000000e-01 1.00000000000000000000e+00 
layer_sizes=19 3 3 
scale_included=0
neurons (num_inputs, activation_function, activation_steepness)=(0, 0, 0.00000000000000000000e+00) (0, 0, 0.00000000000000000000e+00) (0, 0, 0.00000000000000000000e+00) (0, 0, 0.00000000000000000000e+00) (0, 0, 0.00000000000000000000e+00) (0, 0, 0.00000000000000000000e+00) (0, 0, 0.00000000000000000000e+00) (0, 0, 0.00000000000000000000e+00) (0, 0, 0.00000000000000000000e+00) (0, 0, 0.00000000000000000000e+00) (0, 0, 0.00000000000000000000e+00) (0, 0, 0.00000000000000000000e+00) (0, 0, 0.00000000000000000000e+00) (0, 0, 0.00000000000000000000e+00) (0, 0, 0.00000000000000000000e+00) (0, 0, 0.00000000000000000000e+00) (0, 0, 0.00000000000000000000e+00) (0, 0, 0.00000000000000000000e+00) (0, 0, 0.00000000000000000000e+00) (19, 3, 5.00000000000000000000e-01) (19, 3, 5.00000000000000000000e-01) (0, 3, 0.00000000000000000000e+00) (3, 3, 5.00000000000000000000e-01) (3, 3, 5.00000000000000000000e-01) (0, 3, 0.00000000000000000000e+00) 
connections (connected_to_neuron, weight)=(0, -1.25764822959899902344e+00) (1, -3.99102067947387695312e+00) (2, -3.47920417785644531250e+00) (3, -1.34023988246917724609e+00) (4, -2.71430253982543945312e+00) (5, -5.22235298156738281250e+00) (6, -1.82883381843566894531e+00) (7, -5.29789328575134277344e-01) (8, -6.91934823989868164062e-01) (9, 1.04974603652954101562e+00) (10, 9.76434171199798583984e-01) (11, 3.93708491325378417969e+00) (12, 1.93584471940994262695e-01) (13, 2.90114879608154296875e-01) (14, 7.17777013778686523438e+00) (15, -3.34952449798583984375e+00) (16, 2.24700737744569778442e-02) (17, 3.25312328338623046875e+00) (18, -3.70847016572952270508e-01) (0, 4.09099292755126953125e+00) (1, 1.59196968078613281250e+01) (2, 4.68371677398681640625e+00) (3, 5.08464908599853515625e+00) (4, 5.28141450881958007812e+00) (5, 1.14389257431030273438e+01) (6, 5.62310981750488281250e+00) (7, -3.00207710266113281250e+00) (8, -2.58891224861145019531e+00) (9, -5.29388475418090820312e+00) (10, 3.67732137441635131836e-01) (11, -1.31258716583251953125e+01) (12, -2.33297371864318847656e+00) (13, -5.83325147628784179688e-01) (14, -1.82307224273681640625e+01) (15, 1.47447023391723632812e+01) (16, -1.37944531440734863281e+00) (17, -3.71287703514099121094e+00) (18, 1.53302741050720214844e+00) (19, -2.88196086883544921875e+00) (20, -2.13968491554260253906e+00) (21, 1.67541968822479248047e+00) (19, 2.91290545463562011719e+00) (20, 2.16348123550415039062e+00) (21, -1.70119011402130126953e+00) 
