FANN_FLO_2.1
num_layers=3
learning_rate=0.500000
connection_rate=1.000000
network_type=0
learning_momentum=0.000000
training_algorithm=2
train_error_function=1
train_stop_function=0
cascade_output_change_fraction=0.010000
quickprop_decay=-0.000100
quickprop_mu=1.750000
rprop_increase_factor=1.200000
rprop_decrease_factor=0.500000
rprop_delta_min=0.000000
rprop_delta_max=50.000000
rprop_delta_zero=0.100000
cascade_output_stagnation_epochs=12
cascade_candidate_change_fraction=0.010000
cascade_candidate_stagnation_epochs=12
cascade_max_out_epochs=150
cascade_min_out_epochs=50
cascade_max_cand_epochs=150
cascade_min_cand_epochs=50
cascade_num_candidate_groups=2
bit_fail_limit=3.49999994039535522461e-01
cascade_candidate_limit=1.00000000000000000000e+03
cascade_weight_multiplier=4.00000005960464477539e-01
cascade_activation_functions_count=10
cascade_activation_functions=3 5 7 8 10 11 14 15 16 17 
cascade_activation_steepnesses_count=4
cascade_activation_steepnesses=2.50000000000000000000e-01 5.00000000000000000000e-01 7.50000000000000000000e-01 1.00000000000000000000e+00 
layer_sizes=10 5 2 
scale_included=0
neurons (num_inputs, activation_function, activation_steepness)=(0, 0, 0.00000000000000000000e+00) (0, 0, 0.00000000000000000000e+00) (0, 0, 0.00000000000000000000e+00) (0, 0, 0.00000000000000000000e+00) (0, 0, 0.00000000000000000000e+00) (0, 0, 0.00000000000000000000e+00) (0, 0, 0.00000000000000000000e+00) (0, 0, 0.00000000000000000000e+00) (0, 0, 0.00000000000000000000e+00) (0, 0, 0.00000000000000000000e+00) (10, 3, 5.00000000000000000000e-01) (10, 3, 5.00000000000000000000e-01) (10, 3, 5.00000000000000000000e-01) (10, 3, 5.00000000000000000000e-01) (0, 3, 0.00000000000000000000e+00) (5, 3, 5.00000000000000000000e-01) (0, 3, 0.00000000000000000000e+00) 
connections (connected_to_neuron, weight)=(0, 1.50000000000000000000e+03) (1, -1.59949100017547607422e+00) (2, -6.60605132579803466797e-01) (3, 1.50000000000000000000e+03) (4, 5.07016372680664062500e+00) (5, 5.05419731140136718750e+00) (6, 1.50000000000000000000e+03) (7, -1.99159488081932067871e-01) (8, -1.21253681182861328125e+00) (9, -7.28444635868072509766e-01) (0, 3.95320057868957519531e+00) (1, 8.61060714721679687500e+00) (2, 3.02485227584838867188e+00) (3, -4.50037336349487304688e+00) (4, 1.57804203033447265625e+00) (5, 3.47417187690734863281e+00) (6, 1.21571922302246093750e+01) (7, -2.52580165863037109375e+00) (8, -2.70163726806640625000e+01) (9, 1.43319571018218994141e+00) (0, -2.07005138397216796875e+01) (1, 6.15580224990844726562e+00) (2, -7.36218988895416259766e-02) (3, 4.86754059791564941406e-01) (4, 2.10442399978637695312e+00) (5, -6.22155475616455078125e+00) (6, 1.73934064805507659912e-02) (7, 6.73633515834808349609e-02) (8, 2.75057578086853027344e+00) (9, 6.18671059608459472656e-01) (0, -8.73170661926269531250e+00) (1, 1.48120224475860595703e+00) (2, -8.14097344875335693359e-01) (3, -1.42951440811157226562e+01) (4, 2.42606312036514282227e-01) (5, 2.19783401489257812500e+00) (6, 2.04065155982971191406e+00) (7, 2.90219211578369140625e+00) (8, 1.69392776489257812500e+01) (9, 1.14276182651519775391e+00) (10, 2.20365309715270996094e+00) (11, -1.54104173183441162109e+00) (12, 2.56594419479370117188e+00) (13, -3.02537655830383300781e+00) (14, 2.55602896213531494141e-01) 
