FANN_FLO_2.1
num_layers=3
learning_rate=0.400000
connection_rate=1.000000
network_type=0
learning_momentum=0.000000
training_algorithm=2
train_error_function=1
train_stop_function=0
cascade_output_change_fraction=0.010000
quickprop_decay=-0.000100
quickprop_mu=1.750000
rprop_increase_factor=1.200000
rprop_decrease_factor=0.500000
rprop_delta_min=0.000000
rprop_delta_max=50.000000
rprop_delta_zero=0.100000
cascade_output_stagnation_epochs=12
cascade_candidate_change_fraction=0.010000
cascade_candidate_stagnation_epochs=12
cascade_max_out_epochs=150
cascade_min_out_epochs=50
cascade_max_cand_epochs=150
cascade_min_cand_epochs=50
cascade_num_candidate_groups=2
bit_fail_limit=3.49999994039535522461e-01
cascade_candidate_limit=1.00000000000000000000e+03
cascade_weight_multiplier=4.00000005960464477539e-01
cascade_activation_functions_count=10
cascade_activation_functions=3 5 7 8 10 11 14 15 16 17 
cascade_activation_steepnesses_count=4
cascade_activation_steepnesses=2.50000000000000000000e-01 5.00000000000000000000e-01 7.50000000000000000000e-01 1.00000000000000000000e+00 
layer_sizes=19 3 3 
scale_included=0
neurons (num_inputs, activation_function, activation_steepness)=(0, 0, 0.00000000000000000000e+00) (0, 0, 0.00000000000000000000e+00) (0, 0, 0.00000000000000000000e+00) (0, 0, 0.00000000000000000000e+00) (0, 0, 0.00000000000000000000e+00) (0, 0, 0.00000000000000000000e+00) (0, 0, 0.00000000000000000000e+00) (0, 0, 0.00000000000000000000e+00) (0, 0, 0.00000000000000000000e+00) (0, 0, 0.00000000000000000000e+00) (0, 0, 0.00000000000000000000e+00) (0, 0, 0.00000000000000000000e+00) (0, 0, 0.00000000000000000000e+00) (0, 0, 0.00000000000000000000e+00) (0, 0, 0.00000000000000000000e+00) (0, 0, 0.00000000000000000000e+00) (0, 0, 0.00000000000000000000e+00) (0, 0, 0.00000000000000000000e+00) (0, 0, 0.00000000000000000000e+00) (19, 3, 5.00000000000000000000e-01) (19, 3, 5.00000000000000000000e-01) (0, 3, 0.00000000000000000000e+00) (3, 3, 5.00000000000000000000e-01) (3, 3, 5.00000000000000000000e-01) (0, 3, 0.00000000000000000000e+00) 
connections (connected_to_neuron, weight)=(0, 9.12594413757324218750e+00) (1, 5.74853706359863281250e+00) (2, -4.85154819488525390625e+00) (3, 1.80659904479980468750e+01) (4, 8.31254577636718750000e+00) (5, 1.01304664611816406250e+01) (6, 3.75054180622100830078e-01) (7, 1.27667055130004882812e+01) (8, -1.88576436042785644531e+00) (9, -1.80165805816650390625e+01) (10, 2.07221761345863342285e-01) (11, -4.67509365081787109375e+00) (12, 2.11265042424201965332e-01) (13, -8.57608795166015625000e+00) (14, 4.23649263381958007812e+00) (15, 8.40076863765716552734e-01) (16, -1.36970653533935546875e+01) (17, -8.59373378753662109375e+00) (18, 1.81105887889862060547e+00) (0, -4.31518936157226562500e+00) (1, -3.14708852767944335938e+00) (2, 2.21780195832252502441e-01) (3, -7.15456151962280273438e+00) (4, -3.71239018440246582031e+00) (5, -1.95408999919891357422e+00) (6, -5.94561636447906494141e-01) (7, -5.15779638290405273438e+00) (8, -1.59563815593719482422e+00) (9, 6.02314090728759765625e+00) (10, 1.59516048431396484375e+00) (11, 2.21014904975891113281e+00) (12, 1.69025588035583496094e+00) (13, 2.73792481422424316406e+00) (14, -9.81193304061889648438e-01) (15, 1.39597761631011962891e+00) (16, 4.16946649551391601562e+00) (17, 2.46963787078857421875e+00) (18, -6.70640885829925537109e-01) (19, -1.72201740741729736328e+00) (20, -2.54367303848266601562e+00) (21, 1.24854815006256103516e+00) (19, 1.71886682510375976562e+00) (20, 2.54656076431274414062e+00) (21, -1.24582326412200927734e+00) 
