FANN_FLO_2.1
num_layers=3
learning_rate=0.400000
connection_rate=1.000000
network_type=0
learning_momentum=0.000000
training_algorithm=2
train_error_function=1
train_stop_function=0
cascade_output_change_fraction=0.010000
quickprop_decay=-0.000100
quickprop_mu=1.750000
rprop_increase_factor=1.200000
rprop_decrease_factor=0.500000
rprop_delta_min=0.000000
rprop_delta_max=50.000000
rprop_delta_zero=0.100000
cascade_output_stagnation_epochs=12
cascade_candidate_change_fraction=0.010000
cascade_candidate_stagnation_epochs=12
cascade_max_out_epochs=150
cascade_min_out_epochs=50
cascade_max_cand_epochs=150
cascade_min_cand_epochs=50
cascade_num_candidate_groups=2
bit_fail_limit=3.49999994039535522461e-01
cascade_candidate_limit=1.00000000000000000000e+03
cascade_weight_multiplier=4.00000005960464477539e-01
cascade_activation_functions_count=10
cascade_activation_functions=3 5 7 8 10 11 14 15 16 17 
cascade_activation_steepnesses_count=4
cascade_activation_steepnesses=2.50000000000000000000e-01 5.00000000000000000000e-01 7.50000000000000000000e-01 1.00000000000000000000e+00 
layer_sizes=7 9 2 
scale_included=0
neurons (num_inputs, activation_function, activation_steepness)=(0, 0, 0.00000000000000000000e+00) (0, 0, 0.00000000000000000000e+00) (0, 0, 0.00000000000000000000e+00) (0, 0, 0.00000000000000000000e+00) (0, 0, 0.00000000000000000000e+00) (0, 0, 0.00000000000000000000e+00) (0, 0, 0.00000000000000000000e+00) (7, 3, 5.00000000000000000000e-01) (7, 3, 5.00000000000000000000e-01) (7, 3, 5.00000000000000000000e-01) (7, 3, 5.00000000000000000000e-01) (7, 3, 5.00000000000000000000e-01) (7, 3, 5.00000000000000000000e-01) (7, 3, 5.00000000000000000000e-01) (7, 3, 5.00000000000000000000e-01) (0, 3, 0.00000000000000000000e+00) (9, 3, 5.00000000000000000000e-01) (0, 3, 0.00000000000000000000e+00) 
connections (connected_to_neuron, weight)=(0, 1.61078953742980957031e+00) (1, -4.94588255882263183594e-01) (2, -1.85142111778259277344e+00) (3, 9.79468405246734619141e-01) (4, 4.26977491378784179688e+00) (5, 3.57157617807388305664e-01) (6, -8.36196839809417724609e-01) (0, 2.57230739593505859375e+01) (1, 3.98589205741882324219e+00) (2, 2.04815673828125000000e+00) (3, -9.50571155548095703125e+00) (4, -7.58165836334228515625e-01) (5, 1.80858016014099121094e+00) (6, -5.11503577232360839844e-01) (0, -5.42912662029266357422e-01) (1, 1.40228760242462158203e+00) (2, 2.89594697952270507812e+00) (3, -3.08429813385009765625e+00) (4, 7.87717151641845703125e+00) (5, -1.15156841278076171875e+01) (6, 4.52433395385742187500e+00) (0, 1.40124750137329101562e+01) (1, 3.90111708641052246094e+00) (2, 1.85817265510559082031e+00) (3, -4.15393638610839843750e+00) (4, -3.44013810157775878906e+00) (5, -3.79335570335388183594e+00) (6, 1.59343238919973373413e-02) (0, 6.48632884025573730469e-01) (1, -1.88213407993316650391e-01) (2, 2.74030745029449462891e-01) (3, 4.54804599285125732422e-01) (4, 3.20555591583251953125e+00) (5, 6.91353261470794677734e-01) (6, -1.46452105045318603516e+00) (0, 1.60568726062774658203e+00) (1, -7.16866254806518554688e-01) (2, -7.46184945106506347656e-01) (3, 9.36312496662139892578e-01) (4, 3.61260986328125000000e+00) (5, -6.09750092029571533203e-01) (6, -2.57760226726531982422e-01) (0, 4.06979608535766601562e+00) (1, 1.84951949119567871094e+00) (2, -1.42067756652832031250e+01) (3, -6.47405433654785156250e+00) (4, 1.07046413421630859375e+00) (5, 1.17836647033691406250e+01) (6, 3.49449706077575683594e+00) (0, -8.17235112190246582031e-01) (1, -9.88760530948638916016e-01) (2, -1.22981452941894531250e+00) (3, 6.11154019832611083984e-01) (4, 5.45582580566406250000e+00) (5, -2.29551076889038085938e+00) (6, -6.51908099651336669922e-01) (7, 9.86572742462158203125e-01) (8, -9.65331315994262695312e-01) (9, -2.27555680274963378906e+00) (10, -8.78961086273193359375e-01) (11, 9.89875018596649169922e-01) (12, 9.13636565208435058594e-01) (13, -7.50995814800262451172e-01) (14, 2.14127063751220703125e+00) (15, -1.59404203295707702637e-01) 
