FANN_FLO_2.1
num_layers=3
learning_rate=0.500000
connection_rate=1.000000
network_type=0
learning_momentum=0.000000
training_algorithm=2
train_error_function=1
train_stop_function=0
cascade_output_change_fraction=0.010000
quickprop_decay=-0.000100
quickprop_mu=1.750000
rprop_increase_factor=1.200000
rprop_decrease_factor=0.500000
rprop_delta_min=0.000000
rprop_delta_max=50.000000
rprop_delta_zero=0.100000
cascade_output_stagnation_epochs=12
cascade_candidate_change_fraction=0.010000
cascade_candidate_stagnation_epochs=12
cascade_max_out_epochs=150
cascade_min_out_epochs=50
cascade_max_cand_epochs=150
cascade_min_cand_epochs=50
cascade_num_candidate_groups=2
bit_fail_limit=3.49999994039535522461e-01
cascade_candidate_limit=1.00000000000000000000e+03
cascade_weight_multiplier=4.00000005960464477539e-01
cascade_activation_functions_count=10
cascade_activation_functions=3 5 7 8 10 11 14 15 16 17 
cascade_activation_steepnesses_count=4
cascade_activation_steepnesses=2.50000000000000000000e-01 5.00000000000000000000e-01 7.50000000000000000000e-01 1.00000000000000000000e+00 
layer_sizes=10 3 2 
scale_included=0
neurons (num_inputs, activation_function, activation_steepness)=(0, 0, 0.00000000000000000000e+00) (0, 0, 0.00000000000000000000e+00) (0, 0, 0.00000000000000000000e+00) (0, 0, 0.00000000000000000000e+00) (0, 0, 0.00000000000000000000e+00) (0, 0, 0.00000000000000000000e+00) (0, 0, 0.00000000000000000000e+00) (0, 0, 0.00000000000000000000e+00) (0, 0, 0.00000000000000000000e+00) (0, 0, 0.00000000000000000000e+00) (10, 3, 5.00000000000000000000e-01) (10, 3, 5.00000000000000000000e-01) (0, 3, 0.00000000000000000000e+00) (3, 3, 5.00000000000000000000e-01) (0, 3, 0.00000000000000000000e+00) 
connections (connected_to_neuron, weight)=(0, 2.77725429534912109375e+01) (1, 1.46142363548278808594e+00) (2, -1.46877014160156250000e+03) (3, -6.69281921386718750000e+02) (4, 1.09164575195312500000e+03) (5, -1.85645790100097656250e+01) (6, 4.93530601263046264648e-01) (7, 1.55189585685729980469e+00) (8, 1.50265319824218750000e+02) (9, 1.89079809188842773438e+00) (0, -1.35569524765014648438e+00) (1, 1.56915688514709472656e+00) (2, 1.32577133178710937500e+01) (3, -1.76651275157928466797e+00) (4, 2.31209492683410644531e+00) (5, 1.01478996276855468750e+01) (6, -4.97021770477294921875e+00) (7, -2.97395992279052734375e+01) (8, 3.50509762763977050781e-01) (9, 2.15184664726257324219e+00) (10, 3.93555092811584472656e+00) (11, 3.95219278335571289062e+00) (12, -3.06742691993713378906e+00) 
