FANN_FLO_2.1
num_layers=4
learning_rate=0.400000
connection_rate=1.000000
network_type=0
learning_momentum=0.000000
training_algorithm=2
train_error_function=1
train_stop_function=0
cascade_output_change_fraction=0.010000
quickprop_decay=-0.000100
quickprop_mu=1.750000
rprop_increase_factor=1.200000
rprop_decrease_factor=0.500000
rprop_delta_min=0.000000
rprop_delta_max=50.000000
rprop_delta_zero=0.100000
cascade_output_stagnation_epochs=12
cascade_candidate_change_fraction=0.010000
cascade_candidate_stagnation_epochs=12
cascade_max_out_epochs=150
cascade_min_out_epochs=50
cascade_max_cand_epochs=150
cascade_min_cand_epochs=50
cascade_num_candidate_groups=2
bit_fail_limit=3.49999994039535522461e-01
cascade_candidate_limit=1.00000000000000000000e+03
cascade_weight_multiplier=4.00000005960464477539e-01
cascade_activation_functions_count=10
cascade_activation_functions=3 5 7 8 10 11 14 15 16 17 
cascade_activation_steepnesses_count=4
cascade_activation_steepnesses=2.50000000000000000000e-01 5.00000000000000000000e-01 7.50000000000000000000e-01 1.00000000000000000000e+00 
layer_sizes=7 5 5 2 
scale_included=0
neurons (num_inputs, activation_function, activation_steepness)=(0, 0, 0.00000000000000000000e+00) (0, 0, 0.00000000000000000000e+00) (0, 0, 0.00000000000000000000e+00) (0, 0, 0.00000000000000000000e+00) (0, 0, 0.00000000000000000000e+00) (0, 0, 0.00000000000000000000e+00) (0, 0, 0.00000000000000000000e+00) (7, 3, 5.00000000000000000000e-01) (7, 3, 5.00000000000000000000e-01) (7, 3, 5.00000000000000000000e-01) (7, 3, 5.00000000000000000000e-01) (0, 3, 0.00000000000000000000e+00) (5, 3, 5.00000000000000000000e-01) (5, 3, 5.00000000000000000000e-01) (5, 3, 5.00000000000000000000e-01) (5, 3, 5.00000000000000000000e-01) (0, 3, 0.00000000000000000000e+00) (5, 3, 5.00000000000000000000e-01) (0, 3, 0.00000000000000000000e+00) 
connections (connected_to_neuron, weight)=(0, -1.50000000000000000000e+03) (1, -1.50000000000000000000e+03) (2, 1.50000000000000000000e+03) (3, -1.50000000000000000000e+03) (4, -1.50000000000000000000e+03) (5, 1.50000000000000000000e+03) (6, 3.16416263580322265625e+01) (0, -1.50000000000000000000e+03) (1, -1.50000000000000000000e+03) (2, 1.50000000000000000000e+03) (3, -1.50000000000000000000e+03) (4, -1.50000000000000000000e+03) (5, 1.50000000000000000000e+03) (6, 1.04051666259765625000e+01) (0, 1.50000000000000000000e+03) (1, 1.50000000000000000000e+03) (2, -1.50000000000000000000e+03) (3, 1.50000000000000000000e+03) (4, 1.50000000000000000000e+03) (5, -1.50000000000000000000e+03) (6, 1.12306089401245117188e+01) (0, -1.50000000000000000000e+03) (1, -1.50000000000000000000e+03) (2, 1.50000000000000000000e+03) (3, -1.50000000000000000000e+03) (4, -1.50000000000000000000e+03) (5, 1.50000000000000000000e+03) (6, 5.16231012344360351562e+00) (7, 1.50000000000000000000e+03) (8, 1.50000000000000000000e+03) (9, -1.45847475528717041016e+00) (10, 1.50000000000000000000e+03) (11, 7.66810369491577148438e+00) (7, 1.50000000000000000000e+03) (8, 1.50000000000000000000e+03) (9, -1.29672225952148437500e+02) (10, 1.50000000000000000000e+03) (11, -7.34240798950195312500e+01) (7, 1.50000000000000000000e+03) (8, 1.50000000000000000000e+03) (9, -1.40909671783447265625e+00) (10, 1.50000000000000000000e+03) (11, 7.59084045886993408203e-01) (7, 1.50000000000000000000e+03) (8, 1.50000000000000000000e+03) (9, -1.45847475528717041016e+00) (10, 1.50000000000000000000e+03) (11, 9.20126438140869140625e+00) (12, -4.63256239891052246094e-01) (13, -6.65175781250000000000e+01) (14, -2.76231575012207031250e+00) (15, -6.63015842437744140625e-01) (16, -6.77159547805786132812e-01) 
