FANN_FLO_2.1
num_layers=4
learning_rate=0.400000
connection_rate=1.000000
network_type=0
learning_momentum=0.000000
training_algorithm=2
train_error_function=1
train_stop_function=0
cascade_output_change_fraction=0.010000
quickprop_decay=-0.000100
quickprop_mu=1.750000
rprop_increase_factor=1.200000
rprop_decrease_factor=0.500000
rprop_delta_min=0.000000
rprop_delta_max=50.000000
rprop_delta_zero=0.100000
cascade_output_stagnation_epochs=12
cascade_candidate_change_fraction=0.010000
cascade_candidate_stagnation_epochs=12
cascade_max_out_epochs=150
cascade_min_out_epochs=50
cascade_max_cand_epochs=150
cascade_min_cand_epochs=50
cascade_num_candidate_groups=2
bit_fail_limit=3.49999994039535522461e-01
cascade_candidate_limit=1.00000000000000000000e+03
cascade_weight_multiplier=4.00000005960464477539e-01
cascade_activation_functions_count=10
cascade_activation_functions=3 5 7 8 10 11 14 15 16 17 
cascade_activation_steepnesses_count=4
cascade_activation_steepnesses=2.50000000000000000000e-01 5.00000000000000000000e-01 7.50000000000000000000e-01 1.00000000000000000000e+00 
layer_sizes=7 5 5 2 
scale_included=0
neurons (num_inputs, activation_function, activation_steepness)=(0, 0, 0.00000000000000000000e+00) (0, 0, 0.00000000000000000000e+00) (0, 0, 0.00000000000000000000e+00) (0, 0, 0.00000000000000000000e+00) (0, 0, 0.00000000000000000000e+00) (0, 0, 0.00000000000000000000e+00) (0, 0, 0.00000000000000000000e+00) (7, 3, 5.00000000000000000000e-01) (7, 3, 5.00000000000000000000e-01) (7, 3, 5.00000000000000000000e-01) (7, 3, 5.00000000000000000000e-01) (0, 3, 0.00000000000000000000e+00) (5, 3, 5.00000000000000000000e-01) (5, 3, 5.00000000000000000000e-01) (5, 3, 5.00000000000000000000e-01) (5, 3, 5.00000000000000000000e-01) (0, 3, 0.00000000000000000000e+00) (5, 3, 5.00000000000000000000e-01) (0, 3, 0.00000000000000000000e+00) 
connections (connected_to_neuron, weight)=(0, -4.02385044097900390625e+00) (1, -2.60903978347778320312e+00) (2, 2.93922462463378906250e+01) (3, -9.18435955047607421875e+00) (4, 2.17301297187805175781e+00) (5, 1.22078084945678710938e+00) (6, 1.50912165641784667969e+00) (0, -1.48138952636718750000e+03) (1, -6.50381286621093750000e+02) (2, 1.50000000000000000000e+03) (3, 1.50000000000000000000e+03) (4, -3.19399230957031250000e+02) (5, 1.47148791503906250000e+03) (6, 3.61204361915588378906e+00) (0, -1.39523730468750000000e+03) (1, 1.49941076660156250000e+03) (2, -1.46823205566406250000e+03) (3, 3.33809351921081542969e+00) (4, -1.43002670288085937500e+02) (5, 2.28736648559570312500e+02) (6, 5.56983947753906250000e+00) (0, -4.68939399719238281250e+00) (1, -2.55502080917358398438e+00) (2, 1.12493777275085449219e+00) (3, -7.71732759475708007812e+00) (4, -5.35549497604370117188e+00) (5, -1.96983385086059570312e+00) (6, 1.25708065032958984375e+01) (7, 7.05063390731811523438e+00) (8, -1.48184731602668762207e-01) (9, 2.34619212150573730469e+00) (10, 1.95773744583129882812e+00) (11, -3.67129778861999511719e+00) (7, -7.02313766479492187500e+01) (8, 2.83106002807617187500e+01) (9, 3.13905334472656250000e+02) (10, 1.01142683029174804688e+01) (11, -3.88175463676452636719e+00) (7, 1.19990749359130859375e+01) (8, -1.24903879165649414062e+01) (9, -8.84142303466796875000e+00) (10, 1.18464336395263671875e+01) (11, -1.08600485324859619141e+00) (7, -5.09733915328979492188e+00) (8, 1.50157928466796875000e-01) (9, 7.86371529102325439453e-01) (10, 1.23154640197753906250e+00) (11, -1.70573365688323974609e+00) (12, -2.56687498092651367188e+00) (13, -1.17956601083278656006e-01) (14, -7.82971262931823730469e-01) (15, -1.53038442134857177734e+00) (16, -6.29323244094848632812e-01) 
