FANN_FLO_2.1
num_layers=3
learning_rate=0.500000
connection_rate=1.000000
network_type=0
learning_momentum=0.000000
training_algorithm=2
train_error_function=1
train_stop_function=0
cascade_output_change_fraction=0.010000
quickprop_decay=-0.000100
quickprop_mu=1.750000
rprop_increase_factor=1.200000
rprop_decrease_factor=0.500000
rprop_delta_min=0.000000
rprop_delta_max=50.000000
rprop_delta_zero=0.100000
cascade_output_stagnation_epochs=12
cascade_candidate_change_fraction=0.010000
cascade_candidate_stagnation_epochs=12
cascade_max_out_epochs=150
cascade_min_out_epochs=50
cascade_max_cand_epochs=150
cascade_min_cand_epochs=50
cascade_num_candidate_groups=2
bit_fail_limit=3.49999994039535522461e-01
cascade_candidate_limit=1.00000000000000000000e+03
cascade_weight_multiplier=4.00000005960464477539e-01
cascade_activation_functions_count=10
cascade_activation_functions=3 5 7 8 10 11 14 15 16 17 
cascade_activation_steepnesses_count=4
cascade_activation_steepnesses=2.50000000000000000000e-01 5.00000000000000000000e-01 7.50000000000000000000e-01 1.00000000000000000000e+00 
layer_sizes=10 5 2 
scale_included=0
neurons (num_inputs, activation_function, activation_steepness)=(0, 0, 0.00000000000000000000e+00) (0, 0, 0.00000000000000000000e+00) (0, 0, 0.00000000000000000000e+00) (0, 0, 0.00000000000000000000e+00) (0, 0, 0.00000000000000000000e+00) (0, 0, 0.00000000000000000000e+00) (0, 0, 0.00000000000000000000e+00) (0, 0, 0.00000000000000000000e+00) (0, 0, 0.00000000000000000000e+00) (0, 0, 0.00000000000000000000e+00) (10, 3, 5.00000000000000000000e-01) (10, 3, 5.00000000000000000000e-01) (10, 3, 5.00000000000000000000e-01) (10, 3, 5.00000000000000000000e-01) (0, 3, 0.00000000000000000000e+00) (5, 3, 5.00000000000000000000e-01) (0, 3, 0.00000000000000000000e+00) 
connections (connected_to_neuron, weight)=(0, 1.07449777424335479736e-01) (1, -3.30389189720153808594e+00) (2, -8.79512119293212890625e+00) (3, -5.90245771408081054688e+00) (4, 3.07379245758056640625e+00) (5, 4.06637430191040039062e+00) (6, 3.67198204994201660156e+00) (7, -4.33101840317249298096e-02) (8, 1.66891142725944519043e-01) (9, 6.48249864578247070312e-01) (0, -2.81834983825683593750e+00) (1, -6.09693944454193115234e-01) (2, -3.72366046905517578125e+00) (3, -4.40632015466690063477e-01) (4, 3.74262571334838867188e+00) (5, 1.92543041706085205078e+00) (6, -7.19945788383483886719e-01) (7, -1.48179256916046142578e+00) (8, 2.19425535202026367188e+00) (9, 1.93038153648376464844e+00) (0, -2.39796116948127746582e-02) (1, 3.97130155563354492188e+00) (2, -2.63384866714477539062e+00) (3, -1.60452127456665039062e-01) (4, -5.40113866329193115234e-01) (5, 5.31665623188018798828e-01) (6, 2.28733062744140625000e+00) (7, -1.28492059707641601562e+01) (8, -6.44268655776977539062e+00) (9, 9.29545116424560546875e+00) (0, 7.26915478706359863281e-01) (1, 1.72387659549713134766e+00) (2, -2.10006999969482421875e+00) (3, 4.87253427505493164062e-01) (4, -3.99856829643249511719e+00) (5, -3.16862374544143676758e-01) (6, 5.46841144561767578125e-01) (7, -1.06208076477050781250e+01) (8, -1.89646375179290771484e+00) (9, 8.22331142425537109375e+00) (10, 4.23263359069824218750e+00) (11, -1.52769947052001953125e+00) (12, 3.03518104553222656250e+00) (13, 1.81882929801940917969e+00) (14, -3.10568594932556152344e+00) 
