FANN_FLO_2.1
num_layers=4
learning_rate=0.500000
connection_rate=1.000000
network_type=0
learning_momentum=0.000000
training_algorithm=2
train_error_function=1
train_stop_function=0
cascade_output_change_fraction=0.010000
quickprop_decay=-0.000100
quickprop_mu=1.750000
rprop_increase_factor=1.200000
rprop_decrease_factor=0.500000
rprop_delta_min=0.000000
rprop_delta_max=50.000000
rprop_delta_zero=0.100000
cascade_output_stagnation_epochs=12
cascade_candidate_change_fraction=0.010000
cascade_candidate_stagnation_epochs=12
cascade_max_out_epochs=150
cascade_min_out_epochs=50
cascade_max_cand_epochs=150
cascade_min_cand_epochs=50
cascade_num_candidate_groups=2
bit_fail_limit=3.49999994039535522461e-01
cascade_candidate_limit=1.00000000000000000000e+03
cascade_weight_multiplier=4.00000005960464477539e-01
cascade_activation_functions_count=10
cascade_activation_functions=3 5 7 8 10 11 14 15 16 17 
cascade_activation_steepnesses_count=4
cascade_activation_steepnesses=2.50000000000000000000e-01 5.00000000000000000000e-01 7.50000000000000000000e-01 1.00000000000000000000e+00 
layer_sizes=10 3 3 2 
scale_included=0
neurons (num_inputs, activation_function, activation_steepness)=(0, 0, 0.00000000000000000000e+00) (0, 0, 0.00000000000000000000e+00) (0, 0, 0.00000000000000000000e+00) (0, 0, 0.00000000000000000000e+00) (0, 0, 0.00000000000000000000e+00) (0, 0, 0.00000000000000000000e+00) (0, 0, 0.00000000000000000000e+00) (0, 0, 0.00000000000000000000e+00) (0, 0, 0.00000000000000000000e+00) (0, 0, 0.00000000000000000000e+00) (10, 3, 5.00000000000000000000e-01) (10, 3, 5.00000000000000000000e-01) (0, 3, 0.00000000000000000000e+00) (3, 3, 5.00000000000000000000e-01) (3, 3, 5.00000000000000000000e-01) (0, 3, 0.00000000000000000000e+00) (3, 3, 5.00000000000000000000e-01) (0, 3, 0.00000000000000000000e+00) 
connections (connected_to_neuron, weight)=(0, -3.59472703933715820312e+00) (1, 5.70737314224243164062e+00) (2, -6.48252010345458984375e-01) (3, -1.07217979431152343750e+00) (4, 7.11668205261230468750e+00) (5, -5.05689811706542968750e+00) (6, -1.78775548934936523438e+00) (7, 2.75657325983047485352e-01) (8, -1.58962929248809814453e+00) (9, -1.18361961841583251953e+00) (0, 2.30524039268493652344e+00) (1, -2.85755443572998046875e+00) (2, 4.19717483520507812500e+01) (3, 4.04875421524047851562e+00) (4, -2.45548510551452636719e+00) (5, 7.68789529800415039062e-01) (6, 9.32155907154083251953e-01) (7, -1.67594566345214843750e+01) (8, 1.64314270019531250000e+00) (9, -2.03138351440429687500e+00) (10, 1.50000000000000000000e+03) (11, -2.04840377807617187500e+02) (12, -1.09350442886352539062e+00) (10, 1.49804467773437500000e+03) (11, -2.93960327148437500000e+02) (12, -5.79263925552368164062e-01) (13, 3.50883126258850097656e-01) (14, 2.04056453704833984375e+00) (15, -1.53881621360778808594e+00) 
