FANN_FLO_2.1
num_layers=3
learning_rate=0.400000
connection_rate=1.000000
network_type=0
learning_momentum=0.000000
training_algorithm=2
train_error_function=1
train_stop_function=0
cascade_output_change_fraction=0.010000
quickprop_decay=-0.000100
quickprop_mu=1.750000
rprop_increase_factor=1.200000
rprop_decrease_factor=0.500000
rprop_delta_min=0.000000
rprop_delta_max=50.000000
rprop_delta_zero=0.100000
cascade_output_stagnation_epochs=12
cascade_candidate_change_fraction=0.010000
cascade_candidate_stagnation_epochs=12
cascade_max_out_epochs=150
cascade_min_out_epochs=50
cascade_max_cand_epochs=150
cascade_min_cand_epochs=50
cascade_num_candidate_groups=2
bit_fail_limit=3.49999994039535522461e-01
cascade_candidate_limit=1.00000000000000000000e+03
cascade_weight_multiplier=4.00000005960464477539e-01
cascade_activation_functions_count=10
cascade_activation_functions=3 5 7 8 10 11 14 15 16 17 
cascade_activation_steepnesses_count=4
cascade_activation_steepnesses=2.50000000000000000000e-01 5.00000000000000000000e-01 7.50000000000000000000e-01 1.00000000000000000000e+00 
layer_sizes=7 5 2 
scale_included=0
neurons (num_inputs, activation_function, activation_steepness)=(0, 0, 0.00000000000000000000e+00) (0, 0, 0.00000000000000000000e+00) (0, 0, 0.00000000000000000000e+00) (0, 0, 0.00000000000000000000e+00) (0, 0, 0.00000000000000000000e+00) (0, 0, 0.00000000000000000000e+00) (0, 0, 0.00000000000000000000e+00) (7, 3, 5.00000000000000000000e-01) (7, 3, 5.00000000000000000000e-01) (7, 3, 5.00000000000000000000e-01) (7, 3, 5.00000000000000000000e-01) (0, 3, 0.00000000000000000000e+00) (5, 3, 5.00000000000000000000e-01) (0, 3, 0.00000000000000000000e+00) 
connections (connected_to_neuron, weight)=(0, -5.24012565612792968750e+00) (1, -2.83983421325683593750e+00) (2, -2.49020671844482421875e+00) (3, 1.73004186153411865234e+00) (4, 2.12968111038208007812e+00) (5, 2.20246529579162597656e+00) (6, -1.46886181831359863281e+00) (0, 9.75915718078613281250e+00) (1, 1.22641205787658691406e+00) (2, -6.03709840774536132812e+00) (3, -1.73139095306396484375e+00) (4, -9.76669311523437500000e+00) (5, 4.27841234207153320312e+00) (6, 3.21812582015991210938e+00) (0, 1.68250250816345214844e+00) (1, -2.51795864105224609375e+00) (2, -2.09862375259399414062e+00) (3, -1.00448350906372070312e+01) (4, -7.00345373153686523438e+00) (5, 1.89064731597900390625e+01) (6, 4.30750083923339843750e+00) (0, 3.63772654533386230469e+00) (1, -2.78117394447326660156e+00) (2, -2.68131041526794433594e+00) (3, 2.30050349235534667969e+00) (4, -2.67853999137878417969e+00) (5, 6.63660669326782226562e+00) (6, -3.47661042213439941406e+00) (7, 3.15768265724182128906e+00) (8, -1.06652927398681640625e+00) (9, -2.24445080757141113281e+00) (10, 3.14203834533691406250e+00) (11, 4.16047185659408569336e-01) 
