FANN_FLO_2.1
num_layers=3
learning_rate=0.400000
connection_rate=1.000000
network_type=0
learning_momentum=0.000000
training_algorithm=2
train_error_function=1
train_stop_function=0
cascade_output_change_fraction=0.010000
quickprop_decay=-0.000100
quickprop_mu=1.750000
rprop_increase_factor=1.200000
rprop_decrease_factor=0.500000
rprop_delta_min=0.000000
rprop_delta_max=50.000000
rprop_delta_zero=0.100000
cascade_output_stagnation_epochs=12
cascade_candidate_change_fraction=0.010000
cascade_candidate_stagnation_epochs=12
cascade_max_out_epochs=150
cascade_min_out_epochs=50
cascade_max_cand_epochs=150
cascade_min_cand_epochs=50
cascade_num_candidate_groups=2
bit_fail_limit=3.49999994039535522461e-01
cascade_candidate_limit=1.00000000000000000000e+03
cascade_weight_multiplier=4.00000005960464477539e-01
cascade_activation_functions_count=10
cascade_activation_functions=3 5 7 8 10 11 14 15 16 17 
cascade_activation_steepnesses_count=4
cascade_activation_steepnesses=2.50000000000000000000e-01 5.00000000000000000000e-01 7.50000000000000000000e-01 1.00000000000000000000e+00 
layer_sizes=7 5 2 
scale_included=0
neurons (num_inputs, activation_function, activation_steepness)=(0, 0, 0.00000000000000000000e+00) (0, 0, 0.00000000000000000000e+00) (0, 0, 0.00000000000000000000e+00) (0, 0, 0.00000000000000000000e+00) (0, 0, 0.00000000000000000000e+00) (0, 0, 0.00000000000000000000e+00) (0, 0, 0.00000000000000000000e+00) (7, 3, 5.00000000000000000000e-01) (7, 3, 5.00000000000000000000e-01) (7, 3, 5.00000000000000000000e-01) (7, 3, 5.00000000000000000000e-01) (0, 3, 0.00000000000000000000e+00) (5, 3, 5.00000000000000000000e-01) (0, 3, 0.00000000000000000000e+00) 
connections (connected_to_neuron, weight)=(0, 4.14500474929809570312e+00) (1, -2.60583448410034179688e+00) (2, -8.85129570960998535156e-01) (3, 1.58643877506256103516e+00) (4, -6.85545384883880615234e-01) (5, 5.10512161254882812500e+00) (6, -4.75857067108154296875e+00) (0, -3.01346206665039062500e+00) (1, -1.68179166316986083984e+00) (2, -3.34891629219055175781e+00) (3, -1.08967113494873046875e+00) (4, 5.01076507568359375000e+00) (5, 4.50865238904953002930e-01) (6, -1.47380435466766357422e+00) (0, -4.01620435714721679688e+00) (1, -7.16445803642272949219e-01) (2, -4.20160102844238281250e+00) (3, 9.56514418125152587891e-01) (4, -1.02082896232604980469e+00) (5, 9.44765090942382812500e+00) (6, 2.07675290107727050781e+00) (0, -5.19923686981201171875e+00) (1, -2.50279688835144042969e+00) (2, -2.56975740194320678711e-02) (3, 2.85301947593688964844e+00) (4, 1.74649167060852050781e+00) (5, 8.78202438354492187500e-01) (6, -1.65092444419860839844e+00) (7, 3.24064683914184570312e+00) (8, 2.77408313751220703125e+00) (9, -2.91602826118469238281e+00) (10, 3.56889224052429199219e+00) (11, 1.96290478110313415527e-01) 
