FANN_FLO_2.1
num_layers=3
learning_rate=0.400000
connection_rate=1.000000
network_type=0
learning_momentum=0.000000
training_algorithm=2
train_error_function=1
train_stop_function=0
cascade_output_change_fraction=0.010000
quickprop_decay=-0.000100
quickprop_mu=1.750000
rprop_increase_factor=1.200000
rprop_decrease_factor=0.500000
rprop_delta_min=0.000000
rprop_delta_max=50.000000
rprop_delta_zero=0.100000
cascade_output_stagnation_epochs=12
cascade_candidate_change_fraction=0.010000
cascade_candidate_stagnation_epochs=12
cascade_max_out_epochs=150
cascade_min_out_epochs=50
cascade_max_cand_epochs=150
cascade_min_cand_epochs=50
cascade_num_candidate_groups=2
bit_fail_limit=3.49999994039535522461e-01
cascade_candidate_limit=1.00000000000000000000e+03
cascade_weight_multiplier=4.00000005960464477539e-01
cascade_activation_functions_count=10
cascade_activation_functions=3 5 7 8 10 11 14 15 16 17 
cascade_activation_steepnesses_count=4
cascade_activation_steepnesses=2.50000000000000000000e-01 5.00000000000000000000e-01 7.50000000000000000000e-01 1.00000000000000000000e+00 
layer_sizes=7 5 2 
scale_included=0
neurons (num_inputs, activation_function, activation_steepness)=(0, 0, 0.00000000000000000000e+00) (0, 0, 0.00000000000000000000e+00) (0, 0, 0.00000000000000000000e+00) (0, 0, 0.00000000000000000000e+00) (0, 0, 0.00000000000000000000e+00) (0, 0, 0.00000000000000000000e+00) (0, 0, 0.00000000000000000000e+00) (7, 3, 5.00000000000000000000e-01) (7, 3, 5.00000000000000000000e-01) (7, 3, 5.00000000000000000000e-01) (7, 3, 5.00000000000000000000e-01) (0, 3, 0.00000000000000000000e+00) (5, 3, 5.00000000000000000000e-01) (0, 3, 0.00000000000000000000e+00) 
connections (connected_to_neuron, weight)=(0, -1.05539379119873046875e+01) (1, 9.23409175872802734375e+00) (2, -2.69945931434631347656e+00) (3, -1.70919799804687500000e+00) (4, -1.17807984352111816406e+00) (5, 3.78080725669860839844e+00) (6, 1.73881661891937255859e+00) (0, 2.80780243873596191406e+00) (1, -6.67449760437011718750e+00) (2, 6.53382301330566406250e+00) (3, -4.08410930633544921875e+00) (4, -1.62990963459014892578e+00) (5, -3.84961485862731933594e+00) (6, 6.00790834426879882812e+00) (0, 1.02221965789794921875e+01) (1, -1.11815462112426757812e+01) (2, 5.91719245910644531250e+00) (3, -1.83752882480621337891e+00) (4, 3.91685143113136291504e-02) (5, -4.49687671661376953125e+00) (6, 5.25609779357910156250e+00) (0, -2.00492215156555175781e+00) (1, 3.77649158239364624023e-01) (2, -2.41134715080261230469e+00) (3, -1.49875631332397460938e+01) (4, -6.07500648498535156250e+00) (5, 9.59404373168945312500e+00) (6, 1.64459681510925292969e+00) (7, -4.29002141952514648438e+00) (8, -5.70968091487884521484e-01) (9, -3.97355508804321289062e+00) (10, -4.87443566322326660156e-01) (11, 3.35590600967407226562e+00) 
