FANN_FLO_2.1
num_layers=3
learning_rate=0.500000
connection_rate=1.000000
network_type=0
learning_momentum=0.000000
training_algorithm=2
train_error_function=1
train_stop_function=0
cascade_output_change_fraction=0.010000
quickprop_decay=-0.000100
quickprop_mu=1.750000
rprop_increase_factor=1.200000
rprop_decrease_factor=0.500000
rprop_delta_min=0.000000
rprop_delta_max=50.000000
rprop_delta_zero=0.100000
cascade_output_stagnation_epochs=12
cascade_candidate_change_fraction=0.010000
cascade_candidate_stagnation_epochs=12
cascade_max_out_epochs=150
cascade_min_out_epochs=50
cascade_max_cand_epochs=150
cascade_min_cand_epochs=50
cascade_num_candidate_groups=2
bit_fail_limit=3.49999994039535522461e-01
cascade_candidate_limit=1.00000000000000000000e+03
cascade_weight_multiplier=4.00000005960464477539e-01
cascade_activation_functions_count=10
cascade_activation_functions=3 5 7 8 10 11 14 15 16 17 
cascade_activation_steepnesses_count=4
cascade_activation_steepnesses=2.50000000000000000000e-01 5.00000000000000000000e-01 7.50000000000000000000e-01 1.00000000000000000000e+00 
layer_sizes=10 5 2 
scale_included=0
neurons (num_inputs, activation_function, activation_steepness)=(0, 0, 0.00000000000000000000e+00) (0, 0, 0.00000000000000000000e+00) (0, 0, 0.00000000000000000000e+00) (0, 0, 0.00000000000000000000e+00) (0, 0, 0.00000000000000000000e+00) (0, 0, 0.00000000000000000000e+00) (0, 0, 0.00000000000000000000e+00) (0, 0, 0.00000000000000000000e+00) (0, 0, 0.00000000000000000000e+00) (0, 0, 0.00000000000000000000e+00) (10, 3, 5.00000000000000000000e-01) (10, 3, 5.00000000000000000000e-01) (10, 3, 5.00000000000000000000e-01) (10, 3, 5.00000000000000000000e-01) (0, 3, 0.00000000000000000000e+00) (5, 3, 5.00000000000000000000e-01) (0, 3, 0.00000000000000000000e+00) 
connections (connected_to_neuron, weight)=(0, -5.72837972640991210938e+00) (1, 6.59228026866912841797e-01) (2, 5.57493269443511962891e-01) (3, -6.37419176101684570312e+00) (4, 2.70690369606018066406e+00) (5, 4.36156196594238281250e+01) (6, -1.72673854827880859375e+01) (7, -1.14828128814697265625e+01) (8, -1.13776051998138427734e+00) (9, -4.25255298614501953125e+00) (0, -7.00407075881958007812e+00) (1, 1.54310715198516845703e+00) (2, 5.35016596317291259766e-01) (3, -3.06664705276489257812e+00) (4, 3.07934904098510742188e+00) (5, 3.11670684814453125000e+01) (6, -8.75113010406494140625e+00) (7, -1.70046329498291015625e+01) (8, -2.32733893394470214844e+00) (9, -1.79701900482177734375e+00) (0, 3.63141477108001708984e-01) (1, -1.28550779819488525391e+00) (2, 6.60131216049194335938e-01) (3, -3.48215848207473754883e-01) (4, 1.60165615081787109375e+01) (5, 1.48389282226562500000e+01) (6, -1.18649268150329589844e+00) (7, -2.04164624214172363281e+00) (8, -8.65176391601562500000e+00) (9, -5.35937738418579101562e+00) (0, -4.06939554214477539062e+00) (1, -1.93632392883300781250e+01) (2, -1.17932119369506835938e+01) (3, 3.50255995988845825195e-01) (4, 1.20947515964508056641e+00) (5, -8.19555222988128662109e-02) (6, 1.83757057189941406250e+01) (7, 1.17651617527008056641e+00) (8, 2.52399414777755737305e-01) (9, 2.51050925254821777344e+00) (10, 1.08599913120269775391e+00) (11, 8.02080214023590087891e-01) (12, 6.03147029876708984375e-01) (13, 2.01964831352233886719e+00) (14, -1.61038231849670410156e+00) 
