FANN_FLO_2.1
num_layers=3
learning_rate=0.500000
connection_rate=1.000000
network_type=0
learning_momentum=0.000000
training_algorithm=2
train_error_function=1
train_stop_function=0
cascade_output_change_fraction=0.010000
quickprop_decay=-0.000100
quickprop_mu=1.750000
rprop_increase_factor=1.200000
rprop_decrease_factor=0.500000
rprop_delta_min=0.000000
rprop_delta_max=50.000000
rprop_delta_zero=0.100000
cascade_output_stagnation_epochs=12
cascade_candidate_change_fraction=0.010000
cascade_candidate_stagnation_epochs=12
cascade_max_out_epochs=150
cascade_min_out_epochs=50
cascade_max_cand_epochs=150
cascade_min_cand_epochs=50
cascade_num_candidate_groups=2
bit_fail_limit=3.49999994039535522461e-01
cascade_candidate_limit=1.00000000000000000000e+03
cascade_weight_multiplier=4.00000005960464477539e-01
cascade_activation_functions_count=10
cascade_activation_functions=3 5 7 8 10 11 14 15 16 17 
cascade_activation_steepnesses_count=4
cascade_activation_steepnesses=2.50000000000000000000e-01 5.00000000000000000000e-01 7.50000000000000000000e-01 1.00000000000000000000e+00 
layer_sizes=10 5 2 
scale_included=0
neurons (num_inputs, activation_function, activation_steepness)=(0, 0, 0.00000000000000000000e+00) (0, 0, 0.00000000000000000000e+00) (0, 0, 0.00000000000000000000e+00) (0, 0, 0.00000000000000000000e+00) (0, 0, 0.00000000000000000000e+00) (0, 0, 0.00000000000000000000e+00) (0, 0, 0.00000000000000000000e+00) (0, 0, 0.00000000000000000000e+00) (0, 0, 0.00000000000000000000e+00) (0, 0, 0.00000000000000000000e+00) (10, 3, 5.00000000000000000000e-01) (10, 3, 5.00000000000000000000e-01) (10, 3, 5.00000000000000000000e-01) (10, 3, 5.00000000000000000000e-01) (0, 3, 0.00000000000000000000e+00) (5, 3, 5.00000000000000000000e-01) (0, 3, 0.00000000000000000000e+00) 
connections (connected_to_neuron, weight)=(0, 1.57276824116706848145e-01) (1, 1.42455692291259765625e+01) (2, 4.26468819379806518555e-01) (3, -1.03719627857208251953e+00) (4, 9.05792891979217529297e-01) (5, 1.35044169425964355469e+00) (6, -1.29021558761596679688e+01) (7, 1.90213575959205627441e-01) (8, -9.31893634796142578125e+00) (9, 1.54862964153289794922e+00) (0, 1.78524911403656005859e-01) (1, -1.95701110363006591797e+00) (2, -1.34701042175292968750e+01) (3, 1.32269537448883056641e+00) (4, 1.56993472576141357422e+00) (5, -2.79811811447143554688e+00) (6, -2.71901097148656845093e-02) (7, 2.32059431076049804688e+00) (8, 8.24537086486816406250e+00) (9, 6.89796924591064453125e-01) (0, -4.96186780929565429688e+00) (1, -5.13064479827880859375e+00) (2, -3.10430574417114257812e+00) (3, 3.60768852233886718750e+01) (4, -2.69642448425292968750e+00) (5, -2.11323051452636718750e+01) (6, -7.38567581176757812500e+01) (7, -2.40090203285217285156e+00) (8, 3.01348800659179687500e+01) (9, 1.03933289647102355957e-01) (0, 1.83240640163421630859e+00) (1, 2.61945438385009765625e+00) (2, -1.11273121833801269531e+00) (3, -2.39237499237060546875e+00) (4, 8.41900110244750976562e-01) (5, 8.01521718502044677734e-01) (6, -8.93800735473632812500e-01) (7, -1.14384059906005859375e+01) (8, 4.37579774856567382812e+00) (9, -1.71910989284515380859e+00) (10, 3.01019072532653808594e+00) (11, 3.20371365547180175781e+00) (12, -5.89138388633728027344e-01) (13, 1.76837348937988281250e+00) (14, -2.29492282867431640625e+00) 
