FANN_FLO_2.1
num_layers=3
learning_rate=0.400000
connection_rate=1.000000
network_type=0
learning_momentum=0.000000
training_algorithm=2
train_error_function=1
train_stop_function=0
cascade_output_change_fraction=0.010000
quickprop_decay=-0.000100
quickprop_mu=1.750000
rprop_increase_factor=1.200000
rprop_decrease_factor=0.500000
rprop_delta_min=0.000000
rprop_delta_max=50.000000
rprop_delta_zero=0.100000
cascade_output_stagnation_epochs=12
cascade_candidate_change_fraction=0.010000
cascade_candidate_stagnation_epochs=12
cascade_max_out_epochs=150
cascade_min_out_epochs=50
cascade_max_cand_epochs=150
cascade_min_cand_epochs=50
cascade_num_candidate_groups=2
bit_fail_limit=3.49999994039535522461e-01
cascade_candidate_limit=1.00000000000000000000e+03
cascade_weight_multiplier=4.00000005960464477539e-01
cascade_activation_functions_count=10
cascade_activation_functions=3 5 7 8 10 11 14 15 16 17 
cascade_activation_steepnesses_count=4
cascade_activation_steepnesses=2.50000000000000000000e-01 5.00000000000000000000e-01 7.50000000000000000000e-01 1.00000000000000000000e+00 
layer_sizes=7 9 2 
scale_included=0
neurons (num_inputs, activation_function, activation_steepness)=(0, 0, 0.00000000000000000000e+00) (0, 0, 0.00000000000000000000e+00) (0, 0, 0.00000000000000000000e+00) (0, 0, 0.00000000000000000000e+00) (0, 0, 0.00000000000000000000e+00) (0, 0, 0.00000000000000000000e+00) (0, 0, 0.00000000000000000000e+00) (7, 3, 5.00000000000000000000e-01) (7, 3, 5.00000000000000000000e-01) (7, 3, 5.00000000000000000000e-01) (7, 3, 5.00000000000000000000e-01) (7, 3, 5.00000000000000000000e-01) (7, 3, 5.00000000000000000000e-01) (7, 3, 5.00000000000000000000e-01) (7, 3, 5.00000000000000000000e-01) (0, 3, 0.00000000000000000000e+00) (9, 3, 5.00000000000000000000e-01) (0, 3, 0.00000000000000000000e+00) 
connections (connected_to_neuron, weight)=(0, -2.48999524116516113281e+00) (1, -4.21796464920043945312e+00) (2, 1.56245689392089843750e+01) (3, -8.73468685150146484375e+00) (4, -3.12551689147949218750e+00) (5, 7.81405329704284667969e-01) (6, 1.06864109039306640625e+01) (0, 1.38250999450683593750e+01) (1, -1.48822860717773437500e+01) (2, 5.10172033309936523438e+00) (3, -2.62642455101013183594e+00) (4, -5.89043498039245605469e-01) (5, 5.90802621841430664062e+00) (6, -6.15765762329101562500e+00) (0, 4.43899822235107421875e+00) (1, -1.01465396881103515625e+01) (2, -4.33800926208496093750e+01) (3, -9.38099575042724609375e+00) (4, -4.96780395507812500000e+00) (5, 5.84479522705078125000e+00) (6, 1.58325977325439453125e+01) (0, -4.82753992080688476562e+00) (1, -2.76277494430541992188e+00) (2, 3.25899171829223632812e+00) (3, -1.15364418029785156250e+01) (4, -3.96383047103881835938e+00) (5, 6.25894784927368164062e-01) (6, 1.35513277053833007812e+01) (0, -4.87765932083129882812e+00) (1, 3.49917459487915039062e+00) (2, -6.82072601318359375000e+01) (3, -9.88535702228546142578e-01) (4, 7.32056045532226562500e+00) (5, 1.17314662933349609375e+01) (6, -2.31363281607627868652e-01) (0, -8.56551551818847656250e+00) (1, -2.59063243865966796875e+00) (2, -1.79548629760742187500e+02) (3, 3.64236335754394531250e+01) (4, -1.87420606613159179688e+00) (5, 1.43988294601440429688e+01) (6, 9.88212680816650390625e+00) (0, 8.06600036621093750000e+02) (1, 9.22400085449218750000e+02) (2, 9.22400085449218750000e+02) (3, 8.06600036621093750000e+02) (4, 6.90800048828125000000e+02) (5, -7.31600097656250000000e+02) (6, 8.70471382141113281250e+00) (0, -9.82027053833007812500e+00) (1, 9.20947456359863281250e+00) (2, 3.53288364410400390625e+00) (3, -1.62677633762359619141e+00) (4, -1.15061104297637939453e+00) (5, -1.50000000000000000000e+03) (6, -1.04534840583801269531e+00) (7, -3.03070813417434692383e-01) (8, -7.00015354156494140625e+00) (9, -4.08489555120468139648e-01) (10, -5.67783832550048828125e-01) (11, -4.36590492725372314453e-01) (12, -2.65174925327301025391e-01) (13, 3.25659215450286865234e-02) (14, -1.29597749710083007812e+01) (15, -7.23225027322769165039e-02) 
