FANN_FLO_2.1
num_layers=4
learning_rate=0.500000
connection_rate=1.000000
network_type=0
learning_momentum=0.000000
training_algorithm=2
train_error_function=1
train_stop_function=0
cascade_output_change_fraction=0.010000
quickprop_decay=-0.000100
quickprop_mu=1.750000
rprop_increase_factor=1.200000
rprop_decrease_factor=0.500000
rprop_delta_min=0.000000
rprop_delta_max=50.000000
rprop_delta_zero=0.100000
cascade_output_stagnation_epochs=12
cascade_candidate_change_fraction=0.010000
cascade_candidate_stagnation_epochs=12
cascade_max_out_epochs=150
cascade_min_out_epochs=50
cascade_max_cand_epochs=150
cascade_min_cand_epochs=50
cascade_num_candidate_groups=2
bit_fail_limit=3.49999994039535522461e-01
cascade_candidate_limit=1.00000000000000000000e+03
cascade_weight_multiplier=4.00000005960464477539e-01
cascade_activation_functions_count=10
cascade_activation_functions=3 5 7 8 10 11 14 15 16 17 
cascade_activation_steepnesses_count=4
cascade_activation_steepnesses=2.50000000000000000000e-01 5.00000000000000000000e-01 7.50000000000000000000e-01 1.00000000000000000000e+00 
layer_sizes=2 5 3 3 
scale_included=0
neurons (num_inputs, activation_function, activation_steepness)=(0, 0, 0.00000000000000000000e+00) (0, 0, 0.00000000000000000000e+00) (2, 3, 5.00000000000000000000e-01) (2, 3, 5.00000000000000000000e-01) (2, 3, 5.00000000000000000000e-01) (2, 3, 5.00000000000000000000e-01) (0, 3, 0.00000000000000000000e+00) (5, 3, 5.00000000000000000000e-01) (5, 3, 5.00000000000000000000e-01) (0, 3, 0.00000000000000000000e+00) (3, 0, 5.00000000000000000000e-01) (3, 0, 5.00000000000000000000e-01) (0, 0, 0.00000000000000000000e+00) 
connections (connected_to_neuron, weight)=(0, 1.48503379821777343750e+01) (1, -4.41957092285156250000e+00) (0, 1.41025342941284179688e+01) (1, -2.54796862602233886719e+00) (0, 9.08686542510986328125e+00) (1, -3.99570631980895996094e+00) (0, 8.93925857543945312500e+00) (1, -3.89307785034179687500e+00) (2, 1.83471694588661193848e-01) (3, -2.16941452026367187500e+00) (4, -2.47436189651489257812e+00) (5, -2.21446394920349121094e+00) (6, 2.45765089988708496094e+00) (2, -9.36675548553466796875e+00) (3, 1.02550659179687500000e+01) (4, -6.73910081386566162109e-01) (5, -3.61607521772384643555e-01) (6, -7.03237295150756835938e-01) (7, 2.54985809326171875000e-01) (8, -3.73570728302001953125e+00) (9, 1.53157126903533935547e+00) (7, 4.92292881011962890625e+00) (8, -5.97068309783935546875e-01) (9, -2.13364386558532714844e+00) 
