FANN_FLO_2.1
num_layers=4
learning_rate=0.500000
connection_rate=1.000000
network_type=0
learning_momentum=0.000000
training_algorithm=2
train_error_function=1
train_stop_function=0
cascade_output_change_fraction=0.010000
quickprop_decay=-0.000100
quickprop_mu=1.750000
rprop_increase_factor=1.200000
rprop_decrease_factor=0.500000
rprop_delta_min=0.000000
rprop_delta_max=50.000000
rprop_delta_zero=0.100000
cascade_output_stagnation_epochs=12
cascade_candidate_change_fraction=0.010000
cascade_candidate_stagnation_epochs=12
cascade_max_out_epochs=150
cascade_min_out_epochs=50
cascade_max_cand_epochs=150
cascade_min_cand_epochs=50
cascade_num_candidate_groups=2
bit_fail_limit=3.49999994039535522461e-01
cascade_candidate_limit=1.00000000000000000000e+03
cascade_weight_multiplier=4.00000005960464477539e-01
cascade_activation_functions_count=10
cascade_activation_functions=3 5 7 8 10 11 14 15 16 17 
cascade_activation_steepnesses_count=4
cascade_activation_steepnesses=2.50000000000000000000e-01 5.00000000000000000000e-01 7.50000000000000000000e-01 1.00000000000000000000e+00 
layer_sizes=2 5 5 3 
scale_included=0
neurons (num_inputs, activation_function, activation_steepness)=(0, 0, 0.00000000000000000000e+00) (0, 0, 0.00000000000000000000e+00) (2, 3, 5.00000000000000000000e-01) (2, 3, 5.00000000000000000000e-01) (2, 3, 5.00000000000000000000e-01) (2, 3, 5.00000000000000000000e-01) (0, 3, 0.00000000000000000000e+00) (5, 3, 5.00000000000000000000e-01) (5, 3, 5.00000000000000000000e-01) (5, 3, 5.00000000000000000000e-01) (5, 3, 5.00000000000000000000e-01) (0, 3, 0.00000000000000000000e+00) (5, 0, 5.00000000000000000000e-01) (5, 0, 5.00000000000000000000e-01) (0, 0, 0.00000000000000000000e+00) 
connections (connected_to_neuron, weight)=(0, 2.14142398834228515625e+01) (1, -6.99851989746093750000e+00) (0, 2.36749305725097656250e+01) (1, -5.07682704925537109375e+00) (0, 1.65130920410156250000e+01) (1, -6.01062631607055664062e+00) (0, 3.44276313781738281250e+01) (1, -2.06483316421508789062e+00) (2, -8.04287338256835937500e+00) (3, 8.63895988464355468750e+00) (4, 2.66547918319702148438e-01) (5, 2.71557331085205078125e+00) (6, -3.37397217750549316406e+00) (2, -1.67126922607421875000e+01) (3, 9.97844600677490234375e+00) (4, -1.09823060035705566406e+00) (5, 8.27667903900146484375e+00) (6, -1.51488053798675537109e+00) (2, 1.50000000000000000000e+03) (3, 1.50000000000000000000e+03) (4, 1.50000000000000000000e+03) (5, -7.93356018066406250000e+01) (6, -5.46667337417602539062e+00) (2, -4.38416451215744018555e-01) (3, -1.87258160114288330078e+00) (4, -3.21311140060424804688e+00) (5, -7.26695120334625244141e-01) (6, 3.22953414916992187500e+00) (7, -1.53010869026184082031e+00) (8, -1.22636246681213378906e+00) (9, 8.04388672113418579102e-02) (10, -6.46277606487274169922e-01) (11, 1.10168230533599853516e+00) (7, -1.16202330589294433594e+00) (8, 8.33696842193603515625e-01) (9, -8.92018854618072509766e-01) (10, 3.29382634162902832031e+00) (11, -9.74652826786041259766e-01) 
