FANN_FLO_2.1
num_layers=3
learning_rate=0.400000
connection_rate=1.000000
network_type=0
learning_momentum=0.000000
training_algorithm=2
train_error_function=1
train_stop_function=0
cascade_output_change_fraction=0.010000
quickprop_decay=-0.000100
quickprop_mu=1.750000
rprop_increase_factor=1.200000
rprop_decrease_factor=0.500000
rprop_delta_min=0.000000
rprop_delta_max=50.000000
rprop_delta_zero=0.100000
cascade_output_stagnation_epochs=12
cascade_candidate_change_fraction=0.010000
cascade_candidate_stagnation_epochs=12
cascade_max_out_epochs=150
cascade_min_out_epochs=50
cascade_max_cand_epochs=150
cascade_min_cand_epochs=50
cascade_num_candidate_groups=2
bit_fail_limit=3.49999994039535522461e-01
cascade_candidate_limit=1.00000000000000000000e+03
cascade_weight_multiplier=4.00000005960464477539e-01
cascade_activation_functions_count=10
cascade_activation_functions=3 5 7 8 10 11 14 15 16 17 
cascade_activation_steepnesses_count=4
cascade_activation_steepnesses=2.50000000000000000000e-01 5.00000000000000000000e-01 7.50000000000000000000e-01 1.00000000000000000000e+00 
layer_sizes=7 5 2 
scale_included=0
neurons (num_inputs, activation_function, activation_steepness)=(0, 0, 0.00000000000000000000e+00) (0, 0, 0.00000000000000000000e+00) (0, 0, 0.00000000000000000000e+00) (0, 0, 0.00000000000000000000e+00) (0, 0, 0.00000000000000000000e+00) (0, 0, 0.00000000000000000000e+00) (0, 0, 0.00000000000000000000e+00) (7, 3, 5.00000000000000000000e-01) (7, 3, 5.00000000000000000000e-01) (7, 3, 5.00000000000000000000e-01) (7, 3, 5.00000000000000000000e-01) (0, 3, 0.00000000000000000000e+00) (5, 3, 5.00000000000000000000e-01) (0, 3, 0.00000000000000000000e+00) 
connections (connected_to_neuron, weight)=(0, 1.39816694259643554688e+01) (1, 3.96236491203308105469e+00) (2, 3.94951701164245605469e+00) (3, -2.57944321632385253906e+00) (4, -3.22836565971374511719e+00) (5, -3.71371912956237792969e+00) (6, -5.22374629974365234375e-01) (0, 6.66152143478393554688e+00) (1, 3.82578063011169433594e+00) (2, -1.74394607543945312500e+00) (3, -1.93286681175231933594e+00) (4, -1.88027858734130859375e+01) (5, 1.36759757995605468750e+01) (6, 1.36563825607299804688e+00) (0, -7.22227382659912109375e+00) (1, 6.07420206069946289062e+00) (2, 5.51557350158691406250e+00) (3, 2.23608180880546569824e-01) (4, -2.99652129411697387695e-01) (5, -1.20147218704223632812e+01) (6, 7.31462097167968750000e+00) (0, 6.37650251388549804688e+00) (1, 2.86861610412597656250e+00) (2, -5.83635330200195312500e-01) (3, -1.13118476867675781250e+01) (4, 1.74031347036361694336e-01) (5, -2.27355003356933593750e+00) (6, 4.53797817230224609375e+00) (7, -7.95410692691802978516e-01) (8, -1.76386666297912597656e+00) (9, -2.13850069046020507812e+00) (10, -1.44606220722198486328e+00) (11, 4.01852989196777343750e+00) 
