FANN_FLO_2.1
num_layers=4
learning_rate=0.500000
connection_rate=1.000000
network_type=0
learning_momentum=0.000000
training_algorithm=2
train_error_function=1
train_stop_function=0
cascade_output_change_fraction=0.010000
quickprop_decay=-0.000100
quickprop_mu=1.750000
rprop_increase_factor=1.200000
rprop_decrease_factor=0.500000
rprop_delta_min=0.000000
rprop_delta_max=50.000000
rprop_delta_zero=0.100000
cascade_output_stagnation_epochs=12
cascade_candidate_change_fraction=0.010000
cascade_candidate_stagnation_epochs=12
cascade_max_out_epochs=150
cascade_min_out_epochs=50
cascade_max_cand_epochs=150
cascade_min_cand_epochs=50
cascade_num_candidate_groups=2
bit_fail_limit=3.49999994039535522461e-01
cascade_candidate_limit=1.00000000000000000000e+03
cascade_weight_multiplier=4.00000005960464477539e-01
cascade_activation_functions_count=10
cascade_activation_functions=3 5 7 8 10 11 14 15 16 17 
cascade_activation_steepnesses_count=4
cascade_activation_steepnesses=2.50000000000000000000e-01 5.00000000000000000000e-01 7.50000000000000000000e-01 1.00000000000000000000e+00 
layer_sizes=2 5 5 3 
scale_included=0
neurons (num_inputs, activation_function, activation_steepness)=(0, 0, 0.00000000000000000000e+00) (0, 0, 0.00000000000000000000e+00) (2, 3, 5.00000000000000000000e-01) (2, 3, 5.00000000000000000000e-01) (2, 3, 5.00000000000000000000e-01) (2, 3, 5.00000000000000000000e-01) (0, 3, 0.00000000000000000000e+00) (5, 3, 5.00000000000000000000e-01) (5, 3, 5.00000000000000000000e-01) (5, 3, 5.00000000000000000000e-01) (5, 3, 5.00000000000000000000e-01) (0, 3, 0.00000000000000000000e+00) (5, 0, 5.00000000000000000000e-01) (5, 0, 5.00000000000000000000e-01) (0, 0, 0.00000000000000000000e+00) 
connections (connected_to_neuron, weight)=(0, -1.50000000000000000000e+03) (1, 5.76806297302246093750e+01) (0, -1.80398712158203125000e+02) (1, 1.72956562042236328125e+01) (0, 2.63369140625000000000e+01) (1, -7.15646505355834960938e+00) (0, -1.16833886718750000000e+03) (1, 5.34853477478027343750e+01) (2, 1.40140228271484375000e+02) (3, 3.43774223327636718750e+01) (4, -1.52863883972167968750e+01) (5, -1.58861068725585937500e+02) (6, 1.35086584091186523438e+00) (2, 5.06093621253967285156e-01) (3, 1.46433973312377929688e+00) (4, 1.50000000000000000000e+03) (5, -2.10001111030578613281e+00) (6, -4.65124511718750000000e+00) (2, -1.59423570632934570312e+01) (3, -3.34338569641113281250e+00) (4, -8.12251377105712890625e+00) (5, 1.17156658172607421875e+01) (6, 7.49650144577026367188e+00) (2, 5.28079795837402343750e+01) (3, -9.44859409332275390625e+00) (4, -9.79049015045166015625e+00) (5, -4.70998725891113281250e+01) (6, 9.91368675231933593750e+00) (7, 9.39650356769561767578e-01) (8, -4.38409239053726196289e-01) (9, -1.31681013107299804688e+00) (10, -1.05348587036132812500e+00) (11, 6.82797074317932128906e-01) (7, 1.99133849143981933594e+00) (8, -1.48709237575531005859e+00) (9, 2.55854797363281250000e+00) (10, 2.01988846063613891602e-01) (11, -1.37729036808013916016e+00) 
