FANN_FLO_2.1
num_layers=3
learning_rate=0.400000
connection_rate=1.000000
network_type=0
learning_momentum=0.000000
training_algorithm=2
train_error_function=1
train_stop_function=0
cascade_output_change_fraction=0.010000
quickprop_decay=-0.000100
quickprop_mu=1.750000
rprop_increase_factor=1.200000
rprop_decrease_factor=0.500000
rprop_delta_min=0.000000
rprop_delta_max=50.000000
rprop_delta_zero=0.100000
cascade_output_stagnation_epochs=12
cascade_candidate_change_fraction=0.010000
cascade_candidate_stagnation_epochs=12
cascade_max_out_epochs=150
cascade_min_out_epochs=50
cascade_max_cand_epochs=150
cascade_min_cand_epochs=50
cascade_num_candidate_groups=2
bit_fail_limit=3.49999994039535522461e-01
cascade_candidate_limit=1.00000000000000000000e+03
cascade_weight_multiplier=4.00000005960464477539e-01
cascade_activation_functions_count=10
cascade_activation_functions=3 5 7 8 10 11 14 15 16 17 
cascade_activation_steepnesses_count=4
cascade_activation_steepnesses=2.50000000000000000000e-01 5.00000000000000000000e-01 7.50000000000000000000e-01 1.00000000000000000000e+00 
layer_sizes=19 3 3 
scale_included=0
neurons (num_inputs, activation_function, activation_steepness)=(0, 0, 0.00000000000000000000e+00) (0, 0, 0.00000000000000000000e+00) (0, 0, 0.00000000000000000000e+00) (0, 0, 0.00000000000000000000e+00) (0, 0, 0.00000000000000000000e+00) (0, 0, 0.00000000000000000000e+00) (0, 0, 0.00000000000000000000e+00) (0, 0, 0.00000000000000000000e+00) (0, 0, 0.00000000000000000000e+00) (0, 0, 0.00000000000000000000e+00) (0, 0, 0.00000000000000000000e+00) (0, 0, 0.00000000000000000000e+00) (0, 0, 0.00000000000000000000e+00) (0, 0, 0.00000000000000000000e+00) (0, 0, 0.00000000000000000000e+00) (0, 0, 0.00000000000000000000e+00) (0, 0, 0.00000000000000000000e+00) (0, 0, 0.00000000000000000000e+00) (0, 0, 0.00000000000000000000e+00) (19, 3, 5.00000000000000000000e-01) (19, 3, 5.00000000000000000000e-01) (0, 3, 0.00000000000000000000e+00) (3, 3, 5.00000000000000000000e-01) (3, 3, 5.00000000000000000000e-01) (0, 3, 0.00000000000000000000e+00) 
connections (connected_to_neuron, weight)=(0, 4.36732292175292968750e+00) (1, -3.55091738700866699219e+00) (2, 2.71728217601776123047e-01) (3, -8.19154834747314453125e+00) (4, -5.62649059295654296875e+00) (5, -2.07167911529541015625e+00) (6, -8.45470368862152099609e-01) (7, 5.51783323287963867188e+00) (8, 6.32204627990722656250e+00) (9, 2.66580886840820312500e+01) (10, -2.31236553192138671875e+01) (11, 1.22929918766021728516e+00) (12, 5.00899124145507812500e+00) (13, 3.53014106750488281250e+01) (14, -7.28135395050048828125e+00) (15, -7.14355897903442382812e+00) (16, -1.98831617832183837891e+00) (17, 2.30035543441772460938e+00) (18, 1.85297340154647827148e-01) (0, -9.90184497833251953125e+00) (1, 2.00214433670043945312e+00) (2, 5.87680578231811523438e+00) (3, -3.83686900138854980469e+00) (4, 5.00910902023315429688e+00) (5, -9.55587387084960937500e+00) (6, 1.04698743820190429688e+01) (7, 2.23886704444885253906e+00) (8, 7.04032278060913085938e+00) (9, -1.86529197692871093750e+01) (10, 1.50940217971801757812e+01) (11, -2.74444293975830078125e+00) (12, 2.81774663925170898438e+00) (13, -1.64845645427703857422e+00) (14, -2.75048470497131347656e+00) (15, 5.85572004318237304688e+00) (16, -4.39101409912109375000e+00) (17, 4.60348463058471679688e+00) (18, 7.58043003082275390625e+00) (19, -8.82184743881225585938e-01) (20, -9.70916807651519775391e-01) (21, 1.04772722721099853516e+00) (19, 8.82589280605316162109e-01) (20, 9.71277296543121337891e-01) (21, -1.04826402664184570312e+00) 
