FANN_FLO_2.1
num_layers=3
learning_rate=0.400000
connection_rate=1.000000
network_type=0
learning_momentum=0.000000
training_algorithm=2
train_error_function=1
train_stop_function=0
cascade_output_change_fraction=0.010000
quickprop_decay=-0.000100
quickprop_mu=1.750000
rprop_increase_factor=1.200000
rprop_decrease_factor=0.500000
rprop_delta_min=0.000000
rprop_delta_max=50.000000
rprop_delta_zero=0.100000
cascade_output_stagnation_epochs=12
cascade_candidate_change_fraction=0.010000
cascade_candidate_stagnation_epochs=12
cascade_max_out_epochs=150
cascade_min_out_epochs=50
cascade_max_cand_epochs=150
cascade_min_cand_epochs=50
cascade_num_candidate_groups=2
bit_fail_limit=3.49999994039535522461e-01
cascade_candidate_limit=1.00000000000000000000e+03
cascade_weight_multiplier=4.00000005960464477539e-01
cascade_activation_functions_count=10
cascade_activation_functions=3 5 7 8 10 11 14 15 16 17 
cascade_activation_steepnesses_count=4
cascade_activation_steepnesses=2.50000000000000000000e-01 5.00000000000000000000e-01 7.50000000000000000000e-01 1.00000000000000000000e+00 
layer_sizes=7 5 2 
scale_included=0
neurons (num_inputs, activation_function, activation_steepness)=(0, 0, 0.00000000000000000000e+00) (0, 0, 0.00000000000000000000e+00) (0, 0, 0.00000000000000000000e+00) (0, 0, 0.00000000000000000000e+00) (0, 0, 0.00000000000000000000e+00) (0, 0, 0.00000000000000000000e+00) (0, 0, 0.00000000000000000000e+00) (7, 3, 5.00000000000000000000e-01) (7, 3, 5.00000000000000000000e-01) (7, 3, 5.00000000000000000000e-01) (7, 3, 5.00000000000000000000e-01) (0, 3, 0.00000000000000000000e+00) (5, 3, 5.00000000000000000000e-01) (0, 3, 0.00000000000000000000e+00) 
connections (connected_to_neuron, weight)=(0, 6.09116411209106445312e+00) (1, 1.44148564338684082031e+00) (2, 2.74912953376770019531e+00) (3, -3.40150451660156250000e+00) (4, 6.30215406417846679688e-01) (5, -3.12681055068969726562e+00) (6, 6.86567366123199462891e-01) (0, 2.76901721954345703125e+00) (1, 1.53183150291442871094e+00) (2, -4.90631163120269775391e-02) (3, 7.16480684280395507812e+00) (4, -1.21453905105590820312e+01) (5, 4.45981550216674804688e+00) (6, 2.74738401174545288086e-01) (0, 6.46829962730407714844e-01) (1, 6.11489951610565185547e-01) (2, -1.21594119071960449219e+00) (3, -1.13508069515228271484e+00) (4, -2.29049730300903320312e+00) (5, -3.16842555999755859375e+00) (6, 1.36042630672454833984e+00) (0, 6.69921278953552246094e-01) (1, -2.83100903034210205078e-01) (2, -2.11420118808746337891e-01) (3, 9.73946273326873779297e-01) (4, 2.32223677635192871094e+00) (5, 2.84955668449401855469e+00) (6, -2.84535884857177734375e-01) (7, -2.96100878715515136719e+00) (8, -2.62354016304016113281e+00) (9, -1.49549274444580078125e+01) (10, 4.30106019973754882812e+00) (11, 8.99028420448303222656e-01) 
