FANN_FLO_2.1
num_layers=3
learning_rate=0.500000
connection_rate=1.000000
network_type=0
learning_momentum=0.000000
training_algorithm=2
train_error_function=1
train_stop_function=0
cascade_output_change_fraction=0.010000
quickprop_decay=-0.000100
quickprop_mu=1.750000
rprop_increase_factor=1.200000
rprop_decrease_factor=0.500000
rprop_delta_min=0.000000
rprop_delta_max=50.000000
rprop_delta_zero=0.100000
cascade_output_stagnation_epochs=12
cascade_candidate_change_fraction=0.010000
cascade_candidate_stagnation_epochs=12
cascade_max_out_epochs=150
cascade_min_out_epochs=50
cascade_max_cand_epochs=150
cascade_min_cand_epochs=50
cascade_num_candidate_groups=2
bit_fail_limit=3.49999994039535522461e-01
cascade_candidate_limit=1.00000000000000000000e+03
cascade_weight_multiplier=4.00000005960464477539e-01
cascade_activation_functions_count=10
cascade_activation_functions=3 5 7 8 10 11 14 15 16 17 
cascade_activation_steepnesses_count=4
cascade_activation_steepnesses=2.50000000000000000000e-01 5.00000000000000000000e-01 7.50000000000000000000e-01 1.00000000000000000000e+00 
layer_sizes=10 5 2 
scale_included=0
neurons (num_inputs, activation_function, activation_steepness)=(0, 0, 0.00000000000000000000e+00) (0, 0, 0.00000000000000000000e+00) (0, 0, 0.00000000000000000000e+00) (0, 0, 0.00000000000000000000e+00) (0, 0, 0.00000000000000000000e+00) (0, 0, 0.00000000000000000000e+00) (0, 0, 0.00000000000000000000e+00) (0, 0, 0.00000000000000000000e+00) (0, 0, 0.00000000000000000000e+00) (0, 0, 0.00000000000000000000e+00) (10, 3, 5.00000000000000000000e-01) (10, 3, 5.00000000000000000000e-01) (10, 3, 5.00000000000000000000e-01) (10, 3, 5.00000000000000000000e-01) (0, 3, 0.00000000000000000000e+00) (5, 3, 5.00000000000000000000e-01) (0, 3, 0.00000000000000000000e+00) 
connections (connected_to_neuron, weight)=(0, -1.50000000000000000000e+03) (1, -4.35464906692504882812e+00) (2, -1.02639694213867187500e+01) (3, -1.07645355224609375000e+02) (4, 3.22338414192199707031e+00) (5, -5.99576413631439208984e-01) (6, 1.25148657226562500000e+03) (7, 1.49190485477447509766e+00) (8, 8.79139518737792968750e+00) (9, 1.47107720375061035156e-01) (0, 1.41413187980651855469e+00) (1, -7.55785608291625976562e+00) (2, 2.11772829294204711914e-01) (3, 2.22329282760620117188e+00) (4, -6.92533397674560546875e+00) (5, -3.79001832008361816406e+00) (6, 2.61542630195617675781e+00) (7, 2.61432476043701171875e+01) (8, 1.41410565376281738281e+00) (9, -4.53580284118652343750e+00) (0, -1.01843223571777343750e+01) (1, -3.54076147079467773438e-01) (2, -1.50000000000000000000e+03) (3, 5.21452538669109344482e-02) (4, 3.82178544998168945312e+00) (5, -1.45210803222656250000e+03) (6, 4.87067556381225585938e+00) (7, 1.97609198093414306641e+00) (8, 1.50000000000000000000e+03) (9, 4.91715297102928161621e-02) (0, -1.36176719665527343750e+01) (1, -1.08964509963989257812e+01) (2, 6.31190299987792968750e-01) (3, -1.60458832979202270508e-01) (4, -6.38704299926757812500e+00) (5, 3.89355957508087158203e-01) (6, 1.53271903991699218750e+01) (7, 4.05774402618408203125e+00) (8, 1.28362405300140380859e+00) (9, 2.01759076118469238281e+00) (10, 2.26370143890380859375e+00) (11, -1.60716581344604492188e+00) (12, 2.07050418853759765625e+00) (13, -2.86301207542419433594e+00) (14, 1.00400125980377197266e+00) 
