FANN_FLO_2.1
num_layers=4
learning_rate=0.400000
connection_rate=1.000000
network_type=0
learning_momentum=0.000000
training_algorithm=2
train_error_function=1
train_stop_function=0
cascade_output_change_fraction=0.010000
quickprop_decay=-0.000100
quickprop_mu=1.750000
rprop_increase_factor=1.200000
rprop_decrease_factor=0.500000
rprop_delta_min=0.000000
rprop_delta_max=50.000000
rprop_delta_zero=0.100000
cascade_output_stagnation_epochs=12
cascade_candidate_change_fraction=0.010000
cascade_candidate_stagnation_epochs=12
cascade_max_out_epochs=150
cascade_min_out_epochs=50
cascade_max_cand_epochs=150
cascade_min_cand_epochs=50
cascade_num_candidate_groups=2
bit_fail_limit=3.49999994039535522461e-01
cascade_candidate_limit=1.00000000000000000000e+03
cascade_weight_multiplier=4.00000005960464477539e-01
cascade_activation_functions_count=10
cascade_activation_functions=3 5 7 8 10 11 14 15 16 17 
cascade_activation_steepnesses_count=4
cascade_activation_steepnesses=2.50000000000000000000e-01 5.00000000000000000000e-01 7.50000000000000000000e-01 1.00000000000000000000e+00 
layer_sizes=7 3 3 2 
scale_included=0
neurons (num_inputs, activation_function, activation_steepness)=(0, 0, 0.00000000000000000000e+00) (0, 0, 0.00000000000000000000e+00) (0, 0, 0.00000000000000000000e+00) (0, 0, 0.00000000000000000000e+00) (0, 0, 0.00000000000000000000e+00) (0, 0, 0.00000000000000000000e+00) (0, 0, 0.00000000000000000000e+00) (7, 3, 5.00000000000000000000e-01) (7, 3, 5.00000000000000000000e-01) (0, 3, 0.00000000000000000000e+00) (3, 3, 5.00000000000000000000e-01) (3, 3, 5.00000000000000000000e-01) (0, 3, 0.00000000000000000000e+00) (3, 3, 5.00000000000000000000e-01) (0, 3, 0.00000000000000000000e+00) 
connections (connected_to_neuron, weight)=(0, -1.14558992385864257812e+01) (1, 9.58378124237060546875e+00) (2, -1.29532647132873535156e+00) (3, -2.49828505516052246094e+00) (4, -1.43865859508514404297e+00) (5, -6.52465534210205078125e+00) (6, 2.52386593818664550781e+00) (0, -6.43242645263671875000e+00) (1, -1.16561622619628906250e+01) (2, 4.57178735733032226562e+00) (3, -4.77205657958984375000e+00) (4, -9.16908442974090576172e-01) (5, 1.30928878784179687500e+01) (6, 4.09639978408813476562e+00) (7, 3.72314262390136718750e+00) (8, 1.89266192913055419922e+00) (9, -1.82289302349090576172e+00) (7, 5.60146760940551757812e+00) (8, 5.13510322570800781250e+00) (9, -1.44960594177246093750e+00) (10, -2.39697194099426269531e+00) (11, -1.73511087894439697266e+00) (12, -5.12607455253601074219e-01) 
