FANN_FLO_2.1
num_layers=4
learning_rate=0.500000
connection_rate=1.000000
network_type=0
learning_momentum=0.000000
training_algorithm=2
train_error_function=1
train_stop_function=0
cascade_output_change_fraction=0.010000
quickprop_decay=-0.000100
quickprop_mu=1.750000
rprop_increase_factor=1.200000
rprop_decrease_factor=0.500000
rprop_delta_min=0.000000
rprop_delta_max=50.000000
rprop_delta_zero=0.100000
cascade_output_stagnation_epochs=12
cascade_candidate_change_fraction=0.010000
cascade_candidate_stagnation_epochs=12
cascade_max_out_epochs=150
cascade_min_out_epochs=50
cascade_max_cand_epochs=150
cascade_min_cand_epochs=50
cascade_num_candidate_groups=2
bit_fail_limit=3.49999994039535522461e-01
cascade_candidate_limit=1.00000000000000000000e+03
cascade_weight_multiplier=4.00000005960464477539e-01
cascade_activation_functions_count=10
cascade_activation_functions=3 5 7 8 10 11 14 15 16 17 
cascade_activation_steepnesses_count=4
cascade_activation_steepnesses=2.50000000000000000000e-01 5.00000000000000000000e-01 7.50000000000000000000e-01 1.00000000000000000000e+00 
layer_sizes=10 5 3 2 
scale_included=0
neurons (num_inputs, activation_function, activation_steepness)=(0, 0, 0.00000000000000000000e+00) (0, 0, 0.00000000000000000000e+00) (0, 0, 0.00000000000000000000e+00) (0, 0, 0.00000000000000000000e+00) (0, 0, 0.00000000000000000000e+00) (0, 0, 0.00000000000000000000e+00) (0, 0, 0.00000000000000000000e+00) (0, 0, 0.00000000000000000000e+00) (0, 0, 0.00000000000000000000e+00) (0, 0, 0.00000000000000000000e+00) (10, 3, 5.00000000000000000000e-01) (10, 3, 5.00000000000000000000e-01) (10, 3, 5.00000000000000000000e-01) (10, 3, 5.00000000000000000000e-01) (0, 3, 0.00000000000000000000e+00) (5, 3, 5.00000000000000000000e-01) (5, 3, 5.00000000000000000000e-01) (0, 3, 0.00000000000000000000e+00) (3, 3, 5.00000000000000000000e-01) (0, 3, 0.00000000000000000000e+00) 
connections (connected_to_neuron, weight)=(0, -6.62142753601074218750e+00) (1, 5.09161090850830078125e+00) (2, -2.87046933174133300781e+00) (3, -1.39773666858673095703e+00) (4, 4.23879951238632202148e-01) (5, 7.39382654428482055664e-02) (6, 4.00552749633789062500e+00) (7, -5.51818466186523437500e+00) (8, -2.18858540058135986328e-01) (9, 2.71893882751464843750e+00) (0, -8.87432956695556640625e+00) (1, 2.20595455169677734375e+00) (2, -3.66411895751953125000e+02) (3, -3.82903289794921875000e+00) (4, 1.54324102401733398438e+00) (5, -1.10047686100006103516e+00) (6, 8.10292124748229980469e-01) (7, -1.65700471401214599609e+00) (8, -3.51149511337280273438e+00) (9, 2.90852046012878417969e+00) (0, -4.74006843566894531250e+01) (1, -2.42414736747741699219e+00) (2, -1.49926403808593750000e+03) (3, -1.49925024414062500000e+03) (4, -1.49770825195312500000e+03) (5, -7.04859252929687500000e+02) (6, 1.14492028808593750000e+03) (7, -3.44542999267578125000e+02) (8, -2.58461689949035644531e+00) (9, -1.75789213180541992188e+00) (0, 4.95876312255859375000e+01) (1, 5.91922402381896972656e-01) (2, -4.13517141342163085938e+00) (3, 6.37576341629028320312e-01) (4, -3.70824635028839111328e-02) (5, 2.00600847601890563965e-01) (6, -1.19988220214843750000e+02) (7, -1.32778539657592773438e+01) (8, 1.83493690490722656250e+01) (9, -2.72345399856567382812e+00) (10, 9.24501132965087890625e+00) (11, 3.34243488311767578125e+00) (12, 1.50000000000000000000e+03) (13, 1.73537182807922363281e+00) (14, -3.08936357498168945312e+00) (10, 6.55132341384887695312e+00) (11, 1.29273042678833007812e+01) (12, 1.50000000000000000000e+03) (13, 2.85045695304870605469e+00) (14, -2.67814826965332031250e+00) (15, 4.90924149751663208008e-01) (16, 3.15223097801208496094e-01) (17, 7.29123875498771667480e-02) 
