FANN_FLO_2.1
num_layers=4
learning_rate=0.500000
connection_rate=1.000000
network_type=0
learning_momentum=0.000000
training_algorithm=2
train_error_function=1
train_stop_function=0
cascade_output_change_fraction=0.010000
quickprop_decay=-0.000100
quickprop_mu=1.750000
rprop_increase_factor=1.200000
rprop_decrease_factor=0.500000
rprop_delta_min=0.000000
rprop_delta_max=50.000000
rprop_delta_zero=0.100000
cascade_output_stagnation_epochs=12
cascade_candidate_change_fraction=0.010000
cascade_candidate_stagnation_epochs=12
cascade_max_out_epochs=150
cascade_min_out_epochs=50
cascade_max_cand_epochs=150
cascade_min_cand_epochs=50
cascade_num_candidate_groups=2
bit_fail_limit=3.49999994039535522461e-01
cascade_candidate_limit=1.00000000000000000000e+03
cascade_weight_multiplier=4.00000005960464477539e-01
cascade_activation_functions_count=10
cascade_activation_functions=3 5 7 8 10 11 14 15 16 17 
cascade_activation_steepnesses_count=4
cascade_activation_steepnesses=2.50000000000000000000e-01 5.00000000000000000000e-01 7.50000000000000000000e-01 1.00000000000000000000e+00 
layer_sizes=10 5 3 2 
scale_included=0
neurons (num_inputs, activation_function, activation_steepness)=(0, 0, 0.00000000000000000000e+00) (0, 0, 0.00000000000000000000e+00) (0, 0, 0.00000000000000000000e+00) (0, 0, 0.00000000000000000000e+00) (0, 0, 0.00000000000000000000e+00) (0, 0, 0.00000000000000000000e+00) (0, 0, 0.00000000000000000000e+00) (0, 0, 0.00000000000000000000e+00) (0, 0, 0.00000000000000000000e+00) (0, 0, 0.00000000000000000000e+00) (10, 3, 5.00000000000000000000e-01) (10, 3, 5.00000000000000000000e-01) (10, 3, 5.00000000000000000000e-01) (10, 3, 5.00000000000000000000e-01) (0, 3, 0.00000000000000000000e+00) (5, 3, 5.00000000000000000000e-01) (5, 3, 5.00000000000000000000e-01) (0, 3, 0.00000000000000000000e+00) (3, 3, 5.00000000000000000000e-01) (0, 3, 0.00000000000000000000e+00) 
connections (connected_to_neuron, weight)=(0, -3.82965993881225585938e+00) (1, 2.65638852119445800781e+00) (2, -1.94042539596557617188e+00) (3, -2.18822860717773437500e+00) (4, 1.41693961620330810547e+00) (5, 8.55976045131683349609e-01) (6, -2.62018752098083496094e+00) (7, -1.34903538227081298828e+00) (8, 3.43922853469848632812e-01) (9, 2.66080999374389648438e+00) (0, -2.77254509925842285156e+00) (1, 5.89480543136596679688e+00) (2, -3.23799991607666015625e+00) (3, -1.86397063732147216797e+00) (4, 9.62233364582061767578e-01) (5, 5.32959759235382080078e-01) (6, -2.19082474708557128906e+00) (7, -2.22511506080627441406e+00) (8, 6.74532130360603332520e-02) (9, 9.82683479785919189453e-01) (0, -4.13982343673706054688e+00) (1, 2.62636590003967285156e+00) (2, -2.00463819503784179688e+00) (3, -2.12650561332702636719e+00) (4, 1.40426075458526611328e+00) (5, 1.28382277488708496094e+00) (6, -2.17281436920166015625e+00) (7, -1.32866430282592773438e+00) (8, 1.11879415810108184814e-01) (9, 2.54531288146972656250e+00) (0, -3.70350360870361328125e+00) (1, 6.15322303771972656250e+00) (2, -4.62447786331176757812e+00) (3, -1.81732082366943359375e+00) (4, 1.04692363739013671875e+00) (5, 4.93593275547027587891e-01) (6, -2.10473990440368652344e+00) (7, 1.02752938866615295410e-01) (8, 3.66779744625091552734e-01) (9, 8.73580873012542724609e-01) (10, 7.92291164398193359375e+00) (11, -1.68173849582672119141e+00) (12, 8.37787437438964843750e+00) (13, 9.78939723968505859375e+00) (14, -4.66064786911010742188e+00) (10, 6.16479444503784179688e+00) (11, 1.16244869232177734375e+01) (12, 7.75382518768310546875e+00) (13, 1.50361776351928710938e+01) (14, -8.64614200592041015625e+00) (15, 5.02602398395538330078e-01) (16, 2.26745128631591796875e+00) (17, -1.88601648807525634766e+00) 
