FANN_FLO_2.1
num_layers=4
learning_rate=0.500000
connection_rate=1.000000
network_type=0
learning_momentum=0.000000
training_algorithm=2
train_error_function=1
train_stop_function=0
cascade_output_change_fraction=0.010000
quickprop_decay=-0.000100
quickprop_mu=1.750000
rprop_increase_factor=1.200000
rprop_decrease_factor=0.500000
rprop_delta_min=0.000000
rprop_delta_max=50.000000
rprop_delta_zero=0.100000
cascade_output_stagnation_epochs=12
cascade_candidate_change_fraction=0.010000
cascade_candidate_stagnation_epochs=12
cascade_max_out_epochs=150
cascade_min_out_epochs=50
cascade_max_cand_epochs=150
cascade_min_cand_epochs=50
cascade_num_candidate_groups=2
bit_fail_limit=3.49999994039535522461e-01
cascade_candidate_limit=1.00000000000000000000e+03
cascade_weight_multiplier=4.00000005960464477539e-01
cascade_activation_functions_count=10
cascade_activation_functions=3 5 7 8 10 11 14 15 16 17 
cascade_activation_steepnesses_count=4
cascade_activation_steepnesses=2.50000000000000000000e-01 5.00000000000000000000e-01 7.50000000000000000000e-01 1.00000000000000000000e+00 
layer_sizes=2 5 5 3 
scale_included=0
neurons (num_inputs, activation_function, activation_steepness)=(0, 0, 0.00000000000000000000e+00) (0, 0, 0.00000000000000000000e+00) (2, 3, 5.00000000000000000000e-01) (2, 3, 5.00000000000000000000e-01) (2, 3, 5.00000000000000000000e-01) (2, 3, 5.00000000000000000000e-01) (0, 3, 0.00000000000000000000e+00) (5, 3, 5.00000000000000000000e-01) (5, 3, 5.00000000000000000000e-01) (5, 3, 5.00000000000000000000e-01) (5, 3, 5.00000000000000000000e-01) (0, 3, 0.00000000000000000000e+00) (5, 0, 5.00000000000000000000e-01) (5, 0, 5.00000000000000000000e-01) (0, 0, 0.00000000000000000000e+00) 
connections (connected_to_neuron, weight)=(0, -7.52587699890136718750e+00) (1, 7.78999507427215576172e-01) (0, -7.33200597763061523438e+00) (1, 8.45839142799377441406e-01) (0, -6.82772588729858398438e+00) (1, 7.31909275054931640625e-01) (0, -1.13536453247070312500e+01) (1, 7.34723448753356933594e-01) (2, 1.88921138644218444824e-01) (3, 2.80584871768951416016e-01) (4, -3.00090387463569641113e-02) (5, -5.10800182819366455078e-01) (6, -7.28628560900688171387e-02) (2, 9.68644320964813232422e-01) (3, 2.58568763732910156250e-01) (4, -6.34875521063804626465e-02) (5, -6.24251961708068847656e-01) (6, -2.84273177385330200195e-01) (2, -5.87249279022216796875e-01) (3, -1.12377667427062988281e+00) (4, -1.05324959754943847656e+00) (5, -2.44626784324645996094e+00) (6, 5.83390831947326660156e-01) (2, -4.12670087814331054688e+00) (3, -4.19324254989624023438e+00) (4, -4.10947370529174804688e+00) (5, 1.03380260467529296875e+01) (6, -3.77069294452667236328e-01) (7, -1.36345541477203369141e+00) (8, -1.18748629093170166016e+00) (9, -3.77689099311828613281e+00) (10, 1.33033437728881835938e+01) (11, -2.44299709796905517578e-01) (7, 8.80084753036499023438e-01) (8, 2.57555198669433593750e+00) (9, -6.25495910644531250000e+00) (10, -3.95860075950622558594e+00) (11, 1.03375303745269775391e+00) 
