FANN_FLO_2.1
num_layers=3
learning_rate=0.400000
connection_rate=1.000000
network_type=0
learning_momentum=0.000000
training_algorithm=2
train_error_function=1
train_stop_function=0
cascade_output_change_fraction=0.010000
quickprop_decay=-0.000100
quickprop_mu=1.750000
rprop_increase_factor=1.200000
rprop_decrease_factor=0.500000
rprop_delta_min=0.000000
rprop_delta_max=50.000000
rprop_delta_zero=0.100000
cascade_output_stagnation_epochs=12
cascade_candidate_change_fraction=0.010000
cascade_candidate_stagnation_epochs=12
cascade_max_out_epochs=150
cascade_min_out_epochs=50
cascade_max_cand_epochs=150
cascade_min_cand_epochs=50
cascade_num_candidate_groups=2
bit_fail_limit=3.49999994039535522461e-01
cascade_candidate_limit=1.00000000000000000000e+03
cascade_weight_multiplier=4.00000005960464477539e-01
cascade_activation_functions_count=10
cascade_activation_functions=3 5 7 8 10 11 14 15 16 17 
cascade_activation_steepnesses_count=4
cascade_activation_steepnesses=2.50000000000000000000e-01 5.00000000000000000000e-01 7.50000000000000000000e-01 1.00000000000000000000e+00 
layer_sizes=19 3 3 
scale_included=0
neurons (num_inputs, activation_function, activation_steepness)=(0, 0, 0.00000000000000000000e+00) (0, 0, 0.00000000000000000000e+00) (0, 0, 0.00000000000000000000e+00) (0, 0, 0.00000000000000000000e+00) (0, 0, 0.00000000000000000000e+00) (0, 0, 0.00000000000000000000e+00) (0, 0, 0.00000000000000000000e+00) (0, 0, 0.00000000000000000000e+00) (0, 0, 0.00000000000000000000e+00) (0, 0, 0.00000000000000000000e+00) (0, 0, 0.00000000000000000000e+00) (0, 0, 0.00000000000000000000e+00) (0, 0, 0.00000000000000000000e+00) (0, 0, 0.00000000000000000000e+00) (0, 0, 0.00000000000000000000e+00) (0, 0, 0.00000000000000000000e+00) (0, 0, 0.00000000000000000000e+00) (0, 0, 0.00000000000000000000e+00) (0, 0, 0.00000000000000000000e+00) (19, 3, 5.00000000000000000000e-01) (19, 3, 5.00000000000000000000e-01) (0, 3, 0.00000000000000000000e+00) (3, 3, 5.00000000000000000000e-01) (3, 3, 5.00000000000000000000e-01) (0, 3, 0.00000000000000000000e+00) 
connections (connected_to_neuron, weight)=(0, 4.74323213100433349609e-01) (1, -4.87323969602584838867e-01) (2, 3.81131315231323242188e+00) (3, 1.34222316741943359375e+00) (4, -3.36764156818389892578e-01) (5, 6.98273277282714843750e+00) (6, 7.84572303295135498047e-01) (7, -2.25947332382202148438e+00) (8, 3.16297268867492675781e+00) (9, 6.76383733749389648438e-01) (10, -6.65067136287689208984e-02) (11, -5.35395669937133789062e+00) (12, -2.22102785110473632812e+00) (13, 2.33931615948677062988e-01) (14, -3.08597970008850097656e+00) (15, -4.06270885467529296875e+00) (16, -1.67376041412353515625e+00) (17, -5.02371788024902343750e+00) (18, -1.44564032554626464844e+00) (0, -5.01688051223754882812e+00) (1, 2.91993641853332519531e+00) (2, -6.04842615127563476562e+00) (3, -7.36648750305175781250e+00) (4, -4.00252342224121093750e+00) (5, -1.66602954864501953125e+01) (6, -2.96954393386840820312e+00) (7, 1.94196205139160156250e+01) (8, -1.25309860706329345703e+00) (9, -1.22295064926147460938e+01) (10, -1.41550970077514648438e+00) (11, 4.14558458328247070312e+00) (12, 8.50753307342529296875e+00) (13, -1.25584459304809570312e+00) (14, 2.91239809989929199219e+00) (15, 1.99882259368896484375e+01) (16, 1.61349925994873046875e+01) (17, 1.34679679870605468750e+01) (18, -3.12682986259460449219e-01) (19, -2.27761483192443847656e+00) (20, -1.66236436367034912109e+00) (21, 1.23899745941162109375e+00) (19, 2.27434849739074707031e+00) (20, 1.65795636177062988281e+00) (21, -1.23428940773010253906e+00) 
