FANN_FLO_2.1
num_layers=3
learning_rate=0.400000
connection_rate=1.000000
network_type=0
learning_momentum=0.000000
training_algorithm=2
train_error_function=1
train_stop_function=0
cascade_output_change_fraction=0.010000
quickprop_decay=-0.000100
quickprop_mu=1.750000
rprop_increase_factor=1.200000
rprop_decrease_factor=0.500000
rprop_delta_min=0.000000
rprop_delta_max=50.000000
rprop_delta_zero=0.100000
cascade_output_stagnation_epochs=12
cascade_candidate_change_fraction=0.010000
cascade_candidate_stagnation_epochs=12
cascade_max_out_epochs=150
cascade_min_out_epochs=50
cascade_max_cand_epochs=150
cascade_min_cand_epochs=50
cascade_num_candidate_groups=2
bit_fail_limit=3.49999994039535522461e-01
cascade_candidate_limit=1.00000000000000000000e+03
cascade_weight_multiplier=4.00000005960464477539e-01
cascade_activation_functions_count=10
cascade_activation_functions=3 5 7 8 10 11 14 15 16 17 
cascade_activation_steepnesses_count=4
cascade_activation_steepnesses=2.50000000000000000000e-01 5.00000000000000000000e-01 7.50000000000000000000e-01 1.00000000000000000000e+00 
layer_sizes=7 5 2 
scale_included=0
neurons (num_inputs, activation_function, activation_steepness)=(0, 0, 0.00000000000000000000e+00) (0, 0, 0.00000000000000000000e+00) (0, 0, 0.00000000000000000000e+00) (0, 0, 0.00000000000000000000e+00) (0, 0, 0.00000000000000000000e+00) (0, 0, 0.00000000000000000000e+00) (0, 0, 0.00000000000000000000e+00) (7, 3, 5.00000000000000000000e-01) (7, 3, 5.00000000000000000000e-01) (7, 3, 5.00000000000000000000e-01) (7, 3, 5.00000000000000000000e-01) (0, 3, 0.00000000000000000000e+00) (5, 3, 5.00000000000000000000e-01) (0, 3, 0.00000000000000000000e+00) 
connections (connected_to_neuron, weight)=(0, -2.41164743900299072266e-01) (1, -5.10300016403198242188e+00) (2, -2.48926734924316406250e+00) (3, -7.78453636169433593750e+00) (4, -9.72825586795806884766e-01) (5, 1.69579595327377319336e-01) (6, 9.59755420684814453125e+00) (0, 7.48114168643951416016e-01) (1, -1.20180976390838623047e+00) (2, -5.18822050094604492188e+00) (3, 6.78743124008178710938e+00) (4, -3.66868162155151367188e+00) (5, 1.15987658500671386719e+00) (6, -3.60852408409118652344e+00) (0, 9.10644626617431640625e+00) (1, -9.62826824188232421875e+00) (2, 3.11734461784362792969e+00) (3, -3.16574406623840332031e+00) (4, 2.87682890892028808594e-01) (5, 3.85128378868103027344e+00) (6, -4.27142095565795898438e+00) (0, -1.17326908111572265625e+01) (1, 1.07360610961914062500e+01) (2, -2.84842753410339355469e+00) (3, -1.40569353103637695312e+00) (4, -8.90738546848297119141e-01) (5, -5.07625627517700195312e+00) (6, 3.92492622137069702148e-01) (7, -1.01081418991088867188e+00) (8, -1.84198176860809326172e+00) (9, -8.49968147277832031250e+00) (10, -6.00251007080078125000e+00) (11, -2.58659541606903076172e-01) 
