FANN_FLO_2.1
num_layers=3
learning_rate=0.500000
connection_rate=1.000000
network_type=0
learning_momentum=0.000000
training_algorithm=2
train_error_function=1
train_stop_function=0
cascade_output_change_fraction=0.010000
quickprop_decay=-0.000100
quickprop_mu=1.750000
rprop_increase_factor=1.200000
rprop_decrease_factor=0.500000
rprop_delta_min=0.000000
rprop_delta_max=50.000000
rprop_delta_zero=0.100000
cascade_output_stagnation_epochs=12
cascade_candidate_change_fraction=0.010000
cascade_candidate_stagnation_epochs=12
cascade_max_out_epochs=150
cascade_min_out_epochs=50
cascade_max_cand_epochs=150
cascade_min_cand_epochs=50
cascade_num_candidate_groups=2
bit_fail_limit=3.49999994039535522461e-01
cascade_candidate_limit=1.00000000000000000000e+03
cascade_weight_multiplier=4.00000005960464477539e-01
cascade_activation_functions_count=10
cascade_activation_functions=3 5 7 8 10 11 14 15 16 17 
cascade_activation_steepnesses_count=4
cascade_activation_steepnesses=2.50000000000000000000e-01 5.00000000000000000000e-01 7.50000000000000000000e-01 1.00000000000000000000e+00 
layer_sizes=10 5 2 
scale_included=0
neurons (num_inputs, activation_function, activation_steepness)=(0, 0, 0.00000000000000000000e+00) (0, 0, 0.00000000000000000000e+00) (0, 0, 0.00000000000000000000e+00) (0, 0, 0.00000000000000000000e+00) (0, 0, 0.00000000000000000000e+00) (0, 0, 0.00000000000000000000e+00) (0, 0, 0.00000000000000000000e+00) (0, 0, 0.00000000000000000000e+00) (0, 0, 0.00000000000000000000e+00) (0, 0, 0.00000000000000000000e+00) (10, 3, 5.00000000000000000000e-01) (10, 3, 5.00000000000000000000e-01) (10, 3, 5.00000000000000000000e-01) (10, 3, 5.00000000000000000000e-01) (0, 3, 0.00000000000000000000e+00) (5, 3, 5.00000000000000000000e-01) (0, 3, 0.00000000000000000000e+00) 
connections (connected_to_neuron, weight)=(0, -8.63273811340332031250e+00) (1, 9.20797348022460937500e+00) (2, -9.22165870666503906250e+00) (3, 4.14128094911575317383e-01) (4, -1.35468864440917968750e+00) (5, -8.00916850566864013672e-01) (6, -2.74895485490560531616e-02) (7, 2.19765639305114746094e+00) (8, -3.63842397928237915039e-02) (9, 2.59635090827941894531e-01) (0, -1.82407417297363281250e+01) (1, 2.36401939392089843750e+00) (2, -3.96198606491088867188e+00) (3, -2.43849492073059082031e+00) (4, -2.11475872993469238281e+00) (5, 2.54167914390563964844e-01) (6, 4.77911043167114257812e+00) (7, 1.35146512985229492188e+01) (8, 3.92613828182220458984e-01) (9, 8.93779754638671875000e-01) (0, 1.35539445877075195312e+01) (1, 1.51823729276657104492e-01) (2, 1.39869344234466552734e+00) (3, 2.06095051765441894531e+00) (4, -1.64291954040527343750e+00) (5, -1.39211165904998779297e+00) (6, -1.10482416152954101562e+01) (7, -4.66558170318603515625e+00) (8, -2.17298769950866699219e+00) (9, 2.30938687920570373535e-01) (0, 1.31386661529541015625e+00) (1, 1.79043400287628173828e+00) (2, 2.99208283424377441406e-01) (3, 2.16174101829528808594e+00) (4, -1.34484510421752929688e+01) (5, -5.29451370239257812500e-01) (6, 5.13172864913940429688e+00) (7, 2.64449000358581542969e+00) (8, -4.77842903137207031250e+00) (9, -3.26019942760467529297e-01) (10, 2.84107297658920288086e-01) (11, 2.96289134025573730469e+00) (12, 2.94687891006469726562e+00) (13, 2.96094417572021484375e+00) (14, -2.28437829017639160156e+00) 
