FANN_FLO_2.1
num_layers=3
learning_rate=0.400000
connection_rate=1.000000
network_type=0
learning_momentum=0.000000
training_algorithm=2
train_error_function=1
train_stop_function=0
cascade_output_change_fraction=0.010000
quickprop_decay=-0.000100
quickprop_mu=1.750000
rprop_increase_factor=1.200000
rprop_decrease_factor=0.500000
rprop_delta_min=0.000000
rprop_delta_max=50.000000
rprop_delta_zero=0.100000
cascade_output_stagnation_epochs=12
cascade_candidate_change_fraction=0.010000
cascade_candidate_stagnation_epochs=12
cascade_max_out_epochs=150
cascade_min_out_epochs=50
cascade_max_cand_epochs=150
cascade_min_cand_epochs=50
cascade_num_candidate_groups=2
bit_fail_limit=3.49999994039535522461e-01
cascade_candidate_limit=1.00000000000000000000e+03
cascade_weight_multiplier=4.00000005960464477539e-01
cascade_activation_functions_count=10
cascade_activation_functions=3 5 7 8 10 11 14 15 16 17 
cascade_activation_steepnesses_count=4
cascade_activation_steepnesses=2.50000000000000000000e-01 5.00000000000000000000e-01 7.50000000000000000000e-01 1.00000000000000000000e+00 
layer_sizes=19 3 3 
scale_included=0
neurons (num_inputs, activation_function, activation_steepness)=(0, 0, 0.00000000000000000000e+00) (0, 0, 0.00000000000000000000e+00) (0, 0, 0.00000000000000000000e+00) (0, 0, 0.00000000000000000000e+00) (0, 0, 0.00000000000000000000e+00) (0, 0, 0.00000000000000000000e+00) (0, 0, 0.00000000000000000000e+00) (0, 0, 0.00000000000000000000e+00) (0, 0, 0.00000000000000000000e+00) (0, 0, 0.00000000000000000000e+00) (0, 0, 0.00000000000000000000e+00) (0, 0, 0.00000000000000000000e+00) (0, 0, 0.00000000000000000000e+00) (0, 0, 0.00000000000000000000e+00) (0, 0, 0.00000000000000000000e+00) (0, 0, 0.00000000000000000000e+00) (0, 0, 0.00000000000000000000e+00) (0, 0, 0.00000000000000000000e+00) (0, 0, 0.00000000000000000000e+00) (19, 3, 5.00000000000000000000e-01) (19, 3, 5.00000000000000000000e-01) (0, 3, 0.00000000000000000000e+00) (3, 3, 5.00000000000000000000e-01) (3, 3, 5.00000000000000000000e-01) (0, 3, 0.00000000000000000000e+00) 
connections (connected_to_neuron, weight)=(0, -3.05633401870727539062e+00) (1, 5.42103910446166992188e+00) (2, 5.00645732879638671875e+00) (3, 1.29753808975219726562e+01) (4, 3.76748871803283691406e+00) (5, 6.50009250640869140625e+00) (6, -1.63455319404602050781e+00) (7, -6.79453182220458984375e+00) (8, 1.40946996212005615234e+00) (9, 1.16993963718414306641e+00) (10, 8.54265308380126953125e+00) (11, 5.35748291015625000000e+00) (12, -3.72513413429260253906e+00) (13, -2.60968863964080810547e-01) (14, -2.11836986541748046875e+01) (15, 2.52253800630569458008e-01) (16, -7.77631580829620361328e-01) (17, 4.52606201171875000000e+01) (18, -9.18180274963378906250e+00) (0, 1.98399221897125244141e+00) (1, -9.00311470031738281250e-01) (2, -9.73280906677246093750e+00) (3, -1.57469034194946289062e+00) (4, 1.57466869354248046875e+01) (5, 6.22045230865478515625e+00) (6, 1.86813461780548095703e+00) (7, -2.38512825965881347656e+00) (8, 2.13328790664672851562e+00) (9, 8.66901397705078125000e+00) (10, 4.81503307819366455078e-01) (11, -3.23182106018066406250e+00) (12, -1.14635829925537109375e+01) (13, 1.80843746662139892578e+00) (14, 1.10026473999023437500e+01) (15, 1.03678617477416992188e+01) (16, 1.39043998718261718750e+00) (17, -7.65753459930419921875e+00) (18, -1.71782660484313964844e+00) (19, -8.48155260086059570312e-01) (20, -9.80235397815704345703e-01) (21, 1.09166872501373291016e+00) (19, 8.47436189651489257812e-01) (20, 9.80720818042755126953e-01) (21, -1.09151601791381835938e+00) 
