FANN_FLO_2.1
num_layers=3
learning_rate=0.400000
connection_rate=1.000000
network_type=0
learning_momentum=0.000000
training_algorithm=2
train_error_function=1
train_stop_function=0
cascade_output_change_fraction=0.010000
quickprop_decay=-0.000100
quickprop_mu=1.750000
rprop_increase_factor=1.200000
rprop_decrease_factor=0.500000
rprop_delta_min=0.000000
rprop_delta_max=50.000000
rprop_delta_zero=0.100000
cascade_output_stagnation_epochs=12
cascade_candidate_change_fraction=0.010000
cascade_candidate_stagnation_epochs=12
cascade_max_out_epochs=150
cascade_min_out_epochs=50
cascade_max_cand_epochs=150
cascade_min_cand_epochs=50
cascade_num_candidate_groups=2
bit_fail_limit=3.49999994039535522461e-01
cascade_candidate_limit=1.00000000000000000000e+03
cascade_weight_multiplier=4.00000005960464477539e-01
cascade_activation_functions_count=10
cascade_activation_functions=3 5 7 8 10 11 14 15 16 17 
cascade_activation_steepnesses_count=4
cascade_activation_steepnesses=2.50000000000000000000e-01 5.00000000000000000000e-01 7.50000000000000000000e-01 1.00000000000000000000e+00 
layer_sizes=7 9 2 
scale_included=0
neurons (num_inputs, activation_function, activation_steepness)=(0, 0, 0.00000000000000000000e+00) (0, 0, 0.00000000000000000000e+00) (0, 0, 0.00000000000000000000e+00) (0, 0, 0.00000000000000000000e+00) (0, 0, 0.00000000000000000000e+00) (0, 0, 0.00000000000000000000e+00) (0, 0, 0.00000000000000000000e+00) (7, 3, 5.00000000000000000000e-01) (7, 3, 5.00000000000000000000e-01) (7, 3, 5.00000000000000000000e-01) (7, 3, 5.00000000000000000000e-01) (7, 3, 5.00000000000000000000e-01) (7, 3, 5.00000000000000000000e-01) (7, 3, 5.00000000000000000000e-01) (7, 3, 5.00000000000000000000e-01) (0, 3, 0.00000000000000000000e+00) (9, 3, 5.00000000000000000000e-01) (0, 3, 0.00000000000000000000e+00) 
connections (connected_to_neuron, weight)=(0, -2.27566409111022949219e+00) (1, -2.21864366531372070312e+00) (2, -4.28828525543212890625e+00) (3, 1.58433079719543457031e+00) (4, -2.52570301294326782227e-01) (5, 5.22214698791503906250e+00) (6, -7.63878166675567626953e-01) (0, -1.62394487857818603516e+00) (1, -1.44571185111999511719e+00) (2, 3.09527873992919921875e+00) (3, -1.59060966968536376953e+00) (4, 2.44220566749572753906e+00) (5, 2.02271914482116699219e+00) (6, -3.45183938741683959961e-01) (0, -1.84165692329406738281e+00) (1, -1.64410328865051269531e+00) (2, 7.51734793186187744141e-01) (3, 1.63134503364562988281e+00) (4, -5.34547901153564453125e+00) (5, 6.00848150253295898438e+00) (6, -1.55101883411407470703e+00) (0, 3.34637194871902465820e-01) (1, 4.87865507602691650391e-01) (2, -1.57289123535156250000e+00) (3, -7.88783264160156250000e+00) (4, -2.77271389961242675781e+00) (5, 1.41081724166870117188e+01) (6, 6.59378394484519958496e-02) (0, -1.60556697845458984375e+00) (1, -2.32203269004821777344e+00) (2, -4.89188814163208007812e+00) (3, 1.34746170043945312500e+00) (4, 1.39254677295684814453e+00) (5, 3.07163906097412109375e+00) (6, -1.63562953472137451172e+00) (0, 1.01231079101562500000e+01) (1, 1.40377736091613769531e+00) (2, -8.21637344360351562500e+00) (3, -3.38286828994750976562e+00) (4, -1.47304618358612060547e+00) (5, 6.77666950225830078125e+00) (6, 1.91807639598846435547e+00) (0, -2.04028654098510742188e+00) (1, -2.25833582878112792969e+00) (2, -6.80393314361572265625e+00) (3, 4.97744607925415039062e+00) (4, -4.45495080947875976562e+00) (5, 9.16335582733154296875e+00) (6, -9.50214147567749023438e-01) (0, -1.62822186946868896484e+00) (1, -2.88432121276855468750e+00) (2, -6.61884927749633789062e+00) (3, 2.39041304588317871094e+00) (4, 2.27853679656982421875e+00) (5, 1.78949701786041259766e+00) (6, -1.91635537147521972656e+00) (7, 5.72564363479614257812e-01) (8, 1.08250963687896728516e+00) (9, 1.95838141441345214844e+00) (10, -2.99319148063659667969e+00) (11, 5.88006138801574707031e-01) (12, -8.48552942276000976562e-01) (13, 9.07373547554016113281e-01) (14, 2.52841925621032714844e+00) (15, 1.37074533849954605103e-02) 
