FANN_FLO_2.1
num_layers=4
learning_rate=0.400000
connection_rate=1.000000
network_type=0
learning_momentum=0.000000
training_algorithm=2
train_error_function=1
train_stop_function=0
cascade_output_change_fraction=0.010000
quickprop_decay=-0.000100
quickprop_mu=1.750000
rprop_increase_factor=1.200000
rprop_decrease_factor=0.500000
rprop_delta_min=0.000000
rprop_delta_max=50.000000
rprop_delta_zero=0.100000
cascade_output_stagnation_epochs=12
cascade_candidate_change_fraction=0.010000
cascade_candidate_stagnation_epochs=12
cascade_max_out_epochs=150
cascade_min_out_epochs=50
cascade_max_cand_epochs=150
cascade_min_cand_epochs=50
cascade_num_candidate_groups=2
bit_fail_limit=3.49999994039535522461e-01
cascade_candidate_limit=1.00000000000000000000e+03
cascade_weight_multiplier=4.00000005960464477539e-01
cascade_activation_functions_count=10
cascade_activation_functions=3 5 7 8 10 11 14 15 16 17 
cascade_activation_steepnesses_count=4
cascade_activation_steepnesses=2.50000000000000000000e-01 5.00000000000000000000e-01 7.50000000000000000000e-01 1.00000000000000000000e+00 
layer_sizes=7 5 5 2 
scale_included=0
neurons (num_inputs, activation_function, activation_steepness)=(0, 0, 0.00000000000000000000e+00) (0, 0, 0.00000000000000000000e+00) (0, 0, 0.00000000000000000000e+00) (0, 0, 0.00000000000000000000e+00) (0, 0, 0.00000000000000000000e+00) (0, 0, 0.00000000000000000000e+00) (0, 0, 0.00000000000000000000e+00) (7, 3, 5.00000000000000000000e-01) (7, 3, 5.00000000000000000000e-01) (7, 3, 5.00000000000000000000e-01) (7, 3, 5.00000000000000000000e-01) (0, 3, 0.00000000000000000000e+00) (5, 3, 5.00000000000000000000e-01) (5, 3, 5.00000000000000000000e-01) (5, 3, 5.00000000000000000000e-01) (5, 3, 5.00000000000000000000e-01) (0, 3, 0.00000000000000000000e+00) (5, 3, 5.00000000000000000000e-01) (0, 3, 0.00000000000000000000e+00) 
connections (connected_to_neuron, weight)=(0, -2.81985449790954589844e+00) (1, -6.74899291992187500000e+00) (2, 9.65337467193603515625e+00) (3, -1.16956720352172851562e+01) (4, -5.68494176864624023438e+00) (5, 5.26570940017700195312e+00) (6, 6.35170793533325195312e+00) (0, -5.16038370132446289062e+00) (1, 1.64638960361480712891e+00) (2, -1.62032926082611083984e+00) (3, -9.83706855773925781250e+00) (4, -3.80816268920898437500e+00) (5, -2.99093198776245117188e+00) (6, 7.55122041702270507812e+00) (0, -2.25310373306274414062e+00) (1, 2.31429293751716613770e-01) (2, 1.53147872924804687500e+02) (3, -9.49343109130859375000e+01) (4, -5.52087768554687500000e+02) (5, 9.28448486328125000000e+00) (6, -4.99046653509140014648e-01) (0, -6.79655218124389648438e+00) (1, 1.26650805664062500000e+03) (2, 1.77338973999023437500e+02) (3, 1.34011059570312500000e+03) (4, 1.28471142578125000000e+03) (5, 1.49982727050781250000e+03) (6, 4.92964839935302734375e+00) (7, 1.92427154541015625000e+02) (8, 5.84251070022583007812e+00) (9, -2.79024017333984375000e+02) (10, -3.83933223783969879150e-02) (11, -2.81172442436218261719e+00) (7, 4.34386873245239257812e+00) (8, 5.48046445846557617188e+00) (9, -5.10984863281250000000e+02) (10, 2.35270783305168151855e-01) (11, -2.75434112548828125000e+00) (7, 4.08959655761718750000e+02) (8, 7.11501159667968750000e+01) (9, -1.50000000000000000000e+03) (10, 9.94442016601562500000e+02) (11, -1.80653226375579833984e+00) (7, 2.90207557678222656250e+01) (8, 3.47293472290039062500e+01) (9, -5.20160217285156250000e+02) (10, -6.25881135463714599609e-01) (11, -9.32075321674346923828e-01) (12, -9.22339320182800292969e-01) (13, -4.08898890018463134766e-01) (14, -7.54346191883087158203e-01) (15, -6.13939225673675537109e-01) (16, -5.49528837203979492188e-01) 
