FANN_FLO_2.1
num_layers=3
learning_rate=0.500000
connection_rate=1.000000
network_type=0
learning_momentum=0.000000
training_algorithm=2
train_error_function=1
train_stop_function=0
cascade_output_change_fraction=0.010000
quickprop_decay=-0.000100
quickprop_mu=1.750000
rprop_increase_factor=1.200000
rprop_decrease_factor=0.500000
rprop_delta_min=0.000000
rprop_delta_max=50.000000
rprop_delta_zero=0.100000
cascade_output_stagnation_epochs=12
cascade_candidate_change_fraction=0.010000
cascade_candidate_stagnation_epochs=12
cascade_max_out_epochs=150
cascade_min_out_epochs=50
cascade_max_cand_epochs=150
cascade_min_cand_epochs=50
cascade_num_candidate_groups=2
bit_fail_limit=3.49999994039535522461e-01
cascade_candidate_limit=1.00000000000000000000e+03
cascade_weight_multiplier=4.00000005960464477539e-01
cascade_activation_functions_count=10
cascade_activation_functions=3 5 7 8 10 11 14 15 16 17 
cascade_activation_steepnesses_count=4
cascade_activation_steepnesses=2.50000000000000000000e-01 5.00000000000000000000e-01 7.50000000000000000000e-01 1.00000000000000000000e+00 
layer_sizes=10 3 2 
scale_included=0
neurons (num_inputs, activation_function, activation_steepness)=(0, 0, 0.00000000000000000000e+00) (0, 0, 0.00000000000000000000e+00) (0, 0, 0.00000000000000000000e+00) (0, 0, 0.00000000000000000000e+00) (0, 0, 0.00000000000000000000e+00) (0, 0, 0.00000000000000000000e+00) (0, 0, 0.00000000000000000000e+00) (0, 0, 0.00000000000000000000e+00) (0, 0, 0.00000000000000000000e+00) (0, 0, 0.00000000000000000000e+00) (10, 3, 5.00000000000000000000e-01) (10, 3, 5.00000000000000000000e-01) (0, 3, 0.00000000000000000000e+00) (3, 3, 5.00000000000000000000e-01) (0, 3, 0.00000000000000000000e+00) 
connections (connected_to_neuron, weight)=(0, -1.49684106445312500000e+03) (1, -1.31383447647094726562e+01) (2, -4.27019691467285156250e+00) (3, -2.42039903998374938965e-01) (4, 4.92506837844848632812e+00) (5, -5.22174596786499023438e-01) (6, 1.14703942871093750000e+03) (7, 6.28841686248779296875e+00) (8, 8.43151855468750000000e+00) (9, 1.27587020397186279297e-02) (0, 2.05503344535827636719e+00) (1, 1.28530845642089843750e+01) (2, 1.21897153854370117188e+01) (3, 1.24102866649627685547e+00) (4, 1.11976528167724609375e+00) (5, 2.59709477424621582031e+00) (6, -6.32259893417358398438e+00) (7, -2.51543483734130859375e+01) (8, -1.83335411548614501953e+00) (9, -7.97900974750518798828e-01) (10, 3.89117956161499023438e+00) (11, 3.92563772201538085938e+00) (12, -3.02313852310180664062e+00) 
