FANN_FLO_2.1
num_layers=3
learning_rate=0.400000
connection_rate=1.000000
network_type=0
learning_momentum=0.000000
training_algorithm=2
train_error_function=1
train_stop_function=0
cascade_output_change_fraction=0.010000
quickprop_decay=-0.000100
quickprop_mu=1.750000
rprop_increase_factor=1.200000
rprop_decrease_factor=0.500000
rprop_delta_min=0.000000
rprop_delta_max=50.000000
rprop_delta_zero=0.100000
cascade_output_stagnation_epochs=12
cascade_candidate_change_fraction=0.010000
cascade_candidate_stagnation_epochs=12
cascade_max_out_epochs=150
cascade_min_out_epochs=50
cascade_max_cand_epochs=150
cascade_min_cand_epochs=50
cascade_num_candidate_groups=2
bit_fail_limit=3.49999994039535522461e-01
cascade_candidate_limit=1.00000000000000000000e+03
cascade_weight_multiplier=4.00000005960464477539e-01
cascade_activation_functions_count=10
cascade_activation_functions=3 5 7 8 10 11 14 15 16 17 
cascade_activation_steepnesses_count=4
cascade_activation_steepnesses=2.50000000000000000000e-01 5.00000000000000000000e-01 7.50000000000000000000e-01 1.00000000000000000000e+00 
layer_sizes=7 5 2 
scale_included=0
neurons (num_inputs, activation_function, activation_steepness)=(0, 0, 0.00000000000000000000e+00) (0, 0, 0.00000000000000000000e+00) (0, 0, 0.00000000000000000000e+00) (0, 0, 0.00000000000000000000e+00) (0, 0, 0.00000000000000000000e+00) (0, 0, 0.00000000000000000000e+00) (0, 0, 0.00000000000000000000e+00) (7, 3, 5.00000000000000000000e-01) (7, 3, 5.00000000000000000000e-01) (7, 3, 5.00000000000000000000e-01) (7, 3, 5.00000000000000000000e-01) (0, 3, 0.00000000000000000000e+00) (5, 3, 5.00000000000000000000e-01) (0, 3, 0.00000000000000000000e+00) 
connections (connected_to_neuron, weight)=(0, 5.72324943542480468750e+00) (1, -4.16402578353881835938e+00) (2, 2.76358485221862792969e+00) (3, -3.05928039550781250000e+00) (4, 1.07532489299774169922e+00) (5, 1.75184071063995361328e+00) (6, -4.62725114822387695312e+00) (0, -7.13401365280151367188e+00) (1, 6.39780521392822265625e+00) (2, -2.47719883918762207031e+00) (3, -3.51542383432388305664e-01) (4, -1.00664901733398437500e+00) (5, -4.81843090057373046875e+00) (6, -7.10284411907196044922e-02) (0, -2.46339154243469238281e+00) (1, -9.78640079498291015625e+00) (2, -4.27069616317749023438e+00) (3, 2.98615485429763793945e-01) (4, -5.91641330718994140625e+00) (5, 1.13029174804687500000e+01) (6, 1.88255727291107177734e+00) (0, -9.86201465129852294922e-02) (1, -2.64166617393493652344e+00) (2, 1.60564994812011718750e+01) (3, -1.12037193775177001953e+00) (4, 1.93127319216728210449e-02) (5, 1.87412071228027343750e+00) (6, 2.35581612586975097656e+00) (7, -7.94770669937133789062e+00) (8, -8.55486869812011718750e+00) (9, -1.38620102405548095703e+00) (10, -9.27313029766082763672e-01) (11, 5.34109696745872497559e-02) 
