FANN_FLO_2.1
num_layers=3
learning_rate=0.400000
connection_rate=1.000000
network_type=0
learning_momentum=0.000000
training_algorithm=2
train_error_function=1
train_stop_function=0
cascade_output_change_fraction=0.010000
quickprop_decay=-0.000100
quickprop_mu=1.750000
rprop_increase_factor=1.200000
rprop_decrease_factor=0.500000
rprop_delta_min=0.000000
rprop_delta_max=50.000000
rprop_delta_zero=0.100000
cascade_output_stagnation_epochs=12
cascade_candidate_change_fraction=0.010000
cascade_candidate_stagnation_epochs=12
cascade_max_out_epochs=150
cascade_min_out_epochs=50
cascade_max_cand_epochs=150
cascade_min_cand_epochs=50
cascade_num_candidate_groups=2
bit_fail_limit=3.49999994039535522461e-01
cascade_candidate_limit=1.00000000000000000000e+03
cascade_weight_multiplier=4.00000005960464477539e-01
cascade_activation_functions_count=10
cascade_activation_functions=3 5 7 8 10 11 14 15 16 17 
cascade_activation_steepnesses_count=4
cascade_activation_steepnesses=2.50000000000000000000e-01 5.00000000000000000000e-01 7.50000000000000000000e-01 1.00000000000000000000e+00 
layer_sizes=19 3 3 
scale_included=0
neurons (num_inputs, activation_function, activation_steepness)=(0, 0, 0.00000000000000000000e+00) (0, 0, 0.00000000000000000000e+00) (0, 0, 0.00000000000000000000e+00) (0, 0, 0.00000000000000000000e+00) (0, 0, 0.00000000000000000000e+00) (0, 0, 0.00000000000000000000e+00) (0, 0, 0.00000000000000000000e+00) (0, 0, 0.00000000000000000000e+00) (0, 0, 0.00000000000000000000e+00) (0, 0, 0.00000000000000000000e+00) (0, 0, 0.00000000000000000000e+00) (0, 0, 0.00000000000000000000e+00) (0, 0, 0.00000000000000000000e+00) (0, 0, 0.00000000000000000000e+00) (0, 0, 0.00000000000000000000e+00) (0, 0, 0.00000000000000000000e+00) (0, 0, 0.00000000000000000000e+00) (0, 0, 0.00000000000000000000e+00) (0, 0, 0.00000000000000000000e+00) (19, 3, 5.00000000000000000000e-01) (19, 3, 5.00000000000000000000e-01) (0, 3, 0.00000000000000000000e+00) (3, 3, 5.00000000000000000000e-01) (3, 3, 5.00000000000000000000e-01) (0, 3, 0.00000000000000000000e+00) 
connections (connected_to_neuron, weight)=(0, 1.33488740921020507812e+01) (1, 2.47528481483459472656e+00) (2, 1.38416695594787597656e+00) (3, -7.46292257308959960938e+00) (4, 5.15213155746459960938e+00) (5, 1.16082944869995117188e+01) (6, 3.15996193885803222656e+00) (7, -3.92723870277404785156e+00) (8, -1.33095970153808593750e+01) (9, -4.26444959640502929688e+00) (10, -1.60815989971160888672e+00) (11, -1.90382518768310546875e+01) (12, 9.06863987445831298828e-01) (13, 5.61892127990722656250e+00) (14, 8.47229671478271484375e+00) (15, 1.31256418228149414062e+01) (16, -4.91710036993026733398e-01) (17, 1.00448236465454101562e+01) (18, 9.63084518909454345703e-01) (0, -2.44623613357543945312e+00) (1, 2.21601700782775878906e+00) (2, -8.94347000122070312500e+00) (3, -2.18284630775451660156e+00) (4, -2.58211493492126464844e+00) (5, -6.83981084823608398438e+00) (6, 2.34930992126464843750e+00) (7, 2.17817163467407226562e+00) (8, 6.21093130111694335938e+00) (9, 6.40991544723510742188e+00) (10, 1.54117345809936523438e+01) (11, -3.95654582977294921875e+00) (12, -1.79415106773376464844e+00) (13, -8.31563472747802734375e+00) (14, -2.63642430305480957031e+00) (15, -8.39775848388671875000e+00) (16, -2.93553972244262695312e+00) (17, 2.81095433235168457031e+00) (18, 1.69835281372070312500e+01) (19, -8.56918632984161376953e-01) (20, -1.03262615203857421875e+00) (21, 1.18883943557739257812e+00) (19, 8.58003139495849609375e-01) (20, 1.03198766708374023438e+00) (21, -1.18897390365600585938e+00) 
