FANN_FLO_2.1
num_layers=3
learning_rate=0.400000
connection_rate=1.000000
network_type=0
learning_momentum=0.000000
training_algorithm=2
train_error_function=1
train_stop_function=0
cascade_output_change_fraction=0.010000
quickprop_decay=-0.000100
quickprop_mu=1.750000
rprop_increase_factor=1.200000
rprop_decrease_factor=0.500000
rprop_delta_min=0.000000
rprop_delta_max=50.000000
rprop_delta_zero=0.100000
cascade_output_stagnation_epochs=12
cascade_candidate_change_fraction=0.010000
cascade_candidate_stagnation_epochs=12
cascade_max_out_epochs=150
cascade_min_out_epochs=50
cascade_max_cand_epochs=150
cascade_min_cand_epochs=50
cascade_num_candidate_groups=2
bit_fail_limit=3.49999994039535522461e-01
cascade_candidate_limit=1.00000000000000000000e+03
cascade_weight_multiplier=4.00000005960464477539e-01
cascade_activation_functions_count=10
cascade_activation_functions=3 5 7 8 10 11 14 15 16 17 
cascade_activation_steepnesses_count=4
cascade_activation_steepnesses=2.50000000000000000000e-01 5.00000000000000000000e-01 7.50000000000000000000e-01 1.00000000000000000000e+00 
layer_sizes=7 9 2 
scale_included=0
neurons (num_inputs, activation_function, activation_steepness)=(0, 0, 0.00000000000000000000e+00) (0, 0, 0.00000000000000000000e+00) (0, 0, 0.00000000000000000000e+00) (0, 0, 0.00000000000000000000e+00) (0, 0, 0.00000000000000000000e+00) (0, 0, 0.00000000000000000000e+00) (0, 0, 0.00000000000000000000e+00) (7, 3, 5.00000000000000000000e-01) (7, 3, 5.00000000000000000000e-01) (7, 3, 5.00000000000000000000e-01) (7, 3, 5.00000000000000000000e-01) (7, 3, 5.00000000000000000000e-01) (7, 3, 5.00000000000000000000e-01) (7, 3, 5.00000000000000000000e-01) (7, 3, 5.00000000000000000000e-01) (0, 3, 0.00000000000000000000e+00) (9, 3, 5.00000000000000000000e-01) (0, 3, 0.00000000000000000000e+00) 
connections (connected_to_neuron, weight)=(0, -6.01298809051513671875e-01) (1, -9.18858706951141357422e-01) (2, 2.75690603256225585938e+00) (3, -4.25311177968978881836e-01) (4, 5.23727560043334960938e+00) (5, -2.55090951919555664062e+00) (6, -3.89178562164306640625e+00) (0, 4.63885545730590820312e+00) (1, 5.34323644638061523438e+00) (2, 9.40178680419921875000e+00) (3, -2.43156790733337402344e+00) (4, -4.91346216201782226562e+00) (5, -3.15484070777893066406e+00) (6, 1.72363483905792236328e+00) (0, 3.48028469085693359375e+00) (1, 3.44800806045532226562e+00) (2, 7.16706931591033935547e-01) (3, -2.74699497222900390625e+00) (4, 1.43950223922729492188e+00) (5, -1.06825294494628906250e+01) (6, 5.87957143783569335938e+00) (0, 8.31666278839111328125e+00) (1, 3.94849276542663574219e+00) (2, 5.61627244949340820312e+00) (3, -7.42675495147705078125e+00) (4, -1.59098827838897705078e+00) (5, -9.28441047668457031250e+00) (6, 3.12918710708618164062e+00) (0, 4.55589723587036132812e+00) (1, 5.22916555404663085938e+00) (2, 6.60596370697021484375e+00) (3, -2.22123003005981445312e+00) (4, -5.27176237106323242188e+00) (5, -2.96587729454040527344e+00) (6, 6.99632585048675537109e-01) (0, 2.44235682487487792969e+00) (1, 3.79325985908508300781e+00) (2, 9.34831321239471435547e-01) (3, -3.84970116615295410156e+00) (4, 3.36307549476623535156e+00) (5, -1.22290458679199218750e+01) (6, 6.28006172180175781250e+00) (0, 4.76539373397827148438e+00) (1, 1.44430130720138549805e-01) (2, -3.30713343620300292969e+00) (3, 1.57371580600738525391e+00) (4, 2.09935307502746582031e+00) (5, -1.26613974571228027344e-01) (6, -5.48419117927551269531e-01) (0, 9.09056282043457031250e+00) (1, 5.35133695602416992188e+00) (2, 4.04074811935424804688e+00) (3, -4.94595098495483398438e+00) (4, -1.19027864933013916016e+00) (5, -1.73227977752685546875e+00) (6, 1.07897710800170898438e+00) (7, 3.32200717926025390625e+00) (8, -6.75819098949432373047e-01) (9, -7.50585436820983886719e-01) (10, -5.55097281932830810547e-01) (11, -6.31953239440917968750e-01) (12, -1.05519163608551025391e+00) (13, 2.07729172706604003906e+00) (14, -6.73968613147735595703e-01) (15, 4.74660962820053100586e-01) 
