FANN_FLO_2.1
num_layers=3
learning_rate=0.400000
connection_rate=1.000000
network_type=0
learning_momentum=0.000000
training_algorithm=2
train_error_function=1
train_stop_function=0
cascade_output_change_fraction=0.010000
quickprop_decay=-0.000100
quickprop_mu=1.750000
rprop_increase_factor=1.200000
rprop_decrease_factor=0.500000
rprop_delta_min=0.000000
rprop_delta_max=50.000000
rprop_delta_zero=0.100000
cascade_output_stagnation_epochs=12
cascade_candidate_change_fraction=0.010000
cascade_candidate_stagnation_epochs=12
cascade_max_out_epochs=150
cascade_min_out_epochs=50
cascade_max_cand_epochs=150
cascade_min_cand_epochs=50
cascade_num_candidate_groups=2
bit_fail_limit=3.49999994039535522461e-01
cascade_candidate_limit=1.00000000000000000000e+03
cascade_weight_multiplier=4.00000005960464477539e-01
cascade_activation_functions_count=10
cascade_activation_functions=3 5 7 8 10 11 14 15 16 17 
cascade_activation_steepnesses_count=4
cascade_activation_steepnesses=2.50000000000000000000e-01 5.00000000000000000000e-01 7.50000000000000000000e-01 1.00000000000000000000e+00 
layer_sizes=7 5 2 
scale_included=0
neurons (num_inputs, activation_function, activation_steepness)=(0, 0, 0.00000000000000000000e+00) (0, 0, 0.00000000000000000000e+00) (0, 0, 0.00000000000000000000e+00) (0, 0, 0.00000000000000000000e+00) (0, 0, 0.00000000000000000000e+00) (0, 0, 0.00000000000000000000e+00) (0, 0, 0.00000000000000000000e+00) (7, 3, 5.00000000000000000000e-01) (7, 3, 5.00000000000000000000e-01) (7, 3, 5.00000000000000000000e-01) (7, 3, 5.00000000000000000000e-01) (0, 3, 0.00000000000000000000e+00) (5, 3, 5.00000000000000000000e-01) (0, 3, 0.00000000000000000000e+00) 
connections (connected_to_neuron, weight)=(0, -2.87623786926269531250e+01) (1, 2.81299781799316406250e+01) (2, -1.65684366226196289062e+00) (3, -1.89680743217468261719e+00) (4, -1.43709450960159301758e-01) (5, 2.24655508995056152344e+00) (6, 1.50846385955810546875e+00) (0, 2.71235923767089843750e+01) (1, -2.92844963073730468750e+01) (2, 7.89292907714843750000e+00) (3, -4.39756202697753906250e+00) (4, -9.06854152679443359375e-01) (5, 6.48234891891479492188e+00) (6, -4.60559844970703125000e+00) (0, 8.54522895812988281250e+00) (1, -1.31809530258178710938e+01) (2, 4.05920648574829101562e+00) (3, -7.41774654388427734375e+00) (4, -2.15776181221008300781e+00) (5, 1.25578498840332031250e+00) (6, 8.89202213287353515625e+00) (0, -1.03257632255554199219e+00) (1, 3.53894650936126708984e-01) (2, -2.61438894271850585938e+00) (3, -1.52835518121719360352e-01) (4, -9.09822165966033935547e-01) (5, -1.50000000000000000000e+03) (6, 1.22516465187072753906e+00) (7, -1.81877970695495605469e+00) (8, -3.60731315612792968750e+00) (9, -1.38622629642486572266e+00) (10, -2.67132997512817382812e+00) (11, 9.32575881481170654297e-01) 
