FANN_FLO_2.1
num_layers=3
learning_rate=0.500000
connection_rate=1.000000
network_type=0
learning_momentum=0.000000
training_algorithm=2
train_error_function=1
train_stop_function=0
cascade_output_change_fraction=0.010000
quickprop_decay=-0.000100
quickprop_mu=1.750000
rprop_increase_factor=1.200000
rprop_decrease_factor=0.500000
rprop_delta_min=0.000000
rprop_delta_max=50.000000
rprop_delta_zero=0.100000
cascade_output_stagnation_epochs=12
cascade_candidate_change_fraction=0.010000
cascade_candidate_stagnation_epochs=12
cascade_max_out_epochs=150
cascade_min_out_epochs=50
cascade_max_cand_epochs=150
cascade_min_cand_epochs=50
cascade_num_candidate_groups=2
bit_fail_limit=3.49999994039535522461e-01
cascade_candidate_limit=1.00000000000000000000e+03
cascade_weight_multiplier=4.00000005960464477539e-01
cascade_activation_functions_count=10
cascade_activation_functions=3 5 7 8 10 11 14 15 16 17 
cascade_activation_steepnesses_count=4
cascade_activation_steepnesses=2.50000000000000000000e-01 5.00000000000000000000e-01 7.50000000000000000000e-01 1.00000000000000000000e+00 
layer_sizes=10 3 2 
scale_included=0
neurons (num_inputs, activation_function, activation_steepness)=(0, 0, 0.00000000000000000000e+00) (0, 0, 0.00000000000000000000e+00) (0, 0, 0.00000000000000000000e+00) (0, 0, 0.00000000000000000000e+00) (0, 0, 0.00000000000000000000e+00) (0, 0, 0.00000000000000000000e+00) (0, 0, 0.00000000000000000000e+00) (0, 0, 0.00000000000000000000e+00) (0, 0, 0.00000000000000000000e+00) (0, 0, 0.00000000000000000000e+00) (10, 3, 5.00000000000000000000e-01) (10, 3, 5.00000000000000000000e-01) (0, 3, 0.00000000000000000000e+00) (3, 3, 5.00000000000000000000e-01) (0, 3, 0.00000000000000000000e+00) 
connections (connected_to_neuron, weight)=(0, -1.02777743339538574219e+00) (1, 1.90532720088958740234e+00) (2, 1.06465749442577362061e-01) (3, -2.46590662002563476562e+00) (4, -3.93610835075378417969e+00) (5, -7.13059544563293457031e-01) (6, 4.72095394134521484375e+00) (7, -1.13273155689239501953e+00) (8, 5.38655614852905273438e+00) (9, 1.26679039001464843750e+00) (0, -4.10470783710479736328e-01) (1, 1.66829204559326171875e+00) (2, -4.54049968719482421875e+00) (3, -4.22918653488159179688e+00) (4, -3.60724300146102905273e-01) (5, -5.63115978240966796875e+00) (6, 4.13854312896728515625e+00) (7, -7.05956888198852539062e+00) (8, -1.48289430141448974609e+00) (9, 9.42106056213378906250e+00) (10, 1.34137713909149169922e+00) (11, 2.61110687255859375000e+00) (12, -2.59485960006713867188e+00) 
