FANN_FLO_2.1
num_layers=3
learning_rate=0.400000
connection_rate=1.000000
network_type=0
learning_momentum=0.000000
training_algorithm=2
train_error_function=1
train_stop_function=0
cascade_output_change_fraction=0.010000
quickprop_decay=-0.000100
quickprop_mu=1.750000
rprop_increase_factor=1.200000
rprop_decrease_factor=0.500000
rprop_delta_min=0.000000
rprop_delta_max=50.000000
rprop_delta_zero=0.100000
cascade_output_stagnation_epochs=12
cascade_candidate_change_fraction=0.010000
cascade_candidate_stagnation_epochs=12
cascade_max_out_epochs=150
cascade_min_out_epochs=50
cascade_max_cand_epochs=150
cascade_min_cand_epochs=50
cascade_num_candidate_groups=2
bit_fail_limit=3.49999994039535522461e-01
cascade_candidate_limit=1.00000000000000000000e+03
cascade_weight_multiplier=4.00000005960464477539e-01
cascade_activation_functions_count=10
cascade_activation_functions=3 5 7 8 10 11 14 15 16 17 
cascade_activation_steepnesses_count=4
cascade_activation_steepnesses=2.50000000000000000000e-01 5.00000000000000000000e-01 7.50000000000000000000e-01 1.00000000000000000000e+00 
layer_sizes=19 3 3 
scale_included=0
neurons (num_inputs, activation_function, activation_steepness)=(0, 0, 0.00000000000000000000e+00) (0, 0, 0.00000000000000000000e+00) (0, 0, 0.00000000000000000000e+00) (0, 0, 0.00000000000000000000e+00) (0, 0, 0.00000000000000000000e+00) (0, 0, 0.00000000000000000000e+00) (0, 0, 0.00000000000000000000e+00) (0, 0, 0.00000000000000000000e+00) (0, 0, 0.00000000000000000000e+00) (0, 0, 0.00000000000000000000e+00) (0, 0, 0.00000000000000000000e+00) (0, 0, 0.00000000000000000000e+00) (0, 0, 0.00000000000000000000e+00) (0, 0, 0.00000000000000000000e+00) (0, 0, 0.00000000000000000000e+00) (0, 0, 0.00000000000000000000e+00) (0, 0, 0.00000000000000000000e+00) (0, 0, 0.00000000000000000000e+00) (0, 0, 0.00000000000000000000e+00) (19, 3, 5.00000000000000000000e-01) (19, 3, 5.00000000000000000000e-01) (0, 3, 0.00000000000000000000e+00) (3, 3, 5.00000000000000000000e-01) (3, 3, 5.00000000000000000000e-01) (0, 3, 0.00000000000000000000e+00) 
connections (connected_to_neuron, weight)=(0, 1.00862102508544921875e+01) (1, 9.50204670429229736328e-01) (2, -3.17393279075622558594e+00) (3, 1.88706130981445312500e+01) (4, 1.01504600048065185547e+00) (5, 6.88261842727661132812e+00) (6, 7.49956321716308593750e+00) (7, -2.48136210441589355469e+00) (8, -9.01504039764404296875e+00) (9, -1.85061721801757812500e+01) (10, 1.65852653980255126953e+00) (11, -7.92896687984466552734e-01) (12, -9.24412822723388671875e+00) (13, -4.68544334173202514648e-01) (14, 7.88028335571289062500e+00) (15, 7.66314506530761718750e+00) (16, -7.97555255889892578125e+00) (17, -3.13623213768005371094e+00) (18, 1.34430378675460815430e-01) (0, -5.46444940567016601562e+00) (1, -6.62770748138427734375e-01) (2, 9.15314376354217529297e-01) (3, -7.03153753280639648438e+00) (4, -6.46134853363037109375e-01) (5, 3.26651781797409057617e-01) (6, -4.39275979995727539062e+00) (7, 4.25108373165130615234e-01) (8, 5.05108952522277832031e-01) (9, 6.72959852218627929688e+00) (10, -2.39226758480072021484e-01) (11, 6.81620299816131591797e-01) (12, 5.56834602355957031250e+00) (13, -5.32799124717712402344e-01) (14, -2.53242421150207519531e+00) (15, 1.18268334865570068359e+00) (16, 4.55981522798538208008e-01) (17, 2.29383707046508789062e-01) (18, -1.45931851863861083984e+00) (19, -1.16674590110778808594e+00) (20, -1.93853247165679931641e+00) (21, 6.35277748107910156250e-01) (19, 1.16711163520812988281e+00) (20, 1.93883585929870605469e+00) (21, -6.35828793048858642578e-01) 
