FANN_FLO_2.1
num_layers=4
learning_rate=0.500000
connection_rate=1.000000
network_type=0
learning_momentum=0.000000
training_algorithm=2
train_error_function=1
train_stop_function=0
cascade_output_change_fraction=0.010000
quickprop_decay=-0.000100
quickprop_mu=1.750000
rprop_increase_factor=1.200000
rprop_decrease_factor=0.500000
rprop_delta_min=0.000000
rprop_delta_max=50.000000
rprop_delta_zero=0.100000
cascade_output_stagnation_epochs=12
cascade_candidate_change_fraction=0.010000
cascade_candidate_stagnation_epochs=12
cascade_max_out_epochs=150
cascade_min_out_epochs=50
cascade_max_cand_epochs=150
cascade_min_cand_epochs=50
cascade_num_candidate_groups=2
bit_fail_limit=3.49999994039535522461e-01
cascade_candidate_limit=1.00000000000000000000e+03
cascade_weight_multiplier=4.00000005960464477539e-01
cascade_activation_functions_count=10
cascade_activation_functions=3 5 7 8 10 11 14 15 16 17 
cascade_activation_steepnesses_count=4
cascade_activation_steepnesses=2.50000000000000000000e-01 5.00000000000000000000e-01 7.50000000000000000000e-01 1.00000000000000000000e+00 
layer_sizes=10 3 3 2 
scale_included=0
neurons (num_inputs, activation_function, activation_steepness)=(0, 0, 0.00000000000000000000e+00) (0, 0, 0.00000000000000000000e+00) (0, 0, 0.00000000000000000000e+00) (0, 0, 0.00000000000000000000e+00) (0, 0, 0.00000000000000000000e+00) (0, 0, 0.00000000000000000000e+00) (0, 0, 0.00000000000000000000e+00) (0, 0, 0.00000000000000000000e+00) (0, 0, 0.00000000000000000000e+00) (0, 0, 0.00000000000000000000e+00) (10, 3, 5.00000000000000000000e-01) (10, 3, 5.00000000000000000000e-01) (0, 3, 0.00000000000000000000e+00) (3, 3, 5.00000000000000000000e-01) (3, 3, 5.00000000000000000000e-01) (0, 3, 0.00000000000000000000e+00) (3, 3, 5.00000000000000000000e-01) (0, 3, 0.00000000000000000000e+00) 
connections (connected_to_neuron, weight)=(0, -4.12711334228515625000e+00) (1, -1.44916713237762451172e+00) (2, 1.39333248138427734375e+01) (3, -1.56312668323516845703e+00) (4, -6.89076304435729980469e-01) (5, 5.28771448135375976562e+00) (6, -4.37736845016479492188e+00) (7, 6.11148405075073242188e+00) (8, -6.67703866958618164062e+00) (9, -1.58293139934539794922e+00) (0, -6.84939265251159667969e-01) (1, 3.30388426780700683594e+00) (2, -2.53887724876403808594e+00) (3, -5.30490207672119140625e+00) (4, 2.40608191490173339844e+00) (5, -6.70854449272155761719e-02) (6, -2.03485488891601562500e-01) (7, -6.33169412612915039062e+00) (8, 5.81713616847991943359e-01) (9, 4.45271015167236328125e+00) (10, -5.01273965835571289062e+00) (11, 9.49269771575927734375e+00) (12, -1.21488042175769805908e-01) (10, -4.80028867721557617188e+00) (11, 9.37168121337890625000e+00) (12, -1.79252728819847106934e-01) (13, 2.04446125030517578125e+00) (14, 5.50553262233734130859e-01) (15, -1.68943238258361816406e+00) 
