FANN_FLO_2.1
num_layers=4
learning_rate=0.400000
connection_rate=1.000000
network_type=0
learning_momentum=0.000000
training_algorithm=2
train_error_function=1
train_stop_function=0
cascade_output_change_fraction=0.010000
quickprop_decay=-0.000100
quickprop_mu=1.750000
rprop_increase_factor=1.200000
rprop_decrease_factor=0.500000
rprop_delta_min=0.000000
rprop_delta_max=50.000000
rprop_delta_zero=0.100000
cascade_output_stagnation_epochs=12
cascade_candidate_change_fraction=0.010000
cascade_candidate_stagnation_epochs=12
cascade_max_out_epochs=150
cascade_min_out_epochs=50
cascade_max_cand_epochs=150
cascade_min_cand_epochs=50
cascade_num_candidate_groups=2
bit_fail_limit=3.49999994039535522461e-01
cascade_candidate_limit=1.00000000000000000000e+03
cascade_weight_multiplier=4.00000005960464477539e-01
cascade_activation_functions_count=10
cascade_activation_functions=3 5 7 8 10 11 14 15 16 17 
cascade_activation_steepnesses_count=4
cascade_activation_steepnesses=2.50000000000000000000e-01 5.00000000000000000000e-01 7.50000000000000000000e-01 1.00000000000000000000e+00 
layer_sizes=7 5 5 2 
scale_included=0
neurons (num_inputs, activation_function, activation_steepness)=(0, 0, 0.00000000000000000000e+00) (0, 0, 0.00000000000000000000e+00) (0, 0, 0.00000000000000000000e+00) (0, 0, 0.00000000000000000000e+00) (0, 0, 0.00000000000000000000e+00) (0, 0, 0.00000000000000000000e+00) (0, 0, 0.00000000000000000000e+00) (7, 3, 5.00000000000000000000e-01) (7, 3, 5.00000000000000000000e-01) (7, 3, 5.00000000000000000000e-01) (7, 3, 5.00000000000000000000e-01) (0, 3, 0.00000000000000000000e+00) (5, 3, 5.00000000000000000000e-01) (5, 3, 5.00000000000000000000e-01) (5, 3, 5.00000000000000000000e-01) (5, 3, 5.00000000000000000000e-01) (0, 3, 0.00000000000000000000e+00) (5, 3, 5.00000000000000000000e-01) (0, 3, 0.00000000000000000000e+00) 
connections (connected_to_neuron, weight)=(0, -2.54154663085937500000e+01) (1, -1.49909509277343750000e+03) (2, 1.50000000000000000000e+03) (3, -1.94876945018768310547e+00) (4, -1.63035464286804199219e+00) (5, 4.78298614501953125000e+02) (6, 3.69278550148010253906e+00) (0, -2.36078834533691406250e+01) (1, -4.05316925048828125000e+01) (2, 1.47697485351562500000e+03) (3, -1.18028434753417968750e+02) (4, 1.46859397888183593750e+01) (5, -9.38030548095703125000e+01) (6, 4.79628849029541015625e+00) (0, -6.70566129684448242188e+00) (1, 5.62133407592773437500e+00) (2, -4.28088951110839843750e+00) (3, -1.54742610454559326172e+00) (4, -1.15509414672851562500e+00) (5, -4.91893768310546875000e+00) (6, 8.46431493759155273438e-01) (0, 2.24257564544677734375e+00) (1, -9.64834690093994140625e+00) (2, 1.62873625755310058594e+00) (3, -1.07579755783081054688e+01) (4, -3.58391141891479492188e+00) (5, 9.45319366455078125000e+00) (6, 3.09302711486816406250e+00) (7, 1.50000000000000000000e+03) (8, 1.58234930038452148438e+00) (9, 8.15147495269775390625e+00) (10, 2.93928742408752441406e+00) (11, -3.81930184364318847656e+00) (7, 1.50000000000000000000e+03) (8, 3.35375261306762695312e+00) (9, 4.34275169372558593750e+01) (10, 5.36427612304687500000e+02) (11, -9.34945392608642578125e+00) (7, 1.50000000000000000000e+03) (8, 6.83239379882812500000e+02) (9, 1.48192932128906250000e+03) (10, 1.49937500000000000000e+03) (11, 3.55982551574707031250e+01) (7, 1.50000000000000000000e+03) (8, -3.20380043983459472656e+00) (9, 1.87512474060058593750e+01) (10, 7.01607608795166015625e+00) (11, -2.52618288993835449219e+00) (12, -2.96988511085510253906e+00) (13, -4.49024081230163574219e-01) (14, -5.60962080955505371094e-01) (15, -9.21258330345153808594e-01) (16, -4.07801657915115356445e-01) 
