FANN_FLO_2.1
num_layers=3
learning_rate=0.500000
connection_rate=1.000000
network_type=0
learning_momentum=0.000000
training_algorithm=2
train_error_function=1
train_stop_function=0
cascade_output_change_fraction=0.010000
quickprop_decay=-0.000100
quickprop_mu=1.750000
rprop_increase_factor=1.200000
rprop_decrease_factor=0.500000
rprop_delta_min=0.000000
rprop_delta_max=50.000000
rprop_delta_zero=0.100000
cascade_output_stagnation_epochs=12
cascade_candidate_change_fraction=0.010000
cascade_candidate_stagnation_epochs=12
cascade_max_out_epochs=150
cascade_min_out_epochs=50
cascade_max_cand_epochs=150
cascade_min_cand_epochs=50
cascade_num_candidate_groups=2
bit_fail_limit=3.49999994039535522461e-01
cascade_candidate_limit=1.00000000000000000000e+03
cascade_weight_multiplier=4.00000005960464477539e-01
cascade_activation_functions_count=10
cascade_activation_functions=3 5 7 8 10 11 14 15 16 17 
cascade_activation_steepnesses_count=4
cascade_activation_steepnesses=2.50000000000000000000e-01 5.00000000000000000000e-01 7.50000000000000000000e-01 1.00000000000000000000e+00 
layer_sizes=10 5 2 
scale_included=0
neurons (num_inputs, activation_function, activation_steepness)=(0, 0, 0.00000000000000000000e+00) (0, 0, 0.00000000000000000000e+00) (0, 0, 0.00000000000000000000e+00) (0, 0, 0.00000000000000000000e+00) (0, 0, 0.00000000000000000000e+00) (0, 0, 0.00000000000000000000e+00) (0, 0, 0.00000000000000000000e+00) (0, 0, 0.00000000000000000000e+00) (0, 0, 0.00000000000000000000e+00) (0, 0, 0.00000000000000000000e+00) (10, 3, 5.00000000000000000000e-01) (10, 3, 5.00000000000000000000e-01) (10, 3, 5.00000000000000000000e-01) (10, 3, 5.00000000000000000000e-01) (0, 3, 0.00000000000000000000e+00) (5, 3, 5.00000000000000000000e-01) (0, 3, 0.00000000000000000000e+00) 
connections (connected_to_neuron, weight)=(0, 3.60430259704589843750e+01) (1, 1.04485754394531250000e+03) (2, -1.50000000000000000000e+03) (3, -2.16936516761779785156e+00) (4, -3.01652862548828125000e+02) (5, 3.46383911132812500000e+02) (6, -1.02330112457275390625e+00) (7, -6.69676971435546875000e+00) (8, -3.67754364013671875000e+01) (9, -3.69748425483703613281e+00) (0, -4.13087646484375000000e+02) (1, 4.32818695068359375000e+02) (2, -1.50000000000000000000e+03) (3, 5.10389089584350585938e-01) (4, 1.54822373390197753906e+00) (5, 1.12311865234375000000e+03) (6, 2.25201681256294250488e-01) (7, -6.11935436725616455078e-01) (8, 1.59359832763671875000e+02) (9, -7.91417465209960937500e+01) (0, -8.58921691894531250000e+02) (1, 3.15126743316650390625e+01) (2, -1.50000000000000000000e+03) (3, -6.25754165649414062500e+00) (4, 1.00263092041015625000e+03) (5, 2.45706680297851562500e+02) (6, 2.36476850509643554688e+00) (7, -3.20371704101562500000e+01) (8, 7.50947448730468750000e+02) (9, -1.28330261230468750000e+02) (0, 4.83190679550170898438e+00) (1, 1.55295495986938476562e+01) (2, 9.45384788513183593750e+00) (3, 2.18404173851013183594e+00) (4, 5.18755555152893066406e-01) (5, 1.22865753173828125000e+01) (6, -8.81517410278320312500e+00) (7, -3.20601367950439453125e+00) (8, -2.86932106018066406250e+01) (9, -3.18188524246215820312e+00) (10, 1.94300919771194458008e-01) (11, 9.43562328815460205078e-01) (12, 1.91378664970397949219e+00) (13, 2.85417461395263671875e+00) (14, -1.99258077144622802734e+00) 
