FANN_FLO_2.1
num_layers=3
learning_rate=0.500000
connection_rate=1.000000
network_type=0
learning_momentum=0.000000
training_algorithm=2
train_error_function=1
train_stop_function=0
cascade_output_change_fraction=0.010000
quickprop_decay=-0.000100
quickprop_mu=1.750000
rprop_increase_factor=1.200000
rprop_decrease_factor=0.500000
rprop_delta_min=0.000000
rprop_delta_max=50.000000
rprop_delta_zero=0.100000
cascade_output_stagnation_epochs=12
cascade_candidate_change_fraction=0.010000
cascade_candidate_stagnation_epochs=12
cascade_max_out_epochs=150
cascade_min_out_epochs=50
cascade_max_cand_epochs=150
cascade_min_cand_epochs=50
cascade_num_candidate_groups=2
bit_fail_limit=3.49999994039535522461e-01
cascade_candidate_limit=1.00000000000000000000e+03
cascade_weight_multiplier=4.00000005960464477539e-01
cascade_activation_functions_count=10
cascade_activation_functions=3 5 7 8 10 11 14 15 16 17 
cascade_activation_steepnesses_count=4
cascade_activation_steepnesses=2.50000000000000000000e-01 5.00000000000000000000e-01 7.50000000000000000000e-01 1.00000000000000000000e+00 
layer_sizes=10 5 2 
scale_included=0
neurons (num_inputs, activation_function, activation_steepness)=(0, 0, 0.00000000000000000000e+00) (0, 0, 0.00000000000000000000e+00) (0, 0, 0.00000000000000000000e+00) (0, 0, 0.00000000000000000000e+00) (0, 0, 0.00000000000000000000e+00) (0, 0, 0.00000000000000000000e+00) (0, 0, 0.00000000000000000000e+00) (0, 0, 0.00000000000000000000e+00) (0, 0, 0.00000000000000000000e+00) (0, 0, 0.00000000000000000000e+00) (10, 3, 5.00000000000000000000e-01) (10, 3, 5.00000000000000000000e-01) (10, 3, 5.00000000000000000000e-01) (10, 3, 5.00000000000000000000e-01) (0, 3, 0.00000000000000000000e+00) (5, 3, 5.00000000000000000000e-01) (0, 3, 0.00000000000000000000e+00) 
connections (connected_to_neuron, weight)=(0, -6.39124774932861328125e+00) (1, 2.35121965408325195312e+00) (2, -6.24237155914306640625e+00) (3, -9.34782028198242187500e+00) (4, -4.90222722291946411133e-01) (5, 1.14836919307708740234e+00) (6, 8.79721355438232421875e+00) (7, 2.87032580375671386719e+00) (8, 1.69088393449783325195e-01) (9, 1.01702749729156494141e+00) (0, -2.94557780027389526367e-01) (1, 3.44548106193542480469e-01) (2, -1.21977351605892181396e-01) (3, 4.58181709051132202148e-01) (4, -4.00184202194213867188e+00) (5, -2.37761989235877990723e-01) (6, 3.39588224887847900391e-02) (7, 1.25575292110443115234e+00) (8, 5.25353431701660156250e-01) (9, 3.82708102464675903320e-01) (0, -1.24248862266540527344e-01) (1, 3.89695733785629272461e-01) (2, 6.61904290318489074707e-02) (3, 1.42623746395111083984e+00) (4, -9.04166698455810546875e+00) (5, -4.59089815616607666016e-01) (6, 2.86657381057739257812e+00) (7, 1.63030254840850830078e+00) (8, 2.16928660869598388672e-01) (9, 3.95379483699798583984e-01) (0, 2.30952072143554687500e+00) (1, 3.75921666622161865234e-01) (2, 2.19080328941345214844e+00) (3, 8.78498935699462890625e+00) (4, -3.41459369659423828125e+00) (5, -1.91507220268249511719e-01) (6, -1.22446107864379882812e+01) (7, 6.03713214397430419922e-01) (8, -1.31190741062164306641e+00) (9, 5.13328015804290771484e-01) (10, 3.33603143692016601562e+00) (11, 1.69066762924194335938e+00) (12, 2.06608557701110839844e+00) (13, 3.28988647460937500000e+00) (14, -3.25796985626220703125e+00) 
