FANN_FLO_2.1
num_layers=3
learning_rate=0.400000
connection_rate=1.000000
network_type=0
learning_momentum=0.000000
training_algorithm=2
train_error_function=1
train_stop_function=0
cascade_output_change_fraction=0.010000
quickprop_decay=-0.000100
quickprop_mu=1.750000
rprop_increase_factor=1.200000
rprop_decrease_factor=0.500000
rprop_delta_min=0.000000
rprop_delta_max=50.000000
rprop_delta_zero=0.100000
cascade_output_stagnation_epochs=12
cascade_candidate_change_fraction=0.010000
cascade_candidate_stagnation_epochs=12
cascade_max_out_epochs=150
cascade_min_out_epochs=50
cascade_max_cand_epochs=150
cascade_min_cand_epochs=50
cascade_num_candidate_groups=2
bit_fail_limit=3.49999994039535522461e-01
cascade_candidate_limit=1.00000000000000000000e+03
cascade_weight_multiplier=4.00000005960464477539e-01
cascade_activation_functions_count=10
cascade_activation_functions=3 5 7 8 10 11 14 15 16 17 
cascade_activation_steepnesses_count=4
cascade_activation_steepnesses=2.50000000000000000000e-01 5.00000000000000000000e-01 7.50000000000000000000e-01 1.00000000000000000000e+00 
layer_sizes=7 5 2 
scale_included=0
neurons (num_inputs, activation_function, activation_steepness)=(0, 0, 0.00000000000000000000e+00) (0, 0, 0.00000000000000000000e+00) (0, 0, 0.00000000000000000000e+00) (0, 0, 0.00000000000000000000e+00) (0, 0, 0.00000000000000000000e+00) (0, 0, 0.00000000000000000000e+00) (0, 0, 0.00000000000000000000e+00) (7, 3, 5.00000000000000000000e-01) (7, 3, 5.00000000000000000000e-01) (7, 3, 5.00000000000000000000e-01) (7, 3, 5.00000000000000000000e-01) (0, 3, 0.00000000000000000000e+00) (5, 3, 5.00000000000000000000e-01) (0, 3, 0.00000000000000000000e+00) 
connections (connected_to_neuron, weight)=(0, -9.98672389984130859375e+00) (1, 9.86038494110107421875e+00) (2, -3.85329341888427734375e+00) (3, -3.03960442543029785156e+00) (4, -4.77142810821533203125e-01) (5, -4.63005304336547851562e+00) (6, -1.78094312548637390137e-01) (0, 7.85349369049072265625e+00) (1, -9.01354598999023437500e+00) (2, 2.36998343467712402344e+00) (3, -4.43919277191162109375e+00) (4, -6.62132263183593750000e-01) (5, -2.10997271537780761719e+00) (6, 4.83549165725708007812e+00) (0, -9.81093120574951171875e+00) (1, 8.36545848846435546875e+00) (2, 1.42845237255096435547e+00) (3, 3.52376770973205566406e+00) (4, -1.38895809650421142578e+00) (5, -4.61173295974731445312e+00) (6, -9.58679437637329101562e-01) (0, -1.61966621875762939453e+00) (1, -1.01465244293212890625e+01) (2, 8.02949810028076171875e+00) (3, 1.43800482153892517090e-01) (4, 5.23734688758850097656e-01) (5, 1.07964220046997070312e+01) (6, 1.11556744575500488281e+00) (7, -7.15112781524658203125e+00) (8, -2.73801517486572265625e+00) (9, -2.51738214492797851562e+00) (10, -2.97284698486328125000e+00) (11, 1.54598474502563476562e+00) 
