FANN_FLO_2.1
num_layers=3
learning_rate=0.500000
connection_rate=1.000000
network_type=0
learning_momentum=0.000000
training_algorithm=2
train_error_function=1
train_stop_function=0
cascade_output_change_fraction=0.010000
quickprop_decay=-0.000100
quickprop_mu=1.750000
rprop_increase_factor=1.200000
rprop_decrease_factor=0.500000
rprop_delta_min=0.000000
rprop_delta_max=50.000000
rprop_delta_zero=0.100000
cascade_output_stagnation_epochs=12
cascade_candidate_change_fraction=0.010000
cascade_candidate_stagnation_epochs=12
cascade_max_out_epochs=150
cascade_min_out_epochs=50
cascade_max_cand_epochs=150
cascade_min_cand_epochs=50
cascade_num_candidate_groups=2
bit_fail_limit=3.49999994039535522461e-01
cascade_candidate_limit=1.00000000000000000000e+03
cascade_weight_multiplier=4.00000005960464477539e-01
cascade_activation_functions_count=10
cascade_activation_functions=3 5 7 8 10 11 14 15 16 17 
cascade_activation_steepnesses_count=4
cascade_activation_steepnesses=2.50000000000000000000e-01 5.00000000000000000000e-01 7.50000000000000000000e-01 1.00000000000000000000e+00 
layer_sizes=10 3 2 
scale_included=0
neurons (num_inputs, activation_function, activation_steepness)=(0, 0, 0.00000000000000000000e+00) (0, 0, 0.00000000000000000000e+00) (0, 0, 0.00000000000000000000e+00) (0, 0, 0.00000000000000000000e+00) (0, 0, 0.00000000000000000000e+00) (0, 0, 0.00000000000000000000e+00) (0, 0, 0.00000000000000000000e+00) (0, 0, 0.00000000000000000000e+00) (0, 0, 0.00000000000000000000e+00) (0, 0, 0.00000000000000000000e+00) (10, 3, 5.00000000000000000000e-01) (10, 3, 5.00000000000000000000e-01) (0, 3, 0.00000000000000000000e+00) (3, 3, 5.00000000000000000000e-01) (0, 3, 0.00000000000000000000e+00) 
connections (connected_to_neuron, weight)=(0, -5.61765003204345703125e+00) (1, 5.77000999450683593750e+00) (2, -7.96986484527587890625e+00) (3, 1.55339562892913818359e+00) (4, -4.13007587194442749023e-01) (5, 4.43983411788940429688e+00) (6, -4.76794862747192382812e+00) (7, -2.93763375282287597656e+00) (8, 5.49236595630645751953e-01) (9, 4.00778913497924804688e+00) (0, -3.18026244640350341797e-01) (1, 6.63318014144897460938e+00) (2, -5.37813138961791992188e+00) (3, 2.81859612464904785156e+00) (4, -4.60835427045822143555e-01) (5, 7.17614233493804931641e-01) (6, -1.17076766490936279297e+00) (7, -2.38993072509765625000e+00) (8, 1.43962037563323974609e+00) (9, -1.06677162647247314453e+00) (10, 3.78964376449584960938e+00) (11, 2.78548955917358398438e+00) (12, -3.81519079208374023438e+00) 
