FANN_FLO_2.1
num_layers=4
learning_rate=0.500000
connection_rate=1.000000
network_type=0
learning_momentum=0.000000
training_algorithm=2
train_error_function=1
train_stop_function=0
cascade_output_change_fraction=0.010000
quickprop_decay=-0.000100
quickprop_mu=1.750000
rprop_increase_factor=1.200000
rprop_decrease_factor=0.500000
rprop_delta_min=0.000000
rprop_delta_max=50.000000
rprop_delta_zero=0.100000
cascade_output_stagnation_epochs=12
cascade_candidate_change_fraction=0.010000
cascade_candidate_stagnation_epochs=12
cascade_max_out_epochs=150
cascade_min_out_epochs=50
cascade_max_cand_epochs=150
cascade_min_cand_epochs=50
cascade_num_candidate_groups=2
bit_fail_limit=3.49999994039535522461e-01
cascade_candidate_limit=1.00000000000000000000e+03
cascade_weight_multiplier=4.00000005960464477539e-01
cascade_activation_functions_count=10
cascade_activation_functions=3 5 7 8 10 11 14 15 16 17 
cascade_activation_steepnesses_count=4
cascade_activation_steepnesses=2.50000000000000000000e-01 5.00000000000000000000e-01 7.50000000000000000000e-01 1.00000000000000000000e+00 
layer_sizes=10 5 3 2 
scale_included=0
neurons (num_inputs, activation_function, activation_steepness)=(0, 0, 0.00000000000000000000e+00) (0, 0, 0.00000000000000000000e+00) (0, 0, 0.00000000000000000000e+00) (0, 0, 0.00000000000000000000e+00) (0, 0, 0.00000000000000000000e+00) (0, 0, 0.00000000000000000000e+00) (0, 0, 0.00000000000000000000e+00) (0, 0, 0.00000000000000000000e+00) (0, 0, 0.00000000000000000000e+00) (0, 0, 0.00000000000000000000e+00) (10, 3, 5.00000000000000000000e-01) (10, 3, 5.00000000000000000000e-01) (10, 3, 5.00000000000000000000e-01) (10, 3, 5.00000000000000000000e-01) (0, 3, 0.00000000000000000000e+00) (5, 3, 5.00000000000000000000e-01) (5, 3, 5.00000000000000000000e-01) (0, 3, 0.00000000000000000000e+00) (3, 3, 5.00000000000000000000e-01) (0, 3, 0.00000000000000000000e+00) 
connections (connected_to_neuron, weight)=(0, -1.32302820682525634766e-01) (1, -5.95786452293395996094e-01) (2, 2.35845237970352172852e-01) (3, -2.57874393463134765625e+00) (4, -1.79845249652862548828e+00) (5, -2.16989207267761230469e+00) (6, -2.29189434051513671875e+01) (7, 1.25616893768310546875e+01) (8, 4.53587913513183593750e+00) (9, 8.77906417846679687500e+00) (0, 2.01290655136108398438e+00) (1, -1.30576837062835693359e+00) (2, 3.67965936660766601562e+00) (3, -4.50085222721099853516e-01) (4, -3.17608690261840820312e+00) (5, -3.98053336143493652344e+00) (6, 3.16011643409729003906e+00) (7, 3.14968204498291015625e+00) (8, 2.03193092346191406250e+00) (9, -3.83262562751770019531e+00) (0, 1.50000000000000000000e+03) (1, -6.92085552215576171875e+00) (2, 4.76396465301513671875e+00) (3, 1.49961364746093750000e+03) (4, -1.37979278564453125000e+02) (5, -3.71715879440307617188e+00) (6, 3.50808258056640625000e+02) (7, -1.50000000000000000000e+03) (8, 2.85357910156250000000e+02) (9, -2.54247069358825683594e+00) (0, -7.15101766586303710938e+00) (1, 1.09260344505310058594e+00) (2, 2.22982120513916015625e+00) (3, 9.01692867279052734375e-01) (4, 5.19716691970825195312e+00) (5, -2.93291807174682617188e+00) (6, -1.40027513504028320312e+01) (7, 4.64433670043945312500e+00) (8, 1.42112457752227783203e+00) (9, 6.03033781051635742188e+00) (10, -9.41113531589508056641e-01) (11, -1.90592784881591796875e+01) (12, -1.96526259183883666992e-01) (13, -1.87078440189361572266e+00) (14, 6.66628217697143554688e+00) (10, -1.50000000000000000000e+03) (11, -7.30706298828125000000e+02) (12, 1.50000000000000000000e+03) (13, -1.50000000000000000000e+03) (14, 9.59872782230377197266e-01) (15, 3.91087961196899414062e+00) (16, 1.50000000000000000000e+03) (17, -2.85555863380432128906e+00) 
