FANN_FLO_2.1
num_layers=3
learning_rate=0.400000
connection_rate=1.000000
network_type=0
learning_momentum=0.000000
training_algorithm=2
train_error_function=1
train_stop_function=0
cascade_output_change_fraction=0.010000
quickprop_decay=-0.000100
quickprop_mu=1.750000
rprop_increase_factor=1.200000
rprop_decrease_factor=0.500000
rprop_delta_min=0.000000
rprop_delta_max=50.000000
rprop_delta_zero=0.100000
cascade_output_stagnation_epochs=12
cascade_candidate_change_fraction=0.010000
cascade_candidate_stagnation_epochs=12
cascade_max_out_epochs=150
cascade_min_out_epochs=50
cascade_max_cand_epochs=150
cascade_min_cand_epochs=50
cascade_num_candidate_groups=2
bit_fail_limit=3.49999994039535522461e-01
cascade_candidate_limit=1.00000000000000000000e+03
cascade_weight_multiplier=4.00000005960464477539e-01
cascade_activation_functions_count=10
cascade_activation_functions=3 5 7 8 10 11 14 15 16 17 
cascade_activation_steepnesses_count=4
cascade_activation_steepnesses=2.50000000000000000000e-01 5.00000000000000000000e-01 7.50000000000000000000e-01 1.00000000000000000000e+00 
layer_sizes=7 5 2 
scale_included=0
neurons (num_inputs, activation_function, activation_steepness)=(0, 0, 0.00000000000000000000e+00) (0, 0, 0.00000000000000000000e+00) (0, 0, 0.00000000000000000000e+00) (0, 0, 0.00000000000000000000e+00) (0, 0, 0.00000000000000000000e+00) (0, 0, 0.00000000000000000000e+00) (0, 0, 0.00000000000000000000e+00) (7, 3, 5.00000000000000000000e-01) (7, 3, 5.00000000000000000000e-01) (7, 3, 5.00000000000000000000e-01) (7, 3, 5.00000000000000000000e-01) (0, 3, 0.00000000000000000000e+00) (5, 3, 5.00000000000000000000e-01) (0, 3, 0.00000000000000000000e+00) 
connections (connected_to_neuron, weight)=(0, -6.61290025711059570312e+00) (1, 1.83131194114685058594e+00) (2, 1.41909718513488769531e+00) (3, 1.36878099441528320312e+01) (4, -1.33021478652954101562e+01) (5, 2.75242090225219726562e+00) (6, 8.18742275238037109375e-01) (0, -2.56895947456359863281e+00) (1, -3.47392708063125610352e-01) (2, -4.86101913452148437500e+00) (3, -8.32101249694824218750e+00) (4, -2.57844209671020507812e+00) (5, 1.68347835540771484375e+01) (6, 4.50309944152832031250e+00) (0, -4.88854265213012695312e+00) (1, 1.23116803169250488281e+00) (2, 1.52621042728424072266e+00) (3, -4.08694934844970703125e+00) (4, -1.76111495494842529297e+00) (5, 1.11859357357025146484e+00) (6, 5.27801036834716796875e-01) (0, -1.84161686897277832031e+00) (1, -1.65811634063720703125e+00) (2, -1.23891806602478027344e+00) (3, 1.54000353813171386719e+00) (4, 9.40103769302368164062e-01) (5, 3.36340165138244628906e+00) (6, -2.44339823722839355469e+00) (7, -1.45700764656066894531e+00) (8, -1.36031568050384521484e+00) (9, -4.18545389175415039062e+00) (10, 6.39853477478027343750e+00) (11, 3.45089524984359741211e-01) 
