FANN_FLO_2.1
num_layers=4
learning_rate=0.400000
connection_rate=1.000000
network_type=0
learning_momentum=0.000000
training_algorithm=2
train_error_function=1
train_stop_function=0
cascade_output_change_fraction=0.010000
quickprop_decay=-0.000100
quickprop_mu=1.750000
rprop_increase_factor=1.200000
rprop_decrease_factor=0.500000
rprop_delta_min=0.000000
rprop_delta_max=50.000000
rprop_delta_zero=0.100000
cascade_output_stagnation_epochs=12
cascade_candidate_change_fraction=0.010000
cascade_candidate_stagnation_epochs=12
cascade_max_out_epochs=150
cascade_min_out_epochs=50
cascade_max_cand_epochs=150
cascade_min_cand_epochs=50
cascade_num_candidate_groups=2
bit_fail_limit=3.49999994039535522461e-01
cascade_candidate_limit=1.00000000000000000000e+03
cascade_weight_multiplier=4.00000005960464477539e-01
cascade_activation_functions_count=10
cascade_activation_functions=3 5 7 8 10 11 14 15 16 17 
cascade_activation_steepnesses_count=4
cascade_activation_steepnesses=2.50000000000000000000e-01 5.00000000000000000000e-01 7.50000000000000000000e-01 1.00000000000000000000e+00 
layer_sizes=7 5 5 2 
scale_included=0
neurons (num_inputs, activation_function, activation_steepness)=(0, 0, 0.00000000000000000000e+00) (0, 0, 0.00000000000000000000e+00) (0, 0, 0.00000000000000000000e+00) (0, 0, 0.00000000000000000000e+00) (0, 0, 0.00000000000000000000e+00) (0, 0, 0.00000000000000000000e+00) (0, 0, 0.00000000000000000000e+00) (7, 3, 5.00000000000000000000e-01) (7, 3, 5.00000000000000000000e-01) (7, 3, 5.00000000000000000000e-01) (7, 3, 5.00000000000000000000e-01) (0, 3, 0.00000000000000000000e+00) (5, 3, 5.00000000000000000000e-01) (5, 3, 5.00000000000000000000e-01) (5, 3, 5.00000000000000000000e-01) (5, 3, 5.00000000000000000000e-01) (0, 3, 0.00000000000000000000e+00) (5, 3, 5.00000000000000000000e-01) (0, 3, 0.00000000000000000000e+00) 
connections (connected_to_neuron, weight)=(0, -3.16847062110900878906e+00) (1, -4.28058296442031860352e-01) (2, -6.98712408542633056641e-01) (3, -4.31873798370361328125e+00) (4, -1.66091167926788330078e+00) (5, 1.45297372341156005859e+00) (6, 1.96722269058227539062e+00) (0, -4.73580741882324218750e+00) (1, 3.25988554954528808594e+00) (2, -9.26992416381835937500e-01) (3, -1.78432261943817138672e+00) (4, -8.88402819633483886719e-01) (5, -1.40900000000000000000e+03) (6, 1.16360735893249511719e+00) (0, -3.16883730888366699219e+00) (1, 1.66350796818733215332e-01) (2, 2.22299766540527343750e+00) (3, -5.14413976669311523438e+00) (4, -1.25452375411987304688e+00) (5, 4.12302494049072265625e+00) (6, 1.24982023239135742188e+00) (0, 3.58047986030578613281e+00) (1, -7.95517873764038085938e+00) (2, -5.27197539806365966797e-01) (3, -5.72335481643676757812e+00) (4, -2.03493595123291015625e+00) (5, 4.88460350036621093750e+00) (6, -8.67648601531982421875e-01) (7, -3.88901853561401367188e+00) (8, 7.44296407699584960938e+00) (9, 9.71186935901641845703e-01) (10, 4.79225730895996093750e+00) (11, -3.59430575370788574219e+00) (7, -1.81079120635986328125e+01) (8, -5.12490272521972656250e+01) (9, -1.67419219017028808594e+00) (10, 1.30110626220703125000e+02) (11, 3.25265705585479736328e-01) (7, 2.61030864715576171875e+01) (8, 4.35034561157226562500e+00) (9, 4.39115190505981445312e+00) (10, 6.57793045043945312500e+01) (11, -8.06942462921142578125e+00) (7, -9.46127891540527343750e+00) (8, 6.74758148193359375000e+00) (9, 2.64320969581604003906e+00) (10, 9.07615089416503906250e+00) (11, -2.31662583351135253906e+00) (12, -5.88229322433471679688e+00) (13, -1.09502542018890380859e+00) (14, -3.30072075128555297852e-01) (15, -6.14012336730957031250e+00) (16, 3.60265150666236877441e-02) 
