FANN_FLO_2.1
num_layers=3
learning_rate=0.400000
connection_rate=1.000000
network_type=0
learning_momentum=0.000000
training_algorithm=2
train_error_function=1
train_stop_function=0
cascade_output_change_fraction=0.010000
quickprop_decay=-0.000100
quickprop_mu=1.750000
rprop_increase_factor=1.200000
rprop_decrease_factor=0.500000
rprop_delta_min=0.000000
rprop_delta_max=50.000000
rprop_delta_zero=0.100000
cascade_output_stagnation_epochs=12
cascade_candidate_change_fraction=0.010000
cascade_candidate_stagnation_epochs=12
cascade_max_out_epochs=150
cascade_min_out_epochs=50
cascade_max_cand_epochs=150
cascade_min_cand_epochs=50
cascade_num_candidate_groups=2
bit_fail_limit=3.49999994039535522461e-01
cascade_candidate_limit=1.00000000000000000000e+03
cascade_weight_multiplier=4.00000005960464477539e-01
cascade_activation_functions_count=10
cascade_activation_functions=3 5 7 8 10 11 14 15 16 17 
cascade_activation_steepnesses_count=4
cascade_activation_steepnesses=2.50000000000000000000e-01 5.00000000000000000000e-01 7.50000000000000000000e-01 1.00000000000000000000e+00 
layer_sizes=7 5 2 
scale_included=0
neurons (num_inputs, activation_function, activation_steepness)=(0, 0, 0.00000000000000000000e+00) (0, 0, 0.00000000000000000000e+00) (0, 0, 0.00000000000000000000e+00) (0, 0, 0.00000000000000000000e+00) (0, 0, 0.00000000000000000000e+00) (0, 0, 0.00000000000000000000e+00) (0, 0, 0.00000000000000000000e+00) (7, 3, 5.00000000000000000000e-01) (7, 3, 5.00000000000000000000e-01) (7, 3, 5.00000000000000000000e-01) (7, 3, 5.00000000000000000000e-01) (0, 3, 0.00000000000000000000e+00) (5, 3, 5.00000000000000000000e-01) (0, 3, 0.00000000000000000000e+00) 
connections (connected_to_neuron, weight)=(0, -7.78077170252799987793e-02) (1, -1.67568111419677734375e+00) (2, -7.59839391708374023438e+00) (3, -5.35045766830444335938e+00) (4, -1.37002527713775634766e+00) (5, 8.50569605827331542969e-01) (6, 9.61200654506683349609e-01) (0, -7.16047143936157226562e+00) (1, 6.41370487213134765625e+00) (2, -7.69997549057006835938e+00) (3, -3.13193225860595703125e+00) (4, -1.01774060726165771484e+00) (5, -3.44252502441406250000e+02) (6, 5.24281859397888183594e-01) (0, -3.02765250205993652344e+00) (1, -4.01849508285522460938e+00) (2, 3.63202896118164062500e+01) (3, -1.49186468124389648438e+00) (4, -2.15526056289672851562e+00) (5, 3.02971935272216796875e+00) (6, 3.65625691413879394531e+00) (0, 4.92319917678833007812e+00) (1, -6.05790376663208007812e+00) (2, -5.10423851013183593750e+00) (3, -4.01530599594116210938e+00) (4, -9.33067500591278076172e-01) (5, 3.55361676216125488281e+00) (6, -2.58592319488525390625e+00) (7, 1.11387510299682617188e+01) (8, -1.50297670364379882812e+01) (9, -9.82419013977050781250e-01) (10, -1.88731708526611328125e+01) (11, -8.07637631893157958984e-01) 
