FANN_FLO_2.1
num_layers=3
learning_rate=0.400000
connection_rate=1.000000
network_type=0
learning_momentum=0.000000
training_algorithm=2
train_error_function=1
train_stop_function=0
cascade_output_change_fraction=0.010000
quickprop_decay=-0.000100
quickprop_mu=1.750000
rprop_increase_factor=1.200000
rprop_decrease_factor=0.500000
rprop_delta_min=0.000000
rprop_delta_max=50.000000
rprop_delta_zero=0.100000
cascade_output_stagnation_epochs=12
cascade_candidate_change_fraction=0.010000
cascade_candidate_stagnation_epochs=12
cascade_max_out_epochs=150
cascade_min_out_epochs=50
cascade_max_cand_epochs=150
cascade_min_cand_epochs=50
cascade_num_candidate_groups=2
bit_fail_limit=3.49999994039535522461e-01
cascade_candidate_limit=1.00000000000000000000e+03
cascade_weight_multiplier=4.00000005960464477539e-01
cascade_activation_functions_count=10
cascade_activation_functions=3 5 7 8 10 11 14 15 16 17 
cascade_activation_steepnesses_count=4
cascade_activation_steepnesses=2.50000000000000000000e-01 5.00000000000000000000e-01 7.50000000000000000000e-01 1.00000000000000000000e+00 
layer_sizes=7 5 2 
scale_included=0
neurons (num_inputs, activation_function, activation_steepness)=(0, 0, 0.00000000000000000000e+00) (0, 0, 0.00000000000000000000e+00) (0, 0, 0.00000000000000000000e+00) (0, 0, 0.00000000000000000000e+00) (0, 0, 0.00000000000000000000e+00) (0, 0, 0.00000000000000000000e+00) (0, 0, 0.00000000000000000000e+00) (7, 3, 5.00000000000000000000e-01) (7, 3, 5.00000000000000000000e-01) (7, 3, 5.00000000000000000000e-01) (7, 3, 5.00000000000000000000e-01) (0, 3, 0.00000000000000000000e+00) (5, 3, 5.00000000000000000000e-01) (0, 3, 0.00000000000000000000e+00) 
connections (connected_to_neuron, weight)=(0, -5.29998445510864257812e+00) (1, -2.32704114913940429688e+00) (2, -4.66747105121612548828e-01) (3, 9.93191897869110107422e-01) (4, 2.97877955436706542969e+00) (5, 1.62250086665153503418e-01) (6, -1.50287151336669921875e+00) (0, -4.03568220138549804688e+00) (1, 1.08253610134124755859e+00) (2, 9.63418006896972656250e-01) (3, -5.80554187297821044922e-01) (4, -2.50987815856933593750e+00) (5, -5.36137640476226806641e-01) (6, 1.69204246997833251953e+00) (0, -1.30344784259796142578e+00) (1, -1.16461455821990966797e+00) (2, -9.66278433799743652344e-01) (3, 1.72008657455444335938e+00) (4, -1.89453375339508056641e+00) (5, 4.46249389648437500000e+00) (6, -1.98182022571563720703e+00) (0, -9.14507293701171875000e+00) (1, 1.02613818645477294922e+00) (2, -1.36909782886505126953e+00) (3, 1.42405307292938232422e+00) (4, -3.02221536636352539062e+00) (5, 8.11196327209472656250e+00) (6, 3.18457555770874023438e+00) (7, 6.16765928268432617188e+00) (8, -3.77236509323120117188e+00) (9, 4.01506996154785156250e+00) (10, -2.53304982185363769531e+00) (11, 7.53318130970001220703e-01) 
