FANN_FLO_2.1
num_layers=3
learning_rate=0.400000
connection_rate=1.000000
network_type=0
learning_momentum=0.000000
training_algorithm=2
train_error_function=1
train_stop_function=0
cascade_output_change_fraction=0.010000
quickprop_decay=-0.000100
quickprop_mu=1.750000
rprop_increase_factor=1.200000
rprop_decrease_factor=0.500000
rprop_delta_min=0.000000
rprop_delta_max=50.000000
rprop_delta_zero=0.100000
cascade_output_stagnation_epochs=12
cascade_candidate_change_fraction=0.010000
cascade_candidate_stagnation_epochs=12
cascade_max_out_epochs=150
cascade_min_out_epochs=50
cascade_max_cand_epochs=150
cascade_min_cand_epochs=50
cascade_num_candidate_groups=2
bit_fail_limit=3.49999994039535522461e-01
cascade_candidate_limit=1.00000000000000000000e+03
cascade_weight_multiplier=4.00000005960464477539e-01
cascade_activation_functions_count=10
cascade_activation_functions=3 5 7 8 10 11 14 15 16 17 
cascade_activation_steepnesses_count=4
cascade_activation_steepnesses=2.50000000000000000000e-01 5.00000000000000000000e-01 7.50000000000000000000e-01 1.00000000000000000000e+00 
layer_sizes=19 3 3 
scale_included=0
neurons (num_inputs, activation_function, activation_steepness)=(0, 0, 0.00000000000000000000e+00) (0, 0, 0.00000000000000000000e+00) (0, 0, 0.00000000000000000000e+00) (0, 0, 0.00000000000000000000e+00) (0, 0, 0.00000000000000000000e+00) (0, 0, 0.00000000000000000000e+00) (0, 0, 0.00000000000000000000e+00) (0, 0, 0.00000000000000000000e+00) (0, 0, 0.00000000000000000000e+00) (0, 0, 0.00000000000000000000e+00) (0, 0, 0.00000000000000000000e+00) (0, 0, 0.00000000000000000000e+00) (0, 0, 0.00000000000000000000e+00) (0, 0, 0.00000000000000000000e+00) (0, 0, 0.00000000000000000000e+00) (0, 0, 0.00000000000000000000e+00) (0, 0, 0.00000000000000000000e+00) (0, 0, 0.00000000000000000000e+00) (0, 0, 0.00000000000000000000e+00) (19, 3, 5.00000000000000000000e-01) (19, 3, 5.00000000000000000000e-01) (0, 3, 0.00000000000000000000e+00) (3, 3, 5.00000000000000000000e-01) (3, 3, 5.00000000000000000000e-01) (0, 3, 0.00000000000000000000e+00) 
connections (connected_to_neuron, weight)=(0, 1.05095987319946289062e+01) (1, -1.12742271423339843750e+01) (2, -7.38502311706542968750e+00) (3, -3.15055680274963378906e+00) (4, -1.21321449279785156250e+01) (5, 1.33812367916107177734e+00) (6, 1.03940267562866210938e+01) (7, 2.01867550611495971680e-01) (8, -1.64995658397674560547e+00) (9, -2.27683115005493164062e+00) (10, -3.10574960708618164062e+00) (11, -1.08155965805053710938e+01) (12, -1.35241088867187500000e+01) (13, 5.11138105392456054688e+00) (14, 7.80849552154541015625e+00) (15, 3.38350510597229003906e+00) (16, -1.25958900451660156250e+01) (17, 9.42779541015625000000e+00) (18, 1.32721872329711914062e+01) (0, 1.34198594093322753906e+00) (1, 8.64717864990234375000e+00) (2, -9.57707405090332031250e+00) (3, 4.49928045272827148438e+00) (4, 2.82648444175720214844e+00) (5, -7.12556695938110351562e+00) (6, -1.37426865100860595703e+00) (7, 1.49395704269409179688e+00) (8, 3.68419790267944335938e+00) (9, -2.02397012710571289062e+00) (10, 2.11716461181640625000e+01) (11, -8.23825645446777343750e+00) (12, 1.08318014144897460938e+01) (13, -9.71287441253662109375e+00) (14, -1.94961929321289062500e+00) (15, 3.13815999031066894531e+00) (16, 4.31235599517822265625e+00) (17, -5.08055984973907470703e-01) (18, 2.11689877510070800781e+00) (19, -4.87910270690917968750e-01) (20, -9.83988642692565917969e-01) (21, 5.92889964580535888672e-01) (19, 4.88178521394729614258e-01) (20, 9.84152793884277343750e-01) (21, -5.92777490615844726562e-01) 
