FANN_FLO_2.1
num_layers=4
learning_rate=0.500000
connection_rate=1.000000
network_type=0
learning_momentum=0.000000
training_algorithm=2
train_error_function=1
train_stop_function=0
cascade_output_change_fraction=0.010000
quickprop_decay=-0.000100
quickprop_mu=1.750000
rprop_increase_factor=1.200000
rprop_decrease_factor=0.500000
rprop_delta_min=0.000000
rprop_delta_max=50.000000
rprop_delta_zero=0.100000
cascade_output_stagnation_epochs=12
cascade_candidate_change_fraction=0.010000
cascade_candidate_stagnation_epochs=12
cascade_max_out_epochs=150
cascade_min_out_epochs=50
cascade_max_cand_epochs=150
cascade_min_cand_epochs=50
cascade_num_candidate_groups=2
bit_fail_limit=3.49999994039535522461e-01
cascade_candidate_limit=1.00000000000000000000e+03
cascade_weight_multiplier=4.00000005960464477539e-01
cascade_activation_functions_count=10
cascade_activation_functions=3 5 7 8 10 11 14 15 16 17 
cascade_activation_steepnesses_count=4
cascade_activation_steepnesses=2.50000000000000000000e-01 5.00000000000000000000e-01 7.50000000000000000000e-01 1.00000000000000000000e+00 
layer_sizes=2 5 3 3 
scale_included=0
neurons (num_inputs, activation_function, activation_steepness)=(0, 0, 0.00000000000000000000e+00) (0, 0, 0.00000000000000000000e+00) (2, 3, 5.00000000000000000000e-01) (2, 3, 5.00000000000000000000e-01) (2, 3, 5.00000000000000000000e-01) (2, 3, 5.00000000000000000000e-01) (0, 3, 0.00000000000000000000e+00) (5, 3, 5.00000000000000000000e-01) (5, 3, 5.00000000000000000000e-01) (0, 3, 0.00000000000000000000e+00) (3, 0, 5.00000000000000000000e-01) (3, 0, 5.00000000000000000000e-01) (0, 0, 0.00000000000000000000e+00) 
connections (connected_to_neuron, weight)=(0, 2.30735626220703125000e+01) (1, -7.44958591461181640625e+00) (0, 1.38323913574218750000e+03) (1, -7.84124908447265625000e+01) (0, 1.28011913299560546875e+01) (1, -2.29798984527587890625e+00) (0, 1.49999938964843750000e+03) (1, -5.74780797958374023438e+00) (2, 1.37336480617523193359e+00) (3, 1.06395184993743896484e+00) (4, 3.39378380775451660156e+00) (5, 9.44666385650634765625e-01) (6, -3.99093437194824218750e+00) (2, -1.46937160491943359375e+01) (3, 1.96852931976318359375e+01) (4, -8.93521499633789062500e+00) (5, 4.54326629638671875000e+00) (6, -4.44022178649902343750e+00) (7, -8.52057099342346191406e-01) (8, -1.33103239536285400391e+00) (9, 1.02083466947078704834e-01) (7, -4.27739286422729492188e+00) (8, 6.56890928745269775391e-01) (9, 2.08556914329528808594e+00) 
