FANN_FLO_2.1
num_layers=3
learning_rate=0.400000
connection_rate=1.000000
network_type=0
learning_momentum=0.000000
training_algorithm=2
train_error_function=1
train_stop_function=0
cascade_output_change_fraction=0.010000
quickprop_decay=-0.000100
quickprop_mu=1.750000
rprop_increase_factor=1.200000
rprop_decrease_factor=0.500000
rprop_delta_min=0.000000
rprop_delta_max=50.000000
rprop_delta_zero=0.100000
cascade_output_stagnation_epochs=12
cascade_candidate_change_fraction=0.010000
cascade_candidate_stagnation_epochs=12
cascade_max_out_epochs=150
cascade_min_out_epochs=50
cascade_max_cand_epochs=150
cascade_min_cand_epochs=50
cascade_num_candidate_groups=2
bit_fail_limit=3.49999994039535522461e-01
cascade_candidate_limit=1.00000000000000000000e+03
cascade_weight_multiplier=4.00000005960464477539e-01
cascade_activation_functions_count=10
cascade_activation_functions=3 5 7 8 10 11 14 15 16 17 
cascade_activation_steepnesses_count=4
cascade_activation_steepnesses=2.50000000000000000000e-01 5.00000000000000000000e-01 7.50000000000000000000e-01 1.00000000000000000000e+00 
layer_sizes=7 5 2 
scale_included=0
neurons (num_inputs, activation_function, activation_steepness)=(0, 0, 0.00000000000000000000e+00) (0, 0, 0.00000000000000000000e+00) (0, 0, 0.00000000000000000000e+00) (0, 0, 0.00000000000000000000e+00) (0, 0, 0.00000000000000000000e+00) (0, 0, 0.00000000000000000000e+00) (0, 0, 0.00000000000000000000e+00) (7, 3, 5.00000000000000000000e-01) (7, 3, 5.00000000000000000000e-01) (7, 3, 5.00000000000000000000e-01) (7, 3, 5.00000000000000000000e-01) (0, 3, 0.00000000000000000000e+00) (5, 3, 5.00000000000000000000e-01) (0, 3, 0.00000000000000000000e+00) 
connections (connected_to_neuron, weight)=(0, 3.79042792320251464844e+00) (1, -8.62738895416259765625e+00) (2, -3.74759330749511718750e+01) (3, -6.68348884582519531250e+00) (4, 4.57135498523712158203e-01) (5, 7.45585298538208007812e+00) (6, 3.17451000213623046875e-01) (0, 5.42766666412353515625e+00) (1, -4.96054220199584960938e+00) (2, 7.14175558090209960938e+00) (3, 1.45719237625598907471e-02) (4, -1.51082053780555725098e-01) (5, 3.15643501281738281250e+00) (6, -4.68944787979125976562e+00) (0, -5.81956005096435546875e+00) (1, 5.27980899810791015625e+00) (2, -1.88439679145812988281e+00) (3, -1.00047409534454345703e+00) (4, -4.54883486032485961914e-01) (5, -1.49689843750000000000e+03) (6, -4.31924760341644287109e-02) (0, -3.07330417633056640625e+00) (1, -3.04995346069335937500e+00) (2, 2.81036353111267089844e+00) (3, -7.39373207092285156250e+00) (4, -2.09645056724548339844e+00) (5, -4.85916793346405029297e-01) (6, 1.04496898651123046875e+01) (7, -1.01294755935668945312e+00) (8, -8.50750923156738281250e+00) (9, -9.70318126678466796875e+00) (10, -7.82623231410980224609e-01) (11, 6.67742311954498291016e-01) 
