FANN_FLO_2.1
num_layers=3
learning_rate=0.500000
connection_rate=1.000000
network_type=0
learning_momentum=0.000000
training_algorithm=2
train_error_function=1
train_stop_function=0
cascade_output_change_fraction=0.010000
quickprop_decay=-0.000100
quickprop_mu=1.750000
rprop_increase_factor=1.200000
rprop_decrease_factor=0.500000
rprop_delta_min=0.000000
rprop_delta_max=50.000000
rprop_delta_zero=0.100000
cascade_output_stagnation_epochs=12
cascade_candidate_change_fraction=0.010000
cascade_candidate_stagnation_epochs=12
cascade_max_out_epochs=150
cascade_min_out_epochs=50
cascade_max_cand_epochs=150
cascade_min_cand_epochs=50
cascade_num_candidate_groups=2
bit_fail_limit=3.49999994039535522461e-01
cascade_candidate_limit=1.00000000000000000000e+03
cascade_weight_multiplier=4.00000005960464477539e-01
cascade_activation_functions_count=10
cascade_activation_functions=3 5 7 8 10 11 14 15 16 17 
cascade_activation_steepnesses_count=4
cascade_activation_steepnesses=2.50000000000000000000e-01 5.00000000000000000000e-01 7.50000000000000000000e-01 1.00000000000000000000e+00 
layer_sizes=10 5 2 
scale_included=0
neurons (num_inputs, activation_function, activation_steepness)=(0, 0, 0.00000000000000000000e+00) (0, 0, 0.00000000000000000000e+00) (0, 0, 0.00000000000000000000e+00) (0, 0, 0.00000000000000000000e+00) (0, 0, 0.00000000000000000000e+00) (0, 0, 0.00000000000000000000e+00) (0, 0, 0.00000000000000000000e+00) (0, 0, 0.00000000000000000000e+00) (0, 0, 0.00000000000000000000e+00) (0, 0, 0.00000000000000000000e+00) (10, 3, 5.00000000000000000000e-01) (10, 3, 5.00000000000000000000e-01) (10, 3, 5.00000000000000000000e-01) (10, 3, 5.00000000000000000000e-01) (0, 3, 0.00000000000000000000e+00) (5, 3, 5.00000000000000000000e-01) (0, 3, 0.00000000000000000000e+00) 
connections (connected_to_neuron, weight)=(0, -3.42866349220275878906e+00) (1, 1.19421291351318359375e+00) (2, -4.73794221878051757812e+00) (3, 1.78929924964904785156e+00) (4, 1.96491372585296630859e+00) (5, -2.65021276473999023438e+00) (6, 1.42049014568328857422e+00) (7, -4.01681363582611083984e-01) (8, 1.18137645721435546875e+01) (9, -1.56577825546264648438e+00) (0, 7.00772333145141601562e+00) (1, 1.36970653533935546875e+01) (2, 5.32334995269775390625e+00) (3, 6.83646380901336669922e-01) (4, 9.26160275936126708984e-01) (5, 7.76226329803466796875e+00) (6, -1.04238443374633789062e+01) (7, -5.04170942306518554688e+00) (8, -2.25883827209472656250e+01) (9, -2.58778071403503417969e+00) (0, 2.92967376708984375000e+01) (1, 3.03030144423246383667e-02) (2, -7.95052796602249145508e-02) (3, 2.44060635566711425781e+00) (4, -8.21527421474456787109e-01) (5, 1.94578528404235839844e+00) (6, -1.65693454742431640625e+01) (7, -2.55519332885742187500e+01) (8, -1.82112896442413330078e+00) (9, 7.77543449401855468750e+00) (0, 1.62334156036376953125e+00) (1, 8.95569038391113281250e+00) (2, -5.75596380233764648438e+00) (3, 1.98035776615142822266e-01) (4, 6.71805560588836669922e-01) (5, -5.67515730857849121094e-01) (6, -4.81749773025512695312e+00) (7, -1.02867631912231445312e+01) (8, -8.68436050415039062500e+00) (9, 8.83679866790771484375e+00) (10, 1.45360493659973144531e+00) (11, 3.14395308494567871094e+00) (12, -2.72440886497497558594e+00) (13, 9.77410018444061279297e-01) (14, -5.77306568622589111328e-01) 
