FANN_FLO_2.1
num_layers=4
learning_rate=0.500000
connection_rate=1.000000
network_type=0
learning_momentum=0.000000
training_algorithm=2
train_error_function=1
train_stop_function=0
cascade_output_change_fraction=0.010000
quickprop_decay=-0.000100
quickprop_mu=1.750000
rprop_increase_factor=1.200000
rprop_decrease_factor=0.500000
rprop_delta_min=0.000000
rprop_delta_max=50.000000
rprop_delta_zero=0.100000
cascade_output_stagnation_epochs=12
cascade_candidate_change_fraction=0.010000
cascade_candidate_stagnation_epochs=12
cascade_max_out_epochs=150
cascade_min_out_epochs=50
cascade_max_cand_epochs=150
cascade_min_cand_epochs=50
cascade_num_candidate_groups=2
bit_fail_limit=3.49999994039535522461e-01
cascade_candidate_limit=1.00000000000000000000e+03
cascade_weight_multiplier=4.00000005960464477539e-01
cascade_activation_functions_count=10
cascade_activation_functions=3 5 7 8 10 11 14 15 16 17 
cascade_activation_steepnesses_count=4
cascade_activation_steepnesses=2.50000000000000000000e-01 5.00000000000000000000e-01 7.50000000000000000000e-01 1.00000000000000000000e+00 
layer_sizes=10 3 3 2 
scale_included=0
neurons (num_inputs, activation_function, activation_steepness)=(0, 0, 0.00000000000000000000e+00) (0, 0, 0.00000000000000000000e+00) (0, 0, 0.00000000000000000000e+00) (0, 0, 0.00000000000000000000e+00) (0, 0, 0.00000000000000000000e+00) (0, 0, 0.00000000000000000000e+00) (0, 0, 0.00000000000000000000e+00) (0, 0, 0.00000000000000000000e+00) (0, 0, 0.00000000000000000000e+00) (0, 0, 0.00000000000000000000e+00) (10, 3, 5.00000000000000000000e-01) (10, 3, 5.00000000000000000000e-01) (0, 3, 0.00000000000000000000e+00) (3, 3, 5.00000000000000000000e-01) (3, 3, 5.00000000000000000000e-01) (0, 3, 0.00000000000000000000e+00) (3, 3, 5.00000000000000000000e-01) (0, 3, 0.00000000000000000000e+00) 
connections (connected_to_neuron, weight)=(0, -8.72809123992919921875e+00) (1, -3.65154361724853515625e+00) (2, -2.42990064620971679688e+00) (3, -6.06615185737609863281e-01) (4, 7.96106052398681640625e+00) (5, -5.13471551239490509033e-02) (6, -3.81793189048767089844e+00) (7, -4.13108682632446289062e+00) (8, -3.26112437248229980469e+00) (9, 4.06004238128662109375e+00) (0, 2.59579491615295410156e+00) (1, 2.06179571151733398438e+00) (2, -2.22792601585388183594e+00) (3, 5.09381961822509765625e+00) (4, 1.43582552671432495117e-01) (5, 2.32430905103683471680e-01) (6, -1.11461853981018066406e+00) (7, 2.84436988830566406250e+00) (8, 1.41663050651550292969e+00) (9, -4.53865337371826171875e+00) (10, 1.50000000000000000000e+03) (11, -1.72480125427246093750e+01) (12, 1.30271518230438232422e+00) (10, 1.50000000000000000000e+03) (11, -1.29681768417358398438e+01) (12, 4.04166758060455322266e-01) (13, 1.51899158954620361328e+00) (14, 1.61854612827301025391e+00) (15, -2.50253629684448242188e+00) 
