FANN_FLO_2.1
num_layers=4
learning_rate=0.500000
connection_rate=1.000000
network_type=0
learning_momentum=0.000000
training_algorithm=2
train_error_function=1
train_stop_function=0
cascade_output_change_fraction=0.010000
quickprop_decay=-0.000100
quickprop_mu=1.750000
rprop_increase_factor=1.200000
rprop_decrease_factor=0.500000
rprop_delta_min=0.000000
rprop_delta_max=50.000000
rprop_delta_zero=0.100000
cascade_output_stagnation_epochs=12
cascade_candidate_change_fraction=0.010000
cascade_candidate_stagnation_epochs=12
cascade_max_out_epochs=150
cascade_min_out_epochs=50
cascade_max_cand_epochs=150
cascade_min_cand_epochs=50
cascade_num_candidate_groups=2
bit_fail_limit=3.49999994039535522461e-01
cascade_candidate_limit=1.00000000000000000000e+03
cascade_weight_multiplier=4.00000005960464477539e-01
cascade_activation_functions_count=10
cascade_activation_functions=3 5 7 8 10 11 14 15 16 17 
cascade_activation_steepnesses_count=4
cascade_activation_steepnesses=2.50000000000000000000e-01 5.00000000000000000000e-01 7.50000000000000000000e-01 1.00000000000000000000e+00 
layer_sizes=10 5 3 2 
scale_included=0
neurons (num_inputs, activation_function, activation_steepness)=(0, 0, 0.00000000000000000000e+00) (0, 0, 0.00000000000000000000e+00) (0, 0, 0.00000000000000000000e+00) (0, 0, 0.00000000000000000000e+00) (0, 0, 0.00000000000000000000e+00) (0, 0, 0.00000000000000000000e+00) (0, 0, 0.00000000000000000000e+00) (0, 0, 0.00000000000000000000e+00) (0, 0, 0.00000000000000000000e+00) (0, 0, 0.00000000000000000000e+00) (10, 3, 5.00000000000000000000e-01) (10, 3, 5.00000000000000000000e-01) (10, 3, 5.00000000000000000000e-01) (10, 3, 5.00000000000000000000e-01) (0, 3, 0.00000000000000000000e+00) (5, 3, 5.00000000000000000000e-01) (5, 3, 5.00000000000000000000e-01) (0, 3, 0.00000000000000000000e+00) (3, 3, 5.00000000000000000000e-01) (0, 3, 0.00000000000000000000e+00) 
connections (connected_to_neuron, weight)=(0, 6.39586734771728515625e+00) (1, 8.44169139862060546875e+00) (2, -1.04194557666778564453e+00) (3, -4.69094723463058471680e-01) (4, 7.81899631023406982422e-01) (5, -8.40253531932830810547e-01) (6, -1.22565641403198242188e+01) (7, -9.02181148529052734375e+00) (8, -1.01176428794860839844e+00) (9, -8.93653213977813720703e-01) (0, 2.41877615451812744141e-01) (1, -9.22754669189453125000e+00) (2, -5.54874038696289062500e+01) (3, 2.65743780136108398438e+00) (4, -1.25947642326354980469e+00) (5, 6.39379084110260009766e-01) (6, 4.55732154846191406250e+01) (7, 3.35097670555114746094e+00) (8, -1.04965472221374511719e+00) (9, 7.46802508831024169922e-01) (0, 7.15919017791748046875e+00) (1, 7.39368486404418945312e+00) (2, -1.98894298076629638672e+00) (3, -2.76069611310958862305e-01) (4, 5.49852561950683593750e+00) (5, 4.55916188657283782959e-02) (6, -1.03650178909301757812e+01) (7, -1.19472208023071289062e+01) (8, -2.01867985725402832031e+00) (9, 1.53439486026763916016e+00) (0, -7.18374586105346679688e+00) (1, 1.05943126678466796875e+01) (2, -2.00600585937500000000e+01) (3, 7.92309761047363281250e-01) (4, 8.41810226440429687500e+00) (5, 2.48575997352600097656e+00) (6, -3.35724687576293945312e+00) (7, 5.56078195571899414062e+00) (8, 4.50981998443603515625e+00) (9, 6.56069874763488769531e-01) (10, -4.47039079666137695312e+00) (11, -9.53092288970947265625e+00) (12, -1.95364129543304443359e+00) (13, 5.57678747177124023438e+00) (14, -2.13477134704589843750e+00) (10, 2.62619066238403320312e+00) (11, -6.41422605514526367188e+00) (12, -7.37826013565063476562e+00) (13, 3.28053331375122070312e+00) (14, -1.77237331867218017578e+00) (15, -1.33306276798248291016e+00) (16, -5.50766324996948242188e+00) (17, 9.09964561462402343750e-01) 
