FANN_FLO_2.1
num_layers=4
learning_rate=0.400000
connection_rate=1.000000
network_type=0
learning_momentum=0.000000
training_algorithm=2
train_error_function=1
train_stop_function=0
cascade_output_change_fraction=0.010000
quickprop_decay=-0.000100
quickprop_mu=1.750000
rprop_increase_factor=1.200000
rprop_decrease_factor=0.500000
rprop_delta_min=0.000000
rprop_delta_max=50.000000
rprop_delta_zero=0.100000
cascade_output_stagnation_epochs=12
cascade_candidate_change_fraction=0.010000
cascade_candidate_stagnation_epochs=12
cascade_max_out_epochs=150
cascade_min_out_epochs=50
cascade_max_cand_epochs=150
cascade_min_cand_epochs=50
cascade_num_candidate_groups=2
bit_fail_limit=3.49999994039535522461e-01
cascade_candidate_limit=1.00000000000000000000e+03
cascade_weight_multiplier=4.00000005960464477539e-01
cascade_activation_functions_count=10
cascade_activation_functions=3 5 7 8 10 11 14 15 16 17 
cascade_activation_steepnesses_count=4
cascade_activation_steepnesses=2.50000000000000000000e-01 5.00000000000000000000e-01 7.50000000000000000000e-01 1.00000000000000000000e+00 
layer_sizes=7 5 5 2 
scale_included=0
neurons (num_inputs, activation_function, activation_steepness)=(0, 0, 0.00000000000000000000e+00) (0, 0, 0.00000000000000000000e+00) (0, 0, 0.00000000000000000000e+00) (0, 0, 0.00000000000000000000e+00) (0, 0, 0.00000000000000000000e+00) (0, 0, 0.00000000000000000000e+00) (0, 0, 0.00000000000000000000e+00) (7, 3, 5.00000000000000000000e-01) (7, 3, 5.00000000000000000000e-01) (7, 3, 5.00000000000000000000e-01) (7, 3, 5.00000000000000000000e-01) (0, 3, 0.00000000000000000000e+00) (5, 3, 5.00000000000000000000e-01) (5, 3, 5.00000000000000000000e-01) (5, 3, 5.00000000000000000000e-01) (5, 3, 5.00000000000000000000e-01) (0, 3, 0.00000000000000000000e+00) (5, 3, 5.00000000000000000000e-01) (0, 3, 0.00000000000000000000e+00) 
connections (connected_to_neuron, weight)=(0, -1.25784025192260742188e+01) (1, -5.86024188995361328125e+00) (2, -2.25798858642578125000e+02) (3, -1.93302307128906250000e+01) (4, 3.60984458923339843750e+01) (5, -2.26344004273414611816e-01) (6, -1.09812664985656738281e+00) (0, 4.46180009841918945312e+00) (1, -5.03974962234497070312e+00) (2, 3.15615415573120117188e+00) (3, -1.17025005817413330078e+00) (4, -6.32679104804992675781e-01) (5, 4.35964488983154296875e+00) (6, -3.24605727195739746094e+00) (0, -1.05332422256469726562e+01) (1, 8.57076072692871093750e+00) (2, 1.15002346038818359375e+00) (3, -1.77623009681701660156e+00) (4, -1.16186940670013427734e+00) (5, -8.76481819152832031250e+00) (6, 2.57249879837036132812e+00) (0, 3.31480801105499267578e-01) (1, 1.06219129562377929688e+01) (2, -5.35798339843750000000e+01) (3, -9.46221160888671875000e+00) (4, -6.01436567306518554688e+00) (5, -8.61396503448486328125e+00) (6, 1.11100482940673828125e+00) (7, 1.49978820800781250000e+03) (8, 2.00318698883056640625e+01) (9, 3.56712646484375000000e+01) (10, -3.81968803405761718750e+01) (11, -1.22860288619995117188e+01) (7, 4.57772672176361083984e-01) (8, 7.07322263717651367188e+00) (9, 5.51924991607666015625e+00) (10, 9.72638845443725585938e-01) (11, -5.48021697998046875000e+00) (7, 1.49894873046875000000e+03) (8, 4.31475334167480468750e+01) (9, 2.93753662109375000000e+01) (10, 1.50000000000000000000e+03) (11, -1.67740097045898437500e+01) (7, 1.49970751953125000000e+03) (8, -3.33100104331970214844e+00) (9, 1.50000000000000000000e+03) (10, 1.50000000000000000000e+03) (11, 5.74725961685180664062e+00) (12, -2.07485869526863098145e-01) (13, -7.72278499603271484375e+00) (14, -4.79312479496002197266e-01) (15, -6.05743348598480224609e-01) (16, -3.32800626754760742188e-01) 
