FANN_FLO_2.1
num_layers=3
learning_rate=0.500000
connection_rate=1.000000
network_type=0
learning_momentum=0.000000
training_algorithm=2
train_error_function=1
train_stop_function=0
cascade_output_change_fraction=0.010000
quickprop_decay=-0.000100
quickprop_mu=1.750000
rprop_increase_factor=1.200000
rprop_decrease_factor=0.500000
rprop_delta_min=0.000000
rprop_delta_max=50.000000
rprop_delta_zero=0.100000
cascade_output_stagnation_epochs=12
cascade_candidate_change_fraction=0.010000
cascade_candidate_stagnation_epochs=12
cascade_max_out_epochs=150
cascade_min_out_epochs=50
cascade_max_cand_epochs=150
cascade_min_cand_epochs=50
cascade_num_candidate_groups=2
bit_fail_limit=3.49999994039535522461e-01
cascade_candidate_limit=1.00000000000000000000e+03
cascade_weight_multiplier=4.00000005960464477539e-01
cascade_activation_functions_count=10
cascade_activation_functions=3 5 7 8 10 11 14 15 16 17 
cascade_activation_steepnesses_count=4
cascade_activation_steepnesses=2.50000000000000000000e-01 5.00000000000000000000e-01 7.50000000000000000000e-01 1.00000000000000000000e+00 
layer_sizes=10 3 2 
scale_included=0
neurons (num_inputs, activation_function, activation_steepness)=(0, 0, 0.00000000000000000000e+00) (0, 0, 0.00000000000000000000e+00) (0, 0, 0.00000000000000000000e+00) (0, 0, 0.00000000000000000000e+00) (0, 0, 0.00000000000000000000e+00) (0, 0, 0.00000000000000000000e+00) (0, 0, 0.00000000000000000000e+00) (0, 0, 0.00000000000000000000e+00) (0, 0, 0.00000000000000000000e+00) (0, 0, 0.00000000000000000000e+00) (10, 3, 5.00000000000000000000e-01) (10, 3, 5.00000000000000000000e-01) (0, 3, 0.00000000000000000000e+00) (3, 3, 5.00000000000000000000e-01) (0, 3, 0.00000000000000000000e+00) 
connections (connected_to_neuron, weight)=(0, -4.59375286102294921875e+00) (1, 7.32596516609191894531e-01) (2, -1.01515150070190429688e+01) (3, -5.73337078094482421875e-01) (4, 5.48515081405639648438e+00) (5, 1.21404755115509033203e+00) (6, 1.34134745597839355469e+00) (7, -3.26037228107452392578e-01) (8, -4.81349182128906250000e+00) (9, 1.10049879550933837891e+00) (0, 6.77275955677032470703e-02) (1, -2.79060935974121093750e+01) (2, -1.80235996246337890625e+01) (3, 7.25465345382690429688e+00) (4, 6.92982387542724609375e+00) (5, -1.27720129489898681641e+00) (6, 2.01736202239990234375e+01) (7, 8.69310379028320312500e-01) (8, 1.15396776199340820312e+01) (9, 4.43779516220092773438e+00) (10, 2.80066204071044921875e+00) (11, -2.47023749351501464844e+00) (12, 7.81297743320465087891e-01) 
