FANN_FLO_2.1
num_layers=4
learning_rate=0.400000
connection_rate=1.000000
network_type=0
learning_momentum=0.000000
training_algorithm=2
train_error_function=1
train_stop_function=0
cascade_output_change_fraction=0.010000
quickprop_decay=-0.000100
quickprop_mu=1.750000
rprop_increase_factor=1.200000
rprop_decrease_factor=0.500000
rprop_delta_min=0.000000
rprop_delta_max=50.000000
rprop_delta_zero=0.100000
cascade_output_stagnation_epochs=12
cascade_candidate_change_fraction=0.010000
cascade_candidate_stagnation_epochs=12
cascade_max_out_epochs=150
cascade_min_out_epochs=50
cascade_max_cand_epochs=150
cascade_min_cand_epochs=50
cascade_num_candidate_groups=2
bit_fail_limit=3.49999994039535522461e-01
cascade_candidate_limit=1.00000000000000000000e+03
cascade_weight_multiplier=4.00000005960464477539e-01
cascade_activation_functions_count=10
cascade_activation_functions=3 5 7 8 10 11 14 15 16 17 
cascade_activation_steepnesses_count=4
cascade_activation_steepnesses=2.50000000000000000000e-01 5.00000000000000000000e-01 7.50000000000000000000e-01 1.00000000000000000000e+00 
layer_sizes=7 3 3 2 
scale_included=0
neurons (num_inputs, activation_function, activation_steepness)=(0, 0, 0.00000000000000000000e+00) (0, 0, 0.00000000000000000000e+00) (0, 0, 0.00000000000000000000e+00) (0, 0, 0.00000000000000000000e+00) (0, 0, 0.00000000000000000000e+00) (0, 0, 0.00000000000000000000e+00) (0, 0, 0.00000000000000000000e+00) (7, 3, 5.00000000000000000000e-01) (7, 3, 5.00000000000000000000e-01) (0, 3, 0.00000000000000000000e+00) (3, 3, 5.00000000000000000000e-01) (3, 3, 5.00000000000000000000e-01) (0, 3, 0.00000000000000000000e+00) (3, 3, 5.00000000000000000000e-01) (0, 3, 0.00000000000000000000e+00) 
connections (connected_to_neuron, weight)=(0, 2.60697960853576660156e+00) (1, -4.86996936798095703125e+00) (2, 6.53102064132690429688e+00) (3, -3.28612661361694335938e+00) (4, -1.00920891761779785156e+00) (5, 6.18758344650268554688e+00) (6, -2.54433369636535644531e+00) (0, -5.49989557266235351562e+00) (1, 4.65387725830078125000e+00) (2, -2.16499757766723632812e+00) (3, -1.02460718154907226562e+00) (4, -4.98136341571807861328e-01) (5, -5.31063222885131835938e+00) (6, 8.21087002754211425781e-01) (7, 7.30450201034545898438e+00) (8, 7.48707151412963867188e+00) (9, -2.51968288421630859375e+00) (7, 3.35666728019714355469e+00) (8, 6.56546020507812500000e+00) (9, -2.92664790153503417969e+00) (10, -1.51332032680511474609e+00) (11, -3.37551784515380859375e+00) (12, -4.08385515213012695312e-01) 
