FANN_FLO_2.1
num_layers=3
learning_rate=0.400000
connection_rate=1.000000
network_type=0
learning_momentum=0.000000
training_algorithm=2
train_error_function=1
train_stop_function=0
cascade_output_change_fraction=0.010000
quickprop_decay=-0.000100
quickprop_mu=1.750000
rprop_increase_factor=1.200000
rprop_decrease_factor=0.500000
rprop_delta_min=0.000000
rprop_delta_max=50.000000
rprop_delta_zero=0.100000
cascade_output_stagnation_epochs=12
cascade_candidate_change_fraction=0.010000
cascade_candidate_stagnation_epochs=12
cascade_max_out_epochs=150
cascade_min_out_epochs=50
cascade_max_cand_epochs=150
cascade_min_cand_epochs=50
cascade_num_candidate_groups=2
bit_fail_limit=3.49999994039535522461e-01
cascade_candidate_limit=1.00000000000000000000e+03
cascade_weight_multiplier=4.00000005960464477539e-01
cascade_activation_functions_count=10
cascade_activation_functions=3 5 7 8 10 11 14 15 16 17 
cascade_activation_steepnesses_count=4
cascade_activation_steepnesses=2.50000000000000000000e-01 5.00000000000000000000e-01 7.50000000000000000000e-01 1.00000000000000000000e+00 
layer_sizes=7 5 2 
scale_included=0
neurons (num_inputs, activation_function, activation_steepness)=(0, 0, 0.00000000000000000000e+00) (0, 0, 0.00000000000000000000e+00) (0, 0, 0.00000000000000000000e+00) (0, 0, 0.00000000000000000000e+00) (0, 0, 0.00000000000000000000e+00) (0, 0, 0.00000000000000000000e+00) (0, 0, 0.00000000000000000000e+00) (7, 3, 5.00000000000000000000e-01) (7, 3, 5.00000000000000000000e-01) (7, 3, 5.00000000000000000000e-01) (7, 3, 5.00000000000000000000e-01) (0, 3, 0.00000000000000000000e+00) (5, 3, 5.00000000000000000000e-01) (0, 3, 0.00000000000000000000e+00) 
connections (connected_to_neuron, weight)=(0, -3.47242379188537597656e+00) (1, 2.07562133669853210449e-01) (2, -1.85347614288330078125e+01) (3, -4.46188259124755859375e+00) (4, 2.94620823860168457031e+00) (5, 2.57207727432250976562e+00) (6, 2.27126383781433105469e+00) (0, -3.37421393394470214844e+00) (1, -4.31276988983154296875e+00) (2, -3.56888427734375000000e+01) (3, 6.45539093017578125000e+01) (4, -2.11454681396484375000e+02) (5, -3.34415364265441894531e+00) (6, 1.63059024810791015625e+01) (0, -9.79295635223388671875e+00) (1, 6.33188962936401367188e+00) (2, 4.47081267833709716797e-01) (3, -3.71167325973510742188e+00) (4, -3.81763052940368652344e+00) (5, 3.41748428344726562500e+00) (6, 6.02527141571044921875e+00) (0, 1.07361259460449218750e+01) (1, -1.11912670135498046875e+01) (2, 1.02493963241577148438e+01) (3, -2.64989447593688964844e+00) (4, -6.98055326938629150391e-01) (5, -4.77304935455322265625e+00) (6, 6.03672981262207031250e+00) (7, -1.31730055809020996094e+00) (8, -9.61748242378234863281e-01) (9, -1.87277722358703613281e+00) (10, -2.45434331893920898438e+00) (11, 1.40764844417572021484e+00) 
