FANN_FLO_2.1
num_layers=4
learning_rate=0.400000
connection_rate=1.000000
network_type=0
learning_momentum=0.000000
training_algorithm=2
train_error_function=1
train_stop_function=0
cascade_output_change_fraction=0.010000
quickprop_decay=-0.000100
quickprop_mu=1.750000
rprop_increase_factor=1.200000
rprop_decrease_factor=0.500000
rprop_delta_min=0.000000
rprop_delta_max=50.000000
rprop_delta_zero=0.100000
cascade_output_stagnation_epochs=12
cascade_candidate_change_fraction=0.010000
cascade_candidate_stagnation_epochs=12
cascade_max_out_epochs=150
cascade_min_out_epochs=50
cascade_max_cand_epochs=150
cascade_min_cand_epochs=50
cascade_num_candidate_groups=2
bit_fail_limit=3.49999994039535522461e-01
cascade_candidate_limit=1.00000000000000000000e+03
cascade_weight_multiplier=4.00000005960464477539e-01
cascade_activation_functions_count=10
cascade_activation_functions=3 5 7 8 10 11 14 15 16 17 
cascade_activation_steepnesses_count=4
cascade_activation_steepnesses=2.50000000000000000000e-01 5.00000000000000000000e-01 7.50000000000000000000e-01 1.00000000000000000000e+00 
layer_sizes=7 5 5 2 
scale_included=0
neurons (num_inputs, activation_function, activation_steepness)=(0, 0, 0.00000000000000000000e+00) (0, 0, 0.00000000000000000000e+00) (0, 0, 0.00000000000000000000e+00) (0, 0, 0.00000000000000000000e+00) (0, 0, 0.00000000000000000000e+00) (0, 0, 0.00000000000000000000e+00) (0, 0, 0.00000000000000000000e+00) (7, 3, 5.00000000000000000000e-01) (7, 3, 5.00000000000000000000e-01) (7, 3, 5.00000000000000000000e-01) (7, 3, 5.00000000000000000000e-01) (0, 3, 0.00000000000000000000e+00) (5, 3, 5.00000000000000000000e-01) (5, 3, 5.00000000000000000000e-01) (5, 3, 5.00000000000000000000e-01) (5, 3, 5.00000000000000000000e-01) (0, 3, 0.00000000000000000000e+00) (5, 3, 5.00000000000000000000e-01) (0, 3, 0.00000000000000000000e+00) 
connections (connected_to_neuron, weight)=(0, -2.32864166259765625000e+02) (1, 1.01949890136718750000e+03) (2, 1.25330676269531250000e+03) (3, -1.50157423019409179688e+01) (4, -6.88510620117187500000e+02) (5, 6.00363403320312500000e+02) (6, 2.48203784227371215820e-01) (0, -5.62073303222656250000e+02) (1, 1.49828210449218750000e+03) (2, -1.33420898437500000000e+02) (3, 3.85023460388183593750e+01) (4, -1.34450512695312500000e+03) (5, 1.83471084594726562500e+02) (6, -3.57823920249938964844e+00) (0, -9.42249894142150878906e-01) (1, -2.46072649955749511719e+00) (2, 5.39182996749877929688e+00) (3, -7.74442386627197265625e+00) (4, -2.44030880928039550781e+00) (5, 3.77626299858093261719e-01) (6, 5.75589799880981445312e+00) (0, -1.03127209472656250000e+03) (1, 1.49289477539062500000e+03) (2, 8.21149719238281250000e+02) (3, 5.24492530822753906250e+01) (4, -3.49495544433593750000e+02) (5, -8.30491638183593750000e+01) (6, 2.01117610931396484375e+01) (7, -6.11748409271240234375e+00) (8, -8.11646175384521484375e+00) (9, 8.11441116333007812500e+01) (10, -6.04757356643676757812e+00) (11, -9.27465820312500000000e+00) (7, 5.23691701889038085938e+00) (8, -9.56042587757110595703e-01) (9, 6.35210514068603515625e+00) (10, 6.84371113777160644531e-01) (11, -5.57808065414428710938e+00) (7, -1.56380739212036132812e+01) (8, 9.49786281585693359375e+00) (9, -3.49300432205200195312e+00) (10, 6.20685005187988281250e+00) (11, -1.73883140087127685547e+00) (7, -4.60968399047851562500e+01) (8, -5.28592071533203125000e+01) (9, 1.50000000000000000000e+03) (10, -8.47233676910400390625e+00) (11, -1.17073936462402343750e+01) (12, -8.28145265579223632812e-01) (13, -1.29369962215423583984e+00) (14, -2.04148960113525390625e+00) (15, -5.27250111103057861328e-01) (16, -5.04060447216033935547e-01) 
