FANN_FLO_2.1
num_layers=3
learning_rate=0.400000
connection_rate=1.000000
network_type=0
learning_momentum=0.000000
training_algorithm=2
train_error_function=1
train_stop_function=0
cascade_output_change_fraction=0.010000
quickprop_decay=-0.000100
quickprop_mu=1.750000
rprop_increase_factor=1.200000
rprop_decrease_factor=0.500000
rprop_delta_min=0.000000
rprop_delta_max=50.000000
rprop_delta_zero=0.100000
cascade_output_stagnation_epochs=12
cascade_candidate_change_fraction=0.010000
cascade_candidate_stagnation_epochs=12
cascade_max_out_epochs=150
cascade_min_out_epochs=50
cascade_max_cand_epochs=150
cascade_min_cand_epochs=50
cascade_num_candidate_groups=2
bit_fail_limit=3.49999994039535522461e-01
cascade_candidate_limit=1.00000000000000000000e+03
cascade_weight_multiplier=4.00000005960464477539e-01
cascade_activation_functions_count=10
cascade_activation_functions=3 5 7 8 10 11 14 15 16 17 
cascade_activation_steepnesses_count=4
cascade_activation_steepnesses=2.50000000000000000000e-01 5.00000000000000000000e-01 7.50000000000000000000e-01 1.00000000000000000000e+00 
layer_sizes=7 9 2 
scale_included=0
neurons (num_inputs, activation_function, activation_steepness)=(0, 0, 0.00000000000000000000e+00) (0, 0, 0.00000000000000000000e+00) (0, 0, 0.00000000000000000000e+00) (0, 0, 0.00000000000000000000e+00) (0, 0, 0.00000000000000000000e+00) (0, 0, 0.00000000000000000000e+00) (0, 0, 0.00000000000000000000e+00) (7, 3, 5.00000000000000000000e-01) (7, 3, 5.00000000000000000000e-01) (7, 3, 5.00000000000000000000e-01) (7, 3, 5.00000000000000000000e-01) (7, 3, 5.00000000000000000000e-01) (7, 3, 5.00000000000000000000e-01) (7, 3, 5.00000000000000000000e-01) (7, 3, 5.00000000000000000000e-01) (0, 3, 0.00000000000000000000e+00) (9, 3, 5.00000000000000000000e-01) (0, 3, 0.00000000000000000000e+00) 
connections (connected_to_neuron, weight)=(0, -1.98226666450500488281e+00) (1, 3.69148820638656616211e-01) (2, -7.47482836246490478516e-01) (3, 9.97024551033973693848e-02) (4, 7.95779645442962646484e-01) (5, 4.22241538763046264648e-01) (6, -8.06264802813529968262e-02) (0, -2.23853993415832519531e+00) (1, -2.69123578071594238281e+00) (2, -1.26144397258758544922e+00) (3, 2.21999263763427734375e+00) (4, -2.71985709667205810547e-01) (5, 6.15945243835449218750e+00) (6, -2.96613502502441406250e+00) (0, -9.34025764465332031250e+00) (1, -9.23323392868041992188e-01) (2, -9.02196526527404785156e-01) (3, 1.40670979022979736328e+00) (4, 2.99498486518859863281e+00) (5, 1.30878841876983642578e+00) (6, -1.52451097965240478516e+00) (0, -2.81767606735229492188e+00) (1, 2.15462133288383483887e-01) (2, 4.01368767023086547852e-01) (3, -6.23414158821105957031e-01) (4, -7.97145545482635498047e-01) (5, 3.15381914377212524414e-01) (6, -8.12599137425422668457e-02) (0, -3.20779418945312500000e+00) (1, 4.03750061988830566406e-01) (2, 6.74054265022277832031e-01) (3, -2.97457277774810791016e-01) (4, -1.01862335205078125000e+00) (5, 2.75687217712402343750e-01) (6, -1.79605633020401000977e-02) (0, -2.97338747978210449219e+00) (1, -1.36697487905621528625e-02) (2, 7.83813774585723876953e-01) (3, -6.92896664142608642578e-01) (4, -7.50950455665588378906e-01) (5, 3.73195469379425048828e-01) (6, -1.09186485409736633301e-01) (0, 9.79704558849334716797e-01) (1, 7.77672171592712402344e-01) (2, -3.85410523414611816406e+00) (3, -6.15525197982788085938e+00) (4, -3.99533390998840332031e+00) (5, 1.62553939819335937500e+01) (6, 5.70481657981872558594e-01) (0, -1.25591206550598144531e+00) (1, -1.03565168380737304688e+00) (2, 2.78604841232299804688e+00) (3, -9.67352390289306640625e-01) (4, 3.57265281677246093750e+00) (5, -4.70744800567626953125e+00) (6, -2.12048101425170898438e+00) (7, -1.13204085826873779297e+00) (8, 3.62631630897521972656e+00) (9, 3.60301065444946289062e+00) (10, -2.02351927757263183594e+00) (11, -1.39800202846527099609e+00) (12, -1.12862241268157958984e+00) (13, -1.30233645439147949219e+00) (14, 2.33046913146972656250e+00) (15, 5.58173507452011108398e-02) 
