FANN_FLO_2.1
num_layers=4
learning_rate=0.400000
connection_rate=1.000000
network_type=0
learning_momentum=0.000000
training_algorithm=2
train_error_function=1
train_stop_function=0
cascade_output_change_fraction=0.010000
quickprop_decay=-0.000100
quickprop_mu=1.750000
rprop_increase_factor=1.200000
rprop_decrease_factor=0.500000
rprop_delta_min=0.000000
rprop_delta_max=50.000000
rprop_delta_zero=0.100000
cascade_output_stagnation_epochs=12
cascade_candidate_change_fraction=0.010000
cascade_candidate_stagnation_epochs=12
cascade_max_out_epochs=150
cascade_min_out_epochs=50
cascade_max_cand_epochs=150
cascade_min_cand_epochs=50
cascade_num_candidate_groups=2
bit_fail_limit=3.49999994039535522461e-01
cascade_candidate_limit=1.00000000000000000000e+03
cascade_weight_multiplier=4.00000005960464477539e-01
cascade_activation_functions_count=10
cascade_activation_functions=3 5 7 8 10 11 14 15 16 17 
cascade_activation_steepnesses_count=4
cascade_activation_steepnesses=2.50000000000000000000e-01 5.00000000000000000000e-01 7.50000000000000000000e-01 1.00000000000000000000e+00 
layer_sizes=7 3 3 2 
scale_included=0
neurons (num_inputs, activation_function, activation_steepness)=(0, 0, 0.00000000000000000000e+00) (0, 0, 0.00000000000000000000e+00) (0, 0, 0.00000000000000000000e+00) (0, 0, 0.00000000000000000000e+00) (0, 0, 0.00000000000000000000e+00) (0, 0, 0.00000000000000000000e+00) (0, 0, 0.00000000000000000000e+00) (7, 3, 5.00000000000000000000e-01) (7, 3, 5.00000000000000000000e-01) (0, 3, 0.00000000000000000000e+00) (3, 3, 5.00000000000000000000e-01) (3, 3, 5.00000000000000000000e-01) (0, 3, 0.00000000000000000000e+00) (3, 3, 5.00000000000000000000e-01) (0, 3, 0.00000000000000000000e+00) 
connections (connected_to_neuron, weight)=(0, -7.02307224273681640625e-02) (1, 4.46410751342773437500e+01) (2, 7.62008249759674072266e-01) (3, -1.50000000000000000000e+03) (4, 1.07895031571388244629e-01) (5, 2.35226196289062500000e+02) (6, 1.12655838012695312500e+02) (0, -3.61083126068115234375e+00) (1, 1.01095128059387207031e+00) (2, 2.42011594772338867188e+00) (3, -7.63731598854064941406e-01) (4, -2.18549561500549316406e+00) (5, -3.24233263731002807617e-01) (6, 1.62772905826568603516e+00) (7, 3.54589223861694335938e+00) (8, 1.25163030624389648438e+01) (9, -1.07618010044097900391e+00) (7, 3.28166317939758300781e+00) (8, 6.27850437164306640625e+00) (9, -1.29037296772003173828e+00) (10, -1.19942581653594970703e+00) (11, -1.30856597423553466797e+00) (12, -9.88930404186248779297e-01) 
