FANN_FLO_2.1
num_layers=3
learning_rate=0.400000
connection_rate=1.000000
network_type=0
learning_momentum=0.000000
training_algorithm=2
train_error_function=1
train_stop_function=0
cascade_output_change_fraction=0.010000
quickprop_decay=-0.000100
quickprop_mu=1.750000
rprop_increase_factor=1.200000
rprop_decrease_factor=0.500000
rprop_delta_min=0.000000
rprop_delta_max=50.000000
rprop_delta_zero=0.100000
cascade_output_stagnation_epochs=12
cascade_candidate_change_fraction=0.010000
cascade_candidate_stagnation_epochs=12
cascade_max_out_epochs=150
cascade_min_out_epochs=50
cascade_max_cand_epochs=150
cascade_min_cand_epochs=50
cascade_num_candidate_groups=2
bit_fail_limit=3.49999994039535522461e-01
cascade_candidate_limit=1.00000000000000000000e+03
cascade_weight_multiplier=4.00000005960464477539e-01
cascade_activation_functions_count=10
cascade_activation_functions=3 5 7 8 10 11 14 15 16 17 
cascade_activation_steepnesses_count=4
cascade_activation_steepnesses=2.50000000000000000000e-01 5.00000000000000000000e-01 7.50000000000000000000e-01 1.00000000000000000000e+00 
layer_sizes=7 5 2 
scale_included=0
neurons (num_inputs, activation_function, activation_steepness)=(0, 0, 0.00000000000000000000e+00) (0, 0, 0.00000000000000000000e+00) (0, 0, 0.00000000000000000000e+00) (0, 0, 0.00000000000000000000e+00) (0, 0, 0.00000000000000000000e+00) (0, 0, 0.00000000000000000000e+00) (0, 0, 0.00000000000000000000e+00) (7, 3, 5.00000000000000000000e-01) (7, 3, 5.00000000000000000000e-01) (7, 3, 5.00000000000000000000e-01) (7, 3, 5.00000000000000000000e-01) (0, 3, 0.00000000000000000000e+00) (5, 3, 5.00000000000000000000e-01) (0, 3, 0.00000000000000000000e+00) 
connections (connected_to_neuron, weight)=(0, 2.65051150321960449219e+00) (1, 5.86093902587890625000e-01) (2, -3.70663142204284667969e+00) (3, 2.36965489387512207031e+00) (4, -6.17854261398315429688e+00) (5, 9.64683532714843750000e+00) (6, 4.95070785284042358398e-01) (0, -8.52432429790496826172e-01) (1, 3.68639647960662841797e-01) (2, -4.88493680953979492188e-01) (3, -9.32671487331390380859e-01) (4, -1.97239911556243896484e+00) (5, -1.95715296268463134766e+00) (6, 9.06156718730926513672e-01) (0, -3.93184304237365722656e+00) (1, -4.54451560974121093750e+00) (2, 2.81424019485712051392e-02) (3, 2.22839832305908203125e+00) (4, 3.34063351154327392578e-01) (5, 2.17459583282470703125e+00) (6, -8.90097260475158691406e-01) (0, -8.92123639583587646484e-01) (1, 6.45313918590545654297e-01) (2, 4.39089536666870117188e-02) (3, 2.48846150934696197510e-02) (4, 3.39272879064083099365e-02) (5, -2.04263734817504882812e+00) (6, 3.00347208976745605469e-01) (7, -2.46165585517883300781e+00) (8, -1.13483276367187500000e+01) (9, 4.76925134658813476562e+00) (10, -2.06309151649475097656e+00) (11, 2.37331271171569824219e+00) 
