FANN_FLO_2.1
num_layers=4
learning_rate=0.500000
connection_rate=1.000000
network_type=0
learning_momentum=0.000000
training_algorithm=2
train_error_function=1
train_stop_function=0
cascade_output_change_fraction=0.010000
quickprop_decay=-0.000100
quickprop_mu=1.750000
rprop_increase_factor=1.200000
rprop_decrease_factor=0.500000
rprop_delta_min=0.000000
rprop_delta_max=50.000000
rprop_delta_zero=0.100000
cascade_output_stagnation_epochs=12
cascade_candidate_change_fraction=0.010000
cascade_candidate_stagnation_epochs=12
cascade_max_out_epochs=150
cascade_min_out_epochs=50
cascade_max_cand_epochs=150
cascade_min_cand_epochs=50
cascade_num_candidate_groups=2
bit_fail_limit=3.49999994039535522461e-01
cascade_candidate_limit=1.00000000000000000000e+03
cascade_weight_multiplier=4.00000005960464477539e-01
cascade_activation_functions_count=10
cascade_activation_functions=3 5 7 8 10 11 14 15 16 17 
cascade_activation_steepnesses_count=4
cascade_activation_steepnesses=2.50000000000000000000e-01 5.00000000000000000000e-01 7.50000000000000000000e-01 1.00000000000000000000e+00 
layer_sizes=2 5 5 3 
scale_included=0
neurons (num_inputs, activation_function, activation_steepness)=(0, 0, 0.00000000000000000000e+00) (0, 0, 0.00000000000000000000e+00) (2, 3, 5.00000000000000000000e-01) (2, 3, 5.00000000000000000000e-01) (2, 3, 5.00000000000000000000e-01) (2, 3, 5.00000000000000000000e-01) (0, 3, 0.00000000000000000000e+00) (5, 3, 5.00000000000000000000e-01) (5, 3, 5.00000000000000000000e-01) (5, 3, 5.00000000000000000000e-01) (5, 3, 5.00000000000000000000e-01) (0, 3, 0.00000000000000000000e+00) (5, 0, 5.00000000000000000000e-01) (5, 0, 5.00000000000000000000e-01) (0, 0, 0.00000000000000000000e+00) 
connections (connected_to_neuron, weight)=(0, -1.28363208770751953125e+01) (1, 5.33519315719604492188e+00) (0, 1.22781782150268554688e+01) (1, -2.35114121437072753906e+00) (0, -9.78280639648437500000e+00) (1, 8.14436435699462890625e-01) (0, 1.75379562377929687500e+01) (1, -3.71328139305114746094e+00) (2, 4.16806459426879882812e+00) (3, -3.32719016075134277344e+00) (4, 1.76732838153839111328e+00) (5, -1.64917480945587158203e+00) (6, 1.67823329567909240723e-01) (2, 8.07334327697753906250e+00) (3, -2.14117312431335449219e+00) (4, -1.34652738571166992188e+01) (5, -1.57997715473175048828e+00) (6, 1.48641243577003479004e-01) (2, -1.38539984822273254395e-01) (3, 4.70702552795410156250e+00) (4, -3.46641016006469726562e+00) (5, 2.49221229553222656250e+00) (6, 1.01386702060699462891e+00) (2, 2.78467327356338500977e-01) (3, -8.13558769226074218750e+00) (4, -4.96384763717651367188e+00) (5, 1.34265947341918945312e+01) (6, 3.90537142753601074219e-01) (7, -2.78664171695709228516e-01) (8, -2.13357686996459960938e+00) (9, 1.30281701683998107910e-01) (10, -6.49496912956237792969e-01) (11, 6.91262125968933105469e-01) (7, 2.33459424972534179688e+00) (8, 5.99113166332244873047e-01) (9, -1.50723302364349365234e+00) (10, -6.89899504184722900391e-01) (11, -2.24552676081657409668e-02) 
