FANN_FLO_2.1
num_layers=4
learning_rate=0.500000
connection_rate=1.000000
network_type=0
learning_momentum=0.000000
training_algorithm=2
train_error_function=1
train_stop_function=0
cascade_output_change_fraction=0.010000
quickprop_decay=-0.000100
quickprop_mu=1.750000
rprop_increase_factor=1.200000
rprop_decrease_factor=0.500000
rprop_delta_min=0.000000
rprop_delta_max=50.000000
rprop_delta_zero=0.100000
cascade_output_stagnation_epochs=12
cascade_candidate_change_fraction=0.010000
cascade_candidate_stagnation_epochs=12
cascade_max_out_epochs=150
cascade_min_out_epochs=50
cascade_max_cand_epochs=150
cascade_min_cand_epochs=50
cascade_num_candidate_groups=2
bit_fail_limit=3.49999994039535522461e-01
cascade_candidate_limit=1.00000000000000000000e+03
cascade_weight_multiplier=4.00000005960464477539e-01
cascade_activation_functions_count=10
cascade_activation_functions=3 5 7 8 10 11 14 15 16 17 
cascade_activation_steepnesses_count=4
cascade_activation_steepnesses=2.50000000000000000000e-01 5.00000000000000000000e-01 7.50000000000000000000e-01 1.00000000000000000000e+00 
layer_sizes=10 5 3 2 
scale_included=0
neurons (num_inputs, activation_function, activation_steepness)=(0, 0, 0.00000000000000000000e+00) (0, 0, 0.00000000000000000000e+00) (0, 0, 0.00000000000000000000e+00) (0, 0, 0.00000000000000000000e+00) (0, 0, 0.00000000000000000000e+00) (0, 0, 0.00000000000000000000e+00) (0, 0, 0.00000000000000000000e+00) (0, 0, 0.00000000000000000000e+00) (0, 0, 0.00000000000000000000e+00) (0, 0, 0.00000000000000000000e+00) (10, 3, 5.00000000000000000000e-01) (10, 3, 5.00000000000000000000e-01) (10, 3, 5.00000000000000000000e-01) (10, 3, 5.00000000000000000000e-01) (0, 3, 0.00000000000000000000e+00) (5, 3, 5.00000000000000000000e-01) (5, 3, 5.00000000000000000000e-01) (0, 3, 0.00000000000000000000e+00) (3, 3, 5.00000000000000000000e-01) (0, 3, 0.00000000000000000000e+00) 
connections (connected_to_neuron, weight)=(0, -2.16254863739013671875e+01) (1, 3.88044281005859375000e+01) (2, 1.00247621536254882812e+00) (3, -9.43302917480468750000e+00) (4, -3.54436635971069335938e+00) (5, -4.18847531080245971680e-01) (6, -1.19497022628784179688e+01) (7, -1.67150169610977172852e-01) (8, 3.50167512893676757812e-01) (9, 2.04928445816040039062e+00) (0, 8.27997028827667236328e-01) (1, 1.59507837295532226562e+01) (2, 6.17274414062500000000e+02) (3, 4.42041168212890625000e+01) (4, 1.49997302246093750000e+03) (5, 1.50000000000000000000e+03) (6, 9.64613708496093750000e+02) (7, 1.65095067024230957031e+00) (8, 1.83886945247650146484e+00) (9, 5.81214606761932373047e-01) (0, 2.83694887161254882812e+00) (1, 2.40800070762634277344e+00) (2, -2.49472839355468750000e+02) (3, 5.37047080993652343750e+01) (4, -1.60013186931610107422e+00) (5, -3.37546386718750000000e+01) (6, 1.24934136867523193359e+00) (7, 2.35293235778808593750e+01) (8, 2.63543105125427246094e+00) (9, 1.01037473678588867188e+01) (0, -1.50265872478485107422e-01) (1, -5.28385496139526367188e+00) (2, -5.56799011230468750000e+02) (3, -7.19401779174804687500e+01) (4, -1.49017504882812500000e+03) (5, -1.50000000000000000000e+03) (6, -1.38980798339843750000e+03) (7, -5.36171951293945312500e+01) (8, -8.43036743164062500000e+02) (9, 4.43308413028717041016e-01) (10, 1.07470283508300781250e+01) (11, -3.37893152236938476562e+00) (12, 1.50000000000000000000e+03) (13, 1.50000000000000000000e+03) (14, -4.97406542301177978516e-01) (10, 1.12114391326904296875e+01) (11, -4.01548194885253906250e+00) (12, 1.50000000000000000000e+03) (13, 1.50000000000000000000e+03) (14, -7.87933543324470520020e-02) (15, 1.09656751155853271484e+00) (16, 1.03166997432708740234e+00) (17, -1.27983403205871582031e+00) 
