FANN_FLO_2.1
num_layers=4
learning_rate=0.400000
connection_rate=1.000000
network_type=0
learning_momentum=0.000000
training_algorithm=2
train_error_function=1
train_stop_function=0
cascade_output_change_fraction=0.010000
quickprop_decay=-0.000100
quickprop_mu=1.750000
rprop_increase_factor=1.200000
rprop_decrease_factor=0.500000
rprop_delta_min=0.000000
rprop_delta_max=50.000000
rprop_delta_zero=0.100000
cascade_output_stagnation_epochs=12
cascade_candidate_change_fraction=0.010000
cascade_candidate_stagnation_epochs=12
cascade_max_out_epochs=150
cascade_min_out_epochs=50
cascade_max_cand_epochs=150
cascade_min_cand_epochs=50
cascade_num_candidate_groups=2
bit_fail_limit=3.49999994039535522461e-01
cascade_candidate_limit=1.00000000000000000000e+03
cascade_weight_multiplier=4.00000005960464477539e-01
cascade_activation_functions_count=10
cascade_activation_functions=3 5 7 8 10 11 14 15 16 17 
cascade_activation_steepnesses_count=4
cascade_activation_steepnesses=2.50000000000000000000e-01 5.00000000000000000000e-01 7.50000000000000000000e-01 1.00000000000000000000e+00 
layer_sizes=7 5 3 2 
scale_included=0
neurons (num_inputs, activation_function, activation_steepness)=(0, 0, 0.00000000000000000000e+00) (0, 0, 0.00000000000000000000e+00) (0, 0, 0.00000000000000000000e+00) (0, 0, 0.00000000000000000000e+00) (0, 0, 0.00000000000000000000e+00) (0, 0, 0.00000000000000000000e+00) (0, 0, 0.00000000000000000000e+00) (7, 3, 5.00000000000000000000e-01) (7, 3, 5.00000000000000000000e-01) (7, 3, 5.00000000000000000000e-01) (7, 3, 5.00000000000000000000e-01) (0, 3, 0.00000000000000000000e+00) (5, 3, 5.00000000000000000000e-01) (5, 3, 5.00000000000000000000e-01) (0, 3, 0.00000000000000000000e+00) (3, 3, 5.00000000000000000000e-01) (0, 3, 0.00000000000000000000e+00) 
connections (connected_to_neuron, weight)=(0, -1.32128979492187500000e+03) (1, -1.32128979492187500000e+03) (2, -1.37140173339843750000e+03) (3, -7.22534973144531250000e+02) (4, 1.36852416992187500000e+03) (5, -9.18402526855468750000e+02) (6, -2.78712940216064453125e+00) (0, -1.50000000000000000000e+03) (1, -1.31078906250000000000e+03) (2, -1.50000000000000000000e+03) (3, -1.16982946777343750000e+03) (4, 5.29286315917968750000e+02) (5, -1.46089477539062500000e+03) (6, -2.00247392058372497559e-01) (0, -1.36539735794067382812e+01) (1, 9.97055912017822265625e+00) (2, -2.87114238739013671875e+00) (3, -1.20686712265014648438e+01) (4, -1.01180753707885742188e+01) (5, 1.16637241840362548828e+00) (6, 8.75865268707275390625e+00) (0, -1.50000000000000000000e+03) (1, -1.50000000000000000000e+03) (2, -1.49884289550781250000e+03) (3, 5.35317443847656250000e+02) (4, 1.10830249023437500000e+03) (5, 1.20526635742187500000e+03) (6, 2.41811351776123046875e+01) (7, -9.47150897979736328125e+00) (8, 1.50000000000000000000e+03) (9, 1.50000000000000000000e+03) (10, -5.75154495239257812500e+00) (11, -1.26075017452239990234e+00) (7, 1.98597955703735351562e+00) (8, 1.50000000000000000000e+03) (9, 1.50000000000000000000e+03) (10, 1.32337207031250000000e+03) (11, -3.27432155609130859375e-01) (12, -1.17279076576232910156e+00) (13, -1.06971120834350585938e+00) (14, -8.49559605121612548828e-01) 
