FANN_FLO_2.1
num_layers=4
learning_rate=0.400000
connection_rate=1.000000
network_type=0
learning_momentum=0.000000
training_algorithm=2
train_error_function=1
train_stop_function=0
cascade_output_change_fraction=0.010000
quickprop_decay=-0.000100
quickprop_mu=1.750000
rprop_increase_factor=1.200000
rprop_decrease_factor=0.500000
rprop_delta_min=0.000000
rprop_delta_max=50.000000
rprop_delta_zero=0.100000
cascade_output_stagnation_epochs=12
cascade_candidate_change_fraction=0.010000
cascade_candidate_stagnation_epochs=12
cascade_max_out_epochs=150
cascade_min_out_epochs=50
cascade_max_cand_epochs=150
cascade_min_cand_epochs=50
cascade_num_candidate_groups=2
bit_fail_limit=3.49999994039535522461e-01
cascade_candidate_limit=1.00000000000000000000e+03
cascade_weight_multiplier=4.00000005960464477539e-01
cascade_activation_functions_count=10
cascade_activation_functions=3 5 7 8 10 11 14 15 16 17 
cascade_activation_steepnesses_count=4
cascade_activation_steepnesses=2.50000000000000000000e-01 5.00000000000000000000e-01 7.50000000000000000000e-01 1.00000000000000000000e+00 
layer_sizes=7 5 3 2 
scale_included=0
neurons (num_inputs, activation_function, activation_steepness)=(0, 0, 0.00000000000000000000e+00) (0, 0, 0.00000000000000000000e+00) (0, 0, 0.00000000000000000000e+00) (0, 0, 0.00000000000000000000e+00) (0, 0, 0.00000000000000000000e+00) (0, 0, 0.00000000000000000000e+00) (0, 0, 0.00000000000000000000e+00) (7, 3, 5.00000000000000000000e-01) (7, 3, 5.00000000000000000000e-01) (7, 3, 5.00000000000000000000e-01) (7, 3, 5.00000000000000000000e-01) (0, 3, 0.00000000000000000000e+00) (5, 3, 5.00000000000000000000e-01) (5, 3, 5.00000000000000000000e-01) (0, 3, 0.00000000000000000000e+00) (3, 3, 5.00000000000000000000e-01) (0, 3, 0.00000000000000000000e+00) 
connections (connected_to_neuron, weight)=(0, -5.77987304687500000000e+02) (1, -8.55196105957031250000e+02) (2, -1.39096374511718750000e+03) (3, 1.12761010742187500000e+03) (4, 1.48046765136718750000e+03) (5, -1.28861535644531250000e+03) (6, -3.94484367370605468750e+01) (0, 1.56321350097656250000e+02) (1, 1.18769950866699218750e+02) (2, 1.14068000793457031250e+02) (3, -5.06398590087890625000e+02) (4, 1.90750000000000000000e+02) (5, 7.05965042114257812500e+01) (6, 4.32893705368041992188e+00) (0, -4.00564718246459960938e+00) (1, 9.99357938766479492188e-01) (2, -1.05222196578979492188e+01) (3, -8.93390941619873046875e+00) (4, -1.28249406814575195312e+00) (5, 1.65820801258087158203e+00) (6, 5.08122825622558593750e+00) (0, -6.95128906250000000000e+02) (1, 7.14275573730468750000e+02) (2, -1.25065246582031250000e+03) (3, -1.18814025878906250000e+03) (4, 1.19293371582031250000e+03) (5, 1.01895339965820312500e+02) (6, -4.39207916259765625000e+01) (7, 2.41762280464172363281e-01) (8, -3.20102477073669433594e+00) (9, 9.06701354980468750000e+01) (10, 1.22201812267303466797e+00) (11, -2.69809007644653320312e-01) (7, -3.69595384597778320312e+00) (8, -4.69070243835449218750e+00) (9, 1.39174966812133789062e+01) (10, -1.86960065364837646484e+00) (11, 5.93107998371124267578e-01) (12, -1.03428030014038085938e+00) (13, -1.20502662658691406250e+00) (14, -1.20265197753906250000e+00) 
