FANN_FLO_2.1
num_layers=4
learning_rate=0.500000
connection_rate=1.000000
network_type=0
learning_momentum=0.000000
training_algorithm=2
train_error_function=1
train_stop_function=0
cascade_output_change_fraction=0.010000
quickprop_decay=-0.000100
quickprop_mu=1.750000
rprop_increase_factor=1.200000
rprop_decrease_factor=0.500000
rprop_delta_min=0.000000
rprop_delta_max=50.000000
rprop_delta_zero=0.100000
cascade_output_stagnation_epochs=12
cascade_candidate_change_fraction=0.010000
cascade_candidate_stagnation_epochs=12
cascade_max_out_epochs=150
cascade_min_out_epochs=50
cascade_max_cand_epochs=150
cascade_min_cand_epochs=50
cascade_num_candidate_groups=2
bit_fail_limit=3.49999994039535522461e-01
cascade_candidate_limit=1.00000000000000000000e+03
cascade_weight_multiplier=4.00000005960464477539e-01
cascade_activation_functions_count=10
cascade_activation_functions=3 5 7 8 10 11 14 15 16 17 
cascade_activation_steepnesses_count=4
cascade_activation_steepnesses=2.50000000000000000000e-01 5.00000000000000000000e-01 7.50000000000000000000e-01 1.00000000000000000000e+00 
layer_sizes=10 5 3 2 
scale_included=0
neurons (num_inputs, activation_function, activation_steepness)=(0, 0, 0.00000000000000000000e+00) (0, 0, 0.00000000000000000000e+00) (0, 0, 0.00000000000000000000e+00) (0, 0, 0.00000000000000000000e+00) (0, 0, 0.00000000000000000000e+00) (0, 0, 0.00000000000000000000e+00) (0, 0, 0.00000000000000000000e+00) (0, 0, 0.00000000000000000000e+00) (0, 0, 0.00000000000000000000e+00) (0, 0, 0.00000000000000000000e+00) (10, 3, 5.00000000000000000000e-01) (10, 3, 5.00000000000000000000e-01) (10, 3, 5.00000000000000000000e-01) (10, 3, 5.00000000000000000000e-01) (0, 3, 0.00000000000000000000e+00) (5, 3, 5.00000000000000000000e-01) (5, 3, 5.00000000000000000000e-01) (0, 3, 0.00000000000000000000e+00) (3, 3, 5.00000000000000000000e-01) (0, 3, 0.00000000000000000000e+00) 
connections (connected_to_neuron, weight)=(0, 9.67978858947753906250e+00) (1, -1.77615690231323242188e+00) (2, 3.49070835113525390625e+00) (3, 6.76692664623260498047e-01) (4, 8.41755485534667968750e+00) (5, 5.99228680133819580078e-01) (6, -2.85220947265625000000e+01) (7, 1.37465333938598632812e+00) (8, 4.38823103904724121094e-01) (9, 5.21706998348236083984e-01) (0, -5.06688261032104492188e+00) (1, -3.18869233131408691406e-01) (2, 3.70818227529525756836e-01) (3, -8.58910274505615234375e+00) (4, 9.92505908012390136719e-01) (5, 2.86987090110778808594e+00) (6, -4.06790137290954589844e-01) (7, -8.34908580780029296875e+00) (8, 1.57713186740875244141e+00) (9, 4.78269672393798828125e+00) (0, 3.27462792396545410156e-01) (1, 5.12495219707489013672e-01) (2, -8.73778438568115234375e+00) (3, -5.66533327102661132812e-01) (4, -8.38928073644638061523e-02) (5, -1.20961046218872070312e+00) (6, 2.36885857582092285156e+00) (7, -1.36358511447906494141e+00) (8, 1.68779098987579345703e+00) (9, 1.51104676723480224609e+00) (0, -7.66439390182495117188e+00) (1, 4.99753981828689575195e-01) (2, 2.94016218185424804688e+00) (3, -7.56856250762939453125e+00) (4, 4.75228220224380493164e-01) (5, 2.48290586471557617188e+00) (6, -6.26573324203491210938e-01) (7, -1.18432006835937500000e+01) (8, 2.51108670234680175781e+00) (9, 4.18496990203857421875e+00) (10, -1.76542079448699951172e+00) (11, 4.84387683868408203125e+00) (12, 1.12773132324218750000e+01) (13, 3.40380811691284179688e+00) (14, -1.46953451633453369141e+00) (10, -2.72995877265930175781e+00) (11, 3.33079957962036132812e+00) (12, 1.00372858047485351562e+01) (13, 6.22015094757080078125e+00) (14, -1.21237516403198242188e+00) (15, 3.33601802587509155273e-01) (16, 3.42695981264114379883e-01) (17, 1.93454161286354064941e-01) 
