FANN_FLO_2.1
num_layers=3
learning_rate=0.400000
connection_rate=1.000000
network_type=0
learning_momentum=0.000000
training_algorithm=2
train_error_function=1
train_stop_function=0
cascade_output_change_fraction=0.010000
quickprop_decay=-0.000100
quickprop_mu=1.750000
rprop_increase_factor=1.200000
rprop_decrease_factor=0.500000
rprop_delta_min=0.000000
rprop_delta_max=50.000000
rprop_delta_zero=0.100000
cascade_output_stagnation_epochs=12
cascade_candidate_change_fraction=0.010000
cascade_candidate_stagnation_epochs=12
cascade_max_out_epochs=150
cascade_min_out_epochs=50
cascade_max_cand_epochs=150
cascade_min_cand_epochs=50
cascade_num_candidate_groups=2
bit_fail_limit=3.49999994039535522461e-01
cascade_candidate_limit=1.00000000000000000000e+03
cascade_weight_multiplier=4.00000005960464477539e-01
cascade_activation_functions_count=10
cascade_activation_functions=3 5 7 8 10 11 14 15 16 17 
cascade_activation_steepnesses_count=4
cascade_activation_steepnesses=2.50000000000000000000e-01 5.00000000000000000000e-01 7.50000000000000000000e-01 1.00000000000000000000e+00 
layer_sizes=7 5 2 
scale_included=0
neurons (num_inputs, activation_function, activation_steepness)=(0, 0, 0.00000000000000000000e+00) (0, 0, 0.00000000000000000000e+00) (0, 0, 0.00000000000000000000e+00) (0, 0, 0.00000000000000000000e+00) (0, 0, 0.00000000000000000000e+00) (0, 0, 0.00000000000000000000e+00) (0, 0, 0.00000000000000000000e+00) (7, 3, 5.00000000000000000000e-01) (7, 3, 5.00000000000000000000e-01) (7, 3, 5.00000000000000000000e-01) (7, 3, 5.00000000000000000000e-01) (0, 3, 0.00000000000000000000e+00) (5, 3, 5.00000000000000000000e-01) (0, 3, 0.00000000000000000000e+00) 
connections (connected_to_neuron, weight)=(0, -1.80689167976379394531e+00) (1, 4.99504595994949340820e-01) (2, -7.90468835830688476562e+00) (3, -3.62833499908447265625e+00) (4, 1.38138806819915771484e+00) (5, -1.50000000000000000000e+03) (6, 4.24562931060791015625e-01) (0, -1.40484457015991210938e+01) (1, 1.40521221160888671875e+01) (2, -1.15047216415405273438e+01) (3, 3.03738498687744140625e+00) (4, 9.62713539600372314453e-01) (5, 4.52888154983520507812e+00) (6, 3.74088674783706665039e-01) (0, 4.54604005813598632812e+00) (1, -5.31079578399658203125e+00) (2, 8.95843565464019775391e-01) (3, -1.39416801929473876953e+00) (4, -1.71607449650764465332e-01) (5, 2.76117968559265136719e+00) (6, -2.76180863380432128906e+00) (0, -3.93319892883300781250e+00) (1, 3.34406828880310058594e+00) (2, 6.26434373855590820312e+00) (3, -1.05297513306140899658e-01) (4, -2.43869471549987792969e+00) (5, -1.50000000000000000000e+03) (6, 4.98523890972137451172e-01) (7, -4.31256961822509765625e+00) (8, -1.52686154842376708984e+00) (9, -1.04316186904907226562e+01) (10, -5.33212852478027343750e+00) (11, 1.31066668033599853516e+00) 
