FANN_FLO_2.1
num_layers=4
learning_rate=0.400000
connection_rate=1.000000
network_type=0
learning_momentum=0.000000
training_algorithm=2
train_error_function=1
train_stop_function=0
cascade_output_change_fraction=0.010000
quickprop_decay=-0.000100
quickprop_mu=1.750000
rprop_increase_factor=1.200000
rprop_decrease_factor=0.500000
rprop_delta_min=0.000000
rprop_delta_max=50.000000
rprop_delta_zero=0.100000
cascade_output_stagnation_epochs=12
cascade_candidate_change_fraction=0.010000
cascade_candidate_stagnation_epochs=12
cascade_max_out_epochs=150
cascade_min_out_epochs=50
cascade_max_cand_epochs=150
cascade_min_cand_epochs=50
cascade_num_candidate_groups=2
bit_fail_limit=3.49999994039535522461e-01
cascade_candidate_limit=1.00000000000000000000e+03
cascade_weight_multiplier=4.00000005960464477539e-01
cascade_activation_functions_count=10
cascade_activation_functions=3 5 7 8 10 11 14 15 16 17 
cascade_activation_steepnesses_count=4
cascade_activation_steepnesses=2.50000000000000000000e-01 5.00000000000000000000e-01 7.50000000000000000000e-01 1.00000000000000000000e+00 
layer_sizes=7 5 5 2 
scale_included=0
neurons (num_inputs, activation_function, activation_steepness)=(0, 0, 0.00000000000000000000e+00) (0, 0, 0.00000000000000000000e+00) (0, 0, 0.00000000000000000000e+00) (0, 0, 0.00000000000000000000e+00) (0, 0, 0.00000000000000000000e+00) (0, 0, 0.00000000000000000000e+00) (0, 0, 0.00000000000000000000e+00) (7, 3, 5.00000000000000000000e-01) (7, 3, 5.00000000000000000000e-01) (7, 3, 5.00000000000000000000e-01) (7, 3, 5.00000000000000000000e-01) (0, 3, 0.00000000000000000000e+00) (5, 3, 5.00000000000000000000e-01) (5, 3, 5.00000000000000000000e-01) (5, 3, 5.00000000000000000000e-01) (5, 3, 5.00000000000000000000e-01) (0, 3, 0.00000000000000000000e+00) (5, 3, 5.00000000000000000000e-01) (0, 3, 0.00000000000000000000e+00) 
connections (connected_to_neuron, weight)=(0, -1.45874805450439453125e+01) (1, 1.18039751052856445312e+01) (2, -7.54645681381225585938e+00) (3, -4.06260967254638671875e+00) (4, -5.64069509506225585938e-01) (5, 7.29663940429687500000e+02) (6, 2.24858307838439941406e+00) (0, -1.92231044769287109375e+01) (1, -1.22435974121093750000e+03) (2, -4.68902954101562500000e+02) (3, -2.39293432235717773438e+00) (4, -1.41227709960937500000e+03) (5, -1.15123611450195312500e+02) (6, 7.53148794174194335938e+00) (0, -1.25054578781127929688e+01) (1, -1.46844335937500000000e+03) (2, 6.04705566406250000000e+02) (3, -5.45194091796875000000e+02) (4, 3.29990386962890625000e+01) (5, -1.38668408203125000000e+03) (6, 8.75385665893554687500e+00) (0, 9.54486656188964843750e+00) (1, -1.33380899429321289062e+01) (2, 4.08347082138061523438e+00) (3, -5.00345468521118164062e+00) (4, -1.63327240943908691406e+00) (5, 5.05941772460937500000e+00) (6, -1.75783467292785644531e+00) (7, -7.74259643554687500000e+02) (8, 9.41525207519531250000e+02) (9, 1.50000000000000000000e+03) (10, 2.38062057495117187500e+01) (11, 6.08043708801269531250e+01) (7, 9.96517848968505859375e+00) (8, -2.24546313285827636719e-01) (9, 1.50000000000000000000e+03) (10, -3.96473288536071777344e+00) (11, -2.19500517845153808594e+00) (7, 3.16498947143554687500e+01) (8, -3.88618087768554687500e+01) (9, 1.50000000000000000000e+03) (10, 2.54615936279296875000e+02) (11, -1.47304260730743408203e+00) (7, -1.20238232421875000000e+03) (8, 1.50000000000000000000e+03) (9, 1.50000000000000000000e+03) (10, 4.94464950561523437500e+01) (11, -5.37786602973937988281e-01) (12, -6.00883781909942626953e-01) (13, -3.87912011146545410156e+00) (14, -3.63517194986343383789e-01) (15, -7.20857977867126464844e-01) (16, -4.60756808519363403320e-01) 
