FANN_FLO_2.1
num_layers=3
learning_rate=0.500000
connection_rate=1.000000
network_type=0
learning_momentum=0.000000
training_algorithm=2
train_error_function=1
train_stop_function=0
cascade_output_change_fraction=0.010000
quickprop_decay=-0.000100
quickprop_mu=1.750000
rprop_increase_factor=1.200000
rprop_decrease_factor=0.500000
rprop_delta_min=0.000000
rprop_delta_max=50.000000
rprop_delta_zero=0.100000
cascade_output_stagnation_epochs=12
cascade_candidate_change_fraction=0.010000
cascade_candidate_stagnation_epochs=12
cascade_max_out_epochs=150
cascade_min_out_epochs=50
cascade_max_cand_epochs=150
cascade_min_cand_epochs=50
cascade_num_candidate_groups=2
bit_fail_limit=3.49999994039535522461e-01
cascade_candidate_limit=1.00000000000000000000e+03
cascade_weight_multiplier=4.00000005960464477539e-01
cascade_activation_functions_count=10
cascade_activation_functions=3 5 7 8 10 11 14 15 16 17 
cascade_activation_steepnesses_count=4
cascade_activation_steepnesses=2.50000000000000000000e-01 5.00000000000000000000e-01 7.50000000000000000000e-01 1.00000000000000000000e+00 
layer_sizes=10 3 2 
scale_included=0
neurons (num_inputs, activation_function, activation_steepness)=(0, 0, 0.00000000000000000000e+00) (0, 0, 0.00000000000000000000e+00) (0, 0, 0.00000000000000000000e+00) (0, 0, 0.00000000000000000000e+00) (0, 0, 0.00000000000000000000e+00) (0, 0, 0.00000000000000000000e+00) (0, 0, 0.00000000000000000000e+00) (0, 0, 0.00000000000000000000e+00) (0, 0, 0.00000000000000000000e+00) (0, 0, 0.00000000000000000000e+00) (10, 3, 5.00000000000000000000e-01) (10, 3, 5.00000000000000000000e-01) (0, 3, 0.00000000000000000000e+00) (3, 3, 5.00000000000000000000e-01) (0, 3, 0.00000000000000000000e+00) 
connections (connected_to_neuron, weight)=(0, -3.27971053123474121094e+00) (1, -9.73993122577667236328e-01) (2, -1.27011613845825195312e+01) (3, -2.12675380706787109375e+00) (4, -2.86018520593643188477e-01) (5, 9.07130599021911621094e-01) (6, 5.36270523071289062500e+00) (7, -1.72484898567199707031e+00) (8, 8.24209594726562500000e+00) (9, -5.89313566684722900391e-01) (0, -2.63403713703155517578e-01) (1, 9.49383354187011718750e+00) (2, 1.27197360992431640625e+00) (3, -2.90192294120788574219e+00) (4, -4.77002477645874023438e+00) (5, -2.18758654594421386719e+00) (6, 6.94388091564178466797e-01) (7, -7.03619813919067382812e+00) (8, -1.34145557880401611328e+00) (9, 4.25997018814086914062e+00) (10, 3.01216268539428710938e+00) (11, 2.98685407638549804688e+00) (12, -2.13807225227355957031e+00) 
