FANN_FLO_2.1
num_layers=4
learning_rate=0.400000
connection_rate=1.000000
network_type=0
learning_momentum=0.000000
training_algorithm=2
train_error_function=1
train_stop_function=0
cascade_output_change_fraction=0.010000
quickprop_decay=-0.000100
quickprop_mu=1.750000
rprop_increase_factor=1.200000
rprop_decrease_factor=0.500000
rprop_delta_min=0.000000
rprop_delta_max=50.000000
rprop_delta_zero=0.100000
cascade_output_stagnation_epochs=12
cascade_candidate_change_fraction=0.010000
cascade_candidate_stagnation_epochs=12
cascade_max_out_epochs=150
cascade_min_out_epochs=50
cascade_max_cand_epochs=150
cascade_min_cand_epochs=50
cascade_num_candidate_groups=2
bit_fail_limit=3.49999994039535522461e-01
cascade_candidate_limit=1.00000000000000000000e+03
cascade_weight_multiplier=4.00000005960464477539e-01
cascade_activation_functions_count=10
cascade_activation_functions=3 5 7 8 10 11 14 15 16 17 
cascade_activation_steepnesses_count=4
cascade_activation_steepnesses=2.50000000000000000000e-01 5.00000000000000000000e-01 7.50000000000000000000e-01 1.00000000000000000000e+00 
layer_sizes=7 5 5 2 
scale_included=0
neurons (num_inputs, activation_function, activation_steepness)=(0, 0, 0.00000000000000000000e+00) (0, 0, 0.00000000000000000000e+00) (0, 0, 0.00000000000000000000e+00) (0, 0, 0.00000000000000000000e+00) (0, 0, 0.00000000000000000000e+00) (0, 0, 0.00000000000000000000e+00) (0, 0, 0.00000000000000000000e+00) (7, 3, 5.00000000000000000000e-01) (7, 3, 5.00000000000000000000e-01) (7, 3, 5.00000000000000000000e-01) (7, 3, 5.00000000000000000000e-01) (0, 3, 0.00000000000000000000e+00) (5, 3, 5.00000000000000000000e-01) (5, 3, 5.00000000000000000000e-01) (5, 3, 5.00000000000000000000e-01) (5, 3, 5.00000000000000000000e-01) (0, 3, 0.00000000000000000000e+00) (5, 3, 5.00000000000000000000e-01) (0, 3, 0.00000000000000000000e+00) 
connections (connected_to_neuron, weight)=(0, -1.39209631347656250000e+03) (1, 2.03978443145751953125e+00) (2, -1.40000000000000000000e+03) (3, 8.27435852050781250000e+02) (4, -8.10132385253906250000e+02) (5, 1.21152429199218750000e+03) (6, 1.58207368850708007812e+00) (0, -1.87189350128173828125e+01) (1, -1.08480100631713867188e+01) (2, 1.47500000000000000000e+03) (3, -5.37597846984863281250e+01) (4, 2.69585704803466796875e+00) (5, 1.50000000000000000000e+03) (6, -6.01698722839355468750e+01) (0, -3.11838316917419433594e+00) (1, 2.24959945678710937500e+00) (2, -1.26420223712921142578e+00) (3, -1.08682799339294433594e+00) (4, -4.89087551832199096680e-01) (5, -4.36981201171875000000e+00) (6, 4.74004685878753662109e-01) (0, 1.56879925727844238281e+00) (1, -9.11067295074462890625e+00) (2, -6.26957273483276367188e+00) (3, -7.92024183273315429688e+00) (4, -2.85077214241027832031e+00) (5, 7.14441204071044921875e+00) (6, 3.80165338516235351562e+00) (7, 2.68741250038146972656e+00) (8, 2.88175845146179199219e+00) (9, 5.38107109069824218750e+00) (10, 3.12400519847869873047e-01) (11, -1.89292609691619873047e+00) (7, -1.36729565429687500000e+03) (8, 1.37657421875000000000e+03) (9, 1.93333511352539062500e+01) (10, -2.18031654357910156250e+01) (11, -6.07623958587646484375e+00) (7, 4.31275457143783569336e-01) (8, -1.50971210002899169922e+00) (9, 1.97988452911376953125e+01) (10, 9.69523906707763671875e+00) (11, -5.12206935882568359375e+00) (7, -4.59166094660758972168e-02) (8, -1.56012523174285888672e+00) (9, 1.04011440277099609375e+01) (10, 3.55039367675781250000e+01) (11, -2.42885708808898925781e+00) (12, -8.29101443290710449219e-01) (13, -4.70817476511001586914e-01) (14, -1.78013598918914794922e+00) (15, -6.55030071735382080078e-01) (16, -3.40793788433074951172e-01) 
