FANN_FLO_2.1
num_layers=4
learning_rate=0.500000
connection_rate=1.000000
network_type=0
learning_momentum=0.000000
training_algorithm=2
train_error_function=1
train_stop_function=0
cascade_output_change_fraction=0.010000
quickprop_decay=-0.000100
quickprop_mu=1.750000
rprop_increase_factor=1.200000
rprop_decrease_factor=0.500000
rprop_delta_min=0.000000
rprop_delta_max=50.000000
rprop_delta_zero=0.100000
cascade_output_stagnation_epochs=12
cascade_candidate_change_fraction=0.010000
cascade_candidate_stagnation_epochs=12
cascade_max_out_epochs=150
cascade_min_out_epochs=50
cascade_max_cand_epochs=150
cascade_min_cand_epochs=50
cascade_num_candidate_groups=2
bit_fail_limit=3.49999994039535522461e-01
cascade_candidate_limit=1.00000000000000000000e+03
cascade_weight_multiplier=4.00000005960464477539e-01
cascade_activation_functions_count=10
cascade_activation_functions=3 5 7 8 10 11 14 15 16 17 
cascade_activation_steepnesses_count=4
cascade_activation_steepnesses=2.50000000000000000000e-01 5.00000000000000000000e-01 7.50000000000000000000e-01 1.00000000000000000000e+00 
layer_sizes=10 5 3 2 
scale_included=0
neurons (num_inputs, activation_function, activation_steepness)=(0, 0, 0.00000000000000000000e+00) (0, 0, 0.00000000000000000000e+00) (0, 0, 0.00000000000000000000e+00) (0, 0, 0.00000000000000000000e+00) (0, 0, 0.00000000000000000000e+00) (0, 0, 0.00000000000000000000e+00) (0, 0, 0.00000000000000000000e+00) (0, 0, 0.00000000000000000000e+00) (0, 0, 0.00000000000000000000e+00) (0, 0, 0.00000000000000000000e+00) (10, 3, 5.00000000000000000000e-01) (10, 3, 5.00000000000000000000e-01) (10, 3, 5.00000000000000000000e-01) (10, 3, 5.00000000000000000000e-01) (0, 3, 0.00000000000000000000e+00) (5, 3, 5.00000000000000000000e-01) (5, 3, 5.00000000000000000000e-01) (0, 3, 0.00000000000000000000e+00) (3, 3, 5.00000000000000000000e-01) (0, 3, 0.00000000000000000000e+00) 
connections (connected_to_neuron, weight)=(0, -1.39896386718750000000e+03) (1, -7.30962341308593750000e+02) (2, -1.50000000000000000000e+03) (3, -1.50000000000000000000e+03) (4, -6.24929626464843750000e+02) (5, -1.50000000000000000000e+03) (6, 1.73864841461181640625e-01) (7, -2.75419425964355468750e+00) (8, -7.34699768066406250000e+02) (9, 7.30737686157226562500e-01) (0, -4.56170415878295898438e+00) (1, 9.42868900299072265625e+00) (2, -1.50000000000000000000e+03) (3, -6.11759948730468750000e+00) (4, -9.69753980636596679688e-01) (5, -8.34696899414062500000e+02) (6, 1.00703045725822448730e-01) (7, -9.09313678741455078125e-01) (8, 8.24259643554687500000e+02) (9, 1.65188884735107421875e+00) (0, -1.72559814453125000000e+01) (1, 1.52179872989654541016e+00) (2, 1.21428003311157226562e+01) (3, -1.33959608078002929688e+01) (4, 1.10426743049174547195e-03) (5, -1.46124830245971679688e+01) (6, 1.73086566925048828125e+01) (7, -9.09176158905029296875e+00) (8, 2.25630512237548828125e+01) (9, 2.21079206466674804688e+00) (0, -1.54123497009277343750e+01) (1, 1.61053049564361572266e+00) (2, 1.13093366622924804688e+01) (3, -9.84904575347900390625e+00) (4, -4.27409075200557708740e-03) (5, 4.47530603408813476562e+00) (6, -6.23465478420257568359e-02) (7, -1.75421276092529296875e+01) (8, 3.85808324813842773438e+00) (9, 2.16374778747558593750e+00) (10, 6.26939941406250000000e+02) (11, 1.48011388778686523438e+01) (12, 6.15957736968994140625e-01) (13, 1.28357448577880859375e+01) (14, -1.86773836612701416016e+00) (10, 4.46907592773437500000e+02) (11, 1.23917064666748046875e+01) (12, 1.63389277458190917969e+00) (13, 8.89817333221435546875e+00) (14, -1.50792610645294189453e+00) (15, 3.61667871475219726562e-01) (16, 3.91117900609970092773e-01) (17, 1.16872735321521759033e-01) 
