FANN_FLO_2.1
num_layers=4
learning_rate=0.500000
connection_rate=1.000000
network_type=0
learning_momentum=0.000000
training_algorithm=2
train_error_function=1
train_stop_function=0
cascade_output_change_fraction=0.010000
quickprop_decay=-0.000100
quickprop_mu=1.750000
rprop_increase_factor=1.200000
rprop_decrease_factor=0.500000
rprop_delta_min=0.000000
rprop_delta_max=50.000000
rprop_delta_zero=0.100000
cascade_output_stagnation_epochs=12
cascade_candidate_change_fraction=0.010000
cascade_candidate_stagnation_epochs=12
cascade_max_out_epochs=150
cascade_min_out_epochs=50
cascade_max_cand_epochs=150
cascade_min_cand_epochs=50
cascade_num_candidate_groups=2
bit_fail_limit=3.49999994039535522461e-01
cascade_candidate_limit=1.00000000000000000000e+03
cascade_weight_multiplier=4.00000005960464477539e-01
cascade_activation_functions_count=10
cascade_activation_functions=3 5 7 8 10 11 14 15 16 17 
cascade_activation_steepnesses_count=4
cascade_activation_steepnesses=2.50000000000000000000e-01 5.00000000000000000000e-01 7.50000000000000000000e-01 1.00000000000000000000e+00 
layer_sizes=10 5 3 2 
scale_included=0
neurons (num_inputs, activation_function, activation_steepness)=(0, 0, 0.00000000000000000000e+00) (0, 0, 0.00000000000000000000e+00) (0, 0, 0.00000000000000000000e+00) (0, 0, 0.00000000000000000000e+00) (0, 0, 0.00000000000000000000e+00) (0, 0, 0.00000000000000000000e+00) (0, 0, 0.00000000000000000000e+00) (0, 0, 0.00000000000000000000e+00) (0, 0, 0.00000000000000000000e+00) (0, 0, 0.00000000000000000000e+00) (10, 3, 5.00000000000000000000e-01) (10, 3, 5.00000000000000000000e-01) (10, 3, 5.00000000000000000000e-01) (10, 3, 5.00000000000000000000e-01) (0, 3, 0.00000000000000000000e+00) (5, 3, 5.00000000000000000000e-01) (5, 3, 5.00000000000000000000e-01) (0, 3, 0.00000000000000000000e+00) (3, 3, 5.00000000000000000000e-01) (0, 3, 0.00000000000000000000e+00) 
connections (connected_to_neuron, weight)=(0, 1.06768035888671875000e+00) (1, -3.24261045455932617188e+00) (2, -2.39974546432495117188e+00) (3, 8.69125008583068847656e-01) (4, 1.47420740127563476562e+00) (5, -1.15446395874023437500e+01) (6, 9.27644634246826171875e+00) (7, -2.91802853345870971680e-01) (8, -2.07366728782653808594e+00) (9, -8.97005617618560791016e-01) (0, 1.30875766277313232422e+00) (1, 2.98277473449707031250e+00) (2, 1.34468920898437500000e+03) (3, -6.06781691312789916992e-02) (4, 3.52079429626464843750e+01) (5, 1.49962536621093750000e+03) (6, -3.10752746582031250000e+02) (7, 1.34838293457031250000e+03) (8, 1.49953674316406250000e+03) (9, 1.19426040649414062500e+01) (0, 1.42241418361663818359e+00) (1, -2.38880896568298339844e+00) (2, -1.60973339080810546875e+01) (3, 2.46055459976196289062e+00) (4, 4.24468636512756347656e-01) (5, -1.48909926414489746094e+00) (6, 2.13909893035888671875e+01) (7, 4.60509657859802246094e-01) (8, 2.46217727661132812500e+00) (9, -4.36307334899902343750e+00) (0, 1.99972391128540039062e+00) (1, -2.84377908706665039062e+00) (2, 4.06824648380279541016e-01) (3, 1.14095716476440429688e+01) (4, 1.28720486164093017578e+00) (5, -1.71585865020751953125e+01) (6, 9.83141517639160156250e+00) (7, 8.89338314533233642578e-01) (8, 2.09138870239257812500e+00) (9, 2.59717464447021484375e-01) (10, 1.50000000000000000000e+03) (11, 3.80407738685607910156e+00) (12, -6.05810012817382812500e+01) (13, -4.03948593139648437500e+00) (14, 3.85030698776245117188e+00) (10, 1.50000000000000000000e+03) (11, 3.14796757698059082031e+00) (12, -3.58051109313964843750e+01) (13, -1.12606086730957031250e+01) (14, 2.65661787986755371094e+00) (15, 1.44474029541015625000e+00) (16, 8.36269855499267578125e-01) (17, -1.43129408359527587891e+00) 
