FANN_FLO_2.1
num_layers=4
learning_rate=0.500000
connection_rate=1.000000
network_type=0
learning_momentum=0.000000
training_algorithm=2
train_error_function=1
train_stop_function=0
cascade_output_change_fraction=0.010000
quickprop_decay=-0.000100
quickprop_mu=1.750000
rprop_increase_factor=1.200000
rprop_decrease_factor=0.500000
rprop_delta_min=0.000000
rprop_delta_max=50.000000
rprop_delta_zero=0.100000
cascade_output_stagnation_epochs=12
cascade_candidate_change_fraction=0.010000
cascade_candidate_stagnation_epochs=12
cascade_max_out_epochs=150
cascade_min_out_epochs=50
cascade_max_cand_epochs=150
cascade_min_cand_epochs=50
cascade_num_candidate_groups=2
bit_fail_limit=3.49999994039535522461e-01
cascade_candidate_limit=1.00000000000000000000e+03
cascade_weight_multiplier=4.00000005960464477539e-01
cascade_activation_functions_count=10
cascade_activation_functions=3 5 7 8 10 11 14 15 16 17 
cascade_activation_steepnesses_count=4
cascade_activation_steepnesses=2.50000000000000000000e-01 5.00000000000000000000e-01 7.50000000000000000000e-01 1.00000000000000000000e+00 
layer_sizes=10 3 3 2 
scale_included=0
neurons (num_inputs, activation_function, activation_steepness)=(0, 0, 0.00000000000000000000e+00) (0, 0, 0.00000000000000000000e+00) (0, 0, 0.00000000000000000000e+00) (0, 0, 0.00000000000000000000e+00) (0, 0, 0.00000000000000000000e+00) (0, 0, 0.00000000000000000000e+00) (0, 0, 0.00000000000000000000e+00) (0, 0, 0.00000000000000000000e+00) (0, 0, 0.00000000000000000000e+00) (0, 0, 0.00000000000000000000e+00) (10, 3, 5.00000000000000000000e-01) (10, 3, 5.00000000000000000000e-01) (0, 3, 0.00000000000000000000e+00) (3, 3, 5.00000000000000000000e-01) (3, 3, 5.00000000000000000000e-01) (0, 3, 0.00000000000000000000e+00) (3, 3, 5.00000000000000000000e-01) (0, 3, 0.00000000000000000000e+00) 
connections (connected_to_neuron, weight)=(0, -1.23545417785644531250e+01) (1, 2.59110116958618164062e+00) (2, -1.25482034683227539062e+00) (3, 4.07473754882812500000e+00) (4, -3.45829772949218750000e+00) (5, -1.53603773117065429688e+01) (6, 1.63337249755859375000e+01) (7, 1.89716453552246093750e+01) (8, -1.50948877334594726562e+01) (9, 8.56796443462371826172e-01) (0, -5.51299631595611572266e-01) (1, 4.93194484710693359375e+00) (2, 1.47124397754669189453e+00) (3, -1.48752717971801757812e+01) (4, 2.04094815254211425781e+00) (5, 5.08931112289428710938e+00) (6, -1.00875406265258789062e+01) (7, 1.42702162265777587891e+00) (8, 6.05658054351806640625e-01) (9, 1.40419530868530273438e+00) (10, 1.16228780746459960938e+01) (11, 1.25413646697998046875e+01) (12, -6.40460538864135742188e+00) (10, 1.16722002029418945312e+01) (11, 1.30368967056274414062e+01) (12, -6.94189071655273437500e+00) (13, 1.49454832077026367188e+00) (14, 7.11445808410644531250e-01) (15, -1.32225322723388671875e+00) 
