FANN_FLO_2.1
num_layers=3
learning_rate=0.400000
connection_rate=1.000000
network_type=0
learning_momentum=0.000000
training_algorithm=2
train_error_function=1
train_stop_function=0
cascade_output_change_fraction=0.010000
quickprop_decay=-0.000100
quickprop_mu=1.750000
rprop_increase_factor=1.200000
rprop_decrease_factor=0.500000
rprop_delta_min=0.000000
rprop_delta_max=50.000000
rprop_delta_zero=0.100000
cascade_output_stagnation_epochs=12
cascade_candidate_change_fraction=0.010000
cascade_candidate_stagnation_epochs=12
cascade_max_out_epochs=150
cascade_min_out_epochs=50
cascade_max_cand_epochs=150
cascade_min_cand_epochs=50
cascade_num_candidate_groups=2
bit_fail_limit=3.49999994039535522461e-01
cascade_candidate_limit=1.00000000000000000000e+03
cascade_weight_multiplier=4.00000005960464477539e-01
cascade_activation_functions_count=10
cascade_activation_functions=3 5 7 8 10 11 14 15 16 17 
cascade_activation_steepnesses_count=4
cascade_activation_steepnesses=2.50000000000000000000e-01 5.00000000000000000000e-01 7.50000000000000000000e-01 1.00000000000000000000e+00 
layer_sizes=19 3 3 
scale_included=0
neurons (num_inputs, activation_function, activation_steepness)=(0, 0, 0.00000000000000000000e+00) (0, 0, 0.00000000000000000000e+00) (0, 0, 0.00000000000000000000e+00) (0, 0, 0.00000000000000000000e+00) (0, 0, 0.00000000000000000000e+00) (0, 0, 0.00000000000000000000e+00) (0, 0, 0.00000000000000000000e+00) (0, 0, 0.00000000000000000000e+00) (0, 0, 0.00000000000000000000e+00) (0, 0, 0.00000000000000000000e+00) (0, 0, 0.00000000000000000000e+00) (0, 0, 0.00000000000000000000e+00) (0, 0, 0.00000000000000000000e+00) (0, 0, 0.00000000000000000000e+00) (0, 0, 0.00000000000000000000e+00) (0, 0, 0.00000000000000000000e+00) (0, 0, 0.00000000000000000000e+00) (0, 0, 0.00000000000000000000e+00) (0, 0, 0.00000000000000000000e+00) (19, 3, 5.00000000000000000000e-01) (19, 3, 5.00000000000000000000e-01) (0, 3, 0.00000000000000000000e+00) (3, 3, 5.00000000000000000000e-01) (3, 3, 5.00000000000000000000e-01) (0, 3, 0.00000000000000000000e+00) 
connections (connected_to_neuron, weight)=(0, 6.41364192962646484375e+00) (1, -5.38274478912353515625e+00) (2, 4.35346752405166625977e-01) (3, 4.09327125549316406250e+00) (4, -3.12604808807373046875e+00) (5, 2.83898949623107910156e+00) (6, 7.16875314712524414062e+00) (7, -6.84899997711181640625e+00) (8, 3.66453599929809570312e+00) (9, -5.92420864105224609375e+00) (10, 7.64218568801879882812e+00) (11, -3.24509477615356445312e+00) (12, -1.00489730834960937500e+01) (13, 1.83822917938232421875e+00) (14, -7.33853638172149658203e-01) (15, -9.38547611236572265625e+00) (16, 2.97265481203794479370e-02) (17, 1.24440956115722656250e+00) (18, 1.45193707942962646484e+00) (0, -5.73914670944213867188e+00) (1, 2.47599554061889648438e+00) (2, 5.94086110591888427734e-01) (3, -4.44821834564208984375e+00) (4, 6.25035643577575683594e-01) (5, -3.18393778800964355469e+00) (6, -5.32644605636596679688e+00) (7, 2.12682604789733886719e+00) (8, -1.90594941377639770508e-01) (9, 3.00963068008422851562e+00) (10, -3.44948458671569824219e+00) (11, -1.72474098205566406250e+00) (12, 6.08910512924194335938e+00) (13, -1.09509479999542236328e+00) (14, 5.05809187889099121094e-01) (15, 3.82024645805358886719e+00) (16, -1.43665385246276855469e+00) (17, -5.08845806121826171875e-01) (18, 4.64255571365356445312e-01) (19, -1.08925497531890869141e+00) (20, -1.48303556442260742188e+00) (21, 1.94163143634796142578e-01) (19, 1.08929657936096191406e+00) (20, 1.48324167728424072266e+00) (21, -1.94282263517379760742e-01) 
