FANN_FLO_2.1
num_layers=3
learning_rate=0.500000
connection_rate=1.000000
network_type=0
learning_momentum=0.000000
training_algorithm=2
train_error_function=1
train_stop_function=0
cascade_output_change_fraction=0.010000
quickprop_decay=-0.000100
quickprop_mu=1.750000
rprop_increase_factor=1.200000
rprop_decrease_factor=0.500000
rprop_delta_min=0.000000
rprop_delta_max=50.000000
rprop_delta_zero=0.100000
cascade_output_stagnation_epochs=12
cascade_candidate_change_fraction=0.010000
cascade_candidate_stagnation_epochs=12
cascade_max_out_epochs=150
cascade_min_out_epochs=50
cascade_max_cand_epochs=150
cascade_min_cand_epochs=50
cascade_num_candidate_groups=2
bit_fail_limit=3.49999994039535522461e-01
cascade_candidate_limit=1.00000000000000000000e+03
cascade_weight_multiplier=4.00000005960464477539e-01
cascade_activation_functions_count=10
cascade_activation_functions=3 5 7 8 10 11 14 15 16 17 
cascade_activation_steepnesses_count=4
cascade_activation_steepnesses=2.50000000000000000000e-01 5.00000000000000000000e-01 7.50000000000000000000e-01 1.00000000000000000000e+00 
layer_sizes=10 5 2 
scale_included=0
neurons (num_inputs, activation_function, activation_steepness)=(0, 0, 0.00000000000000000000e+00) (0, 0, 0.00000000000000000000e+00) (0, 0, 0.00000000000000000000e+00) (0, 0, 0.00000000000000000000e+00) (0, 0, 0.00000000000000000000e+00) (0, 0, 0.00000000000000000000e+00) (0, 0, 0.00000000000000000000e+00) (0, 0, 0.00000000000000000000e+00) (0, 0, 0.00000000000000000000e+00) (0, 0, 0.00000000000000000000e+00) (10, 3, 5.00000000000000000000e-01) (10, 3, 5.00000000000000000000e-01) (10, 3, 5.00000000000000000000e-01) (10, 3, 5.00000000000000000000e-01) (0, 3, 0.00000000000000000000e+00) (5, 3, 5.00000000000000000000e-01) (0, 3, 0.00000000000000000000e+00) 
connections (connected_to_neuron, weight)=(0, -9.62652385234832763672e-01) (1, -4.89169925451278686523e-01) (2, -1.50000000000000000000e+03) (3, -2.65076327323913574219e+00) (4, 5.72639584541320800781e-01) (5, -2.82424211502075195312e+00) (6, 3.67152833938598632812e+00) (7, 2.17501714825630187988e-01) (8, -1.53530228137969970703e+00) (9, 1.02753210067749023438e+00) (0, 6.21764898300170898438e-01) (1, -3.81737709045410156250e-01) (2, -4.82503557205200195312e+00) (3, 2.47156098484992980957e-01) (4, -1.46310853958129882812e+00) (5, -4.08370405435562133789e-01) (6, -4.94998693466186523438e+00) (7, 1.19380998611450195312e+00) (8, 2.72252082824707031250e+00) (9, 2.32613945007324218750e+00) (0, -2.19963058829307556152e-01) (1, 9.53433364629745483398e-02) (2, -3.97112941741943359375e+00) (3, -5.21686553955078125000e-01) (4, -5.88393688201904296875e-01) (5, -3.51024538278579711914e-01) (6, 8.86246681213378906250e-01) (7, -3.26825785636901855469e+00) (8, 6.59906208515167236328e-01) (9, 3.83426713943481445312e+00) (0, 1.86759188771247863770e-01) (1, -5.22035419940948486328e-01) (2, -2.39002871513366699219e+00) (3, 5.48982954025268554688e+00) (4, 4.40404558181762695312e+00) (5, 7.59802907705307006836e-02) (6, -6.66510391235351562500e+00) (7, 9.08747291564941406250e+00) (8, -5.89320755004882812500e+00) (9, -2.19061899185180664062e+00) (10, 2.98157405853271484375e+00) (11, 2.29045295715332031250e+00) (12, 1.40907132625579833984e+00) (13, -3.39840269088745117188e+00) (14, -2.89570122957229614258e-01) 
