FANN_FLO_2.1
num_layers=3
learning_rate=0.400000
connection_rate=1.000000
network_type=0
learning_momentum=0.000000
training_algorithm=2
train_error_function=1
train_stop_function=0
cascade_output_change_fraction=0.010000
quickprop_decay=-0.000100
quickprop_mu=1.750000
rprop_increase_factor=1.200000
rprop_decrease_factor=0.500000
rprop_delta_min=0.000000
rprop_delta_max=50.000000
rprop_delta_zero=0.100000
cascade_output_stagnation_epochs=12
cascade_candidate_change_fraction=0.010000
cascade_candidate_stagnation_epochs=12
cascade_max_out_epochs=150
cascade_min_out_epochs=50
cascade_max_cand_epochs=150
cascade_min_cand_epochs=50
cascade_num_candidate_groups=2
bit_fail_limit=3.49999994039535522461e-01
cascade_candidate_limit=1.00000000000000000000e+03
cascade_weight_multiplier=4.00000005960464477539e-01
cascade_activation_functions_count=10
cascade_activation_functions=3 5 7 8 10 11 14 15 16 17 
cascade_activation_steepnesses_count=4
cascade_activation_steepnesses=2.50000000000000000000e-01 5.00000000000000000000e-01 7.50000000000000000000e-01 1.00000000000000000000e+00 
layer_sizes=7 9 2 
scale_included=0
neurons (num_inputs, activation_function, activation_steepness)=(0, 0, 0.00000000000000000000e+00) (0, 0, 0.00000000000000000000e+00) (0, 0, 0.00000000000000000000e+00) (0, 0, 0.00000000000000000000e+00) (0, 0, 0.00000000000000000000e+00) (0, 0, 0.00000000000000000000e+00) (0, 0, 0.00000000000000000000e+00) (7, 3, 5.00000000000000000000e-01) (7, 3, 5.00000000000000000000e-01) (7, 3, 5.00000000000000000000e-01) (7, 3, 5.00000000000000000000e-01) (7, 3, 5.00000000000000000000e-01) (7, 3, 5.00000000000000000000e-01) (7, 3, 5.00000000000000000000e-01) (7, 3, 5.00000000000000000000e-01) (0, 3, 0.00000000000000000000e+00) (9, 3, 5.00000000000000000000e-01) (0, 3, 0.00000000000000000000e+00) 
connections (connected_to_neuron, weight)=(0, -2.88842225074768066406e+00) (1, -1.12182760238647460938e+00) (2, 2.82881855964660644531e-01) (3, 1.78917086124420166016e+00) (4, -2.48092484474182128906e+00) (5, 1.51619405746459960938e+01) (6, -8.41086673736572265625e+00) (0, -3.08491277694702148438e+00) (1, -5.18386363983154296875e+00) (2, -3.91008591651916503906e+00) (3, 1.00640010833740234375e+00) (4, 1.51028883457183837891e+00) (5, 3.50750184059143066406e+00) (6, 1.85515448451042175293e-01) (0, 4.96413898468017578125e+00) (1, 2.40203213691711425781e+00) (2, 7.08202898502349853516e-01) (3, -2.49225616455078125000e+00) (4, 6.91183328628540039062e-01) (5, -7.58779585361480712891e-01) (6, 6.92132055759429931641e-01) (0, 1.14941396713256835938e+01) (1, -4.78164315223693847656e-01) (2, -5.67097091674804687500e+00) (3, 2.85873723030090332031e+00) (4, 2.23957037925720214844e+00) (5, -4.56473970413208007812e+00) (6, -2.29639410972595214844e-01) (0, -8.39745044708251953125e+00) (1, -1.08736038208007812500e+00) (2, 3.84590005874633789062e+00) (3, 1.06378722190856933594e+00) (4, 1.10610771179199218750e+00) (5, -1.67599892616271972656e+00) (6, -2.40002647042274475098e-01) (0, -7.78518676757812500000e-01) (1, -8.81688177585601806641e-01) (2, 5.14997339248657226562e+00) (3, -4.24386072158813476562e+00) (4, 3.74161839485168457031e+00) (5, -3.44811129570007324219e+00) (6, -2.48998379707336425781e+00) (0, -1.77662837505340576172e+00) (1, 5.57262897491455078125e-01) (2, 4.39617067575454711914e-01) (3, -6.31245195865631103516e-01) (4, -2.65229988098144531250e+00) (5, 5.90976953506469726562e-01) (6, 1.00477409362792968750e+00) (0, 1.12713360786437988281e+00) (1, 2.54622244834899902344e+00) (2, -6.45302248001098632812e+00) (3, -6.49724531173706054688e+00) (4, -3.74904894828796386719e+00) (5, 2.11408214569091796875e+01) (6, 1.37278392910957336426e-01) (7, 2.34117650985717773438e+00) (8, 2.25806164741516113281e+00) (9, -6.51308476924896240234e-01) (10, 1.00805497169494628906e+00) (11, 1.15069103240966796875e+00) (12, 4.71900641918182373047e-01) (13, -2.11817860603332519531e+00) (14, -1.87602889537811279297e+00) (15, -1.08324781060218811035e-01) 
