FANN_FLO_2.1
num_layers=3
learning_rate=0.400000
connection_rate=1.000000
network_type=0
learning_momentum=0.000000
training_algorithm=2
train_error_function=1
train_stop_function=0
cascade_output_change_fraction=0.010000
quickprop_decay=-0.000100
quickprop_mu=1.750000
rprop_increase_factor=1.200000
rprop_decrease_factor=0.500000
rprop_delta_min=0.000000
rprop_delta_max=50.000000
rprop_delta_zero=0.100000
cascade_output_stagnation_epochs=12
cascade_candidate_change_fraction=0.010000
cascade_candidate_stagnation_epochs=12
cascade_max_out_epochs=150
cascade_min_out_epochs=50
cascade_max_cand_epochs=150
cascade_min_cand_epochs=50
cascade_num_candidate_groups=2
bit_fail_limit=3.49999994039535522461e-01
cascade_candidate_limit=1.00000000000000000000e+03
cascade_weight_multiplier=4.00000005960464477539e-01
cascade_activation_functions_count=10
cascade_activation_functions=3 5 7 8 10 11 14 15 16 17 
cascade_activation_steepnesses_count=4
cascade_activation_steepnesses=2.50000000000000000000e-01 5.00000000000000000000e-01 7.50000000000000000000e-01 1.00000000000000000000e+00 
layer_sizes=7 9 2 
scale_included=0
neurons (num_inputs, activation_function, activation_steepness)=(0, 0, 0.00000000000000000000e+00) (0, 0, 0.00000000000000000000e+00) (0, 0, 0.00000000000000000000e+00) (0, 0, 0.00000000000000000000e+00) (0, 0, 0.00000000000000000000e+00) (0, 0, 0.00000000000000000000e+00) (0, 0, 0.00000000000000000000e+00) (7, 3, 5.00000000000000000000e-01) (7, 3, 5.00000000000000000000e-01) (7, 3, 5.00000000000000000000e-01) (7, 3, 5.00000000000000000000e-01) (7, 3, 5.00000000000000000000e-01) (7, 3, 5.00000000000000000000e-01) (7, 3, 5.00000000000000000000e-01) (7, 3, 5.00000000000000000000e-01) (0, 3, 0.00000000000000000000e+00) (9, 3, 5.00000000000000000000e-01) (0, 3, 0.00000000000000000000e+00) 
connections (connected_to_neuron, weight)=(0, -3.22959589958190917969e+00) (1, -1.79045677185058593750e+00) (2, -3.70231389999389648438e+00) (3, 1.23095715045928955078e+00) (4, 4.28886443376541137695e-01) (5, 1.62750494480133056641e+00) (6, -1.00295841693878173828e+00) (0, 1.15643906593322753906e+00) (1, 6.60627961158752441406e-01) (2, -3.64666056632995605469e+00) (3, -5.97900009155273437500e+00) (4, -1.86807548999786376953e+00) (5, 1.14953737258911132812e+01) (6, 6.02895259857177734375e-01) (0, -4.93390274047851562500e+00) (1, -4.96981906890869140625e+00) (2, -2.72495776414871215820e-01) (3, 1.16740202903747558594e+00) (4, 2.06789851188659667969e+00) (5, 1.02166771888732910156e+00) (6, -2.96837747097015380859e-01) (0, -3.13892674446105957031e+00) (1, -7.11164623498916625977e-02) (2, -4.40500415861606597900e-02) (3, -1.21464014053344726562e+00) (4, -3.83267253637313842773e-01) (5, 1.51679170131683349609e+00) (6, 6.55154287815093994141e-01) (0, 1.50658023357391357422e+00) (1, -2.30309629440307617188e+00) (2, -2.57956385612487792969e+00) (3, 1.27121603488922119141e+00) (4, -2.66282701492309570312e+00) (5, 9.45939445495605468750e+00) (6, -4.30929470062255859375e+00) (0, 5.04269599914550781250e+00) (1, -3.17195832729339599609e-01) (2, -1.66240978240966796875e+00) (3, 1.34782373905181884766e+00) (4, 1.37490332126617431641e+00) (5, -2.74353694915771484375e+00) (6, 3.66202861070632934570e-01) (0, -4.17377710342407226562e+00) (1, -4.96696996688842773438e+00) (2, -2.42829942703247070312e+00) (3, 2.36611366271972656250e+00) (4, 1.43886518478393554688e+00) (5, 4.35483360290527343750e+00) (6, -7.84967303276062011719e-01) (0, 1.68524906039237976074e-01) (1, -7.21509516239166259766e-01) (2, -3.39289784431457519531e+00) (3, 4.18202114105224609375e+00) (4, 1.52636155486106872559e-01) (5, -5.36859393119812011719e-01) (6, -7.86240041255950927734e-01) (7, 1.17721974849700927734e+00) (8, -2.73764109611511230469e+00) (9, 2.50073814392089843750e+00) (10, -1.94029057025909423828e+00) (11, 2.74445652961730957031e+00) (12, 1.05789911746978759766e+00) (13, 1.22592175006866455078e+00) (14, -8.71601700782775878906e-01) (15, -3.23515869677066802979e-02) 
