FANN_FLO_2.1
num_layers=3
learning_rate=0.500000
connection_rate=1.000000
network_type=0
learning_momentum=0.000000
training_algorithm=2
train_error_function=1
train_stop_function=0
cascade_output_change_fraction=0.010000
quickprop_decay=-0.000100
quickprop_mu=1.750000
rprop_increase_factor=1.200000
rprop_decrease_factor=0.500000
rprop_delta_min=0.000000
rprop_delta_max=50.000000
rprop_delta_zero=0.100000
cascade_output_stagnation_epochs=12
cascade_candidate_change_fraction=0.010000
cascade_candidate_stagnation_epochs=12
cascade_max_out_epochs=150
cascade_min_out_epochs=50
cascade_max_cand_epochs=150
cascade_min_cand_epochs=50
cascade_num_candidate_groups=2
bit_fail_limit=3.49999994039535522461e-01
cascade_candidate_limit=1.00000000000000000000e+03
cascade_weight_multiplier=4.00000005960464477539e-01
cascade_activation_functions_count=10
cascade_activation_functions=3 5 7 8 10 11 14 15 16 17 
cascade_activation_steepnesses_count=4
cascade_activation_steepnesses=2.50000000000000000000e-01 5.00000000000000000000e-01 7.50000000000000000000e-01 1.00000000000000000000e+00 
layer_sizes=10 3 2 
scale_included=0
neurons (num_inputs, activation_function, activation_steepness)=(0, 0, 0.00000000000000000000e+00) (0, 0, 0.00000000000000000000e+00) (0, 0, 0.00000000000000000000e+00) (0, 0, 0.00000000000000000000e+00) (0, 0, 0.00000000000000000000e+00) (0, 0, 0.00000000000000000000e+00) (0, 0, 0.00000000000000000000e+00) (0, 0, 0.00000000000000000000e+00) (0, 0, 0.00000000000000000000e+00) (0, 0, 0.00000000000000000000e+00) (10, 3, 5.00000000000000000000e-01) (10, 3, 5.00000000000000000000e-01) (0, 3, 0.00000000000000000000e+00) (3, 3, 5.00000000000000000000e-01) (0, 3, 0.00000000000000000000e+00) 
connections (connected_to_neuron, weight)=(0, -2.90094327926635742188e+00) (1, -4.46070700883865356445e-01) (2, -4.85966444015502929688e+00) (3, -1.95499467849731445312e+00) (4, 1.75681362152099609375e+01) (5, 2.78607606887817382812e+00) (6, -1.23513832092285156250e+01) (7, 1.46680378913879394531e+00) (8, -3.68513560295104980469e+00) (9, 1.24670696258544921875e+00) (0, -1.86254298686981201172e+00) (1, -5.20571134984493255615e-02) (2, -5.41876840591430664062e+00) (3, -5.71112751960754394531e-01) (4, 1.49402704238891601562e+01) (5, 1.46617174148559570312e+00) (6, -1.23273706436157226562e+01) (7, 1.14391267299652099609e+00) (8, -1.39966142177581787109e+00) (9, 1.70547103881835937500e+00) (10, 2.58964800834655761719e+00) (11, 1.43724262714385986328e+00) (12, -3.10973405838012695312e+00) 
