FANN_FLO_2.1
num_layers=3
learning_rate=0.500000
connection_rate=1.000000
network_type=0
learning_momentum=0.000000
training_algorithm=2
train_error_function=1
train_stop_function=0
cascade_output_change_fraction=0.010000
quickprop_decay=-0.000100
quickprop_mu=1.750000
rprop_increase_factor=1.200000
rprop_decrease_factor=0.500000
rprop_delta_min=0.000000
rprop_delta_max=50.000000
rprop_delta_zero=0.100000
cascade_output_stagnation_epochs=12
cascade_candidate_change_fraction=0.010000
cascade_candidate_stagnation_epochs=12
cascade_max_out_epochs=150
cascade_min_out_epochs=50
cascade_max_cand_epochs=150
cascade_min_cand_epochs=50
cascade_num_candidate_groups=2
bit_fail_limit=3.49999994039535522461e-01
cascade_candidate_limit=1.00000000000000000000e+03
cascade_weight_multiplier=4.00000005960464477539e-01
cascade_activation_functions_count=10
cascade_activation_functions=3 5 7 8 10 11 14 15 16 17 
cascade_activation_steepnesses_count=4
cascade_activation_steepnesses=2.50000000000000000000e-01 5.00000000000000000000e-01 7.50000000000000000000e-01 1.00000000000000000000e+00 
layer_sizes=10 3 2 
scale_included=0
neurons (num_inputs, activation_function, activation_steepness)=(0, 0, 0.00000000000000000000e+00) (0, 0, 0.00000000000000000000e+00) (0, 0, 0.00000000000000000000e+00) (0, 0, 0.00000000000000000000e+00) (0, 0, 0.00000000000000000000e+00) (0, 0, 0.00000000000000000000e+00) (0, 0, 0.00000000000000000000e+00) (0, 0, 0.00000000000000000000e+00) (0, 0, 0.00000000000000000000e+00) (0, 0, 0.00000000000000000000e+00) (10, 3, 5.00000000000000000000e-01) (10, 3, 5.00000000000000000000e-01) (0, 3, 0.00000000000000000000e+00) (3, 3, 5.00000000000000000000e-01) (0, 3, 0.00000000000000000000e+00) 
connections (connected_to_neuron, weight)=(0, 1.48460705566406250000e+03) (1, -1.41390148925781250000e+03) (2, -1.44826135253906250000e+03) (3, 1.70763865113258361816e-01) (4, 1.48559167480468750000e+03) (5, -1.50000000000000000000e+03) (6, 1.27240836620330810547e-01) (7, 8.92450195312500000000e+02) (8, 5.85963897705078125000e+01) (9, 1.01289784908294677734e+00) (0, 2.53324091434478759766e-01) (1, 2.85033494234085083008e-01) (2, 9.23252868652343750000e+00) (3, -4.12318372726440429688e+00) (4, 3.70009517669677734375e+00) (5, 1.80822074413299560547e+00) (6, -6.05954885482788085938e-01) (7, -2.18385353088378906250e+01) (8, 5.12623929977416992188e+00) (9, 1.56964194774627685547e+00) (10, 4.29358196258544921875e+00) (11, 4.40512704849243164062e+00) (12, -3.42879271507263183594e+00) 
