FANN_FLO_2.1
num_layers=4
learning_rate=0.500000
connection_rate=1.000000
network_type=0
learning_momentum=0.000000
training_algorithm=2
train_error_function=1
train_stop_function=0
cascade_output_change_fraction=0.010000
quickprop_decay=-0.000100
quickprop_mu=1.750000
rprop_increase_factor=1.200000
rprop_decrease_factor=0.500000
rprop_delta_min=0.000000
rprop_delta_max=50.000000
rprop_delta_zero=0.100000
cascade_output_stagnation_epochs=12
cascade_candidate_change_fraction=0.010000
cascade_candidate_stagnation_epochs=12
cascade_max_out_epochs=150
cascade_min_out_epochs=50
cascade_max_cand_epochs=150
cascade_min_cand_epochs=50
cascade_num_candidate_groups=2
bit_fail_limit=3.49999994039535522461e-01
cascade_candidate_limit=1.00000000000000000000e+03
cascade_weight_multiplier=4.00000005960464477539e-01
cascade_activation_functions_count=10
cascade_activation_functions=3 5 7 8 10 11 14 15 16 17 
cascade_activation_steepnesses_count=4
cascade_activation_steepnesses=2.50000000000000000000e-01 5.00000000000000000000e-01 7.50000000000000000000e-01 1.00000000000000000000e+00 
layer_sizes=2 5 5 3 
scale_included=0
neurons (num_inputs, activation_function, activation_steepness)=(0, 0, 0.00000000000000000000e+00) (0, 0, 0.00000000000000000000e+00) (2, 3, 5.00000000000000000000e-01) (2, 3, 5.00000000000000000000e-01) (2, 3, 5.00000000000000000000e-01) (2, 3, 5.00000000000000000000e-01) (0, 3, 0.00000000000000000000e+00) (5, 3, 5.00000000000000000000e-01) (5, 3, 5.00000000000000000000e-01) (5, 3, 5.00000000000000000000e-01) (5, 3, 5.00000000000000000000e-01) (0, 3, 0.00000000000000000000e+00) (5, 0, 5.00000000000000000000e-01) (5, 0, 5.00000000000000000000e-01) (0, 0, 0.00000000000000000000e+00) 
connections (connected_to_neuron, weight)=(0, 1.33799524307250976562e+01) (1, -1.39102339744567871094e+00) (0, 1.11747817993164062500e+01) (1, -5.08393907546997070312e+00) (0, -5.79160156250000000000e+02) (1, -2.46335029602050781250e-01) (0, 1.45453557968139648438e+01) (1, -4.46339654922485351562e+00) (2, -7.50645399093627929688e-01) (3, -3.81794595718383789062e+00) (4, 9.51508618891239166260e-03) (5, -1.75872302055358886719e+00) (6, 5.47562420368194580078e-01) (2, 4.36808681488037109375e+00) (3, -2.27977442741394042969e+00) (4, 5.91950230300426483154e-02) (5, -3.89417934417724609375e+00) (6, -2.02701449394226074219e+00) (2, -8.97254884243011474609e-01) (3, -1.63408243656158447266e+00) (4, -1.21500574052333831787e-01) (5, -1.77544999122619628906e+00) (6, 5.24999380111694335938e-01) (2, 4.97013759613037109375e+00) (3, -5.70136165618896484375e+00) (4, -4.27242845296859741211e-01) (5, -1.71596467494964599609e+00) (6, -1.01516902446746826172e+00) (7, 3.51558476686477661133e-01) (8, -9.98007357120513916016e-01) (9, 1.23635041713714599609e+00) (10, -2.44718337059020996094e+00) (11, 3.88827294111251831055e-01) (7, 3.69391870498657226562e+00) (8, -2.45257362723350524902e-01) (9, 3.65600109100341796875e+00) (10, 6.67293906211853027344e-01) (11, -2.47350835800170898438e+00) 
