FANN_FLO_2.1
num_layers=4
learning_rate=0.500000
connection_rate=1.000000
network_type=0
learning_momentum=0.000000
training_algorithm=2
train_error_function=1
train_stop_function=0
cascade_output_change_fraction=0.010000
quickprop_decay=-0.000100
quickprop_mu=1.750000
rprop_increase_factor=1.200000
rprop_decrease_factor=0.500000
rprop_delta_min=0.000000
rprop_delta_max=50.000000
rprop_delta_zero=0.100000
cascade_output_stagnation_epochs=12
cascade_candidate_change_fraction=0.010000
cascade_candidate_stagnation_epochs=12
cascade_max_out_epochs=150
cascade_min_out_epochs=50
cascade_max_cand_epochs=150
cascade_min_cand_epochs=50
cascade_num_candidate_groups=2
bit_fail_limit=3.49999994039535522461e-01
cascade_candidate_limit=1.00000000000000000000e+03
cascade_weight_multiplier=4.00000005960464477539e-01
cascade_activation_functions_count=10
cascade_activation_functions=3 5 7 8 10 11 14 15 16 17 
cascade_activation_steepnesses_count=4
cascade_activation_steepnesses=2.50000000000000000000e-01 5.00000000000000000000e-01 7.50000000000000000000e-01 1.00000000000000000000e+00 
layer_sizes=10 5 3 2 
scale_included=0
neurons (num_inputs, activation_function, activation_steepness)=(0, 0, 0.00000000000000000000e+00) (0, 0, 0.00000000000000000000e+00) (0, 0, 0.00000000000000000000e+00) (0, 0, 0.00000000000000000000e+00) (0, 0, 0.00000000000000000000e+00) (0, 0, 0.00000000000000000000e+00) (0, 0, 0.00000000000000000000e+00) (0, 0, 0.00000000000000000000e+00) (0, 0, 0.00000000000000000000e+00) (0, 0, 0.00000000000000000000e+00) (10, 3, 5.00000000000000000000e-01) (10, 3, 5.00000000000000000000e-01) (10, 3, 5.00000000000000000000e-01) (10, 3, 5.00000000000000000000e-01) (0, 3, 0.00000000000000000000e+00) (5, 3, 5.00000000000000000000e-01) (5, 3, 5.00000000000000000000e-01) (0, 3, 0.00000000000000000000e+00) (3, 3, 5.00000000000000000000e-01) (0, 3, 0.00000000000000000000e+00) 
connections (connected_to_neuron, weight)=(0, 7.24702358245849609375e+00) (1, -3.90417408943176269531e+00) (2, -4.40632247924804687500e+00) (3, 4.16056424379348754883e-01) (4, 1.72342672944068908691e-01) (5, -1.97718814015388488770e-01) (6, 8.89515727758407592773e-02) (7, 3.38470554351806640625e+00) (8, 3.11046093702316284180e-01) (9, -1.18001826107501983643e-01) (0, -2.55449509620666503906e+00) (1, 1.75172162055969238281e+00) (2, -2.08212062716484069824e-01) (3, -2.80113768577575683594e+00) (4, 3.80233585834503173828e-01) (5, 5.24214565753936767578e-01) (6, 6.35670840740203857422e-01) (7, -5.37304162979125976562e+00) (8, -4.06092166900634765625e-01) (9, 2.39775037765502929688e+00) (0, -1.51162147521972656250e+00) (1, 4.24176514148712158203e-01) (2, -2.52365589141845703125e+01) (3, -3.48607277870178222656e+00) (4, 3.73662650585174560547e-01) (5, 1.52150586247444152832e-01) (6, 4.03080368041992187500e+00) (7, 2.24542871117591857910e-01) (8, 6.70400917530059814453e-01) (9, 2.43847060203552246094e+00) (0, 6.71607017517089843750e-01) (1, -1.83634638786315917969e+00) (2, 1.28331441879272460938e+01) (3, 5.36765718460083007812e+00) (4, 5.28808593750000000000e-01) (5, 2.76409715414047241211e-01) (6, -2.20883178710937500000e+01) (7, 5.14434911310672760010e-02) (8, -3.46793341636657714844e+00) (9, 2.58394684642553329468e-02) (10, -2.86360216140747070312e+00) (11, 8.26658248901367187500e+00) (12, 5.97702169418334960938e+00) (13, -2.44738984107971191406e+00) (14, -1.49013116955757141113e-01) (10, -2.92217898368835449219e+00) (11, 8.68398571014404296875e+00) (12, 6.29972219467163085938e+00) (13, -2.83741807937622070312e+00) (14, -7.21757039427757263184e-02) (15, 3.32239449024200439453e-01) (16, 3.43932151794433593750e-01) (17, 1.99153155088424682617e-01) 
