FANN_FLO_2.1
num_layers=4
learning_rate=0.500000
connection_rate=1.000000
network_type=0
learning_momentum=0.000000
training_algorithm=2
train_error_function=1
train_stop_function=0
cascade_output_change_fraction=0.010000
quickprop_decay=-0.000100
quickprop_mu=1.750000
rprop_increase_factor=1.200000
rprop_decrease_factor=0.500000
rprop_delta_min=0.000000
rprop_delta_max=50.000000
rprop_delta_zero=0.100000
cascade_output_stagnation_epochs=12
cascade_candidate_change_fraction=0.010000
cascade_candidate_stagnation_epochs=12
cascade_max_out_epochs=150
cascade_min_out_epochs=50
cascade_max_cand_epochs=150
cascade_min_cand_epochs=50
cascade_num_candidate_groups=2
bit_fail_limit=3.49999994039535522461e-01
cascade_candidate_limit=1.00000000000000000000e+03
cascade_weight_multiplier=4.00000005960464477539e-01
cascade_activation_functions_count=10
cascade_activation_functions=3 5 7 8 10 11 14 15 16 17 
cascade_activation_steepnesses_count=4
cascade_activation_steepnesses=2.50000000000000000000e-01 5.00000000000000000000e-01 7.50000000000000000000e-01 1.00000000000000000000e+00 
layer_sizes=10 3 3 2 
scale_included=0
neurons (num_inputs, activation_function, activation_steepness)=(0, 0, 0.00000000000000000000e+00) (0, 0, 0.00000000000000000000e+00) (0, 0, 0.00000000000000000000e+00) (0, 0, 0.00000000000000000000e+00) (0, 0, 0.00000000000000000000e+00) (0, 0, 0.00000000000000000000e+00) (0, 0, 0.00000000000000000000e+00) (0, 0, 0.00000000000000000000e+00) (0, 0, 0.00000000000000000000e+00) (0, 0, 0.00000000000000000000e+00) (10, 3, 5.00000000000000000000e-01) (10, 3, 5.00000000000000000000e-01) (0, 3, 0.00000000000000000000e+00) (3, 3, 5.00000000000000000000e-01) (3, 3, 5.00000000000000000000e-01) (0, 3, 0.00000000000000000000e+00) (3, 3, 5.00000000000000000000e-01) (0, 3, 0.00000000000000000000e+00) 
connections (connected_to_neuron, weight)=(0, 1.12944889068603515625e+00) (1, 1.38358640670776367188e+00) (2, -7.18146657943725585938e+00) (3, 5.44621324539184570312e+00) (4, 8.90914678573608398438e-01) (5, -3.46967911720275878906e+00) (6, 2.14548659324645996094e+00) (7, -6.61154568195343017578e-01) (8, 4.37277832031250000000e+01) (9, -1.21692276000976562500e+01) (0, 5.20763063430786132812e+00) (1, -2.09521423339843750000e+02) (2, -5.15253067016601562500e+01) (3, 2.25025119781494140625e+01) (4, -1.26034295558929443359e+00) (5, -7.72319936752319335938e+00) (6, 4.34720977783203125000e+02) (7, 1.23910036087036132812e+01) (8, 3.45780968666076660156e+00) (9, -2.95776629447937011719e+00) (10, -1.94813575744628906250e+01) (11, 8.12245082855224609375e+00) (12, 4.21129494905471801758e-01) (10, 9.33059883117675781250e+00) (11, -8.86047554016113281250e+00) (12, -5.76614029705524444580e-02) (13, 2.51417708396911621094e+00) (14, 2.59808015823364257812e+00) (15, -1.61911988258361816406e+00) 
