FANN_FLO_2.1
num_layers=3
learning_rate=0.500000
connection_rate=1.000000
network_type=0
learning_momentum=0.000000
training_algorithm=2
train_error_function=1
train_stop_function=0
cascade_output_change_fraction=0.010000
quickprop_decay=-0.000100
quickprop_mu=1.750000
rprop_increase_factor=1.200000
rprop_decrease_factor=0.500000
rprop_delta_min=0.000000
rprop_delta_max=50.000000
rprop_delta_zero=0.100000
cascade_output_stagnation_epochs=12
cascade_candidate_change_fraction=0.010000
cascade_candidate_stagnation_epochs=12
cascade_max_out_epochs=150
cascade_min_out_epochs=50
cascade_max_cand_epochs=150
cascade_min_cand_epochs=50
cascade_num_candidate_groups=2
bit_fail_limit=3.49999994039535522461e-01
cascade_candidate_limit=1.00000000000000000000e+03
cascade_weight_multiplier=4.00000005960464477539e-01
cascade_activation_functions_count=10
cascade_activation_functions=3 5 7 8 10 11 14 15 16 17 
cascade_activation_steepnesses_count=4
cascade_activation_steepnesses=2.50000000000000000000e-01 5.00000000000000000000e-01 7.50000000000000000000e-01 1.00000000000000000000e+00 
layer_sizes=10 3 2 
scale_included=0
neurons (num_inputs, activation_function, activation_steepness)=(0, 0, 0.00000000000000000000e+00) (0, 0, 0.00000000000000000000e+00) (0, 0, 0.00000000000000000000e+00) (0, 0, 0.00000000000000000000e+00) (0, 0, 0.00000000000000000000e+00) (0, 0, 0.00000000000000000000e+00) (0, 0, 0.00000000000000000000e+00) (0, 0, 0.00000000000000000000e+00) (0, 0, 0.00000000000000000000e+00) (0, 0, 0.00000000000000000000e+00) (10, 3, 5.00000000000000000000e-01) (10, 3, 5.00000000000000000000e-01) (0, 3, 0.00000000000000000000e+00) (3, 3, 5.00000000000000000000e-01) (0, 3, 0.00000000000000000000e+00) 
connections (connected_to_neuron, weight)=(0, -5.00607604980468750000e+02) (1, -9.86837234497070312500e+01) (2, -1.43757141113281250000e+02) (3, 1.83035598754882812500e+02) (4, 2.48060283660888671875e+01) (5, 1.93294086456298828125e+01) (6, 2.47818542480468750000e+02) (7, 4.46843109130859375000e+01) (8, 2.60767944335937500000e+02) (9, 1.13297432661056518555e-01) (0, 8.58055400848388671875e+00) (1, 2.58824038505554199219e+00) (2, 2.68849201202392578125e+01) (3, -1.77883064746856689453e+00) (4, 4.33790493011474609375e+00) (5, 2.61543536186218261719e+00) (6, -4.80007028579711914062e+00) (7, -3.17861862182617187500e+01) (8, -7.09495401382446289062e+00) (9, -3.18091464042663574219e+00) (10, 3.11899018287658691406e+00) (11, 3.15923357009887695312e+00) (12, -2.25494194030761718750e+00) 
