FANN_FLO_2.1
num_layers=4
learning_rate=0.500000
connection_rate=1.000000
network_type=0
learning_momentum=0.000000
training_algorithm=2
train_error_function=1
train_stop_function=0
cascade_output_change_fraction=0.010000
quickprop_decay=-0.000100
quickprop_mu=1.750000
rprop_increase_factor=1.200000
rprop_decrease_factor=0.500000
rprop_delta_min=0.000000
rprop_delta_max=50.000000
rprop_delta_zero=0.100000
cascade_output_stagnation_epochs=12
cascade_candidate_change_fraction=0.010000
cascade_candidate_stagnation_epochs=12
cascade_max_out_epochs=150
cascade_min_out_epochs=50
cascade_max_cand_epochs=150
cascade_min_cand_epochs=50
cascade_num_candidate_groups=2
bit_fail_limit=3.49999994039535522461e-01
cascade_candidate_limit=1.00000000000000000000e+03
cascade_weight_multiplier=4.00000005960464477539e-01
cascade_activation_functions_count=10
cascade_activation_functions=3 5 7 8 10 11 14 15 16 17 
cascade_activation_steepnesses_count=4
cascade_activation_steepnesses=2.50000000000000000000e-01 5.00000000000000000000e-01 7.50000000000000000000e-01 1.00000000000000000000e+00 
layer_sizes=2 5 5 3 
scale_included=0
neurons (num_inputs, activation_function, activation_steepness)=(0, 0, 0.00000000000000000000e+00) (0, 0, 0.00000000000000000000e+00) (2, 3, 5.00000000000000000000e-01) (2, 3, 5.00000000000000000000e-01) (2, 3, 5.00000000000000000000e-01) (2, 3, 5.00000000000000000000e-01) (0, 3, 0.00000000000000000000e+00) (5, 3, 5.00000000000000000000e-01) (5, 3, 5.00000000000000000000e-01) (5, 3, 5.00000000000000000000e-01) (5, 3, 5.00000000000000000000e-01) (0, 3, 0.00000000000000000000e+00) (5, 0, 5.00000000000000000000e-01) (5, 0, 5.00000000000000000000e-01) (0, 0, 0.00000000000000000000e+00) 
connections (connected_to_neuron, weight)=(0, 1.13372192382812500000e+03) (1, 4.63956308364868164062e+00) (0, -1.75250949859619140625e+01) (1, 7.04723179340362548828e-01) (0, -1.88314056396484375000e+01) (1, 1.70598161220550537109e+00) (0, -1.18342952728271484375e+01) (1, 2.64165472984313964844e+00) (2, -2.11286202073097229004e-01) (3, -2.77685236930847167969e+00) (4, -5.56176424026489257812e-01) (5, -3.42176437377929687500e+00) (6, 3.29063296318054199219e+00) (2, -1.45738085937500000000e+03) (3, 1.50000000000000000000e+03) (4, 1.50000000000000000000e+03) (5, 8.69875946044921875000e+01) (6, -6.98221511840820312500e+01) (2, 7.41007506847381591797e-01) (3, 7.73239278793334960938e+00) (4, -1.39754352569580078125e+01) (5, 1.11537055969238281250e+01) (6, -3.91687440872192382812e+00) (2, -3.09613376855850219727e-01) (3, -1.48600292205810546875e+01) (4, -1.47874431610107421875e+01) (5, 2.74496803283691406250e+01) (6, -1.23492836952209472656e+00) (7, -1.85548341274261474609e+00) (8, 1.51337906718254089355e-01) (9, -8.98409903049468994141e-01) (10, -2.29986381530761718750e+00) (11, 2.49742197990417480469e+00) (7, -3.02403545379638671875e+00) (8, 3.52015756070613861084e-02) (9, 1.74694740772247314453e+00) (10, 8.82930576801300048828e-01) (11, 3.41653466224670410156e-01) 
