FANN_FLO_2.1
num_layers=4
learning_rate=0.400000
connection_rate=1.000000
network_type=0
learning_momentum=0.000000
training_algorithm=2
train_error_function=1
train_stop_function=0
cascade_output_change_fraction=0.010000
quickprop_decay=-0.000100
quickprop_mu=1.750000
rprop_increase_factor=1.200000
rprop_decrease_factor=0.500000
rprop_delta_min=0.000000
rprop_delta_max=50.000000
rprop_delta_zero=0.100000
cascade_output_stagnation_epochs=12
cascade_candidate_change_fraction=0.010000
cascade_candidate_stagnation_epochs=12
cascade_max_out_epochs=150
cascade_min_out_epochs=50
cascade_max_cand_epochs=150
cascade_min_cand_epochs=50
cascade_num_candidate_groups=2
bit_fail_limit=3.49999994039535522461e-01
cascade_candidate_limit=1.00000000000000000000e+03
cascade_weight_multiplier=4.00000005960464477539e-01
cascade_activation_functions_count=10
cascade_activation_functions=3 5 7 8 10 11 14 15 16 17 
cascade_activation_steepnesses_count=4
cascade_activation_steepnesses=2.50000000000000000000e-01 5.00000000000000000000e-01 7.50000000000000000000e-01 1.00000000000000000000e+00 
layer_sizes=7 5 5 2 
scale_included=0
neurons (num_inputs, activation_function, activation_steepness)=(0, 0, 0.00000000000000000000e+00) (0, 0, 0.00000000000000000000e+00) (0, 0, 0.00000000000000000000e+00) (0, 0, 0.00000000000000000000e+00) (0, 0, 0.00000000000000000000e+00) (0, 0, 0.00000000000000000000e+00) (0, 0, 0.00000000000000000000e+00) (7, 3, 5.00000000000000000000e-01) (7, 3, 5.00000000000000000000e-01) (7, 3, 5.00000000000000000000e-01) (7, 3, 5.00000000000000000000e-01) (0, 3, 0.00000000000000000000e+00) (5, 3, 5.00000000000000000000e-01) (5, 3, 5.00000000000000000000e-01) (5, 3, 5.00000000000000000000e-01) (5, 3, 5.00000000000000000000e-01) (0, 3, 0.00000000000000000000e+00) (5, 3, 5.00000000000000000000e-01) (0, 3, 0.00000000000000000000e+00) 
connections (connected_to_neuron, weight)=(0, -1.38060681152343750000e+03) (1, -1.37209472656250000000e+03) (2, 1.15285278320312500000e+03) (3, -1.50000000000000000000e+03) (4, -1.50000000000000000000e+03) (5, 4.84975921630859375000e+02) (6, 3.21203947067260742188e+00) (0, -2.33690719604492187500e+02) (1, -5.13544982910156250000e+02) (2, -7.01415634155273437500e+01) (3, -1.50000000000000000000e+03) (4, -1.50000000000000000000e+03) (5, 1.22151464843750000000e+03) (6, 1.09237515926361083984e+00) (0, -4.30370950698852539062e+00) (1, -2.51169943809509277344e+00) (2, -2.67359554767608642578e-01) (3, -1.50000000000000000000e+03) (4, -1.50000000000000000000e+03) (5, 9.63223075866699218750e+00) (6, 5.00910639762878417969e-01) (0, -1.19081347656250000000e+03) (1, -1.12439331054687500000e+03) (2, 4.25348663330078125000e+01) (3, -1.50000000000000000000e+03) (4, -1.50000000000000000000e+03) (5, 1.35137133789062500000e+03) (6, 2.22890782356262207031e+00) (7, 1.50000000000000000000e+03) (8, 1.81763482093811035156e+00) (9, 1.05544189453125000000e+03) (10, 1.14080004882812500000e+03) (11, -2.72591376304626464844e+00) (7, 1.50000000000000000000e+03) (8, 1.81763482093811035156e+00) (9, 1.50000000000000000000e+03) (10, 1.14080004882812500000e+03) (11, 1.25836837291717529297e+00) (7, 1.50000000000000000000e+03) (8, 1.81763482093811035156e+00) (9, 1.50000000000000000000e+03) (10, 1.14080004882812500000e+03) (11, 2.62782335281372070312e+00) (7, 1.50000000000000000000e+03) (8, 1.81763482093811035156e+00) (9, 1.50000000000000000000e+03) (10, 1.14080004882812500000e+03) (11, 2.99960613250732421875e-01) (12, -2.52149963378906250000e+00) (13, -7.05781400203704833984e-01) (14, -1.06227278709411621094e+00) (15, -1.23327231407165527344e+00) (16, -3.61244499683380126953e-01) 
