FANN_FLO_2.1
num_layers=4
learning_rate=0.400000
connection_rate=1.000000
network_type=0
learning_momentum=0.000000
training_algorithm=2
train_error_function=1
train_stop_function=0
cascade_output_change_fraction=0.010000
quickprop_decay=-0.000100
quickprop_mu=1.750000
rprop_increase_factor=1.200000
rprop_decrease_factor=0.500000
rprop_delta_min=0.000000
rprop_delta_max=50.000000
rprop_delta_zero=0.100000
cascade_output_stagnation_epochs=12
cascade_candidate_change_fraction=0.010000
cascade_candidate_stagnation_epochs=12
cascade_max_out_epochs=150
cascade_min_out_epochs=50
cascade_max_cand_epochs=150
cascade_min_cand_epochs=50
cascade_num_candidate_groups=2
bit_fail_limit=3.49999994039535522461e-01
cascade_candidate_limit=1.00000000000000000000e+03
cascade_weight_multiplier=4.00000005960464477539e-01
cascade_activation_functions_count=10
cascade_activation_functions=3 5 7 8 10 11 14 15 16 17 
cascade_activation_steepnesses_count=4
cascade_activation_steepnesses=2.50000000000000000000e-01 5.00000000000000000000e-01 7.50000000000000000000e-01 1.00000000000000000000e+00 
layer_sizes=7 3 3 2 
scale_included=0
neurons (num_inputs, activation_function, activation_steepness)=(0, 0, 0.00000000000000000000e+00) (0, 0, 0.00000000000000000000e+00) (0, 0, 0.00000000000000000000e+00) (0, 0, 0.00000000000000000000e+00) (0, 0, 0.00000000000000000000e+00) (0, 0, 0.00000000000000000000e+00) (0, 0, 0.00000000000000000000e+00) (7, 3, 5.00000000000000000000e-01) (7, 3, 5.00000000000000000000e-01) (0, 3, 0.00000000000000000000e+00) (3, 3, 5.00000000000000000000e-01) (3, 3, 5.00000000000000000000e-01) (0, 3, 0.00000000000000000000e+00) (3, 3, 5.00000000000000000000e-01) (0, 3, 0.00000000000000000000e+00) 
connections (connected_to_neuron, weight)=(0, -3.76516985893249511719e+00) (1, 5.88985562324523925781e-01) (2, -1.52224147319793701172e+00) (3, -1.08309125900268554688e+01) (4, -1.86392283439636230469e+00) (5, 1.03957116603851318359e-01) (6, 4.36818838119506835938e+00) (0, 4.62156410217285156250e+01) (1, 2.75966644287109375000e+01) (2, -1.65761375427246093750e+01) (3, 1.31285888671875000000e+02) (4, -2.07335418701171875000e+02) (5, 1.39912719726562500000e+02) (6, 9.49196910858154296875e+00) (7, 1.50000000000000000000e+03) (8, -1.93993968963623046875e+01) (9, -5.79410982131958007812e+00) (7, 8.69027233123779296875e+00) (8, 2.39439988136291503906e+00) (9, -2.13359069824218750000e+00) (10, -1.00194573402404785156e+00) (11, -1.56207489967346191406e+00) (12, -9.18421328067779541016e-01) 
