FANN_FLO_2.1
num_layers=4
learning_rate=0.500000
connection_rate=1.000000
network_type=0
learning_momentum=0.000000
training_algorithm=2
train_error_function=1
train_stop_function=0
cascade_output_change_fraction=0.010000
quickprop_decay=-0.000100
quickprop_mu=1.750000
rprop_increase_factor=1.200000
rprop_decrease_factor=0.500000
rprop_delta_min=0.000000
rprop_delta_max=50.000000
rprop_delta_zero=0.100000
cascade_output_stagnation_epochs=12
cascade_candidate_change_fraction=0.010000
cascade_candidate_stagnation_epochs=12
cascade_max_out_epochs=150
cascade_min_out_epochs=50
cascade_max_cand_epochs=150
cascade_min_cand_epochs=50
cascade_num_candidate_groups=2
bit_fail_limit=3.49999994039535522461e-01
cascade_candidate_limit=1.00000000000000000000e+03
cascade_weight_multiplier=4.00000005960464477539e-01
cascade_activation_functions_count=10
cascade_activation_functions=3 5 7 8 10 11 14 15 16 17 
cascade_activation_steepnesses_count=4
cascade_activation_steepnesses=2.50000000000000000000e-01 5.00000000000000000000e-01 7.50000000000000000000e-01 1.00000000000000000000e+00 
layer_sizes=10 5 3 2 
scale_included=0
neurons (num_inputs, activation_function, activation_steepness)=(0, 0, 0.00000000000000000000e+00) (0, 0, 0.00000000000000000000e+00) (0, 0, 0.00000000000000000000e+00) (0, 0, 0.00000000000000000000e+00) (0, 0, 0.00000000000000000000e+00) (0, 0, 0.00000000000000000000e+00) (0, 0, 0.00000000000000000000e+00) (0, 0, 0.00000000000000000000e+00) (0, 0, 0.00000000000000000000e+00) (0, 0, 0.00000000000000000000e+00) (10, 3, 5.00000000000000000000e-01) (10, 3, 5.00000000000000000000e-01) (10, 3, 5.00000000000000000000e-01) (10, 3, 5.00000000000000000000e-01) (0, 3, 0.00000000000000000000e+00) (5, 3, 5.00000000000000000000e-01) (5, 3, 5.00000000000000000000e-01) (0, 3, 0.00000000000000000000e+00) (3, 3, 5.00000000000000000000e-01) (0, 3, 0.00000000000000000000e+00) 
connections (connected_to_neuron, weight)=(0, -4.02556371688842773438e+00) (1, 2.98975062370300292969e+00) (2, -1.11340081691741943359e+00) (3, -1.44411993026733398438e+01) (4, 2.29432368278503417969e+00) (5, 3.23898458480834960938e+00) (6, 6.25429272651672363281e-01) (7, -1.67449462413787841797e+00) (8, 3.58880233764648437500e+00) (9, 1.25726366043090820312e+00) (0, -4.03778195381164550781e-01) (1, 1.42544722557067871094e+00) (2, -3.71543975830078125000e+02) (3, 3.00003671646118164062e+00) (4, 2.36534625291824340820e-01) (5, 4.54803198575973510742e-01) (6, 9.56604766845703125000e+00) (7, 6.31076393127441406250e+01) (8, 3.78477549552917480469e+00) (9, 1.53508156538009643555e-01) (0, -6.20992374420166015625e+00) (1, 2.73712515830993652344e+00) (2, -4.70379829406738281250e-01) (3, -1.33324604034423828125e+01) (4, 9.55060720443725585938e-01) (5, 2.85825967788696289062e+00) (6, 3.80135416984558105469e-01) (7, -1.56337940692901611328e+00) (8, 5.70336818695068359375e+00) (9, 1.40720117092132568359e+00) (0, -2.17028307914733886719e+00) (1, 6.13934850692749023438e+00) (2, 5.73855829238891601562e+00) (3, -2.33069944381713867188e+00) (4, -7.11676740646362304688e+00) (5, 7.53008246421813964844e-01) (6, 1.81827640533447265625e+00) (7, -2.25365734100341796875e+00) (8, -4.98078918457031250000e+00) (9, 3.92879039049148559570e-01) (10, 4.58775091171264648438e+00) (11, 6.83976440429687500000e+01) (12, 8.71126461029052734375e+00) (13, 1.32612199783325195312e+01) (14, -4.88467502593994140625e+00) (10, 3.06475830078125000000e+00) (11, 5.00681190490722656250e+01) (12, 9.76551342010498046875e+00) (13, 1.27778577804565429688e+01) (14, -4.52537298202514648438e+00) (15, 9.50001358985900878906e-01) (16, 1.63446021080017089844e+00) (17, -1.71814703941345214844e+00) 
