FANN_FLO_2.1
num_layers=3
learning_rate=0.500000
connection_rate=1.000000
network_type=0
learning_momentum=0.000000
training_algorithm=2
train_error_function=1
train_stop_function=0
cascade_output_change_fraction=0.010000
quickprop_decay=-0.000100
quickprop_mu=1.750000
rprop_increase_factor=1.200000
rprop_decrease_factor=0.500000
rprop_delta_min=0.000000
rprop_delta_max=50.000000
rprop_delta_zero=0.100000
cascade_output_stagnation_epochs=12
cascade_candidate_change_fraction=0.010000
cascade_candidate_stagnation_epochs=12
cascade_max_out_epochs=150
cascade_min_out_epochs=50
cascade_max_cand_epochs=150
cascade_min_cand_epochs=50
cascade_num_candidate_groups=2
bit_fail_limit=3.49999994039535522461e-01
cascade_candidate_limit=1.00000000000000000000e+03
cascade_weight_multiplier=4.00000005960464477539e-01
cascade_activation_functions_count=10
cascade_activation_functions=3 5 7 8 10 11 14 15 16 17 
cascade_activation_steepnesses_count=4
cascade_activation_steepnesses=2.50000000000000000000e-01 5.00000000000000000000e-01 7.50000000000000000000e-01 1.00000000000000000000e+00 
layer_sizes=10 3 2 
scale_included=0
neurons (num_inputs, activation_function, activation_steepness)=(0, 0, 0.00000000000000000000e+00) (0, 0, 0.00000000000000000000e+00) (0, 0, 0.00000000000000000000e+00) (0, 0, 0.00000000000000000000e+00) (0, 0, 0.00000000000000000000e+00) (0, 0, 0.00000000000000000000e+00) (0, 0, 0.00000000000000000000e+00) (0, 0, 0.00000000000000000000e+00) (0, 0, 0.00000000000000000000e+00) (0, 0, 0.00000000000000000000e+00) (10, 3, 5.00000000000000000000e-01) (10, 3, 5.00000000000000000000e-01) (0, 3, 0.00000000000000000000e+00) (3, 3, 5.00000000000000000000e-01) (0, 3, 0.00000000000000000000e+00) 
connections (connected_to_neuron, weight)=(0, -1.75740408897399902344e+00) (1, 1.00776157379150390625e+01) (2, -9.71247482299804687500e+00) (3, 1.49755740165710449219e+00) (4, -2.81154680997133255005e-02) (5, 3.02451825141906738281e+00) (6, -1.15841591358184814453e+00) (7, -3.09671401977539062500e+00) (8, 1.30761837959289550781e+00) (9, 2.02853694558143615723e-01) (0, -5.93813848495483398438e+00) (1, 4.09455823898315429688e+00) (2, -9.80221652984619140625e+00) (3, 2.53377270698547363281e+00) (4, -8.59982311725616455078e-01) (5, 6.55665493011474609375e+00) (6, -4.45361614227294921875e+00) (7, -5.84221029281616210938e+00) (8, -2.10488483309745788574e-01) (9, 6.88128137588500976562e+00) (10, 3.34363603591918945312e+00) (11, 2.65949440002441406250e+00) (12, -4.29573011398315429688e+00) 
