FANN_FLO_2.1
num_layers=4
learning_rate=0.500000
connection_rate=1.000000
network_type=0
learning_momentum=0.000000
training_algorithm=2
train_error_function=1
train_stop_function=0
cascade_output_change_fraction=0.010000
quickprop_decay=-0.000100
quickprop_mu=1.750000
rprop_increase_factor=1.200000
rprop_decrease_factor=0.500000
rprop_delta_min=0.000000
rprop_delta_max=50.000000
rprop_delta_zero=0.100000
cascade_output_stagnation_epochs=12
cascade_candidate_change_fraction=0.010000
cascade_candidate_stagnation_epochs=12
cascade_max_out_epochs=150
cascade_min_out_epochs=50
cascade_max_cand_epochs=150
cascade_min_cand_epochs=50
cascade_num_candidate_groups=2
bit_fail_limit=3.49999994039535522461e-01
cascade_candidate_limit=1.00000000000000000000e+03
cascade_weight_multiplier=4.00000005960464477539e-01
cascade_activation_functions_count=10
cascade_activation_functions=3 5 7 8 10 11 14 15 16 17 
cascade_activation_steepnesses_count=4
cascade_activation_steepnesses=2.50000000000000000000e-01 5.00000000000000000000e-01 7.50000000000000000000e-01 1.00000000000000000000e+00 
layer_sizes=10 3 3 2 
scale_included=0
neurons (num_inputs, activation_function, activation_steepness)=(0, 0, 0.00000000000000000000e+00) (0, 0, 0.00000000000000000000e+00) (0, 0, 0.00000000000000000000e+00) (0, 0, 0.00000000000000000000e+00) (0, 0, 0.00000000000000000000e+00) (0, 0, 0.00000000000000000000e+00) (0, 0, 0.00000000000000000000e+00) (0, 0, 0.00000000000000000000e+00) (0, 0, 0.00000000000000000000e+00) (0, 0, 0.00000000000000000000e+00) (10, 3, 5.00000000000000000000e-01) (10, 3, 5.00000000000000000000e-01) (0, 3, 0.00000000000000000000e+00) (3, 3, 5.00000000000000000000e-01) (3, 3, 5.00000000000000000000e-01) (0, 3, 0.00000000000000000000e+00) (3, 3, 5.00000000000000000000e-01) (0, 3, 0.00000000000000000000e+00) 
connections (connected_to_neuron, weight)=(0, 4.46937322616577148438e+00) (1, 7.67255020141601562500e+00) (2, 4.44735288619995117188e+00) (3, 3.20729708671569824219e+00) (4, -1.51875579357147216797e+00) (5, -5.00661087036132812500e+00) (6, 2.01511263847351074219e+00) (7, -7.98416233062744140625e+00) (8, -8.43309116363525390625e+00) (9, -2.49194234609603881836e-01) (0, 9.20490741729736328125e-01) (1, 2.37894129753112792969e+00) (2, -5.55611789226531982422e-01) (3, 1.18609666824340820312e+00) (4, 6.56672239303588867188e-01) (5, -1.16689038276672363281e+00) (6, 9.44148004055023193359e-01) (7, 5.38909614086151123047e-01) (8, -1.61621608734130859375e+01) (9, 2.50163888931274414062e+00) (10, 2.88596096038818359375e+01) (11, -4.03434997558593750000e+02) (12, 1.39708054065704345703e+00) (10, -1.64072532653808593750e+01) (11, 1.01324892044067382812e+00) (12, 1.25500144958496093750e+01) (13, 3.95993399620056152344e+00) (14, -2.22579884529113769531e+00) (15, 1.03614568710327148438e+00) 
