FANN_FLO_2.1
num_layers=3
learning_rate=0.400000
connection_rate=1.000000
network_type=0
learning_momentum=0.000000
training_algorithm=2
train_error_function=1
train_stop_function=0
cascade_output_change_fraction=0.010000
quickprop_decay=-0.000100
quickprop_mu=1.750000
rprop_increase_factor=1.200000
rprop_decrease_factor=0.500000
rprop_delta_min=0.000000
rprop_delta_max=50.000000
rprop_delta_zero=0.100000
cascade_output_stagnation_epochs=12
cascade_candidate_change_fraction=0.010000
cascade_candidate_stagnation_epochs=12
cascade_max_out_epochs=150
cascade_min_out_epochs=50
cascade_max_cand_epochs=150
cascade_min_cand_epochs=50
cascade_num_candidate_groups=2
bit_fail_limit=3.49999994039535522461e-01
cascade_candidate_limit=1.00000000000000000000e+03
cascade_weight_multiplier=4.00000005960464477539e-01
cascade_activation_functions_count=10
cascade_activation_functions=3 5 7 8 10 11 14 15 16 17 
cascade_activation_steepnesses_count=4
cascade_activation_steepnesses=2.50000000000000000000e-01 5.00000000000000000000e-01 7.50000000000000000000e-01 1.00000000000000000000e+00 
layer_sizes=7 9 2 
scale_included=0
neurons (num_inputs, activation_function, activation_steepness)=(0, 0, 0.00000000000000000000e+00) (0, 0, 0.00000000000000000000e+00) (0, 0, 0.00000000000000000000e+00) (0, 0, 0.00000000000000000000e+00) (0, 0, 0.00000000000000000000e+00) (0, 0, 0.00000000000000000000e+00) (0, 0, 0.00000000000000000000e+00) (7, 3, 5.00000000000000000000e-01) (7, 3, 5.00000000000000000000e-01) (7, 3, 5.00000000000000000000e-01) (7, 3, 5.00000000000000000000e-01) (7, 3, 5.00000000000000000000e-01) (7, 3, 5.00000000000000000000e-01) (7, 3, 5.00000000000000000000e-01) (7, 3, 5.00000000000000000000e-01) (0, 3, 0.00000000000000000000e+00) (9, 3, 5.00000000000000000000e-01) (0, 3, 0.00000000000000000000e+00) 
connections (connected_to_neuron, weight)=(0, 4.80139112472534179688e+00) (1, 1.39801645278930664062e+00) (2, 6.17928218841552734375e+00) (3, -9.25621223449707031250e+00) (4, 2.40668892860412597656e+00) (5, -6.15711212158203125000e+00) (6, 2.14960503578186035156e+00) (0, 1.59480705261230468750e+01) (1, 2.62601733207702636719e+00) (2, 1.97438538074493408203e+00) (3, -2.42986965179443359375e+00) (4, -4.97516679763793945312e+00) (5, -2.83131837844848632812e+00) (6, 4.31276708841323852539e-01) (0, 5.12172985076904296875e+00) (1, -4.30385559797286987305e-01) (2, -3.85647726058959960938e+00) (3, 2.19693541526794433594e+00) (4, 3.06278657913208007812e+00) (5, -1.24056828022003173828e+00) (6, 1.74078598618507385254e-01) (0, -5.24480462074279785156e-01) (1, -4.91344511508941650391e-01) (2, 3.92096549272537231445e-01) (3, 3.01157161593437194824e-02) (4, 3.20775818824768066406e+00) (5, -3.23354053497314453125e+00) (6, -3.71389031410217285156e-01) (0, 5.18025197088718414307e-02) (1, 4.70358818769454956055e-01) (2, -3.47124242782592773438e+00) (3, -1.70516967773437500000e+00) (4, 2.33022665977478027344e+00) (5, -2.42572331428527832031e+00) (6, 2.00791433453559875488e-01) (0, -1.51944863796234130859e+00) (1, 5.49203109741210937500e+00) (2, 1.66287374496459960938e+00) (3, -1.85816991329193115234e+00) (4, 2.62796926498413085938e+00) (5, -1.42007656097412109375e+01) (6, 7.77417612075805664062e+00) (0, -2.60638260841369628906e+00) (1, 5.20474374294281005859e-01) (2, -1.17851793766021728516e-01) (3, -2.68043351173400878906e+00) (4, -9.36517715454101562500e-01) (5, -8.25203508138656616211e-02) (6, -4.40956324338912963867e-01) (0, 4.64188635349273681641e-01) (1, 1.00614452362060546875e+00) (2, -3.12152338027954101562e+00) (3, -1.38441777229309082031e+00) (4, -1.23189592361450195312e+00) (5, -2.47348117828369140625e+00) (6, -2.12292417883872985840e-01) (7, -7.48975932598114013672e-01) (8, -1.34828746318817138672e+00) (9, 1.32407820224761962891e+00) (10, 4.29760599136352539062e+00) (11, -2.13052749633789062500e+00) (12, -2.20012140274047851562e+00) (13, -6.65250599384307861328e-01) (14, -6.59598410129547119141e-01) (15, 2.77358591556549072266e-01) 
