FANN_FLO_2.1
num_layers=4
learning_rate=0.500000
connection_rate=1.000000
network_type=0
learning_momentum=0.000000
training_algorithm=2
train_error_function=1
train_stop_function=0
cascade_output_change_fraction=0.010000
quickprop_decay=-0.000100
quickprop_mu=1.750000
rprop_increase_factor=1.200000
rprop_decrease_factor=0.500000
rprop_delta_min=0.000000
rprop_delta_max=50.000000
rprop_delta_zero=0.100000
cascade_output_stagnation_epochs=12
cascade_candidate_change_fraction=0.010000
cascade_candidate_stagnation_epochs=12
cascade_max_out_epochs=150
cascade_min_out_epochs=50
cascade_max_cand_epochs=150
cascade_min_cand_epochs=50
cascade_num_candidate_groups=2
bit_fail_limit=3.49999994039535522461e-01
cascade_candidate_limit=1.00000000000000000000e+03
cascade_weight_multiplier=4.00000005960464477539e-01
cascade_activation_functions_count=10
cascade_activation_functions=3 5 7 8 10 11 14 15 16 17 
cascade_activation_steepnesses_count=4
cascade_activation_steepnesses=2.50000000000000000000e-01 5.00000000000000000000e-01 7.50000000000000000000e-01 1.00000000000000000000e+00 
layer_sizes=10 3 3 2 
scale_included=0
neurons (num_inputs, activation_function, activation_steepness)=(0, 0, 0.00000000000000000000e+00) (0, 0, 0.00000000000000000000e+00) (0, 0, 0.00000000000000000000e+00) (0, 0, 0.00000000000000000000e+00) (0, 0, 0.00000000000000000000e+00) (0, 0, 0.00000000000000000000e+00) (0, 0, 0.00000000000000000000e+00) (0, 0, 0.00000000000000000000e+00) (0, 0, 0.00000000000000000000e+00) (0, 0, 0.00000000000000000000e+00) (10, 3, 5.00000000000000000000e-01) (10, 3, 5.00000000000000000000e-01) (0, 3, 0.00000000000000000000e+00) (3, 3, 5.00000000000000000000e-01) (3, 3, 5.00000000000000000000e-01) (0, 3, 0.00000000000000000000e+00) (3, 3, 5.00000000000000000000e-01) (0, 3, 0.00000000000000000000e+00) 
connections (connected_to_neuron, weight)=(0, -1.48663961887359619141e+00) (1, 1.36564767360687255859e+00) (2, -6.38831758499145507812e+00) (3, -8.09803605079650878906e-01) (4, 1.11220159530639648438e+01) (5, 2.41239309310913085938e+00) (6, -7.32721424102783203125e+00) (7, 5.66130340099334716797e-01) (8, -2.67124056816101074219e+00) (9, 6.93881452083587646484e-01) (0, 1.05164060592651367188e+01) (1, -3.49211430549621582031e+00) (2, -2.85782980918884277344e+00) (3, -5.46821296215057373047e-01) (4, -7.38267707824707031250e+00) (5, -3.57318139076232910156e+00) (6, 7.02997779846191406250e+00) (7, 1.47681546211242675781e+00) (8, -5.38108587265014648438e-01) (9, 2.97204613685607910156e+00) (10, 5.54878807067871093750e+01) (11, -6.92125082015991210938e+00) (12, -3.19938689470291137695e-01) (10, 1.38747520446777343750e+01) (11, -8.44152927398681640625e+00) (12, -1.12179458141326904297e+00) (13, 8.44774544239044189453e-01) (14, 1.63073241710662841797e+00) (15, -1.59692335128784179688e+00) 
