FANN_FLO_2.1
num_layers=3
learning_rate=0.400000
connection_rate=1.000000
network_type=0
learning_momentum=0.000000
training_algorithm=2
train_error_function=1
train_stop_function=0
cascade_output_change_fraction=0.010000
quickprop_decay=-0.000100
quickprop_mu=1.750000
rprop_increase_factor=1.200000
rprop_decrease_factor=0.500000
rprop_delta_min=0.000000
rprop_delta_max=50.000000
rprop_delta_zero=0.100000
cascade_output_stagnation_epochs=12
cascade_candidate_change_fraction=0.010000
cascade_candidate_stagnation_epochs=12
cascade_max_out_epochs=150
cascade_min_out_epochs=50
cascade_max_cand_epochs=150
cascade_min_cand_epochs=50
cascade_num_candidate_groups=2
bit_fail_limit=3.49999994039535522461e-01
cascade_candidate_limit=1.00000000000000000000e+03
cascade_weight_multiplier=4.00000005960464477539e-01
cascade_activation_functions_count=10
cascade_activation_functions=3 5 7 8 10 11 14 15 16 17 
cascade_activation_steepnesses_count=4
cascade_activation_steepnesses=2.50000000000000000000e-01 5.00000000000000000000e-01 7.50000000000000000000e-01 1.00000000000000000000e+00 
layer_sizes=7 5 2 
scale_included=0
neurons (num_inputs, activation_function, activation_steepness)=(0, 0, 0.00000000000000000000e+00) (0, 0, 0.00000000000000000000e+00) (0, 0, 0.00000000000000000000e+00) (0, 0, 0.00000000000000000000e+00) (0, 0, 0.00000000000000000000e+00) (0, 0, 0.00000000000000000000e+00) (0, 0, 0.00000000000000000000e+00) (7, 3, 5.00000000000000000000e-01) (7, 3, 5.00000000000000000000e-01) (7, 3, 5.00000000000000000000e-01) (7, 3, 5.00000000000000000000e-01) (0, 3, 0.00000000000000000000e+00) (5, 3, 5.00000000000000000000e-01) (0, 3, 0.00000000000000000000e+00) 
connections (connected_to_neuron, weight)=(0, -4.14980030059814453125e+00) (1, 4.30335712432861328125e+00) (2, -5.81596183776855468750e+00) (3, -1.19769895076751708984e+00) (4, -3.87871474027633666992e-01) (5, -1.50000000000000000000e+03) (6, -3.50058495998382568359e-01) (0, 7.61660289764404296875e+00) (1, -7.88443183898925781250e+00) (2, -1.17509126663208007812e-01) (3, -1.81941068172454833984e+00) (4, -2.59044051170349121094e-01) (5, 3.33724498748779296875e+00) (6, -4.34757184982299804688e+00) (0, -5.71906375885009765625e+00) (1, -1.44647157192230224609e+00) (2, 1.77844429016113281250e+01) (3, -4.54909563064575195312e+00) (4, -2.83406329154968261719e+00) (5, 6.82994127273559570312e-01) (6, 9.08974170684814453125e+00) (0, -1.91083717346191406250e+01) (1, 1.18151941299438476562e+01) (2, 1.73237609863281250000e+01) (3, 1.93928793072700500488e-01) (4, -8.90667855739593505859e-01) (5, 4.42306280136108398438e+00) (6, 2.55336713790893554688e+00) (7, -8.21189403533935546875e+00) (8, -1.22293262481689453125e+01) (9, -7.32987046241760253906e-01) (10, -1.00675046443939208984e+00) (11, 2.48705103993415832520e-01) 
