FANN_FLO_2.1
num_layers=3
learning_rate=0.500000
connection_rate=1.000000
network_type=0
learning_momentum=0.000000
training_algorithm=2
train_error_function=1
train_stop_function=0
cascade_output_change_fraction=0.010000
quickprop_decay=-0.000100
quickprop_mu=1.750000
rprop_increase_factor=1.200000
rprop_decrease_factor=0.500000
rprop_delta_min=0.000000
rprop_delta_max=50.000000
rprop_delta_zero=0.100000
cascade_output_stagnation_epochs=12
cascade_candidate_change_fraction=0.010000
cascade_candidate_stagnation_epochs=12
cascade_max_out_epochs=150
cascade_min_out_epochs=50
cascade_max_cand_epochs=150
cascade_min_cand_epochs=50
cascade_num_candidate_groups=2
bit_fail_limit=3.49999994039535522461e-01
cascade_candidate_limit=1.00000000000000000000e+03
cascade_weight_multiplier=4.00000005960464477539e-01
cascade_activation_functions_count=10
cascade_activation_functions=3 5 7 8 10 11 14 15 16 17 
cascade_activation_steepnesses_count=4
cascade_activation_steepnesses=2.50000000000000000000e-01 5.00000000000000000000e-01 7.50000000000000000000e-01 1.00000000000000000000e+00 
layer_sizes=10 3 2 
scale_included=0
neurons (num_inputs, activation_function, activation_steepness)=(0, 0, 0.00000000000000000000e+00) (0, 0, 0.00000000000000000000e+00) (0, 0, 0.00000000000000000000e+00) (0, 0, 0.00000000000000000000e+00) (0, 0, 0.00000000000000000000e+00) (0, 0, 0.00000000000000000000e+00) (0, 0, 0.00000000000000000000e+00) (0, 0, 0.00000000000000000000e+00) (0, 0, 0.00000000000000000000e+00) (0, 0, 0.00000000000000000000e+00) (10, 3, 5.00000000000000000000e-01) (10, 3, 5.00000000000000000000e-01) (0, 3, 0.00000000000000000000e+00) (3, 3, 5.00000000000000000000e-01) (0, 3, 0.00000000000000000000e+00) 
connections (connected_to_neuron, weight)=(0, -5.58635616302490234375e+00) (1, 2.08639407157897949219e+00) (2, -2.47248268127441406250e+00) (3, 9.65510547161102294922e-01) (4, 1.20745170116424560547e+00) (5, 2.01980924606323242188e+00) (6, 3.89001369476318359375e-01) (7, -7.17788124084472656250e+00) (8, -3.04095172882080078125e+00) (9, 5.48478460311889648438e+00) (0, -1.00731859207153320312e+01) (1, 9.20466423034667968750e+00) (2, -9.56576824188232421875e-01) (3, 8.71630764007568359375e+00) (4, 3.13433241844177246094e+00) (5, 2.72575187683105468750e+00) (6, 2.64459848403930664062e+00) (7, -1.52542715072631835938e+01) (8, -9.30167019367218017578e-01) (9, 1.22527444362640380859e+00) (10, 1.87862086296081542969e+00) (11, 4.15512752532958984375e+00) (12, -4.58210802078247070312e+00) 
