FANN_FLO_2.1
num_layers=3
learning_rate=0.400000
connection_rate=1.000000
network_type=0
learning_momentum=0.000000
training_algorithm=2
train_error_function=1
train_stop_function=0
cascade_output_change_fraction=0.010000
quickprop_decay=-0.000100
quickprop_mu=1.750000
rprop_increase_factor=1.200000
rprop_decrease_factor=0.500000
rprop_delta_min=0.000000
rprop_delta_max=50.000000
rprop_delta_zero=0.100000
cascade_output_stagnation_epochs=12
cascade_candidate_change_fraction=0.010000
cascade_candidate_stagnation_epochs=12
cascade_max_out_epochs=150
cascade_min_out_epochs=50
cascade_max_cand_epochs=150
cascade_min_cand_epochs=50
cascade_num_candidate_groups=2
bit_fail_limit=3.49999994039535522461e-01
cascade_candidate_limit=1.00000000000000000000e+03
cascade_weight_multiplier=4.00000005960464477539e-01
cascade_activation_functions_count=10
cascade_activation_functions=3 5 7 8 10 11 14 15 16 17 
cascade_activation_steepnesses_count=4
cascade_activation_steepnesses=2.50000000000000000000e-01 5.00000000000000000000e-01 7.50000000000000000000e-01 1.00000000000000000000e+00 
layer_sizes=7 9 2 
scale_included=0
neurons (num_inputs, activation_function, activation_steepness)=(0, 0, 0.00000000000000000000e+00) (0, 0, 0.00000000000000000000e+00) (0, 0, 0.00000000000000000000e+00) (0, 0, 0.00000000000000000000e+00) (0, 0, 0.00000000000000000000e+00) (0, 0, 0.00000000000000000000e+00) (0, 0, 0.00000000000000000000e+00) (7, 3, 5.00000000000000000000e-01) (7, 3, 5.00000000000000000000e-01) (7, 3, 5.00000000000000000000e-01) (7, 3, 5.00000000000000000000e-01) (7, 3, 5.00000000000000000000e-01) (7, 3, 5.00000000000000000000e-01) (7, 3, 5.00000000000000000000e-01) (7, 3, 5.00000000000000000000e-01) (0, 3, 0.00000000000000000000e+00) (9, 3, 5.00000000000000000000e-01) (0, 3, 0.00000000000000000000e+00) 
connections (connected_to_neuron, weight)=(0, -7.65249490737915039062e-01) (1, 4.43684607744216918945e-01) (2, 5.43213069438934326172e-01) (3, 3.70386743545532226562e+00) (4, -3.53298544883728027344e+00) (5, 1.29819440841674804688e+00) (6, 3.54611158370971679688e-01) (0, 5.73576974868774414062e+00) (1, 2.34537672996520996094e+00) (2, 5.39881372451782226562e+00) (3, -1.92301464080810546875e+00) (4, -2.92652869224548339844e+00) (5, -1.13420081138610839844e+00) (6, -5.58809399604797363281e-01) (0, -1.28637760877609252930e-01) (1, -1.50372338294982910156e+00) (2, -2.73884987831115722656e+00) (3, 2.40124320983886718750e+00) (4, -3.87223303318023681641e-01) (5, 6.71281623840332031250e+00) (6, -3.93474936485290527344e+00) (0, -8.16372454166412353516e-01) (1, -4.86566647887229919434e-02) (2, 8.36208057403564453125e+00) (3, 9.36921358108520507812e-01) (4, 4.16270971298217773438e+00) (5, 2.04186681658029556274e-02) (6, 2.79919356107711791992e-01) (0, -1.60725641250610351562e+00) (1, -1.35717689990997314453e+00) (2, 3.79243993759155273438e+00) (3, 3.46397852897644042969e+00) (4, 3.18479329347610473633e-01) (5, -3.45740747451782226562e+00) (6, -1.50400805473327636719e+00) (0, 4.16038572788238525391e-01) (1, 2.56201297044754028320e-01) (2, -1.65747261047363281250e+00) (3, -1.11999845504760742188e+00) (4, -3.08598965406417846680e-01) (5, 4.63331580162048339844e-01) (6, 1.09148275852203369141e+00) (0, 2.60841917991638183594e+00) (1, 1.00027055740356445312e+01) (2, 4.75611209869384765625e+00) (3, -4.45527982711791992188e+00) (4, -1.18730187416076660156e+00) (5, 3.74788594245910644531e+00) (6, -2.49663114547729492188e+00) (0, 5.99494874477386474609e-01) (1, -1.26029896736145019531e+00) (2, 3.84591174125671386719e+00) (3, 5.43339669704437255859e-01) (4, 1.18397247791290283203e+00) (5, -8.01349163055419921875e+00) (6, -6.16944611072540283203e-01) (7, -1.68971443176269531250e+00) (8, -1.20382428169250488281e+00) (9, 3.63874411582946777344e+00) (10, 5.90778768062591552734e-01) (11, 1.16860353946685791016e+00) (12, -4.38995182514190673828e-01) (13, -8.15382540225982666016e-01) (14, 2.45553278923034667969e+00) (15, 5.38263320922851562500e-02) 
