FANN_FLO_2.1
num_layers=3
learning_rate=0.500000
connection_rate=1.000000
network_type=0
learning_momentum=0.000000
training_algorithm=2
train_error_function=1
train_stop_function=0
cascade_output_change_fraction=0.010000
quickprop_decay=-0.000100
quickprop_mu=1.750000
rprop_increase_factor=1.200000
rprop_decrease_factor=0.500000
rprop_delta_min=0.000000
rprop_delta_max=50.000000
rprop_delta_zero=0.100000
cascade_output_stagnation_epochs=12
cascade_candidate_change_fraction=0.010000
cascade_candidate_stagnation_epochs=12
cascade_max_out_epochs=150
cascade_min_out_epochs=50
cascade_max_cand_epochs=150
cascade_min_cand_epochs=50
cascade_num_candidate_groups=2
bit_fail_limit=3.49999994039535522461e-01
cascade_candidate_limit=1.00000000000000000000e+03
cascade_weight_multiplier=4.00000005960464477539e-01
cascade_activation_functions_count=10
cascade_activation_functions=3 5 7 8 10 11 14 15 16 17 
cascade_activation_steepnesses_count=4
cascade_activation_steepnesses=2.50000000000000000000e-01 5.00000000000000000000e-01 7.50000000000000000000e-01 1.00000000000000000000e+00 
layer_sizes=10 3 2 
scale_included=0
neurons (num_inputs, activation_function, activation_steepness)=(0, 0, 0.00000000000000000000e+00) (0, 0, 0.00000000000000000000e+00) (0, 0, 0.00000000000000000000e+00) (0, 0, 0.00000000000000000000e+00) (0, 0, 0.00000000000000000000e+00) (0, 0, 0.00000000000000000000e+00) (0, 0, 0.00000000000000000000e+00) (0, 0, 0.00000000000000000000e+00) (0, 0, 0.00000000000000000000e+00) (0, 0, 0.00000000000000000000e+00) (10, 3, 5.00000000000000000000e-01) (10, 3, 5.00000000000000000000e-01) (0, 3, 0.00000000000000000000e+00) (3, 3, 5.00000000000000000000e-01) (0, 3, 0.00000000000000000000e+00) 
connections (connected_to_neuron, weight)=(0, -1.41956198215484619141e+00) (1, -2.16473770141601562500e+01) (2, -1.50000000000000000000e+03) (3, 6.74308359622955322266e-01) (4, 1.16016077995300292969e+00) (5, -1.50000000000000000000e+03) (6, 1.71885454654693603516e+00) (7, 1.50966701507568359375e+01) (8, -1.50000000000000000000e+03) (9, 9.42107141017913818359e-01) (0, -8.81918525695800781250e+00) (1, 5.29649591445922851562e+00) (2, 6.27571344375610351562e-02) (3, 4.45197677612304687500e+00) (4, 1.85343730449676513672e+00) (5, 5.51204013824462890625e+00) (6, 1.61542189121246337891e+00) (7, -2.28572349548339843750e+01) (8, 9.73590850830078125000e+00) (9, 2.24713206291198730469e+00) (10, 9.77159214019775390625e+00) (11, 5.38288497924804687500e+00) (12, -4.26394605636596679688e+00) 
