FANN_FLO_2.1
num_layers=3
learning_rate=0.400000
connection_rate=1.000000
network_type=0
learning_momentum=0.000000
training_algorithm=2
train_error_function=1
train_stop_function=0
cascade_output_change_fraction=0.010000
quickprop_decay=-0.000100
quickprop_mu=1.750000
rprop_increase_factor=1.200000
rprop_decrease_factor=0.500000
rprop_delta_min=0.000000
rprop_delta_max=50.000000
rprop_delta_zero=0.100000
cascade_output_stagnation_epochs=12
cascade_candidate_change_fraction=0.010000
cascade_candidate_stagnation_epochs=12
cascade_max_out_epochs=150
cascade_min_out_epochs=50
cascade_max_cand_epochs=150
cascade_min_cand_epochs=50
cascade_num_candidate_groups=2
bit_fail_limit=3.49999994039535522461e-01
cascade_candidate_limit=1.00000000000000000000e+03
cascade_weight_multiplier=4.00000005960464477539e-01
cascade_activation_functions_count=10
cascade_activation_functions=3 5 7 8 10 11 14 15 16 17 
cascade_activation_steepnesses_count=4
cascade_activation_steepnesses=2.50000000000000000000e-01 5.00000000000000000000e-01 7.50000000000000000000e-01 1.00000000000000000000e+00 
layer_sizes=7 5 2 
scale_included=0
neurons (num_inputs, activation_function, activation_steepness)=(0, 0, 0.00000000000000000000e+00) (0, 0, 0.00000000000000000000e+00) (0, 0, 0.00000000000000000000e+00) (0, 0, 0.00000000000000000000e+00) (0, 0, 0.00000000000000000000e+00) (0, 0, 0.00000000000000000000e+00) (0, 0, 0.00000000000000000000e+00) (7, 3, 5.00000000000000000000e-01) (7, 3, 5.00000000000000000000e-01) (7, 3, 5.00000000000000000000e-01) (7, 3, 5.00000000000000000000e-01) (0, 3, 0.00000000000000000000e+00) (5, 3, 5.00000000000000000000e-01) (0, 3, 0.00000000000000000000e+00) 
connections (connected_to_neuron, weight)=(0, -6.56140267848968505859e-01) (1, 1.24272596836090087891e+00) (2, -6.71779036521911621094e-01) (3, -2.58948898315429687500e+00) (4, -3.01111865043640136719e+00) (5, -1.89560270309448242188e+00) (6, 2.23216509819030761719e+00) (0, -1.74018001556396484375e+00) (1, 1.51401913166046142578e+00) (2, 5.47757244110107421875e+00) (3, 1.05778102874755859375e+01) (4, -1.89873867034912109375e+01) (5, -4.92040991783142089844e-01) (6, 2.91185259819030761719e+00) (0, 8.30654811859130859375e+00) (1, 1.08951508998870849609e+00) (2, 6.48546695709228515625e-01) (3, -5.52485275268554687500e+00) (4, 1.56270956993103027344e+00) (5, -2.05696845054626464844e+00) (6, 1.43220412731170654297e+00) (0, -6.66924655437469482422e-01) (1, 1.67995774745941162109e+00) (2, -8.86013746261596679688e-01) (3, -1.98925364017486572266e+00) (4, -1.47831475734710693359e+00) (5, -1.58707511425018310547e+00) (6, 1.25537896156311035156e+00) (7, -5.11934232711791992188e+00) (8, -1.84800672531127929688e+00) (9, -3.13371086120605468750e+00) (10, -1.01520037651062011719e+00) (11, 4.10452127456665039062e+00) 
