FANN_FLO_2.1
num_layers=4
learning_rate=0.400000
connection_rate=1.000000
network_type=0
learning_momentum=0.000000
training_algorithm=2
train_error_function=1
train_stop_function=0
cascade_output_change_fraction=0.010000
quickprop_decay=-0.000100
quickprop_mu=1.750000
rprop_increase_factor=1.200000
rprop_decrease_factor=0.500000
rprop_delta_min=0.000000
rprop_delta_max=50.000000
rprop_delta_zero=0.100000
cascade_output_stagnation_epochs=12
cascade_candidate_change_fraction=0.010000
cascade_candidate_stagnation_epochs=12
cascade_max_out_epochs=150
cascade_min_out_epochs=50
cascade_max_cand_epochs=150
cascade_min_cand_epochs=50
cascade_num_candidate_groups=2
bit_fail_limit=3.49999994039535522461e-01
cascade_candidate_limit=1.00000000000000000000e+03
cascade_weight_multiplier=4.00000005960464477539e-01
cascade_activation_functions_count=10
cascade_activation_functions=3 5 7 8 10 11 14 15 16 17 
cascade_activation_steepnesses_count=4
cascade_activation_steepnesses=2.50000000000000000000e-01 5.00000000000000000000e-01 7.50000000000000000000e-01 1.00000000000000000000e+00 
layer_sizes=7 5 3 2 
scale_included=0
neurons (num_inputs, activation_function, activation_steepness)=(0, 0, 0.00000000000000000000e+00) (0, 0, 0.00000000000000000000e+00) (0, 0, 0.00000000000000000000e+00) (0, 0, 0.00000000000000000000e+00) (0, 0, 0.00000000000000000000e+00) (0, 0, 0.00000000000000000000e+00) (0, 0, 0.00000000000000000000e+00) (7, 3, 5.00000000000000000000e-01) (7, 3, 5.00000000000000000000e-01) (7, 3, 5.00000000000000000000e-01) (7, 3, 5.00000000000000000000e-01) (0, 3, 0.00000000000000000000e+00) (5, 3, 5.00000000000000000000e-01) (5, 3, 5.00000000000000000000e-01) (0, 3, 0.00000000000000000000e+00) (3, 3, 5.00000000000000000000e-01) (0, 3, 0.00000000000000000000e+00) 
connections (connected_to_neuron, weight)=(0, -1.32477404785156250000e+03) (1, -2.55945663452148437500e+01) (2, -1.48738769531250000000e+03) (3, 1.49798950195312500000e+03) (4, 1.38789819335937500000e+03) (5, 1.22945605468750000000e+03) (6, 7.12404108047485351562e+00) (0, -1.87531433105468750000e+01) (1, 2.07667026519775390625e+01) (2, 1.02289270019531250000e+03) (3, 1.09766030311584472656e+00) (4, -6.41002893447875976562e-01) (5, -2.26004104614257812500e+01) (6, -1.55336320400238037109e+00) (0, -1.32980932617187500000e+03) (1, -1.27420764160156250000e+03) (2, -1.44867272949218750000e+03) (3, 1.35092285156250000000e+03) (4, -6.85347412109375000000e+02) (5, 1.18805627441406250000e+03) (6, 5.24540185928344726562e+00) (0, -8.51501941680908203125e+00) (1, 6.33057641983032226562e+00) (2, -1.87494719028472900391e+00) (3, -3.06202745437622070312e+00) (4, -1.41068696975708007812e+00) (5, 8.41529011726379394531e-01) (6, 3.43540120124816894531e+00) (7, 3.41154485940933227539e-01) (8, -9.69940781593322753906e-01) (9, 1.73123824596405029297e+00) (10, 1.18594179153442382812e+01) (11, -4.78209066390991210938e+00) (7, -2.48969284057617187500e+02) (8, 1.50000000000000000000e+03) (9, 2.39422130584716796875e+00) (10, 1.50000000000000000000e+03) (11, -1.06418699026107788086e-01) (12, -1.92176353931427001953e+00) (13, -1.93011403083801269531e+00) (14, 3.89465689659118652344e-01) 
