FANN_FLO_2.1
num_layers=3
learning_rate=0.400000
connection_rate=1.000000
network_type=0
learning_momentum=0.000000
training_algorithm=2
train_error_function=1
train_stop_function=0
cascade_output_change_fraction=0.010000
quickprop_decay=-0.000100
quickprop_mu=1.750000
rprop_increase_factor=1.200000
rprop_decrease_factor=0.500000
rprop_delta_min=0.000000
rprop_delta_max=50.000000
rprop_delta_zero=0.100000
cascade_output_stagnation_epochs=12
cascade_candidate_change_fraction=0.010000
cascade_candidate_stagnation_epochs=12
cascade_max_out_epochs=150
cascade_min_out_epochs=50
cascade_max_cand_epochs=150
cascade_min_cand_epochs=50
cascade_num_candidate_groups=2
bit_fail_limit=3.49999994039535522461e-01
cascade_candidate_limit=1.00000000000000000000e+03
cascade_weight_multiplier=4.00000005960464477539e-01
cascade_activation_functions_count=10
cascade_activation_functions=3 5 7 8 10 11 14 15 16 17 
cascade_activation_steepnesses_count=4
cascade_activation_steepnesses=2.50000000000000000000e-01 5.00000000000000000000e-01 7.50000000000000000000e-01 1.00000000000000000000e+00 
layer_sizes=7 9 2 
scale_included=0
neurons (num_inputs, activation_function, activation_steepness)=(0, 0, 0.00000000000000000000e+00) (0, 0, 0.00000000000000000000e+00) (0, 0, 0.00000000000000000000e+00) (0, 0, 0.00000000000000000000e+00) (0, 0, 0.00000000000000000000e+00) (0, 0, 0.00000000000000000000e+00) (0, 0, 0.00000000000000000000e+00) (7, 3, 5.00000000000000000000e-01) (7, 3, 5.00000000000000000000e-01) (7, 3, 5.00000000000000000000e-01) (7, 3, 5.00000000000000000000e-01) (7, 3, 5.00000000000000000000e-01) (7, 3, 5.00000000000000000000e-01) (7, 3, 5.00000000000000000000e-01) (7, 3, 5.00000000000000000000e-01) (0, 3, 0.00000000000000000000e+00) (9, 3, 5.00000000000000000000e-01) (0, 3, 0.00000000000000000000e+00) 
connections (connected_to_neuron, weight)=(0, -2.55642861127853393555e-01) (1, 1.85277414321899414062e+00) (2, 2.15088081359863281250e+00) (3, -3.19057941436767578125e+00) (4, 4.67585706710815429688e+00) (5, -1.10809326171875000000e+01) (6, 5.42571735382080078125e+00) (0, -1.24607062339782714844e+00) (1, -1.04253363609313964844e+00) (2, 1.27662217617034912109e+00) (3, 1.70742236077785491943e-02) (4, 4.37509202957153320312e+00) (5, -3.98677968978881835938e+00) (6, -1.06276047229766845703e+00) (0, 8.64978313446044921875e+00) (1, 2.92573451995849609375e+00) (2, 2.57481241226196289062e+00) (3, -4.12172698974609375000e+00) (4, -8.93082976341247558594e-01) (5, -2.06871438026428222656e+00) (6, -2.93162256479263305664e-01) (0, 1.98353931307792663574e-01) (1, -1.18174326419830322266e+00) (2, 1.15538239479064941406e+00) (3, 1.42649424076080322266e+00) (4, 2.47454071044921875000e+00) (5, -7.51698732376098632812e-01) (6, -5.63923835754394531250e-01) (0, -3.20034933090209960938e+00) (1, 3.72315496206283569336e-01) (2, 1.47910385131835937500e+01) (3, 1.01270020008087158203e+00) (4, -4.29642486572265625000e+00) (5, -6.68121814727783203125e+00) (6, 2.71561408042907714844e+00) (0, 1.93633251190185546875e+01) (1, 2.68292760848999023438e+00) (2, 1.44514226913452148438e+00) (3, -1.16597681045532226562e+01) (4, -1.34725844860076904297e+00) (5, 7.89939785003662109375e+00) (6, 6.22588336467742919922e-01) (0, 1.60875110626220703125e+01) (1, 1.09270076751708984375e+01) (2, 3.55756783485412597656e+00) (3, -1.01284675598144531250e+01) (4, -2.17312192916870117188e+00) (5, 2.31946706771850585938e-01) (6, 3.06614446640014648438e+00) (0, -7.28607296943664550781e-01) (1, -9.46247339248657226562e-01) (2, 5.18104696273803710938e+00) (3, 1.32734477519989013672e+00) (4, -2.61198043823242187500e+00) (5, 4.64964437484741210938e+00) (6, -9.33256506919860839844e-01) (7, -2.32372260093688964844e+00) (8, 3.58602094650268554688e+00) (9, -1.06429743766784667969e+00) (10, 1.99694359302520751953e+00) (11, -9.76599752902984619141e-01) (12, -5.33394038677215576172e-01) (13, -4.77801233530044555664e-01) (14, 1.20328307151794433594e+00) (15, -7.60484719648957252502e-03) 
