FANN_FLO_2.1
num_layers=3
learning_rate=0.400000
connection_rate=1.000000
network_type=0
learning_momentum=0.000000
training_algorithm=2
train_error_function=1
train_stop_function=0
cascade_output_change_fraction=0.010000
quickprop_decay=-0.000100
quickprop_mu=1.750000
rprop_increase_factor=1.200000
rprop_decrease_factor=0.500000
rprop_delta_min=0.000000
rprop_delta_max=50.000000
rprop_delta_zero=0.100000
cascade_output_stagnation_epochs=12
cascade_candidate_change_fraction=0.010000
cascade_candidate_stagnation_epochs=12
cascade_max_out_epochs=150
cascade_min_out_epochs=50
cascade_max_cand_epochs=150
cascade_min_cand_epochs=50
cascade_num_candidate_groups=2
bit_fail_limit=3.49999994039535522461e-01
cascade_candidate_limit=1.00000000000000000000e+03
cascade_weight_multiplier=4.00000005960464477539e-01
cascade_activation_functions_count=10
cascade_activation_functions=3 5 7 8 10 11 14 15 16 17 
cascade_activation_steepnesses_count=4
cascade_activation_steepnesses=2.50000000000000000000e-01 5.00000000000000000000e-01 7.50000000000000000000e-01 1.00000000000000000000e+00 
layer_sizes=7 5 2 
scale_included=0
neurons (num_inputs, activation_function, activation_steepness)=(0, 0, 0.00000000000000000000e+00) (0, 0, 0.00000000000000000000e+00) (0, 0, 0.00000000000000000000e+00) (0, 0, 0.00000000000000000000e+00) (0, 0, 0.00000000000000000000e+00) (0, 0, 0.00000000000000000000e+00) (0, 0, 0.00000000000000000000e+00) (7, 3, 5.00000000000000000000e-01) (7, 3, 5.00000000000000000000e-01) (7, 3, 5.00000000000000000000e-01) (7, 3, 5.00000000000000000000e-01) (0, 3, 0.00000000000000000000e+00) (5, 3, 5.00000000000000000000e-01) (0, 3, 0.00000000000000000000e+00) 
connections (connected_to_neuron, weight)=(0, 3.89769792556762695312e+00) (1, -1.43068075180053710938e+00) (2, -2.88214659690856933594e+00) (3, 1.18798863887786865234e+00) (4, 5.31830310821533203125e+00) (5, 1.96251064538955688477e-01) (6, -1.53809249401092529297e+00) (0, 9.43961381912231445312e-01) (1, 1.25771391391754150391e+00) (2, -7.12927818298339843750e+00) (3, 8.11064779758453369141e-01) (4, -2.92660593986511230469e+00) (5, 1.47308959960937500000e+01) (6, 5.71179389953613281250e-01) (0, -3.31627917289733886719e+00) (1, -1.71373963356018066406e+00) (2, -3.02948355674743652344e+00) (3, 1.45963776111602783203e+00) (4, 2.22351980209350585938e+00) (5, 9.95553493499755859375e-01) (6, -1.74641656875610351562e+00) (0, 7.90685534477233886719e-01) (1, 3.32957696914672851562e+00) (2, 5.56787788867950439453e-01) (3, -6.00744152069091796875e+00) (4, 5.50334501266479492188e+00) (5, -1.30853834152221679688e+01) (6, 8.17805957794189453125e+00) (7, 1.83241498470306396484e+00) (8, -2.09926104545593261719e+00) (9, 5.73874235153198242188e+00) (10, -1.71142494678497314453e+00) (11, 4.31784778833389282227e-01) 
