FANN_FLO_2.1
num_layers=3
learning_rate=0.500000
connection_rate=1.000000
network_type=0
learning_momentum=0.000000
training_algorithm=2
train_error_function=1
train_stop_function=0
cascade_output_change_fraction=0.010000
quickprop_decay=-0.000100
quickprop_mu=1.750000
rprop_increase_factor=1.200000
rprop_decrease_factor=0.500000
rprop_delta_min=0.000000
rprop_delta_max=50.000000
rprop_delta_zero=0.100000
cascade_output_stagnation_epochs=12
cascade_candidate_change_fraction=0.010000
cascade_candidate_stagnation_epochs=12
cascade_max_out_epochs=150
cascade_min_out_epochs=50
cascade_max_cand_epochs=150
cascade_min_cand_epochs=50
cascade_num_candidate_groups=2
bit_fail_limit=3.49999994039535522461e-01
cascade_candidate_limit=1.00000000000000000000e+03
cascade_weight_multiplier=4.00000005960464477539e-01
cascade_activation_functions_count=10
cascade_activation_functions=3 5 7 8 10 11 14 15 16 17 
cascade_activation_steepnesses_count=4
cascade_activation_steepnesses=2.50000000000000000000e-01 5.00000000000000000000e-01 7.50000000000000000000e-01 1.00000000000000000000e+00 
layer_sizes=10 5 2 
scale_included=0
neurons (num_inputs, activation_function, activation_steepness)=(0, 0, 0.00000000000000000000e+00) (0, 0, 0.00000000000000000000e+00) (0, 0, 0.00000000000000000000e+00) (0, 0, 0.00000000000000000000e+00) (0, 0, 0.00000000000000000000e+00) (0, 0, 0.00000000000000000000e+00) (0, 0, 0.00000000000000000000e+00) (0, 0, 0.00000000000000000000e+00) (0, 0, 0.00000000000000000000e+00) (0, 0, 0.00000000000000000000e+00) (10, 3, 5.00000000000000000000e-01) (10, 3, 5.00000000000000000000e-01) (10, 3, 5.00000000000000000000e-01) (10, 3, 5.00000000000000000000e-01) (0, 3, 0.00000000000000000000e+00) (5, 3, 5.00000000000000000000e-01) (0, 3, 0.00000000000000000000e+00) 
connections (connected_to_neuron, weight)=(0, -5.08202600479125976562e+00) (1, 5.88638424873352050781e-01) (2, -3.89574837684631347656e+00) (3, -2.81817197799682617188e+00) (4, -4.47803211212158203125e+00) (5, -4.21041190624237060547e-01) (6, 1.99148678779602050781e+00) (7, 4.87801456451416015625e+00) (8, -4.64944273233413696289e-01) (9, 1.54957622289657592773e-01) (0, -2.05692157149314880371e-01) (1, 5.54237651824951171875e+00) (2, -4.88904774188995361328e-01) (3, 4.21269863843917846680e-01) (4, -1.44562950134277343750e+01) (5, -3.21321725845336914062e+00) (6, 9.52697181701660156250e+00) (7, 3.90927290916442871094e+00) (8, -4.52858495712280273438e+00) (9, 1.10235773026943206787e-01) (0, -1.72561511993408203125e+01) (1, 2.30898332595825195312e+00) (2, -5.92334508895874023438e+00) (3, -4.16743803024291992188e+00) (4, -4.73290324211120605469e-01) (5, -1.85242801904678344727e-01) (6, 1.06563739776611328125e+01) (7, 9.07629394531250000000e+00) (8, 2.19318680465221405029e-02) (9, 5.99424779415130615234e-01) (0, 6.12730836868286132812e+00) (1, -1.74785014241933822632e-02) (2, 2.48321318626403808594e+00) (3, 4.00529718399047851562e+00) (4, -3.84881043434143066406e+00) (5, -6.43427789211273193359e-01) (6, -8.94023704528808593750e+00) (7, -2.22696113586425781250e+00) (8, -7.79692351818084716797e-01) (9, 1.19476437568664550781e+00) (10, 1.97308516502380371094e+00) (11, 1.15582215785980224609e+00) (12, 3.05626988410949707031e+00) (13, 3.80148625373840332031e+00) (14, -2.91396737098693847656e+00) 
