FANN_FLO_2.1
num_layers=3
learning_rate=0.400000
connection_rate=1.000000
network_type=0
learning_momentum=0.000000
training_algorithm=2
train_error_function=1
train_stop_function=0
cascade_output_change_fraction=0.010000
quickprop_decay=-0.000100
quickprop_mu=1.750000
rprop_increase_factor=1.200000
rprop_decrease_factor=0.500000
rprop_delta_min=0.000000
rprop_delta_max=50.000000
rprop_delta_zero=0.100000
cascade_output_stagnation_epochs=12
cascade_candidate_change_fraction=0.010000
cascade_candidate_stagnation_epochs=12
cascade_max_out_epochs=150
cascade_min_out_epochs=50
cascade_max_cand_epochs=150
cascade_min_cand_epochs=50
cascade_num_candidate_groups=2
bit_fail_limit=3.49999994039535522461e-01
cascade_candidate_limit=1.00000000000000000000e+03
cascade_weight_multiplier=4.00000005960464477539e-01
cascade_activation_functions_count=10
cascade_activation_functions=3 5 7 8 10 11 14 15 16 17 
cascade_activation_steepnesses_count=4
cascade_activation_steepnesses=2.50000000000000000000e-01 5.00000000000000000000e-01 7.50000000000000000000e-01 1.00000000000000000000e+00 
layer_sizes=7 5 2 
scale_included=0
neurons (num_inputs, activation_function, activation_steepness)=(0, 0, 0.00000000000000000000e+00) (0, 0, 0.00000000000000000000e+00) (0, 0, 0.00000000000000000000e+00) (0, 0, 0.00000000000000000000e+00) (0, 0, 0.00000000000000000000e+00) (0, 0, 0.00000000000000000000e+00) (0, 0, 0.00000000000000000000e+00) (7, 3, 5.00000000000000000000e-01) (7, 3, 5.00000000000000000000e-01) (7, 3, 5.00000000000000000000e-01) (7, 3, 5.00000000000000000000e-01) (0, 3, 0.00000000000000000000e+00) (5, 3, 5.00000000000000000000e-01) (0, 3, 0.00000000000000000000e+00) 
connections (connected_to_neuron, weight)=(0, -1.55894489288330078125e+01) (1, 1.41586046218872070312e+01) (2, 2.82855272293090820312e+00) (3, -2.65247321128845214844e+00) (4, -1.95028138160705566406e+00) (5, 4.03257560729980468750e+00) (6, 1.54534268379211425781e+00) (0, -7.11236119270324707031e-01) (1, 2.06096458435058593750e+00) (2, -7.80141353607177734375e+00) (3, -2.67607116699218750000e+00) (4, -1.05439436435699462891e+00) (5, 9.86759483814239501953e-01) (6, 6.12139761447906494141e-01) (0, -2.06656188964843750000e+01) (1, -1.04678287506103515625e+01) (2, 7.43185501098632812500e+01) (3, 1.14593286514282226562e+01) (4, 2.96544623374938964844e+00) (5, 1.95590579509735107422e+00) (6, 5.64266967773437500000e+00) (0, 1.39300765991210937500e+01) (1, -1.38852052688598632812e+01) (2, 6.89817333221435546875e+00) (3, -1.22063398361206054688e+00) (4, 1.74351274967193603516e-01) (5, -4.28492879867553710938e+00) (6, 4.23838472366333007812e+00) (7, -3.23560428619384765625e+00) (8, -1.96218848228454589844e+00) (9, -7.35685944557189941406e-01) (10, -4.29886913299560546875e+00) (11, 3.51000499725341796875e+00) 
