FANN_FLO_2.1
num_layers=3
learning_rate=0.400000
connection_rate=1.000000
network_type=0
learning_momentum=0.000000
training_algorithm=2
train_error_function=1
train_stop_function=0
cascade_output_change_fraction=0.010000
quickprop_decay=-0.000100
quickprop_mu=1.750000
rprop_increase_factor=1.200000
rprop_decrease_factor=0.500000
rprop_delta_min=0.000000
rprop_delta_max=50.000000
rprop_delta_zero=0.100000
cascade_output_stagnation_epochs=12
cascade_candidate_change_fraction=0.010000
cascade_candidate_stagnation_epochs=12
cascade_max_out_epochs=150
cascade_min_out_epochs=50
cascade_max_cand_epochs=150
cascade_min_cand_epochs=50
cascade_num_candidate_groups=2
bit_fail_limit=3.49999994039535522461e-01
cascade_candidate_limit=1.00000000000000000000e+03
cascade_weight_multiplier=4.00000005960464477539e-01
cascade_activation_functions_count=10
cascade_activation_functions=3 5 7 8 10 11 14 15 16 17 
cascade_activation_steepnesses_count=4
cascade_activation_steepnesses=2.50000000000000000000e-01 5.00000000000000000000e-01 7.50000000000000000000e-01 1.00000000000000000000e+00 
layer_sizes=19 3 3 
scale_included=0
neurons (num_inputs, activation_function, activation_steepness)=(0, 0, 0.00000000000000000000e+00) (0, 0, 0.00000000000000000000e+00) (0, 0, 0.00000000000000000000e+00) (0, 0, 0.00000000000000000000e+00) (0, 0, 0.00000000000000000000e+00) (0, 0, 0.00000000000000000000e+00) (0, 0, 0.00000000000000000000e+00) (0, 0, 0.00000000000000000000e+00) (0, 0, 0.00000000000000000000e+00) (0, 0, 0.00000000000000000000e+00) (0, 0, 0.00000000000000000000e+00) (0, 0, 0.00000000000000000000e+00) (0, 0, 0.00000000000000000000e+00) (0, 0, 0.00000000000000000000e+00) (0, 0, 0.00000000000000000000e+00) (0, 0, 0.00000000000000000000e+00) (0, 0, 0.00000000000000000000e+00) (0, 0, 0.00000000000000000000e+00) (0, 0, 0.00000000000000000000e+00) (19, 3, 5.00000000000000000000e-01) (19, 3, 5.00000000000000000000e-01) (0, 3, 0.00000000000000000000e+00) (3, 3, 5.00000000000000000000e-01) (3, 3, 5.00000000000000000000e-01) (0, 3, 0.00000000000000000000e+00) 
connections (connected_to_neuron, weight)=(0, 5.09166765213012695312e+00) (1, -2.52009510993957519531e-01) (2, 3.28417599201202392578e-01) (3, 4.75254392623901367188e+00) (4, 4.60360720753669738770e-02) (5, -2.06504297256469726562e+00) (6, 5.07804536819458007812e+00) (7, -1.25982856750488281250e+00) (8, -1.24623191356658935547e+00) (9, -2.82961702346801757812e+00) (10, -1.34646698832511901855e-01) (11, 2.05591414123773574829e-02) (12, -6.28620719909667968750e+00) (13, 1.47984981536865234375e+00) (14, 1.13815975189208984375e+00) (15, -3.70019388198852539062e+00) (16, 2.97059744596481323242e-01) (17, 4.94997948408126831055e-01) (18, -1.50121402740478515625e+00) (0, -1.00608863830566406250e+01) (1, -2.63381719589233398438e-01) (2, -5.06190121173858642578e-01) (3, -1.06384334564208984375e+01) (4, -2.76407510042190551758e-01) (5, 3.53254675865173339844e+00) (6, -9.32648086547851562500e+00) (7, 3.55077385902404785156e+00) (8, 3.00811839103698730469e+00) (9, 3.87248897552490234375e+00) (10, 1.03617107868194580078e+00) (11, 5.12093484401702880859e-01) (12, 1.19334039688110351562e+01) (13, -2.27782511711120605469e+00) (14, -2.48473715782165527344e+00) (15, 7.69559669494628906250e+00) (16, -1.17854159325361251831e-02) (17, 1.75650998950004577637e-01) (18, -8.48451912403106689453e-01) (19, -2.72144961357116699219e+00) (20, -2.41608858108520507812e+00) (21, 1.58955442905426025391e+00) (19, 2.72013330459594726562e+00) (20, 2.41690182685852050781e+00) (21, -1.58937418460845947266e+00) 
