FANN_FLO_2.1
num_layers=4
learning_rate=0.500000
connection_rate=1.000000
network_type=0
learning_momentum=0.000000
training_algorithm=2
train_error_function=1
train_stop_function=0
cascade_output_change_fraction=0.010000
quickprop_decay=-0.000100
quickprop_mu=1.750000
rprop_increase_factor=1.200000
rprop_decrease_factor=0.500000
rprop_delta_min=0.000000
rprop_delta_max=50.000000
rprop_delta_zero=0.100000
cascade_output_stagnation_epochs=12
cascade_candidate_change_fraction=0.010000
cascade_candidate_stagnation_epochs=12
cascade_max_out_epochs=150
cascade_min_out_epochs=50
cascade_max_cand_epochs=150
cascade_min_cand_epochs=50
cascade_num_candidate_groups=2
bit_fail_limit=3.49999994039535522461e-01
cascade_candidate_limit=1.00000000000000000000e+03
cascade_weight_multiplier=4.00000005960464477539e-01
cascade_activation_functions_count=10
cascade_activation_functions=3 5 7 8 10 11 14 15 16 17 
cascade_activation_steepnesses_count=4
cascade_activation_steepnesses=2.50000000000000000000e-01 5.00000000000000000000e-01 7.50000000000000000000e-01 1.00000000000000000000e+00 
layer_sizes=10 5 3 2 
scale_included=0
neurons (num_inputs, activation_function, activation_steepness)=(0, 0, 0.00000000000000000000e+00) (0, 0, 0.00000000000000000000e+00) (0, 0, 0.00000000000000000000e+00) (0, 0, 0.00000000000000000000e+00) (0, 0, 0.00000000000000000000e+00) (0, 0, 0.00000000000000000000e+00) (0, 0, 0.00000000000000000000e+00) (0, 0, 0.00000000000000000000e+00) (0, 0, 0.00000000000000000000e+00) (0, 0, 0.00000000000000000000e+00) (10, 3, 5.00000000000000000000e-01) (10, 3, 5.00000000000000000000e-01) (10, 3, 5.00000000000000000000e-01) (10, 3, 5.00000000000000000000e-01) (0, 3, 0.00000000000000000000e+00) (5, 3, 5.00000000000000000000e-01) (5, 3, 5.00000000000000000000e-01) (0, 3, 0.00000000000000000000e+00) (3, 3, 5.00000000000000000000e-01) (0, 3, 0.00000000000000000000e+00) 
connections (connected_to_neuron, weight)=(0, -1.29499635696411132812e+01) (1, -5.07038354873657226562e+00) (2, -1.32538735866546630859e-01) (3, -3.16499638557434082031e+00) (4, 1.27926647663116455078e+00) (5, -1.35815238952636718750e+00) (6, -2.56863236427307128906e-01) (7, 1.18309774398803710938e+01) (8, 7.01267540454864501953e-01) (9, 2.51021409034729003906e+00) (0, -1.96144461631774902344e-01) (1, -1.24868102371692657471e-01) (2, -4.41074669361114501953e-02) (3, -1.68031775951385498047e+00) (4, 8.71800780296325683594e-02) (5, -7.40646183490753173828e-01) (6, -3.12910318374633789062e+00) (7, -1.10734593868255615234e+00) (8, -3.38424354791641235352e-01) (9, 2.45091700553894042969e+00) (0, -8.77888584136962890625e+00) (1, -5.36346852779388427734e-01) (2, -4.57748711109161376953e-01) (3, -1.96133720874786376953e+00) (4, 6.75177812576293945312e+00) (5, -1.09606075286865234375e+00) (6, -1.00597560405731201172e+00) (7, -5.83011627197265625000e-01) (8, -1.16510784626007080078e+00) (9, 1.09211146831512451172e+00) (0, -2.65946537256240844727e-01) (1, 4.44433279335498809814e-02) (2, -9.58632707595825195312e-01) (3, -5.33075273036956787109e-01) (4, 4.27074432373046875000e-02) (5, -1.86475372314453125000e+00) (6, -2.56361365318298339844e+00) (7, -4.36939448118209838867e-01) (8, -4.24622148275375366211e-01) (9, 2.56744217872619628906e+00) (10, 7.40800048828125000000e+02) (11, -2.54721374511718750000e+02) (12, 1.12736132812500000000e+03) (13, 1.06144657135009765625e+01) (14, 9.05930480957031250000e+01) (10, 9.60208606719970703125e+00) (11, 1.09830331802368164062e+01) (12, 1.04609289169311523438e+01) (13, 2.47825660705566406250e+01) (14, -8.05015850067138671875e+00) (15, 1.58655896782875061035e-01) (16, 3.78423738479614257812e+00) (17, -3.07269716262817382812e+00) 
