FANN_FLO_2.1
num_layers=3
learning_rate=0.400000
connection_rate=1.000000
network_type=0
learning_momentum=0.000000
training_algorithm=2
train_error_function=1
train_stop_function=0
cascade_output_change_fraction=0.010000
quickprop_decay=-0.000100
quickprop_mu=1.750000
rprop_increase_factor=1.200000
rprop_decrease_factor=0.500000
rprop_delta_min=0.000000
rprop_delta_max=50.000000
rprop_delta_zero=0.100000
cascade_output_stagnation_epochs=12
cascade_candidate_change_fraction=0.010000
cascade_candidate_stagnation_epochs=12
cascade_max_out_epochs=150
cascade_min_out_epochs=50
cascade_max_cand_epochs=150
cascade_min_cand_epochs=50
cascade_num_candidate_groups=2
bit_fail_limit=3.49999994039535522461e-01
cascade_candidate_limit=1.00000000000000000000e+03
cascade_weight_multiplier=4.00000005960464477539e-01
cascade_activation_functions_count=10
cascade_activation_functions=3 5 7 8 10 11 14 15 16 17 
cascade_activation_steepnesses_count=4
cascade_activation_steepnesses=2.50000000000000000000e-01 5.00000000000000000000e-01 7.50000000000000000000e-01 1.00000000000000000000e+00 
layer_sizes=19 3 3 
scale_included=0
neurons (num_inputs, activation_function, activation_steepness)=(0, 0, 0.00000000000000000000e+00) (0, 0, 0.00000000000000000000e+00) (0, 0, 0.00000000000000000000e+00) (0, 0, 0.00000000000000000000e+00) (0, 0, 0.00000000000000000000e+00) (0, 0, 0.00000000000000000000e+00) (0, 0, 0.00000000000000000000e+00) (0, 0, 0.00000000000000000000e+00) (0, 0, 0.00000000000000000000e+00) (0, 0, 0.00000000000000000000e+00) (0, 0, 0.00000000000000000000e+00) (0, 0, 0.00000000000000000000e+00) (0, 0, 0.00000000000000000000e+00) (0, 0, 0.00000000000000000000e+00) (0, 0, 0.00000000000000000000e+00) (0, 0, 0.00000000000000000000e+00) (0, 0, 0.00000000000000000000e+00) (0, 0, 0.00000000000000000000e+00) (0, 0, 0.00000000000000000000e+00) (19, 3, 5.00000000000000000000e-01) (19, 3, 5.00000000000000000000e-01) (0, 3, 0.00000000000000000000e+00) (3, 3, 5.00000000000000000000e-01) (3, 3, 5.00000000000000000000e-01) (0, 3, 0.00000000000000000000e+00) 
connections (connected_to_neuron, weight)=(0, -3.60190153121948242188e+00) (1, 7.20555448532104492188e+00) (2, -1.25646581649780273438e+01) (3, -5.65527868270874023438e+00) (4, -4.61165904998779296875e+00) (5, -2.96354174613952636719e+00) (6, 1.08672428131103515625e+01) (7, 3.30432367324829101562e+00) (8, 3.79380569458007812500e+01) (9, 1.01588892936706542969e+00) (10, 3.75874161720275878906e+00) (11, 1.56506271362304687500e+01) (12, -1.14877233505249023438e+01) (13, 1.00420598983764648438e+01) (14, 6.11854530870914459229e-02) (15, 7.03272962570190429688e+00) (16, -1.04560470581054687500e+01) (17, 5.64805984497070312500e+00) (18, -2.07487177848815917969e+00) (0, -1.62707674503326416016e+00) (1, 1.00557003021240234375e+01) (2, -9.07754135131835937500e+00) (3, 1.62806236743927001953e+00) (4, 7.81852436065673828125e+00) (5, -3.84609484672546386719e+00) (6, -9.67957973480224609375e-01) (7, -5.52252817153930664062e+00) (8, -7.38895034790039062500e+00) (9, -4.01668500900268554688e+00) (10, 1.11057958602905273438e+01) (11, -1.34029645919799804688e+01) (12, 7.26076984405517578125e+00) (13, -6.81654071807861328125e+00) (14, -2.94428086280822753906e+00) (15, 1.53874444961547851562e+00) (16, 6.48831796646118164062e+00) (17, -5.77886390686035156250e+00) (18, 1.27382488250732421875e+01) (19, -1.48217117786407470703e+00) (20, -6.08233034610748291016e-01) (21, 1.32862818241119384766e+00) (19, 1.48293340206146240234e+00) (20, 6.08679533004760742188e-01) (21, -1.32904827594757080078e+00) 
