FANN_FLO_2.1
num_layers=3
learning_rate=0.400000
connection_rate=1.000000
network_type=0
learning_momentum=0.000000
training_algorithm=2
train_error_function=1
train_stop_function=0
cascade_output_change_fraction=0.010000
quickprop_decay=-0.000100
quickprop_mu=1.750000
rprop_increase_factor=1.200000
rprop_decrease_factor=0.500000
rprop_delta_min=0.000000
rprop_delta_max=50.000000
rprop_delta_zero=0.100000
cascade_output_stagnation_epochs=12
cascade_candidate_change_fraction=0.010000
cascade_candidate_stagnation_epochs=12
cascade_max_out_epochs=150
cascade_min_out_epochs=50
cascade_max_cand_epochs=150
cascade_min_cand_epochs=50
cascade_num_candidate_groups=2
bit_fail_limit=3.49999994039535522461e-01
cascade_candidate_limit=1.00000000000000000000e+03
cascade_weight_multiplier=4.00000005960464477539e-01
cascade_activation_functions_count=10
cascade_activation_functions=3 5 7 8 10 11 14 15 16 17 
cascade_activation_steepnesses_count=4
cascade_activation_steepnesses=2.50000000000000000000e-01 5.00000000000000000000e-01 7.50000000000000000000e-01 1.00000000000000000000e+00 
layer_sizes=7 5 2 
scale_included=0
neurons (num_inputs, activation_function, activation_steepness)=(0, 0, 0.00000000000000000000e+00) (0, 0, 0.00000000000000000000e+00) (0, 0, 0.00000000000000000000e+00) (0, 0, 0.00000000000000000000e+00) (0, 0, 0.00000000000000000000e+00) (0, 0, 0.00000000000000000000e+00) (0, 0, 0.00000000000000000000e+00) (7, 3, 5.00000000000000000000e-01) (7, 3, 5.00000000000000000000e-01) (7, 3, 5.00000000000000000000e-01) (7, 3, 5.00000000000000000000e-01) (0, 3, 0.00000000000000000000e+00) (5, 3, 5.00000000000000000000e-01) (0, 3, 0.00000000000000000000e+00) 
connections (connected_to_neuron, weight)=(0, 5.16582298278808593750e+00) (1, 7.16764545440673828125e+00) (2, 2.62962675094604492188e+00) (3, -3.41607618331909179688e+00) (4, -3.10805416107177734375e+00) (5, -1.91788935661315917969e+00) (6, 1.16057562828063964844e+00) (0, -1.11651159822940826416e-01) (1, -1.48575544357299804688e-01) (2, -2.83638572692871093750e+00) (3, -7.73772537708282470703e-01) (4, 8.85248947143554687500e+00) (5, -1.89465716481208801270e-01) (6, -1.46844422817230224609e+00) (0, -9.99538898468017578125e-01) (1, -1.27010202407836914062e+00) (2, 2.56209635734558105469e+00) (3, 7.81339347362518310547e-01) (4, 4.37356519699096679688e+00) (5, -7.38643646240234375000e-01) (6, -2.85406494140625000000e+00) (0, -3.61107110977172851562e+00) (1, 4.34265184402465820312e+00) (2, 4.53980016708374023438e+00) (3, -3.19825029373168945312e+00) (4, 1.13433361053466796875e+01) (5, -1.01053323745727539062e+01) (6, 1.07789957523345947266e+00) (7, -1.93545794486999511719e+00) (8, 1.08188152313232421875e+00) (9, 4.61488008499145507812e+00) (10, -2.93439936637878417969e+00) (11, 2.28432491421699523926e-01) 
