FANN_FLO_2.1
num_layers=3
learning_rate=0.400000
connection_rate=1.000000
network_type=0
learning_momentum=0.000000
training_algorithm=2
train_error_function=1
train_stop_function=0
cascade_output_change_fraction=0.010000
quickprop_decay=-0.000100
quickprop_mu=1.750000
rprop_increase_factor=1.200000
rprop_decrease_factor=0.500000
rprop_delta_min=0.000000
rprop_delta_max=50.000000
rprop_delta_zero=0.100000
cascade_output_stagnation_epochs=12
cascade_candidate_change_fraction=0.010000
cascade_candidate_stagnation_epochs=12
cascade_max_out_epochs=150
cascade_min_out_epochs=50
cascade_max_cand_epochs=150
cascade_min_cand_epochs=50
cascade_num_candidate_groups=2
bit_fail_limit=3.49999994039535522461e-01
cascade_candidate_limit=1.00000000000000000000e+03
cascade_weight_multiplier=4.00000005960464477539e-01
cascade_activation_functions_count=10
cascade_activation_functions=3 5 7 8 10 11 14 15 16 17 
cascade_activation_steepnesses_count=4
cascade_activation_steepnesses=2.50000000000000000000e-01 5.00000000000000000000e-01 7.50000000000000000000e-01 1.00000000000000000000e+00 
layer_sizes=7 9 2 
scale_included=0
neurons (num_inputs, activation_function, activation_steepness)=(0, 0, 0.00000000000000000000e+00) (0, 0, 0.00000000000000000000e+00) (0, 0, 0.00000000000000000000e+00) (0, 0, 0.00000000000000000000e+00) (0, 0, 0.00000000000000000000e+00) (0, 0, 0.00000000000000000000e+00) (0, 0, 0.00000000000000000000e+00) (7, 3, 5.00000000000000000000e-01) (7, 3, 5.00000000000000000000e-01) (7, 3, 5.00000000000000000000e-01) (7, 3, 5.00000000000000000000e-01) (7, 3, 5.00000000000000000000e-01) (7, 3, 5.00000000000000000000e-01) (7, 3, 5.00000000000000000000e-01) (7, 3, 5.00000000000000000000e-01) (0, 3, 0.00000000000000000000e+00) (9, 3, 5.00000000000000000000e-01) (0, 3, 0.00000000000000000000e+00) 
connections (connected_to_neuron, weight)=(0, 1.19957029819488525391e-01) (1, -5.30377566814422607422e-01) (2, 2.67052650451660156250e+01) (3, -5.50415086746215820312e+00) (4, -1.36989057064056396484e+00) (5, 2.17247176170349121094e+00) (6, -1.88476383686065673828e+00) (0, -1.73253583908081054688e+00) (1, -2.51830177307128906250e+01) (2, -1.95008337497711181641e+00) (3, -1.72792899608612060547e+00) (4, -1.39744606018066406250e+01) (5, 1.08614997863769531250e+01) (6, 8.85315060615539550781e-01) (0, -1.23161220550537109375e+00) (1, -5.34956872463226318359e-01) (2, 3.77244496345520019531e+00) (3, -6.99281406402587890625e+00) (4, 5.01265859603881835938e+00) (5, 5.49646496772766113281e-01) (6, -2.49016952514648437500e+00) (0, 5.37648868560791015625e+00) (1, -7.83929967880249023438e+00) (2, 7.18266189098358154297e-01) (3, -2.85769939422607421875e+00) (4, -1.11694574356079101562e+00) (5, 4.61035442352294921875e+00) (6, -2.65147042274475097656e+00) (0, -2.21229410171508789062e+00) (1, -9.22748684883117675781e-01) (2, 4.95811605453491210938e+00) (3, -4.10130929946899414062e+00) (4, -2.00471520423889160156e+00) (5, 8.10474038124084472656e-01) (6, 6.09394967555999755859e-01) (0, 7.75997936725616455078e-01) (1, -2.49237251281738281250e+00) (2, -2.88254648447036743164e-01) (3, 2.04942822456359863281e-02) (4, -1.28691166639328002930e-01) (5, -2.92994111776351928711e-01) (6, 7.25087881088256835938e-01) (0, -1.04577255249023437500e+01) (1, 8.26887416839599609375e+00) (2, 3.85534197092056274414e-01) (3, -2.16979146003723144531e+00) (4, -1.72608423233032226562e+00) (5, -3.48950338363647460938e+00) (6, 7.15650081634521484375e-01) (0, 3.67326903343200683594e+00) (1, 2.69955706596374511719e+00) (2, -3.26302337646484375000e+01) (3, -1.06813421249389648438e+01) (4, -6.43425559997558593750e+00) (5, -3.30717206001281738281e-01) (6, 3.49239611625671386719e+00) (7, -1.47687458992004394531e+00) (8, -8.77388572692871093750e+00) (9, -8.22981238365173339844e-01) (10, -8.16866016387939453125e+00) (11, 1.27908086776733398438e+01) (12, -1.42809355258941650391e+00) (13, -1.50829334259033203125e+01) (14, -4.57747012376785278320e-01) (15, -6.86643898487091064453e-01) 
