FANN_FLO_2.1
num_layers=3
learning_rate=0.400000
connection_rate=1.000000
network_type=0
learning_momentum=0.000000
training_algorithm=2
train_error_function=1
train_stop_function=0
cascade_output_change_fraction=0.010000
quickprop_decay=-0.000100
quickprop_mu=1.750000
rprop_increase_factor=1.200000
rprop_decrease_factor=0.500000
rprop_delta_min=0.000000
rprop_delta_max=50.000000
rprop_delta_zero=0.100000
cascade_output_stagnation_epochs=12
cascade_candidate_change_fraction=0.010000
cascade_candidate_stagnation_epochs=12
cascade_max_out_epochs=150
cascade_min_out_epochs=50
cascade_max_cand_epochs=150
cascade_min_cand_epochs=50
cascade_num_candidate_groups=2
bit_fail_limit=3.49999994039535522461e-01
cascade_candidate_limit=1.00000000000000000000e+03
cascade_weight_multiplier=4.00000005960464477539e-01
cascade_activation_functions_count=10
cascade_activation_functions=3 5 7 8 10 11 14 15 16 17 
cascade_activation_steepnesses_count=4
cascade_activation_steepnesses=2.50000000000000000000e-01 5.00000000000000000000e-01 7.50000000000000000000e-01 1.00000000000000000000e+00 
layer_sizes=7 9 2 
scale_included=0
neurons (num_inputs, activation_function, activation_steepness)=(0, 0, 0.00000000000000000000e+00) (0, 0, 0.00000000000000000000e+00) (0, 0, 0.00000000000000000000e+00) (0, 0, 0.00000000000000000000e+00) (0, 0, 0.00000000000000000000e+00) (0, 0, 0.00000000000000000000e+00) (0, 0, 0.00000000000000000000e+00) (7, 3, 5.00000000000000000000e-01) (7, 3, 5.00000000000000000000e-01) (7, 3, 5.00000000000000000000e-01) (7, 3, 5.00000000000000000000e-01) (7, 3, 5.00000000000000000000e-01) (7, 3, 5.00000000000000000000e-01) (7, 3, 5.00000000000000000000e-01) (7, 3, 5.00000000000000000000e-01) (0, 3, 0.00000000000000000000e+00) (9, 3, 5.00000000000000000000e-01) (0, 3, 0.00000000000000000000e+00) 
connections (connected_to_neuron, weight)=(0, 2.33726929873228073120e-02) (1, -2.10988025665283203125e+01) (2, 4.07465124130249023438e+00) (3, -3.38256478309631347656e+00) (4, -1.00254487991333007812e+00) (5, 9.38524436950683593750e+00) (6, -1.07783913612365722656e+00) (0, -5.72232341766357421875e+00) (1, -4.04459476470947265625e+00) (2, -2.04590201377868652344e+00) (3, -2.37702083587646484375e+01) (4, -6.87368822097778320312e+00) (5, 3.58285814523696899414e-01) (6, 1.29476528167724609375e+01) (0, -1.21025934219360351562e+01) (1, 1.06261930465698242188e+01) (2, 7.58737683296203613281e-01) (3, -2.99955487251281738281e+00) (4, -1.76839125156402587891e+00) (5, -5.39020061492919921875e+00) (6, 9.92112696170806884766e-01) (0, 1.03964865207672119141e-01) (1, -2.88799500465393066406e+00) (2, -8.43978691101074218750e+00) (3, -8.56006085872650146484e-01) (4, 4.33102703094482421875e+00) (5, 1.27138185501098632812e+00) (6, -7.63330578804016113281e-01) (0, 6.97184276580810546875e+00) (1, -5.30925130844116210938e+00) (2, 6.21510744094848632812e+00) (3, -1.89382970333099365234e+00) (4, -1.35939347743988037109e+00) (5, 4.39513826370239257812e+00) (6, -7.17689418792724609375e+00) (0, -2.76335096359252929688e+00) (1, -4.22790431976318359375e+00) (2, 3.22000045776367187500e+01) (3, -8.91333675384521484375e+00) (4, -2.46741938591003417969e+00) (5, -2.21174693107604980469e+00) (6, 1.00850477218627929688e+01) (0, -1.84222698211669921875e+00) (1, 1.62761390209197998047e+00) (2, -5.54556579589843750000e+01) (3, 5.61372470855712890625e+00) (4, -1.05576028823852539062e+01) (5, -5.87254762649536132812e+00) (6, 8.13912773132324218750e+00) (0, 2.12849092483520507812e+00) (1, -2.12235236167907714844e+00) (2, 1.85321426391601562500e+01) (3, -1.29207744598388671875e+01) (4, -7.52796840667724609375e+00) (5, 1.29249501228332519531e+00) (6, 8.49490833282470703125e+00) (7, -8.48199367523193359375e+00) (8, 7.47150421142578125000e-01) (9, -7.68156623840332031250e+00) (10, -1.37878131866455078125e+00) (11, -1.58639993667602539062e+01) (12, -4.38895523548126220703e-01) (13, -5.04262804985046386719e-01) (14, -3.92871975898742675781e-01) (15, -2.32988685369491577148e-01) 
