FANN_FLO_2.1
num_layers=4
learning_rate=0.500000
connection_rate=1.000000
network_type=0
learning_momentum=0.000000
training_algorithm=2
train_error_function=1
train_stop_function=0
cascade_output_change_fraction=0.010000
quickprop_decay=-0.000100
quickprop_mu=1.750000
rprop_increase_factor=1.200000
rprop_decrease_factor=0.500000
rprop_delta_min=0.000000
rprop_delta_max=50.000000
rprop_delta_zero=0.100000
cascade_output_stagnation_epochs=12
cascade_candidate_change_fraction=0.010000
cascade_candidate_stagnation_epochs=12
cascade_max_out_epochs=150
cascade_min_out_epochs=50
cascade_max_cand_epochs=150
cascade_min_cand_epochs=50
cascade_num_candidate_groups=2
bit_fail_limit=3.49999994039535522461e-01
cascade_candidate_limit=1.00000000000000000000e+03
cascade_weight_multiplier=4.00000005960464477539e-01
cascade_activation_functions_count=10
cascade_activation_functions=3 5 7 8 10 11 14 15 16 17 
cascade_activation_steepnesses_count=4
cascade_activation_steepnesses=2.50000000000000000000e-01 5.00000000000000000000e-01 7.50000000000000000000e-01 1.00000000000000000000e+00 
layer_sizes=10 5 3 2 
scale_included=0
neurons (num_inputs, activation_function, activation_steepness)=(0, 0, 0.00000000000000000000e+00) (0, 0, 0.00000000000000000000e+00) (0, 0, 0.00000000000000000000e+00) (0, 0, 0.00000000000000000000e+00) (0, 0, 0.00000000000000000000e+00) (0, 0, 0.00000000000000000000e+00) (0, 0, 0.00000000000000000000e+00) (0, 0, 0.00000000000000000000e+00) (0, 0, 0.00000000000000000000e+00) (0, 0, 0.00000000000000000000e+00) (10, 3, 5.00000000000000000000e-01) (10, 3, 5.00000000000000000000e-01) (10, 3, 5.00000000000000000000e-01) (10, 3, 5.00000000000000000000e-01) (0, 3, 0.00000000000000000000e+00) (5, 3, 5.00000000000000000000e-01) (5, 3, 5.00000000000000000000e-01) (0, 3, 0.00000000000000000000e+00) (3, 3, 5.00000000000000000000e-01) (0, 3, 0.00000000000000000000e+00) 
connections (connected_to_neuron, weight)=(0, 5.84407448768615722656e-01) (1, 8.19365215301513671875e+00) (2, -1.32398736476898193359e+00) (3, -2.84897613525390625000e+00) (4, 2.18094870448112487793e-01) (5, -3.17714512348175048828e-01) (6, 8.20836007595062255859e-01) (7, -1.07795925140380859375e+01) (8, -7.58886560797691345215e-02) (9, 7.09613204002380371094e-01) (0, 8.62473785877227783203e-01) (1, 2.29970002174377441406e+00) (2, -6.27936780452728271484e-01) (3, -1.07276655733585357666e-01) (4, 1.38807928562164306641e+00) (5, 1.20013856887817382812e+00) (6, -6.34342193603515625000e-01) (7, -7.66426229476928710938e+00) (8, -1.75352239608764648438e+00) (9, 7.43368208408355712891e-01) (0, -1.22834849357604980469e+00) (1, -4.50733375549316406250e+00) (2, -8.90047073364257812500e+00) (3, -1.48381626605987548828e+00) (4, 1.05242002010345458984e+00) (5, -1.14243137836456298828e+00) (6, 1.57812328338623046875e+01) (7, -3.76790785789489746094e+00) (8, -3.01155829429626464844e+00) (9, 5.01510739326477050781e-01) (0, -3.01672756671905517578e-01) (1, -1.00628972053527832031e+00) (2, -8.12372303009033203125e+00) (3, -2.16229259967803955078e-01) (4, 8.95167052745819091797e-01) (5, -1.17813503742218017578e+00) (6, 1.32233591079711914062e+01) (7, -4.04601144790649414062e+00) (8, -3.56987142562866210938e+00) (9, 5.38010060787200927734e-01) (10, 2.48411636352539062500e+01) (11, -1.82128105163574218750e+01) (12, 1.69018402099609375000e+01) (13, 9.75667595863342285156e-01) (14, -3.11378812789916992188e+00) (10, 1.71861422061920166016e+00) (11, -1.55086126327514648438e+01) (12, -5.56966066360473632812e+00) (13, -1.70524072647094726562e+00) (14, 1.53115880489349365234e+00) (15, 5.75252711772918701172e-01) (16, -4.05205154418945312500e+00) (17, 3.06261807680130004883e-01) 
