FANN_FLO_2.1
num_layers=4
learning_rate=0.400000
connection_rate=1.000000
network_type=0
learning_momentum=0.000000
training_algorithm=2
train_error_function=1
train_stop_function=0
cascade_output_change_fraction=0.010000
quickprop_decay=-0.000100
quickprop_mu=1.750000
rprop_increase_factor=1.200000
rprop_decrease_factor=0.500000
rprop_delta_min=0.000000
rprop_delta_max=50.000000
rprop_delta_zero=0.100000
cascade_output_stagnation_epochs=12
cascade_candidate_change_fraction=0.010000
cascade_candidate_stagnation_epochs=12
cascade_max_out_epochs=150
cascade_min_out_epochs=50
cascade_max_cand_epochs=150
cascade_min_cand_epochs=50
cascade_num_candidate_groups=2
bit_fail_limit=3.49999994039535522461e-01
cascade_candidate_limit=1.00000000000000000000e+03
cascade_weight_multiplier=4.00000005960464477539e-01
cascade_activation_functions_count=10
cascade_activation_functions=3 5 7 8 10 11 14 15 16 17 
cascade_activation_steepnesses_count=4
cascade_activation_steepnesses=2.50000000000000000000e-01 5.00000000000000000000e-01 7.50000000000000000000e-01 1.00000000000000000000e+00 
layer_sizes=7 3 3 2 
scale_included=0
neurons (num_inputs, activation_function, activation_steepness)=(0, 0, 0.00000000000000000000e+00) (0, 0, 0.00000000000000000000e+00) (0, 0, 0.00000000000000000000e+00) (0, 0, 0.00000000000000000000e+00) (0, 0, 0.00000000000000000000e+00) (0, 0, 0.00000000000000000000e+00) (0, 0, 0.00000000000000000000e+00) (7, 3, 5.00000000000000000000e-01) (7, 3, 5.00000000000000000000e-01) (0, 3, 0.00000000000000000000e+00) (3, 3, 5.00000000000000000000e-01) (3, 3, 5.00000000000000000000e-01) (0, 3, 0.00000000000000000000e+00) (3, 3, 5.00000000000000000000e-01) (0, 3, 0.00000000000000000000e+00) 
connections (connected_to_neuron, weight)=(0, -2.13049864768981933594e+00) (1, -7.97685801982879638672e-01) (2, 1.34350943565368652344e+00) (3, -5.58149147033691406250e+00) (4, -1.24781179428100585938e+00) (5, 1.80457258224487304688e+00) (6, 2.68009805679321289062e+00) (0, 4.30491523742675781250e+01) (1, -4.44459609985351562500e+01) (2, 6.33477020263671875000e+01) (3, -2.70574760437011718750e+01) (4, -1.39172160625457763672e+00) (5, 2.36316738128662109375e+01) (6, 2.02737069129943847656e+00) (7, 9.34139633178710937500e+01) (8, -5.12546501159667968750e+01) (9, -3.32774567604064941406e+00) (7, 1.38368587493896484375e+01) (8, 1.01327383518218994141e+00) (9, -3.18488574028015136719e+00) (10, -1.21088993549346923828e+00) (11, -1.75282239913940429688e+00) (12, -9.09364998340606689453e-01) 
