FANN_FLO_2.1
num_layers=3
learning_rate=0.500000
connection_rate=1.000000
network_type=0
learning_momentum=0.000000
training_algorithm=2
train_error_function=1
train_stop_function=0
cascade_output_change_fraction=0.010000
quickprop_decay=-0.000100
quickprop_mu=1.750000
rprop_increase_factor=1.200000
rprop_decrease_factor=0.500000
rprop_delta_min=0.000000
rprop_delta_max=50.000000
rprop_delta_zero=0.100000
cascade_output_stagnation_epochs=12
cascade_candidate_change_fraction=0.010000
cascade_candidate_stagnation_epochs=12
cascade_max_out_epochs=150
cascade_min_out_epochs=50
cascade_max_cand_epochs=150
cascade_min_cand_epochs=50
cascade_num_candidate_groups=2
bit_fail_limit=3.49999994039535522461e-01
cascade_candidate_limit=1.00000000000000000000e+03
cascade_weight_multiplier=4.00000005960464477539e-01
cascade_activation_functions_count=10
cascade_activation_functions=3 5 7 8 10 11 14 15 16 17 
cascade_activation_steepnesses_count=4
cascade_activation_steepnesses=2.50000000000000000000e-01 5.00000000000000000000e-01 7.50000000000000000000e-01 1.00000000000000000000e+00 
layer_sizes=10 3 2 
scale_included=0
neurons (num_inputs, activation_function, activation_steepness)=(0, 0, 0.00000000000000000000e+00) (0, 0, 0.00000000000000000000e+00) (0, 0, 0.00000000000000000000e+00) (0, 0, 0.00000000000000000000e+00) (0, 0, 0.00000000000000000000e+00) (0, 0, 0.00000000000000000000e+00) (0, 0, 0.00000000000000000000e+00) (0, 0, 0.00000000000000000000e+00) (0, 0, 0.00000000000000000000e+00) (0, 0, 0.00000000000000000000e+00) (10, 3, 5.00000000000000000000e-01) (10, 3, 5.00000000000000000000e-01) (0, 3, 0.00000000000000000000e+00) (3, 3, 5.00000000000000000000e-01) (0, 3, 0.00000000000000000000e+00) 
connections (connected_to_neuron, weight)=(0, -8.05751609802246093750e+00) (1, -7.23214769363403320312e+00) (2, -6.61008691787719726562e+00) (3, -1.08646035194396972656e+00) (4, 8.80385637283325195312e-01) (5, -2.35267937183380126953e-01) (6, 7.66099977493286132812e+00) (7, -2.41083192825317382812e+00) (8, 3.73133063316345214844e+00) (9, 3.34697318077087402344e+00) (0, 8.96233141422271728516e-01) (1, -2.91388082504272460938e+00) (2, 1.80874669551849365234e+00) (3, 7.84027099609375000000e+00) (4, 2.32002663612365722656e+00) (5, -9.94710743427276611328e-01) (6, -1.38877296447753906250e+00) (7, 3.38665103912353515625e+00) (8, 8.71643447875976562500e+00) (9, -1.13902463912963867188e+01) (10, -1.00425491333007812500e+01) (11, -6.65133237838745117188e+00) (12, 1.18173944950103759766e+00) 
