FANN_FLO_2.1
num_layers=3
learning_rate=0.400000
connection_rate=1.000000
network_type=0
learning_momentum=0.000000
training_algorithm=2
train_error_function=1
train_stop_function=0
cascade_output_change_fraction=0.010000
quickprop_decay=-0.000100
quickprop_mu=1.750000
rprop_increase_factor=1.200000
rprop_decrease_factor=0.500000
rprop_delta_min=0.000000
rprop_delta_max=50.000000
rprop_delta_zero=0.100000
cascade_output_stagnation_epochs=12
cascade_candidate_change_fraction=0.010000
cascade_candidate_stagnation_epochs=12
cascade_max_out_epochs=150
cascade_min_out_epochs=50
cascade_max_cand_epochs=150
cascade_min_cand_epochs=50
cascade_num_candidate_groups=2
bit_fail_limit=3.49999994039535522461e-01
cascade_candidate_limit=1.00000000000000000000e+03
cascade_weight_multiplier=4.00000005960464477539e-01
cascade_activation_functions_count=10
cascade_activation_functions=3 5 7 8 10 11 14 15 16 17 
cascade_activation_steepnesses_count=4
cascade_activation_steepnesses=2.50000000000000000000e-01 5.00000000000000000000e-01 7.50000000000000000000e-01 1.00000000000000000000e+00 
layer_sizes=7 5 2 
scale_included=0
neurons (num_inputs, activation_function, activation_steepness)=(0, 0, 0.00000000000000000000e+00) (0, 0, 0.00000000000000000000e+00) (0, 0, 0.00000000000000000000e+00) (0, 0, 0.00000000000000000000e+00) (0, 0, 0.00000000000000000000e+00) (0, 0, 0.00000000000000000000e+00) (0, 0, 0.00000000000000000000e+00) (7, 3, 5.00000000000000000000e-01) (7, 3, 5.00000000000000000000e-01) (7, 3, 5.00000000000000000000e-01) (7, 3, 5.00000000000000000000e-01) (0, 3, 0.00000000000000000000e+00) (5, 3, 5.00000000000000000000e-01) (0, 3, 0.00000000000000000000e+00) 
connections (connected_to_neuron, weight)=(0, -6.24708700180053710938e+00) (1, 5.39291381835937500000e+00) (2, -7.88021162152290344238e-02) (3, -1.71123015880584716797e+00) (4, -9.57753181457519531250e-01) (5, -1.50000000000000000000e+03) (6, 1.32994771003723144531e-01) (0, 1.11724786758422851562e+01) (1, -1.26913356781005859375e+01) (2, -6.62132084369659423828e-01) (3, -2.43112659454345703125e+00) (4, -5.24940550327301025391e-01) (5, 6.31036520004272460938e+00) (6, -5.16916322708129882812e+00) (0, -6.10230445861816406250e+00) (1, 1.39345753192901611328e+00) (2, -3.17367687225341796875e+01) (3, 8.00163149833679199219e-01) (4, 9.92079317569732666016e-01) (5, 4.08964967727661132812e+00) (6, 4.03010892868041992188e+00) (0, 4.78476770222187042236e-02) (1, -1.43853917717933654785e-01) (2, 1.59316854476928710938e+01) (3, -3.55466747283935546875e+00) (4, -5.36516070365905761719e-01) (5, 4.59519654512405395508e-01) (6, 1.01430237293243408203e+00) (7, -9.10099792480468750000e+00) (8, -5.13639593124389648438e+00) (9, -1.03073322772979736328e+00) (10, -1.01542496681213378906e+00) (11, 1.16056464612483978271e-01) 
