FANN_FLO_2.1
num_layers=4
learning_rate=0.400000
connection_rate=1.000000
network_type=0
learning_momentum=0.000000
training_algorithm=2
train_error_function=1
train_stop_function=0
cascade_output_change_fraction=0.010000
quickprop_decay=-0.000100
quickprop_mu=1.750000
rprop_increase_factor=1.200000
rprop_decrease_factor=0.500000
rprop_delta_min=0.000000
rprop_delta_max=50.000000
rprop_delta_zero=0.100000
cascade_output_stagnation_epochs=12
cascade_candidate_change_fraction=0.010000
cascade_candidate_stagnation_epochs=12
cascade_max_out_epochs=150
cascade_min_out_epochs=50
cascade_max_cand_epochs=150
cascade_min_cand_epochs=50
cascade_num_candidate_groups=2
bit_fail_limit=3.49999994039535522461e-01
cascade_candidate_limit=1.00000000000000000000e+03
cascade_weight_multiplier=4.00000005960464477539e-01
cascade_activation_functions_count=10
cascade_activation_functions=3 5 7 8 10 11 14 15 16 17 
cascade_activation_steepnesses_count=4
cascade_activation_steepnesses=2.50000000000000000000e-01 5.00000000000000000000e-01 7.50000000000000000000e-01 1.00000000000000000000e+00 
layer_sizes=7 5 5 2 
scale_included=0
neurons (num_inputs, activation_function, activation_steepness)=(0, 0, 0.00000000000000000000e+00) (0, 0, 0.00000000000000000000e+00) (0, 0, 0.00000000000000000000e+00) (0, 0, 0.00000000000000000000e+00) (0, 0, 0.00000000000000000000e+00) (0, 0, 0.00000000000000000000e+00) (0, 0, 0.00000000000000000000e+00) (7, 3, 5.00000000000000000000e-01) (7, 3, 5.00000000000000000000e-01) (7, 3, 5.00000000000000000000e-01) (7, 3, 5.00000000000000000000e-01) (0, 3, 0.00000000000000000000e+00) (5, 3, 5.00000000000000000000e-01) (5, 3, 5.00000000000000000000e-01) (5, 3, 5.00000000000000000000e-01) (5, 3, 5.00000000000000000000e-01) (0, 3, 0.00000000000000000000e+00) (5, 3, 5.00000000000000000000e-01) (0, 3, 0.00000000000000000000e+00) 
connections (connected_to_neuron, weight)=(0, 8.50306129455566406250e+00) (1, 1.36234369277954101562e+01) (2, -1.47197351074218750000e+03) (3, -2.84654052734375000000e+02) (4, 2.30273880004882812500e+02) (5, 4.02144660949707031250e+01) (6, 1.40388894081115722656e+00) (0, -9.33635864257812500000e+01) (1, -3.64963645935058593750e+01) (2, -1.50000000000000000000e+03) (3, -1.50000000000000000000e+03) (4, -3.44091057777404785156e+00) (5, -1.22027038574218750000e+03) (6, -1.93066802978515625000e+02) (0, -2.60426592826843261719e+00) (1, -8.32223892211914062500e+00) (2, -1.35949745178222656250e+01) (3, -7.07917153835296630859e-01) (4, -2.25690260529518127441e-01) (5, -2.49493980407714843750e+00) (6, 8.97946166992187500000e+00) (0, -3.72731328010559082031e+00) (1, 3.96563863754272460938e+00) (2, -2.59563279151916503906e+00) (3, -4.43072366714477539062e+00) (4, -1.65304362773895263672e+00) (5, 1.47989833354949951172e+00) (6, 2.59787225723266601562e+00) (7, -7.76414945721626281738e-02) (8, 1.50000000000000000000e+03) (9, -1.41453523635864257812e+01) (10, 7.76666498184204101562e+00) (11, -2.41506743431091308594e+00) (7, -7.85089416503906250000e+02) (8, 1.50000000000000000000e+03) (9, 1.47399938964843750000e+03) (10, 1.43759033203125000000e+03) (11, 1.13464391231536865234e+00) (7, 5.90569190680980682373e-02) (8, 1.50000000000000000000e+03) (9, 2.16769957542419433594e+00) (10, 2.40778756141662597656e+00) (11, -3.22524809837341308594e+00) (7, -6.08510856628417968750e+01) (8, 1.50000000000000000000e+03) (9, 1.47136108398437500000e+03) (10, -2.32606363296508789062e+00) (11, -1.81864681243896484375e+01) (12, -1.73178362846374511719e+00) (13, -7.90928974747657775879e-02) (14, -3.77010321617126464844e+00) (15, -1.11576497554779052734e+00) (16, 2.51651823520660400391e-01) 
