FANN_FLO_2.1
num_layers=4
learning_rate=0.400000
connection_rate=1.000000
network_type=0
learning_momentum=0.000000
training_algorithm=2
train_error_function=1
train_stop_function=0
cascade_output_change_fraction=0.010000
quickprop_decay=-0.000100
quickprop_mu=1.750000
rprop_increase_factor=1.200000
rprop_decrease_factor=0.500000
rprop_delta_min=0.000000
rprop_delta_max=50.000000
rprop_delta_zero=0.100000
cascade_output_stagnation_epochs=12
cascade_candidate_change_fraction=0.010000
cascade_candidate_stagnation_epochs=12
cascade_max_out_epochs=150
cascade_min_out_epochs=50
cascade_max_cand_epochs=150
cascade_min_cand_epochs=50
cascade_num_candidate_groups=2
bit_fail_limit=3.49999994039535522461e-01
cascade_candidate_limit=1.00000000000000000000e+03
cascade_weight_multiplier=4.00000005960464477539e-01
cascade_activation_functions_count=10
cascade_activation_functions=3 5 7 8 10 11 14 15 16 17 
cascade_activation_steepnesses_count=4
cascade_activation_steepnesses=2.50000000000000000000e-01 5.00000000000000000000e-01 7.50000000000000000000e-01 1.00000000000000000000e+00 
layer_sizes=7 5 5 2 
scale_included=0
neurons (num_inputs, activation_function, activation_steepness)=(0, 0, 0.00000000000000000000e+00) (0, 0, 0.00000000000000000000e+00) (0, 0, 0.00000000000000000000e+00) (0, 0, 0.00000000000000000000e+00) (0, 0, 0.00000000000000000000e+00) (0, 0, 0.00000000000000000000e+00) (0, 0, 0.00000000000000000000e+00) (7, 3, 5.00000000000000000000e-01) (7, 3, 5.00000000000000000000e-01) (7, 3, 5.00000000000000000000e-01) (7, 3, 5.00000000000000000000e-01) (0, 3, 0.00000000000000000000e+00) (5, 3, 5.00000000000000000000e-01) (5, 3, 5.00000000000000000000e-01) (5, 3, 5.00000000000000000000e-01) (5, 3, 5.00000000000000000000e-01) (0, 3, 0.00000000000000000000e+00) (5, 3, 5.00000000000000000000e-01) (0, 3, 0.00000000000000000000e+00) 
connections (connected_to_neuron, weight)=(0, 1.44830255508422851562e+01) (1, 6.59666121006011962891e-01) (2, -1.49949853515625000000e+03) (3, -1.09585083007812500000e+03) (4, 6.05284667968750000000e+02) (5, 1.50000000000000000000e+03) (6, 1.74741446971893310547e+00) (0, -5.26606273651123046875e+00) (1, -3.64381372928619384766e-02) (2, -1.84902038574218750000e+01) (3, -3.94810938835144042969e+00) (4, -6.36286735534667968750e+00) (5, -1.60916435718536376953e+00) (6, 9.05837249755859375000e+00) (0, 8.44013118743896484375e+00) (1, -4.80665588378906250000e+00) (2, -1.73965377807617187500e+01) (3, -4.93263511657714843750e+01) (4, 7.81001186370849609375e+00) (5, -1.49216943359375000000e+03) (6, 6.17105722427368164062e+00) (0, -3.81430983543395996094e+00) (1, -7.89246320724487304688e-01) (2, 3.00229740142822265625e+01) (3, -2.46533870697021484375e+01) (4, 3.55696034431457519531e+00) (5, -1.21342730522155761719e+00) (6, 6.29276371002197265625e+00) (7, -1.51211853027343750000e+02) (8, 1.50000000000000000000e+03) (9, 1.50000000000000000000e+03) (10, 1.50000000000000000000e+03) (11, 7.90377502441406250000e+01) (7, -2.81101818084716796875e+01) (8, 1.64955635070800781250e+01) (9, -1.45018249511718750000e+03) (10, 1.49922985839843750000e+03) (11, -1.63915576934814453125e+01) (7, -6.91351013183593750000e+02) (8, 1.50000000000000000000e+03) (9, -8.17433532714843750000e+02) (10, 1.50000000000000000000e+03) (11, 2.64262890815734863281e+00) (7, 2.70701718330383300781e+00) (8, 4.28878355026245117188e+00) (9, -4.04059219360351562500e+00) (10, 4.63584375381469726562e+00) (11, -2.65107417106628417969e+00) (12, -1.68122455477714538574e-01) (13, -3.27123045921325683594e-01) (14, -4.64331567287445068359e-01) (15, -1.47922396659851074219e+00) (16, -9.91134643554687500000e-01) 
