FANN_FLO_2.1
num_layers=4
learning_rate=0.500000
connection_rate=1.000000
network_type=0
learning_momentum=0.000000
training_algorithm=2
train_error_function=1
train_stop_function=0
cascade_output_change_fraction=0.010000
quickprop_decay=-0.000100
quickprop_mu=1.750000
rprop_increase_factor=1.200000
rprop_decrease_factor=0.500000
rprop_delta_min=0.000000
rprop_delta_max=50.000000
rprop_delta_zero=0.100000
cascade_output_stagnation_epochs=12
cascade_candidate_change_fraction=0.010000
cascade_candidate_stagnation_epochs=12
cascade_max_out_epochs=150
cascade_min_out_epochs=50
cascade_max_cand_epochs=150
cascade_min_cand_epochs=50
cascade_num_candidate_groups=2
bit_fail_limit=3.49999994039535522461e-01
cascade_candidate_limit=1.00000000000000000000e+03
cascade_weight_multiplier=4.00000005960464477539e-01
cascade_activation_functions_count=10
cascade_activation_functions=3 5 7 8 10 11 14 15 16 17 
cascade_activation_steepnesses_count=4
cascade_activation_steepnesses=2.50000000000000000000e-01 5.00000000000000000000e-01 7.50000000000000000000e-01 1.00000000000000000000e+00 
layer_sizes=2 5 3 3 
scale_included=0
neurons (num_inputs, activation_function, activation_steepness)=(0, 0, 0.00000000000000000000e+00) (0, 0, 0.00000000000000000000e+00) (2, 3, 5.00000000000000000000e-01) (2, 3, 5.00000000000000000000e-01) (2, 3, 5.00000000000000000000e-01) (2, 3, 5.00000000000000000000e-01) (0, 3, 0.00000000000000000000e+00) (5, 3, 5.00000000000000000000e-01) (5, 3, 5.00000000000000000000e-01) (0, 3, 0.00000000000000000000e+00) (3, 0, 5.00000000000000000000e-01) (3, 0, 5.00000000000000000000e-01) (0, 0, 0.00000000000000000000e+00) 
connections (connected_to_neuron, weight)=(0, -7.30167617797851562500e+01) (1, 1.57998380661010742188e+01) (0, -1.55133850097656250000e+02) (1, 8.33977222442626953125e+00) (0, -1.03334045410156250000e+01) (1, 1.68544566631317138672e+00) (0, -4.57937660217285156250e+01) (1, 1.01284484863281250000e+01) (2, -3.53248672485351562500e+01) (3, 5.09412765502929687500e+01) (4, -1.32968215942382812500e+01) (5, -6.91557598114013671875e+00) (6, 2.86747455596923828125e-01) (2, 1.27383470535278320312e+00) (3, -5.20482599735260009766e-01) (4, -4.52114391326904296875e+00) (5, -1.43565380573272705078e+00) (6, 2.05858993530273437500e+00) (7, 5.10979509353637695312e+00) (8, -2.82187652587890625000e+00) (9, -3.00940275192260742188e-01) (7, -2.65218019485473632812e+00) (8, -3.96995902061462402344e+00) (9, 2.59532523155212402344e+00) 
