FANN_FLO_2.1
num_layers=3
learning_rate=0.400000
connection_rate=1.000000
network_type=0
learning_momentum=0.000000
training_algorithm=2
train_error_function=1
train_stop_function=0
cascade_output_change_fraction=0.010000
quickprop_decay=-0.000100
quickprop_mu=1.750000
rprop_increase_factor=1.200000
rprop_decrease_factor=0.500000
rprop_delta_min=0.000000
rprop_delta_max=50.000000
rprop_delta_zero=0.100000
cascade_output_stagnation_epochs=12
cascade_candidate_change_fraction=0.010000
cascade_candidate_stagnation_epochs=12
cascade_max_out_epochs=150
cascade_min_out_epochs=50
cascade_max_cand_epochs=150
cascade_min_cand_epochs=50
cascade_num_candidate_groups=2
bit_fail_limit=3.49999994039535522461e-01
cascade_candidate_limit=1.00000000000000000000e+03
cascade_weight_multiplier=4.00000005960464477539e-01
cascade_activation_functions_count=10
cascade_activation_functions=3 5 7 8 10 11 14 15 16 17 
cascade_activation_steepnesses_count=4
cascade_activation_steepnesses=2.50000000000000000000e-01 5.00000000000000000000e-01 7.50000000000000000000e-01 1.00000000000000000000e+00 
layer_sizes=7 9 2 
scale_included=0
neurons (num_inputs, activation_function, activation_steepness)=(0, 0, 0.00000000000000000000e+00) (0, 0, 0.00000000000000000000e+00) (0, 0, 0.00000000000000000000e+00) (0, 0, 0.00000000000000000000e+00) (0, 0, 0.00000000000000000000e+00) (0, 0, 0.00000000000000000000e+00) (0, 0, 0.00000000000000000000e+00) (7, 3, 5.00000000000000000000e-01) (7, 3, 5.00000000000000000000e-01) (7, 3, 5.00000000000000000000e-01) (7, 3, 5.00000000000000000000e-01) (7, 3, 5.00000000000000000000e-01) (7, 3, 5.00000000000000000000e-01) (7, 3, 5.00000000000000000000e-01) (7, 3, 5.00000000000000000000e-01) (0, 3, 0.00000000000000000000e+00) (9, 3, 5.00000000000000000000e-01) (0, 3, 0.00000000000000000000e+00) 
connections (connected_to_neuron, weight)=(0, -2.77688312530517578125e+00) (1, 2.45607352256774902344e+00) (2, 7.35735082626342773438e+00) (3, -3.92601490020751953125e+00) (4, -5.30325937271118164062e+00) (5, 5.49947786331176757812e+00) (6, 3.86691427230834960938e+00) (0, -8.57548904418945312500e+00) (1, -9.68511486053466796875e+00) (2, 1.01429824829101562500e+01) (3, -1.72584342956542968750e+01) (4, 4.27280998229980468750e+00) (5, 1.48100185394287109375e+01) (6, 3.08846235275268554688e+00) (0, -6.15315485000610351562e+00) (1, -2.61866188049316406250e+00) (2, 3.76396894454956054688e+00) (3, -5.73868131637573242188e+00) (4, -2.35626626014709472656e+00) (5, 2.54495620727539062500e-01) (6, 1.15658340454101562500e+01) (0, -1.44570426940917968750e+01) (1, 1.46989107131958007812e+01) (2, -2.37618970870971679688e+00) (3, -8.59887599945068359375e+00) (4, -9.10649359226226806641e-01) (5, 6.60306406021118164062e+00) (6, 1.01539623737335205078e+00) (0, 1.02004041671752929688e+01) (1, -1.08922166824340820312e+01) (2, 5.79642009735107421875e+00) (3, -1.34700298309326171875e+00) (4, -5.78462302684783935547e-01) (5, 2.95874118804931640625e+00) (6, -3.07307815551757812500e+00) (0, -2.34166741371154785156e+00) (1, -2.71247696876525878906e+00) (2, 3.54351592063903808594e+00) (3, -1.02080812454223632812e+01) (4, -4.04088497161865234375e+00) (5, 2.33614727854728698730e-01) (6, 1.16129751205444335938e+01) (0, -5.52476119995117187500e+00) (1, 4.86961650848388671875e+00) (2, -2.83877921104431152344e+00) (3, -3.71212869882583618164e-01) (4, -3.99444758892059326172e-01) (5, -1.32174365234375000000e+03) (6, 2.13355690240859985352e-01) (0, -6.36930561065673828125e+00) (1, -2.50993227958679199219e+00) (2, 2.36352682113647460938e+00) (3, -6.68214178085327148438e+00) (4, -1.94311869144439697266e+00) (5, 2.95675039291381835938e-01) (6, 1.16683921813964843750e+01) (7, -4.55303452908992767334e-02) (8, -1.60273402929306030273e-01) (9, -3.47881644964218139648e-01) (10, -1.22453534603118896484e+00) (11, -5.14435291290283203125e+00) (12, -2.43896335363388061523e-01) (13, -6.29632139205932617188e+00) (14, -5.33205121755599975586e-02) (15, 3.81948262453079223633e-01) 
