FANN_FLO_2.1
num_layers=4
learning_rate=0.500000
connection_rate=1.000000
network_type=0
learning_momentum=0.000000
training_algorithm=2
train_error_function=1
train_stop_function=0
cascade_output_change_fraction=0.010000
quickprop_decay=-0.000100
quickprop_mu=1.750000
rprop_increase_factor=1.200000
rprop_decrease_factor=0.500000
rprop_delta_min=0.000000
rprop_delta_max=50.000000
rprop_delta_zero=0.100000
cascade_output_stagnation_epochs=12
cascade_candidate_change_fraction=0.010000
cascade_candidate_stagnation_epochs=12
cascade_max_out_epochs=150
cascade_min_out_epochs=50
cascade_max_cand_epochs=150
cascade_min_cand_epochs=50
cascade_num_candidate_groups=2
bit_fail_limit=3.49999994039535522461e-01
cascade_candidate_limit=1.00000000000000000000e+03
cascade_weight_multiplier=4.00000005960464477539e-01
cascade_activation_functions_count=10
cascade_activation_functions=3 5 7 8 10 11 14 15 16 17 
cascade_activation_steepnesses_count=4
cascade_activation_steepnesses=2.50000000000000000000e-01 5.00000000000000000000e-01 7.50000000000000000000e-01 1.00000000000000000000e+00 
layer_sizes=10 3 3 2 
scale_included=0
neurons (num_inputs, activation_function, activation_steepness)=(0, 0, 0.00000000000000000000e+00) (0, 0, 0.00000000000000000000e+00) (0, 0, 0.00000000000000000000e+00) (0, 0, 0.00000000000000000000e+00) (0, 0, 0.00000000000000000000e+00) (0, 0, 0.00000000000000000000e+00) (0, 0, 0.00000000000000000000e+00) (0, 0, 0.00000000000000000000e+00) (0, 0, 0.00000000000000000000e+00) (0, 0, 0.00000000000000000000e+00) (10, 3, 5.00000000000000000000e-01) (10, 3, 5.00000000000000000000e-01) (0, 3, 0.00000000000000000000e+00) (3, 3, 5.00000000000000000000e-01) (3, 3, 5.00000000000000000000e-01) (0, 3, 0.00000000000000000000e+00) (3, 3, 5.00000000000000000000e-01) (0, 3, 0.00000000000000000000e+00) 
connections (connected_to_neuron, weight)=(0, -2.63951396942138671875e+01) (1, 3.57001209259033203125e+00) (2, 2.75803256034851074219e+00) (3, 1.80819487571716308594e+00) (4, 6.42838907241821289062e+00) (5, -1.56124315261840820312e+01) (6, 1.70102977752685546875e+01) (7, -2.79272019863128662109e-01) (8, 1.97101745605468750000e+01) (9, -5.28676223754882812500e+00) (0, 8.49954700469970703125e+00) (1, 3.10151481628417968750e+00) (2, 4.26910972595214843750e+00) (3, 1.60164105892181396484e+00) (4, 4.12954950332641601562e+00) (5, -7.53659439086914062500e+00) (6, -1.41360197067260742188e+01) (7, -1.04775838851928710938e+01) (8, -3.13554143905639648438e+00) (9, 1.20611155033111572266e+00) (10, 1.65346813201904296875e+01) (11, 5.10084991455078125000e+01) (12, -6.12979841232299804688e+00) (10, 1.85572586059570312500e+01) (11, 1.41612377166748046875e+01) (12, -6.28221035003662109375e+00) (13, 1.62932634353637695312e+00) (14, 1.64752793312072753906e+00) (15, -2.40387654304504394531e+00) 
