FANN_FLO_2.1
num_layers=3
learning_rate=0.400000
connection_rate=1.000000
network_type=0
learning_momentum=0.000000
training_algorithm=2
train_error_function=1
train_stop_function=0
cascade_output_change_fraction=0.010000
quickprop_decay=-0.000100
quickprop_mu=1.750000
rprop_increase_factor=1.200000
rprop_decrease_factor=0.500000
rprop_delta_min=0.000000
rprop_delta_max=50.000000
rprop_delta_zero=0.100000
cascade_output_stagnation_epochs=12
cascade_candidate_change_fraction=0.010000
cascade_candidate_stagnation_epochs=12
cascade_max_out_epochs=150
cascade_min_out_epochs=50
cascade_max_cand_epochs=150
cascade_min_cand_epochs=50
cascade_num_candidate_groups=2
bit_fail_limit=3.49999994039535522461e-01
cascade_candidate_limit=1.00000000000000000000e+03
cascade_weight_multiplier=4.00000005960464477539e-01
cascade_activation_functions_count=10
cascade_activation_functions=3 5 7 8 10 11 14 15 16 17 
cascade_activation_steepnesses_count=4
cascade_activation_steepnesses=2.50000000000000000000e-01 5.00000000000000000000e-01 7.50000000000000000000e-01 1.00000000000000000000e+00 
layer_sizes=19 3 3 
scale_included=0
neurons (num_inputs, activation_function, activation_steepness)=(0, 0, 0.00000000000000000000e+00) (0, 0, 0.00000000000000000000e+00) (0, 0, 0.00000000000000000000e+00) (0, 0, 0.00000000000000000000e+00) (0, 0, 0.00000000000000000000e+00) (0, 0, 0.00000000000000000000e+00) (0, 0, 0.00000000000000000000e+00) (0, 0, 0.00000000000000000000e+00) (0, 0, 0.00000000000000000000e+00) (0, 0, 0.00000000000000000000e+00) (0, 0, 0.00000000000000000000e+00) (0, 0, 0.00000000000000000000e+00) (0, 0, 0.00000000000000000000e+00) (0, 0, 0.00000000000000000000e+00) (0, 0, 0.00000000000000000000e+00) (0, 0, 0.00000000000000000000e+00) (0, 0, 0.00000000000000000000e+00) (0, 0, 0.00000000000000000000e+00) (0, 0, 0.00000000000000000000e+00) (19, 3, 5.00000000000000000000e-01) (19, 3, 5.00000000000000000000e-01) (0, 3, 0.00000000000000000000e+00) (3, 3, 5.00000000000000000000e-01) (3, 3, 5.00000000000000000000e-01) (0, 3, 0.00000000000000000000e+00) 
connections (connected_to_neuron, weight)=(0, -4.85002088546752929688e+00) (1, 2.57918572425842285156e+00) (2, -2.35567498207092285156e+00) (3, -7.32593393325805664062e+00) (4, 1.13221144676208496094e+00) (5, 2.61189609766006469727e-01) (6, -4.31720733642578125000e+00) (7, 4.02201227843761444092e-02) (8, 1.71278131008148193359e+00) (9, 6.82890558242797851562e+00) (10, -3.45464563369750976562e+00) (11, 1.42534649372100830078e+00) (12, 5.11249780654907226562e+00) (13, -3.55796265602111816406e+00) (14, 1.49363207817077636719e+00) (15, 8.18793296813964843750e+00) (16, -2.48396325111389160156e+00) (17, 2.13597655296325683594e+00) (18, -5.58525991439819335938e+00) (0, 1.02142925262451171875e+01) (1, -4.68017578125000000000e+00) (2, -2.71388828754425048828e-01) (3, 7.26161909103393554688e+00) (4, -5.69045734405517578125e+00) (5, -1.69823512434959411621e-01) (6, 7.67430639266967773438e+00) (7, -3.07065916061401367188e+00) (8, -1.77509427070617675781e-01) (9, -1.12476568222045898438e+01) (10, 7.86247682571411132812e+00) (11, -4.35788202285766601562e+00) (12, -8.11432170867919921875e+00) (13, 3.26171445846557617188e+00) (14, 1.31220841407775878906e+00) (15, -6.48076725006103515625e+00) (16, 2.87478661537170410156e+00) (17, -1.49488583207130432129e-01) (18, -2.56943726539611816406e+00) (19, -1.44233036041259765625e+00) (20, -1.13240396976470947266e+00) (21, 7.81243741512298583984e-02) (19, 1.44314968585968017578e+00) (20, 1.13133156299591064453e+00) (21, -7.71663412451744079590e-02) 
