FANN_FLO_2.1
num_layers=3
learning_rate=0.400000
connection_rate=1.000000
network_type=0
learning_momentum=0.000000
training_algorithm=2
train_error_function=1
train_stop_function=0
cascade_output_change_fraction=0.010000
quickprop_decay=-0.000100
quickprop_mu=1.750000
rprop_increase_factor=1.200000
rprop_decrease_factor=0.500000
rprop_delta_min=0.000000
rprop_delta_max=50.000000
rprop_delta_zero=0.100000
cascade_output_stagnation_epochs=12
cascade_candidate_change_fraction=0.010000
cascade_candidate_stagnation_epochs=12
cascade_max_out_epochs=150
cascade_min_out_epochs=50
cascade_max_cand_epochs=150
cascade_min_cand_epochs=50
cascade_num_candidate_groups=2
bit_fail_limit=3.49999994039535522461e-01
cascade_candidate_limit=1.00000000000000000000e+03
cascade_weight_multiplier=4.00000005960464477539e-01
cascade_activation_functions_count=10
cascade_activation_functions=3 5 7 8 10 11 14 15 16 17 
cascade_activation_steepnesses_count=4
cascade_activation_steepnesses=2.50000000000000000000e-01 5.00000000000000000000e-01 7.50000000000000000000e-01 1.00000000000000000000e+00 
layer_sizes=7 5 2 
scale_included=0
neurons (num_inputs, activation_function, activation_steepness)=(0, 0, 0.00000000000000000000e+00) (0, 0, 0.00000000000000000000e+00) (0, 0, 0.00000000000000000000e+00) (0, 0, 0.00000000000000000000e+00) (0, 0, 0.00000000000000000000e+00) (0, 0, 0.00000000000000000000e+00) (0, 0, 0.00000000000000000000e+00) (7, 3, 5.00000000000000000000e-01) (7, 3, 5.00000000000000000000e-01) (7, 3, 5.00000000000000000000e-01) (7, 3, 5.00000000000000000000e-01) (0, 3, 0.00000000000000000000e+00) (5, 3, 5.00000000000000000000e-01) (0, 3, 0.00000000000000000000e+00) 
connections (connected_to_neuron, weight)=(0, -1.74102437496185302734e+00) (1, 5.97183883190155029297e-01) (2, -6.17992877960205078125e-01) (3, -1.65964567661285400391e+00) (4, -2.07803201675415039062e+00) (5, 5.47152757644653320312e-01) (6, 9.94659662246704101562e-01) (0, 9.58197593688964843750e-01) (1, 1.57512915134429931641e+00) (2, -3.94963836669921875000e+00) (3, -5.65096092224121093750e+00) (4, -4.48539352416992187500e+00) (5, 1.56670589447021484375e+01) (6, 6.20641112327575683594e-01) (0, -1.98677575588226318359e+00) (1, -1.88516545295715332031e+00) (2, -1.34173297882080078125e+00) (3, 2.10405111312866210938e+00) (4, -5.16136884689331054688e-01) (5, 7.11149787902832031250e+00) (6, -3.48437881469726562500e+00) (0, -4.69704246520996093750e+00) (1, -1.32887661457061767578e+00) (2, -3.86165666580200195312e+00) (3, 1.12187862396240234375e+00) (4, 1.71835553646087646484e+00) (5, 1.69438791275024414062e+00) (6, -1.50271606445312500000e+00) (7, -2.98269462585449218750e+00) (8, -2.85585594177246093750e+00) (9, 3.50125956535339355469e+00) (10, 4.96271848678588867188e+00) (11, 5.18110871315002441406e-01) 
