FANN_FLO_2.1
num_layers=4
learning_rate=0.400000
connection_rate=1.000000
network_type=0
learning_momentum=0.000000
training_algorithm=2
train_error_function=1
train_stop_function=0
cascade_output_change_fraction=0.010000
quickprop_decay=-0.000100
quickprop_mu=1.750000
rprop_increase_factor=1.200000
rprop_decrease_factor=0.500000
rprop_delta_min=0.000000
rprop_delta_max=50.000000
rprop_delta_zero=0.100000
cascade_output_stagnation_epochs=12
cascade_candidate_change_fraction=0.010000
cascade_candidate_stagnation_epochs=12
cascade_max_out_epochs=150
cascade_min_out_epochs=50
cascade_max_cand_epochs=150
cascade_min_cand_epochs=50
cascade_num_candidate_groups=2
bit_fail_limit=3.49999994039535522461e-01
cascade_candidate_limit=1.00000000000000000000e+03
cascade_weight_multiplier=4.00000005960464477539e-01
cascade_activation_functions_count=10
cascade_activation_functions=3 5 7 8 10 11 14 15 16 17 
cascade_activation_steepnesses_count=4
cascade_activation_steepnesses=2.50000000000000000000e-01 5.00000000000000000000e-01 7.50000000000000000000e-01 1.00000000000000000000e+00 
layer_sizes=7 3 3 2 
scale_included=0
neurons (num_inputs, activation_function, activation_steepness)=(0, 0, 0.00000000000000000000e+00) (0, 0, 0.00000000000000000000e+00) (0, 0, 0.00000000000000000000e+00) (0, 0, 0.00000000000000000000e+00) (0, 0, 0.00000000000000000000e+00) (0, 0, 0.00000000000000000000e+00) (0, 0, 0.00000000000000000000e+00) (7, 3, 5.00000000000000000000e-01) (7, 3, 5.00000000000000000000e-01) (0, 3, 0.00000000000000000000e+00) (3, 3, 5.00000000000000000000e-01) (3, 3, 5.00000000000000000000e-01) (0, 3, 0.00000000000000000000e+00) (3, 3, 5.00000000000000000000e-01) (0, 3, 0.00000000000000000000e+00) 
connections (connected_to_neuron, weight)=(0, 8.40913772583007812500e+00) (1, -9.12343025207519531250e+00) (2, 2.73530054092407226562e+00) (3, -2.65754604339599609375e+00) (4, -3.48266482353210449219e-01) (5, 6.02004051208496093750e+00) (6, -5.63649320602416992188e+00) (0, -7.64456367492675781250e+00) (1, 6.49308490753173828125e+00) (2, -1.63520944118499755859e+00) (3, -1.61365270614624023438e+00) (4, -9.21401679515838623047e-01) (5, -4.99343919754028320312e+00) (6, 5.64757704734802246094e-01) (7, 6.93827915191650390625e+00) (8, 7.55138969421386718750e+00) (9, -3.65549278259277343750e+00) (7, 3.71971473693847656250e+01) (8, 2.56304435729980468750e+01) (9, -2.29653286933898925781e+00) (10, -8.27971458435058593750e+00) (11, -1.17909729480743408203e+00) (12, -5.32260417938232421875e-01) 
