FANN_FLO_2.1
num_layers=3
learning_rate=0.400000
connection_rate=1.000000
network_type=0
learning_momentum=0.000000
training_algorithm=2
train_error_function=1
train_stop_function=0
cascade_output_change_fraction=0.010000
quickprop_decay=-0.000100
quickprop_mu=1.750000
rprop_increase_factor=1.200000
rprop_decrease_factor=0.500000
rprop_delta_min=0.000000
rprop_delta_max=50.000000
rprop_delta_zero=0.100000
cascade_output_stagnation_epochs=12
cascade_candidate_change_fraction=0.010000
cascade_candidate_stagnation_epochs=12
cascade_max_out_epochs=150
cascade_min_out_epochs=50
cascade_max_cand_epochs=150
cascade_min_cand_epochs=50
cascade_num_candidate_groups=2
bit_fail_limit=3.49999994039535522461e-01
cascade_candidate_limit=1.00000000000000000000e+03
cascade_weight_multiplier=4.00000005960464477539e-01
cascade_activation_functions_count=10
cascade_activation_functions=3 5 7 8 10 11 14 15 16 17 
cascade_activation_steepnesses_count=4
cascade_activation_steepnesses=2.50000000000000000000e-01 5.00000000000000000000e-01 7.50000000000000000000e-01 1.00000000000000000000e+00 
layer_sizes=7 9 2 
scale_included=0
neurons (num_inputs, activation_function, activation_steepness)=(0, 0, 0.00000000000000000000e+00) (0, 0, 0.00000000000000000000e+00) (0, 0, 0.00000000000000000000e+00) (0, 0, 0.00000000000000000000e+00) (0, 0, 0.00000000000000000000e+00) (0, 0, 0.00000000000000000000e+00) (0, 0, 0.00000000000000000000e+00) (7, 3, 5.00000000000000000000e-01) (7, 3, 5.00000000000000000000e-01) (7, 3, 5.00000000000000000000e-01) (7, 3, 5.00000000000000000000e-01) (7, 3, 5.00000000000000000000e-01) (7, 3, 5.00000000000000000000e-01) (7, 3, 5.00000000000000000000e-01) (7, 3, 5.00000000000000000000e-01) (0, 3, 0.00000000000000000000e+00) (9, 3, 5.00000000000000000000e-01) (0, 3, 0.00000000000000000000e+00) 
connections (connected_to_neuron, weight)=(0, -1.78486919403076171875e+00) (1, -3.50450778007507324219e+00) (2, -4.84247741699218750000e+01) (3, -9.53682804107666015625e+00) (4, -1.02644796371459960938e+01) (5, 1.42544174194335937500e+01) (6, 8.52639484405517578125e+00) (0, -1.35824813842773437500e+01) (1, -7.48651742935180664062e+00) (2, 2.94670143127441406250e+01) (3, 1.16346235275268554688e+01) (4, 2.19304060935974121094e+00) (5, 2.97761821746826171875e+00) (6, 6.67314648628234863281e-01) (0, 6.60529041290283203125e+00) (1, -7.18739557266235351562e+00) (2, 7.56481707096099853516e-01) (3, -1.79899823665618896484e+00) (4, 9.50646921992301940918e-02) (5, 6.19881391525268554688e+00) (6, -6.40733671188354492188e+00) (0, -3.88731741905212402344e+00) (1, 1.33776617050170898438e+00) (2, 2.06391716003417968750e+00) (3, 6.07602834701538085938e+00) (4, -2.01487255096435546875e+00) (5, 4.41255912780761718750e+01) (6, -1.77194106578826904297e+00) (0, 1.48554098606109619141e+00) (1, 6.45168542861938476562e-01) (2, 8.45134639739990234375e+00) (3, -1.06250846385955810547e+00) (4, -1.87597310543060302734e+00) (5, 4.62191313505172729492e-01) (6, 1.93938419222831726074e-01) (0, -9.03974437713623046875e+00) (1, 2.17694306373596191406e+00) (2, -3.22105741500854492188e+00) (3, -4.30286884307861328125e+00) (4, 4.00846815109252929688e+00) (5, 1.18427619934082031250e+01) (6, 1.56656754016876220703e+00) (0, -7.07195520401000976562e+00) (1, 6.05842065811157226562e+00) (2, -6.34689855575561523438e+00) (3, -2.20584607124328613281e+00) (4, -6.70563101768493652344e-01) (5, -5.69804716110229492188e+00) (6, 4.42704170942306518555e-01) (0, -2.49163970351219177246e-01) (1, 1.76815271377563476562e-01) (2, 9.01884365081787109375e+00) (3, 1.45015239715576171875e+00) (4, -1.75116004943847656250e+01) (5, 4.10783290863037109375e+00) (6, 2.16576790809631347656e+00) (7, 1.08654427528381347656e+00) (8, -6.04865849018096923828e-01) (9, -8.03072547912597656250e+00) (10, -3.35872381925582885742e-01) (11, -1.18252837657928466797e+00) (12, -3.65159511566162109375e-01) (13, -9.72705650329589843750e+00) (14, -3.11730474233627319336e-01) (15, -5.36218211054801940918e-02) 
