FANN_FLO_2.1
num_layers=4
learning_rate=0.500000
connection_rate=1.000000
network_type=0
learning_momentum=0.000000
training_algorithm=2
train_error_function=1
train_stop_function=0
cascade_output_change_fraction=0.010000
quickprop_decay=-0.000100
quickprop_mu=1.750000
rprop_increase_factor=1.200000
rprop_decrease_factor=0.500000
rprop_delta_min=0.000000
rprop_delta_max=50.000000
rprop_delta_zero=0.100000
cascade_output_stagnation_epochs=12
cascade_candidate_change_fraction=0.010000
cascade_candidate_stagnation_epochs=12
cascade_max_out_epochs=150
cascade_min_out_epochs=50
cascade_max_cand_epochs=150
cascade_min_cand_epochs=50
cascade_num_candidate_groups=2
bit_fail_limit=3.49999994039535522461e-01
cascade_candidate_limit=1.00000000000000000000e+03
cascade_weight_multiplier=4.00000005960464477539e-01
cascade_activation_functions_count=10
cascade_activation_functions=3 5 7 8 10 11 14 15 16 17 
cascade_activation_steepnesses_count=4
cascade_activation_steepnesses=2.50000000000000000000e-01 5.00000000000000000000e-01 7.50000000000000000000e-01 1.00000000000000000000e+00 
layer_sizes=10 5 3 2 
scale_included=0
neurons (num_inputs, activation_function, activation_steepness)=(0, 0, 0.00000000000000000000e+00) (0, 0, 0.00000000000000000000e+00) (0, 0, 0.00000000000000000000e+00) (0, 0, 0.00000000000000000000e+00) (0, 0, 0.00000000000000000000e+00) (0, 0, 0.00000000000000000000e+00) (0, 0, 0.00000000000000000000e+00) (0, 0, 0.00000000000000000000e+00) (0, 0, 0.00000000000000000000e+00) (0, 0, 0.00000000000000000000e+00) (10, 3, 5.00000000000000000000e-01) (10, 3, 5.00000000000000000000e-01) (10, 3, 5.00000000000000000000e-01) (10, 3, 5.00000000000000000000e-01) (0, 3, 0.00000000000000000000e+00) (5, 3, 5.00000000000000000000e-01) (5, 3, 5.00000000000000000000e-01) (0, 3, 0.00000000000000000000e+00) (3, 3, 5.00000000000000000000e-01) (0, 3, 0.00000000000000000000e+00) 
connections (connected_to_neuron, weight)=(0, 1.00723152160644531250e+02) (1, 1.07235862731933593750e+02) (2, 1.54807983398437500000e+02) (3, -5.82052841186523437500e+01) (4, 1.15191745758056640625e+01) (5, 1.70681178569793701172e+00) (6, -1.67434158325195312500e+01) (7, -6.74811458587646484375e+00) (8, -1.83560043334960937500e+02) (9, -1.14342063665390014648e-01) (0, -1.44683384895324707031e+00) (1, 2.85033702850341796875e+00) (2, -2.07974839210510253906e+00) (3, 4.35022449493408203125e+00) (4, -4.33085155487060546875e+00) (5, -3.94091874361038208008e-01) (6, 2.95986771583557128906e+00) (7, -5.09348094463348388672e-01) (8, -6.59641981124877929688e+00) (9, 1.32157921791076660156e+00) (0, -4.15030860900878906250e+00) (1, 3.27706909179687500000e+00) (2, 8.98977279663085937500e+00) (3, -1.14483022689819335938e+01) (4, -1.67034089565277099609e+00) (5, 1.66893100738525390625e+00) (6, -3.14157700538635253906e+00) (7, -8.89839828014373779297e-01) (8, 1.96782767772674560547e+00) (9, 9.43018436431884765625e-01) (0, 5.04042434692382812500e+00) (1, -9.47855091094970703125e+00) (2, 5.34972286224365234375e+00) (3, 1.20722067356109619141e+00) (4, -9.21121001243591308594e-01) (5, -2.51835370063781738281e+00) (6, -9.02505683898925781250e+00) (7, -6.03728294372558593750e-01) (8, -5.51745891571044921875e+00) (9, 2.42056250572204589844e+00) (10, -5.81734657287597656250e+00) (11, 1.32366018295288085938e+01) (12, 1.04775962829589843750e+01) (13, -1.72336444854736328125e+01) (14, 3.07149797677993774414e-01) (10, -8.34732723236083984375e+00) (11, 1.82098655700683593750e+01) (12, 1.28052654266357421875e+01) (13, -2.86197948455810546875e+01) (14, -1.32754400372505187988e-01) (15, 9.91500079631805419922e-01) (16, 1.56452667713165283203e+00) (17, -1.64269149303436279297e+00) 
