FANN_FLO_2.1
num_layers=4
learning_rate=0.400000
connection_rate=1.000000
network_type=0
learning_momentum=0.000000
training_algorithm=2
train_error_function=1
train_stop_function=0
cascade_output_change_fraction=0.010000
quickprop_decay=-0.000100
quickprop_mu=1.750000
rprop_increase_factor=1.200000
rprop_decrease_factor=0.500000
rprop_delta_min=0.000000
rprop_delta_max=50.000000
rprop_delta_zero=0.100000
cascade_output_stagnation_epochs=12
cascade_candidate_change_fraction=0.010000
cascade_candidate_stagnation_epochs=12
cascade_max_out_epochs=150
cascade_min_out_epochs=50
cascade_max_cand_epochs=150
cascade_min_cand_epochs=50
cascade_num_candidate_groups=2
bit_fail_limit=3.49999994039535522461e-01
cascade_candidate_limit=1.00000000000000000000e+03
cascade_weight_multiplier=4.00000005960464477539e-01
cascade_activation_functions_count=10
cascade_activation_functions=3 5 7 8 10 11 14 15 16 17 
cascade_activation_steepnesses_count=4
cascade_activation_steepnesses=2.50000000000000000000e-01 5.00000000000000000000e-01 7.50000000000000000000e-01 1.00000000000000000000e+00 
layer_sizes=7 5 5 2 
scale_included=0
neurons (num_inputs, activation_function, activation_steepness)=(0, 0, 0.00000000000000000000e+00) (0, 0, 0.00000000000000000000e+00) (0, 0, 0.00000000000000000000e+00) (0, 0, 0.00000000000000000000e+00) (0, 0, 0.00000000000000000000e+00) (0, 0, 0.00000000000000000000e+00) (0, 0, 0.00000000000000000000e+00) (7, 3, 5.00000000000000000000e-01) (7, 3, 5.00000000000000000000e-01) (7, 3, 5.00000000000000000000e-01) (7, 3, 5.00000000000000000000e-01) (0, 3, 0.00000000000000000000e+00) (5, 3, 5.00000000000000000000e-01) (5, 3, 5.00000000000000000000e-01) (5, 3, 5.00000000000000000000e-01) (5, 3, 5.00000000000000000000e-01) (0, 3, 0.00000000000000000000e+00) (5, 3, 5.00000000000000000000e-01) (0, 3, 0.00000000000000000000e+00) 
connections (connected_to_neuron, weight)=(0, 5.29059648513793945312e+00) (1, -8.02473068237304687500e+00) (2, -1.71531658172607421875e+01) (3, -2.80670108795166015625e+01) (4, 2.99335694313049316406e+00) (5, -1.88298952579498291016e+00) (6, 4.02092885971069335938e+00) (0, 4.03963899612426757812e+00) (1, -4.87238168716430664062e+00) (2, 5.23906612396240234375e+00) (3, 5.30227184295654296875e-01) (4, -8.78680586814880371094e-01) (5, 2.41205662488937377930e-01) (6, 6.72346726059913635254e-02) (0, 9.62181746959686279297e-01) (1, -9.94184851646423339844e-01) (2, -9.93555736541748046875e+00) (3, -7.67477607727050781250e+00) (4, 1.62437844276428222656e+00) (5, 6.06478881835937500000e+00) (6, -2.23338389396667480469e+00) (0, -6.11650037765502929688e+00) (1, 5.17750215530395507812e+00) (2, -2.31853199005126953125e+00) (3, -1.16347575187683105469e+00) (4, -5.30189752578735351562e-01) (5, -5.08159112930297851562e+00) (6, 7.73729979991912841797e-01) (7, -7.97574043273925781250e-01) (8, -2.23715398460626602173e-02) (9, 3.87150430679321289062e+00) (10, 6.37473535537719726562e+00) (11, -2.87116527557373046875e+00) (7, 1.41299629211425781250e+01) (8, 1.08483209609985351562e+01) (9, -2.19844031333923339844e+00) (10, 4.62765264511108398438e+00) (11, -3.77628207206726074219e+00) (7, -2.01732063293457031250e+00) (8, -1.06220579147338867188e+01) (9, 2.53755912780761718750e+01) (10, 1.17647600173950195312e+01) (11, -1.38821649551391601562e+00) (7, -1.69156146049499511719e+00) (8, 6.91993355751037597656e-01) (9, 3.61216139793395996094e+00) (10, 6.68172645568847656250e+00) (11, -2.96704459190368652344e+00) (12, -1.54962742328643798828e+00) (13, -2.89337587356567382812e+00) (14, -1.48503541946411132812e+00) (15, -1.94940936565399169922e+00) (16, 1.64282894134521484375e+00) 
