FANN_FLO_2.1
num_layers=4
learning_rate=0.500000
connection_rate=1.000000
network_type=0
learning_momentum=0.000000
training_algorithm=2
train_error_function=1
train_stop_function=0
cascade_output_change_fraction=0.010000
quickprop_decay=-0.000100
quickprop_mu=1.750000
rprop_increase_factor=1.200000
rprop_decrease_factor=0.500000
rprop_delta_min=0.000000
rprop_delta_max=50.000000
rprop_delta_zero=0.100000
cascade_output_stagnation_epochs=12
cascade_candidate_change_fraction=0.010000
cascade_candidate_stagnation_epochs=12
cascade_max_out_epochs=150
cascade_min_out_epochs=50
cascade_max_cand_epochs=150
cascade_min_cand_epochs=50
cascade_num_candidate_groups=2
bit_fail_limit=3.49999994039535522461e-01
cascade_candidate_limit=1.00000000000000000000e+03
cascade_weight_multiplier=4.00000005960464477539e-01
cascade_activation_functions_count=10
cascade_activation_functions=3 5 7 8 10 11 14 15 16 17 
cascade_activation_steepnesses_count=4
cascade_activation_steepnesses=2.50000000000000000000e-01 5.00000000000000000000e-01 7.50000000000000000000e-01 1.00000000000000000000e+00 
layer_sizes=10 3 3 2 
scale_included=0
neurons (num_inputs, activation_function, activation_steepness)=(0, 0, 0.00000000000000000000e+00) (0, 0, 0.00000000000000000000e+00) (0, 0, 0.00000000000000000000e+00) (0, 0, 0.00000000000000000000e+00) (0, 0, 0.00000000000000000000e+00) (0, 0, 0.00000000000000000000e+00) (0, 0, 0.00000000000000000000e+00) (0, 0, 0.00000000000000000000e+00) (0, 0, 0.00000000000000000000e+00) (0, 0, 0.00000000000000000000e+00) (10, 3, 5.00000000000000000000e-01) (10, 3, 5.00000000000000000000e-01) (0, 3, 0.00000000000000000000e+00) (3, 3, 5.00000000000000000000e-01) (3, 3, 5.00000000000000000000e-01) (0, 3, 0.00000000000000000000e+00) (3, 3, 5.00000000000000000000e-01) (0, 3, 0.00000000000000000000e+00) 
connections (connected_to_neuron, weight)=(0, 1.56411170959472656250e+00) (1, 3.39327812194824218750e+00) (2, -2.47188568115234375000e+00) (3, -1.23941516876220703125e+01) (4, 3.02549815177917480469e+00) (5, 4.60001707077026367188e+00) (6, -3.58182311058044433594e+00) (7, -1.33029842376708984375e+01) (8, 6.33426952362060546875e+00) (9, 1.49306499958038330078e+00) (0, 5.26632890105247497559e-02) (1, 1.01472914218902587891e+00) (2, -1.29591453075408935547e+00) (3, 1.33138611912727355957e-01) (4, 1.45985817909240722656e+00) (5, -5.19974660873413085938e+00) (6, 3.54807400703430175781e+00) (7, -5.55802679061889648438e+00) (8, -1.03321075439453125000e+00) (9, 2.02030968666076660156e+00) (10, 1.50000000000000000000e+03) (11, 1.75480976104736328125e+01) (12, -7.92624711990356445312e+00) (10, 1.50000000000000000000e+03) (11, 7.21596832275390625000e+01) (12, -6.06539764404296875000e+01) (13, 1.97160446643829345703e+00) (14, 5.44713139533996582031e-01) (15, -1.66241574287414550781e+00) 
