FANN_FLO_2.1
num_layers=4
learning_rate=0.500000
connection_rate=1.000000
network_type=0
learning_momentum=0.000000
training_algorithm=2
train_error_function=1
train_stop_function=0
cascade_output_change_fraction=0.010000
quickprop_decay=-0.000100
quickprop_mu=1.750000
rprop_increase_factor=1.200000
rprop_decrease_factor=0.500000
rprop_delta_min=0.000000
rprop_delta_max=50.000000
rprop_delta_zero=0.100000
cascade_output_stagnation_epochs=12
cascade_candidate_change_fraction=0.010000
cascade_candidate_stagnation_epochs=12
cascade_max_out_epochs=150
cascade_min_out_epochs=50
cascade_max_cand_epochs=150
cascade_min_cand_epochs=50
cascade_num_candidate_groups=2
bit_fail_limit=3.49999994039535522461e-01
cascade_candidate_limit=1.00000000000000000000e+03
cascade_weight_multiplier=4.00000005960464477539e-01
cascade_activation_functions_count=10
cascade_activation_functions=3 5 7 8 10 11 14 15 16 17 
cascade_activation_steepnesses_count=4
cascade_activation_steepnesses=2.50000000000000000000e-01 5.00000000000000000000e-01 7.50000000000000000000e-01 1.00000000000000000000e+00 
layer_sizes=10 3 3 2 
scale_included=0
neurons (num_inputs, activation_function, activation_steepness)=(0, 0, 0.00000000000000000000e+00) (0, 0, 0.00000000000000000000e+00) (0, 0, 0.00000000000000000000e+00) (0, 0, 0.00000000000000000000e+00) (0, 0, 0.00000000000000000000e+00) (0, 0, 0.00000000000000000000e+00) (0, 0, 0.00000000000000000000e+00) (0, 0, 0.00000000000000000000e+00) (0, 0, 0.00000000000000000000e+00) (0, 0, 0.00000000000000000000e+00) (10, 3, 5.00000000000000000000e-01) (10, 3, 5.00000000000000000000e-01) (0, 3, 0.00000000000000000000e+00) (3, 3, 5.00000000000000000000e-01) (3, 3, 5.00000000000000000000e-01) (0, 3, 0.00000000000000000000e+00) (3, 3, 5.00000000000000000000e-01) (0, 3, 0.00000000000000000000e+00) 
connections (connected_to_neuron, weight)=(0, -5.20236110687255859375e+00) (1, -1.27202415466308593750e+01) (2, -3.86528897285461425781e+00) (3, 3.07192981243133544922e-01) (4, -3.10518789291381835938e+00) (5, 7.44797170162200927734e-01) (6, -3.94176697731018066406e+00) (7, 8.99695205688476562500e+00) (8, 2.00396461486816406250e+01) (9, 3.67198801040649414062e+00) (0, -4.19727420806884765625e+00) (1, 3.21667146682739257812e+00) (2, -7.26867735385894775391e-01) (3, -4.18343544006347656250e+00) (4, -1.77521049976348876953e+00) (5, 3.06609272956848144531e-01) (6, 3.37915945053100585938e+00) (7, -9.50471401214599609375e+00) (8, 3.34675331115722656250e+01) (9, -9.16408061981201171875e+00) (10, -1.12391414642333984375e+01) (11, 1.06347055435180664062e+01) (12, 5.61926603317260742188e+00) (10, -1.08671541213989257812e+01) (11, 1.08332366943359375000e+01) (12, 5.32734584808349609375e+00) (13, 9.42299485206604003906e-01) (14, 1.12737524509429931641e+00) (15, -1.18410873413085937500e+00) 
