FANN_FLO_2.1
num_layers=3
learning_rate=0.500000
connection_rate=1.000000
network_type=0
learning_momentum=0.000000
training_algorithm=2
train_error_function=1
train_stop_function=0
cascade_output_change_fraction=0.010000
quickprop_decay=-0.000100
quickprop_mu=1.750000
rprop_increase_factor=1.200000
rprop_decrease_factor=0.500000
rprop_delta_min=0.000000
rprop_delta_max=50.000000
rprop_delta_zero=0.100000
cascade_output_stagnation_epochs=12
cascade_candidate_change_fraction=0.010000
cascade_candidate_stagnation_epochs=12
cascade_max_out_epochs=150
cascade_min_out_epochs=50
cascade_max_cand_epochs=150
cascade_min_cand_epochs=50
cascade_num_candidate_groups=2
bit_fail_limit=3.49999994039535522461e-01
cascade_candidate_limit=1.00000000000000000000e+03
cascade_weight_multiplier=4.00000005960464477539e-01
cascade_activation_functions_count=10
cascade_activation_functions=3 5 7 8 10 11 14 15 16 17 
cascade_activation_steepnesses_count=4
cascade_activation_steepnesses=2.50000000000000000000e-01 5.00000000000000000000e-01 7.50000000000000000000e-01 1.00000000000000000000e+00 
layer_sizes=10 5 2 
scale_included=0
neurons (num_inputs, activation_function, activation_steepness)=(0, 0, 0.00000000000000000000e+00) (0, 0, 0.00000000000000000000e+00) (0, 0, 0.00000000000000000000e+00) (0, 0, 0.00000000000000000000e+00) (0, 0, 0.00000000000000000000e+00) (0, 0, 0.00000000000000000000e+00) (0, 0, 0.00000000000000000000e+00) (0, 0, 0.00000000000000000000e+00) (0, 0, 0.00000000000000000000e+00) (0, 0, 0.00000000000000000000e+00) (10, 3, 5.00000000000000000000e-01) (10, 3, 5.00000000000000000000e-01) (10, 3, 5.00000000000000000000e-01) (10, 3, 5.00000000000000000000e-01) (0, 3, 0.00000000000000000000e+00) (5, 3, 5.00000000000000000000e-01) (0, 3, 0.00000000000000000000e+00) 
connections (connected_to_neuron, weight)=(0, -1.26687515258789062500e+02) (1, -1.47548315429687500000e+03) (2, -1.47315393066406250000e+03) (3, -1.45121545410156250000e+03) (4, -2.02076099812984466553e-02) (5, -1.48884594726562500000e+03) (6, -1.49440124511718750000e+03) (7, 1.49980200195312500000e+03) (8, -1.48082360839843750000e+03) (9, -9.12406668066978454590e-03) (0, 6.50501394271850585938e+00) (1, 9.95229339599609375000e+00) (2, -7.66850709915161132812e+00) (3, -2.17228841781616210938e+00) (4, -1.65761125087738037109e+00) (5, -1.11133130267262458801e-02) (6, -6.14607381820678710938e+00) (7, 3.75616478919982910156e+00) (8, -5.97370576858520507812e+00) (9, 1.39059305191040039062e+00) (0, -5.38323440551757812500e+01) (1, -1.47548315429687500000e+03) (2, -1.47315393066406250000e+03) (3, -1.45121545410156250000e+03) (4, 7.49232769012451171875e-02) (5, -1.48884594726562500000e+03) (6, -1.49440124511718750000e+03) (7, 1.49980200195312500000e+03) (8, -1.48082360839843750000e+03) (9, 5.06253130733966827393e-02) (0, 4.68741369247436523438e+00) (1, 5.75145149230957031250e+00) (2, -3.83416366577148437500e+00) (3, -5.96911430358886718750e+00) (4, -1.52892017364501953125e+01) (5, 6.38711595535278320312e+00) (6, -1.54565000534057617188e+00) (7, -9.86372590065002441406e-01) (8, 6.56360864639282226562e+00) (9, 1.15077269077301025391e+00) (10, 1.50000000000000000000e+03) (11, 4.72943115234375000000e+00) (12, 1.50000000000000000000e+03) (13, 1.65639984607696533203e+00) (14, -3.84531593322753906250e+00) 
