FANN_FLO_2.1
num_layers=3
learning_rate=0.400000
connection_rate=1.000000
network_type=0
learning_momentum=0.000000
training_algorithm=2
train_error_function=1
train_stop_function=0
cascade_output_change_fraction=0.010000
quickprop_decay=-0.000100
quickprop_mu=1.750000
rprop_increase_factor=1.200000
rprop_decrease_factor=0.500000
rprop_delta_min=0.000000
rprop_delta_max=50.000000
rprop_delta_zero=0.100000
cascade_output_stagnation_epochs=12
cascade_candidate_change_fraction=0.010000
cascade_candidate_stagnation_epochs=12
cascade_max_out_epochs=150
cascade_min_out_epochs=50
cascade_max_cand_epochs=150
cascade_min_cand_epochs=50
cascade_num_candidate_groups=2
bit_fail_limit=3.49999994039535522461e-01
cascade_candidate_limit=1.00000000000000000000e+03
cascade_weight_multiplier=4.00000005960464477539e-01
cascade_activation_functions_count=10
cascade_activation_functions=3 5 7 8 10 11 14 15 16 17 
cascade_activation_steepnesses_count=4
cascade_activation_steepnesses=2.50000000000000000000e-01 5.00000000000000000000e-01 7.50000000000000000000e-01 1.00000000000000000000e+00 
layer_sizes=19 3 3 
scale_included=0
neurons (num_inputs, activation_function, activation_steepness)=(0, 0, 0.00000000000000000000e+00) (0, 0, 0.00000000000000000000e+00) (0, 0, 0.00000000000000000000e+00) (0, 0, 0.00000000000000000000e+00) (0, 0, 0.00000000000000000000e+00) (0, 0, 0.00000000000000000000e+00) (0, 0, 0.00000000000000000000e+00) (0, 0, 0.00000000000000000000e+00) (0, 0, 0.00000000000000000000e+00) (0, 0, 0.00000000000000000000e+00) (0, 0, 0.00000000000000000000e+00) (0, 0, 0.00000000000000000000e+00) (0, 0, 0.00000000000000000000e+00) (0, 0, 0.00000000000000000000e+00) (0, 0, 0.00000000000000000000e+00) (0, 0, 0.00000000000000000000e+00) (0, 0, 0.00000000000000000000e+00) (0, 0, 0.00000000000000000000e+00) (0, 0, 0.00000000000000000000e+00) (19, 3, 5.00000000000000000000e-01) (19, 3, 5.00000000000000000000e-01) (0, 3, 0.00000000000000000000e+00) (3, 3, 5.00000000000000000000e-01) (3, 3, 5.00000000000000000000e-01) (0, 3, 0.00000000000000000000e+00) 
connections (connected_to_neuron, weight)=(0, 8.48653316497802734375e+00) (1, -3.22274971008300781250e+00) (2, 4.02832365036010742188e+00) (3, 9.56708717346191406250e+00) (4, -1.75917267799377441406e-01) (5, 2.70706043243408203125e+01) (6, 9.83375072479248046875e+00) (7, -2.89072084426879882812e+00) (8, -6.80580806732177734375e+00) (9, -2.42444744110107421875e+01) (10, -3.44812989234924316406e+00) (11, -8.27179908752441406250e+00) (12, 1.86900663375854492188e+00) (13, -7.19478273391723632812e+00) (14, 4.67700767517089843750e+00) (15, -1.08286361694335937500e+01) (16, -2.00350260734558105469e+00) (17, -6.05953788757324218750e+00) (18, 6.80221986770629882812e+00) (0, -4.29868268966674804688e+00) (1, -1.34549513459205627441e-01) (2, -2.94072175025939941406e+00) (3, -3.19034051895141601562e+00) (4, -6.37031555175781250000e-01) (5, -3.31976199150085449219e+00) (6, -3.39630746841430664062e+00) (7, -8.87186229228973388672e-01) (8, -2.68800944089889526367e-01) (9, 3.71991109848022460938e+00) (10, 2.16558742523193359375e+00) (11, 8.04397165775299072266e-01) (12, 7.59919881820678710938e-01) (13, 1.20151484012603759766e+00) (14, -6.14501833915710449219e-01) (15, 3.61514544486999511719e+00) (16, 4.19047653675079345703e-01) (17, 1.95631885528564453125e+00) (18, -9.07565057277679443359e-01) (19, -9.37278270721435546875e-01) (20, -1.83586800098419189453e+00) (21, 3.45603406429290771484e-01) (19, 9.37292516231536865234e-01) (20, 1.83596324920654296875e+00) (21, -3.45638245344161987305e-01) 
