FANN_FLO_2.1
num_layers=3
learning_rate=0.400000
connection_rate=1.000000
network_type=0
learning_momentum=0.000000
training_algorithm=2
train_error_function=1
train_stop_function=0
cascade_output_change_fraction=0.010000
quickprop_decay=-0.000100
quickprop_mu=1.750000
rprop_increase_factor=1.200000
rprop_decrease_factor=0.500000
rprop_delta_min=0.000000
rprop_delta_max=50.000000
rprop_delta_zero=0.100000
cascade_output_stagnation_epochs=12
cascade_candidate_change_fraction=0.010000
cascade_candidate_stagnation_epochs=12
cascade_max_out_epochs=150
cascade_min_out_epochs=50
cascade_max_cand_epochs=150
cascade_min_cand_epochs=50
cascade_num_candidate_groups=2
bit_fail_limit=3.49999994039535522461e-01
cascade_candidate_limit=1.00000000000000000000e+03
cascade_weight_multiplier=4.00000005960464477539e-01
cascade_activation_functions_count=10
cascade_activation_functions=3 5 7 8 10 11 14 15 16 17 
cascade_activation_steepnesses_count=4
cascade_activation_steepnesses=2.50000000000000000000e-01 5.00000000000000000000e-01 7.50000000000000000000e-01 1.00000000000000000000e+00 
layer_sizes=19 3 3 
scale_included=0
neurons (num_inputs, activation_function, activation_steepness)=(0, 0, 0.00000000000000000000e+00) (0, 0, 0.00000000000000000000e+00) (0, 0, 0.00000000000000000000e+00) (0, 0, 0.00000000000000000000e+00) (0, 0, 0.00000000000000000000e+00) (0, 0, 0.00000000000000000000e+00) (0, 0, 0.00000000000000000000e+00) (0, 0, 0.00000000000000000000e+00) (0, 0, 0.00000000000000000000e+00) (0, 0, 0.00000000000000000000e+00) (0, 0, 0.00000000000000000000e+00) (0, 0, 0.00000000000000000000e+00) (0, 0, 0.00000000000000000000e+00) (0, 0, 0.00000000000000000000e+00) (0, 0, 0.00000000000000000000e+00) (0, 0, 0.00000000000000000000e+00) (0, 0, 0.00000000000000000000e+00) (0, 0, 0.00000000000000000000e+00) (0, 0, 0.00000000000000000000e+00) (19, 3, 5.00000000000000000000e-01) (19, 3, 5.00000000000000000000e-01) (0, 3, 0.00000000000000000000e+00) (3, 3, 5.00000000000000000000e-01) (3, 3, 5.00000000000000000000e-01) (0, 3, 0.00000000000000000000e+00) 
connections (connected_to_neuron, weight)=(0, -9.07903957366943359375e+00) (1, -1.69378614425659179688e+00) (2, -1.14504852294921875000e+01) (3, -9.10873317718505859375e+00) (4, -2.16132831573486328125e+00) (5, -5.54956293106079101562e+00) (6, 2.38481712341308593750e+01) (7, 2.56209516525268554688e+00) (8, 3.22800674438476562500e+01) (9, 5.55873250961303710938e+00) (10, -1.76065877079963684082e-01) (11, 1.33434896469116210938e+01) (12, -7.61075735092163085938e+00) (13, -1.68095064163208007812e+00) (14, -1.36930119991302490234e+00) (15, 2.62797141075134277344e+00) (16, -3.25083827972412109375e+00) (17, 4.20164728164672851562e+00) (18, 4.02721357345581054688e+00) (0, 1.08000600337982177734e+00) (1, 1.78457984924316406250e+01) (2, -1.00054798126220703125e+01) (3, 1.57171499729156494141e+00) (4, 6.27408027648925781250e+00) (5, -4.78459930419921875000e+00) (6, -6.14349460601806640625e+00) (7, -8.98091888427734375000e+00) (8, -7.62207126617431640625e+00) (9, -4.06643724441528320312e+00) (10, 1.21143512725830078125e+01) (11, -1.30369577407836914062e+01) (12, 6.81673240661621093750e+00) (13, 5.73208570480346679688e-01) (14, -4.47676324844360351562e+00) (15, 9.21390712261199951172e-01) (16, 6.74396610260009765625e+00) (17, 2.11330223083496093750e+00) (18, 7.12716913223266601562e+00) (19, -1.17984879016876220703e+00) (20, -6.29652023315429687500e-01) (21, 1.02480924129486083984e+00) (19, 1.17990446090698242188e+00) (20, 6.29841446876525878906e-01) (21, -1.02478826045989990234e+00) 
