FANN_FLO_2.1
num_layers=3
learning_rate=0.400000
connection_rate=1.000000
network_type=0
learning_momentum=0.000000
training_algorithm=2
train_error_function=1
train_stop_function=0
cascade_output_change_fraction=0.010000
quickprop_decay=-0.000100
quickprop_mu=1.750000
rprop_increase_factor=1.200000
rprop_decrease_factor=0.500000
rprop_delta_min=0.000000
rprop_delta_max=50.000000
rprop_delta_zero=0.100000
cascade_output_stagnation_epochs=12
cascade_candidate_change_fraction=0.010000
cascade_candidate_stagnation_epochs=12
cascade_max_out_epochs=150
cascade_min_out_epochs=50
cascade_max_cand_epochs=150
cascade_min_cand_epochs=50
cascade_num_candidate_groups=2
bit_fail_limit=3.49999994039535522461e-01
cascade_candidate_limit=1.00000000000000000000e+03
cascade_weight_multiplier=4.00000005960464477539e-01
cascade_activation_functions_count=10
cascade_activation_functions=3 5 7 8 10 11 14 15 16 17 
cascade_activation_steepnesses_count=4
cascade_activation_steepnesses=2.50000000000000000000e-01 5.00000000000000000000e-01 7.50000000000000000000e-01 1.00000000000000000000e+00 
layer_sizes=7 5 2 
scale_included=0
neurons (num_inputs, activation_function, activation_steepness)=(0, 0, 0.00000000000000000000e+00) (0, 0, 0.00000000000000000000e+00) (0, 0, 0.00000000000000000000e+00) (0, 0, 0.00000000000000000000e+00) (0, 0, 0.00000000000000000000e+00) (0, 0, 0.00000000000000000000e+00) (0, 0, 0.00000000000000000000e+00) (7, 3, 5.00000000000000000000e-01) (7, 3, 5.00000000000000000000e-01) (7, 3, 5.00000000000000000000e-01) (7, 3, 5.00000000000000000000e-01) (0, 3, 0.00000000000000000000e+00) (5, 3, 5.00000000000000000000e-01) (0, 3, 0.00000000000000000000e+00) 
connections (connected_to_neuron, weight)=(0, 3.58151888847351074219e+00) (1, -2.52439928054809570312e+00) (2, -1.67842578887939453125e+00) (3, -2.94991970062255859375e+00) (4, -3.60765367746353149414e-01) (5, 7.10095310211181640625e+00) (6, -6.03343152999877929688e+00) (0, 1.02345933914184570312e+01) (1, -2.78731174468994140625e+01) (2, 6.92034101486206054688e+00) (3, -2.24312210083007812500e+00) (4, -1.47608006000518798828e+00) (5, 5.57715177536010742188e+00) (6, 1.31356108188629150391e+00) (0, 1.36895388364791870117e-01) (1, -8.96418857574462890625e+00) (2, 3.96644663810729980469e+00) (3, -3.32269835472106933594e+00) (4, -1.59042823314666748047e+00) (5, -6.73255920410156250000e-01) (6, 1.05874156951904296875e+01) (0, -7.49225187301635742188e+00) (1, 6.58814859390258789062e+00) (2, -2.30694198608398437500e+00) (3, -1.60844790935516357422e+00) (4, -6.77318036556243896484e-01) (5, -4.88154745101928710938e+00) (6, 3.76818895339965820312e-01) (7, -3.02272510528564453125e+00) (8, -3.78386616706848144531e+00) (9, -1.12698197364807128906e+00) (10, -7.61373043060302734375e+00) (11, 1.06210552155971527100e-01) 
