FANN_FLO_2.1
num_layers=3
learning_rate=0.500000
connection_rate=1.000000
network_type=0
learning_momentum=0.000000
training_algorithm=2
train_error_function=1
train_stop_function=0
cascade_output_change_fraction=0.010000
quickprop_decay=-0.000100
quickprop_mu=1.750000
rprop_increase_factor=1.200000
rprop_decrease_factor=0.500000
rprop_delta_min=0.000000
rprop_delta_max=50.000000
rprop_delta_zero=0.100000
cascade_output_stagnation_epochs=12
cascade_candidate_change_fraction=0.010000
cascade_candidate_stagnation_epochs=12
cascade_max_out_epochs=150
cascade_min_out_epochs=50
cascade_max_cand_epochs=150
cascade_min_cand_epochs=50
cascade_num_candidate_groups=2
bit_fail_limit=3.49999994039535522461e-01
cascade_candidate_limit=1.00000000000000000000e+03
cascade_weight_multiplier=4.00000005960464477539e-01
cascade_activation_functions_count=10
cascade_activation_functions=3 5 7 8 10 11 14 15 16 17 
cascade_activation_steepnesses_count=4
cascade_activation_steepnesses=2.50000000000000000000e-01 5.00000000000000000000e-01 7.50000000000000000000e-01 1.00000000000000000000e+00 
layer_sizes=10 5 2 
scale_included=0
neurons (num_inputs, activation_function, activation_steepness)=(0, 0, 0.00000000000000000000e+00) (0, 0, 0.00000000000000000000e+00) (0, 0, 0.00000000000000000000e+00) (0, 0, 0.00000000000000000000e+00) (0, 0, 0.00000000000000000000e+00) (0, 0, 0.00000000000000000000e+00) (0, 0, 0.00000000000000000000e+00) (0, 0, 0.00000000000000000000e+00) (0, 0, 0.00000000000000000000e+00) (0, 0, 0.00000000000000000000e+00) (10, 3, 5.00000000000000000000e-01) (10, 3, 5.00000000000000000000e-01) (10, 3, 5.00000000000000000000e-01) (10, 3, 5.00000000000000000000e-01) (0, 3, 0.00000000000000000000e+00) (5, 3, 5.00000000000000000000e-01) (0, 3, 0.00000000000000000000e+00) 
connections (connected_to_neuron, weight)=(0, -7.19995403289794921875e+00) (1, 1.18855276107788085938e+01) (2, 2.00283145904541015625e+01) (3, -7.64858198165893554688e+00) (4, -7.49054861068725585938e+00) (5, 7.93701505661010742188e+00) (6, -1.88673055171966552734e+00) (7, -1.04926166534423828125e+01) (8, -1.16789884567260742188e+01) (9, 4.79589045047760009766e-01) (0, -1.98818981647491455078e+00) (1, 1.00226478576660156250e+01) (2, 5.51089620590209960938e+00) (3, -2.57064723968505859375e+00) (4, -4.65169399976730346680e-01) (5, 1.11720681190490722656e+00) (6, -8.53993129730224609375e+00) (7, -1.39038789272308349609e+00) (8, -3.31549787521362304688e+00) (9, -4.44821044802665710449e-02) (0, 6.68041706085205078125e-01) (1, -1.07156276702880859375e+00) (2, 1.36846590042114257812e+01) (3, -2.10680678486824035645e-01) (4, -1.26443088054656982422e+00) (5, -4.83086061477661132812e+00) (6, -1.10694856643676757812e+01) (7, 8.92942190170288085938e-01) (8, 1.61923265457153320312e+00) (9, 2.08558559417724609375e+00) (0, -2.30145120620727539062e+00) (1, 1.64112453460693359375e+01) (2, 2.40812349319458007812e+00) (3, -2.11805129051208496094e+00) (4, 9.46799457073211669922e-01) (5, 1.81003713607788085938e+00) (6, -9.24894618988037109375e+00) (7, -5.12437915802001953125e+00) (8, -3.33760285377502441406e+00) (9, -1.41418933868408203125e+00) (10, 1.43006885051727294922e+00) (11, 9.33629989624023437500e-01) (12, -4.06903028488159179688e+00) (13, 1.68666279315948486328e+00) (14, 9.16576504707336425781e-01) 
