FANN_FLO_2.1
num_layers=4
learning_rate=0.500000
connection_rate=1.000000
network_type=0
learning_momentum=0.000000
training_algorithm=2
train_error_function=1
train_stop_function=0
cascade_output_change_fraction=0.010000
quickprop_decay=-0.000100
quickprop_mu=1.750000
rprop_increase_factor=1.200000
rprop_decrease_factor=0.500000
rprop_delta_min=0.000000
rprop_delta_max=50.000000
rprop_delta_zero=0.100000
cascade_output_stagnation_epochs=12
cascade_candidate_change_fraction=0.010000
cascade_candidate_stagnation_epochs=12
cascade_max_out_epochs=150
cascade_min_out_epochs=50
cascade_max_cand_epochs=150
cascade_min_cand_epochs=50
cascade_num_candidate_groups=2
bit_fail_limit=3.49999994039535522461e-01
cascade_candidate_limit=1.00000000000000000000e+03
cascade_weight_multiplier=4.00000005960464477539e-01
cascade_activation_functions_count=10
cascade_activation_functions=3 5 7 8 10 11 14 15 16 17 
cascade_activation_steepnesses_count=4
cascade_activation_steepnesses=2.50000000000000000000e-01 5.00000000000000000000e-01 7.50000000000000000000e-01 1.00000000000000000000e+00 
layer_sizes=10 5 3 2 
scale_included=0
neurons (num_inputs, activation_function, activation_steepness)=(0, 0, 0.00000000000000000000e+00) (0, 0, 0.00000000000000000000e+00) (0, 0, 0.00000000000000000000e+00) (0, 0, 0.00000000000000000000e+00) (0, 0, 0.00000000000000000000e+00) (0, 0, 0.00000000000000000000e+00) (0, 0, 0.00000000000000000000e+00) (0, 0, 0.00000000000000000000e+00) (0, 0, 0.00000000000000000000e+00) (0, 0, 0.00000000000000000000e+00) (10, 3, 5.00000000000000000000e-01) (10, 3, 5.00000000000000000000e-01) (10, 3, 5.00000000000000000000e-01) (10, 3, 5.00000000000000000000e-01) (0, 3, 0.00000000000000000000e+00) (5, 3, 5.00000000000000000000e-01) (5, 3, 5.00000000000000000000e-01) (0, 3, 0.00000000000000000000e+00) (3, 3, 5.00000000000000000000e-01) (0, 3, 0.00000000000000000000e+00) 
connections (connected_to_neuron, weight)=(0, -1.53798651695251464844e+00) (1, 1.93993782997131347656e+00) (2, -8.74796330928802490234e-01) (3, -4.17395925521850585938e+00) (4, 2.15493917465209960938e+00) (5, 2.14714431762695312500e+00) (6, 5.47091293334960937500e+00) (7, 3.12170565128326416016e-01) (8, -2.70198917388916015625e+00) (9, 5.82487881183624267578e-01) (0, -2.24666404724121093750e+01) (1, 7.83316087722778320312e+00) (2, -2.24996469914913177490e-02) (3, -5.91164970397949218750e+01) (4, 3.69624257087707519531e-01) (5, 3.27116179466247558594e+00) (6, 2.93648338317871093750e+00) (7, 3.71959381103515625000e+01) (8, 3.37223029136657714844e+00) (9, -4.36877250671386718750e-01) (0, 4.86323535442352294922e-01) (1, -4.49645900726318359375e+00) (2, -8.68251919746398925781e-01) (3, 2.33793392777442932129e-01) (4, -5.22662103176116943359e-01) (5, -1.37443220615386962891e+00) (6, 3.15313309431076049805e-01) (7, 1.10128366947174072266e+00) (8, 6.83644962310791015625e+00) (9, -1.39979112148284912109e+00) (0, -4.51921415328979492188e+00) (1, -3.00357723236083984375e+00) (2, -3.67277646064758300781e+00) (3, 3.46975326538085937500e+00) (4, -3.71330976486206054688e+00) (5, -7.77680492401123046875e+00) (6, 9.99179303646087646484e-01) (7, 2.19408011436462402344e+00) (8, 2.02227077484130859375e+01) (9, 8.92294347286224365234e-01) (10, 8.64534187316894531250e+00) (11, 1.03998661041259765625e+01) (12, 1.79511470794677734375e+01) (13, -1.65883941650390625000e+01) (14, -6.41147375106811523438e-01) (10, 9.00600910186767578125e+00) (11, 4.20294094085693359375e+00) (12, 5.89557170867919921875e+00) (13, -8.70019149780273437500e+00) (14, 2.41889640688896179199e-01) (15, 2.06481409072875976562e+00) (16, 6.21791541576385498047e-01) (17, -1.79646944999694824219e+00) 
