FANN_FLO_2.1
num_layers=3
learning_rate=0.400000
connection_rate=1.000000
network_type=0
learning_momentum=0.000000
training_algorithm=2
train_error_function=1
train_stop_function=0
cascade_output_change_fraction=0.010000
quickprop_decay=-0.000100
quickprop_mu=1.750000
rprop_increase_factor=1.200000
rprop_decrease_factor=0.500000
rprop_delta_min=0.000000
rprop_delta_max=50.000000
rprop_delta_zero=0.100000
cascade_output_stagnation_epochs=12
cascade_candidate_change_fraction=0.010000
cascade_candidate_stagnation_epochs=12
cascade_max_out_epochs=150
cascade_min_out_epochs=50
cascade_max_cand_epochs=150
cascade_min_cand_epochs=50
cascade_num_candidate_groups=2
bit_fail_limit=3.49999994039535522461e-01
cascade_candidate_limit=1.00000000000000000000e+03
cascade_weight_multiplier=4.00000005960464477539e-01
cascade_activation_functions_count=10
cascade_activation_functions=3 5 7 8 10 11 14 15 16 17 
cascade_activation_steepnesses_count=4
cascade_activation_steepnesses=2.50000000000000000000e-01 5.00000000000000000000e-01 7.50000000000000000000e-01 1.00000000000000000000e+00 
layer_sizes=19 3 3 
scale_included=0
neurons (num_inputs, activation_function, activation_steepness)=(0, 0, 0.00000000000000000000e+00) (0, 0, 0.00000000000000000000e+00) (0, 0, 0.00000000000000000000e+00) (0, 0, 0.00000000000000000000e+00) (0, 0, 0.00000000000000000000e+00) (0, 0, 0.00000000000000000000e+00) (0, 0, 0.00000000000000000000e+00) (0, 0, 0.00000000000000000000e+00) (0, 0, 0.00000000000000000000e+00) (0, 0, 0.00000000000000000000e+00) (0, 0, 0.00000000000000000000e+00) (0, 0, 0.00000000000000000000e+00) (0, 0, 0.00000000000000000000e+00) (0, 0, 0.00000000000000000000e+00) (0, 0, 0.00000000000000000000e+00) (0, 0, 0.00000000000000000000e+00) (0, 0, 0.00000000000000000000e+00) (0, 0, 0.00000000000000000000e+00) (0, 0, 0.00000000000000000000e+00) (19, 3, 5.00000000000000000000e-01) (19, 3, 5.00000000000000000000e-01) (0, 3, 0.00000000000000000000e+00) (3, 3, 5.00000000000000000000e-01) (3, 3, 5.00000000000000000000e-01) (0, 3, 0.00000000000000000000e+00) 
connections (connected_to_neuron, weight)=(0, -1.31639728546142578125e+01) (1, -4.04028028249740600586e-01) (2, 3.02527117729187011719e+00) (3, 3.33847694396972656250e+01) (4, -4.07644939422607421875e+00) (5, 6.61227941513061523438e+00) (6, -1.27694749832153320312e+01) (7, -1.01825723648071289062e+01) (8, -5.88366127014160156250e+00) (9, -3.42753410339355468750e+00) (10, -1.43776433542370796204e-02) (11, 4.00816649198532104492e-01) (12, 1.21459913253784179688e+01) (13, -1.04433689117431640625e+01) (14, 5.08063840866088867188e+00) (15, 4.91082048416137695312e+00) (16, 7.72122955322265625000e+00) (17, 7.57945477962493896484e-01) (18, 6.12178623676300048828e-01) (0, 3.83437013626098632812e+00) (1, -9.31867885589599609375e+00) (2, -1.50271975994110107422e+00) (3, -8.25827789306640625000e+00) (4, -9.15857791900634765625e+00) (5, 3.08500909805297851562e+00) (6, 1.31867370605468750000e+01) (7, 7.97960519790649414062e+00) (8, 6.71385383605957031250e+00) (9, 2.32821989059448242188e+00) (10, -1.79874973297119140625e+01) (11, -6.00067526102066040039e-03) (12, -1.55203968286514282227e-01) (13, 1.22479772567749023438e+01) (14, 1.35837125778198242188e+00) (15, -7.63637244701385498047e-01) (16, 6.29919052124023437500e-01) (17, -2.16786050796508789062e+00) (18, 1.06078691482543945312e+01) (19, -6.53472006320953369141e-01) (20, -1.06307709217071533203e+00) (21, 8.42352151870727539062e-01) (19, 6.52805685997009277344e-01) (20, 1.06277561187744140625e+00) (21, -8.41997444629669189453e-01) 
