FANN_FLO_2.1
num_layers=3
learning_rate=0.400000
connection_rate=1.000000
network_type=0
learning_momentum=0.000000
training_algorithm=2
train_error_function=1
train_stop_function=0
cascade_output_change_fraction=0.010000
quickprop_decay=-0.000100
quickprop_mu=1.750000
rprop_increase_factor=1.200000
rprop_decrease_factor=0.500000
rprop_delta_min=0.000000
rprop_delta_max=50.000000
rprop_delta_zero=0.100000
cascade_output_stagnation_epochs=12
cascade_candidate_change_fraction=0.010000
cascade_candidate_stagnation_epochs=12
cascade_max_out_epochs=150
cascade_min_out_epochs=50
cascade_max_cand_epochs=150
cascade_min_cand_epochs=50
cascade_num_candidate_groups=2
bit_fail_limit=3.49999994039535522461e-01
cascade_candidate_limit=1.00000000000000000000e+03
cascade_weight_multiplier=4.00000005960464477539e-01
cascade_activation_functions_count=10
cascade_activation_functions=3 5 7 8 10 11 14 15 16 17 
cascade_activation_steepnesses_count=4
cascade_activation_steepnesses=2.50000000000000000000e-01 5.00000000000000000000e-01 7.50000000000000000000e-01 1.00000000000000000000e+00 
layer_sizes=19 3 3 
scale_included=0
neurons (num_inputs, activation_function, activation_steepness)=(0, 0, 0.00000000000000000000e+00) (0, 0, 0.00000000000000000000e+00) (0, 0, 0.00000000000000000000e+00) (0, 0, 0.00000000000000000000e+00) (0, 0, 0.00000000000000000000e+00) (0, 0, 0.00000000000000000000e+00) (0, 0, 0.00000000000000000000e+00) (0, 0, 0.00000000000000000000e+00) (0, 0, 0.00000000000000000000e+00) (0, 0, 0.00000000000000000000e+00) (0, 0, 0.00000000000000000000e+00) (0, 0, 0.00000000000000000000e+00) (0, 0, 0.00000000000000000000e+00) (0, 0, 0.00000000000000000000e+00) (0, 0, 0.00000000000000000000e+00) (0, 0, 0.00000000000000000000e+00) (0, 0, 0.00000000000000000000e+00) (0, 0, 0.00000000000000000000e+00) (0, 0, 0.00000000000000000000e+00) (19, 3, 5.00000000000000000000e-01) (19, 3, 5.00000000000000000000e-01) (0, 3, 0.00000000000000000000e+00) (3, 3, 5.00000000000000000000e-01) (3, 3, 5.00000000000000000000e-01) (0, 3, 0.00000000000000000000e+00) 
connections (connected_to_neuron, weight)=(0, -5.30020999908447265625e+00) (1, 9.81787204742431640625e-01) (2, 4.24077391624450683594e-01) (3, -2.52121782302856445312e+00) (4, 9.34834182262420654297e-01) (5, 1.25561937689781188965e-01) (6, -4.37703084945678710938e+00) (7, 1.10438835620880126953e+00) (8, 7.22082912921905517578e-01) (9, 4.08186101913452148438e+00) (10, -4.54847145080566406250e+00) (11, -6.52086162567138671875e+00) (12, 4.34991312026977539062e+00) (13, 4.50380849838256835938e+00) (14, 8.64586979150772094727e-02) (15, 3.55873012542724609375e+00) (16, 5.50535345077514648438e+00) (17, 5.55864274501800537109e-01) (18, 1.15879476070404052734e+00) (0, 4.43237447738647460938e+00) (1, -5.17808437347412109375e-01) (2, -8.61877083778381347656e-01) (3, 3.37999820709228515625e+00) (4, -8.93822908401489257812e-01) (5, -1.84203982353210449219e-01) (6, 4.15000391006469726562e+00) (7, -8.18244695663452148438e-01) (8, -1.19917488098144531250e+00) (9, -5.48655652999877929688e+00) (10, 2.18987178802490234375e+00) (11, 3.93604516983032226562e+00) (12, -4.01773977279663085938e+00) (13, -3.11101222038269042969e+00) (14, 1.16120505332946777344e+00) (15, -2.80549740791320800781e+00) (16, -3.04108572006225585938e+00) (17, 9.79304075241088867188e-01) (18, -2.31486225128173828125e+00) (19, -2.08435702323913574219e+00) (20, -3.00834321975708007812e+00) (21, 1.59099507331848144531e+00) (19, 2.09155154228210449219e+00) (20, 3.01169133186340332031e+00) (21, -1.59507739543914794922e+00) 
