FANN_FLO_2.1
num_layers=4
learning_rate=0.400000
connection_rate=1.000000
network_type=0
learning_momentum=0.000000
training_algorithm=2
train_error_function=1
train_stop_function=0
cascade_output_change_fraction=0.010000
quickprop_decay=-0.000100
quickprop_mu=1.750000
rprop_increase_factor=1.200000
rprop_decrease_factor=0.500000
rprop_delta_min=0.000000
rprop_delta_max=50.000000
rprop_delta_zero=0.100000
cascade_output_stagnation_epochs=12
cascade_candidate_change_fraction=0.010000
cascade_candidate_stagnation_epochs=12
cascade_max_out_epochs=150
cascade_min_out_epochs=50
cascade_max_cand_epochs=150
cascade_min_cand_epochs=50
cascade_num_candidate_groups=2
bit_fail_limit=3.49999994039535522461e-01
cascade_candidate_limit=1.00000000000000000000e+03
cascade_weight_multiplier=4.00000005960464477539e-01
cascade_activation_functions_count=10
cascade_activation_functions=3 5 7 8 10 11 14 15 16 17 
cascade_activation_steepnesses_count=4
cascade_activation_steepnesses=2.50000000000000000000e-01 5.00000000000000000000e-01 7.50000000000000000000e-01 1.00000000000000000000e+00 
layer_sizes=7 5 5 2 
scale_included=0
neurons (num_inputs, activation_function, activation_steepness)=(0, 0, 0.00000000000000000000e+00) (0, 0, 0.00000000000000000000e+00) (0, 0, 0.00000000000000000000e+00) (0, 0, 0.00000000000000000000e+00) (0, 0, 0.00000000000000000000e+00) (0, 0, 0.00000000000000000000e+00) (0, 0, 0.00000000000000000000e+00) (7, 3, 5.00000000000000000000e-01) (7, 3, 5.00000000000000000000e-01) (7, 3, 5.00000000000000000000e-01) (7, 3, 5.00000000000000000000e-01) (0, 3, 0.00000000000000000000e+00) (5, 3, 5.00000000000000000000e-01) (5, 3, 5.00000000000000000000e-01) (5, 3, 5.00000000000000000000e-01) (5, 3, 5.00000000000000000000e-01) (0, 3, 0.00000000000000000000e+00) (5, 3, 5.00000000000000000000e-01) (0, 3, 0.00000000000000000000e+00) 
connections (connected_to_neuron, weight)=(0, 4.77241575717926025391e-01) (1, 4.67166423797607421875e+00) (2, -1.98054289817810058594e+00) (3, -1.00440378189086914062e+01) (4, -3.19335985183715820312e+00) (5, -1.22256267070770263672e+00) (6, 1.90347766876220703125e+00) (0, -2.58235383033752441406e+00) (1, -7.43891572952270507812e+00) (2, -1.48134708404541015625e+00) (3, -1.14030766487121582031e+00) (4, -1.44280326366424560547e+00) (5, 5.12059736251831054688e+00) (6, 3.40050625801086425781e+00) (0, 1.19619131088256835938e+01) (1, -1.31102466583251953125e+01) (2, 3.39455008506774902344e+00) (3, -5.84882211685180664062e+00) (4, -9.46495592594146728516e-01) (5, 4.23280477523803710938e+00) (6, 4.41422134637832641602e-01) (0, -8.43067932128906250000e+00) (1, 6.76943445205688476562e+00) (2, -8.05355072021484375000e+00) (3, -6.82010269165039062500e+00) (4, -2.20967268943786621094e+00) (5, -8.04315471649169921875e+00) (6, 4.32001829147338867188e+00) (7, -5.65192842483520507812e+00) (8, -8.14813899993896484375e+00) (9, 1.59895009994506835938e+01) (10, 1.41908845901489257812e+01) (11, -4.10502958297729492188e+00) (7, 5.89329862594604492188e+00) (8, 3.79546546936035156250e+01) (9, -2.13168792724609375000e+01) (10, 1.27635681629180908203e+00) (11, -7.43178606033325195312e-01) (7, 7.31072692871093750000e+01) (8, -1.42079782485961914062e+00) (9, -2.32782721519470214844e+00) (10, -2.47830696105957031250e+01) (11, -2.41154837608337402344e+00) (7, 8.61538600921630859375e+00) (8, -1.49034776687622070312e+01) (9, 1.32237033843994140625e+01) (10, -1.29070892333984375000e+01) (11, 8.13193225860595703125e+00) (12, -1.78555858135223388672e+00) (13, -1.55334544181823730469e+00) (14, -2.22756147384643554688e-01) (15, -4.01839852333068847656e-01) (16, -1.85768872499465942383e-01) 
