FANN_FLO_2.1
num_layers=3
learning_rate=0.500000
connection_rate=1.000000
network_type=0
learning_momentum=0.000000
training_algorithm=2
train_error_function=1
train_stop_function=0
cascade_output_change_fraction=0.010000
quickprop_decay=-0.000100
quickprop_mu=1.750000
rprop_increase_factor=1.200000
rprop_decrease_factor=0.500000
rprop_delta_min=0.000000
rprop_delta_max=50.000000
rprop_delta_zero=0.100000
cascade_output_stagnation_epochs=12
cascade_candidate_change_fraction=0.010000
cascade_candidate_stagnation_epochs=12
cascade_max_out_epochs=150
cascade_min_out_epochs=50
cascade_max_cand_epochs=150
cascade_min_cand_epochs=50
cascade_num_candidate_groups=2
bit_fail_limit=3.49999994039535522461e-01
cascade_candidate_limit=1.00000000000000000000e+03
cascade_weight_multiplier=4.00000005960464477539e-01
cascade_activation_functions_count=10
cascade_activation_functions=3 5 7 8 10 11 14 15 16 17 
cascade_activation_steepnesses_count=4
cascade_activation_steepnesses=2.50000000000000000000e-01 5.00000000000000000000e-01 7.50000000000000000000e-01 1.00000000000000000000e+00 
layer_sizes=10 5 2 
scale_included=0
neurons (num_inputs, activation_function, activation_steepness)=(0, 0, 0.00000000000000000000e+00) (0, 0, 0.00000000000000000000e+00) (0, 0, 0.00000000000000000000e+00) (0, 0, 0.00000000000000000000e+00) (0, 0, 0.00000000000000000000e+00) (0, 0, 0.00000000000000000000e+00) (0, 0, 0.00000000000000000000e+00) (0, 0, 0.00000000000000000000e+00) (0, 0, 0.00000000000000000000e+00) (0, 0, 0.00000000000000000000e+00) (10, 3, 5.00000000000000000000e-01) (10, 3, 5.00000000000000000000e-01) (10, 3, 5.00000000000000000000e-01) (10, 3, 5.00000000000000000000e-01) (0, 3, 0.00000000000000000000e+00) (5, 3, 5.00000000000000000000e-01) (0, 3, 0.00000000000000000000e+00) 
connections (connected_to_neuron, weight)=(0, 2.59882378578186035156e+00) (1, 2.21655344963073730469e+00) (2, 3.01213321685791015625e+01) (3, -9.66523289680480957031e-01) (4, -3.28587460517883300781e+00) (5, 2.29806556701660156250e+01) (6, -3.53061294555664062500e+00) (7, -1.40383024215698242188e+01) (8, -8.50926208496093750000e+00) (9, -6.70123147964477539062e+00) (0, -3.07276487350463867188e+00) (1, 1.41073932647705078125e+01) (2, 6.66946125030517578125e+00) (3, -2.10065960884094238281e+00) (4, 2.01806282997131347656e+00) (5, 8.37431430816650390625e-01) (6, -2.33673119544982910156e+00) (7, -2.56475424766540527344e+00) (8, -1.42552251815795898438e+01) (9, 1.72057271003723144531e-01) (0, -1.38956040143966674805e-01) (1, 9.45040321350097656250e+00) (2, 6.52883481979370117188e+00) (3, -2.13269925117492675781e+00) (4, -7.62187242507934570312e-02) (5, 4.73557329177856445312e+00) (6, -3.25755429267883300781e+00) (7, -1.88351497650146484375e+01) (8, 3.61757564544677734375e+00) (9, -1.16607081890106201172e+00) (0, 1.87901151180267333984e+00) (1, 1.01435346603393554688e+01) (2, 2.28061169385910034180e-01) (3, 3.96894752979278564453e-01) (4, 2.64180451631546020508e-01) (5, 2.89746689796447753906e+00) (6, -5.78907907009124755859e-01) (7, -5.32990217208862304688e+00) (8, -1.25712718963623046875e+01) (9, 5.39769828319549560547e-01) (10, -3.55898022651672363281e+00) (11, 1.03340351581573486328e+00) (12, 3.53296208381652832031e+00) (13, -1.03810954093933105469e+00) (14, 8.96741032600402832031e-01) 
