FANN_FLO_2.1
num_layers=3
learning_rate=0.400000
connection_rate=1.000000
network_type=0
learning_momentum=0.000000
training_algorithm=2
train_error_function=1
train_stop_function=0
cascade_output_change_fraction=0.010000
quickprop_decay=-0.000100
quickprop_mu=1.750000
rprop_increase_factor=1.200000
rprop_decrease_factor=0.500000
rprop_delta_min=0.000000
rprop_delta_max=50.000000
rprop_delta_zero=0.100000
cascade_output_stagnation_epochs=12
cascade_candidate_change_fraction=0.010000
cascade_candidate_stagnation_epochs=12
cascade_max_out_epochs=150
cascade_min_out_epochs=50
cascade_max_cand_epochs=150
cascade_min_cand_epochs=50
cascade_num_candidate_groups=2
bit_fail_limit=3.49999994039535522461e-01
cascade_candidate_limit=1.00000000000000000000e+03
cascade_weight_multiplier=4.00000005960464477539e-01
cascade_activation_functions_count=10
cascade_activation_functions=3 5 7 8 10 11 14 15 16 17 
cascade_activation_steepnesses_count=4
cascade_activation_steepnesses=2.50000000000000000000e-01 5.00000000000000000000e-01 7.50000000000000000000e-01 1.00000000000000000000e+00 
layer_sizes=7 9 2 
scale_included=0
neurons (num_inputs, activation_function, activation_steepness)=(0, 0, 0.00000000000000000000e+00) (0, 0, 0.00000000000000000000e+00) (0, 0, 0.00000000000000000000e+00) (0, 0, 0.00000000000000000000e+00) (0, 0, 0.00000000000000000000e+00) (0, 0, 0.00000000000000000000e+00) (0, 0, 0.00000000000000000000e+00) (7, 3, 5.00000000000000000000e-01) (7, 3, 5.00000000000000000000e-01) (7, 3, 5.00000000000000000000e-01) (7, 3, 5.00000000000000000000e-01) (7, 3, 5.00000000000000000000e-01) (7, 3, 5.00000000000000000000e-01) (7, 3, 5.00000000000000000000e-01) (7, 3, 5.00000000000000000000e-01) (0, 3, 0.00000000000000000000e+00) (9, 3, 5.00000000000000000000e-01) (0, 3, 0.00000000000000000000e+00) 
connections (connected_to_neuron, weight)=(0, -3.34107470512390136719e+00) (1, -3.52323079109191894531e+00) (2, -5.46390485763549804688e+00) (3, 1.39219427108764648438e+00) (4, 3.33035778999328613281e+00) (5, 1.98432207107543945312e+00) (6, -8.62023115158081054688e-01) (0, 2.52418804168701171875e+00) (1, -3.14803928136825561523e-01) (2, -2.41453889757394790649e-02) (3, 1.40528547763824462891e+00) (4, 2.82866930961608886719e+00) (5, 2.42261067032814025879e-02) (6, -1.56461489200592041016e+00) (0, 6.53414726257324218750e+00) (1, 1.73528051376342773438e+00) (2, -1.08661055564880371094e+00) (3, -7.71808147430419921875e+00) (4, -1.57981550693511962891e+00) (5, 6.87371540069580078125e+00) (6, 9.00729477405548095703e-01) (0, -1.54794871807098388672e+00) (1, -1.62776613235473632812e+00) (2, 5.70928692817687988281e-01) (3, 1.10792851448059082031e+00) (4, -3.13353210687637329102e-01) (5, 2.17049980163574218750e+00) (6, -1.74253249168395996094e+00) (0, -1.59203565120697021484e+00) (1, -1.65267431735992431641e+00) (2, -2.40843224525451660156e+00) (3, -7.74605131149291992188e+00) (4, 1.60890507698059082031e+00) (5, 1.28243350982666015625e+01) (6, 7.94434547424316406250e-01) (0, -1.49181580543518066406e+00) (1, -1.49807131290435791016e+00) (2, -1.70929682254791259766e+00) (3, 1.40701663494110107422e+00) (4, 1.55265048146247863770e-01) (5, 4.13718509674072265625e+00) (6, -2.15648221969604492188e+00) (0, -1.00708043575286865234e+00) (1, -1.26340913772583007812e+00) (2, -2.62766385078430175781e+00) (3, 2.41170573234558105469e+00) (4, -4.58511972427368164062e+00) (5, 8.69788742065429687500e+00) (6, -2.22267627716064453125e+00) (0, -2.44923162460327148438e+00) (1, -1.45920729637145996094e+00) (2, 4.43162631988525390625e+00) (3, -1.06243276596069335938e+01) (4, 9.79697322845458984375e+00) (5, -7.10210132598876953125e+00) (6, -4.70694243907928466797e-01) (7, 1.55467736721038818359e+00) (8, 3.05087029933929443359e-01) (9, -1.06597137451171875000e+00) (10, -7.86312520503997802734e-01) (11, -2.00323915481567382812e+00) (12, 2.89627981185913085938e+00) (13, 1.74559879302978515625e+00) (14, 1.75541877746582031250e+00) (15, -3.45032066106796264648e-01) 
