FANN_FLO_2.1
num_layers=4
learning_rate=0.500000
connection_rate=1.000000
network_type=0
learning_momentum=0.000000
training_algorithm=2
train_error_function=1
train_stop_function=0
cascade_output_change_fraction=0.010000
quickprop_decay=-0.000100
quickprop_mu=1.750000
rprop_increase_factor=1.200000
rprop_decrease_factor=0.500000
rprop_delta_min=0.000000
rprop_delta_max=50.000000
rprop_delta_zero=0.100000
cascade_output_stagnation_epochs=12
cascade_candidate_change_fraction=0.010000
cascade_candidate_stagnation_epochs=12
cascade_max_out_epochs=150
cascade_min_out_epochs=50
cascade_max_cand_epochs=150
cascade_min_cand_epochs=50
cascade_num_candidate_groups=2
bit_fail_limit=3.49999994039535522461e-01
cascade_candidate_limit=1.00000000000000000000e+03
cascade_weight_multiplier=4.00000005960464477539e-01
cascade_activation_functions_count=10
cascade_activation_functions=3 5 7 8 10 11 14 15 16 17 
cascade_activation_steepnesses_count=4
cascade_activation_steepnesses=2.50000000000000000000e-01 5.00000000000000000000e-01 7.50000000000000000000e-01 1.00000000000000000000e+00 
layer_sizes=2 5 3 3 
scale_included=0
neurons (num_inputs, activation_function, activation_steepness)=(0, 0, 0.00000000000000000000e+00) (0, 0, 0.00000000000000000000e+00) (2, 3, 5.00000000000000000000e-01) (2, 3, 5.00000000000000000000e-01) (2, 3, 5.00000000000000000000e-01) (2, 3, 5.00000000000000000000e-01) (0, 3, 0.00000000000000000000e+00) (5, 3, 5.00000000000000000000e-01) (5, 3, 5.00000000000000000000e-01) (0, 3, 0.00000000000000000000e+00) (3, 0, 5.00000000000000000000e-01) (3, 0, 5.00000000000000000000e-01) (0, 0, 0.00000000000000000000e+00) 
connections (connected_to_neuron, weight)=(0, 1.24254798889160156250e+01) (1, -1.57418525218963623047e+00) (0, 1.60311946868896484375e+01) (1, -7.89468145370483398438e+00) (0, 1.41172714233398437500e+01) (1, -3.38655638694763183594e+00) (0, 1.14075193405151367188e+01) (1, -5.10901260375976562500e+00) (2, 7.02008867263793945312e+00) (3, -7.40501821041107177734e-01) (4, -3.99753260612487792969e+00) (5, -3.90174794197082519531e+00) (6, -1.39936482906341552734e+00) (2, -5.29912650585174560547e-01) (3, -6.18537855148315429688e+00) (4, -1.67386198043823242188e+00) (5, -6.84501647949218750000e-01) (6, 7.11000144481658935547e-01) (7, -3.51081037521362304688e+00) (8, 1.18613803386688232422e+00) (9, 6.85003280639648437500e-01) (7, 1.39014393091201782227e-01) (8, 6.35404205322265625000e+00) (9, -2.08643603324890136719e+00) 
