FANN_FLO_2.1
num_layers=4
learning_rate=0.500000
connection_rate=1.000000
network_type=0
learning_momentum=0.000000
training_algorithm=2
train_error_function=1
train_stop_function=0
cascade_output_change_fraction=0.010000
quickprop_decay=-0.000100
quickprop_mu=1.750000
rprop_increase_factor=1.200000
rprop_decrease_factor=0.500000
rprop_delta_min=0.000000
rprop_delta_max=50.000000
rprop_delta_zero=0.100000
cascade_output_stagnation_epochs=12
cascade_candidate_change_fraction=0.010000
cascade_candidate_stagnation_epochs=12
cascade_max_out_epochs=150
cascade_min_out_epochs=50
cascade_max_cand_epochs=150
cascade_min_cand_epochs=50
cascade_num_candidate_groups=2
bit_fail_limit=3.49999994039535522461e-01
cascade_candidate_limit=1.00000000000000000000e+03
cascade_weight_multiplier=4.00000005960464477539e-01
cascade_activation_functions_count=10
cascade_activation_functions=3 5 7 8 10 11 14 15 16 17 
cascade_activation_steepnesses_count=4
cascade_activation_steepnesses=2.50000000000000000000e-01 5.00000000000000000000e-01 7.50000000000000000000e-01 1.00000000000000000000e+00 
layer_sizes=10 5 3 2 
scale_included=0
neurons (num_inputs, activation_function, activation_steepness)=(0, 0, 0.00000000000000000000e+00) (0, 0, 0.00000000000000000000e+00) (0, 0, 0.00000000000000000000e+00) (0, 0, 0.00000000000000000000e+00) (0, 0, 0.00000000000000000000e+00) (0, 0, 0.00000000000000000000e+00) (0, 0, 0.00000000000000000000e+00) (0, 0, 0.00000000000000000000e+00) (0, 0, 0.00000000000000000000e+00) (0, 0, 0.00000000000000000000e+00) (10, 3, 5.00000000000000000000e-01) (10, 3, 5.00000000000000000000e-01) (10, 3, 5.00000000000000000000e-01) (10, 3, 5.00000000000000000000e-01) (0, 3, 0.00000000000000000000e+00) (5, 3, 5.00000000000000000000e-01) (5, 3, 5.00000000000000000000e-01) (0, 3, 0.00000000000000000000e+00) (3, 3, 5.00000000000000000000e-01) (0, 3, 0.00000000000000000000e+00) 
connections (connected_to_neuron, weight)=(0, -2.03255290985107421875e+01) (1, -1.56486332416534423828e-01) (2, -4.56481628417968750000e+01) (3, 8.72189342975616455078e-01) (4, -9.02790069580078125000e-01) (5, -1.60888557434082031250e+01) (6, 4.28070617675781250000e+02) (7, 4.08777191162109375000e+02) (8, -8.32075012207031250000e+02) (9, -2.66973400115966796875e+00) (0, 1.91074490547180175781e-01) (1, 1.11092157363891601562e+01) (2, 5.54120826721191406250e+00) (3, 5.94012718200683593750e+01) (4, 4.51909494400024414062e+00) (5, -5.06953620910644531250e+00) (6, -1.49419891834259033203e+00) (7, 1.29931579589843750000e+03) (8, -1.44639282226562500000e+03) (9, 5.69693565368652343750e-01) (0, 3.66809368133544921875e-01) (1, -8.98441970348358154297e-01) (2, 3.08699750900268554688e+00) (3, -1.88860046863555908203e+00) (4, -8.24649930000305175781e-01) (5, -4.34402847290039062500e+00) (6, -3.03989052772521972656e+00) (7, -9.58886051177978515625e+00) (8, 1.72831649780273437500e+01) (9, 1.45856404304504394531e+00) (0, -4.58009719848632812500e+00) (1, 3.78163725137710571289e-01) (2, 1.77156352996826171875e+00) (3, 2.10247278213500976562e+00) (4, 2.09139466285705566406e-01) (5, 4.70838069915771484375e+00) (6, -4.51587390899658203125e+00) (7, 1.00040042400360107422e+00) (8, -1.81681311130523681641e+00) (9, -1.87523141503334045410e-01) (10, -9.82424163818359375000e+00) (11, 3.33875942230224609375e+00) (12, 1.65559558868408203125e+01) (13, -3.74861335754394531250e+01) (14, 2.24301934242248535156e+00) (10, 2.34105396270751953125e+01) (11, -2.03833694458007812500e+01) (12, 1.25345458984375000000e+01) (13, -6.50134515762329101562e+00) (14, 1.56672930717468261719e+00) (15, -2.28163075447082519531e+00) (16, 6.55564486980438232422e-01) (17, 2.27303549647331237793e-01) 
