FANN_FLO_2.1
num_layers=3
learning_rate=0.400000
connection_rate=1.000000
network_type=0
learning_momentum=0.000000
training_algorithm=2
train_error_function=1
train_stop_function=0
cascade_output_change_fraction=0.010000
quickprop_decay=-0.000100
quickprop_mu=1.750000
rprop_increase_factor=1.200000
rprop_decrease_factor=0.500000
rprop_delta_min=0.000000
rprop_delta_max=50.000000
rprop_delta_zero=0.100000
cascade_output_stagnation_epochs=12
cascade_candidate_change_fraction=0.010000
cascade_candidate_stagnation_epochs=12
cascade_max_out_epochs=150
cascade_min_out_epochs=50
cascade_max_cand_epochs=150
cascade_min_cand_epochs=50
cascade_num_candidate_groups=2
bit_fail_limit=3.49999994039535522461e-01
cascade_candidate_limit=1.00000000000000000000e+03
cascade_weight_multiplier=4.00000005960464477539e-01
cascade_activation_functions_count=10
cascade_activation_functions=3 5 7 8 10 11 14 15 16 17 
cascade_activation_steepnesses_count=4
cascade_activation_steepnesses=2.50000000000000000000e-01 5.00000000000000000000e-01 7.50000000000000000000e-01 1.00000000000000000000e+00 
layer_sizes=7 9 2 
scale_included=0
neurons (num_inputs, activation_function, activation_steepness)=(0, 0, 0.00000000000000000000e+00) (0, 0, 0.00000000000000000000e+00) (0, 0, 0.00000000000000000000e+00) (0, 0, 0.00000000000000000000e+00) (0, 0, 0.00000000000000000000e+00) (0, 0, 0.00000000000000000000e+00) (0, 0, 0.00000000000000000000e+00) (7, 3, 5.00000000000000000000e-01) (7, 3, 5.00000000000000000000e-01) (7, 3, 5.00000000000000000000e-01) (7, 3, 5.00000000000000000000e-01) (7, 3, 5.00000000000000000000e-01) (7, 3, 5.00000000000000000000e-01) (7, 3, 5.00000000000000000000e-01) (7, 3, 5.00000000000000000000e-01) (0, 3, 0.00000000000000000000e+00) (9, 3, 5.00000000000000000000e-01) (0, 3, 0.00000000000000000000e+00) 
connections (connected_to_neuron, weight)=(0, 5.29761135578155517578e-01) (1, 4.62267577648162841797e-01) (2, -1.07441294193267822266e+00) (3, -8.73394370079040527344e-01) (4, -1.70252215862274169922e+00) (5, 8.28812897205352783203e-01) (6, 8.52939605712890625000e-01) (0, -1.67470085620880126953e+00) (1, -1.44992113113403320312e+00) (2, -1.35221266746520996094e+00) (3, 1.83008158206939697266e+00) (4, 4.76715624332427978516e-01) (5, 1.26781010627746582031e+00) (6, -1.44830262660980224609e+00) (0, 6.09364807605743408203e-01) (1, 6.45836055278778076172e-01) (2, -6.04362666606903076172e-01) (3, -2.82546132802963256836e-01) (4, -2.79596257209777832031e+00) (5, 1.92372500896453857422e-01) (6, 4.53666895627975463867e-01) (0, -4.66742664575576782227e-01) (1, -1.13706564903259277344e+00) (2, -4.33840490877628326416e-02) (3, 6.86255335807800292969e-01) (4, 1.14102525711059570312e+01) (5, -8.87926483154296875000e+00) (6, -7.31583416461944580078e-01) (0, 9.38406065106391906738e-02) (1, -1.18635034561157226562e+00) (2, -2.17509222030639648438e+00) (3, 1.51305639743804931641e+00) (4, -4.79960107803344726562e+00) (5, 8.86779499053955078125e+00) (6, -3.57278704643249511719e+00) (0, 4.84447300434112548828e-01) (1, 4.83985632658004760742e-01) (2, -1.15254187583923339844e+00) (3, -8.88268709182739257812e-01) (4, -1.58477675914764404297e+00) (5, 1.05027365684509277344e+00) (6, 7.84334421157836914062e-01) (0, -4.94752597808837890625e+00) (1, -1.75896072387695312500e+00) (2, -2.68329453468322753906e+00) (3, 1.10754454135894775391e+00) (4, 3.05571532249450683594e+00) (5, 1.70074248313903808594e+00) (6, -2.33209729194641113281e+00) (0, 3.46300315856933593750e+00) (1, 6.41321539878845214844e-01) (2, -8.80880260467529296875e+00) (3, -1.06366860866546630859e+00) (4, -3.12530922889709472656e+00) (5, 5.90959310531616210938e+00) (6, 3.93025064468383789062e+00) (7, -2.14000940322875976562e+00) (8, 1.29976534843444824219e+00) (9, -4.57500278949737548828e-01) (10, 1.25309991836547851562e+00) (11, 3.16806197166442871094e+00) (12, -1.05510270595550537109e+00) (13, 4.03601169586181640625e+00) (14, -9.90546882152557373047e-01) (15, -1.80406183004379272461e-01) 
