FANN_FLO_2.1
num_layers=4
learning_rate=0.400000
connection_rate=1.000000
network_type=0
learning_momentum=0.000000
training_algorithm=2
train_error_function=1
train_stop_function=0
cascade_output_change_fraction=0.010000
quickprop_decay=-0.000100
quickprop_mu=1.750000
rprop_increase_factor=1.200000
rprop_decrease_factor=0.500000
rprop_delta_min=0.000000
rprop_delta_max=50.000000
rprop_delta_zero=0.100000
cascade_output_stagnation_epochs=12
cascade_candidate_change_fraction=0.010000
cascade_candidate_stagnation_epochs=12
cascade_max_out_epochs=150
cascade_min_out_epochs=50
cascade_max_cand_epochs=150
cascade_min_cand_epochs=50
cascade_num_candidate_groups=2
bit_fail_limit=3.49999994039535522461e-01
cascade_candidate_limit=1.00000000000000000000e+03
cascade_weight_multiplier=4.00000005960464477539e-01
cascade_activation_functions_count=10
cascade_activation_functions=3 5 7 8 10 11 14 15 16 17 
cascade_activation_steepnesses_count=4
cascade_activation_steepnesses=2.50000000000000000000e-01 5.00000000000000000000e-01 7.50000000000000000000e-01 1.00000000000000000000e+00 
layer_sizes=7 3 3 2 
scale_included=0
neurons (num_inputs, activation_function, activation_steepness)=(0, 0, 0.00000000000000000000e+00) (0, 0, 0.00000000000000000000e+00) (0, 0, 0.00000000000000000000e+00) (0, 0, 0.00000000000000000000e+00) (0, 0, 0.00000000000000000000e+00) (0, 0, 0.00000000000000000000e+00) (0, 0, 0.00000000000000000000e+00) (7, 3, 5.00000000000000000000e-01) (7, 3, 5.00000000000000000000e-01) (0, 3, 0.00000000000000000000e+00) (3, 3, 5.00000000000000000000e-01) (3, 3, 5.00000000000000000000e-01) (0, 3, 0.00000000000000000000e+00) (3, 3, 5.00000000000000000000e-01) (0, 3, 0.00000000000000000000e+00) 
connections (connected_to_neuron, weight)=(0, -1.05334197998046875000e+02) (1, 1.04671821594238281250e+02) (2, 2.47018122673034667969e+00) (3, -1.11166944503784179688e+01) (4, -4.37054491043090820312e+00) (5, 1.50000000000000000000e+03) (6, 6.89831018447875976562e+00) (0, -5.29833078384399414062e+00) (1, -6.19937276840209960938e+00) (2, 7.67259740829467773438e+00) (3, -1.09243698120117187500e+01) (4, -5.85896396636962890625e+00) (5, -3.45576095581054687500e+00) (6, 1.42444772720336914062e+01) (7, -1.61884498596191406250e+00) (8, 1.50000000000000000000e+03) (9, -4.67576551437377929688e+00) (7, 2.00463771820068359375e+00) (8, 1.47771203517913818359e+00) (9, -2.89035391807556152344e+00) (10, -6.29711091518402099609e-01) (11, -3.92817640304565429688e+00) (12, -1.01060891151428222656e+00) 
