FANN_FLO_2.1
num_layers=3
learning_rate=0.500000
connection_rate=1.000000
network_type=0
learning_momentum=0.000000
training_algorithm=2
train_error_function=1
train_stop_function=0
cascade_output_change_fraction=0.010000
quickprop_decay=-0.000100
quickprop_mu=1.750000
rprop_increase_factor=1.200000
rprop_decrease_factor=0.500000
rprop_delta_min=0.000000
rprop_delta_max=50.000000
rprop_delta_zero=0.100000
cascade_output_stagnation_epochs=12
cascade_candidate_change_fraction=0.010000
cascade_candidate_stagnation_epochs=12
cascade_max_out_epochs=150
cascade_min_out_epochs=50
cascade_max_cand_epochs=150
cascade_min_cand_epochs=50
cascade_num_candidate_groups=2
bit_fail_limit=3.49999994039535522461e-01
cascade_candidate_limit=1.00000000000000000000e+03
cascade_weight_multiplier=4.00000005960464477539e-01
cascade_activation_functions_count=10
cascade_activation_functions=3 5 7 8 10 11 14 15 16 17 
cascade_activation_steepnesses_count=4
cascade_activation_steepnesses=2.50000000000000000000e-01 5.00000000000000000000e-01 7.50000000000000000000e-01 1.00000000000000000000e+00 
layer_sizes=10 3 2 
scale_included=0
neurons (num_inputs, activation_function, activation_steepness)=(0, 0, 0.00000000000000000000e+00) (0, 0, 0.00000000000000000000e+00) (0, 0, 0.00000000000000000000e+00) (0, 0, 0.00000000000000000000e+00) (0, 0, 0.00000000000000000000e+00) (0, 0, 0.00000000000000000000e+00) (0, 0, 0.00000000000000000000e+00) (0, 0, 0.00000000000000000000e+00) (0, 0, 0.00000000000000000000e+00) (0, 0, 0.00000000000000000000e+00) (10, 3, 5.00000000000000000000e-01) (10, 3, 5.00000000000000000000e-01) (0, 3, 0.00000000000000000000e+00) (3, 3, 5.00000000000000000000e-01) (0, 3, 0.00000000000000000000e+00) 
connections (connected_to_neuron, weight)=(0, 1.80148923397064208984e+00) (1, -6.24780893325805664062e-01) (2, -5.40059127807617187500e+01) (3, -6.29263639450073242188e+00) (4, 3.38713912963867187500e+01) (5, -3.43713641166687011719e+00) (6, 1.45216941833496093750e+01) (7, 9.63694810867309570312e-01) (8, 1.32343912124633789062e+00) (9, 4.41807746887207031250e-01) (0, -9.48161423206329345703e-01) (1, 1.57966470718383789062e+00) (2, 1.34857892990112304688e+01) (3, 3.88234615325927734375e-01) (4, 1.80601024627685546875e+00) (5, -4.84399110078811645508e-01) (6, -4.85075044631958007812e+00) (7, -2.00666275024414062500e+01) (8, 3.58455753326416015625e+00) (9, 9.31426465511322021484e-01) (10, 4.26677656173706054688e+00) (11, 4.31263351440429687500e+00) (12, -3.39950275421142578125e+00) 
