FANN_FLO_2.1
num_layers=4
learning_rate=0.500000
connection_rate=1.000000
network_type=0
learning_momentum=0.000000
training_algorithm=2
train_error_function=1
train_stop_function=0
cascade_output_change_fraction=0.010000
quickprop_decay=-0.000100
quickprop_mu=1.750000
rprop_increase_factor=1.200000
rprop_decrease_factor=0.500000
rprop_delta_min=0.000000
rprop_delta_max=50.000000
rprop_delta_zero=0.100000
cascade_output_stagnation_epochs=12
cascade_candidate_change_fraction=0.010000
cascade_candidate_stagnation_epochs=12
cascade_max_out_epochs=150
cascade_min_out_epochs=50
cascade_max_cand_epochs=150
cascade_min_cand_epochs=50
cascade_num_candidate_groups=2
bit_fail_limit=3.49999994039535522461e-01
cascade_candidate_limit=1.00000000000000000000e+03
cascade_weight_multiplier=4.00000005960464477539e-01
cascade_activation_functions_count=10
cascade_activation_functions=3 5 7 8 10 11 14 15 16 17 
cascade_activation_steepnesses_count=4
cascade_activation_steepnesses=2.50000000000000000000e-01 5.00000000000000000000e-01 7.50000000000000000000e-01 1.00000000000000000000e+00 
layer_sizes=10 5 3 2 
scale_included=0
neurons (num_inputs, activation_function, activation_steepness)=(0, 0, 0.00000000000000000000e+00) (0, 0, 0.00000000000000000000e+00) (0, 0, 0.00000000000000000000e+00) (0, 0, 0.00000000000000000000e+00) (0, 0, 0.00000000000000000000e+00) (0, 0, 0.00000000000000000000e+00) (0, 0, 0.00000000000000000000e+00) (0, 0, 0.00000000000000000000e+00) (0, 0, 0.00000000000000000000e+00) (0, 0, 0.00000000000000000000e+00) (10, 3, 5.00000000000000000000e-01) (10, 3, 5.00000000000000000000e-01) (10, 3, 5.00000000000000000000e-01) (10, 3, 5.00000000000000000000e-01) (0, 3, 0.00000000000000000000e+00) (5, 3, 5.00000000000000000000e-01) (5, 3, 5.00000000000000000000e-01) (0, 3, 0.00000000000000000000e+00) (3, 3, 5.00000000000000000000e-01) (0, 3, 0.00000000000000000000e+00) 
connections (connected_to_neuron, weight)=(0, -1.07158422470092773438e+00) (1, -9.55020713806152343750e+00) (2, -5.55024480819702148438e+00) (3, 3.03205549716949462891e-01) (4, -9.02600400149822235107e-03) (5, 1.90044656395912170410e-01) (6, 1.22827701568603515625e+01) (7, 3.49378317594528198242e-01) (8, 4.67876434326171875000e+00) (9, -6.23447418212890625000e-01) (0, 3.01855802536010742188e-01) (1, -1.13806228637695312500e+01) (2, 3.79497110843658447266e-01) (3, 5.21657764911651611328e-01) (4, -1.10122089385986328125e+01) (5, 8.99385035037994384766e-01) (6, 7.24584913253784179688e+00) (7, 7.79826593399047851562e+00) (8, 1.01032190322875976562e+01) (9, -7.30812311172485351562e-01) (0, -3.96775841712951660156e+00) (1, -1.50180177688598632812e+01) (2, -2.52133536338806152344e+00) (3, 5.74571323394775390625e+00) (4, -1.93759739398956298828e+00) (5, 1.73761785030364990234e+00) (6, 7.88220548629760742188e+00) (7, 2.28226780891418457031e+00) (8, 4.78256511688232421875e+00) (9, -3.42848122119903564453e-01) (0, -1.83877611160278320312e+00) (1, -2.99280047416687011719e+00) (2, -1.78814926147460937500e+01) (3, -1.79277718067169189453e+00) (4, -3.31842374801635742188e+00) (5, 1.96593904495239257812e+00) (6, 2.30579891204833984375e+01) (7, 9.78290081024169921875e+00) (8, 2.14944171905517578125e+00) (9, -1.08139061927795410156e+00) (10, 7.18036365509033203125e+00) (11, -1.08239469528198242188e+01) (12, -4.41778039932250976562e+00) (13, -2.03578448295593261719e+00) (14, 5.01477241516113281250e+00) (10, -9.69789886474609375000e+00) (11, -1.64711916446685791016e+00) (12, -4.23846530914306640625e+00) (13, 7.95701169967651367188e+00) (14, 2.36554265022277832031e+00) (15, 3.95285558700561523438e+00) (16, -4.35651493072509765625e+00) (17, 8.87237846851348876953e-01) 
