FANN_FLO_2.1
num_layers=3
learning_rate=0.400000
connection_rate=1.000000
network_type=0
learning_momentum=0.000000
training_algorithm=2
train_error_function=1
train_stop_function=0
cascade_output_change_fraction=0.010000
quickprop_decay=-0.000100
quickprop_mu=1.750000
rprop_increase_factor=1.200000
rprop_decrease_factor=0.500000
rprop_delta_min=0.000000
rprop_delta_max=50.000000
rprop_delta_zero=0.100000
cascade_output_stagnation_epochs=12
cascade_candidate_change_fraction=0.010000
cascade_candidate_stagnation_epochs=12
cascade_max_out_epochs=150
cascade_min_out_epochs=50
cascade_max_cand_epochs=150
cascade_min_cand_epochs=50
cascade_num_candidate_groups=2
bit_fail_limit=3.49999994039535522461e-01
cascade_candidate_limit=1.00000000000000000000e+03
cascade_weight_multiplier=4.00000005960464477539e-01
cascade_activation_functions_count=10
cascade_activation_functions=3 5 7 8 10 11 14 15 16 17 
cascade_activation_steepnesses_count=4
cascade_activation_steepnesses=2.50000000000000000000e-01 5.00000000000000000000e-01 7.50000000000000000000e-01 1.00000000000000000000e+00 
layer_sizes=7 5 2 
scale_included=0
neurons (num_inputs, activation_function, activation_steepness)=(0, 0, 0.00000000000000000000e+00) (0, 0, 0.00000000000000000000e+00) (0, 0, 0.00000000000000000000e+00) (0, 0, 0.00000000000000000000e+00) (0, 0, 0.00000000000000000000e+00) (0, 0, 0.00000000000000000000e+00) (0, 0, 0.00000000000000000000e+00) (7, 3, 5.00000000000000000000e-01) (7, 3, 5.00000000000000000000e-01) (7, 3, 5.00000000000000000000e-01) (7, 3, 5.00000000000000000000e-01) (0, 3, 0.00000000000000000000e+00) (5, 3, 5.00000000000000000000e-01) (0, 3, 0.00000000000000000000e+00) 
connections (connected_to_neuron, weight)=(0, 4.06888055801391601562e+00) (1, 7.80969715118408203125e+00) (2, 4.76756334304809570312e+00) (3, -4.07923889160156250000e+00) (4, -3.92956328392028808594e+00) (5, -4.91815233230590820312e+00) (6, 4.30869483947753906250e+00) (0, 9.19608020782470703125e+00) (1, 9.04769134521484375000e+00) (2, 5.99715232849121093750e-01) (3, -5.67679595947265625000e+00) (4, -1.32595574855804443359e+00) (5, -9.87933444976806640625e+00) (6, 3.28207182884216308594e+00) (0, -3.32670152187347412109e-01) (1, 2.69978165626525878906e+00) (2, 1.75137293338775634766e+00) (3, -1.33160629272460937500e+01) (4, 8.35007905960083007812e-01) (5, -1.27934646606445312500e+00) (6, 6.62512969970703125000e+00) (0, -1.65990905761718750000e+01) (1, 2.27012681961059570312e+00) (2, 8.98531627655029296875e+00) (3, 1.58051586151123046875e+01) (4, -1.76725482940673828125e+01) (5, 2.30729794502258300781e+00) (6, 1.63427507877349853516e+00) (7, -2.22910261154174804688e+00) (8, -9.54927325248718261719e-01) (9, -1.40177559852600097656e+00) (10, -1.79581081867218017578e+00) (11, 4.30755949020385742188e+00) 
