FANN_FLO_2.1
num_layers=3
learning_rate=0.400000
connection_rate=1.000000
network_type=0
learning_momentum=0.000000
training_algorithm=2
train_error_function=1
train_stop_function=0
cascade_output_change_fraction=0.010000
quickprop_decay=-0.000100
quickprop_mu=1.750000
rprop_increase_factor=1.200000
rprop_decrease_factor=0.500000
rprop_delta_min=0.000000
rprop_delta_max=50.000000
rprop_delta_zero=0.100000
cascade_output_stagnation_epochs=12
cascade_candidate_change_fraction=0.010000
cascade_candidate_stagnation_epochs=12
cascade_max_out_epochs=150
cascade_min_out_epochs=50
cascade_max_cand_epochs=150
cascade_min_cand_epochs=50
cascade_num_candidate_groups=2
bit_fail_limit=3.49999994039535522461e-01
cascade_candidate_limit=1.00000000000000000000e+03
cascade_weight_multiplier=4.00000005960464477539e-01
cascade_activation_functions_count=10
cascade_activation_functions=3 5 7 8 10 11 14 15 16 17 
cascade_activation_steepnesses_count=4
cascade_activation_steepnesses=2.50000000000000000000e-01 5.00000000000000000000e-01 7.50000000000000000000e-01 1.00000000000000000000e+00 
layer_sizes=7 5 2 
scale_included=0
neurons (num_inputs, activation_function, activation_steepness)=(0, 0, 0.00000000000000000000e+00) (0, 0, 0.00000000000000000000e+00) (0, 0, 0.00000000000000000000e+00) (0, 0, 0.00000000000000000000e+00) (0, 0, 0.00000000000000000000e+00) (0, 0, 0.00000000000000000000e+00) (0, 0, 0.00000000000000000000e+00) (7, 3, 5.00000000000000000000e-01) (7, 3, 5.00000000000000000000e-01) (7, 3, 5.00000000000000000000e-01) (7, 3, 5.00000000000000000000e-01) (0, 3, 0.00000000000000000000e+00) (5, 3, 5.00000000000000000000e-01) (0, 3, 0.00000000000000000000e+00) 
connections (connected_to_neuron, weight)=(0, -8.92806625366210937500e+00) (1, 8.42287445068359375000e+00) (2, 2.21301484107971191406e+00) (3, -1.29382753372192382812e+00) (4, -2.75382089614868164062e+00) (5, 3.07582139968872070312e+00) (6, 1.60904991626739501953e+00) (0, -6.60661697387695312500e+00) (1, 2.14565968513488769531e+00) (2, -1.10418300628662109375e+01) (3, -5.86261892318725585938e+00) (4, 4.88831377029418945312e+00) (5, -2.53232717514038085938e+00) (6, 2.40923428535461425781e+00) (0, 9.00692653656005859375e+00) (1, -9.72163963317871093750e+00) (2, 5.70717811584472656250e+00) (3, -1.63109636306762695312e+00) (4, -5.34875571727752685547e-01) (5, 3.38246297836303710938e+00) (6, -3.80251693725585937500e+00) (0, -1.60152041912078857422e+00) (1, 3.52787554264068603516e-01) (2, -3.24181556701660156250e+00) (3, 7.61655941605567932129e-02) (4, -1.73465633392333984375e+00) (5, -1.50000000000000000000e+03) (6, 4.06717920303344726562e+00) (7, -2.89521789550781250000e+00) (8, -1.34147250652313232422e+00) (9, -8.62565326690673828125e+00) (10, -2.54938769340515136719e+00) (11, 1.47060954570770263672e+00) 
