FANN_FLO_2.1
num_layers=3
learning_rate=0.400000
connection_rate=1.000000
network_type=0
learning_momentum=0.000000
training_algorithm=2
train_error_function=1
train_stop_function=0
cascade_output_change_fraction=0.010000
quickprop_decay=-0.000100
quickprop_mu=1.750000
rprop_increase_factor=1.200000
rprop_decrease_factor=0.500000
rprop_delta_min=0.000000
rprop_delta_max=50.000000
rprop_delta_zero=0.100000
cascade_output_stagnation_epochs=12
cascade_candidate_change_fraction=0.010000
cascade_candidate_stagnation_epochs=12
cascade_max_out_epochs=150
cascade_min_out_epochs=50
cascade_max_cand_epochs=150
cascade_min_cand_epochs=50
cascade_num_candidate_groups=2
bit_fail_limit=3.49999994039535522461e-01
cascade_candidate_limit=1.00000000000000000000e+03
cascade_weight_multiplier=4.00000005960464477539e-01
cascade_activation_functions_count=10
cascade_activation_functions=3 5 7 8 10 11 14 15 16 17 
cascade_activation_steepnesses_count=4
cascade_activation_steepnesses=2.50000000000000000000e-01 5.00000000000000000000e-01 7.50000000000000000000e-01 1.00000000000000000000e+00 
layer_sizes=7 9 2 
scale_included=0
neurons (num_inputs, activation_function, activation_steepness)=(0, 0, 0.00000000000000000000e+00) (0, 0, 0.00000000000000000000e+00) (0, 0, 0.00000000000000000000e+00) (0, 0, 0.00000000000000000000e+00) (0, 0, 0.00000000000000000000e+00) (0, 0, 0.00000000000000000000e+00) (0, 0, 0.00000000000000000000e+00) (7, 3, 5.00000000000000000000e-01) (7, 3, 5.00000000000000000000e-01) (7, 3, 5.00000000000000000000e-01) (7, 3, 5.00000000000000000000e-01) (7, 3, 5.00000000000000000000e-01) (7, 3, 5.00000000000000000000e-01) (7, 3, 5.00000000000000000000e-01) (7, 3, 5.00000000000000000000e-01) (0, 3, 0.00000000000000000000e+00) (9, 3, 5.00000000000000000000e-01) (0, 3, 0.00000000000000000000e+00) 
connections (connected_to_neuron, weight)=(0, 9.96015608310699462891e-01) (1, -8.59022140502929687500e+00) (2, 1.22479583740234375000e+02) (3, -5.69465970993041992188e+00) (4, -2.48434686660766601562e+00) (5, -5.34774661064147949219e-01) (6, 7.56009292602539062500e+00) (0, -7.52137327194213867188e+00) (1, -9.93957072496414184570e-02) (2, 4.60770988464355468750e+00) (3, -1.01315584182739257812e+01) (4, -2.85524201393127441406e+00) (5, -1.82515847682952880859e+00) (6, 6.48044252395629882812e+00) (0, 9.81938362121582031250e+00) (1, -1.03649826049804687500e+01) (2, 2.62179493904113769531e+00) (3, -1.53849411010742187500e+00) (4, -2.74736642837524414062e-01) (5, -6.78628587722778320312e+00) (6, 7.24367046356201171875e+00) (0, -7.54213333129882812500e-01) (1, 9.17571634054183959961e-02) (2, -7.45480298995971679688e+00) (3, -1.01637315750122070312e+01) (4, -5.13585662841796875000e+00) (5, -3.26248586177825927734e-01) (6, 7.80132675170898437500e+00) (0, -7.76857376098632812500e-01) (1, -3.95379829406738281250e+00) (2, -1.05649366378784179688e+01) (3, -2.53761005401611328125e+00) (4, 5.34152650833129882812e+00) (5, 5.17928302288055419922e-01) (6, -2.61938571929931640625e-01) (0, -5.66754639148712158203e-01) (1, 5.29459118843078613281e-01) (2, -5.71778917312622070312e+00) (3, -8.96687030792236328125e+00) (4, -4.88873004913330078125e+00) (5, 2.99494359642267227173e-02) (6, 6.49979925155639648438e+00) (0, 1.11642919480800628662e-01) (1, -7.47122287750244140625e-01) (2, -1.38707122802734375000e+02) (3, -2.06959009170532226562e+00) (4, 5.09343385696411132812e+00) (5, 2.78633445501327514648e-01) (6, -1.22347950935363769531e-01) (0, -1.89909629821777343750e+01) (1, 1.64228038787841796875e+01) (2, -3.62993621826171875000e+00) (3, -3.25545263290405273438e+00) (4, -2.08379507064819335938e+00) (5, 5.64491701126098632812e+00) (6, 2.85935401916503906250e+00) (7, -3.18908065557479858398e-01) (8, 8.14808189868927001953e-01) (9, -4.05400466918945312500e+00) (10, -2.00977146625518798828e-01) (11, -5.68628787994384765625e-01) (12, -3.78990709781646728516e-01) (13, 1.29358768463134765625e-01) (14, -3.68391275405883789062e+00) (15, 2.99707412719726562500e+00) 
