FANN_FLO_2.1
num_layers=4
learning_rate=0.400000
connection_rate=1.000000
network_type=0
learning_momentum=0.000000
training_algorithm=2
train_error_function=1
train_stop_function=0
cascade_output_change_fraction=0.010000
quickprop_decay=-0.000100
quickprop_mu=1.750000
rprop_increase_factor=1.200000
rprop_decrease_factor=0.500000
rprop_delta_min=0.000000
rprop_delta_max=50.000000
rprop_delta_zero=0.100000
cascade_output_stagnation_epochs=12
cascade_candidate_change_fraction=0.010000
cascade_candidate_stagnation_epochs=12
cascade_max_out_epochs=150
cascade_min_out_epochs=50
cascade_max_cand_epochs=150
cascade_min_cand_epochs=50
cascade_num_candidate_groups=2
bit_fail_limit=3.49999994039535522461e-01
cascade_candidate_limit=1.00000000000000000000e+03
cascade_weight_multiplier=4.00000005960464477539e-01
cascade_activation_functions_count=10
cascade_activation_functions=3 5 7 8 10 11 14 15 16 17 
cascade_activation_steepnesses_count=4
cascade_activation_steepnesses=2.50000000000000000000e-01 5.00000000000000000000e-01 7.50000000000000000000e-01 1.00000000000000000000e+00 
layer_sizes=7 5 5 2 
scale_included=0
neurons (num_inputs, activation_function, activation_steepness)=(0, 0, 0.00000000000000000000e+00) (0, 0, 0.00000000000000000000e+00) (0, 0, 0.00000000000000000000e+00) (0, 0, 0.00000000000000000000e+00) (0, 0, 0.00000000000000000000e+00) (0, 0, 0.00000000000000000000e+00) (0, 0, 0.00000000000000000000e+00) (7, 3, 5.00000000000000000000e-01) (7, 3, 5.00000000000000000000e-01) (7, 3, 5.00000000000000000000e-01) (7, 3, 5.00000000000000000000e-01) (0, 3, 0.00000000000000000000e+00) (5, 3, 5.00000000000000000000e-01) (5, 3, 5.00000000000000000000e-01) (5, 3, 5.00000000000000000000e-01) (5, 3, 5.00000000000000000000e-01) (0, 3, 0.00000000000000000000e+00) (5, 3, 5.00000000000000000000e-01) (0, 3, 0.00000000000000000000e+00) 
connections (connected_to_neuron, weight)=(0, -9.04625797271728515625e+00) (1, 7.08122777938842773438e+00) (2, -2.75286197662353515625e+00) (3, -4.14822959899902343750e+00) (4, -1.25715804100036621094e+00) (5, -1.50000000000000000000e+03) (6, 1.54165291786193847656e+00) (0, 6.64278984069824218750e+00) (1, -9.04716777801513671875e+00) (2, 2.16669297218322753906e+00) (3, -5.45031261444091796875e+00) (4, -1.32324337959289550781e+00) (5, 5.00059080123901367188e+00) (6, -2.18559265136718750000e+00) (0, -4.54100036621093750000e+00) (1, 1.90369486808776855469e-01) (2, -1.61614859104156494141e+00) (3, -8.50169372558593750000e+00) (4, -2.63535881042480468750e+00) (5, 1.92364215850830078125e-01) (6, 4.31627178192138671875e+00) (0, 4.48166809082031250000e+02) (1, 3.40579406738281250000e+02) (2, -4.19376373291015625000e+02) (3, -1.49779638671875000000e+03) (4, 8.52059509277343750000e+02) (5, 2.49274078369140625000e+02) (6, -2.62154754638671875000e+02) (7, 8.40315723419189453125e+00) (8, 5.58912849426269531250e+00) (9, -3.31091165542602539062e+00) (10, 7.68848434090614318848e-02) (11, -1.74097371101379394531e+00) (7, 8.74245548248291015625e+00) (8, 6.38001346588134765625e+00) (9, -4.01579523086547851562e+00) (10, -5.37433266639709472656e-01) (11, -9.75634574890136718750e-01) (7, 8.91427135467529296875e+00) (8, 5.58418369293212890625e+00) (9, -2.68452811241149902344e+00) (10, 4.68640401959419250488e-02) (11, -2.38148522377014160156e+00) (7, 2.68209686279296875000e+01) (8, 7.24990844726562500000e+01) (9, -3.15367341041564941406e+00) (10, -2.64264440536499023438e+00) (11, 4.48382599279284477234e-03) (12, -4.37362670898437500000e+00) (13, -1.41079807281494140625e+00) (14, -1.13378369808197021484e+00) (15, -5.09470880031585693359e-01) (16, -1.96234092116355895996e-01) 
