FANN_FLO_2.1
num_layers=4
learning_rate=0.500000
connection_rate=1.000000
network_type=0
learning_momentum=0.000000
training_algorithm=2
train_error_function=1
train_stop_function=0
cascade_output_change_fraction=0.010000
quickprop_decay=-0.000100
quickprop_mu=1.750000
rprop_increase_factor=1.200000
rprop_decrease_factor=0.500000
rprop_delta_min=0.000000
rprop_delta_max=50.000000
rprop_delta_zero=0.100000
cascade_output_stagnation_epochs=12
cascade_candidate_change_fraction=0.010000
cascade_candidate_stagnation_epochs=12
cascade_max_out_epochs=150
cascade_min_out_epochs=50
cascade_max_cand_epochs=150
cascade_min_cand_epochs=50
cascade_num_candidate_groups=2
bit_fail_limit=3.49999994039535522461e-01
cascade_candidate_limit=1.00000000000000000000e+03
cascade_weight_multiplier=4.00000005960464477539e-01
cascade_activation_functions_count=10
cascade_activation_functions=3 5 7 8 10 11 14 15 16 17 
cascade_activation_steepnesses_count=4
cascade_activation_steepnesses=2.50000000000000000000e-01 5.00000000000000000000e-01 7.50000000000000000000e-01 1.00000000000000000000e+00 
layer_sizes=10 5 3 2 
scale_included=0
neurons (num_inputs, activation_function, activation_steepness)=(0, 0, 0.00000000000000000000e+00) (0, 0, 0.00000000000000000000e+00) (0, 0, 0.00000000000000000000e+00) (0, 0, 0.00000000000000000000e+00) (0, 0, 0.00000000000000000000e+00) (0, 0, 0.00000000000000000000e+00) (0, 0, 0.00000000000000000000e+00) (0, 0, 0.00000000000000000000e+00) (0, 0, 0.00000000000000000000e+00) (0, 0, 0.00000000000000000000e+00) (10, 3, 5.00000000000000000000e-01) (10, 3, 5.00000000000000000000e-01) (10, 3, 5.00000000000000000000e-01) (10, 3, 5.00000000000000000000e-01) (0, 3, 0.00000000000000000000e+00) (5, 3, 5.00000000000000000000e-01) (5, 3, 5.00000000000000000000e-01) (0, 3, 0.00000000000000000000e+00) (3, 3, 5.00000000000000000000e-01) (0, 3, 0.00000000000000000000e+00) 
connections (connected_to_neuron, weight)=(0, 7.42337226867675781250e-01) (1, -4.08262252807617187500e+00) (2, -2.12916641235351562500e+01) (3, 2.67010211944580078125e+00) (4, 1.60679483413696289062e+00) (5, -3.29472565650939941406e+00) (6, 4.18109560012817382812e+00) (7, 1.23749456405639648438e+01) (8, 2.88540101051330566406e+00) (9, -1.00380122661590576172e+00) (0, -6.23839950561523437500e+00) (1, -4.78299236297607421875e+00) (2, -9.06263351440429687500e+00) (3, 2.78126263618469238281e+00) (4, 6.24723529815673828125e+00) (5, 1.58651530742645263672e-01) (6, 9.09328460693359375000e+00) (7, 8.86237323284149169922e-01) (8, 1.08376979827880859375e+00) (9, 4.57360178232192993164e-01) (0, 5.60430765151977539062e-01) (1, -4.61189193725585937500e+01) (2, -2.12128295898437500000e+01) (3, 2.88980245590209960938e+00) (4, 1.46039283275604248047e+00) (5, -3.75590229034423828125e+00) (6, 3.44600410461425781250e+01) (7, 1.16462860107421875000e+01) (8, 2.72925782203674316406e+00) (9, -7.27804601192474365234e-01) (0, -4.74491786956787109375e+00) (1, -4.75588989257812500000e+00) (2, -9.17588520050048828125e+00) (3, -1.44587233662605285645e-01) (4, 3.68527078628540039062e+00) (5, 5.12134850025177001953e-01) (6, 8.81386566162109375000e+00) (7, 1.30108082294464111328e+00) (8, 4.37484979629516601562e+00) (9, 8.15087735652923583984e-01) (10, 2.59283757209777832031e+00) (11, -2.60450720787048339844e+00) (12, 2.54103875160217285156e+00) (13, -2.81273841857910156250e+00) (14, 1.69254243373870849609e+00) (10, 2.32974314689636230469e+00) (11, -3.41537117958068847656e+00) (12, 2.36535978317260742188e+00) (13, -1.50948321819305419922e+00) (14, 1.39774310588836669922e+00) (15, 2.15524053573608398438e+00) (16, 1.66442370414733886719e+00) (17, -2.13791322708129882812e+00) 
