FANN_FLO_2.1
num_layers=4
learning_rate=0.500000
connection_rate=1.000000
network_type=0
learning_momentum=0.000000
training_algorithm=2
train_error_function=1
train_stop_function=0
cascade_output_change_fraction=0.010000
quickprop_decay=-0.000100
quickprop_mu=1.750000
rprop_increase_factor=1.200000
rprop_decrease_factor=0.500000
rprop_delta_min=0.000000
rprop_delta_max=50.000000
rprop_delta_zero=0.100000
cascade_output_stagnation_epochs=12
cascade_candidate_change_fraction=0.010000
cascade_candidate_stagnation_epochs=12
cascade_max_out_epochs=150
cascade_min_out_epochs=50
cascade_max_cand_epochs=150
cascade_min_cand_epochs=50
cascade_num_candidate_groups=2
bit_fail_limit=3.49999994039535522461e-01
cascade_candidate_limit=1.00000000000000000000e+03
cascade_weight_multiplier=4.00000005960464477539e-01
cascade_activation_functions_count=10
cascade_activation_functions=3 5 7 8 10 11 14 15 16 17 
cascade_activation_steepnesses_count=4
cascade_activation_steepnesses=2.50000000000000000000e-01 5.00000000000000000000e-01 7.50000000000000000000e-01 1.00000000000000000000e+00 
layer_sizes=10 5 3 2 
scale_included=0
neurons (num_inputs, activation_function, activation_steepness)=(0, 0, 0.00000000000000000000e+00) (0, 0, 0.00000000000000000000e+00) (0, 0, 0.00000000000000000000e+00) (0, 0, 0.00000000000000000000e+00) (0, 0, 0.00000000000000000000e+00) (0, 0, 0.00000000000000000000e+00) (0, 0, 0.00000000000000000000e+00) (0, 0, 0.00000000000000000000e+00) (0, 0, 0.00000000000000000000e+00) (0, 0, 0.00000000000000000000e+00) (10, 3, 5.00000000000000000000e-01) (10, 3, 5.00000000000000000000e-01) (10, 3, 5.00000000000000000000e-01) (10, 3, 5.00000000000000000000e-01) (0, 3, 0.00000000000000000000e+00) (5, 3, 5.00000000000000000000e-01) (5, 3, 5.00000000000000000000e-01) (0, 3, 0.00000000000000000000e+00) (3, 3, 5.00000000000000000000e-01) (0, 3, 0.00000000000000000000e+00) 
connections (connected_to_neuron, weight)=(0, -3.07843422889709472656e+00) (1, -3.75051170587539672852e-01) (2, -1.48212778568267822266e+00) (3, -2.17765593528747558594e+00) (4, -2.16507613658905029297e-02) (5, -2.04707741737365722656e+00) (6, -2.63988685607910156250e+00) (7, -5.89017450809478759766e-01) (8, -9.95250761508941650391e-01) (9, 4.81167602539062500000e+00) (0, 8.39039564132690429688e-01) (1, 2.14773938059806823730e-02) (2, 2.35737490653991699219e+00) (3, 8.08795690536499023438e-01) (4, -3.80793921649456024170e-02) (5, 2.18357682228088378906e+00) (6, 5.94865322113037109375e-01) (7, 1.45917519927024841309e-01) (8, 1.49998181152343750000e+03) (9, -5.04504585266113281250e+00) (0, -1.50000000000000000000e+03) (1, -1.49964343261718750000e+03) (2, -1.20951818847656250000e+03) (3, -9.50661804199218750000e+02) (4, -1.43755065917968750000e+03) (5, -1.50000000000000000000e+03) (6, -1.50000000000000000000e+03) (7, -8.63929199218750000000e+02) (8, -1.49962939453125000000e+03) (9, -6.05944137573242187500e+01) (0, -3.45604634284973144531e+00) (1, -2.95459568500518798828e-01) (2, -1.91089773178100585938e+00) (3, -2.12739968299865722656e+00) (4, -6.35651424527168273926e-02) (5, -1.92720997333526611328e+00) (6, -2.62947416305541992188e+00) (7, -7.65828549861907958984e-01) (8, -4.72443073987960815430e-01) (9, 4.82413005828857421875e+00) (10, 3.87441406250000000000e+01) (11, -1.33134517669677734375e+01) (12, 1.50000000000000000000e+03) (13, 2.05340408325195312500e+02) (14, -1.35126125812530517578e+00) (10, 3.05331172943115234375e+01) (11, -7.82491731643676757812e+00) (12, 1.50000000000000000000e+03) (13, 1.81404922485351562500e+02) (14, -3.68175458908081054688e+00) (15, 1.90643477439880371094e+00) (16, 1.14469456672668457031e+00) (17, -2.21178984642028808594e+00) 
