FANN_FLO_2.1
num_layers=4
learning_rate=0.500000
connection_rate=1.000000
network_type=0
learning_momentum=0.000000
training_algorithm=2
train_error_function=1
train_stop_function=0
cascade_output_change_fraction=0.010000
quickprop_decay=-0.000100
quickprop_mu=1.750000
rprop_increase_factor=1.200000
rprop_decrease_factor=0.500000
rprop_delta_min=0.000000
rprop_delta_max=50.000000
rprop_delta_zero=0.100000
cascade_output_stagnation_epochs=12
cascade_candidate_change_fraction=0.010000
cascade_candidate_stagnation_epochs=12
cascade_max_out_epochs=150
cascade_min_out_epochs=50
cascade_max_cand_epochs=150
cascade_min_cand_epochs=50
cascade_num_candidate_groups=2
bit_fail_limit=3.49999994039535522461e-01
cascade_candidate_limit=1.00000000000000000000e+03
cascade_weight_multiplier=4.00000005960464477539e-01
cascade_activation_functions_count=10
cascade_activation_functions=3 5 7 8 10 11 14 15 16 17 
cascade_activation_steepnesses_count=4
cascade_activation_steepnesses=2.50000000000000000000e-01 5.00000000000000000000e-01 7.50000000000000000000e-01 1.00000000000000000000e+00 
layer_sizes=10 5 3 2 
scale_included=0
neurons (num_inputs, activation_function, activation_steepness)=(0, 0, 0.00000000000000000000e+00) (0, 0, 0.00000000000000000000e+00) (0, 0, 0.00000000000000000000e+00) (0, 0, 0.00000000000000000000e+00) (0, 0, 0.00000000000000000000e+00) (0, 0, 0.00000000000000000000e+00) (0, 0, 0.00000000000000000000e+00) (0, 0, 0.00000000000000000000e+00) (0, 0, 0.00000000000000000000e+00) (0, 0, 0.00000000000000000000e+00) (10, 3, 5.00000000000000000000e-01) (10, 3, 5.00000000000000000000e-01) (10, 3, 5.00000000000000000000e-01) (10, 3, 5.00000000000000000000e-01) (0, 3, 0.00000000000000000000e+00) (5, 3, 5.00000000000000000000e-01) (5, 3, 5.00000000000000000000e-01) (0, 3, 0.00000000000000000000e+00) (3, 3, 5.00000000000000000000e-01) (0, 3, 0.00000000000000000000e+00) 
connections (connected_to_neuron, weight)=(0, 1.89084008336067199707e-01) (1, -2.69021105766296386719e+00) (2, 6.01374149322509765625e+00) (3, 3.03777766227722167969e+00) (4, -2.63835644721984863281e+00) (5, -3.26941347122192382812e+00) (6, 1.27228522300720214844e+00) (7, 1.20924699306488037109e+00) (8, 6.18029609322547912598e-02) (9, -1.59919559955596923828e+00) (0, -3.95305967330932617188e+00) (1, 3.38426280021667480469e+00) (2, 5.67150950431823730469e-01) (3, -1.71586596965789794922e+00) (4, 2.52231097221374511719e+00) (5, 1.74212622642517089844e+00) (6, -2.45176744461059570312e+00) (7, -1.65447807312011718750e+00) (8, -1.47364473342895507812e+00) (9, 1.80875575542449951172e+00) (0, -1.12415897846221923828e+00) (1, -2.69191479682922363281e+00) (2, 3.34060716629028320312e+00) (3, 2.93080282211303710938e+00) (4, -1.32206797599792480469e+00) (5, -2.16319155693054199219e+00) (6, 1.02637219429016113281e+00) (7, 1.22201991081237792969e+00) (8, -1.18871428072452545166e-01) (9, -1.54161679744720458984e+00) (0, 2.15781140327453613281e+00) (1, -2.41799664497375488281e+00) (2, 3.22246098518371582031e+00) (3, 7.39380061626434326172e-01) (4, -6.16091823577880859375e+00) (5, -2.98283791542053222656e+00) (6, 4.79419612884521484375e+00) (7, 1.44993007183074951172e+00) (8, 2.89383053779602050781e+00) (9, -1.49145627021789550781e+00) (10, -1.80587208271026611328e+00) (11, 1.02746095657348632812e+01) (12, -1.78033828735351562500e+00) (13, -1.47113542556762695312e+01) (14, 1.53996753692626953125e+00) (10, -6.97027397155761718750e+00) (11, -5.87161874771118164062e+00) (12, -2.83311033248901367188e+00) (13, 9.49632072448730468750e+00) (14, -2.49818384647369384766e-01) (15, 4.48729848861694335938e+00) (16, 1.11999130249023437500e+01) (17, -3.66419029235839843750e+00) 
