FANN_FLO_2.1
num_layers=4
learning_rate=0.500000
connection_rate=1.000000
network_type=0
learning_momentum=0.000000
training_algorithm=2
train_error_function=1
train_stop_function=0
cascade_output_change_fraction=0.010000
quickprop_decay=-0.000100
quickprop_mu=1.750000
rprop_increase_factor=1.200000
rprop_decrease_factor=0.500000
rprop_delta_min=0.000000
rprop_delta_max=50.000000
rprop_delta_zero=0.100000
cascade_output_stagnation_epochs=12
cascade_candidate_change_fraction=0.010000
cascade_candidate_stagnation_epochs=12
cascade_max_out_epochs=150
cascade_min_out_epochs=50
cascade_max_cand_epochs=150
cascade_min_cand_epochs=50
cascade_num_candidate_groups=2
bit_fail_limit=3.49999994039535522461e-01
cascade_candidate_limit=1.00000000000000000000e+03
cascade_weight_multiplier=4.00000005960464477539e-01
cascade_activation_functions_count=10
cascade_activation_functions=3 5 7 8 10 11 14 15 16 17 
cascade_activation_steepnesses_count=4
cascade_activation_steepnesses=2.50000000000000000000e-01 5.00000000000000000000e-01 7.50000000000000000000e-01 1.00000000000000000000e+00 
layer_sizes=2 5 5 3 
scale_included=0
neurons (num_inputs, activation_function, activation_steepness)=(0, 0, 0.00000000000000000000e+00) (0, 0, 0.00000000000000000000e+00) (2, 3, 5.00000000000000000000e-01) (2, 3, 5.00000000000000000000e-01) (2, 3, 5.00000000000000000000e-01) (2, 3, 5.00000000000000000000e-01) (0, 3, 0.00000000000000000000e+00) (5, 3, 5.00000000000000000000e-01) (5, 3, 5.00000000000000000000e-01) (5, 3, 5.00000000000000000000e-01) (5, 3, 5.00000000000000000000e-01) (0, 3, 0.00000000000000000000e+00) (5, 0, 5.00000000000000000000e-01) (5, 0, 5.00000000000000000000e-01) (0, 0, 0.00000000000000000000e+00) 
connections (connected_to_neuron, weight)=(0, -6.02028226852416992188e+00) (1, 4.48846697807312011719e-01) (0, -1.46774616241455078125e+01) (1, 5.63595473766326904297e-01) (0, -7.78507518768310546875e+00) (1, 1.03069210052490234375e+00) (0, -7.51923227310180664062e+00) (1, 3.94406557083129882812e-01) (2, 1.15029211044311523438e+01) (3, -4.17744750976562500000e+01) (4, 1.50472421646118164062e+01) (5, 2.22718181610107421875e+01) (6, -3.29283595085144042969e+00) (2, 1.71408677101135253906e+00) (3, -2.16133708953857421875e+01) (4, 1.43126800656318664551e-01) (5, 3.24717569351196289062e+00) (6, -3.17729324102401733398e-01) (2, -9.39560055732727050781e-01) (3, -2.16570091247558593750e+00) (4, -3.34598040580749511719e+00) (5, -3.85833430290222167969e+00) (6, 1.63648366928100585938e+00) (2, 4.77340650558471679688e+00) (3, -1.57888679504394531250e+01) (4, 1.18573427200317382812e+00) (5, 4.63638782501220703125e+00) (6, 5.15553176403045654297e-01) (7, -1.62030375003814697266e+00) (8, -2.03561305999755859375e+00) (9, 1.27212250232696533203e+00) (10, -1.49542522430419921875e+00) (11, 1.38843572139739990234e+00) (7, 4.20077592134475708008e-01) (8, 7.17133045196533203125e-01) (9, -5.14896631240844726562e+00) (10, -3.94767522811889648438e-01) (11, 1.70025920867919921875e+00) 
