FANN_FLO_2.1
num_layers=3
learning_rate=0.400000
connection_rate=1.000000
network_type=0
learning_momentum=0.000000
training_algorithm=2
train_error_function=1
train_stop_function=0
cascade_output_change_fraction=0.010000
quickprop_decay=-0.000100
quickprop_mu=1.750000
rprop_increase_factor=1.200000
rprop_decrease_factor=0.500000
rprop_delta_min=0.000000
rprop_delta_max=50.000000
rprop_delta_zero=0.100000
cascade_output_stagnation_epochs=12
cascade_candidate_change_fraction=0.010000
cascade_candidate_stagnation_epochs=12
cascade_max_out_epochs=150
cascade_min_out_epochs=50
cascade_max_cand_epochs=150
cascade_min_cand_epochs=50
cascade_num_candidate_groups=2
bit_fail_limit=3.49999994039535522461e-01
cascade_candidate_limit=1.00000000000000000000e+03
cascade_weight_multiplier=4.00000005960464477539e-01
cascade_activation_functions_count=10
cascade_activation_functions=3 5 7 8 10 11 14 15 16 17 
cascade_activation_steepnesses_count=4
cascade_activation_steepnesses=2.50000000000000000000e-01 5.00000000000000000000e-01 7.50000000000000000000e-01 1.00000000000000000000e+00 
layer_sizes=7 9 2 
scale_included=0
neurons (num_inputs, activation_function, activation_steepness)=(0, 0, 0.00000000000000000000e+00) (0, 0, 0.00000000000000000000e+00) (0, 0, 0.00000000000000000000e+00) (0, 0, 0.00000000000000000000e+00) (0, 0, 0.00000000000000000000e+00) (0, 0, 0.00000000000000000000e+00) (0, 0, 0.00000000000000000000e+00) (7, 3, 5.00000000000000000000e-01) (7, 3, 5.00000000000000000000e-01) (7, 3, 5.00000000000000000000e-01) (7, 3, 5.00000000000000000000e-01) (7, 3, 5.00000000000000000000e-01) (7, 3, 5.00000000000000000000e-01) (7, 3, 5.00000000000000000000e-01) (7, 3, 5.00000000000000000000e-01) (0, 3, 0.00000000000000000000e+00) (9, 3, 5.00000000000000000000e-01) (0, 3, 0.00000000000000000000e+00) 
connections (connected_to_neuron, weight)=(0, -7.86999654769897460938e+00) (1, 7.18342542648315429688e+00) (2, -7.73132741451263427734e-01) (3, -1.71919333934783935547e+00) (4, -8.28377842903137207031e-01) (5, -4.34666156768798828125e+00) (6, -1.34721606969833374023e-01) (0, -8.35804367065429687500e+00) (1, -8.74800980091094970703e-01) (2, 2.03249988555908203125e+01) (3, 3.02400970458984375000e+00) (4, 8.06247293949127197266e-01) (5, 7.89864778518676757812e+00) (6, -3.59165519475936889648e-02) (0, -1.48976936936378479004e-01) (1, -3.65860998630523681641e-01) (2, -1.60343952178955078125e+01) (3, -1.54238700866699218750e+00) (4, 2.50338125228881835938e+00) (5, 4.25319766998291015625e+00) (6, -1.69740927219390869141e+00) (0, 2.27908945083618164062e+00) (1, -1.89080879092216491699e-01) (2, 3.81308174133300781250e+00) (3, 4.19289302825927734375e+00) (4, -8.10314464569091796875e+00) (5, 1.87831223011016845703e+00) (6, -3.97175240516662597656e+00) (0, 1.47444124221801757812e+01) (1, -1.68495159149169921875e+01) (2, 1.86375179290771484375e+01) (3, -5.62168455123901367188e+00) (4, -2.51719236373901367188e-01) (5, -4.18801116943359375000e+00) (6, 5.78474664688110351562e+00) (0, -2.22601580619812011719e+00) (1, 1.14235281944274902344e+00) (2, -3.54951972961425781250e+01) (3, -5.65555000305175781250e+00) (4, -2.92029619216918945312e+00) (5, 1.50000000000000000000e+03) (6, 8.41868591308593750000e+00) (0, -4.88010883331298828125e+00) (1, -8.08235049247741699219e-01) (2, -3.39783143997192382812e+00) (3, -7.53160810470581054688e+00) (4, -3.22025132179260253906e+00) (5, 9.28104782104492187500e+00) (6, 1.44851833581924438477e-01) (0, 1.80143089294433593750e+01) (1, -1.63299846649169921875e+01) (2, -8.60238492488861083984e-01) (3, 2.16885820031166076660e-01) (4, 1.78921818733215332031e+00) (5, -5.04315567016601562500e+00) (6, 4.19552087783813476562e+00) (7, -8.58257007598876953125e+00) (8, -9.94671821594238281250e-01) (9, -6.51737332344055175781e-01) (10, -1.12825906276702880859e+00) (11, -8.00905048847198486328e-01) (12, -4.38193827867507934570e-01) (13, -2.15600061416625976562e+00) (14, -2.61957836151123046875e+00) (15, 2.80616259574890136719e+00) 
