FANN_FLO_2.1
num_layers=4
learning_rate=0.500000
connection_rate=1.000000
network_type=0
learning_momentum=0.000000
training_algorithm=2
train_error_function=1
train_stop_function=0
cascade_output_change_fraction=0.010000
quickprop_decay=-0.000100
quickprop_mu=1.750000
rprop_increase_factor=1.200000
rprop_decrease_factor=0.500000
rprop_delta_min=0.000000
rprop_delta_max=50.000000
rprop_delta_zero=0.100000
cascade_output_stagnation_epochs=12
cascade_candidate_change_fraction=0.010000
cascade_candidate_stagnation_epochs=12
cascade_max_out_epochs=150
cascade_min_out_epochs=50
cascade_max_cand_epochs=150
cascade_min_cand_epochs=50
cascade_num_candidate_groups=2
bit_fail_limit=3.49999994039535522461e-01
cascade_candidate_limit=1.00000000000000000000e+03
cascade_weight_multiplier=4.00000005960464477539e-01
cascade_activation_functions_count=10
cascade_activation_functions=3 5 7 8 10 11 14 15 16 17 
cascade_activation_steepnesses_count=4
cascade_activation_steepnesses=2.50000000000000000000e-01 5.00000000000000000000e-01 7.50000000000000000000e-01 1.00000000000000000000e+00 
layer_sizes=2 5 5 3 
scale_included=0
neurons (num_inputs, activation_function, activation_steepness)=(0, 0, 0.00000000000000000000e+00) (0, 0, 0.00000000000000000000e+00) (2, 3, 5.00000000000000000000e-01) (2, 3, 5.00000000000000000000e-01) (2, 3, 5.00000000000000000000e-01) (2, 3, 5.00000000000000000000e-01) (0, 3, 0.00000000000000000000e+00) (5, 3, 5.00000000000000000000e-01) (5, 3, 5.00000000000000000000e-01) (5, 3, 5.00000000000000000000e-01) (5, 3, 5.00000000000000000000e-01) (0, 3, 0.00000000000000000000e+00) (5, 0, 5.00000000000000000000e-01) (5, 0, 5.00000000000000000000e-01) (0, 0, 0.00000000000000000000e+00) 
connections (connected_to_neuron, weight)=(0, 1.53928079605102539062e+01) (1, -5.96223974227905273438e+00) (0, 9.08180141448974609375e+00) (1, -3.88589143753051757812e+00) (0, 1.94842319488525390625e+01) (1, -7.24233925342559814453e-01) (0, 1.43816871643066406250e+01) (1, -5.25534057617187500000e+00) (2, -1.87028484344482421875e+01) (3, 3.10430258512496948242e-01) (4, 3.69627332687377929688e+00) (5, 1.54928216934204101562e+01) (6, -2.03776454925537109375e+00) (2, -2.34874892234802246094e+00) (3, -5.24796605110168457031e-01) (4, -2.83944249153137207031e-01) (5, -8.49026489257812500000e+00) (6, 2.50951051712036132812e-01) (2, -1.53426790237426757812e+00) (3, -9.66207683086395263672e-01) (4, 1.26131832599639892578e+00) (5, -1.13502585887908935547e+00) (6, 9.11305174231529235840e-02) (2, -1.45960044860839843750e+01) (3, -6.81904458999633789062e+00) (4, 1.16826280951499938965e-01) (5, -1.41165657043457031250e+01) (6, -5.55024892091751098633e-02) (7, -1.95123517513275146484e+00) (8, 1.73368394374847412109e-01) (9, -1.74902749061584472656e+00) (10, 1.52552974224090576172e+00) (11, 9.26647424697875976562e-01) (7, -1.02568602561950683594e+00) (8, 2.39856362342834472656e+00) (9, 4.05128622055053710938e+00) (10, 1.97581923007965087891e+00) (11, -2.28791141510009765625e+00) 
