FANN_FLO_2.1
num_layers=3
learning_rate=0.400000
connection_rate=1.000000
network_type=0
learning_momentum=0.000000
training_algorithm=2
train_error_function=1
train_stop_function=0
cascade_output_change_fraction=0.010000
quickprop_decay=-0.000100
quickprop_mu=1.750000
rprop_increase_factor=1.200000
rprop_decrease_factor=0.500000
rprop_delta_min=0.000000
rprop_delta_max=50.000000
rprop_delta_zero=0.100000
cascade_output_stagnation_epochs=12
cascade_candidate_change_fraction=0.010000
cascade_candidate_stagnation_epochs=12
cascade_max_out_epochs=150
cascade_min_out_epochs=50
cascade_max_cand_epochs=150
cascade_min_cand_epochs=50
cascade_num_candidate_groups=2
bit_fail_limit=3.49999994039535522461e-01
cascade_candidate_limit=1.00000000000000000000e+03
cascade_weight_multiplier=4.00000005960464477539e-01
cascade_activation_functions_count=10
cascade_activation_functions=3 5 7 8 10 11 14 15 16 17 
cascade_activation_steepnesses_count=4
cascade_activation_steepnesses=2.50000000000000000000e-01 5.00000000000000000000e-01 7.50000000000000000000e-01 1.00000000000000000000e+00 
layer_sizes=7 9 2 
scale_included=0
neurons (num_inputs, activation_function, activation_steepness)=(0, 0, 0.00000000000000000000e+00) (0, 0, 0.00000000000000000000e+00) (0, 0, 0.00000000000000000000e+00) (0, 0, 0.00000000000000000000e+00) (0, 0, 0.00000000000000000000e+00) (0, 0, 0.00000000000000000000e+00) (0, 0, 0.00000000000000000000e+00) (7, 3, 5.00000000000000000000e-01) (7, 3, 5.00000000000000000000e-01) (7, 3, 5.00000000000000000000e-01) (7, 3, 5.00000000000000000000e-01) (7, 3, 5.00000000000000000000e-01) (7, 3, 5.00000000000000000000e-01) (7, 3, 5.00000000000000000000e-01) (7, 3, 5.00000000000000000000e-01) (0, 3, 0.00000000000000000000e+00) (9, 3, 5.00000000000000000000e-01) (0, 3, 0.00000000000000000000e+00) 
connections (connected_to_neuron, weight)=(0, -4.86247920989990234375e+00) (1, 1.56665459275245666504e-01) (2, 5.00701408386230468750e+01) (3, -7.56830739974975585938e+00) (4, -1.20780162811279296875e+01) (5, 2.57689094543457031250e+00) (6, 1.24115247726440429688e+01) (0, -6.35797309875488281250e+00) (1, 2.15416884422302246094e+00) (2, -1.23957031250000000000e+02) (3, 4.48241233825683593750e+00) (4, -5.97425699234008789062e+00) (5, 1.32606306076049804688e+01) (6, 1.12531118392944335938e+01) (0, 7.69457006454467773438e+00) (1, -1.07007360458374023438e+01) (2, 4.10309028625488281250e+01) (3, -8.58245182037353515625e+00) (4, -3.33159017562866210938e+00) (5, -3.28415602445602416992e-01) (6, 8.15116691589355468750e+00) (0, -1.74518489837646484375e+00) (1, -6.01087510585784912109e-01) (2, -1.03524541854858398438e+01) (3, -2.64395866394042968750e+01) (4, 7.47760057449340820312e+00) (5, 1.60353922843933105469e+00) (6, -3.97284626960754394531e+00) (0, -8.68260002136230468750e+00) (1, 8.32837581634521484375e+00) (2, 2.58767342567443847656e+00) (3, -8.10429453849792480469e-01) (4, -6.89121842384338378906e-01) (5, -1.48998571777343750000e+03) (6, 2.65120685100555419922e-01) (0, 9.56119251251220703125e+00) (1, -2.30503292083740234375e+01) (2, 4.07749652862548828125e+00) (3, -3.33979630470275878906e+00) (4, -7.31370687484741210938e-01) (5, 5.11079740524291992188e+00) (6, 1.41943722963333129883e-01) (0, 1.96256077289581298828e+00) (1, -8.91302967071533203125e+00) (2, -6.18754768371582031250e+00) (3, 8.10154020786285400391e-01) (4, 1.05026352405548095703e+00) (5, 5.79587364196777343750e+00) (6, -1.69504880905151367188e-01) (0, 1.24155302047729492188e+01) (1, -1.21002507209777832031e+00) (2, 1.30798375606536865234e+00) (3, -4.18395853042602539062e+00) (4, -2.04764747619628906250e+00) (5, 3.73717761039733886719e+00) (6, -1.11217975616455078125e+01) (7, 1.89907670021057128906e-01) (8, -3.14676105976104736328e-01) (9, -7.24139869213104248047e-01) (10, -2.66616296768188476562e+00) (11, -5.94484424591064453125e+00) (12, -5.87234640121459960938e+00) (13, -1.81033217906951904297e+00) (14, -3.07912588119506835938e+00) (15, 3.64446967840194702148e-01) 
