FANN_FLO_2.1
num_layers=3
learning_rate=0.400000
connection_rate=1.000000
network_type=0
learning_momentum=0.000000
training_algorithm=2
train_error_function=1
train_stop_function=0
cascade_output_change_fraction=0.010000
quickprop_decay=-0.000100
quickprop_mu=1.750000
rprop_increase_factor=1.200000
rprop_decrease_factor=0.500000
rprop_delta_min=0.000000
rprop_delta_max=50.000000
rprop_delta_zero=0.100000
cascade_output_stagnation_epochs=12
cascade_candidate_change_fraction=0.010000
cascade_candidate_stagnation_epochs=12
cascade_max_out_epochs=150
cascade_min_out_epochs=50
cascade_max_cand_epochs=150
cascade_min_cand_epochs=50
cascade_num_candidate_groups=2
bit_fail_limit=3.49999994039535522461e-01
cascade_candidate_limit=1.00000000000000000000e+03
cascade_weight_multiplier=4.00000005960464477539e-01
cascade_activation_functions_count=10
cascade_activation_functions=3 5 7 8 10 11 14 15 16 17 
cascade_activation_steepnesses_count=4
cascade_activation_steepnesses=2.50000000000000000000e-01 5.00000000000000000000e-01 7.50000000000000000000e-01 1.00000000000000000000e+00 
layer_sizes=7 5 2 
scale_included=0
neurons (num_inputs, activation_function, activation_steepness)=(0, 0, 0.00000000000000000000e+00) (0, 0, 0.00000000000000000000e+00) (0, 0, 0.00000000000000000000e+00) (0, 0, 0.00000000000000000000e+00) (0, 0, 0.00000000000000000000e+00) (0, 0, 0.00000000000000000000e+00) (0, 0, 0.00000000000000000000e+00) (7, 3, 5.00000000000000000000e-01) (7, 3, 5.00000000000000000000e-01) (7, 3, 5.00000000000000000000e-01) (7, 3, 5.00000000000000000000e-01) (0, 3, 0.00000000000000000000e+00) (5, 3, 5.00000000000000000000e-01) (0, 3, 0.00000000000000000000e+00) 
connections (connected_to_neuron, weight)=(0, -2.20262694358825683594e+00) (1, 3.11387729644775390625e+00) (2, -5.45538282394409179688e+00) (3, -2.52795410156250000000e+00) (4, -9.42335546016693115234e-01) (5, -1.44228149414062500000e+03) (6, 3.41605424880981445312e-01) (0, -1.40787820816040039062e+01) (1, 1.16852436065673828125e+01) (2, -1.73344445228576660156e+00) (3, -1.78070795536041259766e+00) (4, -6.10550105571746826172e-01) (5, 4.28199625015258789062e+00) (6, 1.94294261932373046875e+00) (0, 8.25540542602539062500e+00) (1, -8.59300041198730468750e+00) (2, 1.83366999030113220215e-01) (3, -9.17225003242492675781e-01) (4, -7.35933899879455566406e-01) (5, -2.73254752159118652344e+00) (6, 3.24459528923034667969e+00) (0, 1.56155910491943359375e+01) (1, -2.29103984832763671875e+01) (2, 6.24269790649414062500e+01) (3, -1.62265300750732421875e+01) (4, 3.68894648551940917969e+00) (5, 4.23384618759155273438e+00) (6, -3.31026101112365722656e+00) (7, -1.29028701782226562500e+00) (8, -4.18516016006469726562e+00) (9, -4.16919708251953125000e+00) (10, -2.02637362480163574219e+00) (11, 3.04538607597351074219e+00) 
