FANN_FLO_2.1
num_layers=4
learning_rate=0.400000
connection_rate=1.000000
network_type=0
learning_momentum=0.000000
training_algorithm=2
train_error_function=1
train_stop_function=0
cascade_output_change_fraction=0.010000
quickprop_decay=-0.000100
quickprop_mu=1.750000
rprop_increase_factor=1.200000
rprop_decrease_factor=0.500000
rprop_delta_min=0.000000
rprop_delta_max=50.000000
rprop_delta_zero=0.100000
cascade_output_stagnation_epochs=12
cascade_candidate_change_fraction=0.010000
cascade_candidate_stagnation_epochs=12
cascade_max_out_epochs=150
cascade_min_out_epochs=50
cascade_max_cand_epochs=150
cascade_min_cand_epochs=50
cascade_num_candidate_groups=2
bit_fail_limit=3.49999994039535522461e-01
cascade_candidate_limit=1.00000000000000000000e+03
cascade_weight_multiplier=4.00000005960464477539e-01
cascade_activation_functions_count=10
cascade_activation_functions=3 5 7 8 10 11 14 15 16 17 
cascade_activation_steepnesses_count=4
cascade_activation_steepnesses=2.50000000000000000000e-01 5.00000000000000000000e-01 7.50000000000000000000e-01 1.00000000000000000000e+00 
layer_sizes=7 5 3 2 
scale_included=0
neurons (num_inputs, activation_function, activation_steepness)=(0, 0, 0.00000000000000000000e+00) (0, 0, 0.00000000000000000000e+00) (0, 0, 0.00000000000000000000e+00) (0, 0, 0.00000000000000000000e+00) (0, 0, 0.00000000000000000000e+00) (0, 0, 0.00000000000000000000e+00) (0, 0, 0.00000000000000000000e+00) (7, 3, 5.00000000000000000000e-01) (7, 3, 5.00000000000000000000e-01) (7, 3, 5.00000000000000000000e-01) (7, 3, 5.00000000000000000000e-01) (0, 3, 0.00000000000000000000e+00) (5, 3, 5.00000000000000000000e-01) (5, 3, 5.00000000000000000000e-01) (0, 3, 0.00000000000000000000e+00) (3, 3, 5.00000000000000000000e-01) (0, 3, 0.00000000000000000000e+00) 
connections (connected_to_neuron, weight)=(0, -3.79254174232482910156e+00) (1, 2.65096855163574218750e+00) (2, 5.75654792785644531250e+00) (3, 5.25525236129760742188e+00) (4, -4.77217483520507812500e+00) (5, -1.50000000000000000000e+03) (6, -2.67290234565734863281e+00) (0, 3.41679024696350097656e+00) (1, -5.05043077468872070312e+00) (2, 2.58531308174133300781e+00) (3, -7.32348799705505371094e-01) (4, -9.36057195067405700684e-02) (5, 2.26935505867004394531e+00) (6, -1.92465496063232421875e+00) (0, 9.33233451843261718750e+00) (1, -7.17724204063415527344e-01) (2, -5.50898790359497070312e+00) (3, -6.28815650939941406250e+00) (4, -1.91918444633483886719e+00) (5, 2.02186799049377441406e+00) (6, -4.35081863403320312500e+00) (0, -7.93564224243164062500e+00) (1, 6.75198936462402343750e+00) (2, -2.42263460159301757812e+00) (3, -1.04295027256011962891e+00) (4, -1.69607356190681457520e-01) (5, -1.50000000000000000000e+03) (6, 5.87099909782409667969e-01) (7, 8.96375060081481933594e-01) (8, 5.98874044418334960938e+00) (9, 6.32761240005493164062e-01) (10, 4.51860141754150390625e+00) (11, -2.94101333618164062500e+00) (7, 6.19950962066650390625e+00) (8, 6.89269590377807617188e+00) (9, 1.62303817272186279297e+00) (10, 4.08032703399658203125e+00) (11, -4.47305727005004882812e+00) (12, -6.99721050262451171875e+00) (13, -3.64647126197814941406e+00) (14, -3.44040483236312866211e-01) 
