FANN_FLO_2.1
num_layers=3
learning_rate=0.400000
connection_rate=1.000000
network_type=0
learning_momentum=0.000000
training_algorithm=2
train_error_function=1
train_stop_function=0
cascade_output_change_fraction=0.010000
quickprop_decay=-0.000100
quickprop_mu=1.750000
rprop_increase_factor=1.200000
rprop_decrease_factor=0.500000
rprop_delta_min=0.000000
rprop_delta_max=50.000000
rprop_delta_zero=0.100000
cascade_output_stagnation_epochs=12
cascade_candidate_change_fraction=0.010000
cascade_candidate_stagnation_epochs=12
cascade_max_out_epochs=150
cascade_min_out_epochs=50
cascade_max_cand_epochs=150
cascade_min_cand_epochs=50
cascade_num_candidate_groups=2
bit_fail_limit=3.49999994039535522461e-01
cascade_candidate_limit=1.00000000000000000000e+03
cascade_weight_multiplier=4.00000005960464477539e-01
cascade_activation_functions_count=10
cascade_activation_functions=3 5 7 8 10 11 14 15 16 17 
cascade_activation_steepnesses_count=4
cascade_activation_steepnesses=2.50000000000000000000e-01 5.00000000000000000000e-01 7.50000000000000000000e-01 1.00000000000000000000e+00 
layer_sizes=7 9 2 
scale_included=0
neurons (num_inputs, activation_function, activation_steepness)=(0, 0, 0.00000000000000000000e+00) (0, 0, 0.00000000000000000000e+00) (0, 0, 0.00000000000000000000e+00) (0, 0, 0.00000000000000000000e+00) (0, 0, 0.00000000000000000000e+00) (0, 0, 0.00000000000000000000e+00) (0, 0, 0.00000000000000000000e+00) (7, 3, 5.00000000000000000000e-01) (7, 3, 5.00000000000000000000e-01) (7, 3, 5.00000000000000000000e-01) (7, 3, 5.00000000000000000000e-01) (7, 3, 5.00000000000000000000e-01) (7, 3, 5.00000000000000000000e-01) (7, 3, 5.00000000000000000000e-01) (7, 3, 5.00000000000000000000e-01) (0, 3, 0.00000000000000000000e+00) (9, 3, 5.00000000000000000000e-01) (0, 3, 0.00000000000000000000e+00) 
connections (connected_to_neuron, weight)=(0, 1.49913187026977539062e+01) (1, -1.68518524169921875000e+01) (2, -3.84206509590148925781e+00) (3, -2.05125093460083007812e+00) (4, -7.63924419879913330078e-01) (5, -4.49908256530761718750e+00) (6, 6.39862871170043945312e+00) (0, 1.33114171028137207031e+00) (1, 3.58677816390991210938e+00) (2, -2.57914237976074218750e+01) (3, 3.91827726364135742188e+00) (4, -3.23286747932434082031e+00) (5, -2.09350490570068359375e+00) (6, -6.98157012462615966797e-01) (0, 1.56432819366455078125e+00) (1, 4.74014043807983398438e+00) (2, -8.35033569335937500000e+01) (3, -5.92212867736816406250e+00) (4, 1.23613584041595458984e+00) (5, -6.50117588043212890625e+00) (6, 8.10157966613769531250e+00) (0, 1.93563973903656005859e+00) (1, -7.39581251144409179688e+00) (2, 2.95028610229492187500e+01) (3, -1.31222257614135742188e+01) (4, -4.05595731735229492188e+00) (5, 2.27578416466712951660e-01) (6, 1.03515157699584960938e+01) (0, 1.49692964553833007812e+00) (1, 3.25679272413253784180e-01) (2, 4.90089845657348632812e+00) (3, -1.52778978347778320312e+01) (4, 8.31509590148925781250e+00) (5, 2.51546800136566162109e-01) (6, -2.98155117034912109375e+00) (0, -5.64882946014404296875e+00) (1, -6.22801160812377929688e+00) (2, -1.85687503814697265625e+01) (3, -8.84293138980865478516e-01) (4, -3.91854858398437500000e+00) (5, 4.37472248077392578125e+00) (6, 1.21211681365966796875e+01) (0, -2.39859390258789062500e+01) (1, 2.19283103942871093750e+01) (2, -1.94403195381164550781e+00) (3, -2.36633753776550292969e+00) (4, -1.72926008701324462891e+00) (5, 5.11252689361572265625e+00) (6, 1.81530702114105224609e+00) (0, 1.05790405273437500000e+01) (1, -9.93479537963867187500e+00) (2, -3.97957825660705566406e+00) (3, -2.39186644554138183594e+00) (4, -1.21335990726947784424e-01) (5, -6.74322748184204101562e+00) (6, 7.40627288818359375000e+00) (7, -3.04027199745178222656e+00) (8, -6.28363072872161865234e-01) (9, 6.52566194534301757812e-01) (10, -2.59581178426742553711e-01) (11, -8.27031552791595458984e-01) (12, -6.25472068786621093750e-01) (13, -3.25228404998779296875e+00) (14, -9.16360735893249511719e-01) (15, 2.54537391662597656250e+00) 
