FANN_FLO_2.1
num_layers=3
learning_rate=0.400000
connection_rate=1.000000
network_type=0
learning_momentum=0.000000
training_algorithm=2
train_error_function=1
train_stop_function=0
cascade_output_change_fraction=0.010000
quickprop_decay=-0.000100
quickprop_mu=1.750000
rprop_increase_factor=1.200000
rprop_decrease_factor=0.500000
rprop_delta_min=0.000000
rprop_delta_max=50.000000
rprop_delta_zero=0.100000
cascade_output_stagnation_epochs=12
cascade_candidate_change_fraction=0.010000
cascade_candidate_stagnation_epochs=12
cascade_max_out_epochs=150
cascade_min_out_epochs=50
cascade_max_cand_epochs=150
cascade_min_cand_epochs=50
cascade_num_candidate_groups=2
bit_fail_limit=3.49999994039535522461e-01
cascade_candidate_limit=1.00000000000000000000e+03
cascade_weight_multiplier=4.00000005960464477539e-01
cascade_activation_functions_count=10
cascade_activation_functions=3 5 7 8 10 11 14 15 16 17 
cascade_activation_steepnesses_count=4
cascade_activation_steepnesses=2.50000000000000000000e-01 5.00000000000000000000e-01 7.50000000000000000000e-01 1.00000000000000000000e+00 
layer_sizes=7 5 2 
scale_included=0
neurons (num_inputs, activation_function, activation_steepness)=(0, 0, 0.00000000000000000000e+00) (0, 0, 0.00000000000000000000e+00) (0, 0, 0.00000000000000000000e+00) (0, 0, 0.00000000000000000000e+00) (0, 0, 0.00000000000000000000e+00) (0, 0, 0.00000000000000000000e+00) (0, 0, 0.00000000000000000000e+00) (7, 3, 5.00000000000000000000e-01) (7, 3, 5.00000000000000000000e-01) (7, 3, 5.00000000000000000000e-01) (7, 3, 5.00000000000000000000e-01) (0, 3, 0.00000000000000000000e+00) (5, 3, 5.00000000000000000000e-01) (0, 3, 0.00000000000000000000e+00) 
connections (connected_to_neuron, weight)=(0, -1.26543550491333007812e+01) (1, 1.15733156204223632812e+01) (2, -3.33310532569885253906e+00) (3, -1.00325417518615722656e+00) (4, -9.88520622253417968750e-01) (5, -1.47500000000000000000e+03) (6, -3.59896868467330932617e-01) (0, -2.80973887443542480469e+00) (1, -1.91028270721435546875e+01) (2, 1.06352052688598632812e+01) (3, 3.88461780548095703125e+00) (4, -5.47779655456542968750e+00) (5, 2.37980961799621582031e+00) (6, 1.53209486007690429688e+01) (0, 6.26488304138183593750e+00) (1, -7.82606077194213867188e+00) (2, 9.04244184494018554688e-01) (3, -9.90067064762115478516e-01) (4, -1.78097099065780639648e-01) (5, 1.97839987277984619141e+00) (6, -2.04875302314758300781e+00) (0, 4.60487318038940429688e+00) (1, -5.27285516262054443359e-01) (2, 3.31655287742614746094e+00) (3, -4.02786731719970703125e+00) (4, -8.16434204578399658203e-01) (5, 1.13437187671661376953e+00) (6, -2.91582655906677246094e+00) (7, -1.04411859512329101562e+01) (8, -5.45508444309234619141e-01) (9, -6.47456884384155273438e+00) (10, -1.88389992713928222656e+00) (11, -5.50123751163482666016e-01) 
