FANN_FLO_2.1
num_layers=4
learning_rate=0.500000
connection_rate=1.000000
network_type=0
learning_momentum=0.000000
training_algorithm=2
train_error_function=1
train_stop_function=0
cascade_output_change_fraction=0.010000
quickprop_decay=-0.000100
quickprop_mu=1.750000
rprop_increase_factor=1.200000
rprop_decrease_factor=0.500000
rprop_delta_min=0.000000
rprop_delta_max=50.000000
rprop_delta_zero=0.100000
cascade_output_stagnation_epochs=12
cascade_candidate_change_fraction=0.010000
cascade_candidate_stagnation_epochs=12
cascade_max_out_epochs=150
cascade_min_out_epochs=50
cascade_max_cand_epochs=150
cascade_min_cand_epochs=50
cascade_num_candidate_groups=2
bit_fail_limit=3.49999994039535522461e-01
cascade_candidate_limit=1.00000000000000000000e+03
cascade_weight_multiplier=4.00000005960464477539e-01
cascade_activation_functions_count=10
cascade_activation_functions=3 5 7 8 10 11 14 15 16 17 
cascade_activation_steepnesses_count=4
cascade_activation_steepnesses=2.50000000000000000000e-01 5.00000000000000000000e-01 7.50000000000000000000e-01 1.00000000000000000000e+00 
layer_sizes=2 5 3 3 
scale_included=0
neurons (num_inputs, activation_function, activation_steepness)=(0, 0, 0.00000000000000000000e+00) (0, 0, 0.00000000000000000000e+00) (2, 3, 5.00000000000000000000e-01) (2, 3, 5.00000000000000000000e-01) (2, 3, 5.00000000000000000000e-01) (2, 3, 5.00000000000000000000e-01) (0, 3, 0.00000000000000000000e+00) (5, 3, 5.00000000000000000000e-01) (5, 3, 5.00000000000000000000e-01) (0, 3, 0.00000000000000000000e+00) (3, 0, 5.00000000000000000000e-01) (3, 0, 5.00000000000000000000e-01) (0, 0, 0.00000000000000000000e+00) 
connections (connected_to_neuron, weight)=(0, 1.50000000000000000000e+03) (1, 1.28422117233276367188e+01) (0, -8.68071842193603515625e+00) (1, 4.07548952102661132812e+00) (0, 1.22361987304687500000e+03) (1, -2.60086547851562500000e+02) (0, 4.97958526611328125000e+02) (1, -1.92367492675781250000e+02) (2, -9.05414581298828125000e+00) (3, -1.43458349609375000000e+03) (4, 1.09980004882812500000e+03) (5, 1.15382714843750000000e+03) (6, -6.75185346603393554688e+00) (2, 4.18415784835815429688e+00) (3, -1.04754810333251953125e+01) (4, 7.00000000000000000000e+02) (5, -4.46259069442749023438e+00) (6, 5.48887825012207031250e+00) (7, 6.07801020145416259766e-01) (8, -9.87719833850860595703e-01) (9, -6.31603777408599853516e-01) (7, 7.86971077322959899902e-02) (8, -5.18550205230712890625e+00) (9, 3.86923480033874511719e+00) 
