FANN_FLO_2.1
num_layers=3
learning_rate=0.400000
connection_rate=1.000000
network_type=0
learning_momentum=0.000000
training_algorithm=2
train_error_function=1
train_stop_function=0
cascade_output_change_fraction=0.010000
quickprop_decay=-0.000100
quickprop_mu=1.750000
rprop_increase_factor=1.200000
rprop_decrease_factor=0.500000
rprop_delta_min=0.000000
rprop_delta_max=50.000000
rprop_delta_zero=0.100000
cascade_output_stagnation_epochs=12
cascade_candidate_change_fraction=0.010000
cascade_candidate_stagnation_epochs=12
cascade_max_out_epochs=150
cascade_min_out_epochs=50
cascade_max_cand_epochs=150
cascade_min_cand_epochs=50
cascade_num_candidate_groups=2
bit_fail_limit=3.49999994039535522461e-01
cascade_candidate_limit=1.00000000000000000000e+03
cascade_weight_multiplier=4.00000005960464477539e-01
cascade_activation_functions_count=10
cascade_activation_functions=3 5 7 8 10 11 14 15 16 17 
cascade_activation_steepnesses_count=4
cascade_activation_steepnesses=2.50000000000000000000e-01 5.00000000000000000000e-01 7.50000000000000000000e-01 1.00000000000000000000e+00 
layer_sizes=7 9 2 
scale_included=0
neurons (num_inputs, activation_function, activation_steepness)=(0, 0, 0.00000000000000000000e+00) (0, 0, 0.00000000000000000000e+00) (0, 0, 0.00000000000000000000e+00) (0, 0, 0.00000000000000000000e+00) (0, 0, 0.00000000000000000000e+00) (0, 0, 0.00000000000000000000e+00) (0, 0, 0.00000000000000000000e+00) (7, 3, 5.00000000000000000000e-01) (7, 3, 5.00000000000000000000e-01) (7, 3, 5.00000000000000000000e-01) (7, 3, 5.00000000000000000000e-01) (7, 3, 5.00000000000000000000e-01) (7, 3, 5.00000000000000000000e-01) (7, 3, 5.00000000000000000000e-01) (7, 3, 5.00000000000000000000e-01) (0, 3, 0.00000000000000000000e+00) (9, 3, 5.00000000000000000000e-01) (0, 3, 0.00000000000000000000e+00) 
connections (connected_to_neuron, weight)=(0, -2.13239216804504394531e+00) (1, -2.39353775978088378906e+00) (2, -2.20076131820678710938e+00) (3, 2.34623104333877563477e-01) (4, 7.24195599555969238281e-01) (5, 1.97566366195678710938e+00) (6, -7.11840629577636718750e-01) (0, -4.25009918212890625000e+00) (1, -5.97965240478515625000e+00) (2, -4.71189785003662109375e+00) (3, 2.00574016571044921875e+00) (4, 3.16133880615234375000e+00) (5, 7.45579540729522705078e-01) (6, -1.20662987232208251953e+00) (0, -2.29278373718261718750e+00) (1, -2.45498847961425781250e+00) (2, -3.50252771377563476562e+00) (3, 8.89919459819793701172e-01) (4, 2.69979429244995117188e+00) (5, 5.02882480621337890625e+00) (6, -3.33600354194641113281e+00) (0, -1.93300282955169677734e+00) (1, -2.22174906730651855469e+00) (2, -1.09077095985412597656e+00) (3, 2.43042778968811035156e+00) (4, -1.65816771984100341797e+00) (5, 8.08021831512451171875e+00) (6, -3.41785717010498046875e+00) (0, 1.21243011951446533203e+00) (1, -9.23977494239807128906e-01) (2, -3.89265680313110351562e+00) (3, -2.70570397377014160156e+00) (4, -6.67533922195434570312e+00) (5, 1.52294368743896484375e+01) (6, 1.72247171401977539062e+00) (0, 4.09158676862716674805e-01) (1, 1.47326767444610595703e-01) (2, -5.32986044883728027344e-01) (3, -1.71521639823913574219e+00) (4, -1.19535899162292480469e+00) (5, -3.56263145804405212402e-02) (6, 1.51719391345977783203e+00) (0, 1.80091357231140136719e+00) (1, -8.42511773109436035156e-01) (2, -1.50440371036529541016e+00) (3, 3.12306308746337890625e+00) (4, 4.24071788787841796875e+00) (5, -3.82943749427795410156e-02) (6, -1.46554815769195556641e+00) (0, -5.80414581298828125000e+00) (1, -1.82216262817382812500e+00) (2, 4.57124137878417968750e+00) (3, 9.32739913463592529297e-01) (4, 7.96098053455352783203e-01) (5, -3.18833470344543457031e+00) (6, -1.56686753034591674805e-01) (7, 9.27313923835754394531e-01) (8, 1.71930325031280517578e+00) (9, 1.44468486309051513672e+00) (10, 2.50374698638916015625e+00) (11, -2.29125833511352539062e+00) (12, -2.19779801368713378906e+00) (13, 8.17610561847686767578e-01) (14, 9.46696221828460693359e-01) (15, -1.83445468544960021973e-01) 
