FANN_FLO_2.1
num_layers=3
learning_rate=0.400000
connection_rate=1.000000
network_type=0
learning_momentum=0.000000
training_algorithm=2
train_error_function=1
train_stop_function=0
cascade_output_change_fraction=0.010000
quickprop_decay=-0.000100
quickprop_mu=1.750000
rprop_increase_factor=1.200000
rprop_decrease_factor=0.500000
rprop_delta_min=0.000000
rprop_delta_max=50.000000
rprop_delta_zero=0.100000
cascade_output_stagnation_epochs=12
cascade_candidate_change_fraction=0.010000
cascade_candidate_stagnation_epochs=12
cascade_max_out_epochs=150
cascade_min_out_epochs=50
cascade_max_cand_epochs=150
cascade_min_cand_epochs=50
cascade_num_candidate_groups=2
bit_fail_limit=3.49999994039535522461e-01
cascade_candidate_limit=1.00000000000000000000e+03
cascade_weight_multiplier=4.00000005960464477539e-01
cascade_activation_functions_count=10
cascade_activation_functions=3 5 7 8 10 11 14 15 16 17 
cascade_activation_steepnesses_count=4
cascade_activation_steepnesses=2.50000000000000000000e-01 5.00000000000000000000e-01 7.50000000000000000000e-01 1.00000000000000000000e+00 
layer_sizes=19 3 3 
scale_included=0
neurons (num_inputs, activation_function, activation_steepness)=(0, 0, 0.00000000000000000000e+00) (0, 0, 0.00000000000000000000e+00) (0, 0, 0.00000000000000000000e+00) (0, 0, 0.00000000000000000000e+00) (0, 0, 0.00000000000000000000e+00) (0, 0, 0.00000000000000000000e+00) (0, 0, 0.00000000000000000000e+00) (0, 0, 0.00000000000000000000e+00) (0, 0, 0.00000000000000000000e+00) (0, 0, 0.00000000000000000000e+00) (0, 0, 0.00000000000000000000e+00) (0, 0, 0.00000000000000000000e+00) (0, 0, 0.00000000000000000000e+00) (0, 0, 0.00000000000000000000e+00) (0, 0, 0.00000000000000000000e+00) (0, 0, 0.00000000000000000000e+00) (0, 0, 0.00000000000000000000e+00) (0, 0, 0.00000000000000000000e+00) (0, 0, 0.00000000000000000000e+00) (19, 3, 5.00000000000000000000e-01) (19, 3, 5.00000000000000000000e-01) (0, 3, 0.00000000000000000000e+00) (3, 3, 5.00000000000000000000e-01) (3, 3, 5.00000000000000000000e-01) (0, 3, 0.00000000000000000000e+00) 
connections (connected_to_neuron, weight)=(0, -5.64315271377563476562e+00) (1, -3.09268999099731445312e+00) (2, -8.22375476360321044922e-01) (3, -7.71454095840454101562e+00) (4, -9.59641039371490478516e-01) (5, 3.20805191993713378906e+00) (6, -3.50948834419250488281e+00) (7, -2.91172057390213012695e-01) (8, 3.96034932136535644531e+00) (9, 5.71975755691528320312e+00) (10, 2.89641237258911132812e+00) (11, -8.48823904991149902344e-01) (12, 8.30451679229736328125e+00) (13, 3.76829910278320312500e+00) (14, -3.23391914367675781250e+00) (15, 3.13912010192871093750e+00) (16, 3.58239030838012695312e+00) (17, 8.41441452503204345703e-01) (18, -7.93457269668579101562e+00) (0, 1.22843246459960937500e+01) (1, 2.73781919479370117188e+00) (2, 1.63485789299011230469e+00) (3, 8.73253917694091796875e+00) (4, 2.62124752998352050781e+00) (5, 6.10914766788482666016e-01) (6, 1.10411939620971679688e+01) (7, 6.68278813362121582031e-01) (8, 8.42545390129089355469e-01) (9, -1.14992513656616210938e+01) (10, -3.83035397529602050781e+00) (11, -4.87884998321533203125e-01) (12, -1.07051811218261718750e+01) (13, -1.34218609333038330078e+00) (14, -1.45908439159393310547e+00) (15, -1.01665592193603515625e+01) (16, -2.11156105995178222656e+00) (17, -1.29923626780509948730e-01) (18, -6.94363737106323242188e+00) (19, -1.15851247310638427734e+00) (20, -1.37778210639953613281e+00) (21, 1.31499068811535835266e-02) (19, 1.15879321098327636719e+00) (20, 1.37817275524139404297e+00) (21, -1.26738483086228370667e-02) 
