FANN_FLO_2.1
num_layers=4
learning_rate=0.400000
connection_rate=1.000000
network_type=0
learning_momentum=0.000000
training_algorithm=2
train_error_function=1
train_stop_function=0
cascade_output_change_fraction=0.010000
quickprop_decay=-0.000100
quickprop_mu=1.750000
rprop_increase_factor=1.200000
rprop_decrease_factor=0.500000
rprop_delta_min=0.000000
rprop_delta_max=50.000000
rprop_delta_zero=0.100000
cascade_output_stagnation_epochs=12
cascade_candidate_change_fraction=0.010000
cascade_candidate_stagnation_epochs=12
cascade_max_out_epochs=150
cascade_min_out_epochs=50
cascade_max_cand_epochs=150
cascade_min_cand_epochs=50
cascade_num_candidate_groups=2
bit_fail_limit=3.49999994039535522461e-01
cascade_candidate_limit=1.00000000000000000000e+03
cascade_weight_multiplier=4.00000005960464477539e-01
cascade_activation_functions_count=10
cascade_activation_functions=3 5 7 8 10 11 14 15 16 17 
cascade_activation_steepnesses_count=4
cascade_activation_steepnesses=2.50000000000000000000e-01 5.00000000000000000000e-01 7.50000000000000000000e-01 1.00000000000000000000e+00 
layer_sizes=7 5 5 2 
scale_included=0
neurons (num_inputs, activation_function, activation_steepness)=(0, 0, 0.00000000000000000000e+00) (0, 0, 0.00000000000000000000e+00) (0, 0, 0.00000000000000000000e+00) (0, 0, 0.00000000000000000000e+00) (0, 0, 0.00000000000000000000e+00) (0, 0, 0.00000000000000000000e+00) (0, 0, 0.00000000000000000000e+00) (7, 3, 5.00000000000000000000e-01) (7, 3, 5.00000000000000000000e-01) (7, 3, 5.00000000000000000000e-01) (7, 3, 5.00000000000000000000e-01) (0, 3, 0.00000000000000000000e+00) (5, 3, 5.00000000000000000000e-01) (5, 3, 5.00000000000000000000e-01) (5, 3, 5.00000000000000000000e-01) (5, 3, 5.00000000000000000000e-01) (0, 3, 0.00000000000000000000e+00) (5, 3, 5.00000000000000000000e-01) (0, 3, 0.00000000000000000000e+00) 
connections (connected_to_neuron, weight)=(0, -1.34850244140625000000e+03) (1, 6.09642181396484375000e+01) (2, -4.55088867187500000000e+02) (3, -1.50000000000000000000e+03) (4, 1.48190893554687500000e+03) (5, -1.50000000000000000000e+03) (6, -2.12752366065979003906e+00) (0, -3.68972492218017578125e+00) (1, -8.97313475608825683594e-01) (2, 3.33503293991088867188e+00) (3, -7.63909578323364257812e+00) (4, -1.12803447246551513672e+00) (5, 1.28302359580993652344e+00) (6, 4.41720771789550781250e+00) (0, 8.17856502532958984375e+00) (1, 6.32824134826660156250e+00) (2, 2.42680244445800781250e+01) (3, -1.64498825073242187500e+01) (4, -1.49715393066406250000e+03) (5, 6.73084030151367187500e+01) (6, -4.68653488159179687500e+00) (0, 2.35651746392250061035e-01) (1, -3.78009974956512451172e-01) (2, -4.58780250549316406250e+01) (3, -9.43559837341308593750e+00) (4, -1.63319377899169921875e+01) (5, 1.04260660707950592041e-01) (6, 8.51015758514404296875e+00) (7, 2.68960205078125000000e+02) (8, 1.47939355468750000000e+03) (9, -1.38072143554687500000e+03) (10, 1.33546630859375000000e+03) (11, -1.81094431877136230469e+00) (7, 2.20089370727539062500e+02) (8, 1.37145599365234375000e+02) (9, -1.38072143554687500000e+03) (10, 1.40050402832031250000e+03) (11, -4.70584917068481445312e+00) (7, 6.43869459629058837891e-01) (8, 2.24717354774475097656e+00) (9, -4.11989879608154296875e+00) (10, 2.39929962158203125000e+00) (11, -1.20772230625152587891e+00) (7, 2.02461361885070800781e-01) (8, 8.18614196777343750000e+00) (9, -1.91364421844482421875e+01) (10, 4.70692110061645507812e+00) (11, -1.47493135929107666016e+00) (12, -4.28936630487442016602e-01) (13, -4.77090299129486083984e-01) (14, -1.10557901859283447266e+00) (15, -1.27788472175598144531e+00) (16, -5.09621560573577880859e-01) 
