FANN_FLO_2.1
num_layers=4
learning_rate=0.500000
connection_rate=1.000000
network_type=0
learning_momentum=0.000000
training_algorithm=2
train_error_function=1
train_stop_function=0
cascade_output_change_fraction=0.010000
quickprop_decay=-0.000100
quickprop_mu=1.750000
rprop_increase_factor=1.200000
rprop_decrease_factor=0.500000
rprop_delta_min=0.000000
rprop_delta_max=50.000000
rprop_delta_zero=0.100000
cascade_output_stagnation_epochs=12
cascade_candidate_change_fraction=0.010000
cascade_candidate_stagnation_epochs=12
cascade_max_out_epochs=150
cascade_min_out_epochs=50
cascade_max_cand_epochs=150
cascade_min_cand_epochs=50
cascade_num_candidate_groups=2
bit_fail_limit=3.49999994039535522461e-01
cascade_candidate_limit=1.00000000000000000000e+03
cascade_weight_multiplier=4.00000005960464477539e-01
cascade_activation_functions_count=10
cascade_activation_functions=3 5 7 8 10 11 14 15 16 17 
cascade_activation_steepnesses_count=4
cascade_activation_steepnesses=2.50000000000000000000e-01 5.00000000000000000000e-01 7.50000000000000000000e-01 1.00000000000000000000e+00 
layer_sizes=2 5 5 3 
scale_included=0
neurons (num_inputs, activation_function, activation_steepness)=(0, 0, 0.00000000000000000000e+00) (0, 0, 0.00000000000000000000e+00) (2, 3, 5.00000000000000000000e-01) (2, 3, 5.00000000000000000000e-01) (2, 3, 5.00000000000000000000e-01) (2, 3, 5.00000000000000000000e-01) (0, 3, 0.00000000000000000000e+00) (5, 3, 5.00000000000000000000e-01) (5, 3, 5.00000000000000000000e-01) (5, 3, 5.00000000000000000000e-01) (5, 3, 5.00000000000000000000e-01) (0, 3, 0.00000000000000000000e+00) (5, 0, 5.00000000000000000000e-01) (5, 0, 5.00000000000000000000e-01) (0, 0, 0.00000000000000000000e+00) 
connections (connected_to_neuron, weight)=(0, 4.48070764541625976562e+00) (1, -4.14362341165542602539e-01) (0, -1.91220226287841796875e+01) (1, 5.50263929367065429688e+00) (0, 2.96362805366516113281e+00) (1, 3.10061186552047729492e-01) (0, 3.02543258666992187500e+01) (1, -1.31436073780059814453e+00) (2, 1.52285575866699218750e-01) (3, -6.71812534332275390625e-01) (4, -3.23764801025390625000e-01) (5, -8.14918994903564453125e-01) (6, -5.70488274097442626953e-02) (2, 2.34389114379882812500e+00) (3, -7.35936450958251953125e+00) (4, 2.18937611579895019531e+00) (5, 2.20786023139953613281e+00) (6, 2.01428985595703125000e+00) (2, -8.47913861274719238281e-01) (3, 5.82321262359619140625e+00) (4, -2.82255798578262329102e-01) (5, -1.32207393646240234375e-01) (6, -9.39240157604217529297e-01) (2, -8.94211679697036743164e-02) (3, 2.64047012329101562500e+01) (4, -6.30043327808380126953e-01) (5, 8.26859533786773681641e-01) (6, -6.77123546600341796875e-01) (7, 8.65665531158447265625e+00) (8, -1.62419903278350830078e+00) (9, -2.59059190750122070312e-01) (10, -2.34525704383850097656e+00) (11, 4.08803761005401611328e-01) (7, -3.15808963775634765625e+00) (8, -2.42514181137084960938e+00) (9, 1.63518273830413818359e+00) (10, 8.00334334373474121094e-01) (11, 5.75255811214447021484e-01) 
