FANN_FLO_2.1
num_layers=4
learning_rate=0.500000
connection_rate=1.000000
network_type=0
learning_momentum=0.000000
training_algorithm=2
train_error_function=1
train_stop_function=0
cascade_output_change_fraction=0.010000
quickprop_decay=-0.000100
quickprop_mu=1.750000
rprop_increase_factor=1.200000
rprop_decrease_factor=0.500000
rprop_delta_min=0.000000
rprop_delta_max=50.000000
rprop_delta_zero=0.100000
cascade_output_stagnation_epochs=12
cascade_candidate_change_fraction=0.010000
cascade_candidate_stagnation_epochs=12
cascade_max_out_epochs=150
cascade_min_out_epochs=50
cascade_max_cand_epochs=150
cascade_min_cand_epochs=50
cascade_num_candidate_groups=2
bit_fail_limit=3.49999994039535522461e-01
cascade_candidate_limit=1.00000000000000000000e+03
cascade_weight_multiplier=4.00000005960464477539e-01
cascade_activation_functions_count=10
cascade_activation_functions=3 5 7 8 10 11 14 15 16 17 
cascade_activation_steepnesses_count=4
cascade_activation_steepnesses=2.50000000000000000000e-01 5.00000000000000000000e-01 7.50000000000000000000e-01 1.00000000000000000000e+00 
layer_sizes=2 5 3 3 
scale_included=0
neurons (num_inputs, activation_function, activation_steepness)=(0, 0, 0.00000000000000000000e+00) (0, 0, 0.00000000000000000000e+00) (2, 3, 5.00000000000000000000e-01) (2, 3, 5.00000000000000000000e-01) (2, 3, 5.00000000000000000000e-01) (2, 3, 5.00000000000000000000e-01) (0, 3, 0.00000000000000000000e+00) (5, 3, 5.00000000000000000000e-01) (5, 3, 5.00000000000000000000e-01) (0, 3, 0.00000000000000000000e+00) (3, 0, 5.00000000000000000000e-01) (3, 0, 5.00000000000000000000e-01) (0, 0, 0.00000000000000000000e+00) 
connections (connected_to_neuron, weight)=(0, 4.52640113830566406250e+01) (1, -1.64253730773925781250e+01) (0, 1.21711340332031250000e+03) (1, -1.19629310607910156250e+02) (0, -1.50000000000000000000e+03) (1, 2.20406951904296875000e+02) (0, 4.98393898010253906250e+01) (1, -9.09484291076660156250e+00) (2, 1.50000000000000000000e+03) (3, 1.09677970409393310547e+00) (4, -1.31334692382812500000e+03) (5, 1.50000000000000000000e+03) (6, 1.29137231445312500000e+03) (2, -1.50000000000000000000e+03) (3, 1.37299694824218750000e+03) (4, -1.56408846378326416016e+00) (5, -1.40955285644531250000e+03) (6, -1.16061699390411376953e+00) (7, -1.06357657909393310547e+00) (8, -4.56373393535614013672e-01) (9, -2.60611414909362792969e-01) (7, -3.18132352828979492188e+00) (8, 2.23339486122131347656e+00) (9, 1.87012982368469238281e+00) 
