FANN_FLO_2.1
num_layers=3
learning_rate=0.400000
connection_rate=1.000000
network_type=0
learning_momentum=0.000000
training_algorithm=2
train_error_function=1
train_stop_function=0
cascade_output_change_fraction=0.010000
quickprop_decay=-0.000100
quickprop_mu=1.750000
rprop_increase_factor=1.200000
rprop_decrease_factor=0.500000
rprop_delta_min=0.000000
rprop_delta_max=50.000000
rprop_delta_zero=0.100000
cascade_output_stagnation_epochs=12
cascade_candidate_change_fraction=0.010000
cascade_candidate_stagnation_epochs=12
cascade_max_out_epochs=150
cascade_min_out_epochs=50
cascade_max_cand_epochs=150
cascade_min_cand_epochs=50
cascade_num_candidate_groups=2
bit_fail_limit=3.49999994039535522461e-01
cascade_candidate_limit=1.00000000000000000000e+03
cascade_weight_multiplier=4.00000005960464477539e-01
cascade_activation_functions_count=10
cascade_activation_functions=3 5 7 8 10 11 14 15 16 17 
cascade_activation_steepnesses_count=4
cascade_activation_steepnesses=2.50000000000000000000e-01 5.00000000000000000000e-01 7.50000000000000000000e-01 1.00000000000000000000e+00 
layer_sizes=19 3 3 
scale_included=0
neurons (num_inputs, activation_function, activation_steepness)=(0, 0, 0.00000000000000000000e+00) (0, 0, 0.00000000000000000000e+00) (0, 0, 0.00000000000000000000e+00) (0, 0, 0.00000000000000000000e+00) (0, 0, 0.00000000000000000000e+00) (0, 0, 0.00000000000000000000e+00) (0, 0, 0.00000000000000000000e+00) (0, 0, 0.00000000000000000000e+00) (0, 0, 0.00000000000000000000e+00) (0, 0, 0.00000000000000000000e+00) (0, 0, 0.00000000000000000000e+00) (0, 0, 0.00000000000000000000e+00) (0, 0, 0.00000000000000000000e+00) (0, 0, 0.00000000000000000000e+00) (0, 0, 0.00000000000000000000e+00) (0, 0, 0.00000000000000000000e+00) (0, 0, 0.00000000000000000000e+00) (0, 0, 0.00000000000000000000e+00) (0, 0, 0.00000000000000000000e+00) (19, 3, 5.00000000000000000000e-01) (19, 3, 5.00000000000000000000e-01) (0, 3, 0.00000000000000000000e+00) (3, 3, 5.00000000000000000000e-01) (3, 3, 5.00000000000000000000e-01) (0, 3, 0.00000000000000000000e+00) 
connections (connected_to_neuron, weight)=(0, -6.73493814468383789062e+00) (1, 1.56332015991210937500e+00) (2, -1.00649631023406982422e+00) (3, -1.06253271102905273438e+01) (4, 2.48903322219848632812e+00) (5, -1.31723845005035400391e+00) (6, -7.44730138778686523438e+00) (7, 8.63049697875976562500e+00) (8, -5.54067659378051757812e+00) (9, 9.27652645111083984375e+00) (10, -3.10441970825195312500e+00) (11, 7.26009666919708251953e-01) (12, 1.01376180648803710938e+01) (13, -2.98892760276794433594e+00) (14, 6.54576301574707031250e-01) (15, 4.00301361083984375000e+00) (16, -3.79186129570007324219e+00) (17, -2.92308151721954345703e-01) (18, -2.44071841239929199219e+00) (0, 6.29107904434204101562e+00) (1, -6.20583915710449218750e+00) (2, 5.15452241897583007812e+00) (3, 6.64691543579101562500e+00) (4, -4.10945177078247070312e+00) (5, 4.76794147491455078125e+00) (6, 8.74627208709716796875e+00) (7, -3.73363304138183593750e+00) (8, 6.45967674255371093750e+00) (9, -7.22878217697143554688e+00) (10, 2.91384434700012207031e+00) (11, -6.56044149398803710938e+00) (12, -1.05854606628417968750e+01) (13, 1.19696784019470214844e+00) (14, -2.40884494781494140625e+00) (15, -5.27393913269042968750e+00) (16, 9.93557155132293701172e-01) (17, -2.04125642776489257812e+00) (18, -2.77642202377319335938e+00) (19, -1.19983220100402832031e+00) (20, -1.16508805751800537109e+00) (21, 2.91797555983066558838e-02) (19, 1.20047140121459960938e+00) (20, 1.16403758525848388672e+00) (21, -2.88752987980842590332e-02) 
