FANN_FLO_2.1
num_layers=3
learning_rate=0.400000
connection_rate=1.000000
network_type=0
learning_momentum=0.000000
training_algorithm=2
train_error_function=1
train_stop_function=0
cascade_output_change_fraction=0.010000
quickprop_decay=-0.000100
quickprop_mu=1.750000
rprop_increase_factor=1.200000
rprop_decrease_factor=0.500000
rprop_delta_min=0.000000
rprop_delta_max=50.000000
rprop_delta_zero=0.100000
cascade_output_stagnation_epochs=12
cascade_candidate_change_fraction=0.010000
cascade_candidate_stagnation_epochs=12
cascade_max_out_epochs=150
cascade_min_out_epochs=50
cascade_max_cand_epochs=150
cascade_min_cand_epochs=50
cascade_num_candidate_groups=2
bit_fail_limit=3.49999994039535522461e-01
cascade_candidate_limit=1.00000000000000000000e+03
cascade_weight_multiplier=4.00000005960464477539e-01
cascade_activation_functions_count=10
cascade_activation_functions=3 5 7 8 10 11 14 15 16 17 
cascade_activation_steepnesses_count=4
cascade_activation_steepnesses=2.50000000000000000000e-01 5.00000000000000000000e-01 7.50000000000000000000e-01 1.00000000000000000000e+00 
layer_sizes=7 9 2 
scale_included=0
neurons (num_inputs, activation_function, activation_steepness)=(0, 0, 0.00000000000000000000e+00) (0, 0, 0.00000000000000000000e+00) (0, 0, 0.00000000000000000000e+00) (0, 0, 0.00000000000000000000e+00) (0, 0, 0.00000000000000000000e+00) (0, 0, 0.00000000000000000000e+00) (0, 0, 0.00000000000000000000e+00) (7, 3, 5.00000000000000000000e-01) (7, 3, 5.00000000000000000000e-01) (7, 3, 5.00000000000000000000e-01) (7, 3, 5.00000000000000000000e-01) (7, 3, 5.00000000000000000000e-01) (7, 3, 5.00000000000000000000e-01) (7, 3, 5.00000000000000000000e-01) (7, 3, 5.00000000000000000000e-01) (0, 3, 0.00000000000000000000e+00) (9, 3, 5.00000000000000000000e-01) (0, 3, 0.00000000000000000000e+00) 
connections (connected_to_neuron, weight)=(0, -1.13377976417541503906e+00) (1, 1.50591060519218444824e-01) (2, 5.72013807296752929688e+00) (3, -3.25355195999145507812e+00) (4, -1.88292515277862548828e+00) (5, 5.26761817932128906250e+00) (6, 2.56535291671752929688e+00) (0, 3.98385584354400634766e-01) (1, -1.19652366638183593750e+00) (2, 1.02254762649536132812e+01) (3, -1.38266885280609130859e+00) (4, -1.52430248260498046875e+00) (5, 6.92230987548828125000e+00) (6, 5.85967242717742919922e-01) (0, 1.50000000000000000000e+03) (1, -2.64924198389053344727e-01) (2, -8.43114379882812500000e+02) (3, 6.56103789806365966797e-01) (4, 1.43568837642669677734e+00) (5, 1.27744712829589843750e+02) (6, 2.61561608314514160156e+00) (0, 3.06061220169067382812e+00) (1, -3.72658538818359375000e+00) (2, 2.11708760261535644531e+00) (3, -5.85065841674804687500e-01) (4, -4.24243420362472534180e-01) (5, 1.12812972068786621094e+00) (6, -2.49152258038520812988e-01) (0, 1.58300666809082031250e+01) (1, -4.78716325759887695312e+00) (2, 2.18864059448242187500e+01) (3, 2.70667743682861328125e+00) (4, -8.10980224609375000000e+00) (5, 2.70482897758483886719e+00) (6, -1.81402873992919921875e+00) (0, 7.91250133514404296875e+00) (1, -8.52807903289794921875e+00) (2, 6.06739330291748046875e+00) (3, -1.74058568477630615234e+00) (4, -3.95373344421386718750e-01) (5, 5.56169843673706054688e+00) (6, 2.62471973896026611328e-01) (0, 6.08667075634002685547e-01) (1, 4.17347049713134765625e+00) (2, -1.72992229461669921875e+01) (3, -8.22972106933593750000e+00) (4, 2.24304628372192382812e+00) (5, -7.21124053001403808594e-01) (6, -2.63755798339843750000e+00) (0, -1.41770708560943603516e+00) (1, 3.62571440637111663818e-02) (2, 7.92199707031250000000e+00) (3, -2.85981965065002441406e+00) (4, -1.10443246364593505859e+00) (5, 7.58902120590209960938e+00) (6, 1.72056317329406738281e+00) (7, -1.76240527629852294922e+00) (8, -1.63866019248962402344e+00) (9, -5.52719950675964355469e-01) (10, -8.70354652404785156250e+00) (11, 7.74066209793090820312e-01) (12, 6.51193571090698242188e+00) (13, -1.10717463493347167969e+00) (14, -7.51001775264739990234e-01) (15, -5.37393748760223388672e-01) 
