FANN_FLO_2.1
num_layers=4
learning_rate=0.400000
connection_rate=1.000000
network_type=0
learning_momentum=0.000000
training_algorithm=2
train_error_function=1
train_stop_function=0
cascade_output_change_fraction=0.010000
quickprop_decay=-0.000100
quickprop_mu=1.750000
rprop_increase_factor=1.200000
rprop_decrease_factor=0.500000
rprop_delta_min=0.000000
rprop_delta_max=50.000000
rprop_delta_zero=0.100000
cascade_output_stagnation_epochs=12
cascade_candidate_change_fraction=0.010000
cascade_candidate_stagnation_epochs=12
cascade_max_out_epochs=150
cascade_min_out_epochs=50
cascade_max_cand_epochs=150
cascade_min_cand_epochs=50
cascade_num_candidate_groups=2
bit_fail_limit=3.49999994039535522461e-01
cascade_candidate_limit=1.00000000000000000000e+03
cascade_weight_multiplier=4.00000005960464477539e-01
cascade_activation_functions_count=10
cascade_activation_functions=3 5 7 8 10 11 14 15 16 17 
cascade_activation_steepnesses_count=4
cascade_activation_steepnesses=2.50000000000000000000e-01 5.00000000000000000000e-01 7.50000000000000000000e-01 1.00000000000000000000e+00 
layer_sizes=7 5 3 2 
scale_included=0
neurons (num_inputs, activation_function, activation_steepness)=(0, 0, 0.00000000000000000000e+00) (0, 0, 0.00000000000000000000e+00) (0, 0, 0.00000000000000000000e+00) (0, 0, 0.00000000000000000000e+00) (0, 0, 0.00000000000000000000e+00) (0, 0, 0.00000000000000000000e+00) (0, 0, 0.00000000000000000000e+00) (7, 3, 5.00000000000000000000e-01) (7, 3, 5.00000000000000000000e-01) (7, 3, 5.00000000000000000000e-01) (7, 3, 5.00000000000000000000e-01) (0, 3, 0.00000000000000000000e+00) (5, 3, 5.00000000000000000000e-01) (5, 3, 5.00000000000000000000e-01) (0, 3, 0.00000000000000000000e+00) (3, 3, 5.00000000000000000000e-01) (0, 3, 0.00000000000000000000e+00) 
connections (connected_to_neuron, weight)=(0, -1.08670396804809570312e+01) (1, 5.89130115509033203125e+00) (2, -4.10937881469726562500e+01) (3, -7.66765594482421875000e+00) (4, -3.04192237854003906250e+01) (5, 5.32601976394653320312e+00) (6, 6.33728086948394775391e-01) (0, 8.52231292724609375000e+01) (1, 9.25660705566406250000e+02) (2, 8.50021850585937500000e+02) (3, 2.50408115386962890625e+01) (4, -9.01203369140625000000e+02) (5, 1.50000000000000000000e+03) (6, 6.82042837142944335938e+00) (0, 8.56993026733398437500e+01) (1, 1.17756834030151367188e+01) (2, -1.57959785461425781250e+01) (3, -5.03641204833984375000e+01) (4, -2.87228603363037109375e+01) (5, -2.76750144958496093750e+01) (6, 1.91776168346405029297e+00) (0, 1.51535308361053466797e+00) (1, -5.17482757568359375000e+00) (2, 1.73602542877197265625e+01) (3, -1.65076866149902343750e+01) (4, -5.98629999160766601562e+00) (5, -3.24274182319641113281e-01) (6, 1.02632999420166015625e+01) (7, 1.41108154296875000000e+02) (8, 2.57997274398803710938e+00) (9, 7.07067131996154785156e-01) (10, 1.36140656471252441406e+00) (11, -4.02534294128417968750e+00) (7, -1.42616943359375000000e+03) (8, -1.55136913061141967773e-01) (9, -9.45531654357910156250e+00) (10, 9.68341827392578125000e+01) (11, 3.94628524780273437500e+00) (12, -1.33192837238311767578e+00) (13, -1.28674232959747314453e+00) (14, -1.08371615409851074219e+00) 
