FANN_FLO_2.1
num_layers=4
learning_rate=0.500000
connection_rate=1.000000
network_type=0
learning_momentum=0.000000
training_algorithm=2
train_error_function=1
train_stop_function=0
cascade_output_change_fraction=0.010000
quickprop_decay=-0.000100
quickprop_mu=1.750000
rprop_increase_factor=1.200000
rprop_decrease_factor=0.500000
rprop_delta_min=0.000000
rprop_delta_max=50.000000
rprop_delta_zero=0.100000
cascade_output_stagnation_epochs=12
cascade_candidate_change_fraction=0.010000
cascade_candidate_stagnation_epochs=12
cascade_max_out_epochs=150
cascade_min_out_epochs=50
cascade_max_cand_epochs=150
cascade_min_cand_epochs=50
cascade_num_candidate_groups=2
bit_fail_limit=3.49999994039535522461e-01
cascade_candidate_limit=1.00000000000000000000e+03
cascade_weight_multiplier=4.00000005960464477539e-01
cascade_activation_functions_count=10
cascade_activation_functions=3 5 7 8 10 11 14 15 16 17 
cascade_activation_steepnesses_count=4
cascade_activation_steepnesses=2.50000000000000000000e-01 5.00000000000000000000e-01 7.50000000000000000000e-01 1.00000000000000000000e+00 
layer_sizes=10 5 3 2 
scale_included=0
neurons (num_inputs, activation_function, activation_steepness)=(0, 0, 0.00000000000000000000e+00) (0, 0, 0.00000000000000000000e+00) (0, 0, 0.00000000000000000000e+00) (0, 0, 0.00000000000000000000e+00) (0, 0, 0.00000000000000000000e+00) (0, 0, 0.00000000000000000000e+00) (0, 0, 0.00000000000000000000e+00) (0, 0, 0.00000000000000000000e+00) (0, 0, 0.00000000000000000000e+00) (0, 0, 0.00000000000000000000e+00) (10, 3, 5.00000000000000000000e-01) (10, 3, 5.00000000000000000000e-01) (10, 3, 5.00000000000000000000e-01) (10, 3, 5.00000000000000000000e-01) (0, 3, 0.00000000000000000000e+00) (5, 3, 5.00000000000000000000e-01) (5, 3, 5.00000000000000000000e-01) (0, 3, 0.00000000000000000000e+00) (3, 3, 5.00000000000000000000e-01) (0, 3, 0.00000000000000000000e+00) 
connections (connected_to_neuron, weight)=(0, 1.50000000000000000000e+03) (1, -1.92539321899414062500e+02) (2, 1.50000000000000000000e+03) (3, -1.50000000000000000000e+03) (4, -1.50000000000000000000e+03) (5, -1.50000000000000000000e+03) (6, -1.50000000000000000000e+03) (7, -1.50000000000000000000e+03) (8, -1.50000000000000000000e+03) (9, -6.46205246448516845703e-01) (0, 1.50000000000000000000e+03) (1, 8.48725280761718750000e+01) (2, 1.50000000000000000000e+03) (3, -1.50000000000000000000e+03) (4, -1.50000000000000000000e+03) (5, -1.50000000000000000000e+03) (6, -1.50000000000000000000e+03) (7, -1.50000000000000000000e+03) (8, -1.50000000000000000000e+03) (9, -2.02394291758537292480e-01) (0, 8.87098312377929687500e+00) (1, 9.88202095031738281250e+00) (2, -3.81521667480468750000e+02) (3, 1.63026797771453857422e+00) (4, 4.98400151729583740234e-01) (5, 1.48500415039062500000e+03) (6, -5.56180915832519531250e+01) (7, 7.97528207302093505859e-01) (8, -1.49839489746093750000e+03) (9, 2.94987869262695312500e+01) (0, 1.50000000000000000000e+03) (1, -1.92539321899414062500e+02) (2, 1.50000000000000000000e+03) (3, -1.50000000000000000000e+03) (4, -1.50000000000000000000e+03) (5, -1.50000000000000000000e+03) (6, -1.50000000000000000000e+03) (7, -1.50000000000000000000e+03) (8, -1.50000000000000000000e+03) (9, 1.20768316090106964111e-01) (10, 1.50000000000000000000e+03) (11, 1.50000000000000000000e+03) (12, 1.14698286056518554688e+01) (13, 1.50000000000000000000e+03) (14, -1.20991945266723632812e+00) (10, 1.50000000000000000000e+03) (11, 1.50000000000000000000e+03) (12, 1.09520502090454101562e+01) (13, 1.50000000000000000000e+03) (14, -1.13956844806671142578e+00) (15, 9.07769024372100830078e-01) (16, 8.23197424411773681641e-01) (17, -8.45295131206512451172e-01) 
