FANN_FLO_2.1
num_layers=3
learning_rate=0.400000
connection_rate=1.000000
network_type=0
learning_momentum=0.000000
training_algorithm=2
train_error_function=1
train_stop_function=0
cascade_output_change_fraction=0.010000
quickprop_decay=-0.000100
quickprop_mu=1.750000
rprop_increase_factor=1.200000
rprop_decrease_factor=0.500000
rprop_delta_min=0.000000
rprop_delta_max=50.000000
rprop_delta_zero=0.100000
cascade_output_stagnation_epochs=12
cascade_candidate_change_fraction=0.010000
cascade_candidate_stagnation_epochs=12
cascade_max_out_epochs=150
cascade_min_out_epochs=50
cascade_max_cand_epochs=150
cascade_min_cand_epochs=50
cascade_num_candidate_groups=2
bit_fail_limit=3.49999994039535522461e-01
cascade_candidate_limit=1.00000000000000000000e+03
cascade_weight_multiplier=4.00000005960464477539e-01
cascade_activation_functions_count=10
cascade_activation_functions=3 5 7 8 10 11 14 15 16 17 
cascade_activation_steepnesses_count=4
cascade_activation_steepnesses=2.50000000000000000000e-01 5.00000000000000000000e-01 7.50000000000000000000e-01 1.00000000000000000000e+00 
layer_sizes=7 9 2 
scale_included=0
neurons (num_inputs, activation_function, activation_steepness)=(0, 0, 0.00000000000000000000e+00) (0, 0, 0.00000000000000000000e+00) (0, 0, 0.00000000000000000000e+00) (0, 0, 0.00000000000000000000e+00) (0, 0, 0.00000000000000000000e+00) (0, 0, 0.00000000000000000000e+00) (0, 0, 0.00000000000000000000e+00) (7, 3, 5.00000000000000000000e-01) (7, 3, 5.00000000000000000000e-01) (7, 3, 5.00000000000000000000e-01) (7, 3, 5.00000000000000000000e-01) (7, 3, 5.00000000000000000000e-01) (7, 3, 5.00000000000000000000e-01) (7, 3, 5.00000000000000000000e-01) (7, 3, 5.00000000000000000000e-01) (0, 3, 0.00000000000000000000e+00) (9, 3, 5.00000000000000000000e-01) (0, 3, 0.00000000000000000000e+00) 
connections (connected_to_neuron, weight)=(0, 1.00802373886108398438e+01) (1, -9.03136920928955078125e+00) (2, -1.21700004577636718750e+02) (3, -1.30154848098754882812e+01) (4, -3.64383029937744140625e+00) (5, 1.22729930877685546875e+01) (6, -3.74953687191009521484e-01) (0, -1.58880627155303955078e+00) (1, -2.94331431388854980469e+00) (2, 6.75485658645629882812e+00) (3, 4.92481946945190429688e-01) (4, 2.18242835998535156250e+00) (5, -8.00559818744659423828e-01) (6, 2.59504884481430053711e-01) (0, 8.51123428344726562500e+00) (1, -8.05073451995849609375e+00) (2, 8.61400985717773437500e+00) (3, -1.80807614326477050781e+00) (4, -2.62989372014999389648e-01) (5, 4.02806425094604492188e+00) (6, -6.99594497680664062500e+00) (0, 1.71198427677154541016e+00) (1, -4.77069091796875000000e+02) (2, 1.14394207000732421875e+01) (3, -4.45854091644287109375e+00) (4, -7.63274252414703369141e-01) (5, -1.23869705200195312500e+01) (6, -1.58568215370178222656e+00) (0, 2.75018095970153808594e-01) (1, 4.27978307008743286133e-01) (2, 3.45165419578552246094e+00) (3, -2.06899118423461914062e+00) (4, -1.50433433055877685547e+00) (5, 1.80023267865180969238e-01) (6, 1.47905313968658447266e+00) (0, -1.12575888633728027344e+00) (1, -2.62028479576110839844e+00) (2, 4.64797925949096679688e+00) (3, 6.75516176223754882812e+00) (4, -4.26112651824951171875e+00) (5, -2.76974260807037353516e-01) (6, -3.23324769735336303711e-01) (0, -1.90378017425537109375e+01) (1, 9.93323516845703125000e+00) (2, 7.16701049804687500000e+01) (3, 3.71578145027160644531e+00) (4, -5.88366985321044921875e+00) (5, 1.39860267639160156250e+01) (6, 7.42828607559204101562e-01) (0, -5.24673795700073242188e+00) (1, 6.24943590164184570312e+00) (2, -7.13737535476684570312e+00) (3, -1.84272122383117675781e+00) (4, -6.71824693679809570312e-01) (5, -1.44416357421875000000e+03) (6, -8.16536486148834228516e-01) (7, -6.34971737861633300781e-01) (8, -1.79673886299133300781e+00) (9, -3.30750160217285156250e+01) (10, 1.50000000000000000000e+03) (11, -1.48251637816429138184e-01) (12, -1.19923043251037597656e+00) (13, -6.87144994735717773438e-01) (14, -9.68920898437500000000e+00) (15, 2.62382924556732177734e-01) 
