FANN_FLO_2.1
num_layers=3
learning_rate=0.400000
connection_rate=1.000000
network_type=0
learning_momentum=0.000000
training_algorithm=2
train_error_function=1
train_stop_function=0
cascade_output_change_fraction=0.010000
quickprop_decay=-0.000100
quickprop_mu=1.750000
rprop_increase_factor=1.200000
rprop_decrease_factor=0.500000
rprop_delta_min=0.000000
rprop_delta_max=50.000000
rprop_delta_zero=0.100000
cascade_output_stagnation_epochs=12
cascade_candidate_change_fraction=0.010000
cascade_candidate_stagnation_epochs=12
cascade_max_out_epochs=150
cascade_min_out_epochs=50
cascade_max_cand_epochs=150
cascade_min_cand_epochs=50
cascade_num_candidate_groups=2
bit_fail_limit=3.49999994039535522461e-01
cascade_candidate_limit=1.00000000000000000000e+03
cascade_weight_multiplier=4.00000005960464477539e-01
cascade_activation_functions_count=10
cascade_activation_functions=3 5 7 8 10 11 14 15 16 17 
cascade_activation_steepnesses_count=4
cascade_activation_steepnesses=2.50000000000000000000e-01 5.00000000000000000000e-01 7.50000000000000000000e-01 1.00000000000000000000e+00 
layer_sizes=7 9 2 
scale_included=0
neurons (num_inputs, activation_function, activation_steepness)=(0, 0, 0.00000000000000000000e+00) (0, 0, 0.00000000000000000000e+00) (0, 0, 0.00000000000000000000e+00) (0, 0, 0.00000000000000000000e+00) (0, 0, 0.00000000000000000000e+00) (0, 0, 0.00000000000000000000e+00) (0, 0, 0.00000000000000000000e+00) (7, 3, 5.00000000000000000000e-01) (7, 3, 5.00000000000000000000e-01) (7, 3, 5.00000000000000000000e-01) (7, 3, 5.00000000000000000000e-01) (7, 3, 5.00000000000000000000e-01) (7, 3, 5.00000000000000000000e-01) (7, 3, 5.00000000000000000000e-01) (7, 3, 5.00000000000000000000e-01) (0, 3, 0.00000000000000000000e+00) (9, 3, 5.00000000000000000000e-01) (0, 3, 0.00000000000000000000e+00) 
connections (connected_to_neuron, weight)=(0, -3.49394845962524414062e+00) (1, -3.66564679145812988281e+00) (2, 1.23939142227172851562e+01) (3, -2.97488689422607421875e+00) (4, -1.25072383880615234375e+00) (5, 3.86122202873229980469e+00) (6, 3.69733381271362304688e+00) (0, 8.39828729629516601562e-01) (1, 5.30471682548522949219e-01) (2, -2.07430953979492187500e+01) (3, -4.44101715087890625000e+00) (4, 3.38422000408172607422e-01) (5, 1.97804820537567138672e+00) (6, 2.34094753861427307129e-01) (0, -1.04223978519439697266e+00) (1, 9.47388947010040283203e-01) (2, -3.05040359497070312500e+00) (3, -3.13109588623046875000e+00) (4, -9.25738334655761718750e-01) (5, -1.31883144378662109375e+00) (6, 5.17540514469146728516e-01) (0, 2.41297274827957153320e-01) (1, 4.63248044252395629883e-01) (2, -6.08317184448242187500e+00) (3, -5.86217880249023437500e+00) (4, -1.72203749418258666992e-01) (5, 1.50000000000000000000e+03) (6, 4.36401337385177612305e-01) (0, 1.33725678920745849609e+00) (1, 2.97537624835968017578e-01) (2, -7.66878890991210937500e+00) (3, -8.38435363769531250000e+00) (4, -5.15126764774322509766e-01) (5, 1.19633018970489501953e+00) (6, 6.50468394160270690918e-02) (0, 4.66974407434463500977e-01) (1, 1.70948505401611328125e-01) (2, 4.17689228057861328125e+00) (3, -2.65446543693542480469e+00) (4, -3.45324754714965820312e+00) (5, 3.74452996253967285156e+00) (6, 3.89452636241912841797e-01) (0, 1.51210393905639648438e+01) (1, -1.66791839599609375000e+01) (2, 8.48997592926025390625e+00) (3, -2.90619540214538574219e+00) (4, -1.39246237277984619141e+00) (5, -2.04850602149963378906e+00) (6, 3.83672928810119628906e+00) (0, -7.36722660064697265625e+00) (1, 7.26601123809814453125e+00) (2, -3.51072740554809570312e+00) (3, -2.08019590377807617188e+00) (4, -1.00178730487823486328e+00) (5, -4.90402984619140625000e+00) (6, 3.68552446365356445312e-01) (7, -1.32221829891204833984e+00) (8, -7.57740378379821777344e-01) (9, 1.23615627288818359375e+01) (10, -6.24373435974121093750e-01) (11, -1.96984195709228515625e+00) (12, -8.53850543498992919922e-01) (13, -2.28429412841796875000e+00) (14, -1.25906991958618164062e+01) (15, 4.65041846036911010742e-01) 
