FANN_FLO_2.1
num_layers=3
learning_rate=0.500000
connection_rate=1.000000
network_type=0
learning_momentum=0.000000
training_algorithm=2
train_error_function=1
train_stop_function=0
cascade_output_change_fraction=0.010000
quickprop_decay=-0.000100
quickprop_mu=1.750000
rprop_increase_factor=1.200000
rprop_decrease_factor=0.500000
rprop_delta_min=0.000000
rprop_delta_max=50.000000
rprop_delta_zero=0.100000
cascade_output_stagnation_epochs=12
cascade_candidate_change_fraction=0.010000
cascade_candidate_stagnation_epochs=12
cascade_max_out_epochs=150
cascade_min_out_epochs=50
cascade_max_cand_epochs=150
cascade_min_cand_epochs=50
cascade_num_candidate_groups=2
bit_fail_limit=3.49999994039535522461e-01
cascade_candidate_limit=1.00000000000000000000e+03
cascade_weight_multiplier=4.00000005960464477539e-01
cascade_activation_functions_count=10
cascade_activation_functions=3 5 7 8 10 11 14 15 16 17 
cascade_activation_steepnesses_count=4
cascade_activation_steepnesses=2.50000000000000000000e-01 5.00000000000000000000e-01 7.50000000000000000000e-01 1.00000000000000000000e+00 
layer_sizes=10 3 2 
scale_included=0
neurons (num_inputs, activation_function, activation_steepness)=(0, 0, 0.00000000000000000000e+00) (0, 0, 0.00000000000000000000e+00) (0, 0, 0.00000000000000000000e+00) (0, 0, 0.00000000000000000000e+00) (0, 0, 0.00000000000000000000e+00) (0, 0, 0.00000000000000000000e+00) (0, 0, 0.00000000000000000000e+00) (0, 0, 0.00000000000000000000e+00) (0, 0, 0.00000000000000000000e+00) (0, 0, 0.00000000000000000000e+00) (10, 3, 5.00000000000000000000e-01) (10, 3, 5.00000000000000000000e-01) (0, 3, 0.00000000000000000000e+00) (3, 3, 5.00000000000000000000e-01) (0, 3, 0.00000000000000000000e+00) 
connections (connected_to_neuron, weight)=(0, -2.04839515686035156250e+00) (1, -9.11463871598243713379e-02) (2, -5.20028400421142578125e+00) (3, -1.20642554759979248047e+00) (4, 1.41234703063964843750e+01) (5, 2.66604375839233398438e+00) (6, -1.13726053237915039062e+01) (7, 1.55544531345367431641e+00) (8, -2.37733650207519531250e+00) (9, 1.64348995685577392578e+00) (0, -1.67179620265960693359e+00) (1, -1.73477768898010253906e+00) (2, -5.03953075408935546875e+00) (3, -1.39296054840087890625e+00) (4, 1.72725257873535156250e+01) (5, 2.17509317398071289062e+00) (6, -1.40000877380371093750e+01) (7, 3.12564826011657714844e+00) (8, -3.27002096176147460938e+00) (9, 1.27920114994049072266e+00) (10, 1.59557974338531494141e+00) (11, 2.41531205177307128906e+00) (12, -3.09049201011657714844e+00) 
