FANN_FLO_2.1
num_layers=3
learning_rate=0.400000
connection_rate=1.000000
network_type=0
learning_momentum=0.000000
training_algorithm=2
train_error_function=1
train_stop_function=0
cascade_output_change_fraction=0.010000
quickprop_decay=-0.000100
quickprop_mu=1.750000
rprop_increase_factor=1.200000
rprop_decrease_factor=0.500000
rprop_delta_min=0.000000
rprop_delta_max=50.000000
rprop_delta_zero=0.100000
cascade_output_stagnation_epochs=12
cascade_candidate_change_fraction=0.010000
cascade_candidate_stagnation_epochs=12
cascade_max_out_epochs=150
cascade_min_out_epochs=50
cascade_max_cand_epochs=150
cascade_min_cand_epochs=50
cascade_num_candidate_groups=2
bit_fail_limit=3.49999994039535522461e-01
cascade_candidate_limit=1.00000000000000000000e+03
cascade_weight_multiplier=4.00000005960464477539e-01
cascade_activation_functions_count=10
cascade_activation_functions=3 5 7 8 10 11 14 15 16 17 
cascade_activation_steepnesses_count=4
cascade_activation_steepnesses=2.50000000000000000000e-01 5.00000000000000000000e-01 7.50000000000000000000e-01 1.00000000000000000000e+00 
layer_sizes=7 5 2 
scale_included=0
neurons (num_inputs, activation_function, activation_steepness)=(0, 0, 0.00000000000000000000e+00) (0, 0, 0.00000000000000000000e+00) (0, 0, 0.00000000000000000000e+00) (0, 0, 0.00000000000000000000e+00) (0, 0, 0.00000000000000000000e+00) (0, 0, 0.00000000000000000000e+00) (0, 0, 0.00000000000000000000e+00) (7, 3, 5.00000000000000000000e-01) (7, 3, 5.00000000000000000000e-01) (7, 3, 5.00000000000000000000e-01) (7, 3, 5.00000000000000000000e-01) (0, 3, 0.00000000000000000000e+00) (5, 3, 5.00000000000000000000e-01) (0, 3, 0.00000000000000000000e+00) 
connections (connected_to_neuron, weight)=(0, -8.06704330444335937500e+00) (1, 7.05805730819702148438e+00) (2, -1.09238827228546142578e+00) (3, -2.15290880203247070312e+00) (4, -2.99638092517852783203e-01) (5, -5.76435852050781250000e+00) (6, 4.98029083013534545898e-01) (0, 3.37959527969360351562e+00) (1, -8.02474498748779296875e+00) (2, -1.72993969917297363281e+00) (3, 1.02376861572265625000e+01) (4, -7.61778974533081054688e+00) (5, -2.30919289588928222656e+00) (6, 2.15121674537658691406e+00) (0, -4.34747028350830078125e+00) (1, 9.11799132823944091797e-01) (2, -3.05581736564636230469e+00) (3, -8.28258132934570312500e+00) (4, -2.69178605079650878906e+00) (5, 1.07320985794067382812e+01) (6, -1.29386079311370849609e+00) (0, 7.26843500137329101562e+00) (1, -7.52592372894287109375e+00) (2, 3.10949683189392089844e+00) (3, -1.99988555908203125000e+00) (4, 3.17401677370071411133e-01) (5, 2.72680497169494628906e+00) (6, -4.14202976226806640625e+00) (7, -8.54752254486083984375e+00) (8, -9.89561617374420166016e-01) (9, -1.16613924503326416016e+00) (10, -1.34344902038574218750e+01) (11, -6.14469312131404876709e-02) 
