FANN_FLO_2.1
num_layers=3
learning_rate=0.400000
connection_rate=1.000000
network_type=0
learning_momentum=0.000000
training_algorithm=2
train_error_function=1
train_stop_function=0
cascade_output_change_fraction=0.010000
quickprop_decay=-0.000100
quickprop_mu=1.750000
rprop_increase_factor=1.200000
rprop_decrease_factor=0.500000
rprop_delta_min=0.000000
rprop_delta_max=50.000000
rprop_delta_zero=0.100000
cascade_output_stagnation_epochs=12
cascade_candidate_change_fraction=0.010000
cascade_candidate_stagnation_epochs=12
cascade_max_out_epochs=150
cascade_min_out_epochs=50
cascade_max_cand_epochs=150
cascade_min_cand_epochs=50
cascade_num_candidate_groups=2
bit_fail_limit=3.49999994039535522461e-01
cascade_candidate_limit=1.00000000000000000000e+03
cascade_weight_multiplier=4.00000005960464477539e-01
cascade_activation_functions_count=10
cascade_activation_functions=3 5 7 8 10 11 14 15 16 17 
cascade_activation_steepnesses_count=4
cascade_activation_steepnesses=2.50000000000000000000e-01 5.00000000000000000000e-01 7.50000000000000000000e-01 1.00000000000000000000e+00 
layer_sizes=7 5 2 
scale_included=0
neurons (num_inputs, activation_function, activation_steepness)=(0, 0, 0.00000000000000000000e+00) (0, 0, 0.00000000000000000000e+00) (0, 0, 0.00000000000000000000e+00) (0, 0, 0.00000000000000000000e+00) (0, 0, 0.00000000000000000000e+00) (0, 0, 0.00000000000000000000e+00) (0, 0, 0.00000000000000000000e+00) (7, 3, 5.00000000000000000000e-01) (7, 3, 5.00000000000000000000e-01) (7, 3, 5.00000000000000000000e-01) (7, 3, 5.00000000000000000000e-01) (0, 3, 0.00000000000000000000e+00) (5, 3, 5.00000000000000000000e-01) (0, 3, 0.00000000000000000000e+00) 
connections (connected_to_neuron, weight)=(0, -2.22259712219238281250e+00) (1, 1.68777334690093994141e+00) (2, -3.14715075492858886719e+00) (3, 1.80055156350135803223e-01) (4, -2.79469013214111328125e-01) (5, -1.50000000000000000000e+03) (6, 1.31150853633880615234e+00) (0, -1.61144199371337890625e+01) (1, 1.41879930496215820312e+01) (2, 3.20371270179748535156e+00) (3, -4.14797306060791015625e+00) (4, -2.24604940414428710938e+00) (5, 3.42311143875122070312e+00) (6, 2.73622608184814453125e+00) (0, 1.52181520462036132812e+01) (1, -1.57868986129760742188e+01) (2, 6.91747617721557617188e+00) (3, -1.49581086635589599609e+00) (4, -2.28258758783340454102e-01) (5, 4.66976737976074218750e+00) (6, -4.82421445846557617188e+00) (0, -5.86769390106201171875e+00) (1, 2.61288940906524658203e-01) (2, -6.47927969694137573242e-02) (3, -8.35401725769042968750e+00) (4, -1.88179743289947509766e+00) (5, 1.17069110274314880371e-03) (6, 1.02454452514648437500e+01) (7, -3.73558211326599121094e+00) (8, -2.42727684974670410156e+00) (9, -5.45580530166625976562e+00) (10, -7.00192987918853759766e-01) (11, 1.30490291118621826172e+00) 
