FANN_FLO_2.1
num_layers=4
learning_rate=0.500000
connection_rate=1.000000
network_type=0
learning_momentum=0.000000
training_algorithm=2
train_error_function=1
train_stop_function=0
cascade_output_change_fraction=0.010000
quickprop_decay=-0.000100
quickprop_mu=1.750000
rprop_increase_factor=1.200000
rprop_decrease_factor=0.500000
rprop_delta_min=0.000000
rprop_delta_max=50.000000
rprop_delta_zero=0.100000
cascade_output_stagnation_epochs=12
cascade_candidate_change_fraction=0.010000
cascade_candidate_stagnation_epochs=12
cascade_max_out_epochs=150
cascade_min_out_epochs=50
cascade_max_cand_epochs=150
cascade_min_cand_epochs=50
cascade_num_candidate_groups=2
bit_fail_limit=3.49999994039535522461e-01
cascade_candidate_limit=1.00000000000000000000e+03
cascade_weight_multiplier=4.00000005960464477539e-01
cascade_activation_functions_count=10
cascade_activation_functions=3 5 7 8 10 11 14 15 16 17 
cascade_activation_steepnesses_count=4
cascade_activation_steepnesses=2.50000000000000000000e-01 5.00000000000000000000e-01 7.50000000000000000000e-01 1.00000000000000000000e+00 
layer_sizes=2 5 5 3 
scale_included=0
neurons (num_inputs, activation_function, activation_steepness)=(0, 0, 0.00000000000000000000e+00) (0, 0, 0.00000000000000000000e+00) (2, 3, 5.00000000000000000000e-01) (2, 3, 5.00000000000000000000e-01) (2, 3, 5.00000000000000000000e-01) (2, 3, 5.00000000000000000000e-01) (0, 3, 0.00000000000000000000e+00) (5, 3, 5.00000000000000000000e-01) (5, 3, 5.00000000000000000000e-01) (5, 3, 5.00000000000000000000e-01) (5, 3, 5.00000000000000000000e-01) (0, 3, 0.00000000000000000000e+00) (5, 0, 5.00000000000000000000e-01) (5, 0, 5.00000000000000000000e-01) (0, 0, 0.00000000000000000000e+00) 
connections (connected_to_neuron, weight)=(0, 1.50000000000000000000e+03) (1, 7.69589090347290039062e+00) (0, 1.50000000000000000000e+03) (1, 9.03573989868164062500e+00) (0, 1.50000000000000000000e+03) (1, 8.51225280761718750000e+00) (0, 1.50000000000000000000e+03) (1, 7.73778104782104492188e+00) (2, -6.63673019409179687500e+01) (3, -2.18233093261718750000e+02) (4, -9.15060882568359375000e+01) (5, -9.13846588134765625000e+01) (6, -6.63039627075195312500e+01) (2, -1.16903586313128471375e-02) (3, -1.66545176506042480469e+00) (4, -2.87448167800903320312e+00) (5, -2.81240510940551757812e+00) (6, 8.22268390655517578125e+00) (2, 1.06431460380554199219e+00) (3, 4.89913082122802734375e+00) (4, 2.78234839439392089844e+00) (5, 2.61141943931579589844e+00) (6, 8.77633839845657348633e-02) (2, 8.85606408119201660156e-01) (3, -2.01428723335266113281e+00) (4, -9.05715703964233398438e-01) (5, -9.23345923423767089844e-01) (6, 3.62174677848815917969e+00) (7, 1.50000000000000000000e+03) (8, -2.30947673320770263672e-01) (9, -2.32491075992584228516e-01) (10, -7.07202792167663574219e-01) (11, -1.89090341329574584961e-01) (7, 1.50000000000000000000e+03) (8, -2.18924522399902343750e+00) (9, 1.13446843624114990234e+00) (10, -9.47660267353057861328e-01) (11, 1.06876981258392333984e+00) 
