FANN_FLO_2.1
num_layers=4
learning_rate=0.500000
connection_rate=1.000000
network_type=0
learning_momentum=0.000000
training_algorithm=2
train_error_function=1
train_stop_function=0
cascade_output_change_fraction=0.010000
quickprop_decay=-0.000100
quickprop_mu=1.750000
rprop_increase_factor=1.200000
rprop_decrease_factor=0.500000
rprop_delta_min=0.000000
rprop_delta_max=50.000000
rprop_delta_zero=0.100000
cascade_output_stagnation_epochs=12
cascade_candidate_change_fraction=0.010000
cascade_candidate_stagnation_epochs=12
cascade_max_out_epochs=150
cascade_min_out_epochs=50
cascade_max_cand_epochs=150
cascade_min_cand_epochs=50
cascade_num_candidate_groups=2
bit_fail_limit=3.49999994039535522461e-01
cascade_candidate_limit=1.00000000000000000000e+03
cascade_weight_multiplier=4.00000005960464477539e-01
cascade_activation_functions_count=10
cascade_activation_functions=3 5 7 8 10 11 14 15 16 17 
cascade_activation_steepnesses_count=4
cascade_activation_steepnesses=2.50000000000000000000e-01 5.00000000000000000000e-01 7.50000000000000000000e-01 1.00000000000000000000e+00 
layer_sizes=10 5 3 2 
scale_included=0
neurons (num_inputs, activation_function, activation_steepness)=(0, 0, 0.00000000000000000000e+00) (0, 0, 0.00000000000000000000e+00) (0, 0, 0.00000000000000000000e+00) (0, 0, 0.00000000000000000000e+00) (0, 0, 0.00000000000000000000e+00) (0, 0, 0.00000000000000000000e+00) (0, 0, 0.00000000000000000000e+00) (0, 0, 0.00000000000000000000e+00) (0, 0, 0.00000000000000000000e+00) (0, 0, 0.00000000000000000000e+00) (10, 3, 5.00000000000000000000e-01) (10, 3, 5.00000000000000000000e-01) (10, 3, 5.00000000000000000000e-01) (10, 3, 5.00000000000000000000e-01) (0, 3, 0.00000000000000000000e+00) (5, 3, 5.00000000000000000000e-01) (5, 3, 5.00000000000000000000e-01) (0, 3, 0.00000000000000000000e+00) (3, 3, 5.00000000000000000000e-01) (0, 3, 0.00000000000000000000e+00) 
connections (connected_to_neuron, weight)=(0, 1.49940490722656250000e+03) (1, 1.49994775390625000000e+03) (2, 4.22255945205688476562e+00) (3, 1.88560424804687500000e+02) (4, 1.31571874618530273438e+01) (5, 1.50000000000000000000e+03) (6, 1.49995776367187500000e+03) (7, 7.40171432495117187500e-01) (8, 1.49995983886718750000e+03) (9, 9.39461827278137207031e-01) (0, -8.33713293075561523438e-01) (1, -1.01550817489624023438e+00) (2, -1.76820075511932373047e+00) (3, -1.69934666156768798828e+00) (4, -1.13174092769622802734e+00) (5, -2.22361230850219726562e+00) (6, -4.87929534912109375000e+00) (7, -2.67060488462448120117e-01) (8, 1.79561808705329895020e-01) (9, 7.23641014099121093750e+00) (0, 4.84710073471069335938e+00) (1, 1.00982308387756347656e-01) (2, 1.98880851268768310547e+00) (3, 3.06666541099548339844e+00) (4, -1.81903493404388427734e+00) (5, 5.06584596633911132812e+00) (6, 9.54446673393249511719e-01) (7, -5.90215539932250976562e+00) (8, -2.82338768243789672852e-01) (9, -2.94289469718933105469e+00) (0, 1.49940698242187500000e+03) (1, 1.08829248046875000000e+03) (2, 8.35388481616973876953e-01) (3, 8.36535644531250000000e+01) (4, -2.94869840145111083984e-01) (5, 1.13495849609375000000e+02) (6, 1.49995654296875000000e+03) (7, 8.79177629947662353516e-01) (8, 1.49995800781250000000e+03) (9, -1.63478422164916992188e+00) (10, -1.49681293964385986328e+00) (11, 2.21066703796386718750e+01) (12, -9.09134387969970703125e+00) (13, -8.48777949810028076172e-01) (14, 1.64628289639949798584e-02) (10, -1.65849983692169189453e+00) (11, 4.70077857971191406250e+01) (12, -1.69773998260498046875e+01) (13, -8.51242959499359130859e-01) (14, -1.67824044823646545410e-01) (15, 1.45749652385711669922e+00) (16, 1.59577131271362304688e+00) (17, -2.19819331169128417969e+00) 
