FANN_FLO_2.1
num_layers=4
learning_rate=0.400000
connection_rate=1.000000
network_type=0
learning_momentum=0.000000
training_algorithm=2
train_error_function=1
train_stop_function=0
cascade_output_change_fraction=0.010000
quickprop_decay=-0.000100
quickprop_mu=1.750000
rprop_increase_factor=1.200000
rprop_decrease_factor=0.500000
rprop_delta_min=0.000000
rprop_delta_max=50.000000
rprop_delta_zero=0.100000
cascade_output_stagnation_epochs=12
cascade_candidate_change_fraction=0.010000
cascade_candidate_stagnation_epochs=12
cascade_max_out_epochs=150
cascade_min_out_epochs=50
cascade_max_cand_epochs=150
cascade_min_cand_epochs=50
cascade_num_candidate_groups=2
bit_fail_limit=3.49999994039535522461e-01
cascade_candidate_limit=1.00000000000000000000e+03
cascade_weight_multiplier=4.00000005960464477539e-01
cascade_activation_functions_count=10
cascade_activation_functions=3 5 7 8 10 11 14 15 16 17 
cascade_activation_steepnesses_count=4
cascade_activation_steepnesses=2.50000000000000000000e-01 5.00000000000000000000e-01 7.50000000000000000000e-01 1.00000000000000000000e+00 
layer_sizes=7 5 5 2 
scale_included=0
neurons (num_inputs, activation_function, activation_steepness)=(0, 0, 0.00000000000000000000e+00) (0, 0, 0.00000000000000000000e+00) (0, 0, 0.00000000000000000000e+00) (0, 0, 0.00000000000000000000e+00) (0, 0, 0.00000000000000000000e+00) (0, 0, 0.00000000000000000000e+00) (0, 0, 0.00000000000000000000e+00) (7, 3, 5.00000000000000000000e-01) (7, 3, 5.00000000000000000000e-01) (7, 3, 5.00000000000000000000e-01) (7, 3, 5.00000000000000000000e-01) (0, 3, 0.00000000000000000000e+00) (5, 3, 5.00000000000000000000e-01) (5, 3, 5.00000000000000000000e-01) (5, 3, 5.00000000000000000000e-01) (5, 3, 5.00000000000000000000e-01) (0, 3, 0.00000000000000000000e+00) (5, 3, 5.00000000000000000000e-01) (0, 3, 0.00000000000000000000e+00) 
connections (connected_to_neuron, weight)=(0, -8.81333496093750000000e+02) (1, 1.48880175781250000000e+03) (2, -1.36251416015625000000e+03) (3, -1.48080969238281250000e+03) (4, -1.50000000000000000000e+03) (5, 1.50000000000000000000e+03) (6, 2.95033979415893554688e+00) (0, -7.19016418457031250000e+02) (1, 1.49299267578125000000e+03) (2, 3.31057968139648437500e+01) (3, -1.01533587646484375000e+03) (4, -4.57645301818847656250e+01) (5, -1.50000000000000000000e+03) (6, 4.79553365707397460938e+00) (0, -9.64181091308593750000e+02) (1, 1.16583666992187500000e+03) (2, -9.24922546386718750000e+02) (3, -1.18823669433593750000e+03) (4, 7.22252441406250000000e+02) (5, 1.50000000000000000000e+03) (6, 3.05963444709777832031e+00) (0, -1.39122951030731201172e+00) (1, -1.03481316566467285156e+00) (2, 9.17401850223541259766e-01) (3, -5.02545452117919921875e+00) (4, -8.32289218902587890625e-01) (5, 5.82131564617156982422e-01) (6, 1.12240409851074218750e+00) (7, 1.63729333877563476562e+00) (8, -5.76879997253417968750e+01) (9, 2.60446977615356445312e+00) (10, 6.36669372558593750000e+02) (11, -1.71933898925781250000e+01) (7, 7.20951271057128906250e+00) (8, -6.60296707153320312500e+01) (9, 1.00601320266723632812e+01) (10, 1.85672637939453125000e+02) (11, -1.31262121200561523438e+01) (7, -3.08127713203430175781e+00) (8, 8.48627865314483642578e-01) (9, -9.59742009639739990234e-01) (10, 4.60721282958984375000e+01) (11, -7.53392815589904785156e-01) (7, 9.07584369182586669922e-01) (8, 1.56704235076904296875e+00) (9, -6.82475328445434570312e-01) (10, 3.46685099601745605469e+00) (11, -1.57405745983123779297e+00) (12, -6.93754315376281738281e-01) (13, -3.39466154575347900391e-01) (14, -1.10719275474548339844e+00) (15, -1.97020590305328369141e+00) (16, -5.15403747558593750000e-01) 
