FANN_FLO_2.1
num_layers=4
learning_rate=0.400000
connection_rate=1.000000
network_type=0
learning_momentum=0.000000
training_algorithm=2
train_error_function=1
train_stop_function=0
cascade_output_change_fraction=0.010000
quickprop_decay=-0.000100
quickprop_mu=1.750000
rprop_increase_factor=1.200000
rprop_decrease_factor=0.500000
rprop_delta_min=0.000000
rprop_delta_max=50.000000
rprop_delta_zero=0.100000
cascade_output_stagnation_epochs=12
cascade_candidate_change_fraction=0.010000
cascade_candidate_stagnation_epochs=12
cascade_max_out_epochs=150
cascade_min_out_epochs=50
cascade_max_cand_epochs=150
cascade_min_cand_epochs=50
cascade_num_candidate_groups=2
bit_fail_limit=3.49999994039535522461e-01
cascade_candidate_limit=1.00000000000000000000e+03
cascade_weight_multiplier=4.00000005960464477539e-01
cascade_activation_functions_count=10
cascade_activation_functions=3 5 7 8 10 11 14 15 16 17 
cascade_activation_steepnesses_count=4
cascade_activation_steepnesses=2.50000000000000000000e-01 5.00000000000000000000e-01 7.50000000000000000000e-01 1.00000000000000000000e+00 
layer_sizes=7 5 3 2 
scale_included=0
neurons (num_inputs, activation_function, activation_steepness)=(0, 0, 0.00000000000000000000e+00) (0, 0, 0.00000000000000000000e+00) (0, 0, 0.00000000000000000000e+00) (0, 0, 0.00000000000000000000e+00) (0, 0, 0.00000000000000000000e+00) (0, 0, 0.00000000000000000000e+00) (0, 0, 0.00000000000000000000e+00) (7, 3, 5.00000000000000000000e-01) (7, 3, 5.00000000000000000000e-01) (7, 3, 5.00000000000000000000e-01) (7, 3, 5.00000000000000000000e-01) (0, 3, 0.00000000000000000000e+00) (5, 3, 5.00000000000000000000e-01) (5, 3, 5.00000000000000000000e-01) (0, 3, 0.00000000000000000000e+00) (3, 3, 5.00000000000000000000e-01) (0, 3, 0.00000000000000000000e+00) 
connections (connected_to_neuron, weight)=(0, -4.84354919433593750000e+02) (1, 5.12341552734375000000e+02) (2, 1.42509936523437500000e+03) (3, -1.49788891601562500000e+03) (4, -1.15049243164062500000e+03) (5, 1.22251782226562500000e+03) (6, 4.24384069442749023438e+00) (0, -1.43678173828125000000e+03) (1, 1.49406945800781250000e+03) (2, 9.94139526367187500000e+02) (3, -5.22512817382812500000e+01) (4, -1.99352828979492187500e+02) (5, -7.11884277343750000000e+02) (6, 1.33017883300781250000e+01) (0, -5.73636102676391601562e+00) (1, 1.27265727519989013672e+00) (2, 3.03606486320495605469e+00) (3, -7.81809091567993164062e+00) (4, -3.10714936256408691406e+00) (5, 1.53431308269500732422e+00) (6, 6.18082809448242187500e+00) (0, -5.35784790039062500000e+02) (1, -4.47916595458984375000e+02) (2, -8.57590820312500000000e+02) (3, -1.50000000000000000000e+03) (4, -1.39953750610351562500e+02) (5, 1.15774243164062500000e+03) (6, 1.54334461688995361328e+00) (7, -2.01982331275939941406e+00) (8, 2.23299458622932434082e-01) (9, 1.25795068740844726562e+01) (10, -9.88695144653320312500e-01) (11, -9.09198522567749023438e-01) (7, 3.74766469001770019531e+00) (8, 7.01912975311279296875e+00) (9, 3.92898225784301757812e+00) (10, 6.25962018966674804688e+00) (11, -7.95661973953247070312e+00) (12, -1.96463787555694580078e+00) (13, -1.50605356693267822266e+00) (14, -6.99528396129608154297e-01) 
