FANN_FLO_2.1
num_layers=4
learning_rate=0.500000
connection_rate=1.000000
network_type=0
learning_momentum=0.000000
training_algorithm=2
train_error_function=1
train_stop_function=0
cascade_output_change_fraction=0.010000
quickprop_decay=-0.000100
quickprop_mu=1.750000
rprop_increase_factor=1.200000
rprop_decrease_factor=0.500000
rprop_delta_min=0.000000
rprop_delta_max=50.000000
rprop_delta_zero=0.100000
cascade_output_stagnation_epochs=12
cascade_candidate_change_fraction=0.010000
cascade_candidate_stagnation_epochs=12
cascade_max_out_epochs=150
cascade_min_out_epochs=50
cascade_max_cand_epochs=150
cascade_min_cand_epochs=50
cascade_num_candidate_groups=2
bit_fail_limit=3.49999994039535522461e-01
cascade_candidate_limit=1.00000000000000000000e+03
cascade_weight_multiplier=4.00000005960464477539e-01
cascade_activation_functions_count=10
cascade_activation_functions=3 5 7 8 10 11 14 15 16 17 
cascade_activation_steepnesses_count=4
cascade_activation_steepnesses=2.50000000000000000000e-01 5.00000000000000000000e-01 7.50000000000000000000e-01 1.00000000000000000000e+00 
layer_sizes=2 5 5 3 
scale_included=0
neurons (num_inputs, activation_function, activation_steepness)=(0, 0, 0.00000000000000000000e+00) (0, 0, 0.00000000000000000000e+00) (2, 3, 5.00000000000000000000e-01) (2, 3, 5.00000000000000000000e-01) (2, 3, 5.00000000000000000000e-01) (2, 3, 5.00000000000000000000e-01) (0, 3, 0.00000000000000000000e+00) (5, 3, 5.00000000000000000000e-01) (5, 3, 5.00000000000000000000e-01) (5, 3, 5.00000000000000000000e-01) (5, 3, 5.00000000000000000000e-01) (0, 3, 0.00000000000000000000e+00) (5, 0, 5.00000000000000000000e-01) (5, 0, 5.00000000000000000000e-01) (0, 0, 0.00000000000000000000e+00) 
connections (connected_to_neuron, weight)=(0, 1.50121450424194335938e+01) (1, -2.98729944229125976562e+00) (0, 1.40809707641601562500e+01) (1, -5.18846988677978515625e+00) (0, 1.82962474822998046875e+01) (1, -4.46485137939453125000e+00) (0, 2.64705276489257812500e+01) (1, -1.48919928073883056641e+00) (2, 4.75269985198974609375e+00) (3, -1.93814790248870849609e+00) (4, 1.04769635200500488281e+00) (5, -2.54973530769348144531e-01) (6, -1.20341920852661132812e+00) (2, -2.46313881874084472656e+00) (3, 6.50927972793579101562e+00) (4, -1.89699518680572509766e+00) (5, -1.99080038070678710938e+00) (6, 5.54163008928298950195e-02) (2, 8.00222992897033691406e-01) (3, 8.17958295345306396484e-01) (4, 2.46066522598266601562e+00) (5, 5.82012832164764404297e-01) (6, -2.54564940929412841797e-01) (2, -8.74351024627685546875e-01) (3, -2.71004796028137207031e+00) (4, -1.46529006958007812500e+00) (5, -8.37768793106079101562e-01) (6, 3.82873153686523437500e+00) (7, -1.29924702644348144531e+00) (8, 4.08786821365356445312e+00) (9, 1.66173532605171203613e-01) (10, -1.18147838115692138672e+00) (11, -2.15667843818664550781e-01) (7, -1.63880801200866699219e+00) (8, -9.53912809491157531738e-02) (9, -9.39817309379577636719e-01) (10, 3.04027724266052246094e+00) (11, -2.98062730580568313599e-02) 
