FANN_FLO_2.1
num_layers=3
learning_rate=0.400000
connection_rate=1.000000
network_type=0
learning_momentum=0.000000
training_algorithm=2
train_error_function=1
train_stop_function=0
cascade_output_change_fraction=0.010000
quickprop_decay=-0.000100
quickprop_mu=1.750000
rprop_increase_factor=1.200000
rprop_decrease_factor=0.500000
rprop_delta_min=0.000000
rprop_delta_max=50.000000
rprop_delta_zero=0.100000
cascade_output_stagnation_epochs=12
cascade_candidate_change_fraction=0.010000
cascade_candidate_stagnation_epochs=12
cascade_max_out_epochs=150
cascade_min_out_epochs=50
cascade_max_cand_epochs=150
cascade_min_cand_epochs=50
cascade_num_candidate_groups=2
bit_fail_limit=3.49999994039535522461e-01
cascade_candidate_limit=1.00000000000000000000e+03
cascade_weight_multiplier=4.00000005960464477539e-01
cascade_activation_functions_count=10
cascade_activation_functions=3 5 7 8 10 11 14 15 16 17 
cascade_activation_steepnesses_count=4
cascade_activation_steepnesses=2.50000000000000000000e-01 5.00000000000000000000e-01 7.50000000000000000000e-01 1.00000000000000000000e+00 
layer_sizes=7 5 2 
scale_included=0
neurons (num_inputs, activation_function, activation_steepness)=(0, 0, 0.00000000000000000000e+00) (0, 0, 0.00000000000000000000e+00) (0, 0, 0.00000000000000000000e+00) (0, 0, 0.00000000000000000000e+00) (0, 0, 0.00000000000000000000e+00) (0, 0, 0.00000000000000000000e+00) (0, 0, 0.00000000000000000000e+00) (7, 3, 5.00000000000000000000e-01) (7, 3, 5.00000000000000000000e-01) (7, 3, 5.00000000000000000000e-01) (7, 3, 5.00000000000000000000e-01) (0, 3, 0.00000000000000000000e+00) (5, 3, 5.00000000000000000000e-01) (0, 3, 0.00000000000000000000e+00) 
connections (connected_to_neuron, weight)=(0, 2.29726290702819824219e+00) (1, 2.54365134239196777344e+00) (2, -2.37871909141540527344e+00) (3, -1.23513402938842773438e+01) (4, 3.97763514518737792969e+00) (5, -1.76826223731040954590e-01) (6, 5.58405780792236328125e+00) (0, -9.28021907806396484375e+00) (1, 2.75250363349914550781e+00) (2, 9.45010566711425781250e+00) (3, 1.30697507858276367188e+01) (4, -2.05491733551025390625e+01) (5, -7.61786818504333496094e-01) (6, 2.17784094810485839844e+00) (0, 8.90582561492919921875e+00) (1, 4.09588289260864257812e+00) (2, 2.01410651206970214844e+00) (3, -3.93990182876586914062e+00) (4, -1.47786414623260498047e+00) (5, -4.20649766921997070312e+00) (6, 1.95562767982482910156e+00) (0, 1.50000000000000000000e+03) (1, 1.50000000000000000000e+03) (2, 1.50000000000000000000e+03) (3, 1.49999987792968750000e+03) (4, -1.50000000000000000000e+03) (5, 1.50000000000000000000e+03) (6, 5.72183609008789062500e+00) (7, -2.05783581733703613281e+00) (8, -2.14381051063537597656e+00) (9, -2.19221735000610351562e+00) (10, 1.56141448020935058594e+00) (11, 2.47424364089965820312e+00) 
