FANN_FLO_2.1
num_layers=3
learning_rate=0.500000
connection_rate=1.000000
network_type=0
learning_momentum=0.000000
training_algorithm=2
train_error_function=1
train_stop_function=0
cascade_output_change_fraction=0.010000
quickprop_decay=-0.000100
quickprop_mu=1.750000
rprop_increase_factor=1.200000
rprop_decrease_factor=0.500000
rprop_delta_min=0.000000
rprop_delta_max=50.000000
rprop_delta_zero=0.100000
cascade_output_stagnation_epochs=12
cascade_candidate_change_fraction=0.010000
cascade_candidate_stagnation_epochs=12
cascade_max_out_epochs=150
cascade_min_out_epochs=50
cascade_max_cand_epochs=150
cascade_min_cand_epochs=50
cascade_num_candidate_groups=2
bit_fail_limit=3.49999994039535522461e-01
cascade_candidate_limit=1.00000000000000000000e+03
cascade_weight_multiplier=4.00000005960464477539e-01
cascade_activation_functions_count=10
cascade_activation_functions=3 5 7 8 10 11 14 15 16 17 
cascade_activation_steepnesses_count=4
cascade_activation_steepnesses=2.50000000000000000000e-01 5.00000000000000000000e-01 7.50000000000000000000e-01 1.00000000000000000000e+00 
layer_sizes=10 3 2 
scale_included=0
neurons (num_inputs, activation_function, activation_steepness)=(0, 0, 0.00000000000000000000e+00) (0, 0, 0.00000000000000000000e+00) (0, 0, 0.00000000000000000000e+00) (0, 0, 0.00000000000000000000e+00) (0, 0, 0.00000000000000000000e+00) (0, 0, 0.00000000000000000000e+00) (0, 0, 0.00000000000000000000e+00) (0, 0, 0.00000000000000000000e+00) (0, 0, 0.00000000000000000000e+00) (0, 0, 0.00000000000000000000e+00) (10, 3, 5.00000000000000000000e-01) (10, 3, 5.00000000000000000000e-01) (0, 3, 0.00000000000000000000e+00) (3, 3, 5.00000000000000000000e-01) (0, 3, 0.00000000000000000000e+00) 
connections (connected_to_neuron, weight)=(0, -1.49994653320312500000e+03) (1, -1.36491975784301757812e+01) (2, -8.35833191871643066406e-01) (3, -8.82791519165039062500e-01) (4, 5.11245250701904296875e+00) (5, 2.10704326629638671875e+00) (6, 1.14805151367187500000e+03) (7, 2.91562247276306152344e+00) (8, 6.52057027816772460938e+00) (9, -1.94048792123794555664e-01) (0, 1.35187220573425292969e+00) (1, 9.58805656433105468750e+00) (2, 9.73046493530273437500e+00) (3, 1.05109620094299316406e+00) (4, 1.92702019214630126953e+00) (5, 2.78781080245971679688e+00) (6, -2.38841247558593750000e+00) (7, -2.44020233154296875000e+01) (8, -1.66779744625091552734e+00) (9, 1.35625585913658142090e-01) (10, 4.26068639755249023438e+00) (11, 4.32098770141601562500e+00) (12, -3.39646625518798828125e+00) 
