FANN_FLO_2.1
num_layers=3
learning_rate=0.400000
connection_rate=1.000000
network_type=0
learning_momentum=0.000000
training_algorithm=2
train_error_function=1
train_stop_function=0
cascade_output_change_fraction=0.010000
quickprop_decay=-0.000100
quickprop_mu=1.750000
rprop_increase_factor=1.200000
rprop_decrease_factor=0.500000
rprop_delta_min=0.000000
rprop_delta_max=50.000000
rprop_delta_zero=0.100000
cascade_output_stagnation_epochs=12
cascade_candidate_change_fraction=0.010000
cascade_candidate_stagnation_epochs=12
cascade_max_out_epochs=150
cascade_min_out_epochs=50
cascade_max_cand_epochs=150
cascade_min_cand_epochs=50
cascade_num_candidate_groups=2
bit_fail_limit=3.49999994039535522461e-01
cascade_candidate_limit=1.00000000000000000000e+03
cascade_weight_multiplier=4.00000005960464477539e-01
cascade_activation_functions_count=10
cascade_activation_functions=3 5 7 8 10 11 14 15 16 17 
cascade_activation_steepnesses_count=4
cascade_activation_steepnesses=2.50000000000000000000e-01 5.00000000000000000000e-01 7.50000000000000000000e-01 1.00000000000000000000e+00 
layer_sizes=7 5 2 
scale_included=0
neurons (num_inputs, activation_function, activation_steepness)=(0, 0, 0.00000000000000000000e+00) (0, 0, 0.00000000000000000000e+00) (0, 0, 0.00000000000000000000e+00) (0, 0, 0.00000000000000000000e+00) (0, 0, 0.00000000000000000000e+00) (0, 0, 0.00000000000000000000e+00) (0, 0, 0.00000000000000000000e+00) (7, 3, 5.00000000000000000000e-01) (7, 3, 5.00000000000000000000e-01) (7, 3, 5.00000000000000000000e-01) (7, 3, 5.00000000000000000000e-01) (0, 3, 0.00000000000000000000e+00) (5, 3, 5.00000000000000000000e-01) (0, 3, 0.00000000000000000000e+00) 
connections (connected_to_neuron, weight)=(0, -9.06034564971923828125e+00) (1, 8.68562126159667968750e+00) (2, -3.45343136787414550781e+00) (3, -6.59839749336242675781e-01) (4, -6.55513882637023925781e-01) (5, -5.07628536224365234375e+00) (6, 1.10968567430973052979e-01) (0, -4.48793363571166992188e+00) (1, -1.16953420639038085938e+01) (2, -2.09243583679199218750e+01) (3, 2.01854681968688964844e+00) (4, 4.93176651000976562500e+00) (5, 1.48367261886596679688e+01) (6, 9.01132524013519287109e-01) (0, -5.36858856678009033203e-01) (1, -1.26370453834533691406e+00) (2, -2.37761926651000976562e+00) (3, -3.56285309791564941406e+00) (4, -1.69182693958282470703e+00) (5, 7.97804689407348632812e+00) (6, -1.78627371788024902344e+00) (0, 9.15196800231933593750e+00) (1, -9.96905803680419921875e+00) (2, 1.08197326660156250000e+01) (3, -2.75008630752563476562e+00) (4, -4.48187798261642456055e-01) (5, -2.47393131256103515625e+00) (6, 3.09576582908630371094e+00) (7, -7.76616382598876953125e+00) (8, -1.33259046077728271484e+00) (9, -3.01285958290100097656e+00) (10, -3.30694746971130371094e+00) (11, 2.47139358520507812500e+00) 
