FANN_FLO_2.1
num_layers=3
learning_rate=0.400000
connection_rate=1.000000
network_type=0
learning_momentum=0.000000
training_algorithm=2
train_error_function=1
train_stop_function=0
cascade_output_change_fraction=0.010000
quickprop_decay=-0.000100
quickprop_mu=1.750000
rprop_increase_factor=1.200000
rprop_decrease_factor=0.500000
rprop_delta_min=0.000000
rprop_delta_max=50.000000
rprop_delta_zero=0.100000
cascade_output_stagnation_epochs=12
cascade_candidate_change_fraction=0.010000
cascade_candidate_stagnation_epochs=12
cascade_max_out_epochs=150
cascade_min_out_epochs=50
cascade_max_cand_epochs=150
cascade_min_cand_epochs=50
cascade_num_candidate_groups=2
bit_fail_limit=3.49999994039535522461e-01
cascade_candidate_limit=1.00000000000000000000e+03
cascade_weight_multiplier=4.00000005960464477539e-01
cascade_activation_functions_count=10
cascade_activation_functions=3 5 7 8 10 11 14 15 16 17 
cascade_activation_steepnesses_count=4
cascade_activation_steepnesses=2.50000000000000000000e-01 5.00000000000000000000e-01 7.50000000000000000000e-01 1.00000000000000000000e+00 
layer_sizes=7 9 2 
scale_included=0
neurons (num_inputs, activation_function, activation_steepness)=(0, 0, 0.00000000000000000000e+00) (0, 0, 0.00000000000000000000e+00) (0, 0, 0.00000000000000000000e+00) (0, 0, 0.00000000000000000000e+00) (0, 0, 0.00000000000000000000e+00) (0, 0, 0.00000000000000000000e+00) (0, 0, 0.00000000000000000000e+00) (7, 3, 5.00000000000000000000e-01) (7, 3, 5.00000000000000000000e-01) (7, 3, 5.00000000000000000000e-01) (7, 3, 5.00000000000000000000e-01) (7, 3, 5.00000000000000000000e-01) (7, 3, 5.00000000000000000000e-01) (7, 3, 5.00000000000000000000e-01) (7, 3, 5.00000000000000000000e-01) (0, 3, 0.00000000000000000000e+00) (9, 3, 5.00000000000000000000e-01) (0, 3, 0.00000000000000000000e+00) 
connections (connected_to_neuron, weight)=(0, -8.36384952068328857422e-01) (1, -2.93171215057373046875e+00) (2, 4.77046432495117187500e+01) (3, -4.88617515563964843750e+00) (4, -5.48982477188110351562e+00) (5, 4.58755207061767578125e+00) (6, 6.34483218193054199219e-01) (0, -2.57361984252929687500e+00) (1, 2.13016366958618164062e+00) (2, 3.54776306152343750000e+01) (3, -2.22645092010498046875e+01) (4, 1.04392290115356445312e+01) (5, 3.56431961059570312500e-01) (6, -2.39906024932861328125e+00) (0, 5.36697006225585937500e+00) (1, 1.03187680244445800781e+00) (2, -5.95832023620605468750e+01) (3, 6.21025848388671875000e+00) (4, -3.56291723251342773438e+00) (5, -1.87433111667633056641e+00) (6, 7.80778229236602783203e-01) (0, 1.86636269092559814453e+00) (1, 5.10768985748291015625e+00) (2, 2.86830246448516845703e-01) (3, -1.21766686439514160156e-01) (4, -3.32827186584472656250e+00) (5, -3.54695320129394531250e+00) (6, -2.22712564468383789062e+00) (0, -7.36225032806396484375e+00) (1, 9.69204044342041015625e+00) (2, -1.44800033569335937500e+02) (3, -2.70897436141967773438e+00) (4, 2.54241377115249633789e-01) (5, -1.27531445312500000000e+03) (6, 3.35647106170654296875e-01) (0, -3.48262310028076171875e+00) (1, -1.68269557952880859375e+01) (2, -1.44286556243896484375e+01) (3, -5.70381045341491699219e-01) (4, 6.34527742862701416016e-01) (5, 4.37906742095947265625e+00) (6, 1.37910528182983398438e+01) (0, 1.38195216655731201172e+00) (1, 4.10343021154403686523e-01) (2, -2.31213302612304687500e+01) (3, 1.57936515808105468750e+01) (4, -5.96904067993164062500e+01) (5, -1.40846192836761474609e+00) (6, -1.63805007934570312500e+00) (0, -2.34342485666275024414e-01) (1, 6.86847940087318420410e-02) (2, 1.42932901382446289062e+01) (3, -1.22489345073699951172e+00) (4, -2.83969092369079589844e+00) (5, -1.82650399208068847656e+00) (6, 2.72684049606323242188e+00) (7, -1.25500690937042236328e+00) (8, -1.47234320640563964844e+00) (9, -7.61639475822448730469e-01) (10, -1.35773766040802001953e+00) (11, -1.03988237380981445312e+01) (12, -1.82663989067077636719e+00) (13, -3.62184596061706542969e+00) (14, 2.72807657718658447266e-01) (15, 1.60847589373588562012e-01) 
