FANN_FLO_2.1
num_layers=4
learning_rate=0.500000
connection_rate=1.000000
network_type=0
learning_momentum=0.000000
training_algorithm=2
train_error_function=1
train_stop_function=0
cascade_output_change_fraction=0.010000
quickprop_decay=-0.000100
quickprop_mu=1.750000
rprop_increase_factor=1.200000
rprop_decrease_factor=0.500000
rprop_delta_min=0.000000
rprop_delta_max=50.000000
rprop_delta_zero=0.100000
cascade_output_stagnation_epochs=12
cascade_candidate_change_fraction=0.010000
cascade_candidate_stagnation_epochs=12
cascade_max_out_epochs=150
cascade_min_out_epochs=50
cascade_max_cand_epochs=150
cascade_min_cand_epochs=50
cascade_num_candidate_groups=2
bit_fail_limit=3.49999994039535522461e-01
cascade_candidate_limit=1.00000000000000000000e+03
cascade_weight_multiplier=4.00000005960464477539e-01
cascade_activation_functions_count=10
cascade_activation_functions=3 5 7 8 10 11 14 15 16 17 
cascade_activation_steepnesses_count=4
cascade_activation_steepnesses=2.50000000000000000000e-01 5.00000000000000000000e-01 7.50000000000000000000e-01 1.00000000000000000000e+00 
layer_sizes=10 5 3 2 
scale_included=0
neurons (num_inputs, activation_function, activation_steepness)=(0, 0, 0.00000000000000000000e+00) (0, 0, 0.00000000000000000000e+00) (0, 0, 0.00000000000000000000e+00) (0, 0, 0.00000000000000000000e+00) (0, 0, 0.00000000000000000000e+00) (0, 0, 0.00000000000000000000e+00) (0, 0, 0.00000000000000000000e+00) (0, 0, 0.00000000000000000000e+00) (0, 0, 0.00000000000000000000e+00) (0, 0, 0.00000000000000000000e+00) (10, 3, 5.00000000000000000000e-01) (10, 3, 5.00000000000000000000e-01) (10, 3, 5.00000000000000000000e-01) (10, 3, 5.00000000000000000000e-01) (0, 3, 0.00000000000000000000e+00) (5, 3, 5.00000000000000000000e-01) (5, 3, 5.00000000000000000000e-01) (0, 3, 0.00000000000000000000e+00) (3, 3, 5.00000000000000000000e-01) (0, 3, 0.00000000000000000000e+00) 
connections (connected_to_neuron, weight)=(0, 2.20090465545654296875e+01) (1, 4.62503051757812500000e+00) (2, -2.32340240478515625000e+00) (3, -3.86820721626281738281e+00) (4, -1.04478921890258789062e+01) (5, -1.90446796417236328125e+01) (6, 1.96177673339843750000e+00) (7, 1.16078386306762695312e+01) (8, 5.86132645606994628906e-01) (9, -2.14106440544128417969e+00) (0, -7.10541296005249023438e+00) (1, 3.89069271087646484375e+00) (2, -8.03205072879791259766e-01) (3, 2.00177597999572753906e+00) (4, 6.13369560241699218750e+00) (5, 6.90951824188232421875e+00) (6, -8.48643493652343750000e+00) (7, -3.08275246620178222656e+00) (8, -4.62529516220092773438e+00) (9, 2.11629867553710937500e+00) (0, 7.72639131546020507812e+00) (1, -4.05768680572509765625e+00) (2, -1.93909502029418945312e+00) (3, 9.55011725425720214844e-01) (4, -3.19724965095520019531e+00) (5, -4.65874481201171875000e+00) (6, 1.45645427703857421875e+00) (7, 5.66322088241577148438e+00) (8, 8.19452181458473205566e-02) (9, -2.94698119163513183594e+00) (0, -2.37935400009155273438e+00) (1, -7.11505889892578125000e+01) (2, -6.81914508342742919922e-01) (3, -1.47493621826171875000e+02) (4, -1.33205640316009521484e+00) (5, 5.91986427307128906250e+01) (6, -1.36350195312500000000e+03) (7, -3.84725642204284667969e+00) (8, -2.89709186553955078125e+00) (9, -6.77866101264953613281e-01) (10, -7.05557250976562500000e+00) (11, 4.37383651733398437500e+00) (12, 1.86832427978515625000e+01) (13, -1.49927514648437500000e+03) (14, 4.46188002824783325195e-01) (10, -7.39608764648437500000e+00) (11, 5.21599531173706054688e+00) (12, 1.93157463073730468750e+01) (13, -1.49927514648437500000e+03) (14, 3.57039213180541992188e-01) (15, 1.52910304069519042969e+00) (16, 1.32789766788482666016e+00) (17, -1.97092974185943603516e+00) 
