FANN_FLO_2.1
num_layers=4
learning_rate=0.500000
connection_rate=1.000000
network_type=0
learning_momentum=0.000000
training_algorithm=2
train_error_function=1
train_stop_function=0
cascade_output_change_fraction=0.010000
quickprop_decay=-0.000100
quickprop_mu=1.750000
rprop_increase_factor=1.200000
rprop_decrease_factor=0.500000
rprop_delta_min=0.000000
rprop_delta_max=50.000000
rprop_delta_zero=0.100000
cascade_output_stagnation_epochs=12
cascade_candidate_change_fraction=0.010000
cascade_candidate_stagnation_epochs=12
cascade_max_out_epochs=150
cascade_min_out_epochs=50
cascade_max_cand_epochs=150
cascade_min_cand_epochs=50
cascade_num_candidate_groups=2
bit_fail_limit=3.49999994039535522461e-01
cascade_candidate_limit=1.00000000000000000000e+03
cascade_weight_multiplier=4.00000005960464477539e-01
cascade_activation_functions_count=10
cascade_activation_functions=3 5 7 8 10 11 14 15 16 17 
cascade_activation_steepnesses_count=4
cascade_activation_steepnesses=2.50000000000000000000e-01 5.00000000000000000000e-01 7.50000000000000000000e-01 1.00000000000000000000e+00 
layer_sizes=10 3 3 2 
scale_included=0
neurons (num_inputs, activation_function, activation_steepness)=(0, 0, 0.00000000000000000000e+00) (0, 0, 0.00000000000000000000e+00) (0, 0, 0.00000000000000000000e+00) (0, 0, 0.00000000000000000000e+00) (0, 0, 0.00000000000000000000e+00) (0, 0, 0.00000000000000000000e+00) (0, 0, 0.00000000000000000000e+00) (0, 0, 0.00000000000000000000e+00) (0, 0, 0.00000000000000000000e+00) (0, 0, 0.00000000000000000000e+00) (10, 3, 5.00000000000000000000e-01) (10, 3, 5.00000000000000000000e-01) (0, 3, 0.00000000000000000000e+00) (3, 3, 5.00000000000000000000e-01) (3, 3, 5.00000000000000000000e-01) (0, 3, 0.00000000000000000000e+00) (3, 3, 5.00000000000000000000e-01) (0, 3, 0.00000000000000000000e+00) 
connections (connected_to_neuron, weight)=(0, 1.83144068717956542969e+00) (1, -1.20145263671875000000e+01) (2, -5.40433311462402343750e+00) (3, 1.81417971849441528320e-01) (4, -2.02348003387451171875e+01) (5, 1.50600624084472656250e+00) (6, 1.06548995971679687500e+01) (7, 1.89931526184082031250e+01) (8, 8.68366050720214843750e+00) (9, 2.02981662750244140625e+00) (0, 6.59262895584106445312e-01) (1, -1.17580986022949218750e+01) (2, -4.93186378479003906250e+00) (3, 1.43881201744079589844e-01) (4, -1.47437705993652343750e+01) (5, 1.76848614215850830078e+00) (6, 1.63174400329589843750e+01) (7, 1.24210548400878906250e+01) (8, 8.20015048980712890625e+00) (9, 4.37693834304809570312e-01) (10, -5.66835927963256835938e+00) (11, -9.27663803100585937500e+00) (12, 9.31636905670166015625e+00) (10, -2.92656159400939941406e+00) (11, -1.19124937057495117188e+01) (12, 9.15522766113281250000e+00) (13, 7.15809583663940429688e-01) (14, 8.22408378124237060547e-01) (15, -6.49163603782653808594e-01) 
