FANN_FLO_2.1
num_layers=3
learning_rate=0.400000
connection_rate=1.000000
network_type=0
learning_momentum=0.000000
training_algorithm=2
train_error_function=1
train_stop_function=0
cascade_output_change_fraction=0.010000
quickprop_decay=-0.000100
quickprop_mu=1.750000
rprop_increase_factor=1.200000
rprop_decrease_factor=0.500000
rprop_delta_min=0.000000
rprop_delta_max=50.000000
rprop_delta_zero=0.100000
cascade_output_stagnation_epochs=12
cascade_candidate_change_fraction=0.010000
cascade_candidate_stagnation_epochs=12
cascade_max_out_epochs=150
cascade_min_out_epochs=50
cascade_max_cand_epochs=150
cascade_min_cand_epochs=50
cascade_num_candidate_groups=2
bit_fail_limit=3.49999994039535522461e-01
cascade_candidate_limit=1.00000000000000000000e+03
cascade_weight_multiplier=4.00000005960464477539e-01
cascade_activation_functions_count=10
cascade_activation_functions=3 5 7 8 10 11 14 15 16 17 
cascade_activation_steepnesses_count=4
cascade_activation_steepnesses=2.50000000000000000000e-01 5.00000000000000000000e-01 7.50000000000000000000e-01 1.00000000000000000000e+00 
layer_sizes=7 9 2 
scale_included=0
neurons (num_inputs, activation_function, activation_steepness)=(0, 0, 0.00000000000000000000e+00) (0, 0, 0.00000000000000000000e+00) (0, 0, 0.00000000000000000000e+00) (0, 0, 0.00000000000000000000e+00) (0, 0, 0.00000000000000000000e+00) (0, 0, 0.00000000000000000000e+00) (0, 0, 0.00000000000000000000e+00) (7, 3, 5.00000000000000000000e-01) (7, 3, 5.00000000000000000000e-01) (7, 3, 5.00000000000000000000e-01) (7, 3, 5.00000000000000000000e-01) (7, 3, 5.00000000000000000000e-01) (7, 3, 5.00000000000000000000e-01) (7, 3, 5.00000000000000000000e-01) (7, 3, 5.00000000000000000000e-01) (0, 3, 0.00000000000000000000e+00) (9, 3, 5.00000000000000000000e-01) (0, 3, 0.00000000000000000000e+00) 
connections (connected_to_neuron, weight)=(0, 1.53377532958984375000e+01) (1, -6.46902740001678466797e-01) (2, -1.60568370819091796875e+01) (3, -5.76833152770996093750e+00) (4, -5.98034477233886718750e+00) (5, -9.84554576873779296875e+00) (6, 2.87228083610534667969e+00) (0, 1.41051626205444335938e+01) (1, -1.51369695663452148438e+01) (2, 5.38793039321899414062e+00) (3, -2.65513610839843750000e+00) (4, -4.98487353324890136719e-02) (5, -5.67432260513305664062e+00) (6, 6.43046331405639648438e+00) (0, -1.31019783020019531250e+01) (1, 1.29360151290893554688e+01) (2, -2.91395664215087890625e+00) (3, -1.62444603443145751953e+00) (4, -1.30608963966369628906e+00) (5, 4.38259363174438476562e+00) (6, 5.58056771755218505859e-01) (0, -5.86730861663818359375e+00) (1, -1.00040066242218017578e+00) (2, -1.62204325199127197266e+00) (3, 4.20785248279571533203e-01) (4, 4.49304962158203125000e+00) (5, -1.88259649276733398438e+00) (6, 2.26732894778251647949e-01) (0, -4.57096481323242187500e+00) (1, -6.14805316925048828125e+00) (2, -2.39224743843078613281e+00) (3, -3.19975399971008300781e+00) (4, -8.65928840637207031250e+00) (5, 5.79713769257068634033e-02) (6, 1.35255479812622070312e+01) (0, -9.88945245742797851562e-01) (1, -2.57435727119445800781e+00) (2, 3.97420578002929687500e+01) (3, -4.30544137954711914062e+00) (4, -3.63551020622253417969e+00) (5, 1.20279026031494140625e+00) (6, 6.07538080215454101562e+00) (0, -4.28233194351196289062e+00) (1, -2.72534430027008056641e-01) (2, 2.20385990142822265625e+01) (3, -8.70969390869140625000e+00) (4, -1.02646532058715820312e+01) (5, 1.02895271778106689453e+00) (6, 1.03438138961791992188e+01) (0, -4.18742895126342773438e-01) (1, -3.61831814050674438477e-01) (2, -1.86357822418212890625e+01) (3, -3.78758583068847656250e+01) (4, 7.98931789398193359375e+00) (5, 2.21613597869873046875e+00) (6, -3.04570817947387695312e+00) (7, -3.16171497106552124023e-01) (8, -3.46342539787292480469e+00) (9, -4.03014373779296875000e+00) (10, -9.01320457458496093750e-01) (11, -1.90080523490905761719e-01) (12, -2.50454664230346679688e-01) (13, -2.65216708183288574219e-01) (14, -1.59893810749053955078e+00) (15, 2.96245622634887695312e+00) 
