FANN_FLO_2.1
num_layers=4
learning_rate=0.500000
connection_rate=1.000000
network_type=0
learning_momentum=0.000000
training_algorithm=2
train_error_function=1
train_stop_function=0
cascade_output_change_fraction=0.010000
quickprop_decay=-0.000100
quickprop_mu=1.750000
rprop_increase_factor=1.200000
rprop_decrease_factor=0.500000
rprop_delta_min=0.000000
rprop_delta_max=50.000000
rprop_delta_zero=0.100000
cascade_output_stagnation_epochs=12
cascade_candidate_change_fraction=0.010000
cascade_candidate_stagnation_epochs=12
cascade_max_out_epochs=150
cascade_min_out_epochs=50
cascade_max_cand_epochs=150
cascade_min_cand_epochs=50
cascade_num_candidate_groups=2
bit_fail_limit=3.49999994039535522461e-01
cascade_candidate_limit=1.00000000000000000000e+03
cascade_weight_multiplier=4.00000005960464477539e-01
cascade_activation_functions_count=10
cascade_activation_functions=3 5 7 8 10 11 14 15 16 17 
cascade_activation_steepnesses_count=4
cascade_activation_steepnesses=2.50000000000000000000e-01 5.00000000000000000000e-01 7.50000000000000000000e-01 1.00000000000000000000e+00 
layer_sizes=2 5 3 3 
scale_included=0
neurons (num_inputs, activation_function, activation_steepness)=(0, 0, 0.00000000000000000000e+00) (0, 0, 0.00000000000000000000e+00) (2, 3, 5.00000000000000000000e-01) (2, 3, 5.00000000000000000000e-01) (2, 3, 5.00000000000000000000e-01) (2, 3, 5.00000000000000000000e-01) (0, 3, 0.00000000000000000000e+00) (5, 3, 5.00000000000000000000e-01) (5, 3, 5.00000000000000000000e-01) (0, 3, 0.00000000000000000000e+00) (3, 0, 5.00000000000000000000e-01) (3, 0, 5.00000000000000000000e-01) (0, 0, 0.00000000000000000000e+00) 
connections (connected_to_neuron, weight)=(0, 1.50000000000000000000e+03) (1, 6.69459075927734375000e+01) (0, 2.97848072052001953125e+01) (1, -9.17849254608154296875e+00) (0, -4.37253341674804687500e+01) (1, 1.45122385025024414062e+01) (0, -3.57277984619140625000e+01) (1, 1.20572366714477539062e+01) (2, -2.86739921569824218750e+01) (3, 6.46248657226562500000e+02) (4, -1.50000000000000000000e+03) (5, -1.50000000000000000000e+03) (6, -3.11113510131835937500e+01) (2, 1.54021329879760742188e+01) (3, 1.47000000000000000000e+03) (4, -2.45730987548828125000e+02) (5, 7.52962112426757812500e-01) (6, -1.21498680114746093750e+00) (7, 1.23177468776702880859e+00) (8, -1.09909367561340332031e+00) (9, -8.61486315727233886719e-01) (7, -1.17615020275115966797e+00) (8, -2.18632841110229492188e+00) (9, 1.53330385684967041016e+00) 
