FANN_FLO_2.1
num_layers=3
learning_rate=0.400000
connection_rate=1.000000
network_type=0
learning_momentum=0.000000
training_algorithm=2
train_error_function=1
train_stop_function=0
cascade_output_change_fraction=0.010000
quickprop_decay=-0.000100
quickprop_mu=1.750000
rprop_increase_factor=1.200000
rprop_decrease_factor=0.500000
rprop_delta_min=0.000000
rprop_delta_max=50.000000
rprop_delta_zero=0.100000
cascade_output_stagnation_epochs=12
cascade_candidate_change_fraction=0.010000
cascade_candidate_stagnation_epochs=12
cascade_max_out_epochs=150
cascade_min_out_epochs=50
cascade_max_cand_epochs=150
cascade_min_cand_epochs=50
cascade_num_candidate_groups=2
bit_fail_limit=3.49999994039535522461e-01
cascade_candidate_limit=1.00000000000000000000e+03
cascade_weight_multiplier=4.00000005960464477539e-01
cascade_activation_functions_count=10
cascade_activation_functions=3 5 7 8 10 11 14 15 16 17 
cascade_activation_steepnesses_count=4
cascade_activation_steepnesses=2.50000000000000000000e-01 5.00000000000000000000e-01 7.50000000000000000000e-01 1.00000000000000000000e+00 
layer_sizes=7 9 2 
scale_included=0
neurons (num_inputs, activation_function, activation_steepness)=(0, 0, 0.00000000000000000000e+00) (0, 0, 0.00000000000000000000e+00) (0, 0, 0.00000000000000000000e+00) (0, 0, 0.00000000000000000000e+00) (0, 0, 0.00000000000000000000e+00) (0, 0, 0.00000000000000000000e+00) (0, 0, 0.00000000000000000000e+00) (7, 3, 5.00000000000000000000e-01) (7, 3, 5.00000000000000000000e-01) (7, 3, 5.00000000000000000000e-01) (7, 3, 5.00000000000000000000e-01) (7, 3, 5.00000000000000000000e-01) (7, 3, 5.00000000000000000000e-01) (7, 3, 5.00000000000000000000e-01) (7, 3, 5.00000000000000000000e-01) (0, 3, 0.00000000000000000000e+00) (9, 3, 5.00000000000000000000e-01) (0, 3, 0.00000000000000000000e+00) 
connections (connected_to_neuron, weight)=(0, -2.76751565933227539062e+00) (1, -3.00703477859497070312e+00) (2, -2.98749566078186035156e+00) (3, 8.41693997383117675781e-01) (4, 1.70177793502807617188e+00) (5, 3.42450070381164550781e+00) (6, -1.95717823505401611328e+00) (0, -1.48159122467041015625e+00) (1, -1.61560761928558349609e+00) (2, 4.17155313491821289062e+00) (3, -1.59307241439819335938e+00) (4, 4.78483724594116210938e+00) (5, -3.40581822395324707031e+00) (6, -3.31089401245117187500e+00) (0, 2.16201376914978027344e+00) (1, -6.17285728454589843750e+00) (2, -2.64272034168243408203e-01) (3, 1.92821979522705078125e+00) (4, -2.52592539787292480469e+00) (5, 8.20639705657958984375e+00) (6, -2.99598526954650878906e+00) (0, -1.78776860237121582031e+00) (1, -1.22054731845855712891e+00) (2, -4.02194547653198242188e+00) (3, 1.50670623779296875000e+00) (4, 3.65167355537414550781e+00) (5, 2.67530632019042968750e+00) (6, -2.69152855873107910156e+00) (0, -1.33914685249328613281e+00) (1, -1.58870530128479003906e+00) (2, 2.75963306427001953125e+00) (3, -4.06069421768188476562e+00) (4, 7.33647346496582031250e+00) (5, -6.06597042083740234375e+00) (6, -1.55815970897674560547e+00) (0, -2.56159162521362304688e+00) (1, -4.29116535186767578125e+00) (2, -6.13355541229248046875e+00) (3, 5.11702632904052734375e+00) (4, 3.23389744758605957031e+00) (5, -4.05878126621246337891e-01) (6, -5.65167617797851562500e+00) (0, -1.68100655078887939453e-01) (1, 5.27546405792236328125e-01) (2, -8.31288456916809082031e-01) (3, -1.84300076961517333984e+00) (4, -3.86308193206787109375e-01) (5, 1.01507186889648437500e+00) (6, 1.83084893226623535156e+00) (0, -1.39494672417640686035e-01) (1, 3.57729554176330566406e-01) (2, -1.38307559490203857422e+00) (3, -1.61308789253234863281e+00) (4, -1.13577890396118164062e+00) (5, 1.22218620777130126953e+00) (6, 2.80464458465576171875e+00) (7, 1.78047466278076171875e+00) (8, 1.42276334762573242188e+00) (9, 2.73388504981994628906e+00) (10, 1.29576504230499267578e+00) (11, 2.24736738204956054688e+00) (12, 8.02571678161621093750e+00) (13, -1.68982350826263427734e+00) (14, -1.68475413322448730469e+00) (15, -3.76574367284774780273e-01) 
