FANN_FLO_2.1
num_layers=4
learning_rate=0.500000
connection_rate=1.000000
network_type=0
learning_momentum=0.000000
training_algorithm=2
train_error_function=1
train_stop_function=0
cascade_output_change_fraction=0.010000
quickprop_decay=-0.000100
quickprop_mu=1.750000
rprop_increase_factor=1.200000
rprop_decrease_factor=0.500000
rprop_delta_min=0.000000
rprop_delta_max=50.000000
rprop_delta_zero=0.100000
cascade_output_stagnation_epochs=12
cascade_candidate_change_fraction=0.010000
cascade_candidate_stagnation_epochs=12
cascade_max_out_epochs=150
cascade_min_out_epochs=50
cascade_max_cand_epochs=150
cascade_min_cand_epochs=50
cascade_num_candidate_groups=2
bit_fail_limit=3.49999994039535522461e-01
cascade_candidate_limit=1.00000000000000000000e+03
cascade_weight_multiplier=4.00000005960464477539e-01
cascade_activation_functions_count=10
cascade_activation_functions=3 5 7 8 10 11 14 15 16 17 
cascade_activation_steepnesses_count=4
cascade_activation_steepnesses=2.50000000000000000000e-01 5.00000000000000000000e-01 7.50000000000000000000e-01 1.00000000000000000000e+00 
layer_sizes=2 5 5 3 
scale_included=0
neurons (num_inputs, activation_function, activation_steepness)=(0, 0, 0.00000000000000000000e+00) (0, 0, 0.00000000000000000000e+00) (2, 3, 5.00000000000000000000e-01) (2, 3, 5.00000000000000000000e-01) (2, 3, 5.00000000000000000000e-01) (2, 3, 5.00000000000000000000e-01) (0, 3, 0.00000000000000000000e+00) (5, 3, 5.00000000000000000000e-01) (5, 3, 5.00000000000000000000e-01) (5, 3, 5.00000000000000000000e-01) (5, 3, 5.00000000000000000000e-01) (0, 3, 0.00000000000000000000e+00) (5, 0, 5.00000000000000000000e-01) (5, 0, 5.00000000000000000000e-01) (0, 0, 0.00000000000000000000e+00) 
connections (connected_to_neuron, weight)=(0, -1.50000000000000000000e+03) (1, 1.47478113174438476562e+01) (0, 1.50000000000000000000e+03) (1, 1.46681298828125000000e+03) (0, 1.50000000000000000000e+03) (1, 1.49607189941406250000e+03) (0, 1.50000000000000000000e+03) (1, 1.69003295898437500000e+01) (2, 3.62453770637512207031e+00) (3, 1.01324920654296875000e+01) (4, 5.25943756103515625000e+01) (5, -6.21325836181640625000e+01) (6, -1.05369746685028076172e+00) (2, 1.44549279785156250000e+03) (3, 9.89397888183593750000e+02) (4, 9.89397888183593750000e+02) (5, 4.98329711914062500000e+02) (6, -7.79372978210449218750e+00) (2, -1.69233024120330810547e+00) (3, -1.40047668457031250000e+03) (4, -1.21091406250000000000e+03) (5, -1.39249353027343750000e+03) (6, 3.37505125999450683594e+00) (2, 1.49972705078125000000e+03) (3, -1.48970751953125000000e+03) (4, -1.49086767578125000000e+03) (5, 1.49995227050781250000e+03) (6, -1.84328460693359375000e+01) (7, 4.57973957061767578125e-01) (8, -6.70366406440734863281e-01) (9, 1.50000000000000000000e+03) (10, 1.82158792018890380859e+00) (11, -9.64514970779418945312e-01) (7, -4.83121633529663085938e+00) (8, 1.63685798645019531250e+00) (9, 1.50000000000000000000e+03) (10, 7.26061582565307617188e+00) (11, 2.42483854293823242188e-01) 
