FANN_FLO_2.1
num_layers=4
learning_rate=0.500000
connection_rate=1.000000
network_type=0
learning_momentum=0.000000
training_algorithm=2
train_error_function=1
train_stop_function=0
cascade_output_change_fraction=0.010000
quickprop_decay=-0.000100
quickprop_mu=1.750000
rprop_increase_factor=1.200000
rprop_decrease_factor=0.500000
rprop_delta_min=0.000000
rprop_delta_max=50.000000
rprop_delta_zero=0.100000
cascade_output_stagnation_epochs=12
cascade_candidate_change_fraction=0.010000
cascade_candidate_stagnation_epochs=12
cascade_max_out_epochs=150
cascade_min_out_epochs=50
cascade_max_cand_epochs=150
cascade_min_cand_epochs=50
cascade_num_candidate_groups=2
bit_fail_limit=3.49999994039535522461e-01
cascade_candidate_limit=1.00000000000000000000e+03
cascade_weight_multiplier=4.00000005960464477539e-01
cascade_activation_functions_count=10
cascade_activation_functions=3 5 7 8 10 11 14 15 16 17 
cascade_activation_steepnesses_count=4
cascade_activation_steepnesses=2.50000000000000000000e-01 5.00000000000000000000e-01 7.50000000000000000000e-01 1.00000000000000000000e+00 
layer_sizes=10 5 3 2 
scale_included=0
neurons (num_inputs, activation_function, activation_steepness)=(0, 0, 0.00000000000000000000e+00) (0, 0, 0.00000000000000000000e+00) (0, 0, 0.00000000000000000000e+00) (0, 0, 0.00000000000000000000e+00) (0, 0, 0.00000000000000000000e+00) (0, 0, 0.00000000000000000000e+00) (0, 0, 0.00000000000000000000e+00) (0, 0, 0.00000000000000000000e+00) (0, 0, 0.00000000000000000000e+00) (0, 0, 0.00000000000000000000e+00) (10, 3, 5.00000000000000000000e-01) (10, 3, 5.00000000000000000000e-01) (10, 3, 5.00000000000000000000e-01) (10, 3, 5.00000000000000000000e-01) (0, 3, 0.00000000000000000000e+00) (5, 3, 5.00000000000000000000e-01) (5, 3, 5.00000000000000000000e-01) (0, 3, 0.00000000000000000000e+00) (3, 3, 5.00000000000000000000e-01) (0, 3, 0.00000000000000000000e+00) 
connections (connected_to_neuron, weight)=(0, -1.67116415500640869141e+00) (1, 3.48554849624633789062e-01) (2, 2.79293060302734375000e-01) (3, -5.80475425720214843750e+00) (4, -1.04749703407287597656e+00) (5, -1.63298630714416503906e+00) (6, 9.83691692352294921875e-01) (7, 3.98315757513046264648e-01) (8, -5.08713901042938232422e-01) (9, 3.18527340888977050781e+00) (0, -8.13821926712989807129e-02) (1, 1.27785438671708106995e-02) (2, 1.82865657806396484375e+01) (3, -1.95947480201721191406e+00) (4, 1.68614852428436279297e+00) (5, 7.23516702651977539062e+00) (6, -3.11332759857177734375e+01) (7, -3.78113842010498046875e+00) (8, 9.76158738136291503906e-01) (9, 1.04265367984771728516e+00) (0, 6.84620440006256103516e-02) (1, -2.08605244755744934082e-01) (2, 4.57819604873657226562e+00) (3, 1.11372542381286621094e+00) (4, -5.21847581863403320312e+00) (5, 2.53772139549255371094e+00) (6, 1.15288293361663818359e+00) (7, 6.20610177516937255859e-01) (8, 9.45272827148437500000e+00) (9, -1.31463873386383056641e+00) (0, 1.36343944072723388672e+00) (1, -3.93341094255447387695e-01) (2, -4.66623353958129882812e+00) (3, 9.71350371837615966797e-01) (4, 2.60250926017761230469e+00) (5, -8.38480758666992187500e+00) (6, 9.88823473453521728516e-01) (7, 2.44403094053268432617e-01) (8, -6.45508527755737304688e+00) (9, 9.32067692279815673828e-01) (10, -7.03196289062500000000e+02) (11, 1.50000000000000000000e+03) (12, -1.36595335006713867188e+01) (13, 1.50000000000000000000e+03) (14, 1.09993715286254882812e+01) (10, 1.33520030975341796875e+01) (11, 1.32759494781494140625e+01) (12, -1.77536544799804687500e+01) (13, 1.50000000000000000000e+03) (14, -1.35848534107208251953e+00) (15, 8.97953748703002929688e-01) (16, 1.37336957454681396484e+00) (17, -1.41399013996124267578e+00) 
