FANN_FLO_2.1
num_layers=3
learning_rate=0.400000
connection_rate=1.000000
network_type=0
learning_momentum=0.000000
training_algorithm=2
train_error_function=1
train_stop_function=0
cascade_output_change_fraction=0.010000
quickprop_decay=-0.000100
quickprop_mu=1.750000
rprop_increase_factor=1.200000
rprop_decrease_factor=0.500000
rprop_delta_min=0.000000
rprop_delta_max=50.000000
rprop_delta_zero=0.100000
cascade_output_stagnation_epochs=12
cascade_candidate_change_fraction=0.010000
cascade_candidate_stagnation_epochs=12
cascade_max_out_epochs=150
cascade_min_out_epochs=50
cascade_max_cand_epochs=150
cascade_min_cand_epochs=50
cascade_num_candidate_groups=2
bit_fail_limit=3.49999994039535522461e-01
cascade_candidate_limit=1.00000000000000000000e+03
cascade_weight_multiplier=4.00000005960464477539e-01
cascade_activation_functions_count=10
cascade_activation_functions=3 5 7 8 10 11 14 15 16 17 
cascade_activation_steepnesses_count=4
cascade_activation_steepnesses=2.50000000000000000000e-01 5.00000000000000000000e-01 7.50000000000000000000e-01 1.00000000000000000000e+00 
layer_sizes=7 9 2 
scale_included=0
neurons (num_inputs, activation_function, activation_steepness)=(0, 0, 0.00000000000000000000e+00) (0, 0, 0.00000000000000000000e+00) (0, 0, 0.00000000000000000000e+00) (0, 0, 0.00000000000000000000e+00) (0, 0, 0.00000000000000000000e+00) (0, 0, 0.00000000000000000000e+00) (0, 0, 0.00000000000000000000e+00) (7, 3, 5.00000000000000000000e-01) (7, 3, 5.00000000000000000000e-01) (7, 3, 5.00000000000000000000e-01) (7, 3, 5.00000000000000000000e-01) (7, 3, 5.00000000000000000000e-01) (7, 3, 5.00000000000000000000e-01) (7, 3, 5.00000000000000000000e-01) (7, 3, 5.00000000000000000000e-01) (0, 3, 0.00000000000000000000e+00) (9, 3, 5.00000000000000000000e-01) (0, 3, 0.00000000000000000000e+00) 
connections (connected_to_neuron, weight)=(0, 1.70646321773529052734e+00) (1, -1.36968863010406494141e+00) (2, -1.96020436286926269531e+00) (3, 2.71489834785461425781e+00) (4, -1.16013062000274658203e+00) (5, 4.77941179275512695312e+00) (6, -3.29121375083923339844e+00) (0, -2.97809767723083496094e+00) (1, -3.66028571128845214844e+00) (2, -1.70968604087829589844e+00) (3, 1.39232504367828369141e+00) (4, 3.10287976264953613281e+00) (5, 6.90372884273529052734e-01) (6, -2.14718461036682128906e+00) (0, 1.05547022819519042969e+00) (1, 1.19341421127319335938e+00) (2, -6.09446525573730468750e+00) (3, -1.28254210948944091797e+00) (4, -1.15124807357788085938e+01) (5, 1.84235897064208984375e+01) (6, 1.86683464050292968750e+00) (0, 3.62069189548492431641e-01) (1, -1.08560872077941894531e+00) (2, 4.49767494201660156250e+00) (3, 6.33743822574615478516e-01) (4, -8.82300913333892822266e-01) (5, -1.67461836338043212891e+00) (6, -1.96305584907531738281e+00) (0, 1.25273323059082031250e+00) (1, 2.14801833033561706543e-01) (2, -7.04472160339355468750e+00) (3, 1.93811488151550292969e+00) (4, -2.71682667732238769531e+00) (5, 1.35666151046752929688e+01) (6, 5.16594886779785156250e-01) (0, 2.21607923507690429688e+00) (1, 1.36846148967742919922e+00) (2, -8.90611708164215087891e-01) (3, -1.46723437309265136719e+00) (4, -4.69807481765747070312e+00) (5, 5.19558143615722656250e+00) (6, 1.40218961238861083984e+00) (0, -1.47434866428375244141e+00) (1, -1.54763484001159667969e+00) (2, -1.42351186275482177734e+00) (3, 1.44929349422454833984e+00) (4, 6.27386093139648437500e-01) (5, 4.37563943862915039062e+00) (6, -2.54882478713989257812e+00) (0, -2.90025377273559570312e+00) (1, -3.43741011619567871094e+00) (2, -2.11434388160705566406e+00) (3, 1.53286266326904296875e+00) (4, 3.18079829216003417969e+00) (5, 1.09036862850189208984e+00) (6, -2.73431634902954101562e+00) (7, 1.99811875820159912109e+00) (8, 1.95844876766204833984e+00) (9, -1.17825913429260253906e+00) (10, 1.01888275146484375000e+00) (11, -1.53446686267852783203e+00) (12, -6.20378494262695312500e-01) (13, 2.75034379959106445312e+00) (14, 2.96297430992126464844e+00) (15, -1.63818508386611938477e-01) 
