FANN_FLO_2.1
num_layers=4
learning_rate=0.400000
connection_rate=1.000000
network_type=0
learning_momentum=0.000000
training_algorithm=2
train_error_function=1
train_stop_function=0
cascade_output_change_fraction=0.010000
quickprop_decay=-0.000100
quickprop_mu=1.750000
rprop_increase_factor=1.200000
rprop_decrease_factor=0.500000
rprop_delta_min=0.000000
rprop_delta_max=50.000000
rprop_delta_zero=0.100000
cascade_output_stagnation_epochs=12
cascade_candidate_change_fraction=0.010000
cascade_candidate_stagnation_epochs=12
cascade_max_out_epochs=150
cascade_min_out_epochs=50
cascade_max_cand_epochs=150
cascade_min_cand_epochs=50
cascade_num_candidate_groups=2
bit_fail_limit=3.49999994039535522461e-01
cascade_candidate_limit=1.00000000000000000000e+03
cascade_weight_multiplier=4.00000005960464477539e-01
cascade_activation_functions_count=10
cascade_activation_functions=3 5 7 8 10 11 14 15 16 17 
cascade_activation_steepnesses_count=4
cascade_activation_steepnesses=2.50000000000000000000e-01 5.00000000000000000000e-01 7.50000000000000000000e-01 1.00000000000000000000e+00 
layer_sizes=7 5 3 2 
scale_included=0
neurons (num_inputs, activation_function, activation_steepness)=(0, 0, 0.00000000000000000000e+00) (0, 0, 0.00000000000000000000e+00) (0, 0, 0.00000000000000000000e+00) (0, 0, 0.00000000000000000000e+00) (0, 0, 0.00000000000000000000e+00) (0, 0, 0.00000000000000000000e+00) (0, 0, 0.00000000000000000000e+00) (7, 3, 5.00000000000000000000e-01) (7, 3, 5.00000000000000000000e-01) (7, 3, 5.00000000000000000000e-01) (7, 3, 5.00000000000000000000e-01) (0, 3, 0.00000000000000000000e+00) (5, 3, 5.00000000000000000000e-01) (5, 3, 5.00000000000000000000e-01) (0, 3, 0.00000000000000000000e+00) (3, 3, 5.00000000000000000000e-01) (0, 3, 0.00000000000000000000e+00) 
connections (connected_to_neuron, weight)=(0, -6.53932094573974609375e+00) (1, 2.23036503791809082031e+00) (2, 4.99682283401489257812e+00) (3, -5.45669603347778320312e+00) (4, -2.75043940544128417969e+00) (5, 1.83763861656188964844e-01) (6, 6.57950019836425781250e+00) (0, -1.45854638671875000000e+03) (1, 9.56347656250000000000e+02) (2, -1.37187438964843750000e+03) (3, 1.15184924316406250000e+03) (4, -1.34958251953125000000e+03) (5, 2.89199493408203125000e+02) (6, 4.19736433029174804688e+00) (0, 5.80329954624176025391e-01) (1, -8.48970127105712890625e+00) (2, 7.37747726440429687500e+01) (3, 2.41347427368164062500e+01) (4, -1.11050281524658203125e+01) (5, -9.80045890808105468750e+00) (6, 5.25293397903442382812e+00) (0, -4.33374748229980468750e+01) (1, -1.77202796936035156250e+00) (2, -1.03938629150390625000e+02) (3, 4.80027847290039062500e+01) (4, 9.02954864501953125000e+01) (5, -4.10269832611083984375e+00) (6, -1.73413696289062500000e+01) (7, 7.82531738281250000000e+01) (8, -1.50000000000000000000e+03) (9, -6.16343345642089843750e+01) (10, -4.14805374145507812500e+01) (11, 2.94161891937255859375e+00) (7, 5.05381679534912109375e+00) (8, -3.98102521896362304688e-01) (9, -7.13911831378936767578e-01) (10, 3.95011663436889648438e-01) (11, -1.21300852298736572266e+00) (12, -7.78855800628662109375e-01) (13, -2.12947416305541992188e+00) (14, -8.08881044387817382812e-01) 
