FANN_FLO_2.1
num_layers=3
learning_rate=0.400000
connection_rate=1.000000
network_type=0
learning_momentum=0.000000
training_algorithm=2
train_error_function=1
train_stop_function=0
cascade_output_change_fraction=0.010000
quickprop_decay=-0.000100
quickprop_mu=1.750000
rprop_increase_factor=1.200000
rprop_decrease_factor=0.500000
rprop_delta_min=0.000000
rprop_delta_max=50.000000
rprop_delta_zero=0.100000
cascade_output_stagnation_epochs=12
cascade_candidate_change_fraction=0.010000
cascade_candidate_stagnation_epochs=12
cascade_max_out_epochs=150
cascade_min_out_epochs=50
cascade_max_cand_epochs=150
cascade_min_cand_epochs=50
cascade_num_candidate_groups=2
bit_fail_limit=3.49999994039535522461e-01
cascade_candidate_limit=1.00000000000000000000e+03
cascade_weight_multiplier=4.00000005960464477539e-01
cascade_activation_functions_count=10
cascade_activation_functions=3 5 7 8 10 11 14 15 16 17 
cascade_activation_steepnesses_count=4
cascade_activation_steepnesses=2.50000000000000000000e-01 5.00000000000000000000e-01 7.50000000000000000000e-01 1.00000000000000000000e+00 
layer_sizes=19 3 3 
scale_included=0
neurons (num_inputs, activation_function, activation_steepness)=(0, 0, 0.00000000000000000000e+00) (0, 0, 0.00000000000000000000e+00) (0, 0, 0.00000000000000000000e+00) (0, 0, 0.00000000000000000000e+00) (0, 0, 0.00000000000000000000e+00) (0, 0, 0.00000000000000000000e+00) (0, 0, 0.00000000000000000000e+00) (0, 0, 0.00000000000000000000e+00) (0, 0, 0.00000000000000000000e+00) (0, 0, 0.00000000000000000000e+00) (0, 0, 0.00000000000000000000e+00) (0, 0, 0.00000000000000000000e+00) (0, 0, 0.00000000000000000000e+00) (0, 0, 0.00000000000000000000e+00) (0, 0, 0.00000000000000000000e+00) (0, 0, 0.00000000000000000000e+00) (0, 0, 0.00000000000000000000e+00) (0, 0, 0.00000000000000000000e+00) (0, 0, 0.00000000000000000000e+00) (19, 3, 5.00000000000000000000e-01) (19, 3, 5.00000000000000000000e-01) (0, 3, 0.00000000000000000000e+00) (3, 3, 5.00000000000000000000e-01) (3, 3, 5.00000000000000000000e-01) (0, 3, 0.00000000000000000000e+00) 
connections (connected_to_neuron, weight)=(0, 9.46561455726623535156e-01) (1, 1.58712971210479736328e+00) (2, -2.69374585151672363281e+00) (3, 3.19598007202148437500e+00) (4, 1.11860942840576171875e+01) (5, -7.42190790176391601562e+00) (6, 3.08461523056030273438e+00) (7, 2.43185162544250488281e+00) (8, 1.60234203338623046875e+01) (9, 8.75807476043701171875e+00) (10, -8.52722644805908203125e+00) (11, -4.96414232254028320312e+00) (12, 9.93315601348876953125e+00) (13, -1.74766254425048828125e+01) (14, 9.55823421478271484375e+00) (15, 2.00239610671997070312e+00) (16, -1.72652359008789062500e+01) (17, 7.51259660720825195312e+00) (18, -2.66267704963684082031e+00) (0, 7.09908306598663330078e-02) (1, -2.72620534896850585938e+00) (2, 1.91841030120849609375e+00) (3, 7.41912245750427246094e-01) (4, -5.49137639999389648438e+00) (5, 2.21277475357055664062e+00) (6, -1.10133683681488037109e+00) (7, -1.97594201564788818359e+00) (8, -2.37552332878112792969e+00) (9, -3.02431821823120117188e+00) (10, 4.61170625686645507812e+00) (11, -1.46090552210807800293e-01) (12, -3.49023151397705078125e+00) (13, 6.68461608886718750000e+00) (14, -3.25854563713073730469e+00) (15, -8.83370757102966308594e-01) (16, 6.61273241043090820312e+00) (17, -1.74790549278259277344e+00) (18, -2.68793368339538574219e+00) (19, -1.32906293869018554688e+00) (20, -2.08467769622802734375e+00) (21, 7.89356946945190429688e-01) (19, 1.32846307754516601562e+00) (20, 2.08362770080566406250e+00) (21, -7.88581788539886474609e-01) 
