FANN_FLO_2.1
num_layers=3
learning_rate=0.400000
connection_rate=1.000000
network_type=0
learning_momentum=0.000000
training_algorithm=2
train_error_function=1
train_stop_function=0
cascade_output_change_fraction=0.010000
quickprop_decay=-0.000100
quickprop_mu=1.750000
rprop_increase_factor=1.200000
rprop_decrease_factor=0.500000
rprop_delta_min=0.000000
rprop_delta_max=50.000000
rprop_delta_zero=0.100000
cascade_output_stagnation_epochs=12
cascade_candidate_change_fraction=0.010000
cascade_candidate_stagnation_epochs=12
cascade_max_out_epochs=150
cascade_min_out_epochs=50
cascade_max_cand_epochs=150
cascade_min_cand_epochs=50
cascade_num_candidate_groups=2
bit_fail_limit=3.49999994039535522461e-01
cascade_candidate_limit=1.00000000000000000000e+03
cascade_weight_multiplier=4.00000005960464477539e-01
cascade_activation_functions_count=10
cascade_activation_functions=3 5 7 8 10 11 14 15 16 17 
cascade_activation_steepnesses_count=4
cascade_activation_steepnesses=2.50000000000000000000e-01 5.00000000000000000000e-01 7.50000000000000000000e-01 1.00000000000000000000e+00 
layer_sizes=7 9 2 
scale_included=0
neurons (num_inputs, activation_function, activation_steepness)=(0, 0, 0.00000000000000000000e+00) (0, 0, 0.00000000000000000000e+00) (0, 0, 0.00000000000000000000e+00) (0, 0, 0.00000000000000000000e+00) (0, 0, 0.00000000000000000000e+00) (0, 0, 0.00000000000000000000e+00) (0, 0, 0.00000000000000000000e+00) (7, 3, 5.00000000000000000000e-01) (7, 3, 5.00000000000000000000e-01) (7, 3, 5.00000000000000000000e-01) (7, 3, 5.00000000000000000000e-01) (7, 3, 5.00000000000000000000e-01) (7, 3, 5.00000000000000000000e-01) (7, 3, 5.00000000000000000000e-01) (7, 3, 5.00000000000000000000e-01) (0, 3, 0.00000000000000000000e+00) (9, 3, 5.00000000000000000000e-01) (0, 3, 0.00000000000000000000e+00) 
connections (connected_to_neuron, weight)=(0, 2.29129219055175781250e+00) (1, 1.79283714294433593750e+00) (2, -6.17225646972656250000e+00) (3, 2.41293048858642578125e+00) (4, -1.06527004241943359375e+01) (5, -2.02873373031616210938e+00) (6, -1.01799142360687255859e+00) (0, -4.88933849334716796875e+00) (1, -1.04939460754394531250e+00) (2, 2.95391292572021484375e+01) (3, -3.82000122070312500000e+01) (4, 5.67424297332763671875e+00) (5, 2.67249274253845214844e+00) (6, -4.73024584352970123291e-02) (0, -2.23122920989990234375e+01) (1, 1.91340579986572265625e+01) (2, -6.57643413543701171875e+00) (3, -4.16962289810180664062e+00) (4, -1.15135455131530761719e+00) (5, 4.11569261550903320312e+00) (6, 3.85580110549926757812e+00) (0, 2.65937099456787109375e+01) (1, -2.75531673431396484375e+01) (2, 1.02436113357543945312e+01) (3, -3.56380248069763183594e+00) (4, -6.02678894996643066406e-01) (5, -5.15349292755126953125e+00) (6, 6.30655574798583984375e+00) (0, -1.30892470479011535645e-01) (1, -4.05984497070312500000e+00) (2, 9.28729248046875000000e+00) (3, -6.89241552352905273438e+00) (4, -1.86723959445953369141e+00) (5, -6.95596098899841308594e-01) (6, 6.94619846343994140625e+00) (0, -7.52388358116149902344e-01) (1, -6.48785829544067382812e-01) (2, 4.52434396743774414062e+00) (3, -1.96356689929962158203e+00) (4, -3.15997660160064697266e-01) (5, 6.13460242748260498047e-01) (6, 1.43996149301528930664e-01) (0, -5.16345918178558349609e-01) (1, -5.16960680484771728516e-01) (2, 1.18514859676361083984e+00) (3, -1.65356040000915527344e+00) (4, -3.81828844547271728516e-01) (5, 4.17146712541580200195e-01) (6, 2.99647629261016845703e-01) (0, -1.89972862601280212402e-01) (1, -5.91004848480224609375e-01) (2, 3.85360026359558105469e+00) (3, -1.77183210849761962891e+00) (4, -5.19093036651611328125e-01) (5, -4.46538001298904418945e-01) (6, 1.37431308627128601074e-01) (7, -5.67634463310241699219e-01) (8, -8.48098576068878173828e-01) (9, -3.07531428337097167969e+00) (10, -2.87740778923034667969e+00) (11, -1.32129061222076416016e+00) (12, -5.34256458282470703125e-01) (13, 1.93996116518974304199e-01) (14, 5.74007606506347656250e+00) (15, 9.48288083076477050781e-01) 
