FANN_FLO_2.1
num_layers=4
learning_rate=0.400000
connection_rate=1.000000
network_type=0
learning_momentum=0.000000
training_algorithm=2
train_error_function=1
train_stop_function=0
cascade_output_change_fraction=0.010000
quickprop_decay=-0.000100
quickprop_mu=1.750000
rprop_increase_factor=1.200000
rprop_decrease_factor=0.500000
rprop_delta_min=0.000000
rprop_delta_max=50.000000
rprop_delta_zero=0.100000
cascade_output_stagnation_epochs=12
cascade_candidate_change_fraction=0.010000
cascade_candidate_stagnation_epochs=12
cascade_max_out_epochs=150
cascade_min_out_epochs=50
cascade_max_cand_epochs=150
cascade_min_cand_epochs=50
cascade_num_candidate_groups=2
bit_fail_limit=3.49999994039535522461e-01
cascade_candidate_limit=1.00000000000000000000e+03
cascade_weight_multiplier=4.00000005960464477539e-01
cascade_activation_functions_count=10
cascade_activation_functions=3 5 7 8 10 11 14 15 16 17 
cascade_activation_steepnesses_count=4
cascade_activation_steepnesses=2.50000000000000000000e-01 5.00000000000000000000e-01 7.50000000000000000000e-01 1.00000000000000000000e+00 
layer_sizes=7 3 3 2 
scale_included=0
neurons (num_inputs, activation_function, activation_steepness)=(0, 0, 0.00000000000000000000e+00) (0, 0, 0.00000000000000000000e+00) (0, 0, 0.00000000000000000000e+00) (0, 0, 0.00000000000000000000e+00) (0, 0, 0.00000000000000000000e+00) (0, 0, 0.00000000000000000000e+00) (0, 0, 0.00000000000000000000e+00) (7, 3, 5.00000000000000000000e-01) (7, 3, 5.00000000000000000000e-01) (0, 3, 0.00000000000000000000e+00) (3, 3, 5.00000000000000000000e-01) (3, 3, 5.00000000000000000000e-01) (0, 3, 0.00000000000000000000e+00) (3, 3, 5.00000000000000000000e-01) (0, 3, 0.00000000000000000000e+00) 
connections (connected_to_neuron, weight)=(0, -6.77665805816650390625e+00) (1, 4.19196128845214843750e+00) (2, -3.25523328781127929688e+00) (3, -4.12178468704223632812e+00) (4, -2.30882191658020019531e+00) (5, 8.53353857994079589844e-01) (6, 5.27365827560424804688e+00) (0, -1.87070846557617187500e+01) (1, 2.06772308349609375000e+01) (2, -2.76583499908447265625e+01) (3, -7.33940505981445312500e+01) (4, -1.99972438812255859375e+00) (5, 4.24844741821289062500e+00) (6, 8.11404323577880859375e+00) (7, 4.13124704360961914062e+00) (8, 5.14411401748657226562e+00) (9, -3.63605690002441406250e+00) (7, 3.48912453651428222656e+00) (8, 2.11560630798339843750e+00) (9, -5.78232288360595703125e-01) (10, -1.60884487628936767578e+00) (11, -2.14005994796752929688e+00) (12, -2.42312327027320861816e-01) 
