FANN_FLO_2.1
num_layers=4
learning_rate=0.400000
connection_rate=1.000000
network_type=0
learning_momentum=0.000000
training_algorithm=2
train_error_function=1
train_stop_function=0
cascade_output_change_fraction=0.010000
quickprop_decay=-0.000100
quickprop_mu=1.750000
rprop_increase_factor=1.200000
rprop_decrease_factor=0.500000
rprop_delta_min=0.000000
rprop_delta_max=50.000000
rprop_delta_zero=0.100000
cascade_output_stagnation_epochs=12
cascade_candidate_change_fraction=0.010000
cascade_candidate_stagnation_epochs=12
cascade_max_out_epochs=150
cascade_min_out_epochs=50
cascade_max_cand_epochs=150
cascade_min_cand_epochs=50
cascade_num_candidate_groups=2
bit_fail_limit=3.49999994039535522461e-01
cascade_candidate_limit=1.00000000000000000000e+03
cascade_weight_multiplier=4.00000005960464477539e-01
cascade_activation_functions_count=10
cascade_activation_functions=3 5 7 8 10 11 14 15 16 17 
cascade_activation_steepnesses_count=4
cascade_activation_steepnesses=2.50000000000000000000e-01 5.00000000000000000000e-01 7.50000000000000000000e-01 1.00000000000000000000e+00 
layer_sizes=7 5 5 2 
scale_included=0
neurons (num_inputs, activation_function, activation_steepness)=(0, 0, 0.00000000000000000000e+00) (0, 0, 0.00000000000000000000e+00) (0, 0, 0.00000000000000000000e+00) (0, 0, 0.00000000000000000000e+00) (0, 0, 0.00000000000000000000e+00) (0, 0, 0.00000000000000000000e+00) (0, 0, 0.00000000000000000000e+00) (7, 3, 5.00000000000000000000e-01) (7, 3, 5.00000000000000000000e-01) (7, 3, 5.00000000000000000000e-01) (7, 3, 5.00000000000000000000e-01) (0, 3, 0.00000000000000000000e+00) (5, 3, 5.00000000000000000000e-01) (5, 3, 5.00000000000000000000e-01) (5, 3, 5.00000000000000000000e-01) (5, 3, 5.00000000000000000000e-01) (0, 3, 0.00000000000000000000e+00) (5, 3, 5.00000000000000000000e-01) (0, 3, 0.00000000000000000000e+00) 
connections (connected_to_neuron, weight)=(0, -7.45250320434570312500e+00) (1, -1.83475703001022338867e-01) (2, -2.83057761192321777344e+00) (3, 1.94687688350677490234e+00) (4, 9.49265122413635253906e-01) (5, -6.29294216632843017578e-01) (6, 1.57028675079345703125e+00) (0, 4.14365100860595703125e+00) (1, -6.36335468292236328125e+00) (2, 3.56486368179321289062e+00) (3, -5.84115600585937500000e+00) (4, -1.87742984294891357422e+00) (5, 4.70435333251953125000e+00) (6, -1.64438867568969726562e+00) (0, -6.74391269683837890625e+00) (1, 6.30029678344726562500e+00) (2, -1.95295602083206176758e-01) (3, -3.99848580360412597656e+00) (4, -1.74865508079528808594e+00) (5, -1.50000000000000000000e+03) (6, 2.46810749173164367676e-01) (0, -7.81974494457244873047e-01) (1, -7.10300147533416748047e-01) (2, 7.66352474689483642578e-01) (3, -6.23122501373291015625e+00) (4, -2.40429282188415527344e+00) (5, 1.77439582347869873047e+00) (6, 1.04434072971343994141e+00) (7, 2.87661433219909667969e+00) (8, 8.61809444427490234375e+00) (9, 6.10130023956298828125e+00) (10, -7.74251794815063476562e+00) (11, -1.82262384891510009766e+00) (7, 2.37918710708618164062e+00) (8, 1.31525259017944335938e+01) (9, 1.76020812988281250000e+01) (10, -1.03802385330200195312e+01) (11, -3.26824307441711425781e+00) (7, -7.91022491455078125000e+01) (8, 8.77792835235595703125e+00) (9, -4.54803085327148437500e+00) (10, -5.77061939239501953125e+00) (11, -2.21997931599617004395e-01) (7, -1.46919012069702148438e+00) (8, 8.69088897705078125000e+01) (9, 7.71422042846679687500e+01) (10, -4.66447257995605468750e+01) (11, -1.00041639804840087891e+00) (12, -7.74375617504119873047e-01) (13, -6.09046030044555664062e+00) (14, -2.34420824050903320312e+00) (15, -9.06240105628967285156e-01) (16, -4.42177921533584594727e-01) 
