FANN_FLO_2.1
num_layers=4
learning_rate=0.500000
connection_rate=1.000000
network_type=0
learning_momentum=0.000000
training_algorithm=2
train_error_function=1
train_stop_function=0
cascade_output_change_fraction=0.010000
quickprop_decay=-0.000100
quickprop_mu=1.750000
rprop_increase_factor=1.200000
rprop_decrease_factor=0.500000
rprop_delta_min=0.000000
rprop_delta_max=50.000000
rprop_delta_zero=0.100000
cascade_output_stagnation_epochs=12
cascade_candidate_change_fraction=0.010000
cascade_candidate_stagnation_epochs=12
cascade_max_out_epochs=150
cascade_min_out_epochs=50
cascade_max_cand_epochs=150
cascade_min_cand_epochs=50
cascade_num_candidate_groups=2
bit_fail_limit=3.49999994039535522461e-01
cascade_candidate_limit=1.00000000000000000000e+03
cascade_weight_multiplier=4.00000005960464477539e-01
cascade_activation_functions_count=10
cascade_activation_functions=3 5 7 8 10 11 14 15 16 17 
cascade_activation_steepnesses_count=4
cascade_activation_steepnesses=2.50000000000000000000e-01 5.00000000000000000000e-01 7.50000000000000000000e-01 1.00000000000000000000e+00 
layer_sizes=10 5 3 2 
scale_included=0
neurons (num_inputs, activation_function, activation_steepness)=(0, 0, 0.00000000000000000000e+00) (0, 0, 0.00000000000000000000e+00) (0, 0, 0.00000000000000000000e+00) (0, 0, 0.00000000000000000000e+00) (0, 0, 0.00000000000000000000e+00) (0, 0, 0.00000000000000000000e+00) (0, 0, 0.00000000000000000000e+00) (0, 0, 0.00000000000000000000e+00) (0, 0, 0.00000000000000000000e+00) (0, 0, 0.00000000000000000000e+00) (10, 3, 5.00000000000000000000e-01) (10, 3, 5.00000000000000000000e-01) (10, 3, 5.00000000000000000000e-01) (10, 3, 5.00000000000000000000e-01) (0, 3, 0.00000000000000000000e+00) (5, 3, 5.00000000000000000000e-01) (5, 3, 5.00000000000000000000e-01) (0, 3, 0.00000000000000000000e+00) (3, 3, 5.00000000000000000000e-01) (0, 3, 0.00000000000000000000e+00) 
connections (connected_to_neuron, weight)=(0, -6.83973503112792968750e+00) (1, -1.81787049770355224609e+00) (2, -2.37333273887634277344e+00) (3, -7.84243822097778320312e-01) (4, 1.27621722221374511719e+00) (5, 3.14857697486877441406e+00) (6, 1.29628217220306396484e+00) (7, -7.87896931171417236328e-01) (8, -1.84356939792633056641e+00) (9, 4.69803857803344726562e+00) (0, -1.73671746253967285156e+00) (1, -1.02800571918487548828e+00) (2, -6.88913297653198242188e+00) (3, -4.26275134086608886719e-01) (4, -2.83576488494873046875e-01) (5, 9.11931097507476806641e-01) (6, 5.61467504501342773438e+00) (7, 3.65274846553802490234e-01) (8, -4.59245777130126953125e+00) (9, 2.97726678848266601562e+00) (0, -2.15161633491516113281e+00) (1, -1.57115235924720764160e-01) (2, 2.53114175796508789062e+00) (3, -1.59592819213867187500e+00) (4, 9.98647212982177734375e-02) (5, 3.08695220947265625000e+00) (6, 9.96709823608398437500e-01) (7, -9.39280223846435546875e+00) (8, -1.69254481792449951172e+00) (9, 2.93921113014221191406e+00) (0, -3.08002090454101562500e+00) (1, -1.09163320064544677734e+00) (2, -2.03801178932189941406e+00) (3, -1.22641706466674804688e+00) (4, 1.17769062519073486328e+00) (5, 2.64616608619689941406e+00) (6, 1.35127937793731689453e+00) (7, -2.09902191162109375000e+00) (8, -1.98099815845489501953e+00) (9, 3.26956629753112792969e+00) (10, 3.59250378608703613281e+00) (11, 3.65648603439331054688e+00) (12, 2.60417246818542480469e+00) (13, 6.52464723587036132812e+00) (14, -5.18783330917358398438e+00) (10, 6.79307746887207031250e+00) (11, 4.15746259689331054688e+00) (12, 3.36968588829040527344e+00) (13, 4.51293039321899414062e+00) (14, -6.60099220275878906250e+00) (15, 1.00226533412933349609e+00) (16, 1.57801604270935058594e+00) (17, -1.69559919834136962891e+00) 
