FANN_FLO_2.1
num_layers=3
learning_rate=0.500000
connection_rate=1.000000
network_type=0
learning_momentum=0.000000
training_algorithm=2
train_error_function=1
train_stop_function=0
cascade_output_change_fraction=0.010000
quickprop_decay=-0.000100
quickprop_mu=1.750000
rprop_increase_factor=1.200000
rprop_decrease_factor=0.500000
rprop_delta_min=0.000000
rprop_delta_max=50.000000
rprop_delta_zero=0.100000
cascade_output_stagnation_epochs=12
cascade_candidate_change_fraction=0.010000
cascade_candidate_stagnation_epochs=12
cascade_max_out_epochs=150
cascade_min_out_epochs=50
cascade_max_cand_epochs=150
cascade_min_cand_epochs=50
cascade_num_candidate_groups=2
bit_fail_limit=3.49999994039535522461e-01
cascade_candidate_limit=1.00000000000000000000e+03
cascade_weight_multiplier=4.00000005960464477539e-01
cascade_activation_functions_count=10
cascade_activation_functions=3 5 7 8 10 11 14 15 16 17 
cascade_activation_steepnesses_count=4
cascade_activation_steepnesses=2.50000000000000000000e-01 5.00000000000000000000e-01 7.50000000000000000000e-01 1.00000000000000000000e+00 
layer_sizes=10 3 2 
scale_included=0
neurons (num_inputs, activation_function, activation_steepness)=(0, 0, 0.00000000000000000000e+00) (0, 0, 0.00000000000000000000e+00) (0, 0, 0.00000000000000000000e+00) (0, 0, 0.00000000000000000000e+00) (0, 0, 0.00000000000000000000e+00) (0, 0, 0.00000000000000000000e+00) (0, 0, 0.00000000000000000000e+00) (0, 0, 0.00000000000000000000e+00) (0, 0, 0.00000000000000000000e+00) (0, 0, 0.00000000000000000000e+00) (10, 3, 5.00000000000000000000e-01) (10, 3, 5.00000000000000000000e-01) (0, 3, 0.00000000000000000000e+00) (3, 3, 5.00000000000000000000e-01) (0, 3, 0.00000000000000000000e+00) 
connections (connected_to_neuron, weight)=(0, 2.91112959384918212891e-01) (1, -9.05974674224853515625e+00) (2, 6.79186105728149414062e+00) (3, 2.75213432312011718750e+00) (4, -1.30846481323242187500e+01) (5, -1.05137853622436523438e+01) (6, 1.69275264739990234375e+01) (7, 8.66251364350318908691e-02) (8, 6.84414482116699218750e+00) (9, 2.41287088394165039062e+00) (0, 2.02843233942985534668e-01) (1, -4.48105812072753906250e+01) (2, -3.88887443542480468750e+01) (3, 4.56036567687988281250e-01) (4, 6.88169784545898437500e+01) (5, -2.83755511045455932617e-01) (6, 6.05254173278808593750e+01) (7, 3.16052246093750000000e+01) (8, 3.48374786376953125000e+01) (9, -5.73488998413085937500e+01) (10, -2.71831345558166503906e+00) (11, 2.53553700447082519531e+00) (12, 1.00107288360595703125e+00) 
