FANN_FLO_2.1
num_layers=3
learning_rate=0.500000
connection_rate=1.000000
network_type=0
learning_momentum=0.000000
training_algorithm=2
train_error_function=1
train_stop_function=0
cascade_output_change_fraction=0.010000
quickprop_decay=-0.000100
quickprop_mu=1.750000
rprop_increase_factor=1.200000
rprop_decrease_factor=0.500000
rprop_delta_min=0.000000
rprop_delta_max=50.000000
rprop_delta_zero=0.100000
cascade_output_stagnation_epochs=12
cascade_candidate_change_fraction=0.010000
cascade_candidate_stagnation_epochs=12
cascade_max_out_epochs=150
cascade_min_out_epochs=50
cascade_max_cand_epochs=150
cascade_min_cand_epochs=50
cascade_num_candidate_groups=2
bit_fail_limit=3.49999994039535522461e-01
cascade_candidate_limit=1.00000000000000000000e+03
cascade_weight_multiplier=4.00000005960464477539e-01
cascade_activation_functions_count=10
cascade_activation_functions=3 5 7 8 10 11 14 15 16 17 
cascade_activation_steepnesses_count=4
cascade_activation_steepnesses=2.50000000000000000000e-01 5.00000000000000000000e-01 7.50000000000000000000e-01 1.00000000000000000000e+00 
layer_sizes=10 5 2 
scale_included=0
neurons (num_inputs, activation_function, activation_steepness)=(0, 0, 0.00000000000000000000e+00) (0, 0, 0.00000000000000000000e+00) (0, 0, 0.00000000000000000000e+00) (0, 0, 0.00000000000000000000e+00) (0, 0, 0.00000000000000000000e+00) (0, 0, 0.00000000000000000000e+00) (0, 0, 0.00000000000000000000e+00) (0, 0, 0.00000000000000000000e+00) (0, 0, 0.00000000000000000000e+00) (0, 0, 0.00000000000000000000e+00) (10, 3, 5.00000000000000000000e-01) (10, 3, 5.00000000000000000000e-01) (10, 3, 5.00000000000000000000e-01) (10, 3, 5.00000000000000000000e-01) (0, 3, 0.00000000000000000000e+00) (5, 3, 5.00000000000000000000e-01) (0, 3, 0.00000000000000000000e+00) 
connections (connected_to_neuron, weight)=(0, 1.86589264869689941406e+00) (1, -2.92557549476623535156e+00) (2, 1.04735314846038818359e+00) (3, 2.27872562408447265625e+00) (4, -9.24293518066406250000e-01) (5, 2.79438614845275878906e+00) (6, -5.02485370635986328125e+00) (7, -4.06721210479736328125e+00) (8, -9.44326043128967285156e-01) (9, 4.14984893798828125000e+00) (0, -1.33894526958465576172e+00) (1, -4.70683174133300781250e+01) (2, -4.31780576705932617188e-01) (3, -1.39942705631256103516e+00) (4, 7.86183774471282958984e-01) (5, 3.68524380028247833252e-02) (6, 9.75185394287109375000e+00) (7, 7.04890131950378417969e-01) (8, 1.56850790977478027344e+00) (9, 1.65804743766784667969e+00) (0, 1.65893387794494628906e+00) (1, 3.56738972663879394531e+00) (2, 2.81647181510925292969e+00) (3, 2.98140104860067367554e-03) (4, 1.65845882892608642578e+00) (5, 1.52224361896514892578e+00) (6, -3.97491312026977539062e+00) (7, -2.56286931037902832031e+00) (8, 1.82203781604766845703e+00) (9, -3.89646500349044799805e-01) (0, 3.58125716447830200195e-01) (1, 2.23764266967773437500e+01) (2, 4.24899530410766601562e+00) (3, -1.14263021945953369141e+00) (4, 3.65658426284790039062e+00) (5, 7.46489539742469787598e-02) (6, -6.46604824066162109375e+00) (7, -2.64633541107177734375e+01) (8, -1.26209223270416259766e+00) (9, -4.81111437082290649414e-01) (10, -3.23424148559570312500e+00) (11, 2.66083049774169921875e+00) (12, 1.33232545852661132812e+00) (13, 3.04078650474548339844e+00) (14, -2.59573340415954589844e-01) 
