FANN_FLO_2.1
num_layers=3
learning_rate=0.500000
connection_rate=1.000000
network_type=0
learning_momentum=0.000000
training_algorithm=2
train_error_function=1
train_stop_function=0
cascade_output_change_fraction=0.010000
quickprop_decay=-0.000100
quickprop_mu=1.750000
rprop_increase_factor=1.200000
rprop_decrease_factor=0.500000
rprop_delta_min=0.000000
rprop_delta_max=50.000000
rprop_delta_zero=0.100000
cascade_output_stagnation_epochs=12
cascade_candidate_change_fraction=0.010000
cascade_candidate_stagnation_epochs=12
cascade_max_out_epochs=150
cascade_min_out_epochs=50
cascade_max_cand_epochs=150
cascade_min_cand_epochs=50
cascade_num_candidate_groups=2
bit_fail_limit=3.49999994039535522461e-01
cascade_candidate_limit=1.00000000000000000000e+03
cascade_weight_multiplier=4.00000005960464477539e-01
cascade_activation_functions_count=10
cascade_activation_functions=3 5 7 8 10 11 14 15 16 17 
cascade_activation_steepnesses_count=4
cascade_activation_steepnesses=2.50000000000000000000e-01 5.00000000000000000000e-01 7.50000000000000000000e-01 1.00000000000000000000e+00 
layer_sizes=10 5 2 
scale_included=0
neurons (num_inputs, activation_function, activation_steepness)=(0, 0, 0.00000000000000000000e+00) (0, 0, 0.00000000000000000000e+00) (0, 0, 0.00000000000000000000e+00) (0, 0, 0.00000000000000000000e+00) (0, 0, 0.00000000000000000000e+00) (0, 0, 0.00000000000000000000e+00) (0, 0, 0.00000000000000000000e+00) (0, 0, 0.00000000000000000000e+00) (0, 0, 0.00000000000000000000e+00) (0, 0, 0.00000000000000000000e+00) (10, 3, 5.00000000000000000000e-01) (10, 3, 5.00000000000000000000e-01) (10, 3, 5.00000000000000000000e-01) (10, 3, 5.00000000000000000000e-01) (0, 3, 0.00000000000000000000e+00) (5, 3, 5.00000000000000000000e-01) (0, 3, 0.00000000000000000000e+00) 
connections (connected_to_neuron, weight)=(0, -6.50986623764038085938e+00) (1, 7.02311754226684570312e+00) (2, -1.19012680053710937500e+01) (3, 1.73887157440185546875e+00) (4, 2.12629675865173339844e+00) (5, -4.41989803314208984375e+00) (6, 4.86355018615722656250e+00) (7, -1.00885145366191864014e-01) (8, 4.33421087265014648438e+00) (9, -5.97444534301757812500e-01) (0, -4.56770181655883789062e+00) (1, 3.19521427154541015625e+00) (2, -9.37120342254638671875e+00) (3, 8.47213840484619140625e+00) (4, 2.50516891479492187500e+00) (5, 1.05829179286956787109e+00) (6, 4.52104717493057250977e-01) (7, 2.06322813034057617188e+00) (8, 9.73213577270507812500e+00) (9, -2.65213799476623535156e+00) (0, 1.52388305664062500000e+01) (1, -4.99250173568725585938e+00) (2, -8.68271064758300781250e+00) (3, 2.38543772697448730469e+00) (4, -6.43456101417541503906e-01) (5, -1.70536911487579345703e+00) (6, -2.25879475474357604980e-01) (7, 3.18017673492431640625e+00) (8, 7.94065535068511962891e-01) (9, 2.78163290023803710938e+00) (0, 2.85182142257690429688e+00) (1, 2.75931763648986816406e+00) (2, 1.80979843139648437500e+01) (3, 3.89915734529495239258e-01) (4, 4.12068247795104980469e-01) (5, 3.06557011604309082031e+00) (6, -1.16789255142211914062e+01) (7, -5.19094085693359375000e+00) (8, -1.70711326599121093750e+01) (9, -9.11693096160888671875e-01) (10, 2.77353382110595703125e+00) (11, 1.14680624008178710938e+00) (12, -2.88356494903564453125e+00) (13, 3.55741000175476074219e+00) (14, -1.31584644317626953125e-01) 
