FANN_FLO_2.1
num_layers=3
learning_rate=0.400000
connection_rate=1.000000
network_type=0
learning_momentum=0.000000
training_algorithm=2
train_error_function=1
train_stop_function=0
cascade_output_change_fraction=0.010000
quickprop_decay=-0.000100
quickprop_mu=1.750000
rprop_increase_factor=1.200000
rprop_decrease_factor=0.500000
rprop_delta_min=0.000000
rprop_delta_max=50.000000
rprop_delta_zero=0.100000
cascade_output_stagnation_epochs=12
cascade_candidate_change_fraction=0.010000
cascade_candidate_stagnation_epochs=12
cascade_max_out_epochs=150
cascade_min_out_epochs=50
cascade_max_cand_epochs=150
cascade_min_cand_epochs=50
cascade_num_candidate_groups=2
bit_fail_limit=3.49999994039535522461e-01
cascade_candidate_limit=1.00000000000000000000e+03
cascade_weight_multiplier=4.00000005960464477539e-01
cascade_activation_functions_count=10
cascade_activation_functions=3 5 7 8 10 11 14 15 16 17 
cascade_activation_steepnesses_count=4
cascade_activation_steepnesses=2.50000000000000000000e-01 5.00000000000000000000e-01 7.50000000000000000000e-01 1.00000000000000000000e+00 
layer_sizes=7 9 2 
scale_included=0
neurons (num_inputs, activation_function, activation_steepness)=(0, 0, 0.00000000000000000000e+00) (0, 0, 0.00000000000000000000e+00) (0, 0, 0.00000000000000000000e+00) (0, 0, 0.00000000000000000000e+00) (0, 0, 0.00000000000000000000e+00) (0, 0, 0.00000000000000000000e+00) (0, 0, 0.00000000000000000000e+00) (7, 3, 5.00000000000000000000e-01) (7, 3, 5.00000000000000000000e-01) (7, 3, 5.00000000000000000000e-01) (7, 3, 5.00000000000000000000e-01) (7, 3, 5.00000000000000000000e-01) (7, 3, 5.00000000000000000000e-01) (7, 3, 5.00000000000000000000e-01) (7, 3, 5.00000000000000000000e-01) (0, 3, 0.00000000000000000000e+00) (9, 3, 5.00000000000000000000e-01) (0, 3, 0.00000000000000000000e+00) 
connections (connected_to_neuron, weight)=(0, 3.94814324378967285156e+00) (1, -5.34129762649536132812e+00) (2, -2.40563392639160156250e+01) (3, 8.01617145538330078125e-01) (4, -2.21089005470275878906e-01) (5, 2.61933827400207519531e+00) (6, -1.65329384803771972656e+00) (0, 1.28682613372802734375e+00) (1, -2.75282889604568481445e-01) (2, 7.72501516342163085938e+00) (3, -2.89827895164489746094e+00) (4, 1.45729887485504150391e+00) (5, 2.59677410125732421875e+00) (6, -5.00256109237670898438e+00) (0, 1.29976243972778320312e+01) (1, -1.27508974075317382812e+01) (2, 4.30259246826171875000e+01) (3, -3.08623623847961425781e+00) (4, -2.25652742385864257812e+00) (5, -3.98439717292785644531e+00) (6, 3.20412421226501464844e+00) (0, -2.22788596153259277344e+00) (1, -1.05816793441772460938e+00) (2, -6.66393637657165527344e-01) (3, -4.62407779693603515625e+00) (4, -1.91850829124450683594e+00) (5, 7.59040355682373046875e+00) (6, -9.68087792396545410156e-01) (0, -6.93897819519042968750e+00) (1, 6.09380388259887695312e+00) (2, -5.27908325195312500000e+00) (3, -1.07075095176696777344e+00) (4, -4.83287274837493896484e-01) (5, -4.65051555633544921875e+00) (6, 1.31794363260269165039e-01) (0, -1.13065481185913085938e+00) (1, -8.63522887229919433594e-01) (2, 8.58213806152343750000e+01) (3, -3.46023631095886230469e+00) (4, -7.75605916976928710938e+00) (5, 7.71145200729370117188e+00) (6, -1.36641275882720947266e+00) (0, -1.41652703285217285156e+00) (1, -2.38596484996378421783e-03) (2, 1.92881882190704345703e+00) (3, -3.63050007820129394531e+00) (4, 4.44904893636703491211e-01) (5, 6.59767532348632812500e+00) (6, -1.58202135562896728516e+00) (0, 2.82541227340698242188e+00) (1, -1.91415429115295410156e+00) (2, 1.91379806518554687500e+02) (3, -1.79795742034912109375e+01) (4, -6.07817029953002929688e+00) (5, -7.58335888385772705078e-01) (6, 4.31753587722778320312e+00) (7, -3.76726055145263671875e+00) (8, -3.67364525794982910156e+00) (9, -1.54771220684051513672e+00) (10, -6.12447202205657958984e-01) (11, -9.29831695556640625000e+00) (12, -5.13064801692962646484e-01) (13, -6.37152910232543945312e-01) (14, -1.47945627570152282715e-01) (15, 1.22200143337249755859e+00) 
