FANN_FLO_2.1
num_layers=3
learning_rate=0.400000
connection_rate=1.000000
network_type=0
learning_momentum=0.000000
training_algorithm=2
train_error_function=1
train_stop_function=0
cascade_output_change_fraction=0.010000
quickprop_decay=-0.000100
quickprop_mu=1.750000
rprop_increase_factor=1.200000
rprop_decrease_factor=0.500000
rprop_delta_min=0.000000
rprop_delta_max=50.000000
rprop_delta_zero=0.100000
cascade_output_stagnation_epochs=12
cascade_candidate_change_fraction=0.010000
cascade_candidate_stagnation_epochs=12
cascade_max_out_epochs=150
cascade_min_out_epochs=50
cascade_max_cand_epochs=150
cascade_min_cand_epochs=50
cascade_num_candidate_groups=2
bit_fail_limit=3.49999994039535522461e-01
cascade_candidate_limit=1.00000000000000000000e+03
cascade_weight_multiplier=4.00000005960464477539e-01
cascade_activation_functions_count=10
cascade_activation_functions=3 5 7 8 10 11 14 15 16 17 
cascade_activation_steepnesses_count=4
cascade_activation_steepnesses=2.50000000000000000000e-01 5.00000000000000000000e-01 7.50000000000000000000e-01 1.00000000000000000000e+00 
layer_sizes=7 9 2 
scale_included=0
neurons (num_inputs, activation_function, activation_steepness)=(0, 0, 0.00000000000000000000e+00) (0, 0, 0.00000000000000000000e+00) (0, 0, 0.00000000000000000000e+00) (0, 0, 0.00000000000000000000e+00) (0, 0, 0.00000000000000000000e+00) (0, 0, 0.00000000000000000000e+00) (0, 0, 0.00000000000000000000e+00) (7, 3, 5.00000000000000000000e-01) (7, 3, 5.00000000000000000000e-01) (7, 3, 5.00000000000000000000e-01) (7, 3, 5.00000000000000000000e-01) (7, 3, 5.00000000000000000000e-01) (7, 3, 5.00000000000000000000e-01) (7, 3, 5.00000000000000000000e-01) (7, 3, 5.00000000000000000000e-01) (0, 3, 0.00000000000000000000e+00) (9, 3, 5.00000000000000000000e-01) (0, 3, 0.00000000000000000000e+00) 
connections (connected_to_neuron, weight)=(0, -1.17853422164916992188e+01) (1, 7.26996755599975585938e+00) (2, 4.51322078704833984375e+00) (3, 1.99464246630668640137e-01) (4, -2.40092441439628601074e-01) (5, -1.48524121093750000000e+03) (6, 1.51321887969970703125e+00) (0, -4.12315082550048828125e+00) (1, -1.94688510894775390625e+01) (2, 3.66224312782287597656e+00) (3, 1.80891704559326171875e+00) (4, 9.71008479595184326172e-01) (5, 6.23189449310302734375e+00) (6, 3.02719569206237792969e+00) (0, 1.06368494033813476562e+01) (1, -7.40964555740356445312e+00) (2, 1.72736871242523193359e+00) (3, -2.60032248497009277344e+00) (4, -9.40012454986572265625e-01) (5, -2.06359601020812988281e+00) (6, 6.68544471263885498047e-01) (0, 1.50320529937744140625e+00) (1, 2.13499646633863449097e-02) (2, 1.07223713397979736328e+00) (3, -3.46770882606506347656e+00) (4, -9.74078714847564697266e-01) (5, 1.89433300495147705078e+00) (6, 1.92810997366905212402e-01) (0, 4.14463376998901367188e+00) (1, 3.72701615095138549805e-01) (2, 1.80257713794708251953e+00) (3, -4.58306026458740234375e+00) (4, -8.29591870307922363281e-01) (5, 1.07377991080284118652e-01) (6, -1.45937621593475341797e+00) (0, -3.43613386154174804688e+00) (1, 1.83673324584960937500e+01) (2, -2.19882373809814453125e+01) (3, -8.57518386840820312500e+00) (4, -5.83941745758056640625e+00) (5, 1.11818780899047851562e+01) (6, -7.62791824340820312500e+00) (0, 3.13795971870422363281e+00) (1, -2.15227699279785156250e+00) (2, 1.94182789325714111328e+00) (3, -2.69548416137695312500e+00) (4, -8.68698179721832275391e-01) (5, 8.15788567066192626953e-01) (6, 3.02373290061950683594e-01) (0, -5.96406745910644531250e+00) (1, 9.03214168548583984375e+00) (2, -2.42943801879882812500e+01) (3, 5.81158638000488281250e+00) (4, 7.10275053977966308594e-01) (5, 7.79197454452514648438e+00) (6, -1.27284955978393554688e+00) (7, -5.69141817092895507812e+00) (8, -3.58943200111389160156e+00) (9, -2.05974960327148437500e+00) (10, -6.70611977577209472656e-01) (11, -9.32802677154541015625e-01) (12, -1.43759286403656005859e+00) (13, -3.69667500257492065430e-01) (14, -1.21107900142669677734e+00) (15, 2.44971895217895507812e+00) 
