FANN_FLO_2.1
num_layers=3
learning_rate=0.400000
connection_rate=1.000000
network_type=0
learning_momentum=0.000000
training_algorithm=2
train_error_function=1
train_stop_function=0
cascade_output_change_fraction=0.010000
quickprop_decay=-0.000100
quickprop_mu=1.750000
rprop_increase_factor=1.200000
rprop_decrease_factor=0.500000
rprop_delta_min=0.000000
rprop_delta_max=50.000000
rprop_delta_zero=0.100000
cascade_output_stagnation_epochs=12
cascade_candidate_change_fraction=0.010000
cascade_candidate_stagnation_epochs=12
cascade_max_out_epochs=150
cascade_min_out_epochs=50
cascade_max_cand_epochs=150
cascade_min_cand_epochs=50
cascade_num_candidate_groups=2
bit_fail_limit=3.49999994039535522461e-01
cascade_candidate_limit=1.00000000000000000000e+03
cascade_weight_multiplier=4.00000005960464477539e-01
cascade_activation_functions_count=10
cascade_activation_functions=3 5 7 8 10 11 14 15 16 17 
cascade_activation_steepnesses_count=4
cascade_activation_steepnesses=2.50000000000000000000e-01 5.00000000000000000000e-01 7.50000000000000000000e-01 1.00000000000000000000e+00 
layer_sizes=7 9 2 
scale_included=0
neurons (num_inputs, activation_function, activation_steepness)=(0, 0, 0.00000000000000000000e+00) (0, 0, 0.00000000000000000000e+00) (0, 0, 0.00000000000000000000e+00) (0, 0, 0.00000000000000000000e+00) (0, 0, 0.00000000000000000000e+00) (0, 0, 0.00000000000000000000e+00) (0, 0, 0.00000000000000000000e+00) (7, 3, 5.00000000000000000000e-01) (7, 3, 5.00000000000000000000e-01) (7, 3, 5.00000000000000000000e-01) (7, 3, 5.00000000000000000000e-01) (7, 3, 5.00000000000000000000e-01) (7, 3, 5.00000000000000000000e-01) (7, 3, 5.00000000000000000000e-01) (7, 3, 5.00000000000000000000e-01) (0, 3, 0.00000000000000000000e+00) (9, 3, 5.00000000000000000000e-01) (0, 3, 0.00000000000000000000e+00) 
connections (connected_to_neuron, weight)=(0, 1.11827039718627929688e+00) (1, 8.73283326625823974609e-01) (2, 1.99209824204444885254e-01) (3, -8.69105994701385498047e-01) (4, -8.20103824138641357422e-01) (5, 1.53309476375579833984e+00) (6, -1.86927527189254760742e-01) (0, 1.48281559348106384277e-01) (1, -9.85573709011077880859e-01) (2, 6.09670460224151611328e-01) (3, 1.43785285949707031250e+00) (4, 3.19714021682739257812e+00) (5, -7.11113691329956054688e-01) (6, -1.44859480857849121094e+00) (0, 7.19397127628326416016e-01) (1, 9.03367280960083007812e-01) (2, -6.65653467178344726562e-01) (3, -6.65400028228759765625e-01) (4, -1.58666658401489257812e+00) (5, 8.33927750587463378906e-01) (6, -2.84006714820861816406e-01) (0, 9.98993396759033203125e-01) (1, 1.05912816524505615234e+00) (2, 6.81585609912872314453e-01) (3, -8.56825560331344604492e-02) (4, -2.17618867754936218262e-01) (5, 1.18523156642913818359e+00) (6, -2.52505242824554443359e-01) (0, -6.46557044982910156250e+00) (1, -2.01118493080139160156e+00) (2, -2.09120559692382812500e+00) (3, 1.24542534351348876953e+00) (4, 2.83620166778564453125e+00) (5, 7.77580559253692626953e-01) (6, -1.27108907699584960938e+00) (0, -1.20604598522186279297e+00) (1, -1.34023654460906982422e+00) (2, -7.39532709121704101562e-01) (3, 2.40099596977233886719e+00) (4, -5.80967485904693603516e-01) (5, 6.88381719589233398438e+00) (6, -4.92487859725952148438e+00) (0, -1.43520927429199218750e+00) (1, -1.48299837112426757812e+00) (2, 6.73024892807006835938e+00) (3, -1.20931160449981689453e+00) (4, 3.63446235656738281250e+00) (5, -1.25281267166137695312e+01) (6, -6.25268876552581787109e-01) (0, 7.29375839233398437500e+00) (1, 7.95013189315795898438e-01) (2, 4.17660295963287353516e-01) (3, 6.27622795104980468750e+00) (4, -1.66373109817504882812e+00) (5, 2.93680000305175781250e+00) (6, 1.28274834156036376953e+00) (7, -9.10784482955932617188e-01) (8, 8.78719389438629150391e-01) (9, -8.95169913768768310547e-01) (10, -7.31077075004577636719e-01) (11, 3.53675937652587890625e+00) (12, 3.53965783119201660156e+00) (13, 2.31295442581176757812e+00) (14, -1.10479271411895751953e+00) (15, -2.27423697710037231445e-01) 
