FANN_FLO_2.1
num_layers=3
learning_rate=0.400000
connection_rate=1.000000
network_type=0
learning_momentum=0.000000
training_algorithm=2
train_error_function=1
train_stop_function=0
cascade_output_change_fraction=0.010000
quickprop_decay=-0.000100
quickprop_mu=1.750000
rprop_increase_factor=1.200000
rprop_decrease_factor=0.500000
rprop_delta_min=0.000000
rprop_delta_max=50.000000
rprop_delta_zero=0.100000
cascade_output_stagnation_epochs=12
cascade_candidate_change_fraction=0.010000
cascade_candidate_stagnation_epochs=12
cascade_max_out_epochs=150
cascade_min_out_epochs=50
cascade_max_cand_epochs=150
cascade_min_cand_epochs=50
cascade_num_candidate_groups=2
bit_fail_limit=3.49999994039535522461e-01
cascade_candidate_limit=1.00000000000000000000e+03
cascade_weight_multiplier=4.00000005960464477539e-01
cascade_activation_functions_count=10
cascade_activation_functions=3 5 7 8 10 11 14 15 16 17 
cascade_activation_steepnesses_count=4
cascade_activation_steepnesses=2.50000000000000000000e-01 5.00000000000000000000e-01 7.50000000000000000000e-01 1.00000000000000000000e+00 
layer_sizes=19 3 3 
scale_included=0
neurons (num_inputs, activation_function, activation_steepness)=(0, 0, 0.00000000000000000000e+00) (0, 0, 0.00000000000000000000e+00) (0, 0, 0.00000000000000000000e+00) (0, 0, 0.00000000000000000000e+00) (0, 0, 0.00000000000000000000e+00) (0, 0, 0.00000000000000000000e+00) (0, 0, 0.00000000000000000000e+00) (0, 0, 0.00000000000000000000e+00) (0, 0, 0.00000000000000000000e+00) (0, 0, 0.00000000000000000000e+00) (0, 0, 0.00000000000000000000e+00) (0, 0, 0.00000000000000000000e+00) (0, 0, 0.00000000000000000000e+00) (0, 0, 0.00000000000000000000e+00) (0, 0, 0.00000000000000000000e+00) (0, 0, 0.00000000000000000000e+00) (0, 0, 0.00000000000000000000e+00) (0, 0, 0.00000000000000000000e+00) (0, 0, 0.00000000000000000000e+00) (19, 3, 5.00000000000000000000e-01) (19, 3, 5.00000000000000000000e-01) (0, 3, 0.00000000000000000000e+00) (3, 3, 5.00000000000000000000e-01) (3, 3, 5.00000000000000000000e-01) (0, 3, 0.00000000000000000000e+00) 
connections (connected_to_neuron, weight)=(0, -7.24051177501678466797e-01) (1, -6.42996728420257568359e-01) (2, -3.37166023254394531250e+00) (3, -2.27625623345375061035e-01) (4, -2.40716314315795898438e+00) (5, -5.55652666091918945312e+00) (6, -5.78624606132507324219e-01) (7, -2.32031726837158203125e+00) (8, -5.03819608688354492188e+00) (9, 5.88182568550109863281e-01) (10, 1.31042385101318359375e+00) (11, 5.91624927520751953125e+00) (12, 5.88213503360748291016e-01) (13, 1.21362149715423583984e+00) (14, 5.84874248504638671875e+00) (15, 8.42263579368591308594e-01) (16, 1.20215706527233123779e-01) (17, 5.47082233428955078125e+00) (18, -1.50391852855682373047e+00) (0, 2.11249566078186035156e+00) (1, 8.60687851905822753906e-01) (2, 4.63099718093872070312e+00) (3, 8.15361678600311279297e-01) (4, 3.80793404579162597656e+00) (5, 9.92676544189453125000e+00) (6, 1.36418712139129638672e+00) (7, 3.33548212051391601562e+00) (8, 1.05798931121826171875e+01) (9, 1.10192866995930671692e-02) (10, -6.11332511901855468750e+00) (11, -1.28369998931884765625e+01) (12, -2.60919630527496337891e-01) (13, -3.44069361686706542969e+00) (14, -1.16418304443359375000e+01) (15, -8.02607595920562744141e-01) (16, -7.59522438049316406250e-01) (17, -9.18174171447753906250e+00) (18, 1.77418732643127441406e+00) (19, -2.02690982818603515625e+00) (20, -1.83517348766326904297e+00) (21, 9.79996144771575927734e-01) (19, 2.02119421958923339844e+00) (20, 1.83155882358551025391e+00) (21, -9.76729154586791992188e-01) 
