FANN_FLO_2.1
num_layers=4
learning_rate=0.500000
connection_rate=1.000000
network_type=0
learning_momentum=0.000000
training_algorithm=2
train_error_function=1
train_stop_function=0
cascade_output_change_fraction=0.010000
quickprop_decay=-0.000100
quickprop_mu=1.750000
rprop_increase_factor=1.200000
rprop_decrease_factor=0.500000
rprop_delta_min=0.000000
rprop_delta_max=50.000000
rprop_delta_zero=0.100000
cascade_output_stagnation_epochs=12
cascade_candidate_change_fraction=0.010000
cascade_candidate_stagnation_epochs=12
cascade_max_out_epochs=150
cascade_min_out_epochs=50
cascade_max_cand_epochs=150
cascade_min_cand_epochs=50
cascade_num_candidate_groups=2
bit_fail_limit=3.49999994039535522461e-01
cascade_candidate_limit=1.00000000000000000000e+03
cascade_weight_multiplier=4.00000005960464477539e-01
cascade_activation_functions_count=10
cascade_activation_functions=3 5 7 8 10 11 14 15 16 17 
cascade_activation_steepnesses_count=4
cascade_activation_steepnesses=2.50000000000000000000e-01 5.00000000000000000000e-01 7.50000000000000000000e-01 1.00000000000000000000e+00 
layer_sizes=10 3 3 2 
scale_included=0
neurons (num_inputs, activation_function, activation_steepness)=(0, 0, 0.00000000000000000000e+00) (0, 0, 0.00000000000000000000e+00) (0, 0, 0.00000000000000000000e+00) (0, 0, 0.00000000000000000000e+00) (0, 0, 0.00000000000000000000e+00) (0, 0, 0.00000000000000000000e+00) (0, 0, 0.00000000000000000000e+00) (0, 0, 0.00000000000000000000e+00) (0, 0, 0.00000000000000000000e+00) (0, 0, 0.00000000000000000000e+00) (10, 3, 5.00000000000000000000e-01) (10, 3, 5.00000000000000000000e-01) (0, 3, 0.00000000000000000000e+00) (3, 3, 5.00000000000000000000e-01) (3, 3, 5.00000000000000000000e-01) (0, 3, 0.00000000000000000000e+00) (3, 3, 5.00000000000000000000e-01) (0, 3, 0.00000000000000000000e+00) 
connections (connected_to_neuron, weight)=(0, -6.42882013320922851562e+00) (1, 2.37744178771972656250e+01) (2, 4.58281904458999633789e-01) (3, -1.34372968673706054688e+01) (4, 6.25696301460266113281e-01) (5, 6.20474147796630859375e+00) (6, -1.06254882812500000000e+01) (7, -3.98139262199401855469e+00) (8, -5.96475744247436523438e+00) (9, -1.63589286804199218750e+00) (0, -1.46125878906250000000e+03) (1, 9.69344253540039062500e+01) (2, -1.45720312500000000000e+03) (3, -6.36683776855468750000e+02) (4, 9.39954956054687500000e+02) (5, -1.28174328613281250000e+03) (6, 1.49240356445312500000e+03) (7, 1.49312658691406250000e+03) (8, -1.62208999633789062500e+02) (9, -1.89072027802467346191e-01) (10, 1.62126004695892333984e+00) (11, 1.83404421806335449219e+00) (12, -7.30640232563018798828e-01) (10, -8.55946166992187500000e+02) (11, -1.09428319931030273438e+01) (12, 7.16647958755493164062e+00) (13, 6.47230446338653564453e-01) (14, -2.07380366325378417969e+00) (15, 4.06636863946914672852e-01) 
