FANN_FLO_2.1
num_layers=4
learning_rate=0.400000
connection_rate=1.000000
network_type=0
learning_momentum=0.000000
training_algorithm=2
train_error_function=1
train_stop_function=0
cascade_output_change_fraction=0.010000
quickprop_decay=-0.000100
quickprop_mu=1.750000
rprop_increase_factor=1.200000
rprop_decrease_factor=0.500000
rprop_delta_min=0.000000
rprop_delta_max=50.000000
rprop_delta_zero=0.100000
cascade_output_stagnation_epochs=12
cascade_candidate_change_fraction=0.010000
cascade_candidate_stagnation_epochs=12
cascade_max_out_epochs=150
cascade_min_out_epochs=50
cascade_max_cand_epochs=150
cascade_min_cand_epochs=50
cascade_num_candidate_groups=2
bit_fail_limit=3.49999994039535522461e-01
cascade_candidate_limit=1.00000000000000000000e+03
cascade_weight_multiplier=4.00000005960464477539e-01
cascade_activation_functions_count=10
cascade_activation_functions=3 5 7 8 10 11 14 15 16 17 
cascade_activation_steepnesses_count=4
cascade_activation_steepnesses=2.50000000000000000000e-01 5.00000000000000000000e-01 7.50000000000000000000e-01 1.00000000000000000000e+00 
layer_sizes=7 5 5 2 
scale_included=0
neurons (num_inputs, activation_function, activation_steepness)=(0, 0, 0.00000000000000000000e+00) (0, 0, 0.00000000000000000000e+00) (0, 0, 0.00000000000000000000e+00) (0, 0, 0.00000000000000000000e+00) (0, 0, 0.00000000000000000000e+00) (0, 0, 0.00000000000000000000e+00) (0, 0, 0.00000000000000000000e+00) (7, 3, 5.00000000000000000000e-01) (7, 3, 5.00000000000000000000e-01) (7, 3, 5.00000000000000000000e-01) (7, 3, 5.00000000000000000000e-01) (0, 3, 0.00000000000000000000e+00) (5, 3, 5.00000000000000000000e-01) (5, 3, 5.00000000000000000000e-01) (5, 3, 5.00000000000000000000e-01) (5, 3, 5.00000000000000000000e-01) (0, 3, 0.00000000000000000000e+00) (5, 3, 5.00000000000000000000e-01) (0, 3, 0.00000000000000000000e+00) 
connections (connected_to_neuron, weight)=(0, -5.67113971710205078125e+00) (1, 1.12785351276397705078e+00) (2, 5.46159982681274414062e+00) (3, -7.88306760787963867188e+00) (4, -2.76790237426757812500e+00) (5, -8.85749149322509765625e+00) (6, 7.93005895614624023438e+00) (0, 1.01623020172119140625e+01) (1, -1.33103761672973632812e+01) (2, 2.84020185470581054688e+00) (3, -4.57742834091186523438e+00) (4, -1.14835894107818603516e+00) (5, -2.64837169647216796875e+00) (6, 3.87614035606384277344e+00) (0, 1.39024719595909118652e-01) (1, -3.96868872642517089844e+00) (2, 1.17172491550445556641e+00) (3, -4.75636863708496093750e+00) (4, -1.89714813232421875000e+00) (5, 2.85978269577026367188e+00) (6, 1.71037602424621582031e+00) (0, 3.53701934814453125000e+01) (1, -6.69946050643920898438e+00) (2, 2.55780467987060546875e+01) (3, -9.25092285156250000000e+02) (4, 8.61666625976562500000e+02) (5, 5.46157684326171875000e+01) (6, 8.96886765956878662109e-01) (7, 4.29337644577026367188e+00) (8, 7.04683256149291992188e+00) (9, 2.01063671112060546875e+01) (10, 4.43073362112045288086e-01) (11, -4.01375961303710937500e+00) (7, 8.08645057678222656250e+00) (8, -1.06657133102416992188e+01) (9, 1.51289730072021484375e+01) (10, 4.05053734779357910156e-01) (11, -1.28935432434082031250e+00) (7, 1.50000000000000000000e+03) (8, 1.17143829345703125000e+02) (9, -1.96917343139648437500e+01) (10, 5.16006767749786376953e-01) (11, 1.77359020709991455078e+00) (7, 4.41098213195800781250e+00) (8, -6.03236055374145507812e+00) (9, 5.95396137237548828125e+00) (10, -1.06261314392089843750e+02) (11, -3.59592348337173461914e-01) (12, -8.58132898807525634766e-01) (13, -1.60561919212341308594e+00) (14, -1.64489853382110595703e+00) (15, -6.21206104755401611328e-01) (16, 6.86432659626007080078e-01) 
