FANN_FLO_2.1
num_layers=4
learning_rate=0.500000
connection_rate=1.000000
network_type=0
learning_momentum=0.000000
training_algorithm=2
train_error_function=1
train_stop_function=0
cascade_output_change_fraction=0.010000
quickprop_decay=-0.000100
quickprop_mu=1.750000
rprop_increase_factor=1.200000
rprop_decrease_factor=0.500000
rprop_delta_min=0.000000
rprop_delta_max=50.000000
rprop_delta_zero=0.100000
cascade_output_stagnation_epochs=12
cascade_candidate_change_fraction=0.010000
cascade_candidate_stagnation_epochs=12
cascade_max_out_epochs=150
cascade_min_out_epochs=50
cascade_max_cand_epochs=150
cascade_min_cand_epochs=50
cascade_num_candidate_groups=2
bit_fail_limit=3.49999994039535522461e-01
cascade_candidate_limit=1.00000000000000000000e+03
cascade_weight_multiplier=4.00000005960464477539e-01
cascade_activation_functions_count=10
cascade_activation_functions=3 5 7 8 10 11 14 15 16 17 
cascade_activation_steepnesses_count=4
cascade_activation_steepnesses=2.50000000000000000000e-01 5.00000000000000000000e-01 7.50000000000000000000e-01 1.00000000000000000000e+00 
layer_sizes=10 3 3 2 
scale_included=0
neurons (num_inputs, activation_function, activation_steepness)=(0, 0, 0.00000000000000000000e+00) (0, 0, 0.00000000000000000000e+00) (0, 0, 0.00000000000000000000e+00) (0, 0, 0.00000000000000000000e+00) (0, 0, 0.00000000000000000000e+00) (0, 0, 0.00000000000000000000e+00) (0, 0, 0.00000000000000000000e+00) (0, 0, 0.00000000000000000000e+00) (0, 0, 0.00000000000000000000e+00) (0, 0, 0.00000000000000000000e+00) (10, 3, 5.00000000000000000000e-01) (10, 3, 5.00000000000000000000e-01) (0, 3, 0.00000000000000000000e+00) (3, 3, 5.00000000000000000000e-01) (3, 3, 5.00000000000000000000e-01) (0, 3, 0.00000000000000000000e+00) (3, 3, 5.00000000000000000000e-01) (0, 3, 0.00000000000000000000e+00) 
connections (connected_to_neuron, weight)=(0, -1.11746385693550109863e-01) (1, 2.13038831949234008789e-01) (2, 7.36494970321655273438e+00) (3, -8.55277919769287109375e+00) (4, 6.64859390258789062500e+00) (5, -2.77879148721694946289e-01) (6, -5.31093788146972656250e+00) (7, 9.49325680732727050781e-01) (8, -4.54835939407348632812e+00) (9, 4.56136107444763183594e-01) (0, -3.40743041038513183594e+00) (1, 9.91943931579589843750e+00) (2, -1.08022265625000000000e+03) (3, -6.38177967071533203125e+00) (4, 2.60392379760742187500e+00) (5, -2.23247021436691284180e-01) (6, 4.14334630966186523438e+00) (7, 2.30698028564453125000e+02) (8, -1.49489352479577064514e-02) (9, 5.09605586528778076172e-01) (10, 1.18911581039428710938e+01) (11, 1.50000000000000000000e+03) (12, -4.34870433807373046875e+00) (10, 1.17991380691528320312e+01) (11, 1.50000000000000000000e+03) (12, -4.24428606033325195312e+00) (13, 1.28538322448730468750e+00) (14, 1.27713334560394287109e+00) (15, -1.69946050643920898438e+00) 
