FANN_FLO_2.1
num_layers=4
learning_rate=0.500000
connection_rate=1.000000
network_type=0
learning_momentum=0.000000
training_algorithm=2
train_error_function=1
train_stop_function=0
cascade_output_change_fraction=0.010000
quickprop_decay=-0.000100
quickprop_mu=1.750000
rprop_increase_factor=1.200000
rprop_decrease_factor=0.500000
rprop_delta_min=0.000000
rprop_delta_max=50.000000
rprop_delta_zero=0.100000
cascade_output_stagnation_epochs=12
cascade_candidate_change_fraction=0.010000
cascade_candidate_stagnation_epochs=12
cascade_max_out_epochs=150
cascade_min_out_epochs=50
cascade_max_cand_epochs=150
cascade_min_cand_epochs=50
cascade_num_candidate_groups=2
bit_fail_limit=3.49999994039535522461e-01
cascade_candidate_limit=1.00000000000000000000e+03
cascade_weight_multiplier=4.00000005960464477539e-01
cascade_activation_functions_count=10
cascade_activation_functions=3 5 7 8 10 11 14 15 16 17 
cascade_activation_steepnesses_count=4
cascade_activation_steepnesses=2.50000000000000000000e-01 5.00000000000000000000e-01 7.50000000000000000000e-01 1.00000000000000000000e+00 
layer_sizes=10 3 3 2 
scale_included=0
neurons (num_inputs, activation_function, activation_steepness)=(0, 0, 0.00000000000000000000e+00) (0, 0, 0.00000000000000000000e+00) (0, 0, 0.00000000000000000000e+00) (0, 0, 0.00000000000000000000e+00) (0, 0, 0.00000000000000000000e+00) (0, 0, 0.00000000000000000000e+00) (0, 0, 0.00000000000000000000e+00) (0, 0, 0.00000000000000000000e+00) (0, 0, 0.00000000000000000000e+00) (0, 0, 0.00000000000000000000e+00) (10, 3, 5.00000000000000000000e-01) (10, 3, 5.00000000000000000000e-01) (0, 3, 0.00000000000000000000e+00) (3, 3, 5.00000000000000000000e-01) (3, 3, 5.00000000000000000000e-01) (0, 3, 0.00000000000000000000e+00) (3, 3, 5.00000000000000000000e-01) (0, 3, 0.00000000000000000000e+00) 
connections (connected_to_neuron, weight)=(0, -1.87677040100097656250e+01) (1, 2.67677140235900878906e+00) (2, -2.07602143287658691406e+00) (3, 1.52279865741729736328e+00) (4, 2.43044490814208984375e+01) (5, 3.07596884667873382568e-02) (6, 2.39208841323852539062e+00) (7, 5.27189970016479492188e+00) (8, -2.28783130645751953125e+01) (9, -4.48645401000976562500e+00) (0, 2.12190341949462890625e+00) (1, 7.60247707366943359375e+00) (2, 4.80346059799194335938e+00) (3, -2.72941470146179199219e+00) (4, 2.32131648063659667969e+00) (5, 2.04944777488708496094e+00) (6, -3.91104030609130859375e+00) (7, -1.90936012268066406250e+01) (8, 1.02000129222869873047e+00) (9, -9.40669327974319458008e-02) (10, 1.50000000000000000000e+03) (11, 4.17144660949707031250e+01) (12, -2.57775955200195312500e+01) (10, 1.50000000000000000000e+03) (11, 4.23763923645019531250e+01) (12, -2.60314445495605468750e+01) (13, 1.27630424499511718750e+00) (14, 5.85348784923553466797e-01) (15, -1.00736582279205322266e+00) 
