FANN_FLO_2.1
num_layers=4
learning_rate=0.500000
connection_rate=1.000000
network_type=0
learning_momentum=0.000000
training_algorithm=2
train_error_function=1
train_stop_function=0
cascade_output_change_fraction=0.010000
quickprop_decay=-0.000100
quickprop_mu=1.750000
rprop_increase_factor=1.200000
rprop_decrease_factor=0.500000
rprop_delta_min=0.000000
rprop_delta_max=50.000000
rprop_delta_zero=0.100000
cascade_output_stagnation_epochs=12
cascade_candidate_change_fraction=0.010000
cascade_candidate_stagnation_epochs=12
cascade_max_out_epochs=150
cascade_min_out_epochs=50
cascade_max_cand_epochs=150
cascade_min_cand_epochs=50
cascade_num_candidate_groups=2
bit_fail_limit=3.49999994039535522461e-01
cascade_candidate_limit=1.00000000000000000000e+03
cascade_weight_multiplier=4.00000005960464477539e-01
cascade_activation_functions_count=10
cascade_activation_functions=3 5 7 8 10 11 14 15 16 17 
cascade_activation_steepnesses_count=4
cascade_activation_steepnesses=2.50000000000000000000e-01 5.00000000000000000000e-01 7.50000000000000000000e-01 1.00000000000000000000e+00 
layer_sizes=10 3 3 2 
scale_included=0
neurons (num_inputs, activation_function, activation_steepness)=(0, 0, 0.00000000000000000000e+00) (0, 0, 0.00000000000000000000e+00) (0, 0, 0.00000000000000000000e+00) (0, 0, 0.00000000000000000000e+00) (0, 0, 0.00000000000000000000e+00) (0, 0, 0.00000000000000000000e+00) (0, 0, 0.00000000000000000000e+00) (0, 0, 0.00000000000000000000e+00) (0, 0, 0.00000000000000000000e+00) (0, 0, 0.00000000000000000000e+00) (10, 3, 5.00000000000000000000e-01) (10, 3, 5.00000000000000000000e-01) (0, 3, 0.00000000000000000000e+00) (3, 3, 5.00000000000000000000e-01) (3, 3, 5.00000000000000000000e-01) (0, 3, 0.00000000000000000000e+00) (3, 3, 5.00000000000000000000e-01) (0, 3, 0.00000000000000000000e+00) 
connections (connected_to_neuron, weight)=(0, 4.83060598373413085938e+00) (1, -8.56517076492309570312e-01) (2, -5.60570061206817626953e-01) (3, 4.33596706390380859375e+00) (4, -8.33521187305450439453e-01) (5, -6.23988676071166992188e+00) (6, 2.61454081535339355469e+00) (7, 5.48064231872558593750e-01) (8, -2.10695242881774902344e+00) (9, -1.53437376022338867188e+00) (0, 2.26410541534423828125e+01) (1, -5.66090106964111328125e+00) (2, -1.41109633445739746094e+00) (3, 1.00506153106689453125e+01) (4, -1.04278695583343505859e+00) (5, -2.73559951782226562500e+01) (6, 3.62858557701110839844e+00) (7, 5.80371570587158203125e+00) (8, 2.74095582962036132812e+00) (9, -1.58644187450408935547e+00) (10, 1.16285886764526367188e+01) (11, -7.87720251083374023438e+00) (12, 3.01838731765747070312e+00) (10, 1.26681404113769531250e+01) (11, -8.49915885925292968750e+00) (12, 3.04875159263610839844e+00) (13, 1.42849767208099365234e+00) (14, 2.22407460212707519531e+00) (15, -2.68037939071655273438e+00) 
