FANN_FLO_2.1
num_layers=3
learning_rate=0.500000
connection_rate=1.000000
network_type=0
learning_momentum=0.000000
training_algorithm=2
train_error_function=1
train_stop_function=0
cascade_output_change_fraction=0.010000
quickprop_decay=-0.000100
quickprop_mu=1.750000
rprop_increase_factor=1.200000
rprop_decrease_factor=0.500000
rprop_delta_min=0.000000
rprop_delta_max=50.000000
rprop_delta_zero=0.100000
cascade_output_stagnation_epochs=12
cascade_candidate_change_fraction=0.010000
cascade_candidate_stagnation_epochs=12
cascade_max_out_epochs=150
cascade_min_out_epochs=50
cascade_max_cand_epochs=150
cascade_min_cand_epochs=50
cascade_num_candidate_groups=2
bit_fail_limit=3.49999994039535522461e-01
cascade_candidate_limit=1.00000000000000000000e+03
cascade_weight_multiplier=4.00000005960464477539e-01
cascade_activation_functions_count=10
cascade_activation_functions=3 5 7 8 10 11 14 15 16 17 
cascade_activation_steepnesses_count=4
cascade_activation_steepnesses=2.50000000000000000000e-01 5.00000000000000000000e-01 7.50000000000000000000e-01 1.00000000000000000000e+00 
layer_sizes=10 5 2 
scale_included=0
neurons (num_inputs, activation_function, activation_steepness)=(0, 0, 0.00000000000000000000e+00) (0, 0, 0.00000000000000000000e+00) (0, 0, 0.00000000000000000000e+00) (0, 0, 0.00000000000000000000e+00) (0, 0, 0.00000000000000000000e+00) (0, 0, 0.00000000000000000000e+00) (0, 0, 0.00000000000000000000e+00) (0, 0, 0.00000000000000000000e+00) (0, 0, 0.00000000000000000000e+00) (0, 0, 0.00000000000000000000e+00) (10, 3, 5.00000000000000000000e-01) (10, 3, 5.00000000000000000000e-01) (10, 3, 5.00000000000000000000e-01) (10, 3, 5.00000000000000000000e-01) (0, 3, 0.00000000000000000000e+00) (5, 3, 5.00000000000000000000e-01) (0, 3, 0.00000000000000000000e+00) 
connections (connected_to_neuron, weight)=(0, -7.97729063034057617188e+00) (1, 1.97665810585021972656e+00) (2, -1.50000000000000000000e+03) (3, 7.10114538669586181641e-01) (4, 2.44481410980224609375e+01) (5, 1.02636291503906250000e+03) (6, -2.19077968597412109375e+01) (7, -3.91796207427978515625e+00) (8, 7.13153762817382812500e+01) (9, -7.79539942741394042969e-01) (0, -1.44289751052856445312e+01) (1, 7.54119157791137695312e+00) (2, -1.50000000000000000000e+03) (3, 6.28395736217498779297e-01) (4, 4.07750606536865234375e+00) (5, 1.04982287597656250000e+03) (6, 7.34734654426574707031e-01) (7, -7.25517094135284423828e-01) (8, 5.20944824218750000000e+01) (9, 1.69441193342208862305e-01) (0, 8.61060500144958496094e-01) (1, 1.05659141540527343750e+01) (2, 1.93388843536376953125e+01) (3, 1.15129649639129638672e+00) (4, 2.65046477317810058594e+00) (5, 1.14603910446166992188e+01) (6, -1.77239441871643066406e+00) (7, -1.73457944393157958984e+00) (8, -3.61170082092285156250e+01) (9, -3.06737875938415527344e+00) (0, -1.98667392730712890625e+01) (1, -1.88000793457031250000e+01) (2, -1.50000000000000000000e+03) (3, 4.08957767486572265625e+00) (4, 1.22158843994140625000e+02) (5, 1.18505895996093750000e+03) (6, -5.08611633300781250000e+02) (7, -1.48794750976562500000e+03) (8, 1.48977929687500000000e+03) (9, -1.49025630950927734375e+00) (10, 8.06508958339691162109e-01) (11, 6.76612079143524169922e-01) (12, 2.91358661651611328125e+00) (13, 1.45578837394714355469e+00) (14, -2.07048225402832031250e+00) 
