FANN_FLO_2.1
num_layers=3
learning_rate=0.400000
connection_rate=1.000000
network_type=0
learning_momentum=0.000000
training_algorithm=2
train_error_function=1
train_stop_function=0
cascade_output_change_fraction=0.010000
quickprop_decay=-0.000100
quickprop_mu=1.750000
rprop_increase_factor=1.200000
rprop_decrease_factor=0.500000
rprop_delta_min=0.000000
rprop_delta_max=50.000000
rprop_delta_zero=0.100000
cascade_output_stagnation_epochs=12
cascade_candidate_change_fraction=0.010000
cascade_candidate_stagnation_epochs=12
cascade_max_out_epochs=150
cascade_min_out_epochs=50
cascade_max_cand_epochs=150
cascade_min_cand_epochs=50
cascade_num_candidate_groups=2
bit_fail_limit=3.49999994039535522461e-01
cascade_candidate_limit=1.00000000000000000000e+03
cascade_weight_multiplier=4.00000005960464477539e-01
cascade_activation_functions_count=10
cascade_activation_functions=3 5 7 8 10 11 14 15 16 17 
cascade_activation_steepnesses_count=4
cascade_activation_steepnesses=2.50000000000000000000e-01 5.00000000000000000000e-01 7.50000000000000000000e-01 1.00000000000000000000e+00 
layer_sizes=7 9 2 
scale_included=0
neurons (num_inputs, activation_function, activation_steepness)=(0, 0, 0.00000000000000000000e+00) (0, 0, 0.00000000000000000000e+00) (0, 0, 0.00000000000000000000e+00) (0, 0, 0.00000000000000000000e+00) (0, 0, 0.00000000000000000000e+00) (0, 0, 0.00000000000000000000e+00) (0, 0, 0.00000000000000000000e+00) (7, 3, 5.00000000000000000000e-01) (7, 3, 5.00000000000000000000e-01) (7, 3, 5.00000000000000000000e-01) (7, 3, 5.00000000000000000000e-01) (7, 3, 5.00000000000000000000e-01) (7, 3, 5.00000000000000000000e-01) (7, 3, 5.00000000000000000000e-01) (7, 3, 5.00000000000000000000e-01) (0, 3, 0.00000000000000000000e+00) (9, 3, 5.00000000000000000000e-01) (0, 3, 0.00000000000000000000e+00) 
connections (connected_to_neuron, weight)=(0, -1.40637063980102539062e+00) (1, -5.47767914831638336182e-02) (2, 9.64089214801788330078e-01) (3, 1.28934431076049804688e+01) (4, -9.32280254364013671875e+00) (5, -2.64311599731445312500e+00) (6, -1.43461155891418457031e+00) (0, -1.38500814437866210938e+01) (1, 9.74401092529296875000e+00) (2, 9.19612169265747070312e-01) (3, -2.53864622116088867188e+00) (4, -1.05089461803436279297e+00) (5, 4.06215810775756835938e+00) (6, 1.91757297515869140625e+00) (0, -1.89996361732482910156e+00) (1, -7.03118860721588134766e-01) (2, -7.34352731704711914062e+00) (3, -2.37041640281677246094e+00) (4, 3.94024014472961425781e+00) (5, -1.50000000000000000000e+03) (6, -9.44129943847656250000e-01) (0, -6.29323148727416992188e+00) (1, 7.35554361343383789062e+00) (2, -3.52701902389526367188e+00) (3, -4.13492965698242187500e+00) (4, -1.90595102310180664062e+00) (5, -1.50000000000000000000e+03) (6, -4.25983756780624389648e-01) (0, -3.47415685653686523438e+00) (1, 1.95460307598114013672e+00) (2, -1.29642531275749206543e-01) (3, -2.12772980332374572754e-01) (4, 2.01328799128532409668e-01) (5, -1.50000000000000000000e+03) (6, 2.96643853187561035156e-01) (0, 9.22848522663116455078e-01) (1, -1.32074642181396484375e+00) (2, 1.75804576873779296875e+01) (3, -5.96715879440307617188e+00) (4, -3.51720695495605468750e+01) (5, -1.26781737804412841797e+00) (6, 1.48049402236938476562e+00) (0, -9.52312767505645751953e-01) (1, -3.10682773590087890625e-01) (2, 4.52269859313964843750e+01) (3, 6.02682542800903320312e+00) (4, 1.05805826187133789062e+01) (5, -6.12827157974243164062e+00) (6, -5.11636066436767578125e+00) (0, 1.32640695571899414062e+01) (1, -1.36745367050170898438e+01) (2, 1.48132479190826416016e+00) (3, -3.14795947074890136719e+00) (4, -7.29180753231048583984e-01) (5, 6.96598625183105468750e+00) (6, -6.96231651306152343750e+00) (7, -9.23077046871185302734e-01) (8, -1.95878481864929199219e+00) (9, -7.44017601013183593750e-01) (10, -9.13455009460449218750e+00) (11, -2.62788224220275878906e+00) (12, 3.77022933959960937500e+00) (13, -4.55449759960174560547e-01) (14, -7.78923988342285156250e+00) (15, 2.71243393421173095703e-01) 
