FANN_FLO_2.1
num_layers=3
learning_rate=0.400000
connection_rate=1.000000
network_type=0
learning_momentum=0.000000
training_algorithm=2
train_error_function=1
train_stop_function=0
cascade_output_change_fraction=0.010000
quickprop_decay=-0.000100
quickprop_mu=1.750000
rprop_increase_factor=1.200000
rprop_decrease_factor=0.500000
rprop_delta_min=0.000000
rprop_delta_max=50.000000
rprop_delta_zero=0.100000
cascade_output_stagnation_epochs=12
cascade_candidate_change_fraction=0.010000
cascade_candidate_stagnation_epochs=12
cascade_max_out_epochs=150
cascade_min_out_epochs=50
cascade_max_cand_epochs=150
cascade_min_cand_epochs=50
cascade_num_candidate_groups=2
bit_fail_limit=3.49999994039535522461e-01
cascade_candidate_limit=1.00000000000000000000e+03
cascade_weight_multiplier=4.00000005960464477539e-01
cascade_activation_functions_count=10
cascade_activation_functions=3 5 7 8 10 11 14 15 16 17 
cascade_activation_steepnesses_count=4
cascade_activation_steepnesses=2.50000000000000000000e-01 5.00000000000000000000e-01 7.50000000000000000000e-01 1.00000000000000000000e+00 
layer_sizes=7 5 2 
scale_included=0
neurons (num_inputs, activation_function, activation_steepness)=(0, 0, 0.00000000000000000000e+00) (0, 0, 0.00000000000000000000e+00) (0, 0, 0.00000000000000000000e+00) (0, 0, 0.00000000000000000000e+00) (0, 0, 0.00000000000000000000e+00) (0, 0, 0.00000000000000000000e+00) (0, 0, 0.00000000000000000000e+00) (7, 3, 5.00000000000000000000e-01) (7, 3, 5.00000000000000000000e-01) (7, 3, 5.00000000000000000000e-01) (7, 3, 5.00000000000000000000e-01) (0, 3, 0.00000000000000000000e+00) (5, 3, 5.00000000000000000000e-01) (0, 3, 0.00000000000000000000e+00) 
connections (connected_to_neuron, weight)=(0, 8.62114048004150390625e+00) (1, 1.49882435798645019531e+00) (2, 7.63279125094413757324e-02) (3, -1.14410533905029296875e+01) (4, 4.31064033508300781250e+00) (5, -1.42719674110412597656e+00) (6, 2.93729925155639648438e+00) (0, 4.75477123260498046875e+00) (1, -8.56512963771820068359e-01) (2, -1.54544734954833984375e+00) (3, 1.50348412990570068359e+00) (4, 2.88390088081359863281e+00) (5, 1.92135548591613769531e+00) (6, -3.39400935173034667969e+00) (0, -1.19700765609741210938e+00) (1, -4.18794345855712890625e+00) (2, -1.72596538066864013672e+00) (3, -9.75942194461822509766e-01) (4, 2.45064973831176757812e+00) (5, 4.41115236282348632812e+00) (6, -1.77942776679992675781e+00) (0, -4.26182270050048828125e-01) (1, 7.27553606033325195312e-01) (2, -3.91121125221252441406e+00) (3, -2.88305664062500000000e+00) (4, -5.66600751876831054688e+00) (5, 1.50575714111328125000e+01) (6, 2.03102517127990722656e+00) (7, -1.51138973236083984375e+00) (8, 2.07919454574584960938e+00) (9, 3.75749778747558593750e+00) (10, -2.06705474853515625000e+00) (11, 5.23730814456939697266e-02) 
