FANN_FLO_2.1
num_layers=3
learning_rate=0.400000
connection_rate=1.000000
network_type=0
learning_momentum=0.000000
training_algorithm=2
train_error_function=1
train_stop_function=0
cascade_output_change_fraction=0.010000
quickprop_decay=-0.000100
quickprop_mu=1.750000
rprop_increase_factor=1.200000
rprop_decrease_factor=0.500000
rprop_delta_min=0.000000
rprop_delta_max=50.000000
rprop_delta_zero=0.100000
cascade_output_stagnation_epochs=12
cascade_candidate_change_fraction=0.010000
cascade_candidate_stagnation_epochs=12
cascade_max_out_epochs=150
cascade_min_out_epochs=50
cascade_max_cand_epochs=150
cascade_min_cand_epochs=50
cascade_num_candidate_groups=2
bit_fail_limit=3.49999994039535522461e-01
cascade_candidate_limit=1.00000000000000000000e+03
cascade_weight_multiplier=4.00000005960464477539e-01
cascade_activation_functions_count=10
cascade_activation_functions=3 5 7 8 10 11 14 15 16 17 
cascade_activation_steepnesses_count=4
cascade_activation_steepnesses=2.50000000000000000000e-01 5.00000000000000000000e-01 7.50000000000000000000e-01 1.00000000000000000000e+00 
layer_sizes=7 5 2 
scale_included=0
neurons (num_inputs, activation_function, activation_steepness)=(0, 0, 0.00000000000000000000e+00) (0, 0, 0.00000000000000000000e+00) (0, 0, 0.00000000000000000000e+00) (0, 0, 0.00000000000000000000e+00) (0, 0, 0.00000000000000000000e+00) (0, 0, 0.00000000000000000000e+00) (0, 0, 0.00000000000000000000e+00) (7, 3, 5.00000000000000000000e-01) (7, 3, 5.00000000000000000000e-01) (7, 3, 5.00000000000000000000e-01) (7, 3, 5.00000000000000000000e-01) (0, 3, 0.00000000000000000000e+00) (5, 3, 5.00000000000000000000e-01) (0, 3, 0.00000000000000000000e+00) 
connections (connected_to_neuron, weight)=(0, -8.89602279663085937500e+00) (1, 7.30316066741943359375e+00) (2, -2.08359861373901367188e+00) (3, -1.49929046630859375000e+00) (4, -1.05454397201538085938e+00) (5, 4.40849542617797851562e+00) (6, 1.39779591560363769531e+00) (0, -2.23318052291870117188e+00) (1, 4.61236476898193359375e-01) (2, -3.08433556556701660156e+00) (3, -4.41678714752197265625e+00) (4, -1.51286542415618896484e+00) (5, 3.74529957771301269531e-01) (6, 3.91432523727416992188e+00) (0, 1.00895366668701171875e+01) (1, -1.18782901763916015625e+01) (2, 4.28991270065307617188e+00) (3, -3.11321592330932617188e+00) (4, -4.36196058988571166992e-01) (5, -7.82040739059448242188e+00) (6, 9.59243774414062500000e+00) (0, -1.84125792980194091797e+00) (1, -2.98190712928771972656e-01) (2, -1.87949264049530029297e+00) (3, -3.35170626640319824219e+00) (4, -1.20645999908447265625e+00) (5, 2.03135728836059570312e-01) (6, 8.00410628318786621094e-01) (7, -4.95803356170654296875e+00) (8, -1.51430535316467285156e+00) (9, -4.61992979049682617188e+00) (10, 5.22722005844116210938e+00) (11, 3.95523452758789062500e+00) 
