FANN_FLO_2.1
num_layers=4
learning_rate=0.400000
connection_rate=1.000000
network_type=0
learning_momentum=0.000000
training_algorithm=2
train_error_function=1
train_stop_function=0
cascade_output_change_fraction=0.010000
quickprop_decay=-0.000100
quickprop_mu=1.750000
rprop_increase_factor=1.200000
rprop_decrease_factor=0.500000
rprop_delta_min=0.000000
rprop_delta_max=50.000000
rprop_delta_zero=0.100000
cascade_output_stagnation_epochs=12
cascade_candidate_change_fraction=0.010000
cascade_candidate_stagnation_epochs=12
cascade_max_out_epochs=150
cascade_min_out_epochs=50
cascade_max_cand_epochs=150
cascade_min_cand_epochs=50
cascade_num_candidate_groups=2
bit_fail_limit=3.49999994039535522461e-01
cascade_candidate_limit=1.00000000000000000000e+03
cascade_weight_multiplier=4.00000005960464477539e-01
cascade_activation_functions_count=10
cascade_activation_functions=3 5 7 8 10 11 14 15 16 17 
cascade_activation_steepnesses_count=4
cascade_activation_steepnesses=2.50000000000000000000e-01 5.00000000000000000000e-01 7.50000000000000000000e-01 1.00000000000000000000e+00 
layer_sizes=7 5 3 2 
scale_included=0
neurons (num_inputs, activation_function, activation_steepness)=(0, 0, 0.00000000000000000000e+00) (0, 0, 0.00000000000000000000e+00) (0, 0, 0.00000000000000000000e+00) (0, 0, 0.00000000000000000000e+00) (0, 0, 0.00000000000000000000e+00) (0, 0, 0.00000000000000000000e+00) (0, 0, 0.00000000000000000000e+00) (7, 3, 5.00000000000000000000e-01) (7, 3, 5.00000000000000000000e-01) (7, 3, 5.00000000000000000000e-01) (7, 3, 5.00000000000000000000e-01) (0, 3, 0.00000000000000000000e+00) (5, 3, 5.00000000000000000000e-01) (5, 3, 5.00000000000000000000e-01) (0, 3, 0.00000000000000000000e+00) (3, 3, 5.00000000000000000000e-01) (0, 3, 0.00000000000000000000e+00) 
connections (connected_to_neuron, weight)=(0, -1.33554345703125000000e+03) (1, -7.74020629882812500000e+02) (2, -1.50000000000000000000e+03) (3, 8.72137207031250000000e+02) (4, -2.08221862792968750000e+02) (5, 1.48403601074218750000e+03) (6, 3.20617055892944335938e+00) (0, -7.60513305664062500000e+00) (1, 3.26920226216316223145e-02) (2, 5.10893297195434570312e+00) (3, -1.51102418899536132812e+01) (4, -3.13942098617553710938e+00) (5, -1.43336772918701171875e-01) (6, 8.99825191497802734375e+00) (0, -1.33000976562500000000e+03) (1, -7.34882324218750000000e+02) (2, -1.50000000000000000000e+03) (3, 1.50000000000000000000e+03) (4, -7.44571151733398437500e+01) (5, 1.49377551269531250000e+03) (6, 3.95479345321655273438e+00) (0, -1.33000976562500000000e+03) (1, -7.34882324218750000000e+02) (2, -1.50000000000000000000e+03) (3, 1.50000000000000000000e+03) (4, -7.44571151733398437500e+01) (5, 1.49377551269531250000e+03) (6, 3.95498800277709960938e+00) (7, 1.62296390533447265625e+00) (8, 1.50000000000000000000e+03) (9, -1.47813224792480468750e+00) (10, -1.47813224792480468750e+00) (11, -8.21184158325195312500e-01) (7, 8.55953335762023925781e-01) (8, 1.10748882293701171875e+01) (9, 4.68657046556472778320e-01) (10, 4.68657046556472778320e-01) (11, -6.34394824504852294922e-01) (12, -8.45231831073760986328e-01) (13, -2.33126592636108398438e+00) (14, -3.35140526294708251953e-01) 
