FANN_FLO_2.1
num_layers=4
learning_rate=0.500000
connection_rate=1.000000
network_type=0
learning_momentum=0.000000
training_algorithm=2
train_error_function=1
train_stop_function=0
cascade_output_change_fraction=0.010000
quickprop_decay=-0.000100
quickprop_mu=1.750000
rprop_increase_factor=1.200000
rprop_decrease_factor=0.500000
rprop_delta_min=0.000000
rprop_delta_max=50.000000
rprop_delta_zero=0.100000
cascade_output_stagnation_epochs=12
cascade_candidate_change_fraction=0.010000
cascade_candidate_stagnation_epochs=12
cascade_max_out_epochs=150
cascade_min_out_epochs=50
cascade_max_cand_epochs=150
cascade_min_cand_epochs=50
cascade_num_candidate_groups=2
bit_fail_limit=3.49999994039535522461e-01
cascade_candidate_limit=1.00000000000000000000e+03
cascade_weight_multiplier=4.00000005960464477539e-01
cascade_activation_functions_count=10
cascade_activation_functions=3 5 7 8 10 11 14 15 16 17 
cascade_activation_steepnesses_count=4
cascade_activation_steepnesses=2.50000000000000000000e-01 5.00000000000000000000e-01 7.50000000000000000000e-01 1.00000000000000000000e+00 
layer_sizes=10 5 3 2 
scale_included=0
neurons (num_inputs, activation_function, activation_steepness)=(0, 0, 0.00000000000000000000e+00) (0, 0, 0.00000000000000000000e+00) (0, 0, 0.00000000000000000000e+00) (0, 0, 0.00000000000000000000e+00) (0, 0, 0.00000000000000000000e+00) (0, 0, 0.00000000000000000000e+00) (0, 0, 0.00000000000000000000e+00) (0, 0, 0.00000000000000000000e+00) (0, 0, 0.00000000000000000000e+00) (0, 0, 0.00000000000000000000e+00) (10, 3, 5.00000000000000000000e-01) (10, 3, 5.00000000000000000000e-01) (10, 3, 5.00000000000000000000e-01) (10, 3, 5.00000000000000000000e-01) (0, 3, 0.00000000000000000000e+00) (5, 3, 5.00000000000000000000e-01) (5, 3, 5.00000000000000000000e-01) (0, 3, 0.00000000000000000000e+00) (3, 3, 5.00000000000000000000e-01) (0, 3, 0.00000000000000000000e+00) 
connections (connected_to_neuron, weight)=(0, 5.57652378082275390625e+00) (1, -9.69300651550292968750e+00) (2, 2.51284591674804687500e+02) (3, -1.65333300828933715820e-01) (4, -3.60529452562332153320e-01) (5, -1.96267768740653991699e-01) (6, -8.56814758300781250000e+02) (7, 1.58941388130187988281e+00) (8, 6.75659362792968750000e+02) (9, 4.82741851806640625000e+01) (0, 5.02818918228149414062e+00) (1, -1.92669277191162109375e+01) (2, 3.83386749267578125000e+02) (3, -7.81625330448150634766e-01) (4, -4.03870314359664916992e-01) (5, -9.64065670967102050781e-01) (6, -5.02824676513671875000e+02) (7, 4.79041242599487304688e+00) (8, 3.28647208213806152344e+00) (9, 3.08733997344970703125e+01) (0, -5.81284294128417968750e+01) (1, -7.44619140625000000000e+01) (2, -1.11165014648437500000e+03) (3, 1.19074659347534179688e+01) (4, 9.49677200317382812500e+01) (5, -7.56192398071289062500e+01) (6, -1.49999841308593750000e+03) (7, 4.32599601745605468750e+01) (8, 1.44734287261962890625e+01) (9, 1.50000000000000000000e+03) (0, 2.20965147018432617188e+00) (1, -2.22137470245361328125e+01) (2, -2.78097286224365234375e+01) (3, 1.51453237533569335938e+01) (4, -1.54072630405426025391e+00) (5, -1.52289400100708007812e+01) (6, 1.36057853698730468750e+01) (7, 4.61569633483886718750e+01) (8, 1.57091808319091796875e+01) (9, -2.78545355796813964844e+00) (10, -3.09459137916564941406e+00) (11, -1.24879658222198486328e+00) (12, -4.30206924676895141602e-01) (13, -4.37302589416503906250e+00) (14, 7.29349851608276367188e+00) (10, -1.50000000000000000000e+03) (11, -1.50000000000000000000e+03) (12, -1.48819677734375000000e+03) (13, -1.46767626953125000000e+03) (14, -2.64421844482421875000e+01) (15, 3.03012180328369140625e+00) (16, 1.50000000000000000000e+03) (17, -1.93370854854583740234e+00) 
