FANN_FLO_2.1
num_layers=3
learning_rate=0.400000
connection_rate=1.000000
network_type=0
learning_momentum=0.000000
training_algorithm=2
train_error_function=1
train_stop_function=0
cascade_output_change_fraction=0.010000
quickprop_decay=-0.000100
quickprop_mu=1.750000
rprop_increase_factor=1.200000
rprop_decrease_factor=0.500000
rprop_delta_min=0.000000
rprop_delta_max=50.000000
rprop_delta_zero=0.100000
cascade_output_stagnation_epochs=12
cascade_candidate_change_fraction=0.010000
cascade_candidate_stagnation_epochs=12
cascade_max_out_epochs=150
cascade_min_out_epochs=50
cascade_max_cand_epochs=150
cascade_min_cand_epochs=50
cascade_num_candidate_groups=2
bit_fail_limit=3.49999994039535522461e-01
cascade_candidate_limit=1.00000000000000000000e+03
cascade_weight_multiplier=4.00000005960464477539e-01
cascade_activation_functions_count=10
cascade_activation_functions=3 5 7 8 10 11 14 15 16 17 
cascade_activation_steepnesses_count=4
cascade_activation_steepnesses=2.50000000000000000000e-01 5.00000000000000000000e-01 7.50000000000000000000e-01 1.00000000000000000000e+00 
layer_sizes=19 3 3 
scale_included=0
neurons (num_inputs, activation_function, activation_steepness)=(0, 0, 0.00000000000000000000e+00) (0, 0, 0.00000000000000000000e+00) (0, 0, 0.00000000000000000000e+00) (0, 0, 0.00000000000000000000e+00) (0, 0, 0.00000000000000000000e+00) (0, 0, 0.00000000000000000000e+00) (0, 0, 0.00000000000000000000e+00) (0, 0, 0.00000000000000000000e+00) (0, 0, 0.00000000000000000000e+00) (0, 0, 0.00000000000000000000e+00) (0, 0, 0.00000000000000000000e+00) (0, 0, 0.00000000000000000000e+00) (0, 0, 0.00000000000000000000e+00) (0, 0, 0.00000000000000000000e+00) (0, 0, 0.00000000000000000000e+00) (0, 0, 0.00000000000000000000e+00) (0, 0, 0.00000000000000000000e+00) (0, 0, 0.00000000000000000000e+00) (0, 0, 0.00000000000000000000e+00) (19, 3, 5.00000000000000000000e-01) (19, 3, 5.00000000000000000000e-01) (0, 3, 0.00000000000000000000e+00) (3, 3, 5.00000000000000000000e-01) (3, 3, 5.00000000000000000000e-01) (0, 3, 0.00000000000000000000e+00) 
connections (connected_to_neuron, weight)=(0, 3.78808069229125976562e+00) (1, -8.07170391082763671875e-01) (2, 8.56983542442321777344e-01) (3, 3.93889832496643066406e+00) (4, -1.30067169666290283203e+00) (5, -2.42829680442810058594e-01) (6, 4.97863626480102539062e+00) (7, -5.54136157035827636719e-01) (8, -1.44124388694763183594e+00) (9, -4.81697797775268554688e+00) (10, 1.49931991100311279297e+00) (11, 4.41517972946166992188e+00) (12, -4.86693239212036132812e+00) (13, -3.17350816726684570312e+00) (14, 1.00313127040863037109e+00) (15, -3.19946980476379394531e+00) (16, -3.66608047485351562500e+00) (17, 1.27324092388153076172e+00) (18, -2.53462982177734375000e+00) (0, -6.31716012954711914062e+00) (1, 2.27966260910034179688e+00) (2, -2.46440863609313964844e+00) (3, -5.61758518218994140625e+00) (4, 2.72889971733093261719e+00) (5, 4.52791035175323486328e-01) (6, -8.38175106048583984375e+00) (7, 8.84676456451416015625e-01) (8, 1.53379619121551513672e+00) (9, 5.36442852020263671875e+00) (10, -5.26857662200927734375e+00) (11, -1.12388525009155273438e+01) (12, 8.76006889343261718750e+00) (13, 6.99740457534790039062e+00) (14, 2.14304074645042419434e-01) (15, 6.87789726257324218750e+00) (16, 9.71894931793212890625e+00) (17, 4.67345058917999267578e-01) (18, 1.15783476829528808594e+00) (19, -3.27693367004394531250e+00) (20, -2.22197508811950683594e+00) (21, 1.76138007640838623047e+00) (19, 3.28615140914916992188e+00) (20, 2.22773313522338867188e+00) (21, -1.76624000072479248047e+00) 
