FANN_FLO_2.1
num_layers=4
learning_rate=0.500000
connection_rate=1.000000
network_type=0
learning_momentum=0.000000
training_algorithm=2
train_error_function=1
train_stop_function=0
cascade_output_change_fraction=0.010000
quickprop_decay=-0.000100
quickprop_mu=1.750000
rprop_increase_factor=1.200000
rprop_decrease_factor=0.500000
rprop_delta_min=0.000000
rprop_delta_max=50.000000
rprop_delta_zero=0.100000
cascade_output_stagnation_epochs=12
cascade_candidate_change_fraction=0.010000
cascade_candidate_stagnation_epochs=12
cascade_max_out_epochs=150
cascade_min_out_epochs=50
cascade_max_cand_epochs=150
cascade_min_cand_epochs=50
cascade_num_candidate_groups=2
bit_fail_limit=3.49999994039535522461e-01
cascade_candidate_limit=1.00000000000000000000e+03
cascade_weight_multiplier=4.00000005960464477539e-01
cascade_activation_functions_count=10
cascade_activation_functions=3 5 7 8 10 11 14 15 16 17 
cascade_activation_steepnesses_count=4
cascade_activation_steepnesses=2.50000000000000000000e-01 5.00000000000000000000e-01 7.50000000000000000000e-01 1.00000000000000000000e+00 
layer_sizes=2 5 5 3 
scale_included=0
neurons (num_inputs, activation_function, activation_steepness)=(0, 0, 0.00000000000000000000e+00) (0, 0, 0.00000000000000000000e+00) (2, 3, 5.00000000000000000000e-01) (2, 3, 5.00000000000000000000e-01) (2, 3, 5.00000000000000000000e-01) (2, 3, 5.00000000000000000000e-01) (0, 3, 0.00000000000000000000e+00) (5, 3, 5.00000000000000000000e-01) (5, 3, 5.00000000000000000000e-01) (5, 3, 5.00000000000000000000e-01) (5, 3, 5.00000000000000000000e-01) (0, 3, 0.00000000000000000000e+00) (5, 0, 5.00000000000000000000e-01) (5, 0, 5.00000000000000000000e-01) (0, 0, 0.00000000000000000000e+00) 
connections (connected_to_neuron, weight)=(0, 1.71086597442626953125e+01) (1, -3.66534757614135742188e+00) (0, 1.23932647705078125000e+01) (1, -5.52144813537597656250e+00) (0, 1.88365707397460937500e+01) (1, -7.86650121212005615234e-01) (0, -3.58992266654968261719e+00) (1, -3.22295367717742919922e-01) (2, -3.38249707221984863281e+00) (3, 3.38239240646362304688e+00) (4, -1.32209599018096923828e+00) (5, 1.65535092353820800781e+00) (6, 8.39420080184936523438e-01) (2, 5.00869899988174438477e-02) (3, -9.22361946105957031250e+00) (4, 4.60557985305786132812e+00) (5, -2.99842309951782226562e+00) (6, 5.96209987998008728027e-02) (2, -9.54655170440673828125e-01) (3, -8.19809055328369140625e+00) (4, 1.00766706466674804688e+00) (5, 3.19182127714157104492e-01) (6, 7.81082361936569213867e-02) (2, -1.23886597156524658203e+00) (3, -4.48051595687866210938e+00) (4, -1.43218338489532470703e+00) (5, 1.12020978927612304688e+01) (6, 7.04041481018066406250e-01) (7, 2.71192717552185058594e+00) (8, -1.37595009803771972656e+00) (9, -9.05854880809783935547e-01) (10, -3.16861063241958618164e-01) (11, -3.76873314380645751953e-01) (7, 2.20952272415161132812e+00) (8, 5.75209081172943115234e-01) (9, 7.86502063274383544922e-02) (10, 2.59431338310241699219e+00) (11, -2.57515573501586914062e+00) 
