FANN_FLO_2.1
num_layers=4
learning_rate=0.500000
connection_rate=1.000000
network_type=0
learning_momentum=0.000000
training_algorithm=2
train_error_function=1
train_stop_function=0
cascade_output_change_fraction=0.010000
quickprop_decay=-0.000100
quickprop_mu=1.750000
rprop_increase_factor=1.200000
rprop_decrease_factor=0.500000
rprop_delta_min=0.000000
rprop_delta_max=50.000000
rprop_delta_zero=0.100000
cascade_output_stagnation_epochs=12
cascade_candidate_change_fraction=0.010000
cascade_candidate_stagnation_epochs=12
cascade_max_out_epochs=150
cascade_min_out_epochs=50
cascade_max_cand_epochs=150
cascade_min_cand_epochs=50
cascade_num_candidate_groups=2
bit_fail_limit=3.49999994039535522461e-01
cascade_candidate_limit=1.00000000000000000000e+03
cascade_weight_multiplier=4.00000005960464477539e-01
cascade_activation_functions_count=10
cascade_activation_functions=3 5 7 8 10 11 14 15 16 17 
cascade_activation_steepnesses_count=4
cascade_activation_steepnesses=2.50000000000000000000e-01 5.00000000000000000000e-01 7.50000000000000000000e-01 1.00000000000000000000e+00 
layer_sizes=10 5 3 2 
scale_included=0
neurons (num_inputs, activation_function, activation_steepness)=(0, 0, 0.00000000000000000000e+00) (0, 0, 0.00000000000000000000e+00) (0, 0, 0.00000000000000000000e+00) (0, 0, 0.00000000000000000000e+00) (0, 0, 0.00000000000000000000e+00) (0, 0, 0.00000000000000000000e+00) (0, 0, 0.00000000000000000000e+00) (0, 0, 0.00000000000000000000e+00) (0, 0, 0.00000000000000000000e+00) (0, 0, 0.00000000000000000000e+00) (10, 3, 5.00000000000000000000e-01) (10, 3, 5.00000000000000000000e-01) (10, 3, 5.00000000000000000000e-01) (10, 3, 5.00000000000000000000e-01) (0, 3, 0.00000000000000000000e+00) (5, 3, 5.00000000000000000000e-01) (5, 3, 5.00000000000000000000e-01) (0, 3, 0.00000000000000000000e+00) (3, 3, 5.00000000000000000000e-01) (0, 3, 0.00000000000000000000e+00) 
connections (connected_to_neuron, weight)=(0, -3.78817528486251831055e-01) (1, 2.23332732915878295898e-01) (2, 1.08351409435272216797e+00) (3, 2.11729994043707847595e-03) (4, 2.67443954944610595703e-01) (5, -4.45064365863800048828e-01) (6, -3.40563678741455078125e+00) (7, -1.21403999626636505127e-01) (8, -1.38589179515838623047e+00) (9, 1.31253242492675781250e+00) (0, -2.08714365959167480469e-01) (1, -1.21144048869609832764e-01) (2, -1.88844370841979980469e+00) (3, -2.10839605331420898438e+00) (4, 4.61811453104019165039e-01) (5, -1.69216144084930419922e+00) (6, -8.64596188068389892578e-01) (7, -9.08107340335845947266e-01) (8, -5.45978605747222900391e-01) (9, 3.38015103340148925781e+00) (0, 5.69957315921783447266e-01) (1, 5.23628890514373779297e-01) (2, -9.10062134265899658203e-01) (3, 4.03031110763549804688e-01) (4, 4.97940480709075927734e-01) (5, 6.87820136547088623047e-01) (6, 2.34077095985412597656e+00) (7, 7.86728113889694213867e-02) (8, 1.06326317787170410156e+00) (9, -2.01777052879333496094e+00) (0, 9.59105491638183593750e-01) (1, 2.32801017761230468750e+01) (2, -9.88705515861511230469e-01) (3, 1.43436491489410400391e-01) (4, 3.03955525159835815430e-01) (5, 8.23986709117889404297e-01) (6, -1.42273008823394775391e+00) (7, -6.22241544723510742188e+00) (8, -9.50612798333168029785e-02) (9, -2.65838742256164550781e+00) (10, 1.04565763473510742188e+01) (11, 1.85984458923339843750e+01) (12, -3.09095597267150878906e+00) (13, -5.48847293853759765625e+00) (14, -7.62024283409118652344e-01) (10, 6.85471391677856445312e+00) (11, 1.67950916290283203125e+01) (12, -2.58307456970214843750e+00) (13, -4.65442085266113281250e+00) (14, -9.61127430200576782227e-02) (15, 3.19671487808227539062e+00) (16, 5.04732131958007812500e-01) (17, -2.84112977981567382812e+00) 
