FANN_FLO_2.1
num_layers=4
learning_rate=0.400000
connection_rate=1.000000
network_type=0
learning_momentum=0.000000
training_algorithm=2
train_error_function=1
train_stop_function=0
cascade_output_change_fraction=0.010000
quickprop_decay=-0.000100
quickprop_mu=1.750000
rprop_increase_factor=1.200000
rprop_decrease_factor=0.500000
rprop_delta_min=0.000000
rprop_delta_max=50.000000
rprop_delta_zero=0.100000
cascade_output_stagnation_epochs=12
cascade_candidate_change_fraction=0.010000
cascade_candidate_stagnation_epochs=12
cascade_max_out_epochs=150
cascade_min_out_epochs=50
cascade_max_cand_epochs=150
cascade_min_cand_epochs=50
cascade_num_candidate_groups=2
bit_fail_limit=3.49999994039535522461e-01
cascade_candidate_limit=1.00000000000000000000e+03
cascade_weight_multiplier=4.00000005960464477539e-01
cascade_activation_functions_count=10
cascade_activation_functions=3 5 7 8 10 11 14 15 16 17 
cascade_activation_steepnesses_count=4
cascade_activation_steepnesses=2.50000000000000000000e-01 5.00000000000000000000e-01 7.50000000000000000000e-01 1.00000000000000000000e+00 
layer_sizes=7 5 5 2 
scale_included=0
neurons (num_inputs, activation_function, activation_steepness)=(0, 0, 0.00000000000000000000e+00) (0, 0, 0.00000000000000000000e+00) (0, 0, 0.00000000000000000000e+00) (0, 0, 0.00000000000000000000e+00) (0, 0, 0.00000000000000000000e+00) (0, 0, 0.00000000000000000000e+00) (0, 0, 0.00000000000000000000e+00) (7, 3, 5.00000000000000000000e-01) (7, 3, 5.00000000000000000000e-01) (7, 3, 5.00000000000000000000e-01) (7, 3, 5.00000000000000000000e-01) (0, 3, 0.00000000000000000000e+00) (5, 3, 5.00000000000000000000e-01) (5, 3, 5.00000000000000000000e-01) (5, 3, 5.00000000000000000000e-01) (5, 3, 5.00000000000000000000e-01) (0, 3, 0.00000000000000000000e+00) (5, 3, 5.00000000000000000000e-01) (0, 3, 0.00000000000000000000e+00) 
connections (connected_to_neuron, weight)=(0, -5.87435007095336914062e+00) (1, 2.90362143516540527344e+00) (2, 1.23879957199096679688e+00) (3, -5.11597681045532226562e+00) (4, -1.93092453479766845703e+00) (5, -6.22774600982666015625e+00) (6, 3.09597897529602050781e+00) (0, -3.51353168487548828125e+00) (1, -5.54767251014709472656e-01) (2, -9.31180763244628906250e+00) (3, -6.73278093338012695312e+00) (4, -6.46667480468750000000e-01) (5, 2.78680610656738281250e+00) (6, 4.35556268692016601562e+00) (0, 2.65882229804992675781e+00) (1, -7.90384960174560546875e+00) (2, 4.37796306610107421875e+00) (3, -9.67328357696533203125e+00) (4, -3.15549707412719726562e+00) (5, 3.95728588104248046875e+00) (6, 1.53247964382171630859e+00) (0, -3.46314072608947753906e+00) (1, -3.55165362358093261719e-01) (2, 1.45504486560821533203e+00) (3, -6.72595930099487304688e+00) (4, -2.20390367507934570312e+00) (5, -5.18819928169250488281e-01) (6, 4.31580686569213867188e+00) (7, 5.33911590576171875000e+01) (8, 2.24450912475585937500e+01) (9, -1.08483917236328125000e+02) (10, 1.94313125610351562500e+01) (11, -4.31455898284912109375e+00) (7, 1.61758079528808593750e+01) (8, 1.76648712158203125000e+00) (9, 1.14015922546386718750e+01) (10, -1.42154874801635742188e+01) (11, -1.12370443344116210938e+00) (7, 1.12252635955810546875e+01) (8, -4.53354626893997192383e-01) (9, 3.44726982116699218750e+01) (10, -1.05097360610961914062e+01) (11, -1.88930320739746093750e+00) (7, 2.22093925476074218750e+01) (8, 2.28451514244079589844e+00) (9, 7.22773132324218750000e+01) (10, -4.82501268386840820312e+00) (11, -4.02273988723754882812e+00) (12, -4.90492731332778930664e-01) (13, -5.01806974411010742188e+00) (14, -1.07450032234191894531e+00) (15, -9.50499832630157470703e-01) (16, 2.78186708688735961914e-01) 
