FANN_FLO_2.1
num_layers=4
learning_rate=0.500000
connection_rate=1.000000
network_type=0
learning_momentum=0.000000
training_algorithm=2
train_error_function=1
train_stop_function=0
cascade_output_change_fraction=0.010000
quickprop_decay=-0.000100
quickprop_mu=1.750000
rprop_increase_factor=1.200000
rprop_decrease_factor=0.500000
rprop_delta_min=0.000000
rprop_delta_max=50.000000
rprop_delta_zero=0.100000
cascade_output_stagnation_epochs=12
cascade_candidate_change_fraction=0.010000
cascade_candidate_stagnation_epochs=12
cascade_max_out_epochs=150
cascade_min_out_epochs=50
cascade_max_cand_epochs=150
cascade_min_cand_epochs=50
cascade_num_candidate_groups=2
bit_fail_limit=3.49999994039535522461e-01
cascade_candidate_limit=1.00000000000000000000e+03
cascade_weight_multiplier=4.00000005960464477539e-01
cascade_activation_functions_count=10
cascade_activation_functions=3 5 7 8 10 11 14 15 16 17 
cascade_activation_steepnesses_count=4
cascade_activation_steepnesses=2.50000000000000000000e-01 5.00000000000000000000e-01 7.50000000000000000000e-01 1.00000000000000000000e+00 
layer_sizes=2 5 3 3 
scale_included=0
neurons (num_inputs, activation_function, activation_steepness)=(0, 0, 0.00000000000000000000e+00) (0, 0, 0.00000000000000000000e+00) (2, 3, 5.00000000000000000000e-01) (2, 3, 5.00000000000000000000e-01) (2, 3, 5.00000000000000000000e-01) (2, 3, 5.00000000000000000000e-01) (0, 3, 0.00000000000000000000e+00) (5, 3, 5.00000000000000000000e-01) (5, 3, 5.00000000000000000000e-01) (0, 3, 0.00000000000000000000e+00) (3, 0, 5.00000000000000000000e-01) (3, 0, 5.00000000000000000000e-01) (0, 0, 0.00000000000000000000e+00) 
connections (connected_to_neuron, weight)=(0, 1.22235565185546875000e+01) (1, -6.27585840225219726562e+00) (0, 1.30299148559570312500e+01) (1, -2.30985236167907714844e+00) (0, 9.82189178466796875000e+00) (1, -4.88176393508911132812e+00) (0, 1.27528562545776367188e+01) (1, -3.11565542221069335938e+00) (2, -3.87436079978942871094e+00) (3, -1.54515242576599121094e+00) (4, -1.14085125923156738281e+00) (5, -1.32686817646026611328e+00) (6, 2.04514741897583007812e+00) (2, 4.72079277038574218750e-01) (3, 1.48378763198852539062e+01) (4, -3.85280299186706542969e+00) (5, -1.29072637557983398438e+01) (6, -1.00691568851470947266e+00) (7, 4.12075042724609375000e-01) (8, -3.61712527275085449219e+00) (9, 1.21492791175842285156e+00) (7, 4.99225425720214843750e+00) (8, -4.26619291305541992188e-01) (9, -2.09905242919921875000e+00) 
