FANN_FLO_2.1
num_layers=4
learning_rate=0.500000
connection_rate=1.000000
network_type=0
learning_momentum=0.000000
training_algorithm=2
train_error_function=1
train_stop_function=0
cascade_output_change_fraction=0.010000
quickprop_decay=-0.000100
quickprop_mu=1.750000
rprop_increase_factor=1.200000
rprop_decrease_factor=0.500000
rprop_delta_min=0.000000
rprop_delta_max=50.000000
rprop_delta_zero=0.100000
cascade_output_stagnation_epochs=12
cascade_candidate_change_fraction=0.010000
cascade_candidate_stagnation_epochs=12
cascade_max_out_epochs=150
cascade_min_out_epochs=50
cascade_max_cand_epochs=150
cascade_min_cand_epochs=50
cascade_num_candidate_groups=2
bit_fail_limit=3.49999994039535522461e-01
cascade_candidate_limit=1.00000000000000000000e+03
cascade_weight_multiplier=4.00000005960464477539e-01
cascade_activation_functions_count=10
cascade_activation_functions=3 5 7 8 10 11 14 15 16 17 
cascade_activation_steepnesses_count=4
cascade_activation_steepnesses=2.50000000000000000000e-01 5.00000000000000000000e-01 7.50000000000000000000e-01 1.00000000000000000000e+00 
layer_sizes=2 5 5 3 
scale_included=0
neurons (num_inputs, activation_function, activation_steepness)=(0, 0, 0.00000000000000000000e+00) (0, 0, 0.00000000000000000000e+00) (2, 3, 5.00000000000000000000e-01) (2, 3, 5.00000000000000000000e-01) (2, 3, 5.00000000000000000000e-01) (2, 3, 5.00000000000000000000e-01) (0, 3, 0.00000000000000000000e+00) (5, 3, 5.00000000000000000000e-01) (5, 3, 5.00000000000000000000e-01) (5, 3, 5.00000000000000000000e-01) (5, 3, 5.00000000000000000000e-01) (0, 3, 0.00000000000000000000e+00) (5, 0, 5.00000000000000000000e-01) (5, 0, 5.00000000000000000000e-01) (0, 0, 0.00000000000000000000e+00) 
connections (connected_to_neuron, weight)=(0, 6.55467300415039062500e+01) (1, -6.72311162948608398438e+00) (0, 3.78671302795410156250e+01) (1, -9.00614356994628906250e+00) (0, 6.64498519897460937500e+01) (1, -3.96440620422363281250e+01) (0, 7.38894592285156250000e+02) (1, 9.85777282714843750000e+02) (2, -1.27356787109375000000e+03) (3, 1.42855615234375000000e+03) (4, 1.50000000000000000000e+03) (5, -1.02697010040283203125e+01) (6, -7.29616975784301757812e+00) (2, 1.11288309097290039062e+01) (3, -1.50000000000000000000e+03) (4, -1.50000000000000000000e+03) (5, 4.88971405029296875000e+01) (6, 4.80764541625976562500e+01) (2, -1.50000000000000000000e+03) (3, -1.50000000000000000000e+03) (4, 1.50000000000000000000e+03) (5, 2.54805622100830078125e+01) (6, 7.75560150146484375000e+01) (2, 1.50000000000000000000e+03) (3, 1.50000000000000000000e+03) (4, -1.50000000000000000000e+03) (5, 2.29105346679687500000e+02) (6, 2.71229724884033203125e+01) (7, 9.35352146625518798828e-01) (8, 7.09910392761230468750e-01) (9, 1.19787991046905517578e+00) (10, -8.90414774417877197266e-01) (11, -1.08944141864776611328e+00) (7, -1.62403964996337890625e+00) (8, 1.44000971317291259766e+00) (9, 5.03614604473114013672e-01) (10, -6.06527447700500488281e-01) (11, 6.59452021121978759766e-01) 
