FANN_FLO_2.1
num_layers=4
learning_rate=0.500000
connection_rate=1.000000
network_type=0
learning_momentum=0.000000
training_algorithm=2
train_error_function=1
train_stop_function=0
cascade_output_change_fraction=0.010000
quickprop_decay=-0.000100
quickprop_mu=1.750000
rprop_increase_factor=1.200000
rprop_decrease_factor=0.500000
rprop_delta_min=0.000000
rprop_delta_max=50.000000
rprop_delta_zero=0.100000
cascade_output_stagnation_epochs=12
cascade_candidate_change_fraction=0.010000
cascade_candidate_stagnation_epochs=12
cascade_max_out_epochs=150
cascade_min_out_epochs=50
cascade_max_cand_epochs=150
cascade_min_cand_epochs=50
cascade_num_candidate_groups=2
bit_fail_limit=3.49999994039535522461e-01
cascade_candidate_limit=1.00000000000000000000e+03
cascade_weight_multiplier=4.00000005960464477539e-01
cascade_activation_functions_count=10
cascade_activation_functions=3 5 7 8 10 11 14 15 16 17 
cascade_activation_steepnesses_count=4
cascade_activation_steepnesses=2.50000000000000000000e-01 5.00000000000000000000e-01 7.50000000000000000000e-01 1.00000000000000000000e+00 
layer_sizes=2 5 5 3 
scale_included=0
neurons (num_inputs, activation_function, activation_steepness)=(0, 0, 0.00000000000000000000e+00) (0, 0, 0.00000000000000000000e+00) (2, 3, 5.00000000000000000000e-01) (2, 3, 5.00000000000000000000e-01) (2, 3, 5.00000000000000000000e-01) (2, 3, 5.00000000000000000000e-01) (0, 3, 0.00000000000000000000e+00) (5, 3, 5.00000000000000000000e-01) (5, 3, 5.00000000000000000000e-01) (5, 3, 5.00000000000000000000e-01) (5, 3, 5.00000000000000000000e-01) (0, 3, 0.00000000000000000000e+00) (5, 0, 5.00000000000000000000e-01) (5, 0, 5.00000000000000000000e-01) (0, 0, 0.00000000000000000000e+00) 
connections (connected_to_neuron, weight)=(0, -2.59901218414306640625e+01) (1, 6.30835485458374023438e+00) (0, -6.93469381332397460938e+00) (1, -1.99968075752258300781e+00) (0, -5.74882841110229492188e+00) (1, 6.24771654605865478516e-01) (0, -1.17867879867553710938e+01) (1, -1.05561172962188720703e+00) (2, -1.52793025970458984375e+00) (3, -1.74078702926635742188e+00) (4, -1.12711799144744873047e+00) (5, -1.25319252014160156250e+01) (6, 3.23229765892028808594e+00) (2, -4.68483734130859375000e+01) (3, 2.69209106445312500000e+02) (4, -1.95854740142822265625e+01) (5, 9.16589660644531250000e+01) (6, -5.88605523109436035156e-01) (2, 4.34209480285644531250e+01) (3, 5.48068054199218750000e+02) (4, -7.57415723800659179688e+00) (5, -3.72080749511718750000e+02) (6, -3.73704195022583007812e+00) (2, 3.97351622581481933594e+00) (3, -1.26399850845336914062e+00) (4, 4.41038799285888671875e+00) (5, -1.38317794799804687500e+01) (6, -2.62054133415222167969e+00) (7, -2.42387127876281738281e+00) (8, 5.77145767211914062500e+00) (9, -2.79917657375335693359e-01) (10, -5.76929569244384765625e-01) (11, 7.34751343727111816406e-01) (7, -2.40756607055664062500e+00) (8, -4.10977005958557128906e-01) (9, 8.97056758403778076172e-01) (10, 1.81787276268005371094e+00) (11, 1.54762282967567443848e-01) 
