FANN_FLO_2.1
num_layers=3
learning_rate=0.400000
connection_rate=1.000000
network_type=0
learning_momentum=0.000000
training_algorithm=2
train_error_function=1
train_stop_function=0
cascade_output_change_fraction=0.010000
quickprop_decay=-0.000100
quickprop_mu=1.750000
rprop_increase_factor=1.200000
rprop_decrease_factor=0.500000
rprop_delta_min=0.000000
rprop_delta_max=50.000000
rprop_delta_zero=0.100000
cascade_output_stagnation_epochs=12
cascade_candidate_change_fraction=0.010000
cascade_candidate_stagnation_epochs=12
cascade_max_out_epochs=150
cascade_min_out_epochs=50
cascade_max_cand_epochs=150
cascade_min_cand_epochs=50
cascade_num_candidate_groups=2
bit_fail_limit=3.49999994039535522461e-01
cascade_candidate_limit=1.00000000000000000000e+03
cascade_weight_multiplier=4.00000005960464477539e-01
cascade_activation_functions_count=10
cascade_activation_functions=3 5 7 8 10 11 14 15 16 17 
cascade_activation_steepnesses_count=4
cascade_activation_steepnesses=2.50000000000000000000e-01 5.00000000000000000000e-01 7.50000000000000000000e-01 1.00000000000000000000e+00 
layer_sizes=7 5 2 
scale_included=0
neurons (num_inputs, activation_function, activation_steepness)=(0, 0, 0.00000000000000000000e+00) (0, 0, 0.00000000000000000000e+00) (0, 0, 0.00000000000000000000e+00) (0, 0, 0.00000000000000000000e+00) (0, 0, 0.00000000000000000000e+00) (0, 0, 0.00000000000000000000e+00) (0, 0, 0.00000000000000000000e+00) (7, 3, 5.00000000000000000000e-01) (7, 3, 5.00000000000000000000e-01) (7, 3, 5.00000000000000000000e-01) (7, 3, 5.00000000000000000000e-01) (0, 3, 0.00000000000000000000e+00) (5, 3, 5.00000000000000000000e-01) (0, 3, 0.00000000000000000000e+00) 
connections (connected_to_neuron, weight)=(0, -5.50088310241699218750e+00) (1, -1.66677415370941162109e+00) (2, -7.90200196206569671631e-03) (3, 3.63517045974731445312e+00) (4, 2.42538928985595703125e+00) (5, 9.17845904827117919922e-01) (6, -3.47809600830078125000e+00) (0, -5.56710815429687500000e+00) (1, 8.98695230484008789062e-01) (2, -3.14112377166748046875e+00) (3, -1.33983767032623291016e+00) (4, 1.57473242282867431641e+00) (5, 1.44030666351318359375e+00) (6, 3.28491401672363281250e+00) (0, -8.65165442228317260742e-02) (1, 1.81975245475769042969e+00) (2, 1.81558394432067871094e+00) (3, -3.65467381477355957031e+00) (4, 1.55115785598754882812e+01) (5, -1.63668689727783203125e+01) (6, 6.10314750671386718750e+00) (0, 1.42576909065246582031e+00) (1, 2.03826236724853515625e+00) (2, 3.24595332145690917969e+00) (3, 1.41174554824829101562e+00) (4, -1.28414125442504882812e+01) (5, 2.27088427543640136719e+00) (6, 1.03168666362762451172e+00) (7, 4.77605676651000976562e+00) (8, -9.29369568824768066406e-01) (9, -1.83711373805999755859e+00) (10, -2.11015844345092773438e+00) (11, 2.05829095840454101562e+00) 
