FANN_FLO_2.1
num_layers=3
learning_rate=0.400000
connection_rate=1.000000
network_type=0
learning_momentum=0.000000
training_algorithm=2
train_error_function=1
train_stop_function=0
cascade_output_change_fraction=0.010000
quickprop_decay=-0.000100
quickprop_mu=1.750000
rprop_increase_factor=1.200000
rprop_decrease_factor=0.500000
rprop_delta_min=0.000000
rprop_delta_max=50.000000
rprop_delta_zero=0.100000
cascade_output_stagnation_epochs=12
cascade_candidate_change_fraction=0.010000
cascade_candidate_stagnation_epochs=12
cascade_max_out_epochs=150
cascade_min_out_epochs=50
cascade_max_cand_epochs=150
cascade_min_cand_epochs=50
cascade_num_candidate_groups=2
bit_fail_limit=3.49999994039535522461e-01
cascade_candidate_limit=1.00000000000000000000e+03
cascade_weight_multiplier=4.00000005960464477539e-01
cascade_activation_functions_count=10
cascade_activation_functions=3 5 7 8 10 11 14 15 16 17 
cascade_activation_steepnesses_count=4
cascade_activation_steepnesses=2.50000000000000000000e-01 5.00000000000000000000e-01 7.50000000000000000000e-01 1.00000000000000000000e+00 
layer_sizes=19 3 3 
scale_included=0
neurons (num_inputs, activation_function, activation_steepness)=(0, 0, 0.00000000000000000000e+00) (0, 0, 0.00000000000000000000e+00) (0, 0, 0.00000000000000000000e+00) (0, 0, 0.00000000000000000000e+00) (0, 0, 0.00000000000000000000e+00) (0, 0, 0.00000000000000000000e+00) (0, 0, 0.00000000000000000000e+00) (0, 0, 0.00000000000000000000e+00) (0, 0, 0.00000000000000000000e+00) (0, 0, 0.00000000000000000000e+00) (0, 0, 0.00000000000000000000e+00) (0, 0, 0.00000000000000000000e+00) (0, 0, 0.00000000000000000000e+00) (0, 0, 0.00000000000000000000e+00) (0, 0, 0.00000000000000000000e+00) (0, 0, 0.00000000000000000000e+00) (0, 0, 0.00000000000000000000e+00) (0, 0, 0.00000000000000000000e+00) (0, 0, 0.00000000000000000000e+00) (19, 3, 5.00000000000000000000e-01) (19, 3, 5.00000000000000000000e-01) (0, 3, 0.00000000000000000000e+00) (3, 3, 5.00000000000000000000e-01) (3, 3, 5.00000000000000000000e-01) (0, 3, 0.00000000000000000000e+00) 
connections (connected_to_neuron, weight)=(0, -1.91051709651947021484e+00) (1, -4.74945831298828125000e+00) (2, -9.33416068553924560547e-01) (3, -8.99562776088714599609e-01) (4, -3.61782765388488769531e+00) (5, -9.31369125843048095703e-01) (6, -1.22394785284996032715e-01) (7, -5.29297256469726562500e+00) (8, -1.94008588790893554688e-01) (9, -9.43596839904785156250e-01) (10, 2.90377187728881835938e+00) (11, 6.98553681373596191406e-01) (12, -1.80371999740600585938e-01) (13, 5.54143333435058593750e+00) (14, 8.63157927989959716797e-01) (15, -4.27951526641845703125e+00) (16, 4.27249050140380859375e+00) (17, -4.14197444915771484375e-02) (18, 6.41107976436614990234e-01) (0, 8.23913669586181640625e+00) (1, 1.04263448715209960938e+01) (2, -1.54685735702514648438e+00) (3, 5.26201581954956054688e+00) (4, 7.11038947105407714844e-01) (5, 6.23383331298828125000e+00) (6, -7.04850625991821289062e+00) (7, 1.06472978591918945312e+01) (8, -1.10788226127624511719e+00) (9, -4.83766198158264160156e-01) (10, 9.39236640930175781250e-01) (11, -3.54555177688598632812e+00) (12, -7.58747577667236328125e+00) (13, -1.54264650344848632812e+01) (14, 2.60868000984191894531e+00) (15, 1.68986854553222656250e+01) (16, -1.10978889465332031250e+01) (17, 2.21864962577819824219e+00) (18, -1.25309693813323974609e+00) (19, -2.27917098999023437500e+00) (20, -1.23995602130889892578e+00) (21, 7.63080537319183349609e-01) (19, 2.28013348579406738281e+00) (20, 1.24020254611968994141e+00) (21, -7.63647317886352539062e-01) 
