FANN_FLO_2.1
num_layers=3
learning_rate=0.400000
connection_rate=1.000000
network_type=0
learning_momentum=0.000000
training_algorithm=2
train_error_function=1
train_stop_function=0
cascade_output_change_fraction=0.010000
quickprop_decay=-0.000100
quickprop_mu=1.750000
rprop_increase_factor=1.200000
rprop_decrease_factor=0.500000
rprop_delta_min=0.000000
rprop_delta_max=50.000000
rprop_delta_zero=0.100000
cascade_output_stagnation_epochs=12
cascade_candidate_change_fraction=0.010000
cascade_candidate_stagnation_epochs=12
cascade_max_out_epochs=150
cascade_min_out_epochs=50
cascade_max_cand_epochs=150
cascade_min_cand_epochs=50
cascade_num_candidate_groups=2
bit_fail_limit=3.49999994039535522461e-01
cascade_candidate_limit=1.00000000000000000000e+03
cascade_weight_multiplier=4.00000005960464477539e-01
cascade_activation_functions_count=10
cascade_activation_functions=3 5 7 8 10 11 14 15 16 17 
cascade_activation_steepnesses_count=4
cascade_activation_steepnesses=2.50000000000000000000e-01 5.00000000000000000000e-01 7.50000000000000000000e-01 1.00000000000000000000e+00 
layer_sizes=19 3 3 
scale_included=0
neurons (num_inputs, activation_function, activation_steepness)=(0, 0, 0.00000000000000000000e+00) (0, 0, 0.00000000000000000000e+00) (0, 0, 0.00000000000000000000e+00) (0, 0, 0.00000000000000000000e+00) (0, 0, 0.00000000000000000000e+00) (0, 0, 0.00000000000000000000e+00) (0, 0, 0.00000000000000000000e+00) (0, 0, 0.00000000000000000000e+00) (0, 0, 0.00000000000000000000e+00) (0, 0, 0.00000000000000000000e+00) (0, 0, 0.00000000000000000000e+00) (0, 0, 0.00000000000000000000e+00) (0, 0, 0.00000000000000000000e+00) (0, 0, 0.00000000000000000000e+00) (0, 0, 0.00000000000000000000e+00) (0, 0, 0.00000000000000000000e+00) (0, 0, 0.00000000000000000000e+00) (0, 0, 0.00000000000000000000e+00) (0, 0, 0.00000000000000000000e+00) (19, 3, 5.00000000000000000000e-01) (19, 3, 5.00000000000000000000e-01) (0, 3, 0.00000000000000000000e+00) (3, 3, 5.00000000000000000000e-01) (3, 3, 5.00000000000000000000e-01) (0, 3, 0.00000000000000000000e+00) 
connections (connected_to_neuron, weight)=(0, 2.31470832824707031250e+01) (1, -7.39169597625732421875e+00) (2, -4.06952476501464843750e+00) (3, 1.68719887733459472656e+00) (4, 3.11652123928070068359e-01) (5, -5.11012601852416992188e+00) (6, 4.71756076812744140625e+00) (7, 9.64871704578399658203e-01) (8, 1.15728330612182617188e+00) (9, -1.05456905364990234375e+01) (10, -5.29452562332153320312e+00) (11, -1.28626275062561035156e+00) (12, -4.84324836730957031250e+00) (13, -6.90897405147552490234e-01) (14, 7.71809875965118408203e-01) (15, -9.98105430603027343750e+00) (16, 1.35622854232788085938e+01) (17, 7.25109767913818359375e+00) (18, 3.17820692062377929688e+00) (0, -8.68390941619873046875e+00) (1, 1.26312470436096191406e+00) (2, 1.72587811946868896484e+00) (3, -5.50527858734130859375e+00) (4, -6.41142949461936950684e-02) (5, 2.82355952262878417969e+00) (6, -3.77052879333496093750e+00) (7, 1.19604837894439697266e+00) (8, 1.42160224914550781250e+00) (9, 4.93378353118896484375e+00) (10, 2.63313865661621093750e+00) (11, -6.09510898590087890625e-01) (12, 5.10328388214111328125e+00) (13, 8.56950223445892333984e-01) (14, -2.52658486366271972656e+00) (15, 4.42664909362792968750e+00) (16, -3.30674743652343750000e+00) (17, -2.61539101600646972656e+00) (18, -4.10921716690063476562e+00) (19, -1.37700080871582031250e+00) (20, -2.07724976539611816406e+00) (21, 7.64499366283416748047e-01) (19, 1.37571454048156738281e+00) (20, 2.07611823081970214844e+00) (21, -7.63607919216156005859e-01) 
