FANN_FLO_2.1
num_layers=4
learning_rate=0.500000
connection_rate=1.000000
network_type=0
learning_momentum=0.000000
training_algorithm=2
train_error_function=1
train_stop_function=0
cascade_output_change_fraction=0.010000
quickprop_decay=-0.000100
quickprop_mu=1.750000
rprop_increase_factor=1.200000
rprop_decrease_factor=0.500000
rprop_delta_min=0.000000
rprop_delta_max=50.000000
rprop_delta_zero=0.100000
cascade_output_stagnation_epochs=12
cascade_candidate_change_fraction=0.010000
cascade_candidate_stagnation_epochs=12
cascade_max_out_epochs=150
cascade_min_out_epochs=50
cascade_max_cand_epochs=150
cascade_min_cand_epochs=50
cascade_num_candidate_groups=2
bit_fail_limit=3.49999994039535522461e-01
cascade_candidate_limit=1.00000000000000000000e+03
cascade_weight_multiplier=4.00000005960464477539e-01
cascade_activation_functions_count=10
cascade_activation_functions=3 5 7 8 10 11 14 15 16 17 
cascade_activation_steepnesses_count=4
cascade_activation_steepnesses=2.50000000000000000000e-01 5.00000000000000000000e-01 7.50000000000000000000e-01 1.00000000000000000000e+00 
layer_sizes=2 5 5 3 
scale_included=0
neurons (num_inputs, activation_function, activation_steepness)=(0, 0, 0.00000000000000000000e+00) (0, 0, 0.00000000000000000000e+00) (2, 3, 5.00000000000000000000e-01) (2, 3, 5.00000000000000000000e-01) (2, 3, 5.00000000000000000000e-01) (2, 3, 5.00000000000000000000e-01) (0, 3, 0.00000000000000000000e+00) (5, 3, 5.00000000000000000000e-01) (5, 3, 5.00000000000000000000e-01) (5, 3, 5.00000000000000000000e-01) (5, 3, 5.00000000000000000000e-01) (0, 3, 0.00000000000000000000e+00) (5, 0, 5.00000000000000000000e-01) (5, 0, 5.00000000000000000000e-01) (0, 0, 0.00000000000000000000e+00) 
connections (connected_to_neuron, weight)=(0, -1.50000000000000000000e+03) (1, 4.79967308044433593750e+00) (0, -1.50000000000000000000e+03) (1, 1.19783735275268554688e+00) (0, -1.50000000000000000000e+03) (1, 1.39469575881958007812e+00) (0, -1.50000000000000000000e+03) (1, 1.33803212642669677734e+00) (2, -2.36153030395507812500e+01) (3, -4.09032630920410156250e+00) (4, 4.98612937927246093750e+01) (5, -2.24746856689453125000e+01) (6, 1.49848604202270507812e+00) (2, -7.23481597900390625000e+01) (3, 2.14608993530273437500e+01) (4, 2.93338328599929809570e-01) (5, 6.74944534301757812500e+01) (6, -3.65989744663238525391e-01) (2, 1.50000000000000000000e+03) (3, 1.50000000000000000000e+03) (4, 1.50000000000000000000e+03) (5, 1.50000000000000000000e+03) (6, 1.83504924178123474121e-01) (2, 1.39438791275024414062e+01) (3, 5.09166793823242187500e+01) (4, 1.18739379882812500000e+02) (5, -4.21342376708984375000e+02) (6, 1.38984274864196777344e+00) (7, -2.13505649566650390625e+00) (8, 1.10941064357757568359e+00) (9, 1.36294201016426086426e-01) (10, 1.41535596922039985657e-02) (11, -1.66572690010070800781e-01) (7, -4.95531201362609863281e-01) (8, -3.42956113815307617188e+00) (9, 1.47498023509979248047e+00) (10, 1.47116268053650856018e-02) (11, 9.82920467853546142578e-01) 
