FANN_FLO_2.1
num_layers=3
learning_rate=0.400000
connection_rate=1.000000
network_type=0
learning_momentum=0.000000
training_algorithm=2
train_error_function=1
train_stop_function=0
cascade_output_change_fraction=0.010000
quickprop_decay=-0.000100
quickprop_mu=1.750000
rprop_increase_factor=1.200000
rprop_decrease_factor=0.500000
rprop_delta_min=0.000000
rprop_delta_max=50.000000
rprop_delta_zero=0.100000
cascade_output_stagnation_epochs=12
cascade_candidate_change_fraction=0.010000
cascade_candidate_stagnation_epochs=12
cascade_max_out_epochs=150
cascade_min_out_epochs=50
cascade_max_cand_epochs=150
cascade_min_cand_epochs=50
cascade_num_candidate_groups=2
bit_fail_limit=3.49999994039535522461e-01
cascade_candidate_limit=1.00000000000000000000e+03
cascade_weight_multiplier=4.00000005960464477539e-01
cascade_activation_functions_count=10
cascade_activation_functions=3 5 7 8 10 11 14 15 16 17 
cascade_activation_steepnesses_count=4
cascade_activation_steepnesses=2.50000000000000000000e-01 5.00000000000000000000e-01 7.50000000000000000000e-01 1.00000000000000000000e+00 
layer_sizes=7 9 2 
scale_included=0
neurons (num_inputs, activation_function, activation_steepness)=(0, 0, 0.00000000000000000000e+00) (0, 0, 0.00000000000000000000e+00) (0, 0, 0.00000000000000000000e+00) (0, 0, 0.00000000000000000000e+00) (0, 0, 0.00000000000000000000e+00) (0, 0, 0.00000000000000000000e+00) (0, 0, 0.00000000000000000000e+00) (7, 3, 5.00000000000000000000e-01) (7, 3, 5.00000000000000000000e-01) (7, 3, 5.00000000000000000000e-01) (7, 3, 5.00000000000000000000e-01) (7, 3, 5.00000000000000000000e-01) (7, 3, 5.00000000000000000000e-01) (7, 3, 5.00000000000000000000e-01) (7, 3, 5.00000000000000000000e-01) (0, 3, 0.00000000000000000000e+00) (9, 3, 5.00000000000000000000e-01) (0, 3, 0.00000000000000000000e+00) 
connections (connected_to_neuron, weight)=(0, -1.94343495368957519531e+00) (1, -4.36334705352783203125e+00) (2, 2.55544137954711914062e+00) (3, -6.25667572021484375000e+00) (4, -3.15178775787353515625e+00) (5, 5.61363577842712402344e-01) (6, 9.00350379943847656250e+00) (0, 8.17043423652648925781e-01) (1, -9.06936228275299072266e-01) (2, 1.41575443744659423828e+00) (3, -2.20397067070007324219e+00) (4, -1.21733689308166503906e+00) (5, -1.13158948719501495361e-01) (6, 4.79340672492980957031e-01) (0, 1.80949363708496093750e+01) (1, -1.96028461456298828125e+01) (2, 9.41839218139648437500e+00) (3, -4.30636405944824218750e+00) (4, -3.67606788873672485352e-01) (5, -5.78806829452514648438e+00) (6, 7.31735086441040039062e+00) (0, -2.11892113089561462402e-01) (1, -1.04926633834838867188e+00) (2, 2.14338636398315429688e+00) (3, -2.94356012344360351562e+00) (4, -2.43317246437072753906e-01) (5, -3.56328010559082031250e-01) (6, 6.27324938774108886719e-01) (0, -3.04505050182342529297e-01) (1, -8.34148216247558593750e+00) (2, 5.12259559631347656250e+01) (3, -1.05981168746948242188e+01) (4, 8.84906005859375000000e+00) (5, -8.87037754058837890625e-01) (6, 1.46377041935920715332e-01) (0, -1.68069988489151000977e-01) (1, -6.54170930385589599609e-01) (2, -7.35780811309814453125e+00) (3, -1.50279207229614257812e+01) (4, 5.79656076431274414062e+00) (5, 3.66151899099349975586e-01) (6, -7.83364713191986083984e-01) (0, -2.67501562833786010742e-01) (1, -9.82730805873870849609e-01) (2, 3.90942835807800292969e+00) (3, -2.78034257888793945312e+00) (4, 4.57461506128311157227e-01) (5, -6.50925934314727783203e-01) (6, 7.27266907691955566406e-01) (0, -2.54317607879638671875e+01) (1, 2.24589633941650390625e+01) (2, -8.30527591705322265625e+00) (3, -5.19693136215209960938e+00) (4, -1.64586496353149414062e+00) (5, 6.10766029357910156250e+00) (6, 4.13448858261108398438e+00) (7, -1.22115981578826904297e+00) (8, -3.76622974872589111328e-01) (9, -3.27272629737854003906e+00) (10, 1.30374586582183837891e+00) (11, -4.03132408857345581055e-01) (12, -8.06499302387237548828e-01) (13, 3.05955362319946289062e+00) (14, -2.88295555114746093750e+00) (15, 1.32873201370239257812e+00) 
