FANN_FLO_2.1
num_layers=3
learning_rate=0.400000
connection_rate=1.000000
network_type=0
learning_momentum=0.000000
training_algorithm=2
train_error_function=1
train_stop_function=0
cascade_output_change_fraction=0.010000
quickprop_decay=-0.000100
quickprop_mu=1.750000
rprop_increase_factor=1.200000
rprop_decrease_factor=0.500000
rprop_delta_min=0.000000
rprop_delta_max=50.000000
rprop_delta_zero=0.100000
cascade_output_stagnation_epochs=12
cascade_candidate_change_fraction=0.010000
cascade_candidate_stagnation_epochs=12
cascade_max_out_epochs=150
cascade_min_out_epochs=50
cascade_max_cand_epochs=150
cascade_min_cand_epochs=50
cascade_num_candidate_groups=2
bit_fail_limit=3.49999994039535522461e-01
cascade_candidate_limit=1.00000000000000000000e+03
cascade_weight_multiplier=4.00000005960464477539e-01
cascade_activation_functions_count=10
cascade_activation_functions=3 5 7 8 10 11 14 15 16 17 
cascade_activation_steepnesses_count=4
cascade_activation_steepnesses=2.50000000000000000000e-01 5.00000000000000000000e-01 7.50000000000000000000e-01 1.00000000000000000000e+00 
layer_sizes=7 5 2 
scale_included=0
neurons (num_inputs, activation_function, activation_steepness)=(0, 0, 0.00000000000000000000e+00) (0, 0, 0.00000000000000000000e+00) (0, 0, 0.00000000000000000000e+00) (0, 0, 0.00000000000000000000e+00) (0, 0, 0.00000000000000000000e+00) (0, 0, 0.00000000000000000000e+00) (0, 0, 0.00000000000000000000e+00) (7, 3, 5.00000000000000000000e-01) (7, 3, 5.00000000000000000000e-01) (7, 3, 5.00000000000000000000e-01) (7, 3, 5.00000000000000000000e-01) (0, 3, 0.00000000000000000000e+00) (5, 3, 5.00000000000000000000e-01) (0, 3, 0.00000000000000000000e+00) 
connections (connected_to_neuron, weight)=(0, 1.60473537445068359375e+00) (1, 4.80874806642532348633e-01) (2, 1.42198623657226562500e+02) (3, 1.06114044189453125000e+01) (4, -4.60461692810058593750e+01) (5, -6.58463716506958007812e+00) (6, 7.10401117801666259766e-01) (0, -5.30462503433227539062e+00) (1, 4.00735169649124145508e-01) (2, -1.66776065826416015625e+01) (3, -8.76673603057861328125e+00) (4, 2.17901598662137985229e-02) (5, 2.11085009574890136719e+00) (6, 8.19143390655517578125e+00) (0, 9.26686191558837890625e+00) (1, -1.02143087387084960938e+01) (2, 4.60709667205810546875e+00) (3, -2.45870876312255859375e+00) (4, -2.88345545530319213867e-01) (5, -3.62913680076599121094e+00) (6, 4.85328006744384765625e+00) (0, -1.44854564666748046875e+01) (1, 1.30995817184448242188e+01) (2, -2.32921457290649414062e+00) (3, -1.30232608318328857422e+00) (4, -1.25310826301574707031e+00) (5, 4.83603906631469726562e+00) (6, 1.41869044303894042969e+00) (7, -6.47058367729187011719e-01) (8, -8.32497119903564453125e-01) (9, -3.38134098052978515625e+00) (10, -2.90796780586242675781e+00) (11, 2.32212257385253906250e+00) 
