FANN_FLO_2.1
num_layers=4
learning_rate=0.400000
connection_rate=1.000000
network_type=0
learning_momentum=0.000000
training_algorithm=2
train_error_function=1
train_stop_function=0
cascade_output_change_fraction=0.010000
quickprop_decay=-0.000100
quickprop_mu=1.750000
rprop_increase_factor=1.200000
rprop_decrease_factor=0.500000
rprop_delta_min=0.000000
rprop_delta_max=50.000000
rprop_delta_zero=0.100000
cascade_output_stagnation_epochs=12
cascade_candidate_change_fraction=0.010000
cascade_candidate_stagnation_epochs=12
cascade_max_out_epochs=150
cascade_min_out_epochs=50
cascade_max_cand_epochs=150
cascade_min_cand_epochs=50
cascade_num_candidate_groups=2
bit_fail_limit=3.49999994039535522461e-01
cascade_candidate_limit=1.00000000000000000000e+03
cascade_weight_multiplier=4.00000005960464477539e-01
cascade_activation_functions_count=10
cascade_activation_functions=3 5 7 8 10 11 14 15 16 17 
cascade_activation_steepnesses_count=4
cascade_activation_steepnesses=2.50000000000000000000e-01 5.00000000000000000000e-01 7.50000000000000000000e-01 1.00000000000000000000e+00 
layer_sizes=7 5 3 2 
scale_included=0
neurons (num_inputs, activation_function, activation_steepness)=(0, 0, 0.00000000000000000000e+00) (0, 0, 0.00000000000000000000e+00) (0, 0, 0.00000000000000000000e+00) (0, 0, 0.00000000000000000000e+00) (0, 0, 0.00000000000000000000e+00) (0, 0, 0.00000000000000000000e+00) (0, 0, 0.00000000000000000000e+00) (7, 3, 5.00000000000000000000e-01) (7, 3, 5.00000000000000000000e-01) (7, 3, 5.00000000000000000000e-01) (7, 3, 5.00000000000000000000e-01) (0, 3, 0.00000000000000000000e+00) (5, 3, 5.00000000000000000000e-01) (5, 3, 5.00000000000000000000e-01) (0, 3, 0.00000000000000000000e+00) (3, 3, 5.00000000000000000000e-01) (0, 3, 0.00000000000000000000e+00) 
connections (connected_to_neuron, weight)=(0, 6.02277088165283203125e+00) (1, -6.67002964019775390625e+00) (2, 3.75707507133483886719e+00) (3, -1.73318707942962646484e+00) (4, -2.77416497468948364258e-01) (5, 3.99061250686645507812e+00) (6, -4.32066440582275390625e+00) (0, 2.80644321441650390625e+00) (1, -7.53836059570312500000e+02) (2, -1.50000000000000000000e+03) (3, -1.50000000000000000000e+03) (4, -1.50000000000000000000e+03) (5, -7.07952270507812500000e+02) (6, -9.82238483428955078125e+00) (0, -1.16413230895996093750e+01) (1, 4.52000713348388671875e+00) (2, 2.67026472091674804688e+00) (3, 9.09816250205039978027e-02) (4, 7.26675391197204589844e-01) (5, -4.32437072753906250000e+02) (6, 1.00245773792266845703e+00) (0, -8.57257747650146484375e+00) (1, 9.41775035858154296875e+00) (2, -9.23671662807464599609e-01) (3, -2.55370903015136718750e+00) (4, -1.99704170227050781250e+00) (5, -5.87470102310180664062e+00) (6, 5.06895482540130615234e-01) (7, 8.13060951232910156250e+00) (8, 1.50000000000000000000e+03) (9, 4.31185960769653320312e+00) (10, 3.38676619529724121094e+00) (11, -3.06953549385070800781e+00) (7, 6.61986970901489257812e+00) (8, 1.50000000000000000000e+03) (9, 2.34728980064392089844e+00) (10, 2.90587496757507324219e+00) (11, -2.50441241264343261719e+00) (12, -4.14973115921020507812e+00) (13, -5.34659147262573242188e+00) (14, -7.23526537418365478516e-01) 
