FANN_FLO_2.1
num_layers=4
learning_rate=0.500000
connection_rate=1.000000
network_type=0
learning_momentum=0.000000
training_algorithm=2
train_error_function=1
train_stop_function=0
cascade_output_change_fraction=0.010000
quickprop_decay=-0.000100
quickprop_mu=1.750000
rprop_increase_factor=1.200000
rprop_decrease_factor=0.500000
rprop_delta_min=0.000000
rprop_delta_max=50.000000
rprop_delta_zero=0.100000
cascade_output_stagnation_epochs=12
cascade_candidate_change_fraction=0.010000
cascade_candidate_stagnation_epochs=12
cascade_max_out_epochs=150
cascade_min_out_epochs=50
cascade_max_cand_epochs=150
cascade_min_cand_epochs=50
cascade_num_candidate_groups=2
bit_fail_limit=3.49999994039535522461e-01
cascade_candidate_limit=1.00000000000000000000e+03
cascade_weight_multiplier=4.00000005960464477539e-01
cascade_activation_functions_count=10
cascade_activation_functions=3 5 7 8 10 11 14 15 16 17 
cascade_activation_steepnesses_count=4
cascade_activation_steepnesses=2.50000000000000000000e-01 5.00000000000000000000e-01 7.50000000000000000000e-01 1.00000000000000000000e+00 
layer_sizes=2 5 3 3 
scale_included=0
neurons (num_inputs, activation_function, activation_steepness)=(0, 0, 0.00000000000000000000e+00) (0, 0, 0.00000000000000000000e+00) (2, 3, 5.00000000000000000000e-01) (2, 3, 5.00000000000000000000e-01) (2, 3, 5.00000000000000000000e-01) (2, 3, 5.00000000000000000000e-01) (0, 3, 0.00000000000000000000e+00) (5, 3, 5.00000000000000000000e-01) (5, 3, 5.00000000000000000000e-01) (0, 3, 0.00000000000000000000e+00) (3, 0, 5.00000000000000000000e-01) (3, 0, 5.00000000000000000000e-01) (0, 0, 0.00000000000000000000e+00) 
connections (connected_to_neuron, weight)=(0, -1.12008724212646484375e+01) (1, 1.19708704948425292969e+00) (0, -5.94203996658325195312e+00) (1, 1.01119339466094970703e+00) (0, -8.74452781677246093750e+00) (1, 1.93094885349273681641e+00) (0, -8.73718833923339843750e+00) (1, 1.94100749492645263672e+00) (2, -2.43499159812927246094e+00) (3, -7.91923344135284423828e-01) (4, -6.47726178169250488281e-01) (5, -6.53159677982330322266e-01) (6, 1.40221357345581054688e+00) (2, -1.49289236068725585938e+01) (3, 1.20072937011718750000e+01) (4, 3.28380942344665527344e+00) (5, 3.27275252342224121094e+00) (6, -2.91739964485168457031e+00) (7, -1.81538772583007812500e+00) (8, -3.46936893463134765625e+00) (9, 2.02241158485412597656e+00) (7, -5.74987268447875976562e+00) (8, 1.24792718887329101562e+00) (9, 1.89300417900085449219e+00) 
