FANN_FLO_2.1
num_layers=4
learning_rate=0.400000
connection_rate=1.000000
network_type=0
learning_momentum=0.000000
training_algorithm=2
train_error_function=1
train_stop_function=0
cascade_output_change_fraction=0.010000
quickprop_decay=-0.000100
quickprop_mu=1.750000
rprop_increase_factor=1.200000
rprop_decrease_factor=0.500000
rprop_delta_min=0.000000
rprop_delta_max=50.000000
rprop_delta_zero=0.100000
cascade_output_stagnation_epochs=12
cascade_candidate_change_fraction=0.010000
cascade_candidate_stagnation_epochs=12
cascade_max_out_epochs=150
cascade_min_out_epochs=50
cascade_max_cand_epochs=150
cascade_min_cand_epochs=50
cascade_num_candidate_groups=2
bit_fail_limit=3.49999994039535522461e-01
cascade_candidate_limit=1.00000000000000000000e+03
cascade_weight_multiplier=4.00000005960464477539e-01
cascade_activation_functions_count=10
cascade_activation_functions=3 5 7 8 10 11 14 15 16 17 
cascade_activation_steepnesses_count=4
cascade_activation_steepnesses=2.50000000000000000000e-01 5.00000000000000000000e-01 7.50000000000000000000e-01 1.00000000000000000000e+00 
layer_sizes=7 5 3 2 
scale_included=0
neurons (num_inputs, activation_function, activation_steepness)=(0, 0, 0.00000000000000000000e+00) (0, 0, 0.00000000000000000000e+00) (0, 0, 0.00000000000000000000e+00) (0, 0, 0.00000000000000000000e+00) (0, 0, 0.00000000000000000000e+00) (0, 0, 0.00000000000000000000e+00) (0, 0, 0.00000000000000000000e+00) (7, 3, 5.00000000000000000000e-01) (7, 3, 5.00000000000000000000e-01) (7, 3, 5.00000000000000000000e-01) (7, 3, 5.00000000000000000000e-01) (0, 3, 0.00000000000000000000e+00) (5, 3, 5.00000000000000000000e-01) (5, 3, 5.00000000000000000000e-01) (0, 3, 0.00000000000000000000e+00) (3, 3, 5.00000000000000000000e-01) (0, 3, 0.00000000000000000000e+00) 
connections (connected_to_neuron, weight)=(0, -1.35251257324218750000e+03) (1, 6.93802856445312500000e+02) (2, -1.49552001953125000000e+03) (3, 1.50000000000000000000e+03) (4, 1.01493188476562500000e+03) (5, 1.48500000000000000000e+03) (6, -2.53160834312438964844e+00) (0, -1.10160913085937500000e+03) (1, -1.08225439453125000000e+03) (2, -8.63908325195312500000e+02) (3, -1.40900000000000000000e+03) (4, 1.50000000000000000000e+03) (5, -1.43000000000000000000e+03) (6, 8.03765892982482910156e-01) (0, -6.47366333007812500000e+00) (1, 3.82476949691772460938e+00) (2, -1.81467318534851074219e+00) (3, -3.35489201545715332031e+00) (4, -2.52082157135009765625e+00) (5, 7.84097671508789062500e-01) (6, 3.52896022796630859375e+00) (0, -1.35958447265625000000e+03) (1, -8.75909271240234375000e+01) (2, -1.31361770629882812500e+02) (3, -4.89700653076171875000e+02) (4, 1.34301916503906250000e+03) (5, 1.07783874511718750000e+02) (6, 2.08888083696365356445e-01) (7, -1.90699410438537597656e+00) (8, -1.58636627197265625000e+01) (9, 3.49969711303710937500e+01) (10, 5.30549812316894531250e+00) (11, -7.59919595718383789062e+00) (7, -4.14316680908203125000e+02) (8, 7.87535644531250000000e+02) (9, 1.41512353515625000000e+03) (10, -3.66335296630859375000e+01) (11, -5.63460350036621093750e+00) (12, -1.19272232055664062500e+00) (13, -5.49416601657867431641e-01) (14, -1.68096709251403808594e+00) 
