FANN_FLO_2.1
num_layers=3
learning_rate=0.400000
connection_rate=1.000000
network_type=0
learning_momentum=0.000000
training_algorithm=2
train_error_function=1
train_stop_function=0
cascade_output_change_fraction=0.010000
quickprop_decay=-0.000100
quickprop_mu=1.750000
rprop_increase_factor=1.200000
rprop_decrease_factor=0.500000
rprop_delta_min=0.000000
rprop_delta_max=50.000000
rprop_delta_zero=0.100000
cascade_output_stagnation_epochs=12
cascade_candidate_change_fraction=0.010000
cascade_candidate_stagnation_epochs=12
cascade_max_out_epochs=150
cascade_min_out_epochs=50
cascade_max_cand_epochs=150
cascade_min_cand_epochs=50
cascade_num_candidate_groups=2
bit_fail_limit=3.49999994039535522461e-01
cascade_candidate_limit=1.00000000000000000000e+03
cascade_weight_multiplier=4.00000005960464477539e-01
cascade_activation_functions_count=10
cascade_activation_functions=3 5 7 8 10 11 14 15 16 17 
cascade_activation_steepnesses_count=4
cascade_activation_steepnesses=2.50000000000000000000e-01 5.00000000000000000000e-01 7.50000000000000000000e-01 1.00000000000000000000e+00 
layer_sizes=7 9 2 
scale_included=0
neurons (num_inputs, activation_function, activation_steepness)=(0, 0, 0.00000000000000000000e+00) (0, 0, 0.00000000000000000000e+00) (0, 0, 0.00000000000000000000e+00) (0, 0, 0.00000000000000000000e+00) (0, 0, 0.00000000000000000000e+00) (0, 0, 0.00000000000000000000e+00) (0, 0, 0.00000000000000000000e+00) (7, 3, 5.00000000000000000000e-01) (7, 3, 5.00000000000000000000e-01) (7, 3, 5.00000000000000000000e-01) (7, 3, 5.00000000000000000000e-01) (7, 3, 5.00000000000000000000e-01) (7, 3, 5.00000000000000000000e-01) (7, 3, 5.00000000000000000000e-01) (7, 3, 5.00000000000000000000e-01) (0, 3, 0.00000000000000000000e+00) (9, 3, 5.00000000000000000000e-01) (0, 3, 0.00000000000000000000e+00) 
connections (connected_to_neuron, weight)=(0, 1.37567424774169921875e+00) (1, 9.97820854187011718750e-01) (2, -1.63535624742507934570e-01) (3, -1.21710276603698730469e+00) (4, -2.63578510284423828125e+00) (5, 1.51740360260009765625e+00) (6, 1.62467420101165771484e-01) (0, 1.46213853359222412109e+00) (1, 1.05562901496887207031e+00) (2, -2.74043738842010498047e-01) (3, -1.13617575168609619141e+00) (4, -2.63982582092285156250e+00) (5, 1.66380345821380615234e+00) (6, 9.37300249934196472168e-02) (0, -8.97902965545654296875e+00) (1, -1.49169874191284179688e+00) (2, -1.53123354911804199219e+00) (3, 8.63477587699890136719e-01) (4, 1.87970137596130371094e+00) (5, 2.78119897842407226562e+00) (6, -1.81053316593170166016e+00) (0, 1.01743328571319580078e+00) (1, 1.04318785667419433594e+00) (2, 9.72861886024475097656e-01) (3, -2.57277995347976684570e-01) (4, -2.27936434745788574219e+00) (5, 7.95956313610076904297e-01) (6, 2.15445160865783691406e-01) (0, -1.22124660015106201172e+00) (1, -1.05190944671630859375e+00) (2, 8.41351890563964843750e+00) (3, -2.07130932807922363281e+00) (4, 1.80595982074737548828e+00) (5, -7.86056947708129882812e+00) (6, -2.57061767578125000000e+00) (0, -8.70489120483398437500e+00) (1, -1.50459837913513183594e+00) (2, -2.33030009269714355469e+00) (3, 5.74069738388061523438e+00) (4, 3.15328955650329589844e+00) (5, -4.85818719863891601562e+00) (6, -1.93986403942108154297e+00) (0, -7.72707879543304443359e-01) (1, -1.58743131160736083984e+00) (2, -1.00034892559051513672e+00) (3, 2.94631195068359375000e+00) (4, -3.70741987228393554688e+00) (5, 1.13622560501098632812e+01) (6, -6.66525077819824218750e+00) (0, -1.43435513973236083984e+00) (1, -1.53889942169189453125e+00) (2, -6.25305235385894775391e-01) (3, 1.97835898399353027344e+00) (4, 4.72769021987915039062e+00) (5, -1.84596776962280273438e+00) (6, -3.99888396263122558594e-01) (7, -1.15806424617767333984e+00) (8, -1.10367226600646972656e+00) (9, 2.58861136436462402344e+00) (10, -1.16122424602508544922e+00) (11, 1.72258090972900390625e+00) (12, 1.68663966655731201172e+00) (13, 2.52651214599609375000e+00) (14, 6.56633734703063964844e-01) (15, -2.86174088716506958008e-01) 
