FANN_FLO_2.1
num_layers=3
learning_rate=0.500000
connection_rate=1.000000
network_type=0
learning_momentum=0.000000
training_algorithm=2
train_error_function=1
train_stop_function=0
cascade_output_change_fraction=0.010000
quickprop_decay=-0.000100
quickprop_mu=1.750000
rprop_increase_factor=1.200000
rprop_decrease_factor=0.500000
rprop_delta_min=0.000000
rprop_delta_max=50.000000
rprop_delta_zero=0.100000
cascade_output_stagnation_epochs=12
cascade_candidate_change_fraction=0.010000
cascade_candidate_stagnation_epochs=12
cascade_max_out_epochs=150
cascade_min_out_epochs=50
cascade_max_cand_epochs=150
cascade_min_cand_epochs=50
cascade_num_candidate_groups=2
bit_fail_limit=3.49999994039535522461e-01
cascade_candidate_limit=1.00000000000000000000e+03
cascade_weight_multiplier=4.00000005960464477539e-01
cascade_activation_functions_count=10
cascade_activation_functions=3 5 7 8 10 11 14 15 16 17 
cascade_activation_steepnesses_count=4
cascade_activation_steepnesses=2.50000000000000000000e-01 5.00000000000000000000e-01 7.50000000000000000000e-01 1.00000000000000000000e+00 
layer_sizes=10 5 2 
scale_included=0
neurons (num_inputs, activation_function, activation_steepness)=(0, 0, 0.00000000000000000000e+00) (0, 0, 0.00000000000000000000e+00) (0, 0, 0.00000000000000000000e+00) (0, 0, 0.00000000000000000000e+00) (0, 0, 0.00000000000000000000e+00) (0, 0, 0.00000000000000000000e+00) (0, 0, 0.00000000000000000000e+00) (0, 0, 0.00000000000000000000e+00) (0, 0, 0.00000000000000000000e+00) (0, 0, 0.00000000000000000000e+00) (10, 3, 5.00000000000000000000e-01) (10, 3, 5.00000000000000000000e-01) (10, 3, 5.00000000000000000000e-01) (10, 3, 5.00000000000000000000e-01) (0, 3, 0.00000000000000000000e+00) (5, 3, 5.00000000000000000000e-01) (0, 3, 0.00000000000000000000e+00) 
connections (connected_to_neuron, weight)=(0, -2.74469637870788574219e+00) (1, -9.70780849456787109375e-01) (2, -8.64136600494384765625e+00) (3, -1.01268731057643890381e-01) (4, 4.52973872423171997070e-01) (5, -3.37785363197326660156e+00) (6, 4.12313270568847656250e+00) (7, -1.50320589542388916016e+00) (8, 7.79115915298461914062e+00) (9, 1.46205234527587890625e+00) (0, 3.03909802436828613281e+00) (1, 1.00613365173339843750e+01) (2, -2.08144918084144592285e-01) (3, -2.10712671279907226562e+00) (4, 3.50995361804962158203e-01) (5, 3.54035472869873046875e+00) (6, -1.12021808624267578125e+01) (7, -1.28844463825225830078e+00) (8, -8.37387371063232421875e+00) (9, 1.62731659412384033203e+00) (0, -2.40939188003540039062e+00) (1, -1.99072152376174926758e-01) (2, -3.14824986457824707031e+00) (3, 4.41067695617675781250e+00) (4, -9.16154608130455017090e-02) (5, -1.93690824508666992188e+00) (6, -8.25096797943115234375e+00) (7, -6.39791548252105712891e-01) (8, 3.66053843498229980469e+00) (9, 1.15791046619415283203e+00) (0, -1.75304746627807617188e+00) (1, -4.00082677602767944336e-01) (2, -8.31268882751464843750e+00) (3, 1.41563701629638671875e+00) (4, 2.77644157409667968750e-01) (5, -6.54087924957275390625e+00) (6, 3.64012908935546875000e+00) (7, -3.34487581253051757812e+00) (8, 9.33237361907958984375e+00) (9, 1.15593457221984863281e+00) (10, 1.94906044006347656250e+00) (11, 3.40690159797668457031e+00) (12, -6.39677703380584716797e-01) (13, 1.56740796566009521484e+00) (14, -2.41952252388000488281e+00) 
