FANN_FLO_2.1
num_layers=4
learning_rate=0.500000
connection_rate=1.000000
network_type=0
learning_momentum=0.000000
training_algorithm=2
train_error_function=1
train_stop_function=0
cascade_output_change_fraction=0.010000
quickprop_decay=-0.000100
quickprop_mu=1.750000
rprop_increase_factor=1.200000
rprop_decrease_factor=0.500000
rprop_delta_min=0.000000
rprop_delta_max=50.000000
rprop_delta_zero=0.100000
cascade_output_stagnation_epochs=12
cascade_candidate_change_fraction=0.010000
cascade_candidate_stagnation_epochs=12
cascade_max_out_epochs=150
cascade_min_out_epochs=50
cascade_max_cand_epochs=150
cascade_min_cand_epochs=50
cascade_num_candidate_groups=2
bit_fail_limit=3.49999994039535522461e-01
cascade_candidate_limit=1.00000000000000000000e+03
cascade_weight_multiplier=4.00000005960464477539e-01
cascade_activation_functions_count=10
cascade_activation_functions=3 5 7 8 10 11 14 15 16 17 
cascade_activation_steepnesses_count=4
cascade_activation_steepnesses=2.50000000000000000000e-01 5.00000000000000000000e-01 7.50000000000000000000e-01 1.00000000000000000000e+00 
layer_sizes=10 3 3 2 
scale_included=0
neurons (num_inputs, activation_function, activation_steepness)=(0, 0, 0.00000000000000000000e+00) (0, 0, 0.00000000000000000000e+00) (0, 0, 0.00000000000000000000e+00) (0, 0, 0.00000000000000000000e+00) (0, 0, 0.00000000000000000000e+00) (0, 0, 0.00000000000000000000e+00) (0, 0, 0.00000000000000000000e+00) (0, 0, 0.00000000000000000000e+00) (0, 0, 0.00000000000000000000e+00) (0, 0, 0.00000000000000000000e+00) (10, 3, 5.00000000000000000000e-01) (10, 3, 5.00000000000000000000e-01) (0, 3, 0.00000000000000000000e+00) (3, 3, 5.00000000000000000000e-01) (3, 3, 5.00000000000000000000e-01) (0, 3, 0.00000000000000000000e+00) (3, 3, 5.00000000000000000000e-01) (0, 3, 0.00000000000000000000e+00) 
connections (connected_to_neuron, weight)=(0, -8.57838153839111328125e+00) (1, -4.33517932891845703125e-01) (2, -9.39643001556396484375e+00) (3, -1.38641607761383056641e+00) (4, 1.12268610000610351562e+01) (5, -3.42620730400085449219e+00) (6, 3.95626807212829589844e+00) (7, -1.20826978683471679688e+01) (8, -3.39327740669250488281e+00) (9, 6.09616136550903320312e+00) (0, -1.48291210937500000000e+03) (1, -1.34216070175170898438e+00) (2, -1.48202038574218750000e+03) (3, -1.48331140136718750000e+03) (4, 2.82284942626953125000e+02) (5, -1.46887670898437500000e+03) (6, -1.48338659667968750000e+03) (7, -9.07147338867187500000e+02) (8, -1.04573657226562500000e+03) (9, 3.48156237602233886719e+00) (10, 1.50000000000000000000e+03) (11, 1.50000000000000000000e+03) (12, -3.77469563484191894531e+00) (10, 1.50000000000000000000e+03) (11, 1.50000000000000000000e+03) (12, -1.18120775222778320312e+01) (13, 1.56133973598480224609e+00) (14, 4.55017149448394775391e-01) (15, -1.18278968334197998047e+00) 
