FANN_FLO_2.1
num_layers=3
learning_rate=0.500000
connection_rate=1.000000
network_type=0
learning_momentum=0.000000
training_algorithm=2
train_error_function=1
train_stop_function=0
cascade_output_change_fraction=0.010000
quickprop_decay=-0.000100
quickprop_mu=1.750000
rprop_increase_factor=1.200000
rprop_decrease_factor=0.500000
rprop_delta_min=0.000000
rprop_delta_max=50.000000
rprop_delta_zero=0.100000
cascade_output_stagnation_epochs=12
cascade_candidate_change_fraction=0.010000
cascade_candidate_stagnation_epochs=12
cascade_max_out_epochs=150
cascade_min_out_epochs=50
cascade_max_cand_epochs=150
cascade_min_cand_epochs=50
cascade_num_candidate_groups=2
bit_fail_limit=3.49999994039535522461e-01
cascade_candidate_limit=1.00000000000000000000e+03
cascade_weight_multiplier=4.00000005960464477539e-01
cascade_activation_functions_count=10
cascade_activation_functions=3 5 7 8 10 11 14 15 16 17 
cascade_activation_steepnesses_count=4
cascade_activation_steepnesses=2.50000000000000000000e-01 5.00000000000000000000e-01 7.50000000000000000000e-01 1.00000000000000000000e+00 
layer_sizes=10 5 2 
scale_included=0
neurons (num_inputs, activation_function, activation_steepness)=(0, 0, 0.00000000000000000000e+00) (0, 0, 0.00000000000000000000e+00) (0, 0, 0.00000000000000000000e+00) (0, 0, 0.00000000000000000000e+00) (0, 0, 0.00000000000000000000e+00) (0, 0, 0.00000000000000000000e+00) (0, 0, 0.00000000000000000000e+00) (0, 0, 0.00000000000000000000e+00) (0, 0, 0.00000000000000000000e+00) (0, 0, 0.00000000000000000000e+00) (10, 3, 5.00000000000000000000e-01) (10, 3, 5.00000000000000000000e-01) (10, 3, 5.00000000000000000000e-01) (10, 3, 5.00000000000000000000e-01) (0, 3, 0.00000000000000000000e+00) (5, 3, 5.00000000000000000000e-01) (0, 3, 0.00000000000000000000e+00) 
connections (connected_to_neuron, weight)=(0, 1.79107046127319335938e+00) (1, 1.52725238800048828125e+01) (2, -4.11599159240722656250e+01) (3, 2.65962100028991699219e+00) (4, 4.84907865524291992188e+00) (5, -3.63346195220947265625e+00) (6, -2.52152585983276367188e+00) (7, -9.81881332397460937500e+00) (8, 3.32390670776367187500e+01) (9, 1.29358661174774169922e+00) (0, -2.13427600860595703125e+01) (1, 2.09800796508789062500e+01) (2, -5.60329961776733398438e+00) (3, -2.39030337333679199219e+00) (4, 1.65358867645263671875e+01) (5, -1.43901376724243164062e+01) (6, 1.79580440521240234375e+01) (7, -6.30428218841552734375e+00) (8, -6.61420869827270507812e+00) (9, -1.72731351852416992188e+00) (0, 4.74944174289703369141e-01) (1, 1.33855524063110351562e+01) (2, 2.43537940979003906250e+01) (3, -7.40942049026489257812e+00) (4, 1.04608595371246337891e+00) (5, 3.70186686515808105469e+00) (6, -2.10213565826416015625e+01) (7, -5.63929605484008789062e+00) (8, -1.04586067199707031250e+01) (9, -2.93120193481445312500e+00) (0, 1.50000000000000000000e+03) (1, 1.50000000000000000000e+03) (2, 1.50000000000000000000e+03) (3, 1.49600866699218750000e+03) (4, -7.84893127441406250000e+02) (5, 1.49997668457031250000e+03) (6, -1.48102551269531250000e+03) (7, 2.40053436279296875000e+02) (8, -9.44215698242187500000e+02) (9, 1.20093546807765960693e-01) (10, 1.30732262134552001953e+00) (11, 2.06543564796447753906e+00) (12, 2.55911326408386230469e+00) (13, -2.53334975242614746094e+00) (14, 7.11220875382423400879e-02) 
