FANN_FLO_2.1
num_layers=4
learning_rate=0.500000
connection_rate=1.000000
network_type=0
learning_momentum=0.000000
training_algorithm=2
train_error_function=1
train_stop_function=0
cascade_output_change_fraction=0.010000
quickprop_decay=-0.000100
quickprop_mu=1.750000
rprop_increase_factor=1.200000
rprop_decrease_factor=0.500000
rprop_delta_min=0.000000
rprop_delta_max=50.000000
rprop_delta_zero=0.100000
cascade_output_stagnation_epochs=12
cascade_candidate_change_fraction=0.010000
cascade_candidate_stagnation_epochs=12
cascade_max_out_epochs=150
cascade_min_out_epochs=50
cascade_max_cand_epochs=150
cascade_min_cand_epochs=50
cascade_num_candidate_groups=2
bit_fail_limit=3.49999994039535522461e-01
cascade_candidate_limit=1.00000000000000000000e+03
cascade_weight_multiplier=4.00000005960464477539e-01
cascade_activation_functions_count=10
cascade_activation_functions=3 5 7 8 10 11 14 15 16 17 
cascade_activation_steepnesses_count=4
cascade_activation_steepnesses=2.50000000000000000000e-01 5.00000000000000000000e-01 7.50000000000000000000e-01 1.00000000000000000000e+00 
layer_sizes=2 5 3 3 
scale_included=0
neurons (num_inputs, activation_function, activation_steepness)=(0, 0, 0.00000000000000000000e+00) (0, 0, 0.00000000000000000000e+00) (2, 3, 5.00000000000000000000e-01) (2, 3, 5.00000000000000000000e-01) (2, 3, 5.00000000000000000000e-01) (2, 3, 5.00000000000000000000e-01) (0, 3, 0.00000000000000000000e+00) (5, 3, 5.00000000000000000000e-01) (5, 3, 5.00000000000000000000e-01) (0, 3, 0.00000000000000000000e+00) (3, 0, 5.00000000000000000000e-01) (3, 0, 5.00000000000000000000e-01) (0, 0, 0.00000000000000000000e+00) 
connections (connected_to_neuron, weight)=(0, -1.50000000000000000000e+03) (1, 9.96101989746093750000e+01) (0, 2.01942234039306640625e+01) (1, -3.05017113685607910156e+00) (0, 1.50000000000000000000e+03) (1, 3.93471527099609375000e+01) (0, 1.50000000000000000000e+03) (1, 1.50037937164306640625e+01) (2, 1.50000000000000000000e+03) (3, -1.50000000000000000000e+03) (4, -1.44134240722656250000e+03) (5, -1.44134240722656250000e+03) (6, -4.16390560567378997803e-02) (2, -1.50000000000000000000e+03) (3, 1.49001330566406250000e+03) (4, -7.67787292480468750000e+02) (5, -1.76935589313507080078e+00) (6, -3.08417618274688720703e-01) (7, 1.50000000000000000000e+03) (8, -9.01375830173492431641e-01) (9, -6.18683218955993652344e-01) (7, 1.50000000000000000000e+03) (8, -2.43526458740234375000e+00) (9, 1.80679500102996826172e+00) 
