FANN_FLO_2.1
num_layers=3
learning_rate=0.500000
connection_rate=1.000000
network_type=0
learning_momentum=0.000000
training_algorithm=2
train_error_function=1
train_stop_function=0
cascade_output_change_fraction=0.010000
quickprop_decay=-0.000100
quickprop_mu=1.750000
rprop_increase_factor=1.200000
rprop_decrease_factor=0.500000
rprop_delta_min=0.000000
rprop_delta_max=50.000000
rprop_delta_zero=0.100000
cascade_output_stagnation_epochs=12
cascade_candidate_change_fraction=0.010000
cascade_candidate_stagnation_epochs=12
cascade_max_out_epochs=150
cascade_min_out_epochs=50
cascade_max_cand_epochs=150
cascade_min_cand_epochs=50
cascade_num_candidate_groups=2
bit_fail_limit=3.49999994039535522461e-01
cascade_candidate_limit=1.00000000000000000000e+03
cascade_weight_multiplier=4.00000005960464477539e-01
cascade_activation_functions_count=10
cascade_activation_functions=3 5 7 8 10 11 14 15 16 17 
cascade_activation_steepnesses_count=4
cascade_activation_steepnesses=2.50000000000000000000e-01 5.00000000000000000000e-01 7.50000000000000000000e-01 1.00000000000000000000e+00 
layer_sizes=10 5 2 
scale_included=0
neurons (num_inputs, activation_function, activation_steepness)=(0, 0, 0.00000000000000000000e+00) (0, 0, 0.00000000000000000000e+00) (0, 0, 0.00000000000000000000e+00) (0, 0, 0.00000000000000000000e+00) (0, 0, 0.00000000000000000000e+00) (0, 0, 0.00000000000000000000e+00) (0, 0, 0.00000000000000000000e+00) (0, 0, 0.00000000000000000000e+00) (0, 0, 0.00000000000000000000e+00) (0, 0, 0.00000000000000000000e+00) (10, 3, 5.00000000000000000000e-01) (10, 3, 5.00000000000000000000e-01) (10, 3, 5.00000000000000000000e-01) (10, 3, 5.00000000000000000000e-01) (0, 3, 0.00000000000000000000e+00) (5, 3, 5.00000000000000000000e-01) (0, 3, 0.00000000000000000000e+00) 
connections (connected_to_neuron, weight)=(0, -6.80676889419555664062e+00) (1, 8.28503787517547607422e-01) (2, -1.65985889434814453125e+01) (3, 8.01668465137481689453e-01) (4, 4.25648987293243408203e-01) (5, -2.97562980651855468750e+00) (6, 6.28843486309051513672e-01) (7, 6.07320213317871093750e+00) (8, 9.15355110168457031250e+00) (9, 1.10179114341735839844e+00) (0, -2.86267709732055664062e+00) (1, -3.03619980812072753906e+00) (2, -8.84573078155517578125e+00) (3, -1.82629853487014770508e-01) (4, 9.18424129486083984375e-01) (5, -6.49908494949340820312e+00) (6, 7.31586027145385742188e+00) (7, 1.23465270996093750000e+01) (8, -1.30978572368621826172e+00) (9, 1.49784350395202636719e+00) (0, 1.80120599269866943359e+00) (1, 2.89365172386169433594e+00) (2, -1.69669647216796875000e+01) (3, 6.17084145545959472656e-01) (4, -1.65487229824066162109e+00) (5, -2.24309802055358886719e+00) (6, 6.22498512268066406250e-01) (7, 9.85344469547271728516e-01) (8, 2.67603063583374023438e+00) (9, -5.45161247253417968750e-01) (0, -1.22002966701984405518e-01) (1, 4.42335844039916992188e-01) (2, -1.48871021270751953125e+01) (3, 6.06998801231384277344e-01) (4, -1.34880447387695312500e+00) (5, 8.01100921630859375000e+00) (6, -2.88873463869094848633e-01) (7, 1.11927139759063720703e+00) (8, -4.88136917352676391602e-01) (9, 4.87375944852828979492e-01) (10, 2.97681498527526855469e+00) (11, -4.72281932830810546875e+00) (12, 1.58375477790832519531e+00) (13, 9.53200459480285644531e-01) (14, 8.73289763927459716797e-01) 
