FANN_FLO_2.1
num_layers=4
learning_rate=0.500000
connection_rate=1.000000
network_type=0
learning_momentum=0.000000
training_algorithm=2
train_error_function=1
train_stop_function=0
cascade_output_change_fraction=0.010000
quickprop_decay=-0.000100
quickprop_mu=1.750000
rprop_increase_factor=1.200000
rprop_decrease_factor=0.500000
rprop_delta_min=0.000000
rprop_delta_max=50.000000
rprop_delta_zero=0.100000
cascade_output_stagnation_epochs=12
cascade_candidate_change_fraction=0.010000
cascade_candidate_stagnation_epochs=12
cascade_max_out_epochs=150
cascade_min_out_epochs=50
cascade_max_cand_epochs=150
cascade_min_cand_epochs=50
cascade_num_candidate_groups=2
bit_fail_limit=3.49999994039535522461e-01
cascade_candidate_limit=1.00000000000000000000e+03
cascade_weight_multiplier=4.00000005960464477539e-01
cascade_activation_functions_count=10
cascade_activation_functions=3 5 7 8 10 11 14 15 16 17 
cascade_activation_steepnesses_count=4
cascade_activation_steepnesses=2.50000000000000000000e-01 5.00000000000000000000e-01 7.50000000000000000000e-01 1.00000000000000000000e+00 
layer_sizes=2 5 5 3 
scale_included=0
neurons (num_inputs, activation_function, activation_steepness)=(0, 0, 0.00000000000000000000e+00) (0, 0, 0.00000000000000000000e+00) (2, 3, 5.00000000000000000000e-01) (2, 3, 5.00000000000000000000e-01) (2, 3, 5.00000000000000000000e-01) (2, 3, 5.00000000000000000000e-01) (0, 3, 0.00000000000000000000e+00) (5, 3, 5.00000000000000000000e-01) (5, 3, 5.00000000000000000000e-01) (5, 3, 5.00000000000000000000e-01) (5, 3, 5.00000000000000000000e-01) (0, 3, 0.00000000000000000000e+00) (5, 0, 5.00000000000000000000e-01) (5, 0, 5.00000000000000000000e-01) (0, 0, 0.00000000000000000000e+00) 
connections (connected_to_neuron, weight)=(0, 1.59627647399902343750e+01) (1, -5.92325305938720703125e+00) (0, 1.34279460906982421875e+01) (1, -2.04128551483154296875e+00) (0, -4.41155242919921875000e+00) (1, 7.14573442935943603516e-01) (0, 1.33247909545898437500e+01) (1, -1.74625551700592041016e+00) (2, -9.42857837677001953125e+00) (3, 5.74883508682250976562e+00) (4, -3.88571953773498535156e+00) (5, 1.47878777980804443359e+00) (6, -6.99340820312500000000e-01) (2, 6.83711814880371093750e+00) (3, 2.79694247245788574219e+00) (4, -3.50933074951171875000e+00) (5, 1.23272836208343505859e+00) (6, -7.92530477046966552734e-01) (2, -2.09452128410339355469e+00) (3, -2.07185029983520507812e+00) (4, 6.15050935745239257812e+00) (5, -4.71006393432617187500e-01) (6, 1.14878904819488525391e+00) (2, -1.80681419372558593750e+01) (3, 7.47529649734497070312e+00) (4, -3.12201714515686035156e+00) (5, 9.99802684783935546875e+00) (6, -1.19870448112487792969e+00) (7, -9.78556394577026367188e-01) (8, -5.65811455249786376953e-01) (9, -6.91147565841674804688e-01) (10, -1.18009340763092041016e+00) (11, 1.11519193649291992188e+00) (7, -1.84817209839820861816e-01) (8, -1.52797186374664306641e+00) (9, 2.91848325729370117188e+00) (10, -6.24410882592201232910e-02) (11, -7.60738849639892578125e-01) 
