FANN_FLO_2.1
num_layers=4
learning_rate=0.500000
connection_rate=1.000000
network_type=0
learning_momentum=0.000000
training_algorithm=2
train_error_function=1
train_stop_function=0
cascade_output_change_fraction=0.010000
quickprop_decay=-0.000100
quickprop_mu=1.750000
rprop_increase_factor=1.200000
rprop_decrease_factor=0.500000
rprop_delta_min=0.000000
rprop_delta_max=50.000000
rprop_delta_zero=0.100000
cascade_output_stagnation_epochs=12
cascade_candidate_change_fraction=0.010000
cascade_candidate_stagnation_epochs=12
cascade_max_out_epochs=150
cascade_min_out_epochs=50
cascade_max_cand_epochs=150
cascade_min_cand_epochs=50
cascade_num_candidate_groups=2
bit_fail_limit=3.49999994039535522461e-01
cascade_candidate_limit=1.00000000000000000000e+03
cascade_weight_multiplier=4.00000005960464477539e-01
cascade_activation_functions_count=10
cascade_activation_functions=3 5 7 8 10 11 14 15 16 17 
cascade_activation_steepnesses_count=4
cascade_activation_steepnesses=2.50000000000000000000e-01 5.00000000000000000000e-01 7.50000000000000000000e-01 1.00000000000000000000e+00 
layer_sizes=2 5 5 3 
scale_included=0
neurons (num_inputs, activation_function, activation_steepness)=(0, 0, 0.00000000000000000000e+00) (0, 0, 0.00000000000000000000e+00) (2, 3, 5.00000000000000000000e-01) (2, 3, 5.00000000000000000000e-01) (2, 3, 5.00000000000000000000e-01) (2, 3, 5.00000000000000000000e-01) (0, 3, 0.00000000000000000000e+00) (5, 3, 5.00000000000000000000e-01) (5, 3, 5.00000000000000000000e-01) (5, 3, 5.00000000000000000000e-01) (5, 3, 5.00000000000000000000e-01) (0, 3, 0.00000000000000000000e+00) (5, 0, 5.00000000000000000000e-01) (5, 0, 5.00000000000000000000e-01) (0, 0, 0.00000000000000000000e+00) 
connections (connected_to_neuron, weight)=(0, 1.36768083572387695312e+01) (1, -2.27823162078857421875e+00) (0, 2.59471923112869262695e-01) (1, 3.86739879846572875977e-01) (0, 1.91811504364013671875e+01) (1, -6.87598466873168945312e+00) (0, 1.70741634368896484375e+01) (1, -5.19926404953002929688e+00) (2, 9.35286641120910644531e-01) (3, -1.16159319877624511719e-01) (4, 8.42582321166992187500e+00) (5, 4.17466211318969726562e+00) (6, -9.66452300548553466797e-01) (2, -1.44221997261047363281e+00) (3, 7.67538487911224365234e-01) (4, -1.83282971382141113281e+00) (5, -1.80579710006713867188e+00) (6, 2.64573740959167480469e+00) (2, -9.08682537078857421875e+00) (3, -6.30508437752723693848e-02) (4, 9.25589656829833984375e+00) (5, -6.31730318069458007812e-01) (6, 1.27274647355079650879e-01) (2, 6.64035511016845703125e+00) (3, -6.51018798351287841797e-01) (4, 6.76503956317901611328e-01) (5, -4.20527362823486328125e+00) (6, -1.69171810150146484375e+00) (7, -6.72547578811645507812e-01) (8, -1.15187370777130126953e+00) (9, 4.02341270446777343750e+00) (10, -7.59315371513366699219e-01) (11, 1.28026947379112243652e-01) (7, -1.37221288681030273438e+00) (8, 2.89278626441955566406e+00) (9, -3.66560548543930053711e-01) (10, -1.28118932247161865234e+00) (11, -2.76351720094680786133e-03) 
