FANN_FLO_2.1
num_layers=3
learning_rate=0.500000
connection_rate=1.000000
network_type=0
learning_momentum=0.000000
training_algorithm=2
train_error_function=1
train_stop_function=0
cascade_output_change_fraction=0.010000
quickprop_decay=-0.000100
quickprop_mu=1.750000
rprop_increase_factor=1.200000
rprop_decrease_factor=0.500000
rprop_delta_min=0.000000
rprop_delta_max=50.000000
rprop_delta_zero=0.100000
cascade_output_stagnation_epochs=12
cascade_candidate_change_fraction=0.010000
cascade_candidate_stagnation_epochs=12
cascade_max_out_epochs=150
cascade_min_out_epochs=50
cascade_max_cand_epochs=150
cascade_min_cand_epochs=50
cascade_num_candidate_groups=2
bit_fail_limit=3.49999994039535522461e-01
cascade_candidate_limit=1.00000000000000000000e+03
cascade_weight_multiplier=4.00000005960464477539e-01
cascade_activation_functions_count=10
cascade_activation_functions=3 5 7 8 10 11 14 15 16 17 
cascade_activation_steepnesses_count=4
cascade_activation_steepnesses=2.50000000000000000000e-01 5.00000000000000000000e-01 7.50000000000000000000e-01 1.00000000000000000000e+00 
layer_sizes=10 5 2 
scale_included=0
neurons (num_inputs, activation_function, activation_steepness)=(0, 0, 0.00000000000000000000e+00) (0, 0, 0.00000000000000000000e+00) (0, 0, 0.00000000000000000000e+00) (0, 0, 0.00000000000000000000e+00) (0, 0, 0.00000000000000000000e+00) (0, 0, 0.00000000000000000000e+00) (0, 0, 0.00000000000000000000e+00) (0, 0, 0.00000000000000000000e+00) (0, 0, 0.00000000000000000000e+00) (0, 0, 0.00000000000000000000e+00) (10, 3, 5.00000000000000000000e-01) (10, 3, 5.00000000000000000000e-01) (10, 3, 5.00000000000000000000e-01) (10, 3, 5.00000000000000000000e-01) (0, 3, 0.00000000000000000000e+00) (5, 3, 5.00000000000000000000e-01) (0, 3, 0.00000000000000000000e+00) 
connections (connected_to_neuron, weight)=(0, -1.66770815849304199219e-01) (1, -1.97529089450836181641e+00) (2, -6.81758069992065429688e+00) (3, -7.49780416488647460938e-01) (4, 1.42556893825531005859e+00) (5, 1.79157197475433349609e+00) (6, 2.59842514991760253906e+00) (7, -1.36152184009552001953e+00) (8, -1.11771893501281738281e+00) (9, 3.91522794961929321289e-01) (0, 3.12242377549409866333e-02) (1, 1.82761043310165405273e-01) (2, -3.23839855194091796875e+00) (3, 2.37085267901420593262e-01) (4, 2.73507356643676757812e+00) (5, -1.95060998201370239258e-01) (6, 6.42966365814208984375e+00) (7, -5.54488372802734375000e+00) (8, -3.61014270782470703125e+00) (9, 3.44588756561279296875e-01) (0, 6.61558359861373901367e-02) (1, 1.71798825263977050781e+00) (2, -4.28414869308471679688e+00) (3, 2.52569854259490966797e-01) (4, -2.19759249687194824219e+00) (5, 1.09613227844238281250e+00) (6, 2.80724143981933593750e+00) (7, -1.62433605194091796875e+01) (8, -3.99387073516845703125e+00) (9, 1.16814994812011718750e+01) (0, 2.77850198745727539062e+00) (1, 4.61059868335723876953e-01) (2, -1.05404090881347656250e+00) (3, 8.51356685161590576172e-02) (4, 4.03624176979064941406e-01) (5, 1.40694546699523925781e+00) (6, 6.59882450103759765625e+00) (7, -8.10408401489257812500e+00) (8, -3.83405733108520507812e+00) (9, 1.22212362289428710938e+00) (10, 3.07748603820800781250e+00) (11, -2.11233949661254882812e+00) (12, 3.76941847801208496094e+00) (13, 1.52927792072296142578e+00) (14, -3.71019458770751953125e+00) 
