FANN_FLO_2.1
num_layers=3
learning_rate=0.400000
connection_rate=1.000000
network_type=0
learning_momentum=0.000000
training_algorithm=2
train_error_function=1
train_stop_function=0
cascade_output_change_fraction=0.010000
quickprop_decay=-0.000100
quickprop_mu=1.750000
rprop_increase_factor=1.200000
rprop_decrease_factor=0.500000
rprop_delta_min=0.000000
rprop_delta_max=50.000000
rprop_delta_zero=0.100000
cascade_output_stagnation_epochs=12
cascade_candidate_change_fraction=0.010000
cascade_candidate_stagnation_epochs=12
cascade_max_out_epochs=150
cascade_min_out_epochs=50
cascade_max_cand_epochs=150
cascade_min_cand_epochs=50
cascade_num_candidate_groups=2
bit_fail_limit=3.49999994039535522461e-01
cascade_candidate_limit=1.00000000000000000000e+03
cascade_weight_multiplier=4.00000005960464477539e-01
cascade_activation_functions_count=10
cascade_activation_functions=3 5 7 8 10 11 14 15 16 17 
cascade_activation_steepnesses_count=4
cascade_activation_steepnesses=2.50000000000000000000e-01 5.00000000000000000000e-01 7.50000000000000000000e-01 1.00000000000000000000e+00 
layer_sizes=19 3 3 
scale_included=0
neurons (num_inputs, activation_function, activation_steepness)=(0, 0, 0.00000000000000000000e+00) (0, 0, 0.00000000000000000000e+00) (0, 0, 0.00000000000000000000e+00) (0, 0, 0.00000000000000000000e+00) (0, 0, 0.00000000000000000000e+00) (0, 0, 0.00000000000000000000e+00) (0, 0, 0.00000000000000000000e+00) (0, 0, 0.00000000000000000000e+00) (0, 0, 0.00000000000000000000e+00) (0, 0, 0.00000000000000000000e+00) (0, 0, 0.00000000000000000000e+00) (0, 0, 0.00000000000000000000e+00) (0, 0, 0.00000000000000000000e+00) (0, 0, 0.00000000000000000000e+00) (0, 0, 0.00000000000000000000e+00) (0, 0, 0.00000000000000000000e+00) (0, 0, 0.00000000000000000000e+00) (0, 0, 0.00000000000000000000e+00) (0, 0, 0.00000000000000000000e+00) (19, 3, 5.00000000000000000000e-01) (19, 3, 5.00000000000000000000e-01) (0, 3, 0.00000000000000000000e+00) (3, 3, 5.00000000000000000000e-01) (3, 3, 5.00000000000000000000e-01) (0, 3, 0.00000000000000000000e+00) 
connections (connected_to_neuron, weight)=(0, -1.82645007967948913574e-01) (1, -1.33764827251434326172e+00) (2, 3.78863477706909179688e+00) (3, 1.21427111327648162842e-01) (4, -4.73196315765380859375e+00) (5, 6.41102790832519531250e+00) (6, 1.41299831867218017578e+00) (7, -2.62736988067626953125e+00) (8, 2.35986280441284179688e+00) (9, -1.22630834579467773438e+00) (10, 2.69170355796813964844e+00) (11, -3.94292521476745605469e+00) (12, -3.80617558956146240234e-01) (13, 1.26198136806488037109e+00) (14, -4.07938241958618164062e+00) (15, -9.80443000793457031250e-01) (16, 3.77884292602539062500e+00) (17, -3.44382190704345703125e+00) (18, -7.04526960849761962891e-01) (0, -5.02257764339447021484e-01) (1, 1.19366753101348876953e+00) (2, -4.91366910934448242188e+00) (3, -7.01833426952362060547e-01) (4, 6.51680946350097656250e+00) (5, -8.21963024139404296875e+00) (6, -1.96764373779296875000e+00) (7, 3.22783374786376953125e+00) (8, -2.94703650474548339844e+00) (9, 1.60531699657440185547e+00) (10, -3.19736146926879882812e+00) (11, 3.55159091949462890625e+00) (12, -3.64172697067260742188e-01) (13, -1.27832293510437011719e+00) (14, 5.47603225708007812500e+00) (15, -3.43697294592857360840e-02) (16, -6.14230728149414062500e+00) (17, 4.33518218994140625000e+00) (18, 8.96007120609283447266e-01) (19, -2.17966747283935546875e+00) (20, -2.04699158668518066406e+00) (21, 1.16703212261199951172e+00) (19, 2.18167138099670410156e+00) (20, 2.04913902282714843750e+00) (21, -1.16850054264068603516e+00) 
