FANN_FLO_2.1
num_layers=4
learning_rate=0.500000
connection_rate=1.000000
network_type=0
learning_momentum=0.000000
training_algorithm=2
train_error_function=1
train_stop_function=0
cascade_output_change_fraction=0.010000
quickprop_decay=-0.000100
quickprop_mu=1.750000
rprop_increase_factor=1.200000
rprop_decrease_factor=0.500000
rprop_delta_min=0.000000
rprop_delta_max=50.000000
rprop_delta_zero=0.100000
cascade_output_stagnation_epochs=12
cascade_candidate_change_fraction=0.010000
cascade_candidate_stagnation_epochs=12
cascade_max_out_epochs=150
cascade_min_out_epochs=50
cascade_max_cand_epochs=150
cascade_min_cand_epochs=50
cascade_num_candidate_groups=2
bit_fail_limit=3.49999994039535522461e-01
cascade_candidate_limit=1.00000000000000000000e+03
cascade_weight_multiplier=4.00000005960464477539e-01
cascade_activation_functions_count=10
cascade_activation_functions=3 5 7 8 10 11 14 15 16 17 
cascade_activation_steepnesses_count=4
cascade_activation_steepnesses=2.50000000000000000000e-01 5.00000000000000000000e-01 7.50000000000000000000e-01 1.00000000000000000000e+00 
layer_sizes=2 5 5 3 
scale_included=0
neurons (num_inputs, activation_function, activation_steepness)=(0, 0, 0.00000000000000000000e+00) (0, 0, 0.00000000000000000000e+00) (2, 3, 5.00000000000000000000e-01) (2, 3, 5.00000000000000000000e-01) (2, 3, 5.00000000000000000000e-01) (2, 3, 5.00000000000000000000e-01) (0, 3, 0.00000000000000000000e+00) (5, 3, 5.00000000000000000000e-01) (5, 3, 5.00000000000000000000e-01) (5, 3, 5.00000000000000000000e-01) (5, 3, 5.00000000000000000000e-01) (0, 3, 0.00000000000000000000e+00) (5, 0, 5.00000000000000000000e-01) (5, 0, 5.00000000000000000000e-01) (0, 0, 0.00000000000000000000e+00) 
connections (connected_to_neuron, weight)=(0, 2.94089913368225097656e+00) (1, -5.62181413173675537109e-01) (0, 2.87698574066162109375e+01) (1, -8.93948793411254882812e-01) (0, 2.09026074409484863281e+00) (1, -3.76377165317535400391e-01) (0, 6.83183240890502929688e+00) (1, -2.52787685394287109375e+00) (2, -3.04788202047348022461e-01) (3, 5.77143251895904541016e-01) (4, -3.79517972469329833984e-01) (5, -7.14443635940551757812e+00) (6, 4.12425845861434936523e-01) (2, -5.31847774982452392578e-01) (3, -1.93638503551483154297e-01) (4, -3.74267339706420898438e-01) (5, -4.87983179092407226562e+00) (6, 2.90458488464355468750e+00) (2, -6.98364496231079101562e-01) (3, -2.18727946281433105469e+00) (4, -8.50914835929870605469e-01) (5, 5.41208791732788085938e+00) (6, -7.79502749443054199219e-01) (2, -5.25399982929229736328e-01) (3, -6.44494175910949707031e-01) (4, -4.00245606899261474609e-01) (5, -5.71236705780029296875e+00) (6, 4.33655738830566406250e-01) (7, 3.51154208183288574219e+00) (8, -4.93978452682495117188e+00) (9, 1.74207317829132080078e+00) (10, 7.05527973175048828125e+00) (11, -5.17152212560176849365e-02) (7, 4.75031518936157226562e+00) (8, 3.28613734245300292969e+00) (9, 5.53529381752014160156e-01) (10, -1.51886552572250366211e-01) (11, -3.09576201438903808594e+00) 
