FANN_FLO_2.1
num_layers=3
learning_rate=0.400000
connection_rate=1.000000
network_type=0
learning_momentum=0.000000
training_algorithm=2
train_error_function=1
train_stop_function=0
cascade_output_change_fraction=0.010000
quickprop_decay=-0.000100
quickprop_mu=1.750000
rprop_increase_factor=1.200000
rprop_decrease_factor=0.500000
rprop_delta_min=0.000000
rprop_delta_max=50.000000
rprop_delta_zero=0.100000
cascade_output_stagnation_epochs=12
cascade_candidate_change_fraction=0.010000
cascade_candidate_stagnation_epochs=12
cascade_max_out_epochs=150
cascade_min_out_epochs=50
cascade_max_cand_epochs=150
cascade_min_cand_epochs=50
cascade_num_candidate_groups=2
bit_fail_limit=3.49999994039535522461e-01
cascade_candidate_limit=1.00000000000000000000e+03
cascade_weight_multiplier=4.00000005960464477539e-01
cascade_activation_functions_count=10
cascade_activation_functions=3 5 7 8 10 11 14 15 16 17 
cascade_activation_steepnesses_count=4
cascade_activation_steepnesses=2.50000000000000000000e-01 5.00000000000000000000e-01 7.50000000000000000000e-01 1.00000000000000000000e+00 
layer_sizes=7 5 2 
scale_included=0
neurons (num_inputs, activation_function, activation_steepness)=(0, 0, 0.00000000000000000000e+00) (0, 0, 0.00000000000000000000e+00) (0, 0, 0.00000000000000000000e+00) (0, 0, 0.00000000000000000000e+00) (0, 0, 0.00000000000000000000e+00) (0, 0, 0.00000000000000000000e+00) (0, 0, 0.00000000000000000000e+00) (7, 3, 5.00000000000000000000e-01) (7, 3, 5.00000000000000000000e-01) (7, 3, 5.00000000000000000000e-01) (7, 3, 5.00000000000000000000e-01) (0, 3, 0.00000000000000000000e+00) (5, 3, 5.00000000000000000000e-01) (0, 3, 0.00000000000000000000e+00) 
connections (connected_to_neuron, weight)=(0, -1.24810300767421722412e-01) (1, -5.59636116027832031250e+00) (2, -1.53278231620788574219e+00) (3, -7.51790666580200195312e+00) (4, -2.71066904067993164062e+00) (5, -2.06225395202636718750e-01) (6, 1.10751276016235351562e+01) (0, 2.09200935363769531250e+01) (1, -7.38353252410888671875e+00) (2, -5.02151603698730468750e+01) (3, 1.62339649200439453125e+01) (4, 2.89533519744873046875e+00) (5, -1.42324819564819335938e+01) (6, 4.80079126358032226562e+00) (0, -1.01635303497314453125e+01) (1, 8.49662399291992187500e+00) (2, -2.53020238876342773438e+00) (3, -2.15475249290466308594e+00) (4, -9.80530500411987304688e-01) (5, -1.50000000000000000000e+03) (6, 1.14306795597076416016e+00) (0, 5.44416427612304687500e+00) (1, -6.53189039230346679688e+00) (2, 3.08048915863037109375e+00) (3, -1.84810280799865722656e+00) (4, -2.62809723615646362305e-01) (5, 3.38504457473754882812e+00) (6, -3.73199033737182617188e+00) (7, -6.18190884590148925781e-01) (8, -5.51958262920379638672e-01) (9, -6.37984418869018554688e+00) (10, -1.19491424560546875000e+01) (11, -5.88135942816734313965e-02) 
