FANN_FLO_2.1
num_layers=3
learning_rate=0.500000
connection_rate=1.000000
network_type=0
learning_momentum=0.000000
training_algorithm=2
train_error_function=1
train_stop_function=0
cascade_output_change_fraction=0.010000
quickprop_decay=-0.000100
quickprop_mu=1.750000
rprop_increase_factor=1.200000
rprop_decrease_factor=0.500000
rprop_delta_min=0.000000
rprop_delta_max=50.000000
rprop_delta_zero=0.100000
cascade_output_stagnation_epochs=12
cascade_candidate_change_fraction=0.010000
cascade_candidate_stagnation_epochs=12
cascade_max_out_epochs=150
cascade_min_out_epochs=50
cascade_max_cand_epochs=150
cascade_min_cand_epochs=50
cascade_num_candidate_groups=2
bit_fail_limit=3.49999994039535522461e-01
cascade_candidate_limit=1.00000000000000000000e+03
cascade_weight_multiplier=4.00000005960464477539e-01
cascade_activation_functions_count=10
cascade_activation_functions=3 5 7 8 10 11 14 15 16 17 
cascade_activation_steepnesses_count=4
cascade_activation_steepnesses=2.50000000000000000000e-01 5.00000000000000000000e-01 7.50000000000000000000e-01 1.00000000000000000000e+00 
layer_sizes=10 5 2 
scale_included=0
neurons (num_inputs, activation_function, activation_steepness)=(0, 0, 0.00000000000000000000e+00) (0, 0, 0.00000000000000000000e+00) (0, 0, 0.00000000000000000000e+00) (0, 0, 0.00000000000000000000e+00) (0, 0, 0.00000000000000000000e+00) (0, 0, 0.00000000000000000000e+00) (0, 0, 0.00000000000000000000e+00) (0, 0, 0.00000000000000000000e+00) (0, 0, 0.00000000000000000000e+00) (0, 0, 0.00000000000000000000e+00) (10, 3, 5.00000000000000000000e-01) (10, 3, 5.00000000000000000000e-01) (10, 3, 5.00000000000000000000e-01) (10, 3, 5.00000000000000000000e-01) (0, 3, 0.00000000000000000000e+00) (5, 3, 5.00000000000000000000e-01) (0, 3, 0.00000000000000000000e+00) 
connections (connected_to_neuron, weight)=(0, 4.77481994628906250000e+02) (1, 2.93843841552734375000e+02) (2, 5.06292816162109375000e+02) (3, 8.07578563690185546875e+00) (4, 2.88195419311523437500e+00) (5, 1.51234328746795654297e+00) (6, -6.95641174316406250000e+02) (7, -7.11487731933593750000e+02) (8, -3.64670898437500000000e+02) (9, 7.13751296997070312500e+01) (0, -1.94464855194091796875e+01) (1, 1.82664794921875000000e+01) (2, -2.26238346099853515625e+01) (3, -1.60153257846832275391e+00) (4, 2.21611046791076660156e+00) (5, 2.54835605621337890625e+00) (6, -7.49621838331222534180e-02) (7, -8.33947896957397460938e-01) (8, -1.07994282245635986328e+00) (9, 5.99064648151397705078e-01) (0, -5.78434204101562500000e+02) (1, 6.72159423828125000000e+02) (2, -8.02062683105468750000e+02) (3, -2.20513229370117187500e+02) (4, 1.10795621871948242188e+01) (5, 7.87588477134704589844e-01) (6, 5.26882934570312500000e+01) (7, 1.09913093566894531250e+02) (8, 3.45720939636230468750e+01) (9, -2.95182079076766967773e-01) (0, -2.28895626068115234375e+01) (1, 2.26649684906005859375e+01) (2, -1.50000000000000000000e+03) (3, 3.04485893249511718750e+00) (4, 1.33283400535583496094e+00) (5, 1.38297855854034423828e+00) (6, -1.02791830897331237793e-01) (7, -1.67642116546630859375e+00) (8, -1.73559355735778808594e+00) (9, -2.11227774620056152344e-01) (10, 1.75591826438903808594e+00) (11, 5.13236701488494873047e-01) (12, -4.31912064552307128906e-01) (13, 2.16709303855895996094e+00) (14, -1.10250830650329589844e+00) 
