FANN_FLO_2.1
num_layers=3
learning_rate=0.400000
connection_rate=1.000000
network_type=0
learning_momentum=0.000000
training_algorithm=2
train_error_function=1
train_stop_function=0
cascade_output_change_fraction=0.010000
quickprop_decay=-0.000100
quickprop_mu=1.750000
rprop_increase_factor=1.200000
rprop_decrease_factor=0.500000
rprop_delta_min=0.000000
rprop_delta_max=50.000000
rprop_delta_zero=0.100000
cascade_output_stagnation_epochs=12
cascade_candidate_change_fraction=0.010000
cascade_candidate_stagnation_epochs=12
cascade_max_out_epochs=150
cascade_min_out_epochs=50
cascade_max_cand_epochs=150
cascade_min_cand_epochs=50
cascade_num_candidate_groups=2
bit_fail_limit=3.49999994039535522461e-01
cascade_candidate_limit=1.00000000000000000000e+03
cascade_weight_multiplier=4.00000005960464477539e-01
cascade_activation_functions_count=10
cascade_activation_functions=3 5 7 8 10 11 14 15 16 17 
cascade_activation_steepnesses_count=4
cascade_activation_steepnesses=2.50000000000000000000e-01 5.00000000000000000000e-01 7.50000000000000000000e-01 1.00000000000000000000e+00 
layer_sizes=7 9 2 
scale_included=0
neurons (num_inputs, activation_function, activation_steepness)=(0, 0, 0.00000000000000000000e+00) (0, 0, 0.00000000000000000000e+00) (0, 0, 0.00000000000000000000e+00) (0, 0, 0.00000000000000000000e+00) (0, 0, 0.00000000000000000000e+00) (0, 0, 0.00000000000000000000e+00) (0, 0, 0.00000000000000000000e+00) (7, 3, 5.00000000000000000000e-01) (7, 3, 5.00000000000000000000e-01) (7, 3, 5.00000000000000000000e-01) (7, 3, 5.00000000000000000000e-01) (7, 3, 5.00000000000000000000e-01) (7, 3, 5.00000000000000000000e-01) (7, 3, 5.00000000000000000000e-01) (7, 3, 5.00000000000000000000e-01) (0, 3, 0.00000000000000000000e+00) (9, 3, 5.00000000000000000000e-01) (0, 3, 0.00000000000000000000e+00) 
connections (connected_to_neuron, weight)=(0, -2.03663039207458496094e+00) (1, 7.74985194206237792969e-01) (2, -1.10234022140502929688e+00) (3, -6.57984793186187744141e-01) (4, -1.15110301971435546875e+00) (5, 7.52046763896942138672e-01) (6, 3.45922976732254028320e-01) (0, -1.10669624805450439453e+00) (1, -1.33079075813293457031e+00) (2, -1.05836403369903564453e+00) (3, 1.50237417221069335938e+00) (4, -2.43967324495315551758e-02) (5, 4.71987247467041015625e+00) (6, -2.51181268692016601562e+00) (0, 7.84089326858520507812e-01) (1, -4.74163323640823364258e-01) (2, 1.93856632709503173828e+00) (3, 4.90158021450042724609e-01) (4, 1.10678267478942871094e+00) (5, 2.05987900495529174805e-01) (6, -1.02828061580657958984e+00) (0, -3.47493505477905273438e+00) (1, -3.37535285949707031250e+00) (2, -2.91733741760253906250e+00) (3, 2.17532515525817871094e+00) (4, 1.49631071090698242188e+00) (5, 1.83469831943511962891e+00) (6, -3.15136861801147460938e+00) (0, -5.68348312377929687500e+00) (1, 7.07497060298919677734e-01) (2, -6.15357017517089843750e+00) (3, 1.11889147758483886719e+00) (4, 2.79397875070571899414e-01) (5, 1.61229877471923828125e+01) (6, 1.14030754566192626953e+00) (0, 4.42911911010742187500e+00) (1, 6.00390243530273437500e+00) (2, 7.56123971939086914062e+00) (3, -4.53938722610473632812e-01) (4, -8.37363433837890625000e+00) (5, 1.41779041290283203125e+00) (6, 3.52338850498199462891e-01) (0, -4.62022018432617187500e+00) (1, 5.70868670940399169922e-01) (2, -2.04036569595336914062e+00) (3, -2.43712902069091796875e+00) (4, -4.22430038452148437500e+00) (5, 1.50806837081909179688e+01) (6, 2.89693504571914672852e-01) (0, -7.27940022945404052734e-01) (1, -1.35689306259155273438e+00) (2, -1.16645431518554687500e+00) (3, 1.54034626483917236328e+00) (4, 5.96059918403625488281e-01) (5, 2.83726000785827636719e+00) (6, -1.89176726341247558594e+00) (7, -7.58807122707366943359e-01) (8, 2.92616295814514160156e+00) (9, 1.13008022308349609375e+00) (10, 5.91757535934448242188e+00) (11, -1.39327692985534667969e+00) (12, -9.83810186386108398438e-01) (13, -2.10056185722351074219e+00) (14, 2.64949226379394531250e+00) (15, 2.00892746448516845703e-01) 
