FANN_FLO_2.1
num_layers=3
learning_rate=0.400000
connection_rate=1.000000
network_type=0
learning_momentum=0.000000
training_algorithm=2
train_error_function=1
train_stop_function=0
cascade_output_change_fraction=0.010000
quickprop_decay=-0.000100
quickprop_mu=1.750000
rprop_increase_factor=1.200000
rprop_decrease_factor=0.500000
rprop_delta_min=0.000000
rprop_delta_max=50.000000
rprop_delta_zero=0.100000
cascade_output_stagnation_epochs=12
cascade_candidate_change_fraction=0.010000
cascade_candidate_stagnation_epochs=12
cascade_max_out_epochs=150
cascade_min_out_epochs=50
cascade_max_cand_epochs=150
cascade_min_cand_epochs=50
cascade_num_candidate_groups=2
bit_fail_limit=3.49999994039535522461e-01
cascade_candidate_limit=1.00000000000000000000e+03
cascade_weight_multiplier=4.00000005960464477539e-01
cascade_activation_functions_count=10
cascade_activation_functions=3 5 7 8 10 11 14 15 16 17 
cascade_activation_steepnesses_count=4
cascade_activation_steepnesses=2.50000000000000000000e-01 5.00000000000000000000e-01 7.50000000000000000000e-01 1.00000000000000000000e+00 
layer_sizes=19 3 3 
scale_included=0
neurons (num_inputs, activation_function, activation_steepness)=(0, 0, 0.00000000000000000000e+00) (0, 0, 0.00000000000000000000e+00) (0, 0, 0.00000000000000000000e+00) (0, 0, 0.00000000000000000000e+00) (0, 0, 0.00000000000000000000e+00) (0, 0, 0.00000000000000000000e+00) (0, 0, 0.00000000000000000000e+00) (0, 0, 0.00000000000000000000e+00) (0, 0, 0.00000000000000000000e+00) (0, 0, 0.00000000000000000000e+00) (0, 0, 0.00000000000000000000e+00) (0, 0, 0.00000000000000000000e+00) (0, 0, 0.00000000000000000000e+00) (0, 0, 0.00000000000000000000e+00) (0, 0, 0.00000000000000000000e+00) (0, 0, 0.00000000000000000000e+00) (0, 0, 0.00000000000000000000e+00) (0, 0, 0.00000000000000000000e+00) (0, 0, 0.00000000000000000000e+00) (19, 3, 5.00000000000000000000e-01) (19, 3, 5.00000000000000000000e-01) (0, 3, 0.00000000000000000000e+00) (3, 3, 5.00000000000000000000e-01) (3, 3, 5.00000000000000000000e-01) (0, 3, 0.00000000000000000000e+00) 
connections (connected_to_neuron, weight)=(0, 6.20860219001770019531e-01) (1, 1.37191896438598632812e+01) (2, -8.25496613979339599609e-01) (3, -1.36812391281127929688e+01) (4, -4.32913398742675781250e+00) (5, -8.75134754180908203125e+00) (6, 9.60465908050537109375e+00) (7, 5.13227581977844238281e-01) (8, 1.66337127685546875000e+01) (9, -7.87722015380859375000e+00) (10, 2.52374839782714843750e+00) (11, -1.33777904510498046875e+00) (12, -1.99648380279541015625e+00) (13, 4.08786821365356445312e+00) (14, -4.79579782485961914062e+00) (15, -9.92104232311248779297e-01) (16, 2.27734470367431640625e+00) (17, 1.63624095916748046875e+01) (18, 1.62734687328338623047e+00) (0, -3.19101023674011230469e+00) (1, -5.96622562408447265625e+00) (2, 1.42031164169311523438e+01) (3, 1.37896203994750976562e+00) (4, -4.31296873092651367188e+00) (5, 2.89495062828063964844e+00) (6, 4.18779999017715454102e-01) (7, 8.80809307098388671875e+00) (8, -2.55234837532043457031e+00) (9, -6.10954952239990234375e+00) (10, -2.66647887229919433594e+00) (11, 4.75763988494873046875e+00) (12, -1.75761833786964416504e-01) (13, 1.94583587646484375000e+01) (14, 2.12763190269470214844e+00) (15, 1.05119457244873046875e+01) (16, -1.83845558166503906250e+01) (17, -2.92668253183364868164e-01) (18, -7.41376578807830810547e-02) (19, -7.92917668819427490234e-01) (20, -6.53099298477172851562e-01) (21, 6.82567656040191650391e-01) (19, 7.93672204017639160156e-01) (20, 6.53318941593170166016e-01) (21, -6.83206498622894287109e-01) 
