FANN_FLO_2.1
num_layers=4
learning_rate=0.500000
connection_rate=1.000000
network_type=0
learning_momentum=0.000000
training_algorithm=2
train_error_function=1
train_stop_function=0
cascade_output_change_fraction=0.010000
quickprop_decay=-0.000100
quickprop_mu=1.750000
rprop_increase_factor=1.200000
rprop_decrease_factor=0.500000
rprop_delta_min=0.000000
rprop_delta_max=50.000000
rprop_delta_zero=0.100000
cascade_output_stagnation_epochs=12
cascade_candidate_change_fraction=0.010000
cascade_candidate_stagnation_epochs=12
cascade_max_out_epochs=150
cascade_min_out_epochs=50
cascade_max_cand_epochs=150
cascade_min_cand_epochs=50
cascade_num_candidate_groups=2
bit_fail_limit=3.49999994039535522461e-01
cascade_candidate_limit=1.00000000000000000000e+03
cascade_weight_multiplier=4.00000005960464477539e-01
cascade_activation_functions_count=10
cascade_activation_functions=3 5 7 8 10 11 14 15 16 17 
cascade_activation_steepnesses_count=4
cascade_activation_steepnesses=2.50000000000000000000e-01 5.00000000000000000000e-01 7.50000000000000000000e-01 1.00000000000000000000e+00 
layer_sizes=10 5 3 2 
scale_included=0
neurons (num_inputs, activation_function, activation_steepness)=(0, 0, 0.00000000000000000000e+00) (0, 0, 0.00000000000000000000e+00) (0, 0, 0.00000000000000000000e+00) (0, 0, 0.00000000000000000000e+00) (0, 0, 0.00000000000000000000e+00) (0, 0, 0.00000000000000000000e+00) (0, 0, 0.00000000000000000000e+00) (0, 0, 0.00000000000000000000e+00) (0, 0, 0.00000000000000000000e+00) (0, 0, 0.00000000000000000000e+00) (10, 3, 5.00000000000000000000e-01) (10, 3, 5.00000000000000000000e-01) (10, 3, 5.00000000000000000000e-01) (10, 3, 5.00000000000000000000e-01) (0, 3, 0.00000000000000000000e+00) (5, 3, 5.00000000000000000000e-01) (5, 3, 5.00000000000000000000e-01) (0, 3, 0.00000000000000000000e+00) (3, 3, 5.00000000000000000000e-01) (0, 3, 0.00000000000000000000e+00) 
connections (connected_to_neuron, weight)=(0, -1.34274017333984375000e+02) (1, 4.40738469362258911133e-01) (2, 1.50000000000000000000e+03) (3, 2.14735198020935058594e+00) (4, -2.14958167076110839844e+00) (5, 8.54251289367675781250e+00) (6, 4.63997528076171875000e+02) (7, -1.47209545898437500000e+03) (8, 1.11068177223205566406e+00) (9, 8.73519802093505859375e+00) (0, 5.30450522899627685547e-01) (1, -5.54617500305175781250e+00) (2, 2.18272476196289062500e+01) (3, -3.00896120071411132812e+00) (4, -4.63308429718017578125e+00) (5, 2.72638499736785888672e-01) (6, -1.01028470993041992188e+01) (7, -1.57209837436676025391e+00) (8, -1.40114676952362060547e+00) (9, 8.79218339920043945312e-01) (0, -3.12674743652343750000e+02) (1, -9.24643874168395996094e-01) (2, 1.49932019042968750000e+03) (3, 7.91352033615112304688e+00) (4, 3.97842979431152343750e+00) (5, 4.23802757263183593750e+00) (6, 3.44866088867187500000e+02) (7, -1.19472607421875000000e+03) (8, -7.30285072326660156250e+00) (9, 5.20130014419555664062e+00) (0, -2.90342071533203125000e+02) (1, -1.53685331344604492188e+01) (2, 1.49940832519531250000e+03) (3, -2.73577938079833984375e+01) (4, -1.51120674610137939453e+00) (5, 5.79156684875488281250e+00) (6, 4.48110534667968750000e+02) (7, -1.16596850585937500000e+03) (8, -8.81998291015625000000e+01) (9, 2.15864682197570800781e+00) (10, -3.13804340362548828125e+00) (11, 8.73092079162597656250e+00) (12, -3.85524129867553710938e+00) (13, -2.75321102142333984375e+00) (14, 4.93562364578247070312e+00) (10, -3.58096337318420410156e+00) (11, 8.65380287170410156250e+00) (12, -3.20680141448974609375e+00) (13, -2.97864770889282226562e+00) (14, 4.89512586593627929688e+00) (15, 1.12635278701782226562e+00) (16, 1.11719799041748046875e+00) (17, -1.37800145149230957031e+00) 
