FANN_FLO_2.1
num_layers=4
learning_rate=0.400000
connection_rate=1.000000
network_type=0
learning_momentum=0.000000
training_algorithm=2
train_error_function=1
train_stop_function=0
cascade_output_change_fraction=0.010000
quickprop_decay=-0.000100
quickprop_mu=1.750000
rprop_increase_factor=1.200000
rprop_decrease_factor=0.500000
rprop_delta_min=0.000000
rprop_delta_max=50.000000
rprop_delta_zero=0.100000
cascade_output_stagnation_epochs=12
cascade_candidate_change_fraction=0.010000
cascade_candidate_stagnation_epochs=12
cascade_max_out_epochs=150
cascade_min_out_epochs=50
cascade_max_cand_epochs=150
cascade_min_cand_epochs=50
cascade_num_candidate_groups=2
bit_fail_limit=3.49999994039535522461e-01
cascade_candidate_limit=1.00000000000000000000e+03
cascade_weight_multiplier=4.00000005960464477539e-01
cascade_activation_functions_count=10
cascade_activation_functions=3 5 7 8 10 11 14 15 16 17 
cascade_activation_steepnesses_count=4
cascade_activation_steepnesses=2.50000000000000000000e-01 5.00000000000000000000e-01 7.50000000000000000000e-01 1.00000000000000000000e+00 
layer_sizes=7 3 3 2 
scale_included=0
neurons (num_inputs, activation_function, activation_steepness)=(0, 0, 0.00000000000000000000e+00) (0, 0, 0.00000000000000000000e+00) (0, 0, 0.00000000000000000000e+00) (0, 0, 0.00000000000000000000e+00) (0, 0, 0.00000000000000000000e+00) (0, 0, 0.00000000000000000000e+00) (0, 0, 0.00000000000000000000e+00) (7, 3, 5.00000000000000000000e-01) (7, 3, 5.00000000000000000000e-01) (0, 3, 0.00000000000000000000e+00) (3, 3, 5.00000000000000000000e-01) (3, 3, 5.00000000000000000000e-01) (0, 3, 0.00000000000000000000e+00) (3, 3, 5.00000000000000000000e-01) (0, 3, 0.00000000000000000000e+00) 
connections (connected_to_neuron, weight)=(0, -5.69510269165039062500e+00) (1, 4.96254110336303710938e+00) (2, -1.79306876659393310547e+00) (3, -1.25500464439392089844e+00) (4, -6.42025351524353027344e-01) (5, -5.29856491088867187500e+00) (6, 5.86484491825103759766e-01) (0, 3.93767857551574707031e+00) (1, -4.34708690643310546875e+00) (2, 6.62139534950256347656e-01) (3, -8.01085412502288818359e-01) (4, -2.17406615614891052246e-01) (5, 4.33481645584106445312e+00) (6, -4.43796730041503906250e+00) (7, 6.40535593032836914062e+00) (8, 8.08965587615966796875e+00) (9, -4.57182979583740234375e+00) (7, 1.20229673385620117188e+01) (8, 7.68314981460571289062e+00) (9, -2.56448698043823242188e+00) (10, -1.36029081344604492188e+01) (11, -7.11923003196716308594e-01) (12, -8.60570669174194335938e-01) 
