FANN_FLO_2.1
num_layers=3
learning_rate=0.400000
connection_rate=1.000000
network_type=0
learning_momentum=0.000000
training_algorithm=2
train_error_function=1
train_stop_function=0
cascade_output_change_fraction=0.010000
quickprop_decay=-0.000100
quickprop_mu=1.750000
rprop_increase_factor=1.200000
rprop_decrease_factor=0.500000
rprop_delta_min=0.000000
rprop_delta_max=50.000000
rprop_delta_zero=0.100000
cascade_output_stagnation_epochs=12
cascade_candidate_change_fraction=0.010000
cascade_candidate_stagnation_epochs=12
cascade_max_out_epochs=150
cascade_min_out_epochs=50
cascade_max_cand_epochs=150
cascade_min_cand_epochs=50
cascade_num_candidate_groups=2
bit_fail_limit=3.49999994039535522461e-01
cascade_candidate_limit=1.00000000000000000000e+03
cascade_weight_multiplier=4.00000005960464477539e-01
cascade_activation_functions_count=10
cascade_activation_functions=3 5 7 8 10 11 14 15 16 17 
cascade_activation_steepnesses_count=4
cascade_activation_steepnesses=2.50000000000000000000e-01 5.00000000000000000000e-01 7.50000000000000000000e-01 1.00000000000000000000e+00 
layer_sizes=7 5 2 
scale_included=0
neurons (num_inputs, activation_function, activation_steepness)=(0, 0, 0.00000000000000000000e+00) (0, 0, 0.00000000000000000000e+00) (0, 0, 0.00000000000000000000e+00) (0, 0, 0.00000000000000000000e+00) (0, 0, 0.00000000000000000000e+00) (0, 0, 0.00000000000000000000e+00) (0, 0, 0.00000000000000000000e+00) (7, 3, 5.00000000000000000000e-01) (7, 3, 5.00000000000000000000e-01) (7, 3, 5.00000000000000000000e-01) (7, 3, 5.00000000000000000000e-01) (0, 3, 0.00000000000000000000e+00) (5, 3, 5.00000000000000000000e-01) (0, 3, 0.00000000000000000000e+00) 
connections (connected_to_neuron, weight)=(0, -1.83056974411010742188e+00) (1, -2.49736762046813964844e+00) (2, 6.73885917663574218750e+00) (3, -2.78609275817871093750e+00) (4, 9.18898200988769531250e+00) (5, -1.31347398757934570312e+01) (6, -3.14279627799987792969e+00) (0, -3.80935907363891601562e+00) (1, -1.67512667179107666016e+00) (2, -1.87983405590057373047e+00) (3, 7.50140666961669921875e-01) (4, 1.26329469680786132812e+00) (5, -4.68467563390731811523e-01) (6, -5.21784162521362304688e+00) (0, -5.58458924293518066406e-01) (1, -2.60674834251403808594e+00) (2, -2.28157520294189453125e+00) (3, 2.58807992935180664062e+00) (4, 4.20416682958602905273e-01) (5, 6.49574756622314453125e+00) (6, -4.17795848846435546875e+00) (0, -3.78875112533569335938e+00) (1, -1.33581042289733886719e+00) (2, 2.51643109321594238281e+00) (3, 2.43471574783325195312e+00) (4, 2.68168210983276367188e+00) (5, -7.86465644836425781250e-01) (6, -3.50771546363830566406e+00) (7, 2.17275524139404296875e+00) (8, 3.33969451904296875000e+02) (9, 3.34338164329528808594e+00) (10, 1.75234901905059814453e+00) (11, -2.35140514373779296875e+00) 
