FANN_FLO_2.1
num_layers=3
learning_rate=0.400000
connection_rate=1.000000
network_type=0
learning_momentum=0.000000
training_algorithm=2
train_error_function=1
train_stop_function=0
cascade_output_change_fraction=0.010000
quickprop_decay=-0.000100
quickprop_mu=1.750000
rprop_increase_factor=1.200000
rprop_decrease_factor=0.500000
rprop_delta_min=0.000000
rprop_delta_max=50.000000
rprop_delta_zero=0.100000
cascade_output_stagnation_epochs=12
cascade_candidate_change_fraction=0.010000
cascade_candidate_stagnation_epochs=12
cascade_max_out_epochs=150
cascade_min_out_epochs=50
cascade_max_cand_epochs=150
cascade_min_cand_epochs=50
cascade_num_candidate_groups=2
bit_fail_limit=3.49999994039535522461e-01
cascade_candidate_limit=1.00000000000000000000e+03
cascade_weight_multiplier=4.00000005960464477539e-01
cascade_activation_functions_count=10
cascade_activation_functions=3 5 7 8 10 11 14 15 16 17 
cascade_activation_steepnesses_count=4
cascade_activation_steepnesses=2.50000000000000000000e-01 5.00000000000000000000e-01 7.50000000000000000000e-01 1.00000000000000000000e+00 
layer_sizes=7 5 2 
scale_included=0
neurons (num_inputs, activation_function, activation_steepness)=(0, 0, 0.00000000000000000000e+00) (0, 0, 0.00000000000000000000e+00) (0, 0, 0.00000000000000000000e+00) (0, 0, 0.00000000000000000000e+00) (0, 0, 0.00000000000000000000e+00) (0, 0, 0.00000000000000000000e+00) (0, 0, 0.00000000000000000000e+00) (7, 3, 5.00000000000000000000e-01) (7, 3, 5.00000000000000000000e-01) (7, 3, 5.00000000000000000000e-01) (7, 3, 5.00000000000000000000e-01) (0, 3, 0.00000000000000000000e+00) (5, 3, 5.00000000000000000000e-01) (0, 3, 0.00000000000000000000e+00) 
connections (connected_to_neuron, weight)=(0, 1.07904357910156250000e+01) (1, 2.40175533294677734375e+00) (2, -2.78825187683105468750e+00) (3, -5.85763788223266601562e+00) (4, -2.79198551177978515625e+00) (5, 8.48606050014495849609e-01) (6, 2.56575512886047363281e+00) (0, 5.73261201381683349609e-01) (1, 3.86145830154418945312e+00) (2, 2.58130049705505371094e+00) (3, -5.35910844802856445312e+00) (4, 7.63659238815307617188e+00) (5, -7.58003616333007812500e+00) (6, 2.29652428627014160156e+00) (0, -9.43046584725379943848e-02) (1, -8.87564659118652343750e-01) (2, 1.53978610038757324219e+00) (3, 7.52013564109802246094e-01) (4, 3.52980709075927734375e+00) (5, 1.52587306499481201172e+00) (6, -3.14389371871948242188e+00) (0, 2.06311154365539550781e+00) (1, -3.59831750392913818359e-01) (2, -1.68162214756011962891e+00) (3, -2.53019952774047851562e+00) (4, 5.85151195526123046875e+00) (5, -4.09306019544601440430e-01) (6, -1.15967845916748046875e+00) (7, -1.77866244316101074219e+00) (8, -2.81314992904663085938e+00) (9, 1.88898622989654541016e+00) (10, 2.94168186187744140625e+00) (11, 3.36879998445510864258e-01) 
