FANN_FLO_2.1
num_layers=4
learning_rate=0.500000
connection_rate=1.000000
network_type=0
learning_momentum=0.000000
training_algorithm=2
train_error_function=1
train_stop_function=0
cascade_output_change_fraction=0.010000
quickprop_decay=-0.000100
quickprop_mu=1.750000
rprop_increase_factor=1.200000
rprop_decrease_factor=0.500000
rprop_delta_min=0.000000
rprop_delta_max=50.000000
rprop_delta_zero=0.100000
cascade_output_stagnation_epochs=12
cascade_candidate_change_fraction=0.010000
cascade_candidate_stagnation_epochs=12
cascade_max_out_epochs=150
cascade_min_out_epochs=50
cascade_max_cand_epochs=150
cascade_min_cand_epochs=50
cascade_num_candidate_groups=2
bit_fail_limit=3.49999994039535522461e-01
cascade_candidate_limit=1.00000000000000000000e+03
cascade_weight_multiplier=4.00000005960464477539e-01
cascade_activation_functions_count=10
cascade_activation_functions=3 5 7 8 10 11 14 15 16 17 
cascade_activation_steepnesses_count=4
cascade_activation_steepnesses=2.50000000000000000000e-01 5.00000000000000000000e-01 7.50000000000000000000e-01 1.00000000000000000000e+00 
layer_sizes=10 5 3 2 
scale_included=0
neurons (num_inputs, activation_function, activation_steepness)=(0, 0, 0.00000000000000000000e+00) (0, 0, 0.00000000000000000000e+00) (0, 0, 0.00000000000000000000e+00) (0, 0, 0.00000000000000000000e+00) (0, 0, 0.00000000000000000000e+00) (0, 0, 0.00000000000000000000e+00) (0, 0, 0.00000000000000000000e+00) (0, 0, 0.00000000000000000000e+00) (0, 0, 0.00000000000000000000e+00) (0, 0, 0.00000000000000000000e+00) (10, 3, 5.00000000000000000000e-01) (10, 3, 5.00000000000000000000e-01) (10, 3, 5.00000000000000000000e-01) (10, 3, 5.00000000000000000000e-01) (0, 3, 0.00000000000000000000e+00) (5, 3, 5.00000000000000000000e-01) (5, 3, 5.00000000000000000000e-01) (0, 3, 0.00000000000000000000e+00) (3, 3, 5.00000000000000000000e-01) (0, 3, 0.00000000000000000000e+00) 
connections (connected_to_neuron, weight)=(0, 9.45280909538269042969e-01) (1, 8.60014736652374267578e-01) (2, -5.03764295578002929688e+00) (3, 1.75707077980041503906e+00) (4, 1.37531757354736328125e+00) (5, -1.64296188354492187500e+01) (6, 3.33106780052185058594e+00) (7, -1.21716248989105224609e+00) (8, -1.16293478012084960938e+00) (9, 3.47521090507507324219e+00) (0, 3.07120561599731445312e-01) (1, 1.97421360015869140625e+00) (2, 5.89074277877807617188e+00) (3, -9.55136418342590332031e-01) (4, 1.05519235134124755859e+00) (5, -1.60925030708312988281e+00) (6, -1.09462585449218750000e+01) (7, -7.35769629478454589844e-01) (8, -2.01862975955009460449e-02) (9, 2.28352427482604980469e+00) (0, -1.97881329059600830078e+00) (1, -6.69838380813598632812e+00) (2, 4.88699227571487426758e-01) (3, -2.41350097656250000000e+01) (4, 1.12608003616333007812e+00) (5, 2.31309070587158203125e+01) (6, -3.77436947822570800781e+00) (7, -7.61104285717010498047e-01) (8, -2.85582304000854492188e+00) (9, 2.84865403175354003906e+00) (0, 2.30709627270698547363e-01) (1, 2.51424002647399902344e+00) (2, 1.16111164093017578125e+01) (3, -5.03977584838867187500e+00) (4, 1.14724659919738769531e+00) (5, -2.34995985031127929688e+00) (6, -1.15473966598510742188e+01) (7, -5.46736419200897216797e-01) (8, -1.45454776287078857422e+00) (9, 2.16477394104003906250e+00) (10, -6.24892902374267578125e+00) (11, -1.25562942028045654297e+00) (12, -3.63177585601806640625e+00) (13, -1.58620297908782958984e+00) (14, 1.92403233051300048828e+00) (10, 1.08325223922729492188e+01) (11, 2.26985287666320800781e+00) (12, 3.71635955810546875000e+02) (13, 9.53384590148925781250e+00) (14, -6.26179885864257812500e+00) (15, -2.27138543128967285156e+00) (16, 1.22105050086975097656e+00) (17, -3.17951798439025878906e-01) 
