FANN_FLO_2.1
num_layers=4
learning_rate=0.500000
connection_rate=1.000000
network_type=0
learning_momentum=0.000000
training_algorithm=2
train_error_function=1
train_stop_function=0
cascade_output_change_fraction=0.010000
quickprop_decay=-0.000100
quickprop_mu=1.750000
rprop_increase_factor=1.200000
rprop_decrease_factor=0.500000
rprop_delta_min=0.000000
rprop_delta_max=50.000000
rprop_delta_zero=0.100000
cascade_output_stagnation_epochs=12
cascade_candidate_change_fraction=0.010000
cascade_candidate_stagnation_epochs=12
cascade_max_out_epochs=150
cascade_min_out_epochs=50
cascade_max_cand_epochs=150
cascade_min_cand_epochs=50
cascade_num_candidate_groups=2
bit_fail_limit=3.49999994039535522461e-01
cascade_candidate_limit=1.00000000000000000000e+03
cascade_weight_multiplier=4.00000005960464477539e-01
cascade_activation_functions_count=10
cascade_activation_functions=3 5 7 8 10 11 14 15 16 17 
cascade_activation_steepnesses_count=4
cascade_activation_steepnesses=2.50000000000000000000e-01 5.00000000000000000000e-01 7.50000000000000000000e-01 1.00000000000000000000e+00 
layer_sizes=10 5 3 2 
scale_included=0
neurons (num_inputs, activation_function, activation_steepness)=(0, 0, 0.00000000000000000000e+00) (0, 0, 0.00000000000000000000e+00) (0, 0, 0.00000000000000000000e+00) (0, 0, 0.00000000000000000000e+00) (0, 0, 0.00000000000000000000e+00) (0, 0, 0.00000000000000000000e+00) (0, 0, 0.00000000000000000000e+00) (0, 0, 0.00000000000000000000e+00) (0, 0, 0.00000000000000000000e+00) (0, 0, 0.00000000000000000000e+00) (10, 3, 5.00000000000000000000e-01) (10, 3, 5.00000000000000000000e-01) (10, 3, 5.00000000000000000000e-01) (10, 3, 5.00000000000000000000e-01) (0, 3, 0.00000000000000000000e+00) (5, 3, 5.00000000000000000000e-01) (5, 3, 5.00000000000000000000e-01) (0, 3, 0.00000000000000000000e+00) (3, 3, 5.00000000000000000000e-01) (0, 3, 0.00000000000000000000e+00) 
connections (connected_to_neuron, weight)=(0, -6.43906593322753906250e+00) (1, -1.07765789031982421875e+01) (2, 1.11991751194000244141e+00) (3, 6.50097656250000000000e+00) (4, -3.07342559099197387695e-01) (5, 9.47178554534912109375e+00) (6, 3.69299244880676269531e+00) (7, 4.95459079742431640625e+00) (8, 1.62323045730590820312e+00) (9, -4.26473283767700195312e+00) (0, -2.55047893524169921875e+00) (1, 3.05825304985046386719e+00) (2, 6.46964359283447265625e+00) (3, 1.47812807559967041016e+00) (4, -1.80368638038635253906e+00) (5, -9.34096431732177734375e+00) (6, 9.77485561370849609375e+00) (7, 6.39082372188568115234e-01) (8, 8.74641478061676025391e-01) (9, -7.94411003589630126953e-01) (0, -1.06697731018066406250e+01) (1, -4.95939350128173828125e+00) (2, -8.00493240356445312500e-01) (3, -4.20359568670392036438e-03) (4, -6.87256306409835815430e-02) (5, 3.55072927474975585938e+00) (6, 1.30668914318084716797e+00) (7, 1.25328273773193359375e+01) (8, 4.15921735763549804688e+00) (9, -5.45769274234771728516e-01) (0, -2.79873180389404296875e+00) (1, -4.46628189086914062500e+00) (2, 1.89942705631256103516e+00) (3, 6.20133817195892333984e-01) (4, -1.85211038589477539062e+00) (5, -4.17071580886840820312e-01) (6, 8.48022174835205078125e+00) (7, 1.67116117477416992188e+00) (8, 4.59583789110183715820e-01) (9, -1.50233602523803710938e+00) (10, 3.52871507406234741211e-01) (11, -7.84177720546722412109e-01) (12, 3.76546859741210937500e+00) (13, -1.18079814910888671875e+01) (14, 3.76544952392578125000e+00) (10, -1.88876247406005859375e+00) (11, -6.47707128524780273438e+00) (12, -1.40213978290557861328e+00) (13, -3.17708730697631835938e+00) (14, 8.27487373352050781250e+00) (15, -3.74607253074645996094e+00) (16, 4.54369878768920898438e+00) (17, 6.24332996085286140442e-03) 
