FANN_FLO_2.1
num_layers=4
learning_rate=0.500000
connection_rate=1.000000
network_type=0
learning_momentum=0.000000
training_algorithm=2
train_error_function=1
train_stop_function=0
cascade_output_change_fraction=0.010000
quickprop_decay=-0.000100
quickprop_mu=1.750000
rprop_increase_factor=1.200000
rprop_decrease_factor=0.500000
rprop_delta_min=0.000000
rprop_delta_max=50.000000
rprop_delta_zero=0.100000
cascade_output_stagnation_epochs=12
cascade_candidate_change_fraction=0.010000
cascade_candidate_stagnation_epochs=12
cascade_max_out_epochs=150
cascade_min_out_epochs=50
cascade_max_cand_epochs=150
cascade_min_cand_epochs=50
cascade_num_candidate_groups=2
bit_fail_limit=3.49999994039535522461e-01
cascade_candidate_limit=1.00000000000000000000e+03
cascade_weight_multiplier=4.00000005960464477539e-01
cascade_activation_functions_count=10
cascade_activation_functions=3 5 7 8 10 11 14 15 16 17 
cascade_activation_steepnesses_count=4
cascade_activation_steepnesses=2.50000000000000000000e-01 5.00000000000000000000e-01 7.50000000000000000000e-01 1.00000000000000000000e+00 
layer_sizes=10 3 3 2 
scale_included=0
neurons (num_inputs, activation_function, activation_steepness)=(0, 0, 0.00000000000000000000e+00) (0, 0, 0.00000000000000000000e+00) (0, 0, 0.00000000000000000000e+00) (0, 0, 0.00000000000000000000e+00) (0, 0, 0.00000000000000000000e+00) (0, 0, 0.00000000000000000000e+00) (0, 0, 0.00000000000000000000e+00) (0, 0, 0.00000000000000000000e+00) (0, 0, 0.00000000000000000000e+00) (0, 0, 0.00000000000000000000e+00) (10, 3, 5.00000000000000000000e-01) (10, 3, 5.00000000000000000000e-01) (0, 3, 0.00000000000000000000e+00) (3, 3, 5.00000000000000000000e-01) (3, 3, 5.00000000000000000000e-01) (0, 3, 0.00000000000000000000e+00) (3, 3, 5.00000000000000000000e-01) (0, 3, 0.00000000000000000000e+00) 
connections (connected_to_neuron, weight)=(0, 5.45269310474395751953e-01) (1, -1.49827027320861816406e+00) (2, -9.30748879909515380859e-01) (3, 4.09324854612350463867e-01) (4, -6.73917865753173828125e+00) (5, 4.94112873077392578125e+00) (6, -5.84895730018615722656e-01) (7, 7.44938993453979492188e+00) (8, 1.53396236896514892578e+00) (9, -1.41945469379425048828e+00) (0, -5.50077581405639648438e+00) (1, 7.38016963005065917969e-01) (2, -7.80355405807495117188e+00) (3, -6.50555372238159179688e-01) (4, 4.21363973617553710938e+00) (5, -2.46837329864501953125e+00) (6, 2.25137543678283691406e+00) (7, -4.06285285949707031250e+00) (8, -2.01253414154052734375e+00) (9, 3.64179825782775878906e+00) (10, -3.98763389587402343750e+01) (11, 1.50000000000000000000e+03) (12, -3.78580868244171142578e-01) (10, -5.09860496520996093750e+01) (11, 1.50000000000000000000e+03) (12, 1.88306361436843872070e-01) (13, 6.56266450881958007812e-01) (14, 1.10765826702117919922e+00) (15, -9.33625757694244384766e-01) 
