FANN_FLO_2.1
num_layers=3
learning_rate=0.400000
connection_rate=1.000000
network_type=0
learning_momentum=0.000000
training_algorithm=2
train_error_function=1
train_stop_function=0
cascade_output_change_fraction=0.010000
quickprop_decay=-0.000100
quickprop_mu=1.750000
rprop_increase_factor=1.200000
rprop_decrease_factor=0.500000
rprop_delta_min=0.000000
rprop_delta_max=50.000000
rprop_delta_zero=0.100000
cascade_output_stagnation_epochs=12
cascade_candidate_change_fraction=0.010000
cascade_candidate_stagnation_epochs=12
cascade_max_out_epochs=150
cascade_min_out_epochs=50
cascade_max_cand_epochs=150
cascade_min_cand_epochs=50
cascade_num_candidate_groups=2
bit_fail_limit=3.49999994039535522461e-01
cascade_candidate_limit=1.00000000000000000000e+03
cascade_weight_multiplier=4.00000005960464477539e-01
cascade_activation_functions_count=10
cascade_activation_functions=3 5 7 8 10 11 14 15 16 17 
cascade_activation_steepnesses_count=4
cascade_activation_steepnesses=2.50000000000000000000e-01 5.00000000000000000000e-01 7.50000000000000000000e-01 1.00000000000000000000e+00 
layer_sizes=7 5 2 
scale_included=0
neurons (num_inputs, activation_function, activation_steepness)=(0, 0, 0.00000000000000000000e+00) (0, 0, 0.00000000000000000000e+00) (0, 0, 0.00000000000000000000e+00) (0, 0, 0.00000000000000000000e+00) (0, 0, 0.00000000000000000000e+00) (0, 0, 0.00000000000000000000e+00) (0, 0, 0.00000000000000000000e+00) (7, 3, 5.00000000000000000000e-01) (7, 3, 5.00000000000000000000e-01) (7, 3, 5.00000000000000000000e-01) (7, 3, 5.00000000000000000000e-01) (0, 3, 0.00000000000000000000e+00) (5, 3, 5.00000000000000000000e-01) (0, 3, 0.00000000000000000000e+00) 
connections (connected_to_neuron, weight)=(0, 1.66689395904541015625e+01) (1, -1.78172073364257812500e+01) (2, 9.75125598907470703125e+00) (3, -5.10523557662963867188e+00) (4, -4.14989769458770751953e-01) (5, -3.10604095458984375000e+00) (6, 4.51828193664550781250e+00) (0, -1.69794235229492187500e+01) (1, 1.61655654907226562500e+01) (2, -4.15651130676269531250e+00) (3, -5.54050922393798828125e-01) (4, -1.19688034057617187500e+00) (5, -5.33887863159179687500e+00) (6, 2.03731298446655273438e-01) (0, -2.91377377510070800781e+00) (1, -4.55724763870239257812e+00) (2, 6.65407276153564453125e+00) (3, -4.86640453338623046875e+00) (4, -1.98910391330718994141e+00) (5, 1.21567115783691406250e+01) (6, -4.28228765726089477539e-01) (0, -1.36627089977264404297e+00) (1, -5.02850914001464843750e+00) (2, 4.72585105895996093750e+00) (3, -5.49688768386840820312e+00) (4, -1.57274699211120605469e+00) (5, 1.50000000000000000000e+03) (6, 8.21815872192382812500e+00) (7, -2.51043987274169921875e+00) (8, -5.59188175201416015625e+00) (9, -2.66567587852478027344e+00) (10, -5.80677032470703125000e-01) (11, 1.19568753242492675781e+00) 
