FANN_FLO_2.1
num_layers=4
learning_rate=0.500000
connection_rate=1.000000
network_type=0
learning_momentum=0.000000
training_algorithm=2
train_error_function=1
train_stop_function=0
cascade_output_change_fraction=0.010000
quickprop_decay=-0.000100
quickprop_mu=1.750000
rprop_increase_factor=1.200000
rprop_decrease_factor=0.500000
rprop_delta_min=0.000000
rprop_delta_max=50.000000
rprop_delta_zero=0.100000
cascade_output_stagnation_epochs=12
cascade_candidate_change_fraction=0.010000
cascade_candidate_stagnation_epochs=12
cascade_max_out_epochs=150
cascade_min_out_epochs=50
cascade_max_cand_epochs=150
cascade_min_cand_epochs=50
cascade_num_candidate_groups=2
bit_fail_limit=3.49999994039535522461e-01
cascade_candidate_limit=1.00000000000000000000e+03
cascade_weight_multiplier=4.00000005960464477539e-01
cascade_activation_functions_count=10
cascade_activation_functions=3 5 7 8 10 11 14 15 16 17 
cascade_activation_steepnesses_count=4
cascade_activation_steepnesses=2.50000000000000000000e-01 5.00000000000000000000e-01 7.50000000000000000000e-01 1.00000000000000000000e+00 
layer_sizes=10 5 3 2 
scale_included=0
neurons (num_inputs, activation_function, activation_steepness)=(0, 0, 0.00000000000000000000e+00) (0, 0, 0.00000000000000000000e+00) (0, 0, 0.00000000000000000000e+00) (0, 0, 0.00000000000000000000e+00) (0, 0, 0.00000000000000000000e+00) (0, 0, 0.00000000000000000000e+00) (0, 0, 0.00000000000000000000e+00) (0, 0, 0.00000000000000000000e+00) (0, 0, 0.00000000000000000000e+00) (0, 0, 0.00000000000000000000e+00) (10, 3, 5.00000000000000000000e-01) (10, 3, 5.00000000000000000000e-01) (10, 3, 5.00000000000000000000e-01) (10, 3, 5.00000000000000000000e-01) (0, 3, 0.00000000000000000000e+00) (5, 3, 5.00000000000000000000e-01) (5, 3, 5.00000000000000000000e-01) (0, 3, 0.00000000000000000000e+00) (3, 3, 5.00000000000000000000e-01) (0, 3, 0.00000000000000000000e+00) 
connections (connected_to_neuron, weight)=(0, 3.55088067054748535156e+00) (1, -1.03172597885131835938e+01) (2, 2.14088859558105468750e+01) (3, 3.71635222434997558594e+00) (4, -1.65575199127197265625e+01) (5, 1.61444644927978515625e+01) (6, 1.00003461837768554688e+01) (7, -7.35343551635742187500e+00) (8, -2.17781124114990234375e+01) (9, 3.87289428710937500000e+00) (0, 6.26468372344970703125e+00) (1, -1.11752738952636718750e+01) (2, 2.28839874267578125000e+01) (3, -1.76710498332977294922e+00) (4, -2.17106323242187500000e+01) (5, 1.29548110961914062500e+01) (6, 2.08829903602600097656e+00) (7, -1.40548410415649414062e+01) (8, -6.62066698074340820312e+00) (9, 2.90573143959045410156e+00) (0, 2.14264559745788574219e+00) (1, -6.17627239227294921875e+00) (2, 1.94074649810791015625e+01) (3, 9.58710384368896484375e+00) (4, -3.88243522644042968750e+01) (5, 1.88114738464355468750e+01) (6, 2.17980022430419921875e+01) (7, -1.19986677169799804688e+01) (8, -1.80590648651123046875e+01) (9, 3.70491671562194824219e+00) (0, 4.81487131118774414062e+00) (1, -2.40191764831542968750e+01) (2, 1.93804702758789062500e+01) (3, 2.11819362640380859375e+00) (4, -8.70793151855468750000e+00) (5, 1.17163934707641601562e+01) (6, -2.44190096855163574219e+00) (7, -5.71247148513793945312e+00) (8, -1.33118019104003906250e+01) (9, 3.83200049400329589844e+00) (10, -3.49180173873901367188e+00) (11, 1.43178138732910156250e+01) (12, -5.96689558029174804688e+00) (13, -6.45301961898803710938e+00) (14, 2.29716849327087402344e+00) (10, -2.51065039634704589844e+00) (11, 1.76098906993865966797e+00) (12, 1.09783101081848144531e+00) (13, -6.52725124359130859375e+00) (14, 4.92602437734603881836e-01) (15, 1.75410890579223632812e+00) (16, 7.25705444812774658203e-01) (17, -1.16173470020294189453e+00) 
