FANN_FLO_2.1
num_layers=3
learning_rate=0.400000
connection_rate=1.000000
network_type=0
learning_momentum=0.000000
training_algorithm=2
train_error_function=1
train_stop_function=0
cascade_output_change_fraction=0.010000
quickprop_decay=-0.000100
quickprop_mu=1.750000
rprop_increase_factor=1.200000
rprop_decrease_factor=0.500000
rprop_delta_min=0.000000
rprop_delta_max=50.000000
rprop_delta_zero=0.100000
cascade_output_stagnation_epochs=12
cascade_candidate_change_fraction=0.010000
cascade_candidate_stagnation_epochs=12
cascade_max_out_epochs=150
cascade_min_out_epochs=50
cascade_max_cand_epochs=150
cascade_min_cand_epochs=50
cascade_num_candidate_groups=2
bit_fail_limit=3.49999994039535522461e-01
cascade_candidate_limit=1.00000000000000000000e+03
cascade_weight_multiplier=4.00000005960464477539e-01
cascade_activation_functions_count=10
cascade_activation_functions=3 5 7 8 10 11 14 15 16 17 
cascade_activation_steepnesses_count=4
cascade_activation_steepnesses=2.50000000000000000000e-01 5.00000000000000000000e-01 7.50000000000000000000e-01 1.00000000000000000000e+00 
layer_sizes=7 5 2 
scale_included=0
neurons (num_inputs, activation_function, activation_steepness)=(0, 0, 0.00000000000000000000e+00) (0, 0, 0.00000000000000000000e+00) (0, 0, 0.00000000000000000000e+00) (0, 0, 0.00000000000000000000e+00) (0, 0, 0.00000000000000000000e+00) (0, 0, 0.00000000000000000000e+00) (0, 0, 0.00000000000000000000e+00) (7, 3, 5.00000000000000000000e-01) (7, 3, 5.00000000000000000000e-01) (7, 3, 5.00000000000000000000e-01) (7, 3, 5.00000000000000000000e-01) (0, 3, 0.00000000000000000000e+00) (5, 3, 5.00000000000000000000e-01) (0, 3, 0.00000000000000000000e+00) 
connections (connected_to_neuron, weight)=(0, -5.91568279266357421875e+00) (1, 1.35071599483489990234e+00) (2, 4.26983165740966796875e+00) (3, -1.11996960639953613281e+00) (4, -6.77779078483581542969e-01) (5, 5.23985266685485839844e-01) (6, 4.91171884536743164062e+00) (0, 3.63149809837341308594e+00) (1, -5.15286684036254882812e+00) (2, 5.36511838436126708984e-01) (3, -4.29485559463500976562e+00) (4, -9.95262265205383300781e-01) (5, 4.96678161621093750000e+00) (6, -3.08756828308105468750e+00) (0, -6.06701564788818359375e+00) (1, 5.15351629257202148438e+00) (2, -3.15273666381835937500e+00) (3, -2.85016465187072753906e+00) (4, -1.06203699111938476562e+00) (5, -6.66069936752319335938e+00) (6, 4.88488614559173583984e-01) (0, -1.98784840106964111328e+00) (1, 5.28390845283865928650e-03) (2, -2.61001300811767578125e+00) (3, -4.92310333251953125000e+00) (4, -1.41635906696319580078e+00) (5, 1.01169371604919433594e+00) (6, 1.02512049674987792969e+00) (7, -1.46672701835632324219e+00) (8, -1.31543531417846679688e+01) (9, -1.48205070495605468750e+01) (10, 1.04595117568969726562e+01) (11, -8.24863091111183166504e-02) 
