FANN_FLO_2.1
num_layers=3
learning_rate=0.500000
connection_rate=1.000000
network_type=0
learning_momentum=0.000000
training_algorithm=2
train_error_function=1
train_stop_function=0
cascade_output_change_fraction=0.010000
quickprop_decay=-0.000100
quickprop_mu=1.750000
rprop_increase_factor=1.200000
rprop_decrease_factor=0.500000
rprop_delta_min=0.000000
rprop_delta_max=50.000000
rprop_delta_zero=0.100000
cascade_output_stagnation_epochs=12
cascade_candidate_change_fraction=0.010000
cascade_candidate_stagnation_epochs=12
cascade_max_out_epochs=150
cascade_min_out_epochs=50
cascade_max_cand_epochs=150
cascade_min_cand_epochs=50
cascade_num_candidate_groups=2
bit_fail_limit=3.49999994039535522461e-01
cascade_candidate_limit=1.00000000000000000000e+03
cascade_weight_multiplier=4.00000005960464477539e-01
cascade_activation_functions_count=10
cascade_activation_functions=3 5 7 8 10 11 14 15 16 17 
cascade_activation_steepnesses_count=4
cascade_activation_steepnesses=2.50000000000000000000e-01 5.00000000000000000000e-01 7.50000000000000000000e-01 1.00000000000000000000e+00 
layer_sizes=10 5 2 
scale_included=0
neurons (num_inputs, activation_function, activation_steepness)=(0, 0, 0.00000000000000000000e+00) (0, 0, 0.00000000000000000000e+00) (0, 0, 0.00000000000000000000e+00) (0, 0, 0.00000000000000000000e+00) (0, 0, 0.00000000000000000000e+00) (0, 0, 0.00000000000000000000e+00) (0, 0, 0.00000000000000000000e+00) (0, 0, 0.00000000000000000000e+00) (0, 0, 0.00000000000000000000e+00) (0, 0, 0.00000000000000000000e+00) (10, 3, 5.00000000000000000000e-01) (10, 3, 5.00000000000000000000e-01) (10, 3, 5.00000000000000000000e-01) (10, 3, 5.00000000000000000000e-01) (0, 3, 0.00000000000000000000e+00) (5, 3, 5.00000000000000000000e-01) (0, 3, 0.00000000000000000000e+00) 
connections (connected_to_neuron, weight)=(0, 1.58647036552429199219e+00) (1, 8.16995525360107421875e+00) (2, 1.43022909164428710938e+01) (3, 3.37079715728759765625e+00) (4, -1.01543033123016357422e+00) (5, 9.75938856601715087891e-01) (6, 2.12903261184692382812e+00) (7, 6.82993698120117187500e+00) (8, -2.24178161621093750000e+01) (9, -2.53911018371582031250e+00) (0, 2.01842379570007324219e+00) (1, 1.03541164398193359375e+01) (2, 1.37739810943603515625e+01) (3, -4.13434839248657226562e+00) (4, -1.58374285697937011719e+00) (5, 1.29295349121093750000e+01) (6, -1.02132310867309570312e+01) (7, -1.31787633895874023438e+01) (8, -1.10581283569335937500e+01) (9, -1.51707756519317626953e+00) (0, 3.13206851482391357422e-01) (1, 4.81138944625854492188e-01) (2, -2.49576473236083984375e+01) (3, 1.06032514572143554688e+00) (4, 2.60493493080139160156e+00) (5, -2.18577136993408203125e+01) (6, 1.16789889335632324219e+00) (7, 2.69821137189865112305e-01) (8, 1.57199621200561523438e+01) (9, -2.25699588656425476074e-01) (0, 2.25978732109069824219e+00) (1, 2.09695892333984375000e+01) (2, 9.50580418109893798828e-01) (3, -3.45003461837768554688e+00) (4, -4.67742061614990234375e+00) (5, -3.10483002662658691406e+00) (6, -2.42230558395385742188e+00) (7, -8.06996726989746093750e+00) (8, -3.36567187309265136719e+00) (9, -3.60182553529739379883e-01) (10, -2.30650424957275390625e+00) (11, 1.92524588108062744141e+00) (12, 2.75095796585083007812e+00) (13, 1.36892271041870117188e+00) (14, -1.15449801087379455566e-01) 
