FANN_FLO_2.1
num_layers=3
learning_rate=0.400000
connection_rate=1.000000
network_type=0
learning_momentum=0.000000
training_algorithm=2
train_error_function=1
train_stop_function=0
cascade_output_change_fraction=0.010000
quickprop_decay=-0.000100
quickprop_mu=1.750000
rprop_increase_factor=1.200000
rprop_decrease_factor=0.500000
rprop_delta_min=0.000000
rprop_delta_max=50.000000
rprop_delta_zero=0.100000
cascade_output_stagnation_epochs=12
cascade_candidate_change_fraction=0.010000
cascade_candidate_stagnation_epochs=12
cascade_max_out_epochs=150
cascade_min_out_epochs=50
cascade_max_cand_epochs=150
cascade_min_cand_epochs=50
cascade_num_candidate_groups=2
bit_fail_limit=3.49999994039535522461e-01
cascade_candidate_limit=1.00000000000000000000e+03
cascade_weight_multiplier=4.00000005960464477539e-01
cascade_activation_functions_count=10
cascade_activation_functions=3 5 7 8 10 11 14 15 16 17 
cascade_activation_steepnesses_count=4
cascade_activation_steepnesses=2.50000000000000000000e-01 5.00000000000000000000e-01 7.50000000000000000000e-01 1.00000000000000000000e+00 
layer_sizes=7 5 2 
scale_included=0
neurons (num_inputs, activation_function, activation_steepness)=(0, 0, 0.00000000000000000000e+00) (0, 0, 0.00000000000000000000e+00) (0, 0, 0.00000000000000000000e+00) (0, 0, 0.00000000000000000000e+00) (0, 0, 0.00000000000000000000e+00) (0, 0, 0.00000000000000000000e+00) (0, 0, 0.00000000000000000000e+00) (7, 3, 5.00000000000000000000e-01) (7, 3, 5.00000000000000000000e-01) (7, 3, 5.00000000000000000000e-01) (7, 3, 5.00000000000000000000e-01) (0, 3, 0.00000000000000000000e+00) (5, 3, 5.00000000000000000000e-01) (0, 3, 0.00000000000000000000e+00) 
connections (connected_to_neuron, weight)=(0, -3.03368300199508666992e-01) (1, 3.92127180099487304688e+00) (2, 1.31941056251525878906e+00) (3, -2.96803116798400878906e+00) (4, 4.14028978347778320312e+00) (5, -9.36269378662109375000e+00) (6, 4.76495265960693359375e+00) (0, -9.25928115844726562500e-01) (1, -1.00723087787628173828e+00) (2, 8.71915370225906372070e-02) (3, -2.57253646850585937500e-01) (4, 3.94135475158691406250e+00) (5, -2.00045228004455566406e+00) (6, 3.21513533592224121094e-01) (0, 1.15100889205932617188e+01) (1, 1.71352791786193847656e+00) (2, -3.22801017761230468750e+00) (3, -7.71859788894653320312e+00) (4, 6.78132951259613037109e-01) (5, 5.02175903320312500000e+00) (6, 1.00077068805694580078e+00) (0, -6.04210495948791503906e-01) (1, -8.84043216705322265625e-01) (2, 8.19561481475830078125e-01) (3, 5.86717009544372558594e-01) (4, 2.94492840766906738281e+00) (5, -7.06417977809906005859e-01) (6, -2.38780468702316284180e-01) (7, -3.33651995658874511719e+00) (8, 3.07660341262817382812e+00) (9, -1.78962242603302001953e+00) (10, 2.42182064056396484375e+00) (11, 1.34657800197601318359e-01) 
