FANN_FLO_2.1
num_layers=3
learning_rate=0.500000
connection_rate=1.000000
network_type=0
learning_momentum=0.000000
training_algorithm=2
train_error_function=1
train_stop_function=0
cascade_output_change_fraction=0.010000
quickprop_decay=-0.000100
quickprop_mu=1.750000
rprop_increase_factor=1.200000
rprop_decrease_factor=0.500000
rprop_delta_min=0.000000
rprop_delta_max=50.000000
rprop_delta_zero=0.100000
cascade_output_stagnation_epochs=12
cascade_candidate_change_fraction=0.010000
cascade_candidate_stagnation_epochs=12
cascade_max_out_epochs=150
cascade_min_out_epochs=50
cascade_max_cand_epochs=150
cascade_min_cand_epochs=50
cascade_num_candidate_groups=2
bit_fail_limit=3.49999994039535522461e-01
cascade_candidate_limit=1.00000000000000000000e+03
cascade_weight_multiplier=4.00000005960464477539e-01
cascade_activation_functions_count=10
cascade_activation_functions=3 5 7 8 10 11 14 15 16 17 
cascade_activation_steepnesses_count=4
cascade_activation_steepnesses=2.50000000000000000000e-01 5.00000000000000000000e-01 7.50000000000000000000e-01 1.00000000000000000000e+00 
layer_sizes=10 5 2 
scale_included=0
neurons (num_inputs, activation_function, activation_steepness)=(0, 0, 0.00000000000000000000e+00) (0, 0, 0.00000000000000000000e+00) (0, 0, 0.00000000000000000000e+00) (0, 0, 0.00000000000000000000e+00) (0, 0, 0.00000000000000000000e+00) (0, 0, 0.00000000000000000000e+00) (0, 0, 0.00000000000000000000e+00) (0, 0, 0.00000000000000000000e+00) (0, 0, 0.00000000000000000000e+00) (0, 0, 0.00000000000000000000e+00) (10, 3, 5.00000000000000000000e-01) (10, 3, 5.00000000000000000000e-01) (10, 3, 5.00000000000000000000e-01) (10, 3, 5.00000000000000000000e-01) (0, 3, 0.00000000000000000000e+00) (5, 3, 5.00000000000000000000e-01) (0, 3, 0.00000000000000000000e+00) 
connections (connected_to_neuron, weight)=(0, 5.42953729629516601562e-01) (1, 8.94569110870361328125e+00) (2, -7.35591650009155273438e-01) (3, -8.86553525924682617188e-01) (4, 2.06022644042968750000e+00) (5, 9.99903774261474609375e+00) (6, 2.98541140556335449219e+00) (7, 1.02281713485717773438e+00) (8, -2.44423217773437500000e+01) (9, -4.68287080526351928711e-01) (0, -1.98925960063934326172e+00) (1, -2.61420893669128417969e+00) (2, -1.72718582153320312500e+01) (3, 1.27235186100006103516e+00) (4, 6.62382173538208007812e+00) (5, -1.65967521667480468750e+01) (6, 1.02100734710693359375e+01) (7, 4.42458438873291015625e+00) (8, -4.43500471115112304688e+00) (9, -3.34075897932052612305e-01) (0, 4.18170499801635742188e+00) (1, 6.43307113647460937500e+00) (2, 7.93334579467773437500e+00) (3, -3.61600041389465332031e+00) (4, -1.78804445266723632812e+00) (5, 5.45032262802124023438e+00) (6, -3.93723797798156738281e+00) (7, -1.33532686233520507812e+01) (8, -2.53265595436096191406e+00) (9, -1.38052845001220703125e+00) (0, 1.50000000000000000000e+03) (1, 1.50000000000000000000e+03) (2, 1.66925315856933593750e+01) (3, 2.40804028511047363281e+00) (4, 5.71402013301849365234e-01) (5, 1.50000000000000000000e+03) (6, 1.50000000000000000000e+03) (7, 1.50000000000000000000e+03) (8, 1.50000000000000000000e+03) (9, 2.76298046112060546875e-01) (10, -1.28560698032379150391e+00) (11, 3.44358253479003906250e+00) (12, 3.43573904037475585938e+00) (13, -1.38724863529205322266e+00) (14, 9.38898548483848571777e-02) 
