FANN_FLO_2.1
num_layers=3
learning_rate=0.400000
connection_rate=1.000000
network_type=0
learning_momentum=0.000000
training_algorithm=2
train_error_function=1
train_stop_function=0
cascade_output_change_fraction=0.010000
quickprop_decay=-0.000100
quickprop_mu=1.750000
rprop_increase_factor=1.200000
rprop_decrease_factor=0.500000
rprop_delta_min=0.000000
rprop_delta_max=50.000000
rprop_delta_zero=0.100000
cascade_output_stagnation_epochs=12
cascade_candidate_change_fraction=0.010000
cascade_candidate_stagnation_epochs=12
cascade_max_out_epochs=150
cascade_min_out_epochs=50
cascade_max_cand_epochs=150
cascade_min_cand_epochs=50
cascade_num_candidate_groups=2
bit_fail_limit=3.49999994039535522461e-01
cascade_candidate_limit=1.00000000000000000000e+03
cascade_weight_multiplier=4.00000005960464477539e-01
cascade_activation_functions_count=10
cascade_activation_functions=3 5 7 8 10 11 14 15 16 17 
cascade_activation_steepnesses_count=4
cascade_activation_steepnesses=2.50000000000000000000e-01 5.00000000000000000000e-01 7.50000000000000000000e-01 1.00000000000000000000e+00 
layer_sizes=7 5 2 
scale_included=0
neurons (num_inputs, activation_function, activation_steepness)=(0, 0, 0.00000000000000000000e+00) (0, 0, 0.00000000000000000000e+00) (0, 0, 0.00000000000000000000e+00) (0, 0, 0.00000000000000000000e+00) (0, 0, 0.00000000000000000000e+00) (0, 0, 0.00000000000000000000e+00) (0, 0, 0.00000000000000000000e+00) (7, 3, 5.00000000000000000000e-01) (7, 3, 5.00000000000000000000e-01) (7, 3, 5.00000000000000000000e-01) (7, 3, 5.00000000000000000000e-01) (0, 3, 0.00000000000000000000e+00) (5, 3, 5.00000000000000000000e-01) (0, 3, 0.00000000000000000000e+00) 
connections (connected_to_neuron, weight)=(0, 1.64633154869079589844e+00) (1, 1.49749958515167236328e+00) (2, -5.30208110809326171875e+00) (3, -3.40482664108276367188e+00) (4, -7.23843479156494140625e+00) (5, 1.84782066345214843750e+01) (6, 1.58083593845367431641e+00) (0, 1.79571666717529296875e+01) (1, 1.54976940155029296875e+00) (2, 1.98992693424224853516e+00) (3, -1.80144035816192626953e+00) (4, -3.80517339706420898438e+00) (5, -1.75649428367614746094e+00) (6, -9.48361039161682128906e-01) (0, -9.72113668918609619141e-01) (1, -9.56084311008453369141e-01) (2, -1.32651519775390625000e+00) (3, 1.69427227973937988281e+00) (4, 1.82471841573715209961e-01) (5, 3.54802131652832031250e+00) (6, -2.59356951713562011719e+00) (0, 3.56918364763259887695e-01) (1, 9.19814467430114746094e-01) (2, -2.53012776374816894531e+00) (3, -5.83952724933624267578e-01) (4, -1.59456181526184082031e+00) (5, -2.12370783090591430664e-01) (6, 1.22302937507629394531e+00) (7, -2.69907665252685546875e+00) (8, -1.08320748805999755859e+00) (9, 5.84359788894653320312e+00) (10, -1.42924690246582031250e+00) (11, 1.23022234439849853516e+00) 
