FANN_FLO_2.1
num_layers=3
learning_rate=0.500000
connection_rate=1.000000
network_type=0
learning_momentum=0.000000
training_algorithm=2
train_error_function=1
train_stop_function=0
cascade_output_change_fraction=0.010000
quickprop_decay=-0.000100
quickprop_mu=1.750000
rprop_increase_factor=1.200000
rprop_decrease_factor=0.500000
rprop_delta_min=0.000000
rprop_delta_max=50.000000
rprop_delta_zero=0.100000
cascade_output_stagnation_epochs=12
cascade_candidate_change_fraction=0.010000
cascade_candidate_stagnation_epochs=12
cascade_max_out_epochs=150
cascade_min_out_epochs=50
cascade_max_cand_epochs=150
cascade_min_cand_epochs=50
cascade_num_candidate_groups=2
bit_fail_limit=3.49999994039535522461e-01
cascade_candidate_limit=1.00000000000000000000e+03
cascade_weight_multiplier=4.00000005960464477539e-01
cascade_activation_functions_count=10
cascade_activation_functions=3 5 7 8 10 11 14 15 16 17 
cascade_activation_steepnesses_count=4
cascade_activation_steepnesses=2.50000000000000000000e-01 5.00000000000000000000e-01 7.50000000000000000000e-01 1.00000000000000000000e+00 
layer_sizes=10 5 2 
scale_included=0
neurons (num_inputs, activation_function, activation_steepness)=(0, 0, 0.00000000000000000000e+00) (0, 0, 0.00000000000000000000e+00) (0, 0, 0.00000000000000000000e+00) (0, 0, 0.00000000000000000000e+00) (0, 0, 0.00000000000000000000e+00) (0, 0, 0.00000000000000000000e+00) (0, 0, 0.00000000000000000000e+00) (0, 0, 0.00000000000000000000e+00) (0, 0, 0.00000000000000000000e+00) (0, 0, 0.00000000000000000000e+00) (10, 3, 5.00000000000000000000e-01) (10, 3, 5.00000000000000000000e-01) (10, 3, 5.00000000000000000000e-01) (10, 3, 5.00000000000000000000e-01) (0, 3, 0.00000000000000000000e+00) (5, 3, 5.00000000000000000000e-01) (0, 3, 0.00000000000000000000e+00) 
connections (connected_to_neuron, weight)=(0, -3.83319199085235595703e-01) (1, 2.89355087280273437500e+00) (2, 1.69536256790161132812e+00) (3, 6.23104572296142578125e-01) (4, 2.15147161483764648438e+00) (5, -1.33539543151855468750e+01) (6, -2.76891779899597167969e+00) (7, 7.34722077846527099609e-01) (8, -3.36339116096496582031e+00) (9, 1.81168213486671447754e-01) (0, 4.75537866353988647461e-01) (1, 1.20361824035644531250e+01) (2, 3.99695634841918945312e+00) (3, 1.06655925512313842773e-01) (4, 8.46221268177032470703e-01) (5, 1.32747256755828857422e+00) (6, -7.21849346160888671875e+00) (7, -6.11437463760375976562e+00) (8, -7.66027784347534179688e+00) (9, 2.43091508746147155762e-02) (0, 3.71170310974121093750e+01) (1, -4.56520414352416992188e+00) (2, -3.10321068763732910156e+00) (3, 6.06544613838195800781e-01) (4, -2.62461495399475097656e+00) (5, -5.75535774230957031250e-01) (6, -1.66242766380310058594e+00) (7, -4.34663391113281250000e+00) (8, -1.37350816726684570312e+01) (9, 1.19553816318511962891e+00) (0, -1.01762139797210693359e+00) (1, 3.37224245071411132812e-01) (2, 1.81383478641510009766e+00) (3, 2.68259495496749877930e-01) (4, 1.43461666107177734375e+01) (5, 7.50568103790283203125e+00) (6, 2.74838984012603759766e-01) (7, 1.41927540302276611328e+00) (8, 4.42697906494140625000e+00) (9, -8.80863571166992187500e+00) (10, 3.11462998390197753906e+00) (11, 4.23729610443115234375e+00) (12, -4.03687477111816406250e+00) (13, 1.07541322708129882812e+00) (14, -2.44775936007499694824e-01) 
