FANN_FLO_2.1
num_layers=4
learning_rate=0.500000
connection_rate=1.000000
network_type=0
learning_momentum=0.000000
training_algorithm=2
train_error_function=1
train_stop_function=0
cascade_output_change_fraction=0.010000
quickprop_decay=-0.000100
quickprop_mu=1.750000
rprop_increase_factor=1.200000
rprop_decrease_factor=0.500000
rprop_delta_min=0.000000
rprop_delta_max=50.000000
rprop_delta_zero=0.100000
cascade_output_stagnation_epochs=12
cascade_candidate_change_fraction=0.010000
cascade_candidate_stagnation_epochs=12
cascade_max_out_epochs=150
cascade_min_out_epochs=50
cascade_max_cand_epochs=150
cascade_min_cand_epochs=50
cascade_num_candidate_groups=2
bit_fail_limit=3.49999994039535522461e-01
cascade_candidate_limit=1.00000000000000000000e+03
cascade_weight_multiplier=4.00000005960464477539e-01
cascade_activation_functions_count=10
cascade_activation_functions=3 5 7 8 10 11 14 15 16 17 
cascade_activation_steepnesses_count=4
cascade_activation_steepnesses=2.50000000000000000000e-01 5.00000000000000000000e-01 7.50000000000000000000e-01 1.00000000000000000000e+00 
layer_sizes=2 5 3 3 
scale_included=0
neurons (num_inputs, activation_function, activation_steepness)=(0, 0, 0.00000000000000000000e+00) (0, 0, 0.00000000000000000000e+00) (2, 3, 5.00000000000000000000e-01) (2, 3, 5.00000000000000000000e-01) (2, 3, 5.00000000000000000000e-01) (2, 3, 5.00000000000000000000e-01) (0, 3, 0.00000000000000000000e+00) (5, 3, 5.00000000000000000000e-01) (5, 3, 5.00000000000000000000e-01) (0, 3, 0.00000000000000000000e+00) (3, 0, 5.00000000000000000000e-01) (3, 0, 5.00000000000000000000e-01) (0, 0, 0.00000000000000000000e+00) 
connections (connected_to_neuron, weight)=(0, -2.56136631965637207031e+00) (1, -7.59705257415771484375e+00) (0, -8.48964843750000000000e+02) (1, 1.07661560058593750000e+02) (0, -2.50928993225097656250e+01) (1, 1.29356396198272705078e+00) (0, -1.31219377517700195312e+01) (1, 4.06178569793701171875e+00) (2, 1.49999987792968750000e+03) (3, -3.38107204437255859375e+00) (4, -4.06508398056030273438e+00) (5, 7.99928045272827148438e+00) (6, -1.92193579673767089844e+00) (2, -1.40871887207031250000e+03) (3, 5.40010258555412292480e-03) (4, -2.26715922355651855469e+00) (5, -4.90321826934814453125e+00) (6, 4.69474220275878906250e+00) (7, -2.73759579658508300781e+00) (8, -1.13449144363403320312e+00) (9, 1.52917301654815673828e+00) (7, 1.36525893211364746094e+00) (8, -4.01764822006225585938e+00) (9, 1.52492845058441162109e+00) 
