FANN_FLO_2.1
num_layers=3
learning_rate=0.500000
connection_rate=1.000000
network_type=0
learning_momentum=0.000000
training_algorithm=2
train_error_function=1
train_stop_function=0
cascade_output_change_fraction=0.010000
quickprop_decay=-0.000100
quickprop_mu=1.750000
rprop_increase_factor=1.200000
rprop_decrease_factor=0.500000
rprop_delta_min=0.000000
rprop_delta_max=50.000000
rprop_delta_zero=0.100000
cascade_output_stagnation_epochs=12
cascade_candidate_change_fraction=0.010000
cascade_candidate_stagnation_epochs=12
cascade_max_out_epochs=150
cascade_min_out_epochs=50
cascade_max_cand_epochs=150
cascade_min_cand_epochs=50
cascade_num_candidate_groups=2
bit_fail_limit=3.49999994039535522461e-01
cascade_candidate_limit=1.00000000000000000000e+03
cascade_weight_multiplier=4.00000005960464477539e-01
cascade_activation_functions_count=10
cascade_activation_functions=3 5 7 8 10 11 14 15 16 17 
cascade_activation_steepnesses_count=4
cascade_activation_steepnesses=2.50000000000000000000e-01 5.00000000000000000000e-01 7.50000000000000000000e-01 1.00000000000000000000e+00 
layer_sizes=10 5 2 
scale_included=0
neurons (num_inputs, activation_function, activation_steepness)=(0, 0, 0.00000000000000000000e+00) (0, 0, 0.00000000000000000000e+00) (0, 0, 0.00000000000000000000e+00) (0, 0, 0.00000000000000000000e+00) (0, 0, 0.00000000000000000000e+00) (0, 0, 0.00000000000000000000e+00) (0, 0, 0.00000000000000000000e+00) (0, 0, 0.00000000000000000000e+00) (0, 0, 0.00000000000000000000e+00) (0, 0, 0.00000000000000000000e+00) (10, 3, 5.00000000000000000000e-01) (10, 3, 5.00000000000000000000e-01) (10, 3, 5.00000000000000000000e-01) (10, 3, 5.00000000000000000000e-01) (0, 3, 0.00000000000000000000e+00) (5, 3, 5.00000000000000000000e-01) (0, 3, 0.00000000000000000000e+00) 
connections (connected_to_neuron, weight)=(0, -4.60595041513442993164e-01) (1, -7.77068883180618286133e-02) (2, -1.49872143554687500000e+03) (3, 4.02577686309814453125e+00) (4, 5.05021139979362487793e-02) (5, -1.21338033676147460938e+01) (6, 2.84967088699340820312e+00) (7, 2.79418420791625976562e+00) (8, 3.70223297119140625000e+02) (9, 3.87245923280715942383e-01) (0, -1.55501353740692138672e+00) (1, -2.76056170463562011719e-01) (2, -1.49998986816406250000e+03) (3, 1.24018597602844238281e+00) (4, 7.34912753105163574219e-02) (5, -6.98444890975952148438e+00) (6, 1.99835610389709472656e+00) (7, 2.36614918708801269531e+00) (8, 3.70254547119140625000e+02) (9, 4.54086542129516601562e-01) (0, -2.12164640426635742188e+00) (1, -7.60769367218017578125e-01) (2, -1.49979052734375000000e+03) (3, 2.15783762931823730469e+00) (4, 8.38256403803825378418e-02) (5, -6.72900772094726562500e+00) (6, 1.31649184226989746094e+00) (7, 1.75596415996551513672e+00) (8, 3.70435791015625000000e+02) (9, 6.74747407436370849609e-01) (0, 4.08264827728271484375e+00) (1, 1.99779357910156250000e+01) (2, 3.50428056716918945312e+00) (3, -3.41616177558898925781e+00) (4, -5.12175941467285156250e+00) (5, 1.02264137268066406250e+01) (6, -2.60702095031738281250e+01) (7, -9.32602119445800781250e+00) (8, -2.13886952400207519531e+00) (9, 2.76880049705505371094e+00) (10, 1.32617151737213134766e+00) (11, 1.41765141487121582031e+00) (12, 1.46531057357788085938e+00) (13, 3.99879384040832519531e+00) (14, -3.10353040695190429688e+00) 
