FANN_FLO_2.1
num_layers=3
learning_rate=0.400000
connection_rate=1.000000
network_type=0
learning_momentum=0.000000
training_algorithm=2
train_error_function=1
train_stop_function=0
cascade_output_change_fraction=0.010000
quickprop_decay=-0.000100
quickprop_mu=1.750000
rprop_increase_factor=1.200000
rprop_decrease_factor=0.500000
rprop_delta_min=0.000000
rprop_delta_max=50.000000
rprop_delta_zero=0.100000
cascade_output_stagnation_epochs=12
cascade_candidate_change_fraction=0.010000
cascade_candidate_stagnation_epochs=12
cascade_max_out_epochs=150
cascade_min_out_epochs=50
cascade_max_cand_epochs=150
cascade_min_cand_epochs=50
cascade_num_candidate_groups=2
bit_fail_limit=3.49999994039535522461e-01
cascade_candidate_limit=1.00000000000000000000e+03
cascade_weight_multiplier=4.00000005960464477539e-01
cascade_activation_functions_count=10
cascade_activation_functions=3 5 7 8 10 11 14 15 16 17 
cascade_activation_steepnesses_count=4
cascade_activation_steepnesses=2.50000000000000000000e-01 5.00000000000000000000e-01 7.50000000000000000000e-01 1.00000000000000000000e+00 
layer_sizes=7 9 2 
scale_included=0
neurons (num_inputs, activation_function, activation_steepness)=(0, 0, 0.00000000000000000000e+00) (0, 0, 0.00000000000000000000e+00) (0, 0, 0.00000000000000000000e+00) (0, 0, 0.00000000000000000000e+00) (0, 0, 0.00000000000000000000e+00) (0, 0, 0.00000000000000000000e+00) (0, 0, 0.00000000000000000000e+00) (7, 3, 5.00000000000000000000e-01) (7, 3, 5.00000000000000000000e-01) (7, 3, 5.00000000000000000000e-01) (7, 3, 5.00000000000000000000e-01) (7, 3, 5.00000000000000000000e-01) (7, 3, 5.00000000000000000000e-01) (7, 3, 5.00000000000000000000e-01) (7, 3, 5.00000000000000000000e-01) (0, 3, 0.00000000000000000000e+00) (9, 3, 5.00000000000000000000e-01) (0, 3, 0.00000000000000000000e+00) 
connections (connected_to_neuron, weight)=(0, -4.25226449966430664062e+00) (1, -2.55113959312438964844e+00) (2, -2.37188100814819335938e+00) (3, -2.26199746131896972656e-01) (4, 2.89304924011230468750e+00) (5, 3.20621633529663085938e+00) (6, -2.49392080307006835938e+00) (0, -3.63884186744689941406e+00) (1, 3.65445971488952636719e-01) (2, 6.92722201347351074219e-01) (3, -2.14591646194458007812e+00) (4, -1.82259547710418701172e+00) (5, 7.04143583774566650391e-01) (6, 1.67407286167144775391e+00) (0, 3.79423379898071289062e-01) (1, -1.61088478565216064453e+00) (2, -2.44050550460815429688e+00) (3, 1.19856190681457519531e+00) (4, -1.57326221466064453125e+00) (5, 6.43511819839477539062e+00) (6, -2.33243608474731445312e+00) (0, -5.33857011795043945312e+00) (1, -2.76174879074096679688e+00) (2, 3.58555436134338378906e-01) (3, 2.03047370910644531250e+00) (4, 1.53819870948791503906e+00) (5, 2.08733916282653808594e+00) (6, -1.70474827289581298828e+00) (0, 2.78899371623992919922e-01) (1, 3.70899558067321777344e-01) (2, 1.08594226837158203125e+00) (3, -1.45910930633544921875e+00) (4, 9.26861226558685302734e-01) (5, 1.17466831207275390625e+00) (6, -1.28492105007171630859e+00) (0, -3.69621396064758300781e+00) (1, 4.59723591804504394531e-01) (2, 4.65860217809677124023e-01) (3, -1.55470979213714599609e+00) (4, -9.86610114574432373047e-01) (5, 1.20617294311523437500e+00) (6, 7.69035279750823974609e-01) (0, 2.69113445281982421875e+00) (1, 1.35606184601783752441e-01) (2, -3.95309901237487792969e+00) (3, -5.58158445358276367188e+00) (4, -4.89405632019042968750e+00) (5, 1.51316709518432617188e+01) (6, 8.53818058967590332031e-01) (0, -5.62349700927734375000e+00) (1, -2.40235662460327148438e+00) (2, -6.14490270614624023438e-01) (3, 8.59600186347961425781e-01) (4, 1.84846889972686767578e+00) (5, 1.45949423313140869141e+00) (6, -1.98544383049011230469e+00) (7, 1.01041793823242187500e+00) (8, -9.42239403724670410156e-01) (9, 3.32033824920654296875e+00) (10, 1.96655416488647460938e+00) (11, 1.17289018630981445312e+00) (12, -2.54770374298095703125e+00) (13, -2.79102325439453125000e+00) (14, 4.17110204696655273438e+00) (15, -5.40380440652370452881e-02) 
