FANN_FLO_2.1
num_layers=3
learning_rate=0.400000
connection_rate=1.000000
network_type=0
learning_momentum=0.000000
training_algorithm=2
train_error_function=1
train_stop_function=0
cascade_output_change_fraction=0.010000
quickprop_decay=-0.000100
quickprop_mu=1.750000
rprop_increase_factor=1.200000
rprop_decrease_factor=0.500000
rprop_delta_min=0.000000
rprop_delta_max=50.000000
rprop_delta_zero=0.100000
cascade_output_stagnation_epochs=12
cascade_candidate_change_fraction=0.010000
cascade_candidate_stagnation_epochs=12
cascade_max_out_epochs=150
cascade_min_out_epochs=50
cascade_max_cand_epochs=150
cascade_min_cand_epochs=50
cascade_num_candidate_groups=2
bit_fail_limit=3.49999994039535522461e-01
cascade_candidate_limit=1.00000000000000000000e+03
cascade_weight_multiplier=4.00000005960464477539e-01
cascade_activation_functions_count=10
cascade_activation_functions=3 5 7 8 10 11 14 15 16 17 
cascade_activation_steepnesses_count=4
cascade_activation_steepnesses=2.50000000000000000000e-01 5.00000000000000000000e-01 7.50000000000000000000e-01 1.00000000000000000000e+00 
layer_sizes=7 5 2 
scale_included=0
neurons (num_inputs, activation_function, activation_steepness)=(0, 0, 0.00000000000000000000e+00) (0, 0, 0.00000000000000000000e+00) (0, 0, 0.00000000000000000000e+00) (0, 0, 0.00000000000000000000e+00) (0, 0, 0.00000000000000000000e+00) (0, 0, 0.00000000000000000000e+00) (0, 0, 0.00000000000000000000e+00) (7, 3, 5.00000000000000000000e-01) (7, 3, 5.00000000000000000000e-01) (7, 3, 5.00000000000000000000e-01) (7, 3, 5.00000000000000000000e-01) (0, 3, 0.00000000000000000000e+00) (5, 3, 5.00000000000000000000e-01) (0, 3, 0.00000000000000000000e+00) 
connections (connected_to_neuron, weight)=(0, 8.44246923923492431641e-01) (1, 7.84822762012481689453e-01) (2, -3.58970022201538085938e+00) (3, 4.69490736722946166992e-01) (4, -4.31364536285400390625e+00) (5, 7.75912284851074218750e+00) (6, 1.79368925094604492188e+00) (0, -5.70254802703857421875e-01) (1, -2.72711348533630371094e+00) (2, -2.20634031295776367188e+00) (3, 4.04876518249511718750e+00) (4, -1.43893730640411376953e+00) (5, 8.97006320953369140625e+00) (6, -5.19039297103881835938e+00) (0, -7.96653842926025390625e+00) (1, -3.72229862213134765625e+00) (2, 9.46266502141952514648e-02) (3, 1.65451800823211669922e+00) (4, 2.24205303192138671875e+00) (5, 1.12015426158905029297e+00) (6, -5.97911655902862548828e-01) (0, 3.61191463470458984375e+00) (1, -1.06539523601531982422e+00) (2, -5.36345481872558593750e-01) (3, 5.60403168201446533203e-02) (4, 3.56311249732971191406e+00) (5, -1.08810355886816978455e-02) (6, -1.43393611907958984375e+00) (7, -3.23089885711669921875e+00) (8, 2.77664685249328613281e+00) (9, 3.55834913253784179688e+00) (10, 1.19621002674102783203e+00) (11, -2.61991351842880249023e-01) 
