FANN_FLO_2.1
num_layers=4
learning_rate=0.500000
connection_rate=1.000000
network_type=0
learning_momentum=0.000000
training_algorithm=2
train_error_function=1
train_stop_function=0
cascade_output_change_fraction=0.010000
quickprop_decay=-0.000100
quickprop_mu=1.750000
rprop_increase_factor=1.200000
rprop_decrease_factor=0.500000
rprop_delta_min=0.000000
rprop_delta_max=50.000000
rprop_delta_zero=0.100000
cascade_output_stagnation_epochs=12
cascade_candidate_change_fraction=0.010000
cascade_candidate_stagnation_epochs=12
cascade_max_out_epochs=150
cascade_min_out_epochs=50
cascade_max_cand_epochs=150
cascade_min_cand_epochs=50
cascade_num_candidate_groups=2
bit_fail_limit=3.49999994039535522461e-01
cascade_candidate_limit=1.00000000000000000000e+03
cascade_weight_multiplier=4.00000005960464477539e-01
cascade_activation_functions_count=10
cascade_activation_functions=3 5 7 8 10 11 14 15 16 17 
cascade_activation_steepnesses_count=4
cascade_activation_steepnesses=2.50000000000000000000e-01 5.00000000000000000000e-01 7.50000000000000000000e-01 1.00000000000000000000e+00 
layer_sizes=2 5 3 3 
scale_included=0
neurons (num_inputs, activation_function, activation_steepness)=(0, 0, 0.00000000000000000000e+00) (0, 0, 0.00000000000000000000e+00) (2, 3, 5.00000000000000000000e-01) (2, 3, 5.00000000000000000000e-01) (2, 3, 5.00000000000000000000e-01) (2, 3, 5.00000000000000000000e-01) (0, 3, 0.00000000000000000000e+00) (5, 3, 5.00000000000000000000e-01) (5, 3, 5.00000000000000000000e-01) (0, 3, 0.00000000000000000000e+00) (3, 0, 5.00000000000000000000e-01) (3, 0, 5.00000000000000000000e-01) (0, 0, 0.00000000000000000000e+00) 
connections (connected_to_neuron, weight)=(0, 1.13120775222778320312e+01) (1, -3.11040782928466796875e+00) (0, 3.82426643371582031250e+01) (1, -7.67894685268402099609e-01) (0, 9.79749011993408203125e+00) (1, -4.66769361495971679688e+00) (0, 1.35471830368041992188e+01) (1, -2.60521578788757324219e+00) (2, -1.06904494762420654297e+00) (3, 1.04357278347015380859e+00) (4, -3.86787152290344238281e+00) (5, -1.18010234832763671875e+00) (6, 1.27968370914459228516e+00) (2, 3.01071381568908691406e+00) (3, 2.91771149635314941406e+00) (4, -6.58519172668457031250e+00) (5, 2.63267779350280761719e+00) (6, -4.14069032669067382812e+00) (7, -2.78012061119079589844e+00) (8, -3.33297228813171386719e+00) (9, 2.40032243728637695312e+00) (7, 4.12362241744995117188e+00) (8, -1.91053712368011474609e+00) (9, -1.24873065948486328125e+00) 
