FANN_FLO_2.1
num_layers=3
learning_rate=0.400000
connection_rate=1.000000
network_type=0
learning_momentum=0.000000
training_algorithm=2
train_error_function=1
train_stop_function=0
cascade_output_change_fraction=0.010000
quickprop_decay=-0.000100
quickprop_mu=1.750000
rprop_increase_factor=1.200000
rprop_decrease_factor=0.500000
rprop_delta_min=0.000000
rprop_delta_max=50.000000
rprop_delta_zero=0.100000
cascade_output_stagnation_epochs=12
cascade_candidate_change_fraction=0.010000
cascade_candidate_stagnation_epochs=12
cascade_max_out_epochs=150
cascade_min_out_epochs=50
cascade_max_cand_epochs=150
cascade_min_cand_epochs=50
cascade_num_candidate_groups=2
bit_fail_limit=3.49999994039535522461e-01
cascade_candidate_limit=1.00000000000000000000e+03
cascade_weight_multiplier=4.00000005960464477539e-01
cascade_activation_functions_count=10
cascade_activation_functions=3 5 7 8 10 11 14 15 16 17 
cascade_activation_steepnesses_count=4
cascade_activation_steepnesses=2.50000000000000000000e-01 5.00000000000000000000e-01 7.50000000000000000000e-01 1.00000000000000000000e+00 
layer_sizes=7 5 2 
scale_included=0
neurons (num_inputs, activation_function, activation_steepness)=(0, 0, 0.00000000000000000000e+00) (0, 0, 0.00000000000000000000e+00) (0, 0, 0.00000000000000000000e+00) (0, 0, 0.00000000000000000000e+00) (0, 0, 0.00000000000000000000e+00) (0, 0, 0.00000000000000000000e+00) (0, 0, 0.00000000000000000000e+00) (7, 3, 5.00000000000000000000e-01) (7, 3, 5.00000000000000000000e-01) (7, 3, 5.00000000000000000000e-01) (7, 3, 5.00000000000000000000e-01) (0, 3, 0.00000000000000000000e+00) (5, 3, 5.00000000000000000000e-01) (0, 3, 0.00000000000000000000e+00) 
connections (connected_to_neuron, weight)=(0, 2.42162513732910156250e+00) (1, -1.64601182937622070312e+00) (2, 8.80780935287475585938e-01) (3, 1.50125932693481445312e+00) (4, 2.07595157623291015625e+00) (5, -9.04201567173004150391e-01) (6, -3.18965941667556762695e-01) (0, 1.24643707275390625000e+00) (1, 1.27013003826141357422e+00) (2, -3.42564177513122558594e+00) (3, -3.37852430343627929688e+00) (4, -3.46111655235290527344e+00) (5, 1.06587467193603515625e+01) (6, 3.90912324190139770508e-01) (0, 1.41380186080932617188e+01) (1, 1.86985313892364501953e+00) (2, 2.71156692504882812500e+00) (3, -2.36410284042358398438e+00) (4, -3.51056122779846191406e+00) (5, -1.92810475826263427734e+00) (6, 4.20769304037094116211e-01) (0, -1.70773351192474365234e+00) (1, -1.15643525123596191406e+00) (2, -1.92206287384033203125e+00) (3, 2.05172610282897949219e+00) (4, -5.13890922069549560547e-01) (5, 5.96048927307128906250e+00) (6, -3.08023285865783691406e+00) (7, 1.82482993602752685547e+00) (8, -3.25272178649902343750e+00) (9, -1.68565320968627929688e+00) (10, 4.33689641952514648438e+00) (11, 3.45828950405120849609e-01) 
