FANN_FLO_2.1
num_layers=3
learning_rate=0.500000
connection_rate=1.000000
network_type=0
learning_momentum=0.000000
training_algorithm=2
train_error_function=1
train_stop_function=0
cascade_output_change_fraction=0.010000
quickprop_decay=-0.000100
quickprop_mu=1.750000
rprop_increase_factor=1.200000
rprop_decrease_factor=0.500000
rprop_delta_min=0.000000
rprop_delta_max=50.000000
rprop_delta_zero=0.100000
cascade_output_stagnation_epochs=12
cascade_candidate_change_fraction=0.010000
cascade_candidate_stagnation_epochs=12
cascade_max_out_epochs=150
cascade_min_out_epochs=50
cascade_max_cand_epochs=150
cascade_min_cand_epochs=50
cascade_num_candidate_groups=2
bit_fail_limit=3.49999994039535522461e-01
cascade_candidate_limit=1.00000000000000000000e+03
cascade_weight_multiplier=4.00000005960464477539e-01
cascade_activation_functions_count=10
cascade_activation_functions=3 5 7 8 10 11 14 15 16 17 
cascade_activation_steepnesses_count=4
cascade_activation_steepnesses=2.50000000000000000000e-01 5.00000000000000000000e-01 7.50000000000000000000e-01 1.00000000000000000000e+00 
layer_sizes=10 5 2 
scale_included=0
neurons (num_inputs, activation_function, activation_steepness)=(0, 0, 0.00000000000000000000e+00) (0, 0, 0.00000000000000000000e+00) (0, 0, 0.00000000000000000000e+00) (0, 0, 0.00000000000000000000e+00) (0, 0, 0.00000000000000000000e+00) (0, 0, 0.00000000000000000000e+00) (0, 0, 0.00000000000000000000e+00) (0, 0, 0.00000000000000000000e+00) (0, 0, 0.00000000000000000000e+00) (0, 0, 0.00000000000000000000e+00) (10, 3, 5.00000000000000000000e-01) (10, 3, 5.00000000000000000000e-01) (10, 3, 5.00000000000000000000e-01) (10, 3, 5.00000000000000000000e-01) (0, 3, 0.00000000000000000000e+00) (5, 3, 5.00000000000000000000e-01) (0, 3, 0.00000000000000000000e+00) 
connections (connected_to_neuron, weight)=(0, 2.42573451995849609375e+01) (1, 3.38575065135955810547e-01) (2, 1.71848068237304687500e+01) (3, 1.36840075254440307617e-01) (4, 1.35991847515106201172e+00) (5, 6.25416326522827148438e+00) (6, -3.92125606536865234375e+00) (7, -3.40755796432495117188e+00) (8, -2.95404720306396484375e+01) (9, 5.30448102951049804688e+00) (0, 6.08778715133666992188e+00) (1, 1.57256498336791992188e+01) (2, 3.56017756462097167969e+00) (3, 2.97465276718139648438e+00) (4, 5.31765103340148925781e-01) (5, 1.16368694305419921875e+01) (6, -1.41092281341552734375e+01) (7, -1.26666650772094726562e+01) (8, -1.68321495056152343750e+01) (9, -2.20041108131408691406e+00) (0, 4.29450988769531250000e+01) (1, -2.13038349151611328125e+00) (2, -1.93154764175415039062e+00) (3, 5.74566304683685302734e-01) (4, -1.42083197832107543945e-01) (5, -5.76343387365341186523e-02) (6, -4.81760025024414062500e+00) (7, -3.21735143661499023438e+00) (8, -2.39450473785400390625e+01) (9, 2.88492321968078613281e+00) (0, 1.25666171312332153320e-01) (1, 1.20596385002136230469e+00) (2, 1.75382161140441894531e+00) (3, 2.38771462440490722656e+00) (4, 6.62787139415740966797e-01) (5, -3.90786437988281250000e+01) (6, 7.99400568008422851562e+00) (7, 2.79102396965026855469e+00) (8, 1.02873554229736328125e+01) (9, -1.82921111583709716797e-01) (10, -5.72131395339965820312e-01) (11, 2.54924273490905761719e+00) (12, -1.93820774555206298828e+00) (13, 2.43689370155334472656e+00) (14, 8.63089144229888916016e-01) 
