FANN_FLO_2.1
num_layers=3
learning_rate=0.400000
connection_rate=1.000000
network_type=0
learning_momentum=0.000000
training_algorithm=2
train_error_function=1
train_stop_function=0
cascade_output_change_fraction=0.010000
quickprop_decay=-0.000100
quickprop_mu=1.750000
rprop_increase_factor=1.200000
rprop_decrease_factor=0.500000
rprop_delta_min=0.000000
rprop_delta_max=50.000000
rprop_delta_zero=0.100000
cascade_output_stagnation_epochs=12
cascade_candidate_change_fraction=0.010000
cascade_candidate_stagnation_epochs=12
cascade_max_out_epochs=150
cascade_min_out_epochs=50
cascade_max_cand_epochs=150
cascade_min_cand_epochs=50
cascade_num_candidate_groups=2
bit_fail_limit=3.49999994039535522461e-01
cascade_candidate_limit=1.00000000000000000000e+03
cascade_weight_multiplier=4.00000005960464477539e-01
cascade_activation_functions_count=10
cascade_activation_functions=3 5 7 8 10 11 14 15 16 17 
cascade_activation_steepnesses_count=4
cascade_activation_steepnesses=2.50000000000000000000e-01 5.00000000000000000000e-01 7.50000000000000000000e-01 1.00000000000000000000e+00 
layer_sizes=7 5 2 
scale_included=0
neurons (num_inputs, activation_function, activation_steepness)=(0, 0, 0.00000000000000000000e+00) (0, 0, 0.00000000000000000000e+00) (0, 0, 0.00000000000000000000e+00) (0, 0, 0.00000000000000000000e+00) (0, 0, 0.00000000000000000000e+00) (0, 0, 0.00000000000000000000e+00) (0, 0, 0.00000000000000000000e+00) (7, 3, 5.00000000000000000000e-01) (7, 3, 5.00000000000000000000e-01) (7, 3, 5.00000000000000000000e-01) (7, 3, 5.00000000000000000000e-01) (0, 3, 0.00000000000000000000e+00) (5, 3, 5.00000000000000000000e-01) (0, 3, 0.00000000000000000000e+00) 
connections (connected_to_neuron, weight)=(0, -1.34216094017028808594e+00) (1, 2.39018702507019042969e+00) (2, 3.19742035865783691406e+00) (3, 1.16721725463867187500e+01) (4, -1.73671741485595703125e+01) (5, -3.83642941713333129883e-01) (6, 1.14512932300567626953e+00) (0, 3.64768433570861816406e+00) (1, 3.37401890754699707031e+00) (2, 5.23939228057861328125e+00) (3, -2.53283905982971191406e+00) (4, -2.18963766098022460938e+00) (5, -4.38697719573974609375e+00) (6, 2.32839059829711914062e+00) (0, 1.50000000000000000000e+03) (1, 1.50000000000000000000e+03) (2, 1.50000000000000000000e+03) (3, 1.50000000000000000000e+03) (4, 1.49866845703125000000e+03) (5, 1.50000000000000000000e+03) (6, 5.68653631210327148438e+00) (0, 1.29281604290008544922e+00) (1, 2.72918486595153808594e+00) (2, -1.37550199031829833984e+00) (3, -9.49683856964111328125e+00) (4, 2.55431723594665527344e+00) (5, -1.07997693121433258057e-02) (6, 4.54634094238281250000e+00) (7, -1.95955240726470947266e+00) (8, -2.16278076171875000000e+00) (9, 1.74744808673858642578e+00) (10, -2.45536303520202636719e+00) (11, 2.55207324028015136719e+00) 
