FANN_FLO_2.1
num_layers=4
learning_rate=0.500000
connection_rate=1.000000
network_type=0
learning_momentum=0.000000
training_algorithm=2
train_error_function=1
train_stop_function=0
cascade_output_change_fraction=0.010000
quickprop_decay=-0.000100
quickprop_mu=1.750000
rprop_increase_factor=1.200000
rprop_decrease_factor=0.500000
rprop_delta_min=0.000000
rprop_delta_max=50.000000
rprop_delta_zero=0.100000
cascade_output_stagnation_epochs=12
cascade_candidate_change_fraction=0.010000
cascade_candidate_stagnation_epochs=12
cascade_max_out_epochs=150
cascade_min_out_epochs=50
cascade_max_cand_epochs=150
cascade_min_cand_epochs=50
cascade_num_candidate_groups=2
bit_fail_limit=3.49999994039535522461e-01
cascade_candidate_limit=1.00000000000000000000e+03
cascade_weight_multiplier=4.00000005960464477539e-01
cascade_activation_functions_count=10
cascade_activation_functions=3 5 7 8 10 11 14 15 16 17 
cascade_activation_steepnesses_count=4
cascade_activation_steepnesses=2.50000000000000000000e-01 5.00000000000000000000e-01 7.50000000000000000000e-01 1.00000000000000000000e+00 
layer_sizes=10 5 3 2 
scale_included=0
neurons (num_inputs, activation_function, activation_steepness)=(0, 0, 0.00000000000000000000e+00) (0, 0, 0.00000000000000000000e+00) (0, 0, 0.00000000000000000000e+00) (0, 0, 0.00000000000000000000e+00) (0, 0, 0.00000000000000000000e+00) (0, 0, 0.00000000000000000000e+00) (0, 0, 0.00000000000000000000e+00) (0, 0, 0.00000000000000000000e+00) (0, 0, 0.00000000000000000000e+00) (0, 0, 0.00000000000000000000e+00) (10, 3, 5.00000000000000000000e-01) (10, 3, 5.00000000000000000000e-01) (10, 3, 5.00000000000000000000e-01) (10, 3, 5.00000000000000000000e-01) (0, 3, 0.00000000000000000000e+00) (5, 3, 5.00000000000000000000e-01) (5, 3, 5.00000000000000000000e-01) (0, 3, 0.00000000000000000000e+00) (3, 3, 5.00000000000000000000e-01) (0, 3, 0.00000000000000000000e+00) 
connections (connected_to_neuron, weight)=(0, 2.45681419968605041504e-01) (1, -9.71564388275146484375e+00) (2, 3.54504299163818359375e+00) (3, 9.36237215995788574219e-01) (4, -2.28748250007629394531e+00) (5, 2.00296592712402343750e+00) (6, 7.45526790618896484375e-01) (7, 1.42625856399536132812e+01) (8, 6.82455348968505859375e+00) (9, -6.49672365188598632812e+00) (0, 7.50723898410797119141e-01) (1, -1.27833105468750000000e+03) (2, 4.44018006324768066406e-01) (3, 3.81983520507812500000e+02) (4, 3.92409423828125000000e+02) (5, 1.51234376430511474609e+00) (6, 5.36447257995605468750e+01) (7, 9.47222137451171875000e+00) (8, 5.59227867126464843750e+01) (9, -2.01668310165405273438e+00) (0, 3.21460098028182983398e-01) (1, -1.30213565826416015625e+01) (2, 7.61186218261718750000e+00) (3, 1.02226078510284423828e+00) (4, -2.47309923171997070312e+00) (5, 2.21843600273132324219e+00) (6, 2.81279754638671875000e+00) (7, 1.12809247970581054688e+01) (8, -2.59664821624755859375e+00) (9, -3.84217643737792968750e+00) (0, 9.12723124027252197266e-01) (1, 8.86794128417968750000e+02) (2, -2.25509262084960937500e+00) (3, -1.12705432128906250000e+03) (4, -1.15645581054687500000e+03) (5, -4.76325469970703125000e+02) (6, -8.34696472167968750000e+02) (7, -1.36859765625000000000e+03) (8, -9.79288391113281250000e+02) (9, -7.76282548904418945312e-01) (10, -8.07013416290283203125e+00) (11, 9.53559684753417968750e+00) (12, -1.58667159080505371094e+00) (13, 1.50000000000000000000e+03) (14, 1.73285365104675292969e+00) (10, -4.24586248397827148438e+00) (11, 8.68857002258300781250e+00) (12, -4.72324180603027343750e+00) (13, 1.50000000000000000000e+03) (14, 4.69373798370361328125e+00) (15, 5.98076760768890380859e-01) (16, 1.45641899108886718750e+00) (17, -1.07275557518005371094e+00) 
