FANN_FLO_2.1
num_layers=4
learning_rate=0.500000
connection_rate=1.000000
network_type=0
learning_momentum=0.000000
training_algorithm=2
train_error_function=1
train_stop_function=0
cascade_output_change_fraction=0.010000
quickprop_decay=-0.000100
quickprop_mu=1.750000
rprop_increase_factor=1.200000
rprop_decrease_factor=0.500000
rprop_delta_min=0.000000
rprop_delta_max=50.000000
rprop_delta_zero=0.100000
cascade_output_stagnation_epochs=12
cascade_candidate_change_fraction=0.010000
cascade_candidate_stagnation_epochs=12
cascade_max_out_epochs=150
cascade_min_out_epochs=50
cascade_max_cand_epochs=150
cascade_min_cand_epochs=50
cascade_num_candidate_groups=2
bit_fail_limit=3.49999994039535522461e-01
cascade_candidate_limit=1.00000000000000000000e+03
cascade_weight_multiplier=4.00000005960464477539e-01
cascade_activation_functions_count=10
cascade_activation_functions=3 5 7 8 10 11 14 15 16 17 
cascade_activation_steepnesses_count=4
cascade_activation_steepnesses=2.50000000000000000000e-01 5.00000000000000000000e-01 7.50000000000000000000e-01 1.00000000000000000000e+00 
layer_sizes=10 5 3 2 
scale_included=0
neurons (num_inputs, activation_function, activation_steepness)=(0, 0, 0.00000000000000000000e+00) (0, 0, 0.00000000000000000000e+00) (0, 0, 0.00000000000000000000e+00) (0, 0, 0.00000000000000000000e+00) (0, 0, 0.00000000000000000000e+00) (0, 0, 0.00000000000000000000e+00) (0, 0, 0.00000000000000000000e+00) (0, 0, 0.00000000000000000000e+00) (0, 0, 0.00000000000000000000e+00) (0, 0, 0.00000000000000000000e+00) (10, 3, 5.00000000000000000000e-01) (10, 3, 5.00000000000000000000e-01) (10, 3, 5.00000000000000000000e-01) (10, 3, 5.00000000000000000000e-01) (0, 3, 0.00000000000000000000e+00) (5, 3, 5.00000000000000000000e-01) (5, 3, 5.00000000000000000000e-01) (0, 3, 0.00000000000000000000e+00) (3, 3, 5.00000000000000000000e-01) (0, 3, 0.00000000000000000000e+00) 
connections (connected_to_neuron, weight)=(0, 7.67079257965087890625e+00) (1, -3.40406417846679687500e+00) (2, 2.29316596984863281250e+01) (3, 1.14837527275085449219e+00) (4, -2.59939932823181152344e+00) (5, 2.34017467498779296875e+00) (6, -9.60132884979248046875e+00) (7, -9.93775367736816406250e+00) (8, -6.34284496307373046875e+00) (9, -2.60029602050781250000e+00) (0, -1.72451080322265625000e+02) (1, 1.49969873046875000000e+03) (2, 2.77681671142578125000e+02) (3, -1.16653491210937500000e+03) (4, 1.39427929687500000000e+03) (5, 2.60542899370193481445e-01) (6, -3.30932556152343750000e+02) (7, -1.49982690429687500000e+03) (8, 1.64925594329833984375e+01) (9, 4.66502609252929687500e+01) (0, -1.23681320190429687500e+02) (1, -1.09652471542358398438e+01) (2, 1.63041580200195312500e+02) (3, -2.93990302085876464844e+00) (4, -5.62977123260498046875e+00) (5, 6.80679321289062500000e+00) (6, 1.67653751373291015625e+00) (7, -4.05120544433593750000e+01) (8, -7.55598545074462890625e-01) (9, 1.85874481201171875000e+01) (0, -2.10948143005371093750e+01) (1, -5.86895704269409179688e+00) (2, 5.55629615783691406250e+01) (3, -1.92755055427551269531e+00) (4, -1.64893674850463867188e+00) (5, 1.09772462844848632812e+01) (6, -4.87660503387451171875e+00) (7, -2.95738220214843750000e+01) (8, -3.67577338218688964844e+00) (9, 4.83556461334228515625e+00) (10, 5.40525627136230468750e+00) (11, -1.06415235996246337891e+00) (12, -1.20662736892700195312e+00) (13, -2.99597549438476562500e+00) (14, 1.45404398441314697266e-01) (10, 6.09156227111816406250e+00) (11, -7.21710801124572753906e-01) (12, -1.92856681346893310547e+00) (13, -3.38039779663085937500e+00) (14, 7.60706126689910888672e-01) (15, 1.62009727954864501953e+00) (16, 1.84273505210876464844e+00) (17, -1.25268471240997314453e+00) 
