FANN_FLO_2.1
num_layers=3
learning_rate=0.500000
connection_rate=1.000000
network_type=0
learning_momentum=0.000000
training_algorithm=2
train_error_function=1
train_stop_function=0
cascade_output_change_fraction=0.010000
quickprop_decay=-0.000100
quickprop_mu=1.750000
rprop_increase_factor=1.200000
rprop_decrease_factor=0.500000
rprop_delta_min=0.000000
rprop_delta_max=50.000000
rprop_delta_zero=0.100000
cascade_output_stagnation_epochs=12
cascade_candidate_change_fraction=0.010000
cascade_candidate_stagnation_epochs=12
cascade_max_out_epochs=150
cascade_min_out_epochs=50
cascade_max_cand_epochs=150
cascade_min_cand_epochs=50
cascade_num_candidate_groups=2
bit_fail_limit=3.49999994039535522461e-01
cascade_candidate_limit=1.00000000000000000000e+03
cascade_weight_multiplier=4.00000005960464477539e-01
cascade_activation_functions_count=10
cascade_activation_functions=3 5 7 8 10 11 14 15 16 17 
cascade_activation_steepnesses_count=4
cascade_activation_steepnesses=2.50000000000000000000e-01 5.00000000000000000000e-01 7.50000000000000000000e-01 1.00000000000000000000e+00 
layer_sizes=10 5 2 
scale_included=0
neurons (num_inputs, activation_function, activation_steepness)=(0, 0, 0.00000000000000000000e+00) (0, 0, 0.00000000000000000000e+00) (0, 0, 0.00000000000000000000e+00) (0, 0, 0.00000000000000000000e+00) (0, 0, 0.00000000000000000000e+00) (0, 0, 0.00000000000000000000e+00) (0, 0, 0.00000000000000000000e+00) (0, 0, 0.00000000000000000000e+00) (0, 0, 0.00000000000000000000e+00) (0, 0, 0.00000000000000000000e+00) (10, 3, 5.00000000000000000000e-01) (10, 3, 5.00000000000000000000e-01) (10, 3, 5.00000000000000000000e-01) (10, 3, 5.00000000000000000000e-01) (0, 3, 0.00000000000000000000e+00) (5, 3, 5.00000000000000000000e-01) (0, 3, 0.00000000000000000000e+00) 
connections (connected_to_neuron, weight)=(0, -4.78170680999755859375e+00) (1, 4.23960638046264648438e+00) (2, -1.47963659667968750000e+03) (3, 7.85383105278015136719e-01) (4, 1.88559722900390625000e+00) (5, 1.60443496704101562500e+00) (6, -5.41880488395690917969e-01) (7, -7.36943006515502929688e-01) (8, -1.60975992679595947266e+00) (9, -3.00943464040756225586e-01) (0, 8.12339859008789062500e+01) (1, 1.80018432617187500000e+02) (2, 3.15601104736328125000e+02) (3, 1.80588474273681640625e+01) (4, 1.21478819847106933594e+00) (5, 9.87825691699981689453e-01) (6, -1.60830886840820312500e+02) (7, -4.52371582031250000000e+02) (8, -9.53698196411132812500e+01) (9, -1.48268623352050781250e+01) (0, -1.43892492675781250000e+03) (1, 1.47978857421875000000e+03) (2, -1.47963659667968750000e+03) (3, -1.50000000000000000000e+03) (4, -1.50000000000000000000e+03) (5, -1.46613562011718750000e+03) (6, -1.50000000000000000000e+03) (7, -1.50000000000000000000e+03) (8, -1.50000000000000000000e+03) (9, 8.01246985793113708496e-02) (0, -1.43892492675781250000e+03) (1, 2.45363063812255859375e+01) (2, 1.85809528827667236328e+00) (3, -1.50000000000000000000e+03) (4, 6.14262402057647705078e-01) (5, 1.12777223587036132812e+01) (6, -1.50000000000000000000e+03) (7, -4.96445541381835937500e+01) (8, -6.47589778900146484375e+00) (9, 5.23532009124755859375e+00) (10, 3.24565315246582031250e+00) (11, 1.75578892230987548828e+00) (12, 1.50000000000000000000e+03) (13, 5.22009670734405517578e-01) (14, -1.10345375537872314453e+00) 
