FANN_FLO_2.1
num_layers=4
learning_rate=0.500000
connection_rate=1.000000
network_type=0
learning_momentum=0.000000
training_algorithm=2
train_error_function=1
train_stop_function=0
cascade_output_change_fraction=0.010000
quickprop_decay=-0.000100
quickprop_mu=1.750000
rprop_increase_factor=1.200000
rprop_decrease_factor=0.500000
rprop_delta_min=0.000000
rprop_delta_max=50.000000
rprop_delta_zero=0.100000
cascade_output_stagnation_epochs=12
cascade_candidate_change_fraction=0.010000
cascade_candidate_stagnation_epochs=12
cascade_max_out_epochs=150
cascade_min_out_epochs=50
cascade_max_cand_epochs=150
cascade_min_cand_epochs=50
cascade_num_candidate_groups=2
bit_fail_limit=3.49999994039535522461e-01
cascade_candidate_limit=1.00000000000000000000e+03
cascade_weight_multiplier=4.00000005960464477539e-01
cascade_activation_functions_count=10
cascade_activation_functions=3 5 7 8 10 11 14 15 16 17 
cascade_activation_steepnesses_count=4
cascade_activation_steepnesses=2.50000000000000000000e-01 5.00000000000000000000e-01 7.50000000000000000000e-01 1.00000000000000000000e+00 
layer_sizes=10 3 3 2 
scale_included=0
neurons (num_inputs, activation_function, activation_steepness)=(0, 0, 0.00000000000000000000e+00) (0, 0, 0.00000000000000000000e+00) (0, 0, 0.00000000000000000000e+00) (0, 0, 0.00000000000000000000e+00) (0, 0, 0.00000000000000000000e+00) (0, 0, 0.00000000000000000000e+00) (0, 0, 0.00000000000000000000e+00) (0, 0, 0.00000000000000000000e+00) (0, 0, 0.00000000000000000000e+00) (0, 0, 0.00000000000000000000e+00) (10, 3, 5.00000000000000000000e-01) (10, 3, 5.00000000000000000000e-01) (0, 3, 0.00000000000000000000e+00) (3, 3, 5.00000000000000000000e-01) (3, 3, 5.00000000000000000000e-01) (0, 3, 0.00000000000000000000e+00) (3, 3, 5.00000000000000000000e-01) (0, 3, 0.00000000000000000000e+00) 
connections (connected_to_neuron, weight)=(0, -7.72782266139984130859e-02) (1, -4.54629302024841308594e-01) (2, -1.77935295104980468750e+01) (3, 7.76803135871887207031e-01) (4, 6.92825126647949218750e+00) (5, 1.82676696777343750000e+00) (6, -4.52823579311370849609e-01) (7, -1.00864279270172119141e+00) (8, 3.89549374580383300781e+00) (9, -3.22910249233245849609e-01) (0, -4.09130752086639404297e-01) (1, 1.78124821186065673828e+00) (2, 7.59657049179077148438e+00) (3, 1.25654602050781250000e+00) (4, -1.03004133701324462891e+00) (5, 1.77669310569763183594e+00) (6, -8.87468433380126953125e+00) (7, -1.44230184555053710938e+01) (8, 7.11694860458374023438e+00) (9, -7.78524518013000488281e-01) (10, 9.76060295104980468750e+00) (11, 3.64710311889648437500e+01) (12, -4.97292661666870117188e+00) (10, 1.32789115905761718750e+01) (11, 1.17412033081054687500e+01) (12, -3.74463343620300292969e+00) (13, 9.87117052078247070312e-01) (14, 2.23805618286132812500e+00) (15, -2.34823989868164062500e+00) 
