FANN_FLO_2.1
num_layers=4
learning_rate=0.500000
connection_rate=1.000000
network_type=0
learning_momentum=0.000000
training_algorithm=2
train_error_function=1
train_stop_function=0
cascade_output_change_fraction=0.010000
quickprop_decay=-0.000100
quickprop_mu=1.750000
rprop_increase_factor=1.200000
rprop_decrease_factor=0.500000
rprop_delta_min=0.000000
rprop_delta_max=50.000000
rprop_delta_zero=0.100000
cascade_output_stagnation_epochs=12
cascade_candidate_change_fraction=0.010000
cascade_candidate_stagnation_epochs=12
cascade_max_out_epochs=150
cascade_min_out_epochs=50
cascade_max_cand_epochs=150
cascade_min_cand_epochs=50
cascade_num_candidate_groups=2
bit_fail_limit=3.49999994039535522461e-01
cascade_candidate_limit=1.00000000000000000000e+03
cascade_weight_multiplier=4.00000005960464477539e-01
cascade_activation_functions_count=10
cascade_activation_functions=3 5 7 8 10 11 14 15 16 17 
cascade_activation_steepnesses_count=4
cascade_activation_steepnesses=2.50000000000000000000e-01 5.00000000000000000000e-01 7.50000000000000000000e-01 1.00000000000000000000e+00 
layer_sizes=10 5 3 2 
scale_included=0
neurons (num_inputs, activation_function, activation_steepness)=(0, 0, 0.00000000000000000000e+00) (0, 0, 0.00000000000000000000e+00) (0, 0, 0.00000000000000000000e+00) (0, 0, 0.00000000000000000000e+00) (0, 0, 0.00000000000000000000e+00) (0, 0, 0.00000000000000000000e+00) (0, 0, 0.00000000000000000000e+00) (0, 0, 0.00000000000000000000e+00) (0, 0, 0.00000000000000000000e+00) (0, 0, 0.00000000000000000000e+00) (10, 3, 5.00000000000000000000e-01) (10, 3, 5.00000000000000000000e-01) (10, 3, 5.00000000000000000000e-01) (10, 3, 5.00000000000000000000e-01) (0, 3, 0.00000000000000000000e+00) (5, 3, 5.00000000000000000000e-01) (5, 3, 5.00000000000000000000e-01) (0, 3, 0.00000000000000000000e+00) (3, 3, 5.00000000000000000000e-01) (0, 3, 0.00000000000000000000e+00) 
connections (connected_to_neuron, weight)=(0, 5.51944274902343750000e+01) (1, 3.24938293457031250000e+02) (2, -1.49807092285156250000e+03) (3, 5.20019836425781250000e+02) (4, 1.39308035373687744141e+00) (5, -3.12087493896484375000e+02) (6, 3.22218933105468750000e+02) (7, 6.49004089355468750000e+02) (8, -7.25159645080566406250e+00) (9, 1.09263613820075988770e-01) (0, 1.28683338165283203125e+01) (1, 3.10340652465820312500e+01) (2, -8.19685058593750000000e+02) (3, 1.50000000000000000000e+03) (4, 1.50000000000000000000e+03) (5, 4.41081314086914062500e+01) (6, 1.50000000000000000000e+03) (7, 1.50000000000000000000e+03) (8, 7.04334259033203125000e-01) (9, 5.46652637422084808350e-03) (0, -9.94334593415260314941e-02) (1, -4.79098892211914062500e+00) (2, -3.96748733520507812500e+01) (3, 2.62808895111083984375e+00) (4, 7.10361540317535400391e-01) (5, -7.84980249404907226562e+00) (6, 3.16814060211181640625e+01) (7, 2.92993431091308593750e+01) (8, 5.04000186920166015625e+00) (9, 7.32126459479331970215e-02) (0, 3.07779235839843750000e+02) (1, -3.35293548583984375000e+02) (2, -1.46206579589843750000e+03) (3, 1.50000000000000000000e+03) (4, 1.50000000000000000000e+03) (5, 2.97466983795166015625e+01) (6, 1.50000000000000000000e+03) (7, 1.50000000000000000000e+03) (8, 1.00379323959350585938e+00) (9, 1.61960214376449584961e-01) (10, 4.46302825927734375000e+02) (11, 6.98245178222656250000e+02) (12, -1.49592443847656250000e+03) (13, 3.54576660156250000000e+02) (14, 1.15187776088714599609e+00) (10, -6.98952148437500000000e+02) (11, 6.93040466308593750000e+02) (12, -6.45093505859375000000e+02) (13, 6.23788696289062500000e+02) (14, 3.18127517700195312500e+01) (15, 1.44721972942352294922e+00) (16, 5.59600710868835449219e-01) (17, -1.43929374217987060547e+00) 
