FANN_FLO_2.1
num_layers=3
learning_rate=0.400000
connection_rate=1.000000
network_type=0
learning_momentum=0.000000
training_algorithm=2
train_error_function=1
train_stop_function=0
cascade_output_change_fraction=0.010000
quickprop_decay=-0.000100
quickprop_mu=1.750000
rprop_increase_factor=1.200000
rprop_decrease_factor=0.500000
rprop_delta_min=0.000000
rprop_delta_max=50.000000
rprop_delta_zero=0.100000
cascade_output_stagnation_epochs=12
cascade_candidate_change_fraction=0.010000
cascade_candidate_stagnation_epochs=12
cascade_max_out_epochs=150
cascade_min_out_epochs=50
cascade_max_cand_epochs=150
cascade_min_cand_epochs=50
cascade_num_candidate_groups=2
bit_fail_limit=3.49999994039535522461e-01
cascade_candidate_limit=1.00000000000000000000e+03
cascade_weight_multiplier=4.00000005960464477539e-01
cascade_activation_functions_count=10
cascade_activation_functions=3 5 7 8 10 11 14 15 16 17 
cascade_activation_steepnesses_count=4
cascade_activation_steepnesses=2.50000000000000000000e-01 5.00000000000000000000e-01 7.50000000000000000000e-01 1.00000000000000000000e+00 
layer_sizes=7 9 2 
scale_included=0
neurons (num_inputs, activation_function, activation_steepness)=(0, 0, 0.00000000000000000000e+00) (0, 0, 0.00000000000000000000e+00) (0, 0, 0.00000000000000000000e+00) (0, 0, 0.00000000000000000000e+00) (0, 0, 0.00000000000000000000e+00) (0, 0, 0.00000000000000000000e+00) (0, 0, 0.00000000000000000000e+00) (7, 3, 5.00000000000000000000e-01) (7, 3, 5.00000000000000000000e-01) (7, 3, 5.00000000000000000000e-01) (7, 3, 5.00000000000000000000e-01) (7, 3, 5.00000000000000000000e-01) (7, 3, 5.00000000000000000000e-01) (7, 3, 5.00000000000000000000e-01) (7, 3, 5.00000000000000000000e-01) (0, 3, 0.00000000000000000000e+00) (9, 3, 5.00000000000000000000e-01) (0, 3, 0.00000000000000000000e+00) 
connections (connected_to_neuron, weight)=(0, -1.32869505882263183594e+00) (1, -5.96858739852905273438e-01) (2, -2.03820794820785522461e-01) (3, -3.93592119216918945312e+00) (4, -6.00962460041046142578e-01) (5, 4.17680883407592773438e+00) (6, -6.08917415142059326172e-01) (0, -1.28857793807983398438e+01) (1, 8.93235397338867187500e+00) (2, 9.99564075469970703125e+00) (3, -2.16249155998229980469e+00) (4, -1.27910351753234863281e+00) (5, 4.23613977432250976562e+00) (6, 2.23218727111816406250e+00) (0, -1.09055738449096679688e+01) (1, 1.17893095016479492188e+01) (2, -8.70558090209960937500e+01) (3, -3.78545236587524414062e+00) (4, 2.82306337356567382812e+00) (5, -5.03432559967041015625e+00) (6, 4.81935501098632812500e-01) (0, 9.82973289489746093750e+00) (1, -1.11493244171142578125e+01) (2, -2.54284255206584930420e-02) (3, -2.32143712043762207031e+00) (4, 1.17188759148120880127e-01) (5, -4.42329931259155273438e+00) (6, 5.49795722961425781250e+00) (0, -3.03961008787155151367e-01) (1, -7.38819390535354614258e-02) (2, -2.03683032989501953125e+01) (3, 1.17105827331542968750e+01) (4, -3.13658294677734375000e+01) (5, -4.19399678707122802734e-01) (6, -1.66082715988159179688e+00) (0, -3.65031957626342773438e+00) (1, -5.41535186767578125000e+00) (2, 4.30917978286743164062e+00) (3, 3.24140572547912597656e+00) (4, 2.36447000503540039062e+00) (5, 9.70644533634185791016e-01) (6, 4.96316480636596679688e+00) (0, -2.40810203552246093750e+00) (1, -2.73113429546356201172e-01) (2, -2.07568907737731933594e+00) (3, -3.10496163368225097656e+00) (4, -6.01351737976074218750e-01) (5, 3.26560449600219726562e+00) (6, -9.25809144973754882812e-02) (0, 1.07896909713745117188e+01) (1, -1.08420333862304687500e+01) (2, 1.15608334541320800781e+00) (3, -5.79224526882171630859e-01) (4, 4.49224829673767089844e-01) (5, -4.33219671249389648438e+00) (6, 4.47711372375488281250e+00) (7, -9.25747632980346679688e-01) (8, -3.10810637474060058594e+00) (9, -2.83460617065429687500e+00) (10, -1.09647452831268310547e+00) (11, -2.83937287330627441406e+00) (12, 6.02150142192840576172e-01) (13, -3.19533526897430419922e-01) (14, -3.18366408348083496094e+00) (15, 2.37836933135986328125e+00) 
