FANN_FLO_2.1
num_layers=4
learning_rate=0.500000
connection_rate=1.000000
network_type=0
learning_momentum=0.000000
training_algorithm=2
train_error_function=1
train_stop_function=0
cascade_output_change_fraction=0.010000
quickprop_decay=-0.000100
quickprop_mu=1.750000
rprop_increase_factor=1.200000
rprop_decrease_factor=0.500000
rprop_delta_min=0.000000
rprop_delta_max=50.000000
rprop_delta_zero=0.100000
cascade_output_stagnation_epochs=12
cascade_candidate_change_fraction=0.010000
cascade_candidate_stagnation_epochs=12
cascade_max_out_epochs=150
cascade_min_out_epochs=50
cascade_max_cand_epochs=150
cascade_min_cand_epochs=50
cascade_num_candidate_groups=2
bit_fail_limit=3.49999994039535522461e-01
cascade_candidate_limit=1.00000000000000000000e+03
cascade_weight_multiplier=4.00000005960464477539e-01
cascade_activation_functions_count=10
cascade_activation_functions=3 5 7 8 10 11 14 15 16 17 
cascade_activation_steepnesses_count=4
cascade_activation_steepnesses=2.50000000000000000000e-01 5.00000000000000000000e-01 7.50000000000000000000e-01 1.00000000000000000000e+00 
layer_sizes=10 3 3 2 
scale_included=0
neurons (num_inputs, activation_function, activation_steepness)=(0, 0, 0.00000000000000000000e+00) (0, 0, 0.00000000000000000000e+00) (0, 0, 0.00000000000000000000e+00) (0, 0, 0.00000000000000000000e+00) (0, 0, 0.00000000000000000000e+00) (0, 0, 0.00000000000000000000e+00) (0, 0, 0.00000000000000000000e+00) (0, 0, 0.00000000000000000000e+00) (0, 0, 0.00000000000000000000e+00) (0, 0, 0.00000000000000000000e+00) (10, 3, 5.00000000000000000000e-01) (10, 3, 5.00000000000000000000e-01) (0, 3, 0.00000000000000000000e+00) (3, 3, 5.00000000000000000000e-01) (3, 3, 5.00000000000000000000e-01) (0, 3, 0.00000000000000000000e+00) (3, 3, 5.00000000000000000000e-01) (0, 3, 0.00000000000000000000e+00) 
connections (connected_to_neuron, weight)=(0, 7.37547993659973144531e-01) (1, -2.43772144317626953125e+01) (2, 3.64741325378417968750e+01) (3, 1.89986953735351562500e+01) (4, -9.06870555877685546875e+00) (5, -2.98797392845153808594e+00) (6, 1.00979433059692382812e+01) (7, -7.94207620620727539062e+00) (8, -1.87741489410400390625e+01) (9, 1.73167514801025390625e+00) (0, 5.82859754562377929688e+00) (1, -9.66611957550048828125e+00) (2, 2.23170509338378906250e+01) (3, 5.90077018737792968750e+00) (4, -3.77921485900878906250e+00) (5, -5.63783764839172363281e-01) (6, 3.17966014146804809570e-01) (7, -2.42251777648925781250e+01) (8, -1.06822061538696289062e+01) (9, 3.43926119804382324219e+00) (10, -1.50000000000000000000e+03) (11, 1.43403833007812500000e+03) (12, 7.64185104370117187500e+01) (10, -1.50000000000000000000e+03) (11, 1.47792797851562500000e+03) (12, 3.27969627380371093750e+01) (13, 1.36745440959930419922e+00) (14, 6.80356264114379882812e-01) (15, -1.18849802017211914062e+00) 
