FANN_FLO_2.1
num_layers=3
learning_rate=0.400000
connection_rate=1.000000
network_type=0
learning_momentum=0.000000
training_algorithm=2
train_error_function=1
train_stop_function=0
cascade_output_change_fraction=0.010000
quickprop_decay=-0.000100
quickprop_mu=1.750000
rprop_increase_factor=1.200000
rprop_decrease_factor=0.500000
rprop_delta_min=0.000000
rprop_delta_max=50.000000
rprop_delta_zero=0.100000
cascade_output_stagnation_epochs=12
cascade_candidate_change_fraction=0.010000
cascade_candidate_stagnation_epochs=12
cascade_max_out_epochs=150
cascade_min_out_epochs=50
cascade_max_cand_epochs=150
cascade_min_cand_epochs=50
cascade_num_candidate_groups=2
bit_fail_limit=3.49999994039535522461e-01
cascade_candidate_limit=1.00000000000000000000e+03
cascade_weight_multiplier=4.00000005960464477539e-01
cascade_activation_functions_count=10
cascade_activation_functions=3 5 7 8 10 11 14 15 16 17 
cascade_activation_steepnesses_count=4
cascade_activation_steepnesses=2.50000000000000000000e-01 5.00000000000000000000e-01 7.50000000000000000000e-01 1.00000000000000000000e+00 
layer_sizes=7 9 2 
scale_included=0
neurons (num_inputs, activation_function, activation_steepness)=(0, 0, 0.00000000000000000000e+00) (0, 0, 0.00000000000000000000e+00) (0, 0, 0.00000000000000000000e+00) (0, 0, 0.00000000000000000000e+00) (0, 0, 0.00000000000000000000e+00) (0, 0, 0.00000000000000000000e+00) (0, 0, 0.00000000000000000000e+00) (7, 3, 5.00000000000000000000e-01) (7, 3, 5.00000000000000000000e-01) (7, 3, 5.00000000000000000000e-01) (7, 3, 5.00000000000000000000e-01) (7, 3, 5.00000000000000000000e-01) (7, 3, 5.00000000000000000000e-01) (7, 3, 5.00000000000000000000e-01) (7, 3, 5.00000000000000000000e-01) (0, 3, 0.00000000000000000000e+00) (9, 3, 5.00000000000000000000e-01) (0, 3, 0.00000000000000000000e+00) 
connections (connected_to_neuron, weight)=(0, -8.86967182159423828125e-01) (1, -8.37328553199768066406e-01) (2, -1.30246651172637939453e+00) (3, 1.45601952075958251953e+00) (4, -1.24438989162445068359e+00) (5, 3.46842098236083984375e+00) (6, -2.85863423347473144531e+00) (0, -5.41470110416412353516e-01) (1, -1.02058863639831542969e+00) (2, -2.94996333122253417969e+00) (3, 3.04774332046508789062e+00) (4, -1.10992932319641113281e+00) (5, 6.86355543136596679688e+00) (6, -3.27878117561340332031e+00) (0, 6.36406958103179931641e-01) (1, 6.78837656974792480469e-01) (2, -3.65221798419952392578e-01) (3, 9.32381868362426757812e-01) (4, -2.54367780685424804688e+00) (5, 1.60485935211181640625e+00) (6, 9.77089762687683105469e-01) (0, 5.47332286834716796875e-01) (1, 6.67273342609405517578e-01) (2, 5.57520270347595214844e-01) (3, 1.61592289805412292480e-01) (4, -2.51292610168457031250e+00) (5, -2.74413764476776123047e-01) (6, 7.08898007869720458984e-01) (0, 1.54030618667602539062e+01) (1, 1.42120826244354248047e+00) (2, 7.40638077259063720703e-01) (3, -2.94486427307128906250e+00) (4, -3.98113942146301269531e+00) (5, -9.95915174484252929688e-01) (6, 6.60996735095977783203e-01) (0, 1.18743336200714111328e+00) (1, -8.23893189430236816406e-01) (2, -1.19252347946166992188e+00) (3, 2.14509725570678710938e+00) (4, -9.56360220909118652344e-01) (5, 3.87432074546813964844e+00) (6, -3.13524699211120605469e+00) (0, -2.91802100837230682373e-02) (1, 4.57883507013320922852e-01) (2, -2.31772005558013916016e-01) (3, -3.26356291770935058594e-01) (4, -2.48384046554565429688e+00) (5, -6.34478628635406494141e-02) (6, 4.04610127210617065430e-01) (0, -7.35667586326599121094e-01) (1, -1.47821366786956787109e-01) (2, 3.01659250259399414062e+00) (3, -7.06492125988006591797e-01) (4, 3.23493170738220214844e+00) (5, -6.36441802978515625000e+00) (6, -1.25643670558929443359e+00) (7, 1.63720023632049560547e+00) (8, 2.53642892837524414062e+00) (9, -1.00395786762237548828e+00) (10, -1.06046199798583984375e+00) (11, -1.78513479232788085938e+00) (12, 1.39928543567657470703e+00) (13, -1.04182493686676025391e+00) (14, 3.94670677185058593750e+00) (15, -4.93512302637100219727e-02) 
