FANN_FLO_2.1
num_layers=3
learning_rate=0.400000
connection_rate=1.000000
network_type=0
learning_momentum=0.000000
training_algorithm=2
train_error_function=1
train_stop_function=0
cascade_output_change_fraction=0.010000
quickprop_decay=-0.000100
quickprop_mu=1.750000
rprop_increase_factor=1.200000
rprop_decrease_factor=0.500000
rprop_delta_min=0.000000
rprop_delta_max=50.000000
rprop_delta_zero=0.100000
cascade_output_stagnation_epochs=12
cascade_candidate_change_fraction=0.010000
cascade_candidate_stagnation_epochs=12
cascade_max_out_epochs=150
cascade_min_out_epochs=50
cascade_max_cand_epochs=150
cascade_min_cand_epochs=50
cascade_num_candidate_groups=2
bit_fail_limit=3.49999994039535522461e-01
cascade_candidate_limit=1.00000000000000000000e+03
cascade_weight_multiplier=4.00000005960464477539e-01
cascade_activation_functions_count=10
cascade_activation_functions=3 5 7 8 10 11 14 15 16 17 
cascade_activation_steepnesses_count=4
cascade_activation_steepnesses=2.50000000000000000000e-01 5.00000000000000000000e-01 7.50000000000000000000e-01 1.00000000000000000000e+00 
layer_sizes=7 9 2 
scale_included=0
neurons (num_inputs, activation_function, activation_steepness)=(0, 0, 0.00000000000000000000e+00) (0, 0, 0.00000000000000000000e+00) (0, 0, 0.00000000000000000000e+00) (0, 0, 0.00000000000000000000e+00) (0, 0, 0.00000000000000000000e+00) (0, 0, 0.00000000000000000000e+00) (0, 0, 0.00000000000000000000e+00) (7, 3, 5.00000000000000000000e-01) (7, 3, 5.00000000000000000000e-01) (7, 3, 5.00000000000000000000e-01) (7, 3, 5.00000000000000000000e-01) (7, 3, 5.00000000000000000000e-01) (7, 3, 5.00000000000000000000e-01) (7, 3, 5.00000000000000000000e-01) (7, 3, 5.00000000000000000000e-01) (0, 3, 0.00000000000000000000e+00) (9, 3, 5.00000000000000000000e-01) (0, 3, 0.00000000000000000000e+00) 
connections (connected_to_neuron, weight)=(0, -2.73157048225402832031e+00) (1, -3.90486335754394531250e+00) (2, 1.52334756851196289062e+01) (3, -6.54229581356048583984e-01) (4, -3.01916790008544921875e+00) (5, 1.40603411197662353516e+00) (6, 4.53154277801513671875e+00) (0, -1.17606649398803710938e+01) (1, 1.20249013900756835938e+01) (2, -3.57379794120788574219e+00) (3, -3.78818416595458984375e+00) (4, -1.69060182571411132812e+00) (5, -6.43306875228881835938e+00) (6, 1.92788913846015930176e-01) (0, 2.35912993550300598145e-01) (1, 2.04959765076637268066e-01) (2, 1.24432206153869628906e+00) (3, -7.80869102478027343750e+00) (4, -2.21225190162658691406e+00) (5, -5.96171736717224121094e-01) (6, 8.18440437316894531250e-01) (0, -2.34433054924011230469e+00) (1, 1.46488940715789794922e+00) (2, -7.34414367675781250000e+01) (3, -4.56052303314208984375e+00) (4, 6.77802753448486328125e+00) (5, 2.51194648742675781250e+01) (6, -2.39228105545043945312e+00) (0, -4.69385004043579101562e+00) (1, -4.39574623107910156250e+00) (2, -8.78774185180664062500e+01) (3, 1.54741001129150390625e+01) (4, 3.20655274391174316406e+00) (5, 5.86979436874389648438e+00) (6, 1.77433824539184570312e+00) (0, -5.85744202136993408203e-01) (1, -4.99860954284667968750e+00) (2, 4.63390493392944335938e+00) (3, -2.28693151473999023438e+00) (4, -4.49266314506530761719e-01) (5, -2.37585854530334472656e+00) (6, 6.11136579513549804688e+00) (0, 8.77820968627929687500e+00) (1, -6.96653985977172851562e+00) (2, 9.91626739501953125000e-01) (3, -3.28073120117187500000e+00) (4, -6.49803280830383300781e-01) (5, 2.06345033645629882812e+00) (6, -6.21531534194946289062e+00) (0, -1.08873453140258789062e+01) (1, -4.71729827880859375000e+02) (2, 6.10338592529296875000e+00) (3, -2.47333126068115234375e+01) (4, 1.54809402465820312500e+02) (5, 7.00221776962280273438e+00) (6, 3.59992218017578125000e+00) (7, -7.99510776996612548828e-01) (8, -9.75711536407470703125e+00) (9, 4.39259195327758789062e+00) (10, -6.18077933788299560547e-01) (11, -1.45546570420265197754e-01) (12, -1.38912022113800048828e+00) (13, -1.08843658447265625000e+02) (14, 1.50000000000000000000e+02) (15, -7.65222832560539245605e-02) 
