FANN_FLO_2.1
num_layers=3
learning_rate=0.500000
connection_rate=1.000000
network_type=0
learning_momentum=0.000000
training_algorithm=2
train_error_function=1
train_stop_function=0
cascade_output_change_fraction=0.010000
quickprop_decay=-0.000100
quickprop_mu=1.750000
rprop_increase_factor=1.200000
rprop_decrease_factor=0.500000
rprop_delta_min=0.000000
rprop_delta_max=50.000000
rprop_delta_zero=0.100000
cascade_output_stagnation_epochs=12
cascade_candidate_change_fraction=0.010000
cascade_candidate_stagnation_epochs=12
cascade_max_out_epochs=150
cascade_min_out_epochs=50
cascade_max_cand_epochs=150
cascade_min_cand_epochs=50
cascade_num_candidate_groups=2
bit_fail_limit=3.49999994039535522461e-01
cascade_candidate_limit=1.00000000000000000000e+03
cascade_weight_multiplier=4.00000005960464477539e-01
cascade_activation_functions_count=10
cascade_activation_functions=3 5 7 8 10 11 14 15 16 17 
cascade_activation_steepnesses_count=4
cascade_activation_steepnesses=2.50000000000000000000e-01 5.00000000000000000000e-01 7.50000000000000000000e-01 1.00000000000000000000e+00 
layer_sizes=10 3 2 
scale_included=0
neurons (num_inputs, activation_function, activation_steepness)=(0, 0, 0.00000000000000000000e+00) (0, 0, 0.00000000000000000000e+00) (0, 0, 0.00000000000000000000e+00) (0, 0, 0.00000000000000000000e+00) (0, 0, 0.00000000000000000000e+00) (0, 0, 0.00000000000000000000e+00) (0, 0, 0.00000000000000000000e+00) (0, 0, 0.00000000000000000000e+00) (0, 0, 0.00000000000000000000e+00) (0, 0, 0.00000000000000000000e+00) (10, 3, 5.00000000000000000000e-01) (10, 3, 5.00000000000000000000e-01) (0, 3, 0.00000000000000000000e+00) (3, 3, 5.00000000000000000000e-01) (0, 3, 0.00000000000000000000e+00) 
connections (connected_to_neuron, weight)=(0, -4.16384792327880859375e+00) (1, 6.46855905652046203613e-02) (2, -1.08608322143554687500e+01) (3, -2.75310587882995605469e+00) (4, -3.40288728475570678711e-01) (5, -2.10420191287994384766e-01) (6, 5.62483882904052734375e+00) (7, -1.56924867630004882812e+00) (8, 8.17376995086669921875e+00) (9, -1.04264605045318603516e+00) (0, 1.01950347423553466797e+00) (1, 1.08223276138305664062e+01) (2, -6.42674267292022705078e-01) (3, -5.87033557891845703125e+00) (4, -6.37303972244262695312e+00) (5, -1.40724515914916992188e+00) (6, 1.87394285202026367188e+00) (7, -7.45052957534790039062e+00) (8, -1.04174077510833740234e+00) (9, 5.52924585342407226562e+00) (10, 2.86313629150390625000e+00) (11, 2.76591682434082031250e+00) (12, -1.96361505985260009766e+00) 
