FANN_FLO_2.1
num_layers=4
learning_rate=0.500000
connection_rate=1.000000
network_type=0
learning_momentum=0.000000
training_algorithm=2
train_error_function=1
train_stop_function=0
cascade_output_change_fraction=0.010000
quickprop_decay=-0.000100
quickprop_mu=1.750000
rprop_increase_factor=1.200000
rprop_decrease_factor=0.500000
rprop_delta_min=0.000000
rprop_delta_max=50.000000
rprop_delta_zero=0.100000
cascade_output_stagnation_epochs=12
cascade_candidate_change_fraction=0.010000
cascade_candidate_stagnation_epochs=12
cascade_max_out_epochs=150
cascade_min_out_epochs=50
cascade_max_cand_epochs=150
cascade_min_cand_epochs=50
cascade_num_candidate_groups=2
bit_fail_limit=3.49999994039535522461e-01
cascade_candidate_limit=1.00000000000000000000e+03
cascade_weight_multiplier=4.00000005960464477539e-01
cascade_activation_functions_count=10
cascade_activation_functions=3 5 7 8 10 11 14 15 16 17 
cascade_activation_steepnesses_count=4
cascade_activation_steepnesses=2.50000000000000000000e-01 5.00000000000000000000e-01 7.50000000000000000000e-01 1.00000000000000000000e+00 
layer_sizes=10 3 3 2 
scale_included=0
neurons (num_inputs, activation_function, activation_steepness)=(0, 0, 0.00000000000000000000e+00) (0, 0, 0.00000000000000000000e+00) (0, 0, 0.00000000000000000000e+00) (0, 0, 0.00000000000000000000e+00) (0, 0, 0.00000000000000000000e+00) (0, 0, 0.00000000000000000000e+00) (0, 0, 0.00000000000000000000e+00) (0, 0, 0.00000000000000000000e+00) (0, 0, 0.00000000000000000000e+00) (0, 0, 0.00000000000000000000e+00) (10, 3, 5.00000000000000000000e-01) (10, 3, 5.00000000000000000000e-01) (0, 3, 0.00000000000000000000e+00) (3, 3, 5.00000000000000000000e-01) (3, 3, 5.00000000000000000000e-01) (0, 3, 0.00000000000000000000e+00) (3, 3, 5.00000000000000000000e-01) (0, 3, 0.00000000000000000000e+00) 
connections (connected_to_neuron, weight)=(0, 3.83355915546417236328e-02) (1, 1.07452325522899627686e-01) (2, -2.60031008720397949219e+00) (3, -1.30140222609043121338e-03) (4, 4.72282266616821289062e+00) (5, -5.77199172973632812500e+00) (6, 2.49060726165771484375e+00) (7, -8.38015079498291015625e+00) (8, -1.78048658370971679688e+00) (9, 2.39582085609436035156e+00) (0, -1.04132232666015625000e+01) (1, 1.83302089571952819824e-01) (2, -1.39039077758789062500e+01) (3, 1.82438567280769348145e-01) (4, 6.04842519760131835938e+00) (5, 7.81722724437713623047e-01) (6, 5.85865616798400878906e-01) (7, -4.04874229431152343750e+00) (8, -4.95054435729980468750e+00) (9, 6.74135255813598632812e+00) (10, 8.87998275756835937500e+01) (11, 1.50000000000000000000e+03) (12, -1.14244213104248046875e+01) (10, 4.97167846679687500000e+02) (11, 1.50000000000000000000e+03) (12, -1.75429916381835937500e+01) (13, 1.21379625797271728516e+00) (14, 7.80119895935058593750e-01) (15, -1.16645729541778564453e+00) 
