FANN_FLO_2.1
num_layers=4
learning_rate=0.500000
connection_rate=1.000000
network_type=0
learning_momentum=0.000000
training_algorithm=2
train_error_function=1
train_stop_function=0
cascade_output_change_fraction=0.010000
quickprop_decay=-0.000100
quickprop_mu=1.750000
rprop_increase_factor=1.200000
rprop_decrease_factor=0.500000
rprop_delta_min=0.000000
rprop_delta_max=50.000000
rprop_delta_zero=0.100000
cascade_output_stagnation_epochs=12
cascade_candidate_change_fraction=0.010000
cascade_candidate_stagnation_epochs=12
cascade_max_out_epochs=150
cascade_min_out_epochs=50
cascade_max_cand_epochs=150
cascade_min_cand_epochs=50
cascade_num_candidate_groups=2
bit_fail_limit=3.49999994039535522461e-01
cascade_candidate_limit=1.00000000000000000000e+03
cascade_weight_multiplier=4.00000005960464477539e-01
cascade_activation_functions_count=10
cascade_activation_functions=3 5 7 8 10 11 14 15 16 17 
cascade_activation_steepnesses_count=4
cascade_activation_steepnesses=2.50000000000000000000e-01 5.00000000000000000000e-01 7.50000000000000000000e-01 1.00000000000000000000e+00 
layer_sizes=10 5 3 2 
scale_included=0
neurons (num_inputs, activation_function, activation_steepness)=(0, 0, 0.00000000000000000000e+00) (0, 0, 0.00000000000000000000e+00) (0, 0, 0.00000000000000000000e+00) (0, 0, 0.00000000000000000000e+00) (0, 0, 0.00000000000000000000e+00) (0, 0, 0.00000000000000000000e+00) (0, 0, 0.00000000000000000000e+00) (0, 0, 0.00000000000000000000e+00) (0, 0, 0.00000000000000000000e+00) (0, 0, 0.00000000000000000000e+00) (10, 3, 5.00000000000000000000e-01) (10, 3, 5.00000000000000000000e-01) (10, 3, 5.00000000000000000000e-01) (10, 3, 5.00000000000000000000e-01) (0, 3, 0.00000000000000000000e+00) (5, 3, 5.00000000000000000000e-01) (5, 3, 5.00000000000000000000e-01) (0, 3, 0.00000000000000000000e+00) (3, 3, 5.00000000000000000000e-01) (0, 3, 0.00000000000000000000e+00) 
connections (connected_to_neuron, weight)=(0, -4.19657611846923828125e+00) (1, -1.48373866081237792969e+00) (2, -1.05950391292572021484e+00) (3, -3.04391980171203613281e+00) (4, 8.55847418308258056641e-01) (5, 3.50772047042846679688e+00) (6, 2.78286838531494140625e+00) (7, -1.48226797580718994141e+00) (8, -2.10458326339721679688e+00) (9, 2.96634745597839355469e+00) (0, 5.44142603874206542969e-01) (1, -1.14182364940643310547e+00) (2, -4.76756668090820312500e+00) (3, -1.74119329452514648438e+00) (4, 1.21616029739379882812e+00) (5, 1.80901730060577392578e+00) (6, 4.93827968835830688477e-01) (7, -1.94879722595214843750e+00) (8, -5.66916882991790771484e-01) (9, 2.47344040870666503906e+00) (0, 3.35984710693359375000e+02) (1, -2.05951496958732604980e-01) (2, -1.47966711425781250000e+03) (3, -1.47966711425781250000e+03) (4, -1.47966711425781250000e+03) (5, -2.82898376464843750000e+02) (6, -1.47966711425781250000e+03) (7, -1.47966711425781250000e+03) (8, -1.47966711425781250000e+03) (9, -2.68607997894287109375e+01) (0, -1.28078851699829101562e+01) (1, 7.15860575437545776367e-02) (2, -1.47966711425781250000e+03) (3, -1.47966711425781250000e+03) (4, -1.47966711425781250000e+03) (5, -2.14894866943359375000e+01) (6, -1.47966711425781250000e+03) (7, -1.47966711425781250000e+03) (8, -1.47966711425781250000e+03) (9, -2.64717998504638671875e+01) (10, 8.74577617645263671875e+00) (11, 8.15294361114501953125e+00) (12, 1.50000000000000000000e+03) (13, 1.50000000000000000000e+03) (14, -5.29433345794677734375e+00) (10, 9.19346809387207031250e+00) (11, 8.57223129272460937500e+00) (12, 1.50000000000000000000e+03) (13, 1.50000000000000000000e+03) (14, -5.67401838302612304688e+00) (15, 1.30622196197509765625e+00) (16, 1.31891930103302001953e+00) (17, -1.73095536231994628906e+00) 
