FANN_FLO_2.1
num_layers=4
learning_rate=0.400000
connection_rate=1.000000
network_type=0
learning_momentum=0.000000
training_algorithm=2
train_error_function=1
train_stop_function=0
cascade_output_change_fraction=0.010000
quickprop_decay=-0.000100
quickprop_mu=1.750000
rprop_increase_factor=1.200000
rprop_decrease_factor=0.500000
rprop_delta_min=0.000000
rprop_delta_max=50.000000
rprop_delta_zero=0.100000
cascade_output_stagnation_epochs=12
cascade_candidate_change_fraction=0.010000
cascade_candidate_stagnation_epochs=12
cascade_max_out_epochs=150
cascade_min_out_epochs=50
cascade_max_cand_epochs=150
cascade_min_cand_epochs=50
cascade_num_candidate_groups=2
bit_fail_limit=3.49999994039535522461e-01
cascade_candidate_limit=1.00000000000000000000e+03
cascade_weight_multiplier=4.00000005960464477539e-01
cascade_activation_functions_count=10
cascade_activation_functions=3 5 7 8 10 11 14 15 16 17 
cascade_activation_steepnesses_count=4
cascade_activation_steepnesses=2.50000000000000000000e-01 5.00000000000000000000e-01 7.50000000000000000000e-01 1.00000000000000000000e+00 
layer_sizes=7 5 3 2 
scale_included=0
neurons (num_inputs, activation_function, activation_steepness)=(0, 0, 0.00000000000000000000e+00) (0, 0, 0.00000000000000000000e+00) (0, 0, 0.00000000000000000000e+00) (0, 0, 0.00000000000000000000e+00) (0, 0, 0.00000000000000000000e+00) (0, 0, 0.00000000000000000000e+00) (0, 0, 0.00000000000000000000e+00) (7, 3, 5.00000000000000000000e-01) (7, 3, 5.00000000000000000000e-01) (7, 3, 5.00000000000000000000e-01) (7, 3, 5.00000000000000000000e-01) (0, 3, 0.00000000000000000000e+00) (5, 3, 5.00000000000000000000e-01) (5, 3, 5.00000000000000000000e-01) (0, 3, 0.00000000000000000000e+00) (3, 3, 5.00000000000000000000e-01) (0, 3, 0.00000000000000000000e+00) 
connections (connected_to_neuron, weight)=(0, -1.03606347656250000000e+03) (1, -1.33095532226562500000e+03) (2, 1.44489526367187500000e+03) (3, 1.43816223144531250000e+03) (4, 7.27470031738281250000e+02) (5, 3.05372833251953125000e+02) (6, 8.17526435852050781250e+00) (0, -1.39308117675781250000e+03) (1, -1.30980346679687500000e+03) (2, 1.48818811035156250000e+03) (3, 1.38362756347656250000e+03) (4, 7.85913391113281250000e+02) (5, 7.40391784667968750000e+02) (6, 2.15860366821289062500e+00) (0, -2.07451486587524414062e+00) (1, -8.14818516373634338379e-02) (2, -4.81040906906127929688e+00) (3, -5.18579053878784179688e+00) (4, 9.26086083054542541504e-02) (5, 1.00137627124786376953e+00) (6, 8.59260380268096923828e-01) (0, -2.96564042568206787109e-01) (1, -6.03150129318237304688e-01) (2, 7.41709995269775390625e+00) (3, 2.80035519599914550781e+00) (4, -4.26403141021728515625e+00) (5, -3.80714565515518188477e-01) (6, 8.84292304515838623047e-01) (7, 5.92629611492156982422e-01) (8, 3.77511739730834960938e+00) (9, 9.40883636474609375000e+00) (10, 7.67449438571929931641e-01) (11, -1.41151297092437744141e+00) (7, 1.55163586139678955078e+00) (8, -3.09208083152770996094e+00) (9, 9.93640422821044921875e+00) (10, 3.33102822303771972656e+00) (11, -2.01873040199279785156e+00) (12, -1.46645355224609375000e+00) (13, -2.09190583229064941406e+00) (14, -5.63248336315155029297e-01) 
