FANN_FLO_2.1
num_layers=4
learning_rate=0.400000
connection_rate=1.000000
network_type=0
learning_momentum=0.000000
training_algorithm=2
train_error_function=1
train_stop_function=0
cascade_output_change_fraction=0.010000
quickprop_decay=-0.000100
quickprop_mu=1.750000
rprop_increase_factor=1.200000
rprop_decrease_factor=0.500000
rprop_delta_min=0.000000
rprop_delta_max=50.000000
rprop_delta_zero=0.100000
cascade_output_stagnation_epochs=12
cascade_candidate_change_fraction=0.010000
cascade_candidate_stagnation_epochs=12
cascade_max_out_epochs=150
cascade_min_out_epochs=50
cascade_max_cand_epochs=150
cascade_min_cand_epochs=50
cascade_num_candidate_groups=2
bit_fail_limit=3.49999994039535522461e-01
cascade_candidate_limit=1.00000000000000000000e+03
cascade_weight_multiplier=4.00000005960464477539e-01
cascade_activation_functions_count=10
cascade_activation_functions=3 5 7 8 10 11 14 15 16 17 
cascade_activation_steepnesses_count=4
cascade_activation_steepnesses=2.50000000000000000000e-01 5.00000000000000000000e-01 7.50000000000000000000e-01 1.00000000000000000000e+00 
layer_sizes=7 5 5 2 
scale_included=0
neurons (num_inputs, activation_function, activation_steepness)=(0, 0, 0.00000000000000000000e+00) (0, 0, 0.00000000000000000000e+00) (0, 0, 0.00000000000000000000e+00) (0, 0, 0.00000000000000000000e+00) (0, 0, 0.00000000000000000000e+00) (0, 0, 0.00000000000000000000e+00) (0, 0, 0.00000000000000000000e+00) (7, 3, 5.00000000000000000000e-01) (7, 3, 5.00000000000000000000e-01) (7, 3, 5.00000000000000000000e-01) (7, 3, 5.00000000000000000000e-01) (0, 3, 0.00000000000000000000e+00) (5, 3, 5.00000000000000000000e-01) (5, 3, 5.00000000000000000000e-01) (5, 3, 5.00000000000000000000e-01) (5, 3, 5.00000000000000000000e-01) (0, 3, 0.00000000000000000000e+00) (5, 3, 5.00000000000000000000e-01) (0, 3, 0.00000000000000000000e+00) 
connections (connected_to_neuron, weight)=(0, -4.07886648178100585938e+00) (1, -2.29683470726013183594e+00) (2, -3.23032498359680175781e+00) (3, -3.90441238880157470703e-01) (4, -3.19067287445068359375e+00) (5, -4.54656660556793212891e-01) (6, 3.97514820098876953125e+00) (0, 2.30857229232788085938e+00) (1, -2.56550168991088867188e+00) (2, 5.76207962036132812500e+01) (3, -2.06234550476074218750e+01) (4, 1.35998761653900146484e+00) (5, -1.50000000000000000000e+03) (6, 5.03740489482879638672e-01) (0, 5.12833213806152343750e+00) (1, -4.49173831939697265625e+00) (2, 7.01454210281372070312e+00) (3, -7.99287509918212890625e+00) (4, 4.17111605405807495117e-01) (5, -1.40120851993560791016e+00) (6, 1.25793170928955078125e+00) (0, -2.07201557159423828125e+01) (1, 2.08066883087158203125e+01) (2, -1.50514526367187500000e+01) (3, 1.86998903751373291016e+00) (4, -1.07225215435028076172e+00) (5, 6.08357334136962890625e+00) (6, 1.34525477886199951172e+00) (7, 4.32352294921875000000e+01) (8, 1.94422674179077148438e+00) (9, 3.36819362640380859375e+00) (10, 1.78878879547119140625e+00) (11, -4.58545637130737304688e+00) (7, 5.10613899230957031250e+01) (8, -5.28270416259765625000e+01) (9, 1.53793716430664062500e+01) (10, -1.54480278491973876953e+00) (11, -1.56665897369384765625e+00) (7, 1.45502595901489257812e+01) (8, 1.45103112792968750000e+03) (9, 9.83016815185546875000e+01) (10, -4.21828079223632812500e+00) (11, 8.45606207847595214844e-01) (7, 9.43808078765869140625e-01) (8, 2.02290081977844238281e+00) (9, 1.82901763916015625000e+00) (10, 5.08423089981079101562e+00) (11, -5.93316030502319335938e+00) (12, -8.57571601867675781250e-01) (13, -4.59176212549209594727e-01) (14, -7.78282761573791503906e-01) (15, -3.15097522735595703125e+00) (16, -1.21507652103900909424e-01) 
