FANN_FLO_2.1
num_layers=3
learning_rate=0.400000
connection_rate=1.000000
network_type=0
learning_momentum=0.000000
training_algorithm=2
train_error_function=1
train_stop_function=0
cascade_output_change_fraction=0.010000
quickprop_decay=-0.000100
quickprop_mu=1.750000
rprop_increase_factor=1.200000
rprop_decrease_factor=0.500000
rprop_delta_min=0.000000
rprop_delta_max=50.000000
rprop_delta_zero=0.100000
cascade_output_stagnation_epochs=12
cascade_candidate_change_fraction=0.010000
cascade_candidate_stagnation_epochs=12
cascade_max_out_epochs=150
cascade_min_out_epochs=50
cascade_max_cand_epochs=150
cascade_min_cand_epochs=50
cascade_num_candidate_groups=2
bit_fail_limit=3.49999994039535522461e-01
cascade_candidate_limit=1.00000000000000000000e+03
cascade_weight_multiplier=4.00000005960464477539e-01
cascade_activation_functions_count=10
cascade_activation_functions=3 5 7 8 10 11 14 15 16 17 
cascade_activation_steepnesses_count=4
cascade_activation_steepnesses=2.50000000000000000000e-01 5.00000000000000000000e-01 7.50000000000000000000e-01 1.00000000000000000000e+00 
layer_sizes=7 5 2 
scale_included=0
neurons (num_inputs, activation_function, activation_steepness)=(0, 0, 0.00000000000000000000e+00) (0, 0, 0.00000000000000000000e+00) (0, 0, 0.00000000000000000000e+00) (0, 0, 0.00000000000000000000e+00) (0, 0, 0.00000000000000000000e+00) (0, 0, 0.00000000000000000000e+00) (0, 0, 0.00000000000000000000e+00) (7, 3, 5.00000000000000000000e-01) (7, 3, 5.00000000000000000000e-01) (7, 3, 5.00000000000000000000e-01) (7, 3, 5.00000000000000000000e-01) (0, 3, 0.00000000000000000000e+00) (5, 3, 5.00000000000000000000e-01) (0, 3, 0.00000000000000000000e+00) 
connections (connected_to_neuron, weight)=(0, 4.54688310623168945312e+00) (1, -3.28394103050231933594e+00) (2, -5.22401762008666992188e+00) (3, 2.57101202011108398438e+00) (4, -3.68237686157226562500e+00) (5, 1.05725460052490234375e+01) (6, -4.82106685638427734375e+00) (0, -3.00507736206054687500e+00) (1, 1.02167464792728424072e-01) (2, 4.05386066436767578125e+00) (3, 4.75942134857177734375e+00) (4, 4.24554729461669921875e+00) (5, -9.30583286285400390625e+00) (6, -2.30852675437927246094e+00) (0, -5.30154895782470703125e+00) (1, -3.67830824851989746094e+00) (2, -2.41725063323974609375e+00) (3, 3.57855343818664550781e+00) (4, -5.22811748087406158447e-02) (5, 2.75481319427490234375e+00) (6, -1.10893213748931884766e+00) (0, -3.58866667747497558594e+00) (1, -8.72205352783203125000e+00) (2, -2.94326043128967285156e+00) (3, 9.27541792392730712891e-01) (4, 4.17968368530273437500e+00) (5, 2.43704748153686523438e+00) (6, -5.78163862228393554688e-01) (7, 2.35548138618469238281e+00) (8, 3.02751874923706054688e+00) (9, 1.29140996932983398438e+00) (10, 1.39661431312561035156e+00) (11, -2.48875594139099121094e+00) 
