FANN_FLO_2.1
num_layers=3
learning_rate=0.400000
connection_rate=1.000000
network_type=0
learning_momentum=0.000000
training_algorithm=2
train_error_function=1
train_stop_function=0
cascade_output_change_fraction=0.010000
quickprop_decay=-0.000100
quickprop_mu=1.750000
rprop_increase_factor=1.200000
rprop_decrease_factor=0.500000
rprop_delta_min=0.000000
rprop_delta_max=50.000000
rprop_delta_zero=0.100000
cascade_output_stagnation_epochs=12
cascade_candidate_change_fraction=0.010000
cascade_candidate_stagnation_epochs=12
cascade_max_out_epochs=150
cascade_min_out_epochs=50
cascade_max_cand_epochs=150
cascade_min_cand_epochs=50
cascade_num_candidate_groups=2
bit_fail_limit=3.49999994039535522461e-01
cascade_candidate_limit=1.00000000000000000000e+03
cascade_weight_multiplier=4.00000005960464477539e-01
cascade_activation_functions_count=10
cascade_activation_functions=3 5 7 8 10 11 14 15 16 17 
cascade_activation_steepnesses_count=4
cascade_activation_steepnesses=2.50000000000000000000e-01 5.00000000000000000000e-01 7.50000000000000000000e-01 1.00000000000000000000e+00 
layer_sizes=7 5 2 
scale_included=0
neurons (num_inputs, activation_function, activation_steepness)=(0, 0, 0.00000000000000000000e+00) (0, 0, 0.00000000000000000000e+00) (0, 0, 0.00000000000000000000e+00) (0, 0, 0.00000000000000000000e+00) (0, 0, 0.00000000000000000000e+00) (0, 0, 0.00000000000000000000e+00) (0, 0, 0.00000000000000000000e+00) (7, 3, 5.00000000000000000000e-01) (7, 3, 5.00000000000000000000e-01) (7, 3, 5.00000000000000000000e-01) (7, 3, 5.00000000000000000000e-01) (0, 3, 0.00000000000000000000e+00) (5, 3, 5.00000000000000000000e-01) (0, 3, 0.00000000000000000000e+00) 
connections (connected_to_neuron, weight)=(0, 1.54362869262695312500e+00) (1, 1.21280103921890258789e-01) (2, -4.90474271774291992188e+00) (3, -1.24182224273681640625e+00) (4, -3.66016817092895507812e+00) (5, 1.69821338653564453125e+01) (6, -2.37482517957687377930e-01) (0, -1.82987511157989501953e+00) (1, -2.19645929336547851562e+00) (2, -3.24520325660705566406e+00) (3, -1.97634232044219970703e+00) (4, 4.26066589355468750000e+00) (5, 5.30627822875976562500e+00) (6, -2.38555216789245605469e+00) (0, -1.81500113010406494141e+00) (1, -1.60747098922729492188e+00) (2, -9.36313152313232421875e-01) (3, 7.52439832687377929688e+00) (4, -2.89863419532775878906e+00) (5, 1.75538372993469238281e+00) (6, -3.33801507949829101562e+00) (0, 1.02384018898010253906e+00) (1, 1.02855885028839111328e+00) (2, -3.06413221359252929688e+00) (3, 4.29602146148681640625e-01) (4, -1.28868222236633300781e+00) (5, -8.35516095161437988281e-01) (6, 8.02933096885681152344e-01) (7, -2.69412207603454589844e+00) (8, 3.33392930030822753906e+00) (9, 2.87266230583190917969e+00) (10, -1.22917830944061279297e+00) (11, 4.95195150375366210938e-01) 
