FANN_FLO_2.1
num_layers=3
learning_rate=0.400000
connection_rate=1.000000
network_type=0
learning_momentum=0.000000
training_algorithm=2
train_error_function=1
train_stop_function=0
cascade_output_change_fraction=0.010000
quickprop_decay=-0.000100
quickprop_mu=1.750000
rprop_increase_factor=1.200000
rprop_decrease_factor=0.500000
rprop_delta_min=0.000000
rprop_delta_max=50.000000
rprop_delta_zero=0.100000
cascade_output_stagnation_epochs=12
cascade_candidate_change_fraction=0.010000
cascade_candidate_stagnation_epochs=12
cascade_max_out_epochs=150
cascade_min_out_epochs=50
cascade_max_cand_epochs=150
cascade_min_cand_epochs=50
cascade_num_candidate_groups=2
bit_fail_limit=3.49999994039535522461e-01
cascade_candidate_limit=1.00000000000000000000e+03
cascade_weight_multiplier=4.00000005960464477539e-01
cascade_activation_functions_count=10
cascade_activation_functions=3 5 7 8 10 11 14 15 16 17 
cascade_activation_steepnesses_count=4
cascade_activation_steepnesses=2.50000000000000000000e-01 5.00000000000000000000e-01 7.50000000000000000000e-01 1.00000000000000000000e+00 
layer_sizes=7 5 2 
scale_included=0
neurons (num_inputs, activation_function, activation_steepness)=(0, 0, 0.00000000000000000000e+00) (0, 0, 0.00000000000000000000e+00) (0, 0, 0.00000000000000000000e+00) (0, 0, 0.00000000000000000000e+00) (0, 0, 0.00000000000000000000e+00) (0, 0, 0.00000000000000000000e+00) (0, 0, 0.00000000000000000000e+00) (7, 3, 5.00000000000000000000e-01) (7, 3, 5.00000000000000000000e-01) (7, 3, 5.00000000000000000000e-01) (7, 3, 5.00000000000000000000e-01) (0, 3, 0.00000000000000000000e+00) (5, 3, 5.00000000000000000000e-01) (0, 3, 0.00000000000000000000e+00) 
connections (connected_to_neuron, weight)=(0, -3.61802673339843750000e+00) (1, -1.87053871154785156250e+00) (2, -3.32568764686584472656e+00) (3, 7.80816495418548583984e-01) (4, 3.93342924118041992188e+00) (5, 2.31039240956306457520e-01) (6, -1.46552813053131103516e+00) (0, -6.75256347656250000000e+00) (1, -7.54447281360626220703e-02) (2, -9.28762912750244140625e-01) (3, 2.98277497291564941406e-01) (4, -2.80347037315368652344e+00) (5, 7.64397382736206054688e+00) (6, 3.09134316444396972656e+00) (0, 1.71377599239349365234e+00) (1, -2.50305342674255371094e+00) (2, -4.34549301862716674805e-01) (3, 1.82652604579925537109e+00) (4, -6.22516334056854248047e-01) (5, 6.11385917663574218750e+00) (6, -4.40314769744873046875e+00) (0, -2.63933157920837402344e+00) (1, -2.64776682853698730469e+00) (2, -2.42839002609252929688e+00) (3, 3.83511447906494140625e+00) (4, 9.14739310741424560547e-01) (5, 4.05438423156738281250e+00) (6, -3.15242242813110351562e+00) (7, 4.15758275985717773438e+00) (8, -3.29925203323364257812e+00) (9, 2.71682357788085937500e+00) (10, 1.37343978881835937500e+00) (11, 5.04478394985198974609e-01) 
