FANN_FLO_2.1
num_layers=3
learning_rate=0.400000
connection_rate=1.000000
network_type=0
learning_momentum=0.000000
training_algorithm=2
train_error_function=1
train_stop_function=0
cascade_output_change_fraction=0.010000
quickprop_decay=-0.000100
quickprop_mu=1.750000
rprop_increase_factor=1.200000
rprop_decrease_factor=0.500000
rprop_delta_min=0.000000
rprop_delta_max=50.000000
rprop_delta_zero=0.100000
cascade_output_stagnation_epochs=12
cascade_candidate_change_fraction=0.010000
cascade_candidate_stagnation_epochs=12
cascade_max_out_epochs=150
cascade_min_out_epochs=50
cascade_max_cand_epochs=150
cascade_min_cand_epochs=50
cascade_num_candidate_groups=2
bit_fail_limit=3.49999994039535522461e-01
cascade_candidate_limit=1.00000000000000000000e+03
cascade_weight_multiplier=4.00000005960464477539e-01
cascade_activation_functions_count=10
cascade_activation_functions=3 5 7 8 10 11 14 15 16 17 
cascade_activation_steepnesses_count=4
cascade_activation_steepnesses=2.50000000000000000000e-01 5.00000000000000000000e-01 7.50000000000000000000e-01 1.00000000000000000000e+00 
layer_sizes=7 9 2 
scale_included=0
neurons (num_inputs, activation_function, activation_steepness)=(0, 0, 0.00000000000000000000e+00) (0, 0, 0.00000000000000000000e+00) (0, 0, 0.00000000000000000000e+00) (0, 0, 0.00000000000000000000e+00) (0, 0, 0.00000000000000000000e+00) (0, 0, 0.00000000000000000000e+00) (0, 0, 0.00000000000000000000e+00) (7, 3, 5.00000000000000000000e-01) (7, 3, 5.00000000000000000000e-01) (7, 3, 5.00000000000000000000e-01) (7, 3, 5.00000000000000000000e-01) (7, 3, 5.00000000000000000000e-01) (7, 3, 5.00000000000000000000e-01) (7, 3, 5.00000000000000000000e-01) (7, 3, 5.00000000000000000000e-01) (0, 3, 0.00000000000000000000e+00) (9, 3, 5.00000000000000000000e-01) (0, 3, 0.00000000000000000000e+00) 
connections (connected_to_neuron, weight)=(0, -3.94555997848510742188e+00) (1, -2.23222661018371582031e+00) (2, -1.99083065986633300781e+00) (3, 1.16366326808929443359e+00) (4, 3.93162965774536132812e+00) (5, 1.01529347896575927734e+00) (6, -2.38459157943725585938e+00) (0, 3.95877122879028320312e+00) (1, 1.23868000507354736328e+00) (2, -9.70208585262298583984e-01) (3, -8.58322238922119140625e+00) (4, 2.93784332275390625000e+00) (5, 1.11100172996520996094e+00) (6, 3.66441059112548828125e+00) (0, 4.61789989471435546875e+00) (1, 3.21938705444335937500e+00) (2, 3.15086984634399414062e+00) (3, -8.22424602508544921875e+00) (4, -1.23632872104644775391e+00) (5, 5.63907384872436523438e+00) (6, 2.67618536949157714844e+00) (0, -3.04164123535156250000e+00) (1, -2.64552569389343261719e+00) (2, -2.94461727142333984375e+00) (3, 1.37999427318572998047e+00) (4, 1.13208711147308349609e+00) (5, -1.01845853030681610107e-01) (6, -2.55859661102294921875e+00) (0, -2.91870188713073730469e+00) (1, -1.46677911281585693359e+00) (2, -1.92524993419647216797e+00) (3, 1.52613294124603271484e+00) (4, 1.98768794536590576172e+00) (5, 2.53732979297637939453e-01) (6, -2.23980474472045898438e+00) (0, -8.39663028717041015625e-01) (1, -1.47937643527984619141e+00) (2, -3.31375241279602050781e+00) (3, 1.86074626445770263672e+00) (4, -3.37003409862518310547e-01) (5, 7.15771961212158203125e+00) (6, -3.47511649131774902344e+00) (0, -1.20466017723083496094e+00) (1, -9.02591764926910400391e-01) (2, 1.21700370311737060547e+00) (3, -3.09196352958679199219e+00) (4, 7.54008626937866210938e+00) (5, -4.74462080001831054688e+00) (6, -2.57348704338073730469e+00) (0, -6.52802324295043945312e+00) (1, 4.81519669294357299805e-01) (2, -4.85088586807250976562e+00) (3, -1.23650288581848144531e+00) (4, -9.55470919609069824219e-01) (5, 3.24287319183349609375e+00) (6, 6.08642005920410156250e+00) (7, 2.79012084007263183594e+00) (8, -5.72836220264434814453e-01) (9, -3.96262705326080322266e-01) (10, 1.05745756626129150391e+00) (11, 1.84629964828491210938e+00) (12, 3.31189155578613281250e+00) (13, 2.42354583740234375000e+00) (14, -1.83385598659515380859e+00) (15, -1.78692281246185302734e-01) 
