FANN_FLO_2.1
num_layers=4
learning_rate=0.500000
connection_rate=1.000000
network_type=0
learning_momentum=0.000000
training_algorithm=2
train_error_function=1
train_stop_function=0
cascade_output_change_fraction=0.010000
quickprop_decay=-0.000100
quickprop_mu=1.750000
rprop_increase_factor=1.200000
rprop_decrease_factor=0.500000
rprop_delta_min=0.000000
rprop_delta_max=50.000000
rprop_delta_zero=0.100000
cascade_output_stagnation_epochs=12
cascade_candidate_change_fraction=0.010000
cascade_candidate_stagnation_epochs=12
cascade_max_out_epochs=150
cascade_min_out_epochs=50
cascade_max_cand_epochs=150
cascade_min_cand_epochs=50
cascade_num_candidate_groups=2
bit_fail_limit=3.49999994039535522461e-01
cascade_candidate_limit=1.00000000000000000000e+03
cascade_weight_multiplier=4.00000005960464477539e-01
cascade_activation_functions_count=10
cascade_activation_functions=3 5 7 8 10 11 14 15 16 17 
cascade_activation_steepnesses_count=4
cascade_activation_steepnesses=2.50000000000000000000e-01 5.00000000000000000000e-01 7.50000000000000000000e-01 1.00000000000000000000e+00 
layer_sizes=10 3 3 2 
scale_included=0
neurons (num_inputs, activation_function, activation_steepness)=(0, 0, 0.00000000000000000000e+00) (0, 0, 0.00000000000000000000e+00) (0, 0, 0.00000000000000000000e+00) (0, 0, 0.00000000000000000000e+00) (0, 0, 0.00000000000000000000e+00) (0, 0, 0.00000000000000000000e+00) (0, 0, 0.00000000000000000000e+00) (0, 0, 0.00000000000000000000e+00) (0, 0, 0.00000000000000000000e+00) (0, 0, 0.00000000000000000000e+00) (10, 3, 5.00000000000000000000e-01) (10, 3, 5.00000000000000000000e-01) (0, 3, 0.00000000000000000000e+00) (3, 3, 5.00000000000000000000e-01) (3, 3, 5.00000000000000000000e-01) (0, 3, 0.00000000000000000000e+00) (3, 3, 5.00000000000000000000e-01) (0, 3, 0.00000000000000000000e+00) 
connections (connected_to_neuron, weight)=(0, 1.12334995269775390625e+01) (1, 6.84782552719116210938e+00) (2, 2.93697762489318847656e+00) (3, -1.32609729766845703125e+01) (4, 5.76052546501159667969e-01) (5, 3.08245569467544555664e-01) (6, -4.98034906387329101562e+00) (7, -4.91740846633911132812e+00) (8, -4.31467342376708984375e+00) (9, 5.23165285587310791016e-01) (0, 5.11978578567504882812e+00) (1, 3.99532246589660644531e+00) (2, -2.18550395965576171875e+01) (3, 3.90078157186508178711e-01) (4, 2.07913327217102050781e+00) (5, -3.51426392793655395508e-01) (6, 7.78296470642089843750e+00) (7, -7.25234746932983398438e-01) (8, 8.90765070915222167969e-01) (9, 1.06408226490020751953e+00) (10, 1.02991819381713867188e+01) (11, 9.76958084106445312500e+00) (12, -5.22074842453002929688e+00) (10, 9.26308727264404296875e+00) (11, 9.01473712921142578125e+00) (12, -4.47399997711181640625e+00) (13, 1.26964986324310302734e+00) (14, 1.32626032829284667969e+00) (15, -1.70811939239501953125e+00) 
