FANN_FLO_2.1
num_layers=4
learning_rate=0.500000
connection_rate=1.000000
network_type=0
learning_momentum=0.000000
training_algorithm=2
train_error_function=1
train_stop_function=0
cascade_output_change_fraction=0.010000
quickprop_decay=-0.000100
quickprop_mu=1.750000
rprop_increase_factor=1.200000
rprop_decrease_factor=0.500000
rprop_delta_min=0.000000
rprop_delta_max=50.000000
rprop_delta_zero=0.100000
cascade_output_stagnation_epochs=12
cascade_candidate_change_fraction=0.010000
cascade_candidate_stagnation_epochs=12
cascade_max_out_epochs=150
cascade_min_out_epochs=50
cascade_max_cand_epochs=150
cascade_min_cand_epochs=50
cascade_num_candidate_groups=2
bit_fail_limit=3.49999994039535522461e-01
cascade_candidate_limit=1.00000000000000000000e+03
cascade_weight_multiplier=4.00000005960464477539e-01
cascade_activation_functions_count=10
cascade_activation_functions=3 5 7 8 10 11 14 15 16 17 
cascade_activation_steepnesses_count=4
cascade_activation_steepnesses=2.50000000000000000000e-01 5.00000000000000000000e-01 7.50000000000000000000e-01 1.00000000000000000000e+00 
layer_sizes=10 5 3 2 
scale_included=0
neurons (num_inputs, activation_function, activation_steepness)=(0, 0, 0.00000000000000000000e+00) (0, 0, 0.00000000000000000000e+00) (0, 0, 0.00000000000000000000e+00) (0, 0, 0.00000000000000000000e+00) (0, 0, 0.00000000000000000000e+00) (0, 0, 0.00000000000000000000e+00) (0, 0, 0.00000000000000000000e+00) (0, 0, 0.00000000000000000000e+00) (0, 0, 0.00000000000000000000e+00) (0, 0, 0.00000000000000000000e+00) (10, 3, 5.00000000000000000000e-01) (10, 3, 5.00000000000000000000e-01) (10, 3, 5.00000000000000000000e-01) (10, 3, 5.00000000000000000000e-01) (0, 3, 0.00000000000000000000e+00) (5, 3, 5.00000000000000000000e-01) (5, 3, 5.00000000000000000000e-01) (0, 3, 0.00000000000000000000e+00) (3, 3, 5.00000000000000000000e-01) (0, 3, 0.00000000000000000000e+00) 
connections (connected_to_neuron, weight)=(0, -1.77174019813537597656e+00) (1, 7.68088674545288085938e+00) (2, 3.51322919130325317383e-01) (3, -5.29970121383666992188e+00) (4, 2.77340531349182128906e+00) (5, 2.60908126831054687500e+00) (6, -7.87007284164428710938e+00) (7, -5.31506204605102539062e+00) (8, 1.39727437496185302734e+00) (9, 2.71439528465270996094e+00) (0, -6.36922717094421386719e-01) (1, 3.91624021530151367188e+00) (2, 8.05454611778259277344e-01) (3, -2.00392413139343261719e+00) (4, 2.92219328880310058594e+00) (5, 7.59157299995422363281e-01) (6, -5.08158874511718750000e+00) (7, -5.39784097671508789062e+00) (8, -2.53773880004882812500e+00) (9, 1.99847900867462158203e+00) (0, -6.67035150527954101562e+00) (1, 9.33357357978820800781e-01) (2, -2.26446228027343750000e+01) (3, 2.10824191570281982422e-01) (4, 1.84561002254486083984e+00) (5, 6.90481948852539062500e+00) (6, 2.46532395482063293457e-01) (7, 1.76295304298400878906e+00) (8, 1.79642117023468017578e+00) (9, 4.53054237365722656250e+00) (0, 7.29382181167602539062e+00) (1, 5.52971422672271728516e-01) (2, -2.94297719001770019531e+00) (3, -1.69391536712646484375e+01) (4, 1.31710445880889892578e+00) (5, -2.32367553710937500000e+01) (6, -3.09408116340637207031e+00) (7, -4.65582418441772460938e+00) (8, 7.77639484405517578125e+00) (9, 1.31924843788146972656e+00) (10, 4.66613626480102539062e+00) (11, 9.77242565155029296875e+00) (12, 1.13138351440429687500e+01) (13, -1.49959548950195312500e+02) (14, -4.87044715881347656250e+00) (10, -6.67264610528945922852e-02) (11, 1.40474443435668945312e+01) (12, 8.82417583465576171875e+00) (13, 2.16015090942382812500e+01) (14, -4.96178865432739257812e+00) (15, 1.59800422191619873047e+00) (16, 5.59701800346374511719e-01) (17, -1.28139650821685791016e+00) 
