FANN_FLO_2.1
num_layers=3
learning_rate=0.400000
connection_rate=1.000000
network_type=0
learning_momentum=0.000000
training_algorithm=2
train_error_function=1
train_stop_function=0
cascade_output_change_fraction=0.010000
quickprop_decay=-0.000100
quickprop_mu=1.750000
rprop_increase_factor=1.200000
rprop_decrease_factor=0.500000
rprop_delta_min=0.000000
rprop_delta_max=50.000000
rprop_delta_zero=0.100000
cascade_output_stagnation_epochs=12
cascade_candidate_change_fraction=0.010000
cascade_candidate_stagnation_epochs=12
cascade_max_out_epochs=150
cascade_min_out_epochs=50
cascade_max_cand_epochs=150
cascade_min_cand_epochs=50
cascade_num_candidate_groups=2
bit_fail_limit=3.49999994039535522461e-01
cascade_candidate_limit=1.00000000000000000000e+03
cascade_weight_multiplier=4.00000005960464477539e-01
cascade_activation_functions_count=10
cascade_activation_functions=3 5 7 8 10 11 14 15 16 17 
cascade_activation_steepnesses_count=4
cascade_activation_steepnesses=2.50000000000000000000e-01 5.00000000000000000000e-01 7.50000000000000000000e-01 1.00000000000000000000e+00 
layer_sizes=19 3 3 
scale_included=0
neurons (num_inputs, activation_function, activation_steepness)=(0, 0, 0.00000000000000000000e+00) (0, 0, 0.00000000000000000000e+00) (0, 0, 0.00000000000000000000e+00) (0, 0, 0.00000000000000000000e+00) (0, 0, 0.00000000000000000000e+00) (0, 0, 0.00000000000000000000e+00) (0, 0, 0.00000000000000000000e+00) (0, 0, 0.00000000000000000000e+00) (0, 0, 0.00000000000000000000e+00) (0, 0, 0.00000000000000000000e+00) (0, 0, 0.00000000000000000000e+00) (0, 0, 0.00000000000000000000e+00) (0, 0, 0.00000000000000000000e+00) (0, 0, 0.00000000000000000000e+00) (0, 0, 0.00000000000000000000e+00) (0, 0, 0.00000000000000000000e+00) (0, 0, 0.00000000000000000000e+00) (0, 0, 0.00000000000000000000e+00) (0, 0, 0.00000000000000000000e+00) (19, 3, 5.00000000000000000000e-01) (19, 3, 5.00000000000000000000e-01) (0, 3, 0.00000000000000000000e+00) (3, 3, 5.00000000000000000000e-01) (3, 3, 5.00000000000000000000e-01) (0, 3, 0.00000000000000000000e+00) 
connections (connected_to_neuron, weight)=(0, -8.38959884643554687500e+00) (1, 4.05651301145553588867e-01) (2, 1.83696663379669189453e+00) (3, 3.97592961788177490234e-01) (4, 2.39905357360839843750e+00) (5, -7.41640901565551757812e+00) (6, 5.63640403747558593750e+00) (7, -1.42296433448791503906e+00) (8, 5.53084325790405273438e+00) (9, -5.40179872512817382812e+00) (10, -5.91338491439819335938e+00) (11, -1.56455478668212890625e+01) (12, -1.04204630851745605469e+00) (13, 7.29580104351043701172e-01) (14, 4.57384777069091796875e+00) (15, 9.31513404846191406250e+00) (16, 4.56608915328979492188e+00) (17, 1.42589273452758789062e+01) (18, 6.69136476516723632812e+00) (0, -2.41891193389892578125e+00) (1, -4.47890311479568481445e-01) (2, 4.87449586391448974609e-01) (3, -1.53714752197265625000e+00) (4, -1.25709009170532226562e+00) (5, 3.51802754402160644531e+00) (6, -3.85472822189331054688e+00) (7, 1.09819974899291992188e+01) (8, -4.75033426284790039062e+00) (9, -1.16869745254516601562e+01) (10, -5.58174657821655273438e+00) (11, 5.83935880661010742188e+00) (12, -1.59773707389831542969e+00) (13, 3.82122278213500976562e+00) (14, -2.05482482910156250000e+00) (15, -2.28224232792854309082e-01) (16, 1.09608049392700195312e+01) (17, -6.08419895172119140625e+00) (18, 1.53247966766357421875e+01) (19, -7.12702572345733642578e-01) (20, -1.92489707469940185547e+00) (21, 2.00236964225769042969e+00) (19, 7.16413021087646484375e-01) (20, 1.92065608501434326172e+00) (21, -1.99894309043884277344e+00) 
