FANN_FLO_2.1
num_layers=3
learning_rate=0.400000
connection_rate=1.000000
network_type=0
learning_momentum=0.000000
training_algorithm=2
train_error_function=1
train_stop_function=0
cascade_output_change_fraction=0.010000
quickprop_decay=-0.000100
quickprop_mu=1.750000
rprop_increase_factor=1.200000
rprop_decrease_factor=0.500000
rprop_delta_min=0.000000
rprop_delta_max=50.000000
rprop_delta_zero=0.100000
cascade_output_stagnation_epochs=12
cascade_candidate_change_fraction=0.010000
cascade_candidate_stagnation_epochs=12
cascade_max_out_epochs=150
cascade_min_out_epochs=50
cascade_max_cand_epochs=150
cascade_min_cand_epochs=50
cascade_num_candidate_groups=2
bit_fail_limit=3.49999994039535522461e-01
cascade_candidate_limit=1.00000000000000000000e+03
cascade_weight_multiplier=4.00000005960464477539e-01
cascade_activation_functions_count=10
cascade_activation_functions=3 5 7 8 10 11 14 15 16 17 
cascade_activation_steepnesses_count=4
cascade_activation_steepnesses=2.50000000000000000000e-01 5.00000000000000000000e-01 7.50000000000000000000e-01 1.00000000000000000000e+00 
layer_sizes=7 9 2 
scale_included=0
neurons (num_inputs, activation_function, activation_steepness)=(0, 0, 0.00000000000000000000e+00) (0, 0, 0.00000000000000000000e+00) (0, 0, 0.00000000000000000000e+00) (0, 0, 0.00000000000000000000e+00) (0, 0, 0.00000000000000000000e+00) (0, 0, 0.00000000000000000000e+00) (0, 0, 0.00000000000000000000e+00) (7, 3, 5.00000000000000000000e-01) (7, 3, 5.00000000000000000000e-01) (7, 3, 5.00000000000000000000e-01) (7, 3, 5.00000000000000000000e-01) (7, 3, 5.00000000000000000000e-01) (7, 3, 5.00000000000000000000e-01) (7, 3, 5.00000000000000000000e-01) (7, 3, 5.00000000000000000000e-01) (0, 3, 0.00000000000000000000e+00) (9, 3, 5.00000000000000000000e-01) (0, 3, 0.00000000000000000000e+00) 
connections (connected_to_neuron, weight)=(0, -3.65366888046264648438e+00) (1, -3.15447497367858886719e+00) (2, -2.87571549415588378906e+00) (3, 1.10817646980285644531e+00) (4, 2.37387776374816894531e+00) (5, 4.55218172073364257812e+00) (6, -2.79810285568237304688e+00) (0, 6.00940942764282226562e-01) (1, -1.89207518100738525391e+00) (2, -2.00333476066589355469e+00) (3, 3.02850842475891113281e+00) (4, -3.00264430046081542969e+00) (5, 7.51790285110473632812e+00) (6, -3.60128521919250488281e+00) (0, -2.99083232879638671875e+00) (1, -2.45388555526733398438e+00) (2, -2.33399081230163574219e+00) (3, 3.14357256889343261719e+00) (4, 6.60363376140594482422e-01) (5, 3.83194446563720703125e+00) (6, -2.56007909774780273438e+00) (0, 2.80712080001831054688e+00) (1, 8.02594900131225585938e-01) (2, -2.35236573219299316406e+00) (3, -8.79073977470397949219e-01) (4, -2.24566411972045898438e+00) (5, 2.47804284095764160156e+00) (6, 2.17424416542053222656e+00) (0, 5.29229068756103515625e+00) (1, 1.86190593242645263672e+00) (2, -7.32221221923828125000e+00) (3, -8.41917705535888671875e+00) (4, -3.79000544548034667969e+00) (5, 1.62820243835449218750e+01) (6, 1.36516642570495605469e+00) (0, 4.59779620170593261719e-01) (1, -8.87005448341369628906e-01) (2, 1.42909681797027587891e+00) (3, 1.58163940906524658203e+00) (4, 2.94461798667907714844e+00) (5, 2.44757354259490966797e-01) (6, -1.33282780647277832031e+00) (0, -6.70172548294067382812e+00) (1, -3.55965352058410644531e+00) (2, -2.25937008857727050781e+00) (3, 3.40600109100341796875e+00) (4, 1.09846985340118408203e+00) (5, -1.09029316902160644531e+00) (6, -3.66915822029113769531e+00) (0, 3.15694260597229003906e+00) (1, 1.71857154369354248047e+00) (2, -8.39573442935943603516e-01) (3, 3.94687622785568237305e-01) (4, -1.09304752349853515625e+01) (5, 1.02310056686401367188e+01) (6, -5.77798485755920410156e-01) (7, 1.67409861087799072266e+00) (8, 2.58885693550109863281e+00) (9, 6.90009951591491699219e-01) (10, -1.15852725505828857422e+00) (11, -1.22467577457427978516e+00) (12, 1.17430245876312255859e+00) (13, 2.25723953247070312500e+01) (14, -1.41053760051727294922e+00) (15, -5.59988953173160552979e-02) 
