FANN_FLO_2.1
num_layers=4
learning_rate=0.500000
connection_rate=1.000000
network_type=0
learning_momentum=0.000000
training_algorithm=2
train_error_function=1
train_stop_function=0
cascade_output_change_fraction=0.010000
quickprop_decay=-0.000100
quickprop_mu=1.750000
rprop_increase_factor=1.200000
rprop_decrease_factor=0.500000
rprop_delta_min=0.000000
rprop_delta_max=50.000000
rprop_delta_zero=0.100000
cascade_output_stagnation_epochs=12
cascade_candidate_change_fraction=0.010000
cascade_candidate_stagnation_epochs=12
cascade_max_out_epochs=150
cascade_min_out_epochs=50
cascade_max_cand_epochs=150
cascade_min_cand_epochs=50
cascade_num_candidate_groups=2
bit_fail_limit=3.49999994039535522461e-01
cascade_candidate_limit=1.00000000000000000000e+03
cascade_weight_multiplier=4.00000005960464477539e-01
cascade_activation_functions_count=10
cascade_activation_functions=3 5 7 8 10 11 14 15 16 17 
cascade_activation_steepnesses_count=4
cascade_activation_steepnesses=2.50000000000000000000e-01 5.00000000000000000000e-01 7.50000000000000000000e-01 1.00000000000000000000e+00 
layer_sizes=10 5 3 2 
scale_included=0
neurons (num_inputs, activation_function, activation_steepness)=(0, 0, 0.00000000000000000000e+00) (0, 0, 0.00000000000000000000e+00) (0, 0, 0.00000000000000000000e+00) (0, 0, 0.00000000000000000000e+00) (0, 0, 0.00000000000000000000e+00) (0, 0, 0.00000000000000000000e+00) (0, 0, 0.00000000000000000000e+00) (0, 0, 0.00000000000000000000e+00) (0, 0, 0.00000000000000000000e+00) (0, 0, 0.00000000000000000000e+00) (10, 3, 5.00000000000000000000e-01) (10, 3, 5.00000000000000000000e-01) (10, 3, 5.00000000000000000000e-01) (10, 3, 5.00000000000000000000e-01) (0, 3, 0.00000000000000000000e+00) (5, 3, 5.00000000000000000000e-01) (5, 3, 5.00000000000000000000e-01) (0, 3, 0.00000000000000000000e+00) (3, 3, 5.00000000000000000000e-01) (0, 3, 0.00000000000000000000e+00) 
connections (connected_to_neuron, weight)=(0, 1.08717384338378906250e+01) (1, -3.06352972984313964844e+00) (2, -3.19827628135681152344e+00) (3, 1.29004180431365966797e+00) (4, -1.36922760009765625000e+01) (5, -4.96566677093505859375e+00) (6, 2.42544956207275390625e+01) (7, 1.09931964874267578125e+01) (8, 5.22624874114990234375e+00) (9, -1.59699046611785888672e+00) (0, -2.87115287780761718750e+00) (1, -2.96824002265930175781e+00) (2, -1.38652353286743164062e+01) (3, 2.65039503574371337891e-01) (4, -1.59782772064208984375e+01) (5, -2.54143524169921875000e+00) (6, 2.11072978973388671875e+01) (7, 1.38159961700439453125e+01) (8, 9.57491111755371093750e+00) (9, 9.87645462155342102051e-02) (0, -1.75335311889648437500e+01) (1, -2.15170693397521972656e+00) (2, -1.18680393695831298828e+00) (3, 1.02926378250122070312e+01) (4, -7.03150939941406250000e+00) (5, -4.62707690894603729248e-02) (6, 1.13043689727783203125e+01) (7, 6.94027280807495117188e+00) (8, 5.44996356964111328125e+00) (9, -2.01688575744628906250e+00) (0, -4.01267290115356445312e+00) (1, -3.10828256607055664062e+00) (2, -1.39735879898071289062e+01) (3, 6.56572437286376953125e+00) (4, -3.80606794357299804688e+00) (5, -1.31157851219177246094e+00) (6, 1.24651203155517578125e+01) (7, 2.64312219619750976562e+00) (8, 4.40053939819335937500e+00) (9, -6.42389357089996337891e-02) (10, -1.33374810218811035156e+00) (11, -1.40225172042846679688e+01) (12, -1.54409599304199218750e+01) (13, 3.18753700256347656250e+01) (14, 5.85788631439208984375e+00) (10, -1.86001002788543701172e-01) (11, -1.67775306701660156250e+01) (12, 9.82611417770385742188e-01) (13, 1.54856281280517578125e+01) (14, 5.86544370651245117188e+00) (15, 1.75312292575836181641e+00) (16, 1.37153494358062744141e+00) (17, -2.23599767684936523438e+00) 
