FANN_FLO_2.1
num_layers=3
learning_rate=0.500000
connection_rate=1.000000
network_type=0
learning_momentum=0.000000
training_algorithm=2
train_error_function=1
train_stop_function=0
cascade_output_change_fraction=0.010000
quickprop_decay=-0.000100
quickprop_mu=1.750000
rprop_increase_factor=1.200000
rprop_decrease_factor=0.500000
rprop_delta_min=0.000000
rprop_delta_max=50.000000
rprop_delta_zero=0.100000
cascade_output_stagnation_epochs=12
cascade_candidate_change_fraction=0.010000
cascade_candidate_stagnation_epochs=12
cascade_max_out_epochs=150
cascade_min_out_epochs=50
cascade_max_cand_epochs=150
cascade_min_cand_epochs=50
cascade_num_candidate_groups=2
bit_fail_limit=3.49999994039535522461e-01
cascade_candidate_limit=1.00000000000000000000e+03
cascade_weight_multiplier=4.00000005960464477539e-01
cascade_activation_functions_count=10
cascade_activation_functions=3 5 7 8 10 11 14 15 16 17 
cascade_activation_steepnesses_count=4
cascade_activation_steepnesses=2.50000000000000000000e-01 5.00000000000000000000e-01 7.50000000000000000000e-01 1.00000000000000000000e+00 
layer_sizes=10 5 2 
scale_included=0
neurons (num_inputs, activation_function, activation_steepness)=(0, 0, 0.00000000000000000000e+00) (0, 0, 0.00000000000000000000e+00) (0, 0, 0.00000000000000000000e+00) (0, 0, 0.00000000000000000000e+00) (0, 0, 0.00000000000000000000e+00) (0, 0, 0.00000000000000000000e+00) (0, 0, 0.00000000000000000000e+00) (0, 0, 0.00000000000000000000e+00) (0, 0, 0.00000000000000000000e+00) (0, 0, 0.00000000000000000000e+00) (10, 3, 5.00000000000000000000e-01) (10, 3, 5.00000000000000000000e-01) (10, 3, 5.00000000000000000000e-01) (10, 3, 5.00000000000000000000e-01) (0, 3, 0.00000000000000000000e+00) (5, 3, 5.00000000000000000000e-01) (0, 3, 0.00000000000000000000e+00) 
connections (connected_to_neuron, weight)=(0, -1.71217910766601562500e+02) (1, 1.64262878894805908203e+00) (2, -1.39971527099609375000e+02) (3, -9.97320404052734375000e+01) (4, 1.11924147605895996094e+00) (5, -7.39540338516235351562e+00) (6, 1.98476638793945312500e+02) (7, 7.65356750488281250000e+01) (8, 1.01510269165039062500e+02) (9, 5.87019264698028564453e-01) (0, 1.64697399139404296875e+01) (1, -1.24661512374877929688e+01) (2, 1.58396959304809570312e+01) (3, -2.55239224433898925781e+00) (4, 1.18984714150428771973e-01) (5, -3.06944251060485839844e+00) (6, -1.11108708381652832031e+00) (7, -2.72391176223754882812e+00) (8, -8.81952953338623046875e+00) (9, -3.83134293556213378906e+00) (0, 1.52327175140380859375e+01) (1, 1.85425722599029541016e+00) (2, 1.36809473037719726562e+01) (3, 2.27920621633529663086e-01) (4, 5.83075523376464843750e+00) (5, 1.12569141387939453125e+01) (6, -1.11396808624267578125e+01) (7, -8.47150087356567382812e-01) (8, -2.68556823730468750000e+01) (9, -7.68516635894775390625e+00) (0, 1.45713720321655273438e+01) (1, 3.97488260269165039062e+00) (2, 1.50482339859008789062e+01) (3, 9.03265997767448425293e-02) (4, -1.44408690929412841797e+00) (5, 5.64523029327392578125e+00) (6, -1.44711093902587890625e+01) (7, -9.56966519355773925781e-01) (8, -2.65891017913818359375e+01) (9, -2.10805249214172363281e+00) (10, 2.35237169265747070312e+00) (11, 2.20707520842552185059e-01) (12, 6.63651227951049804688e-01) (13, 1.57992243766784667969e+00) (14, -1.49972581863403320312e+00) 
