FANN_FLO_2.1
num_layers=3
learning_rate=0.400000
connection_rate=1.000000
network_type=0
learning_momentum=0.000000
training_algorithm=2
train_error_function=1
train_stop_function=0
cascade_output_change_fraction=0.010000
quickprop_decay=-0.000100
quickprop_mu=1.750000
rprop_increase_factor=1.200000
rprop_decrease_factor=0.500000
rprop_delta_min=0.000000
rprop_delta_max=50.000000
rprop_delta_zero=0.100000
cascade_output_stagnation_epochs=12
cascade_candidate_change_fraction=0.010000
cascade_candidate_stagnation_epochs=12
cascade_max_out_epochs=150
cascade_min_out_epochs=50
cascade_max_cand_epochs=150
cascade_min_cand_epochs=50
cascade_num_candidate_groups=2
bit_fail_limit=3.49999994039535522461e-01
cascade_candidate_limit=1.00000000000000000000e+03
cascade_weight_multiplier=4.00000005960464477539e-01
cascade_activation_functions_count=10
cascade_activation_functions=3 5 7 8 10 11 14 15 16 17 
cascade_activation_steepnesses_count=4
cascade_activation_steepnesses=2.50000000000000000000e-01 5.00000000000000000000e-01 7.50000000000000000000e-01 1.00000000000000000000e+00 
layer_sizes=7 5 2 
scale_included=0
neurons (num_inputs, activation_function, activation_steepness)=(0, 0, 0.00000000000000000000e+00) (0, 0, 0.00000000000000000000e+00) (0, 0, 0.00000000000000000000e+00) (0, 0, 0.00000000000000000000e+00) (0, 0, 0.00000000000000000000e+00) (0, 0, 0.00000000000000000000e+00) (0, 0, 0.00000000000000000000e+00) (7, 3, 5.00000000000000000000e-01) (7, 3, 5.00000000000000000000e-01) (7, 3, 5.00000000000000000000e-01) (7, 3, 5.00000000000000000000e-01) (0, 3, 0.00000000000000000000e+00) (5, 3, 5.00000000000000000000e-01) (0, 3, 0.00000000000000000000e+00) 
connections (connected_to_neuron, weight)=(0, 5.17451095581054687500e+00) (1, -5.70285463333129882812e+00) (2, 4.79599714279174804688e+00) (3, -1.09749293327331542969e+00) (4, -1.63227051496505737305e-01) (5, 2.82719874382019042969e+00) (6, -3.87315487861633300781e+00) (0, -5.98463201522827148438e+00) (1, 5.66448974609375000000e+00) (2, -2.50214004516601562500e+00) (3, -1.13142573833465576172e+00) (4, 2.41897568106651306152e-01) (5, -1.47549023437500000000e+03) (6, -4.66056346893310546875e-01) (0, -6.91719484329223632812e+00) (1, 9.95796978473663330078e-01) (2, 4.61764526367187500000e+01) (3, -3.87046074867248535156e+00) (4, -5.11696004867553710938e+00) (5, 1.80939126014709472656e+00) (6, 7.61152505874633789062e+00) (0, -9.22478866577148437500e+00) (1, 2.15411043167114257812e+00) (2, 2.02709693908691406250e+01) (3, -4.84386301040649414062e+00) (4, -7.88722515106201171875e+00) (5, 4.58667564392089843750e+00) (6, 9.88265132904052734375e+00) (7, -1.44763383865356445312e+01) (8, -8.26884460449218750000e+00) (9, -3.03572475910186767578e-01) (10, -7.47654795646667480469e-01) (11, 3.49325001239776611328e-01) 
