FANN_FLO_2.1
num_layers=4
learning_rate=0.400000
connection_rate=1.000000
network_type=0
learning_momentum=0.000000
training_algorithm=2
train_error_function=1
train_stop_function=0
cascade_output_change_fraction=0.010000
quickprop_decay=-0.000100
quickprop_mu=1.750000
rprop_increase_factor=1.200000
rprop_decrease_factor=0.500000
rprop_delta_min=0.000000
rprop_delta_max=50.000000
rprop_delta_zero=0.100000
cascade_output_stagnation_epochs=12
cascade_candidate_change_fraction=0.010000
cascade_candidate_stagnation_epochs=12
cascade_max_out_epochs=150
cascade_min_out_epochs=50
cascade_max_cand_epochs=150
cascade_min_cand_epochs=50
cascade_num_candidate_groups=2
bit_fail_limit=3.49999994039535522461e-01
cascade_candidate_limit=1.00000000000000000000e+03
cascade_weight_multiplier=4.00000005960464477539e-01
cascade_activation_functions_count=10
cascade_activation_functions=3 5 7 8 10 11 14 15 16 17 
cascade_activation_steepnesses_count=4
cascade_activation_steepnesses=2.50000000000000000000e-01 5.00000000000000000000e-01 7.50000000000000000000e-01 1.00000000000000000000e+00 
layer_sizes=7 3 3 2 
scale_included=0
neurons (num_inputs, activation_function, activation_steepness)=(0, 0, 0.00000000000000000000e+00) (0, 0, 0.00000000000000000000e+00) (0, 0, 0.00000000000000000000e+00) (0, 0, 0.00000000000000000000e+00) (0, 0, 0.00000000000000000000e+00) (0, 0, 0.00000000000000000000e+00) (0, 0, 0.00000000000000000000e+00) (7, 3, 5.00000000000000000000e-01) (7, 3, 5.00000000000000000000e-01) (0, 3, 0.00000000000000000000e+00) (3, 3, 5.00000000000000000000e-01) (3, 3, 5.00000000000000000000e-01) (0, 3, 0.00000000000000000000e+00) (3, 3, 5.00000000000000000000e-01) (0, 3, 0.00000000000000000000e+00) 
connections (connected_to_neuron, weight)=(0, -6.32710456848144531250e+00) (1, 5.29277372360229492188e+00) (2, -1.29702603816986083984e+00) (3, -1.11467230319976806641e+00) (4, -6.75842642784118652344e-01) (5, -1.32793225097656250000e+03) (6, 1.14699625968933105469e+00) (0, 4.15222358703613281250e+00) (1, -4.74437284469604492188e+00) (2, 3.26051259040832519531e+00) (3, -1.19280815124511718750e+00) (4, -2.71091312170028686523e-01) (5, 4.65327692031860351562e+00) (6, -4.58964157104492187500e+00) (7, 4.26396465301513671875e+00) (8, 6.71121788024902343750e+00) (9, -3.05628061294555664062e+00) (7, 5.48840379714965820312e+00) (8, 5.76044940948486328125e+00) (9, -2.24773049354553222656e+00) (10, -6.92837524414062500000e+00) (11, -1.60062611103057861328e+00) (12, -2.51544356346130371094e-01) 
