FANN_FLO_2.1
num_layers=3
learning_rate=0.400000
connection_rate=1.000000
network_type=0
learning_momentum=0.000000
training_algorithm=2
train_error_function=1
train_stop_function=0
cascade_output_change_fraction=0.010000
quickprop_decay=-0.000100
quickprop_mu=1.750000
rprop_increase_factor=1.200000
rprop_decrease_factor=0.500000
rprop_delta_min=0.000000
rprop_delta_max=50.000000
rprop_delta_zero=0.100000
cascade_output_stagnation_epochs=12
cascade_candidate_change_fraction=0.010000
cascade_candidate_stagnation_epochs=12
cascade_max_out_epochs=150
cascade_min_out_epochs=50
cascade_max_cand_epochs=150
cascade_min_cand_epochs=50
cascade_num_candidate_groups=2
bit_fail_limit=3.49999994039535522461e-01
cascade_candidate_limit=1.00000000000000000000e+03
cascade_weight_multiplier=4.00000005960464477539e-01
cascade_activation_functions_count=10
cascade_activation_functions=3 5 7 8 10 11 14 15 16 17 
cascade_activation_steepnesses_count=4
cascade_activation_steepnesses=2.50000000000000000000e-01 5.00000000000000000000e-01 7.50000000000000000000e-01 1.00000000000000000000e+00 
layer_sizes=7 5 2 
scale_included=0
neurons (num_inputs, activation_function, activation_steepness)=(0, 0, 0.00000000000000000000e+00) (0, 0, 0.00000000000000000000e+00) (0, 0, 0.00000000000000000000e+00) (0, 0, 0.00000000000000000000e+00) (0, 0, 0.00000000000000000000e+00) (0, 0, 0.00000000000000000000e+00) (0, 0, 0.00000000000000000000e+00) (7, 3, 5.00000000000000000000e-01) (7, 3, 5.00000000000000000000e-01) (7, 3, 5.00000000000000000000e-01) (7, 3, 5.00000000000000000000e-01) (0, 3, 0.00000000000000000000e+00) (5, 3, 5.00000000000000000000e-01) (0, 3, 0.00000000000000000000e+00) 
connections (connected_to_neuron, weight)=(0, 2.98544168472290039062e+00) (1, -2.90311861038208007812e+00) (2, -2.14079737663269042969e+00) (3, -3.31221675872802734375e+00) (4, -1.10712850093841552734e+00) (5, -5.01664018630981445312e+00) (6, 6.52440488338470458984e-01) (0, -3.97153043746948242188e+00) (1, 4.50452661514282226562e+00) (2, -4.55919790267944335938e+00) (3, -3.11234855651855468750e+00) (4, -1.22766530513763427734e+00) (5, -1.44039916992187500000e+03) (6, 6.51824772357940673828e-01) (0, -4.25640201568603515625e+00) (1, -2.53281092643737792969e+00) (2, 1.41110229492187500000e+01) (3, -2.66930890083312988281e+00) (4, -1.53055000305175781250e+00) (5, 2.91569733619689941406e+00) (6, 5.34751176834106445312e+00) (0, 6.60588407516479492188e+00) (1, -6.97774457931518554688e+00) (2, -3.35667908191680908203e-01) (3, -2.20390558242797851562e+00) (4, -4.66954499483108520508e-01) (5, -6.74805492162704467773e-02) (6, 5.96338987350463867188e-01) (7, 1.25762310028076171875e+01) (8, -1.20432138442993164062e+01) (9, -1.27546131610870361328e+00) (10, -4.79601335525512695312e+00) (11, -1.05596579611301422119e-01) 
