FANN_FLO_2.1
num_layers=4
learning_rate=0.400000
connection_rate=1.000000
network_type=0
learning_momentum=0.000000
training_algorithm=2
train_error_function=1
train_stop_function=0
cascade_output_change_fraction=0.010000
quickprop_decay=-0.000100
quickprop_mu=1.750000
rprop_increase_factor=1.200000
rprop_decrease_factor=0.500000
rprop_delta_min=0.000000
rprop_delta_max=50.000000
rprop_delta_zero=0.100000
cascade_output_stagnation_epochs=12
cascade_candidate_change_fraction=0.010000
cascade_candidate_stagnation_epochs=12
cascade_max_out_epochs=150
cascade_min_out_epochs=50
cascade_max_cand_epochs=150
cascade_min_cand_epochs=50
cascade_num_candidate_groups=2
bit_fail_limit=3.49999994039535522461e-01
cascade_candidate_limit=1.00000000000000000000e+03
cascade_weight_multiplier=4.00000005960464477539e-01
cascade_activation_functions_count=10
cascade_activation_functions=3 5 7 8 10 11 14 15 16 17 
cascade_activation_steepnesses_count=4
cascade_activation_steepnesses=2.50000000000000000000e-01 5.00000000000000000000e-01 7.50000000000000000000e-01 1.00000000000000000000e+00 
layer_sizes=7 3 3 2 
scale_included=0
neurons (num_inputs, activation_function, activation_steepness)=(0, 0, 0.00000000000000000000e+00) (0, 0, 0.00000000000000000000e+00) (0, 0, 0.00000000000000000000e+00) (0, 0, 0.00000000000000000000e+00) (0, 0, 0.00000000000000000000e+00) (0, 0, 0.00000000000000000000e+00) (0, 0, 0.00000000000000000000e+00) (7, 3, 5.00000000000000000000e-01) (7, 3, 5.00000000000000000000e-01) (0, 3, 0.00000000000000000000e+00) (3, 3, 5.00000000000000000000e-01) (3, 3, 5.00000000000000000000e-01) (0, 3, 0.00000000000000000000e+00) (3, 3, 5.00000000000000000000e-01) (0, 3, 0.00000000000000000000e+00) 
connections (connected_to_neuron, weight)=(0, -6.68938684463500976562e+00) (1, 6.87097120285034179688e+00) (2, -7.90174722671508789062e+00) (3, 4.64466542005538940430e-01) (4, -5.57620644569396972656e-01) (5, -5.67612552642822265625e+00) (6, 5.91039121150970458984e-01) (0, -1.46925449371337890625e+00) (1, -1.20615100860595703125e+00) (2, 8.49707889556884765625e+00) (3, -3.62542772293090820312e+00) (4, -3.59494835138320922852e-01) (5, 3.19059157371520996094e+00) (6, 1.23192453384399414062e+00) (7, 4.96083593368530273438e+00) (8, 5.35069131851196289062e+00) (9, -3.61060428619384765625e+00) (7, 4.81556558609008789062e+00) (8, 4.49878787994384765625e+00) (9, -3.55667376518249511719e+00) (10, -1.78438091278076171875e+00) (11, -2.13724946975708007812e+00) (12, -6.71804845333099365234e-01) 
