FANN_FLO_2.1
num_layers=3
learning_rate=0.400000
connection_rate=1.000000
network_type=0
learning_momentum=0.000000
training_algorithm=2
train_error_function=1
train_stop_function=0
cascade_output_change_fraction=0.010000
quickprop_decay=-0.000100
quickprop_mu=1.750000
rprop_increase_factor=1.200000
rprop_decrease_factor=0.500000
rprop_delta_min=0.000000
rprop_delta_max=50.000000
rprop_delta_zero=0.100000
cascade_output_stagnation_epochs=12
cascade_candidate_change_fraction=0.010000
cascade_candidate_stagnation_epochs=12
cascade_max_out_epochs=150
cascade_min_out_epochs=50
cascade_max_cand_epochs=150
cascade_min_cand_epochs=50
cascade_num_candidate_groups=2
bit_fail_limit=3.49999994039535522461e-01
cascade_candidate_limit=1.00000000000000000000e+03
cascade_weight_multiplier=4.00000005960464477539e-01
cascade_activation_functions_count=10
cascade_activation_functions=3 5 7 8 10 11 14 15 16 17 
cascade_activation_steepnesses_count=4
cascade_activation_steepnesses=2.50000000000000000000e-01 5.00000000000000000000e-01 7.50000000000000000000e-01 1.00000000000000000000e+00 
layer_sizes=7 5 2 
scale_included=0
neurons (num_inputs, activation_function, activation_steepness)=(0, 0, 0.00000000000000000000e+00) (0, 0, 0.00000000000000000000e+00) (0, 0, 0.00000000000000000000e+00) (0, 0, 0.00000000000000000000e+00) (0, 0, 0.00000000000000000000e+00) (0, 0, 0.00000000000000000000e+00) (0, 0, 0.00000000000000000000e+00) (7, 3, 5.00000000000000000000e-01) (7, 3, 5.00000000000000000000e-01) (7, 3, 5.00000000000000000000e-01) (7, 3, 5.00000000000000000000e-01) (0, 3, 0.00000000000000000000e+00) (5, 3, 5.00000000000000000000e-01) (0, 3, 0.00000000000000000000e+00) 
connections (connected_to_neuron, weight)=(0, 1.43941326141357421875e+01) (1, -1.52420787811279296875e+01) (2, 3.56587290763854980469e+00) (3, -2.22550368309020996094e+00) (4, -6.55582904815673828125e-01) (5, -4.92671585083007812500e+00) (6, 6.10016298294067382812e+00) (0, -1.56539678573608398438e+01) (1, 1.24149370193481445312e+01) (2, -5.47074842453002929688e+00) (3, -3.07563495635986328125e+00) (4, -7.30855166912078857422e-01) (5, 4.31749391555786132812e+00) (6, 2.79586839675903320312e+00) (0, 1.65512573719024658203e+00) (1, -7.17770671844482421875e+00) (2, 1.27853569030761718750e+02) (3, -1.09742797851562500000e+02) (4, 1.97982997894287109375e+01) (5, 3.44524711370468139648e-01) (6, 4.19753007590770721436e-02) (0, -4.05899000167846679688e+00) (1, 4.45485305786132812500e+00) (2, -5.21219825744628906250e+00) (3, -7.42100417613983154297e-01) (4, -3.33117556571960449219e+00) (5, -1.40950061035156250000e+03) (6, 2.63736307621002197266e-01) (7, -3.35589075088500976562e+00) (8, -3.67134809494018554688e+00) (9, -8.01885366439819335938e-01) (10, -1.54208755493164062500e+00) (11, 2.04989480972290039062e+00) 
