FANN_FLO_2.1
num_layers=3
learning_rate=0.400000
connection_rate=1.000000
network_type=0
learning_momentum=0.000000
training_algorithm=2
train_error_function=1
train_stop_function=0
cascade_output_change_fraction=0.010000
quickprop_decay=-0.000100
quickprop_mu=1.750000
rprop_increase_factor=1.200000
rprop_decrease_factor=0.500000
rprop_delta_min=0.000000
rprop_delta_max=50.000000
rprop_delta_zero=0.100000
cascade_output_stagnation_epochs=12
cascade_candidate_change_fraction=0.010000
cascade_candidate_stagnation_epochs=12
cascade_max_out_epochs=150
cascade_min_out_epochs=50
cascade_max_cand_epochs=150
cascade_min_cand_epochs=50
cascade_num_candidate_groups=2
bit_fail_limit=3.49999994039535522461e-01
cascade_candidate_limit=1.00000000000000000000e+03
cascade_weight_multiplier=4.00000005960464477539e-01
cascade_activation_functions_count=10
cascade_activation_functions=3 5 7 8 10 11 14 15 16 17 
cascade_activation_steepnesses_count=4
cascade_activation_steepnesses=2.50000000000000000000e-01 5.00000000000000000000e-01 7.50000000000000000000e-01 1.00000000000000000000e+00 
layer_sizes=7 5 2 
scale_included=0
neurons (num_inputs, activation_function, activation_steepness)=(0, 0, 0.00000000000000000000e+00) (0, 0, 0.00000000000000000000e+00) (0, 0, 0.00000000000000000000e+00) (0, 0, 0.00000000000000000000e+00) (0, 0, 0.00000000000000000000e+00) (0, 0, 0.00000000000000000000e+00) (0, 0, 0.00000000000000000000e+00) (7, 3, 5.00000000000000000000e-01) (7, 3, 5.00000000000000000000e-01) (7, 3, 5.00000000000000000000e-01) (7, 3, 5.00000000000000000000e-01) (0, 3, 0.00000000000000000000e+00) (5, 3, 5.00000000000000000000e-01) (0, 3, 0.00000000000000000000e+00) 
connections (connected_to_neuron, weight)=(0, 9.19138050079345703125e+00) (1, -9.58334827423095703125e+00) (2, 5.13110446929931640625e+00) (3, -1.58838844299316406250e+00) (4, -1.46461039781570434570e-01) (5, 6.32633543014526367188e+00) (6, -7.61123371124267578125e+00) (0, -8.12692224979400634766e-01) (1, -7.53885126113891601562e+00) (2, 7.08728027343750000000e+00) (3, -1.13424997329711914062e+01) (4, -3.58712506294250488281e+00) (5, 4.23804134130477905273e-01) (6, 1.43750410079956054688e+01) (0, -6.96842312812805175781e-01) (1, -7.71562755107879638672e-01) (2, -3.47040796279907226562e+00) (3, 7.76867771148681640625e+00) (4, 4.45857681334018707275e-02) (5, 1.50000000000000000000e+03) (6, -2.43410801887512207031e+00) (0, -6.81922197341918945312e+00) (1, 6.37605810165405273438e+00) (2, -8.85680258274078369141e-01) (3, -1.95934665203094482422e+00) (4, -6.15749716758728027344e-01) (5, -4.15302562713623046875e+00) (6, -5.54329872131347656250e-01) (7, -1.06403818130493164062e+01) (8, -8.28574061393737792969e-01) (9, -7.96861886978149414062e-01) (10, -1.24441471099853515625e+01) (11, 4.52362634241580963135e-02) 
