FANN_FLO_2.1
num_layers=3
learning_rate=0.400000
connection_rate=1.000000
network_type=0
learning_momentum=0.000000
training_algorithm=2
train_error_function=1
train_stop_function=0
cascade_output_change_fraction=0.010000
quickprop_decay=-0.000100
quickprop_mu=1.750000
rprop_increase_factor=1.200000
rprop_decrease_factor=0.500000
rprop_delta_min=0.000000
rprop_delta_max=50.000000
rprop_delta_zero=0.100000
cascade_output_stagnation_epochs=12
cascade_candidate_change_fraction=0.010000
cascade_candidate_stagnation_epochs=12
cascade_max_out_epochs=150
cascade_min_out_epochs=50
cascade_max_cand_epochs=150
cascade_min_cand_epochs=50
cascade_num_candidate_groups=2
bit_fail_limit=3.49999994039535522461e-01
cascade_candidate_limit=1.00000000000000000000e+03
cascade_weight_multiplier=4.00000005960464477539e-01
cascade_activation_functions_count=10
cascade_activation_functions=3 5 7 8 10 11 14 15 16 17 
cascade_activation_steepnesses_count=4
cascade_activation_steepnesses=2.50000000000000000000e-01 5.00000000000000000000e-01 7.50000000000000000000e-01 1.00000000000000000000e+00 
layer_sizes=7 5 2 
scale_included=0
neurons (num_inputs, activation_function, activation_steepness)=(0, 0, 0.00000000000000000000e+00) (0, 0, 0.00000000000000000000e+00) (0, 0, 0.00000000000000000000e+00) (0, 0, 0.00000000000000000000e+00) (0, 0, 0.00000000000000000000e+00) (0, 0, 0.00000000000000000000e+00) (0, 0, 0.00000000000000000000e+00) (7, 3, 5.00000000000000000000e-01) (7, 3, 5.00000000000000000000e-01) (7, 3, 5.00000000000000000000e-01) (7, 3, 5.00000000000000000000e-01) (0, 3, 0.00000000000000000000e+00) (5, 3, 5.00000000000000000000e-01) (0, 3, 0.00000000000000000000e+00) 
connections (connected_to_neuron, weight)=(0, 2.57601284980773925781e+00) (1, -4.77137178182601928711e-01) (2, -1.17796306610107421875e+01) (3, -8.03970173001289367676e-02) (4, -8.29562306404113769531e-01) (5, -3.55006885528564453125e+00) (6, 6.48432314395904541016e-01) (0, 5.63790416717529296875e+00) (1, -5.46744155883789062500e+00) (2, 2.84227538108825683594e+00) (3, -1.49529063701629638672e+00) (4, -2.30006337165832519531e-01) (5, 2.70110154151916503906e+00) (6, -3.28416609764099121094e+00) (0, -9.98166751861572265625e+00) (1, 9.69735431671142578125e+00) (2, 1.31588721275329589844e+00) (3, -1.65984046459197998047e+00) (4, -9.37498211860656738281e-01) (5, -1.47500000000000000000e+03) (6, -4.09756183624267578125e-01) (0, -1.28942165374755859375e+01) (1, -1.75825634002685546875e+01) (2, 1.10022563934326171875e+01) (3, 1.22619094848632812500e+01) (4, 7.51042461395263671875e+00) (5, 2.59284377098083496094e+00) (6, 5.82119560241699218750e+00) (7, -9.82982635498046875000e-01) (8, -9.99266624450683593750e+00) (9, -8.92743778228759765625e+00) (10, -7.30523049831390380859e-01) (11, 9.71368104219436645508e-02) 
