FANN_FLO_2.1
num_layers=3
learning_rate=0.400000
connection_rate=1.000000
network_type=0
learning_momentum=0.000000
training_algorithm=2
train_error_function=1
train_stop_function=0
cascade_output_change_fraction=0.010000
quickprop_decay=-0.000100
quickprop_mu=1.750000
rprop_increase_factor=1.200000
rprop_decrease_factor=0.500000
rprop_delta_min=0.000000
rprop_delta_max=50.000000
rprop_delta_zero=0.100000
cascade_output_stagnation_epochs=12
cascade_candidate_change_fraction=0.010000
cascade_candidate_stagnation_epochs=12
cascade_max_out_epochs=150
cascade_min_out_epochs=50
cascade_max_cand_epochs=150
cascade_min_cand_epochs=50
cascade_num_candidate_groups=2
bit_fail_limit=3.49999994039535522461e-01
cascade_candidate_limit=1.00000000000000000000e+03
cascade_weight_multiplier=4.00000005960464477539e-01
cascade_activation_functions_count=10
cascade_activation_functions=3 5 7 8 10 11 14 15 16 17 
cascade_activation_steepnesses_count=4
cascade_activation_steepnesses=2.50000000000000000000e-01 5.00000000000000000000e-01 7.50000000000000000000e-01 1.00000000000000000000e+00 
layer_sizes=7 9 2 
scale_included=0
neurons (num_inputs, activation_function, activation_steepness)=(0, 0, 0.00000000000000000000e+00) (0, 0, 0.00000000000000000000e+00) (0, 0, 0.00000000000000000000e+00) (0, 0, 0.00000000000000000000e+00) (0, 0, 0.00000000000000000000e+00) (0, 0, 0.00000000000000000000e+00) (0, 0, 0.00000000000000000000e+00) (7, 3, 5.00000000000000000000e-01) (7, 3, 5.00000000000000000000e-01) (7, 3, 5.00000000000000000000e-01) (7, 3, 5.00000000000000000000e-01) (7, 3, 5.00000000000000000000e-01) (7, 3, 5.00000000000000000000e-01) (7, 3, 5.00000000000000000000e-01) (7, 3, 5.00000000000000000000e-01) (0, 3, 0.00000000000000000000e+00) (9, 3, 5.00000000000000000000e-01) (0, 3, 0.00000000000000000000e+00) 
connections (connected_to_neuron, weight)=(0, -2.33415031433105468750e+00) (1, 7.08355069160461425781e-01) (2, -8.58530044555664062500e-01) (3, -1.43929231166839599609e+00) (4, -2.22059988975524902344e+00) (5, 2.62998640537261962891e-01) (6, 6.48396611213684082031e-01) (0, -5.78417778015136718750e+00) (1, -2.14359021186828613281e+00) (2, -1.83618891239166259766e+00) (3, 7.10887491703033447266e-01) (4, 2.05027675628662109375e+00) (5, 1.69135403633117675781e+00) (6, -7.90647923946380615234e-01) (0, 2.23256421089172363281e+00) (1, 8.25686216354370117188e-01) (2, -5.84071922302246093750e+00) (3, -5.96014022827148437500e+00) (4, -2.92357587814331054688e+00) (5, 1.63485717773437500000e+01) (6, 8.35040152072906494141e-01) (0, 2.90091371536254882812e+00) (1, 2.93549323081970214844e+00) (2, 2.30563926696777343750e+00) (3, -3.44409656524658203125e+00) (4, 1.17553114891052246094e+00) (5, -1.16319379806518554688e+01) (6, 6.26966238021850585938e+00) (0, 2.06158900260925292969e+00) (1, -4.09607440233230590820e-01) (2, 1.00413370132446289062e+00) (3, 8.94594728946685791016e-01) (4, 2.50782370567321777344e+00) (5, -5.71214593946933746338e-02) (6, 2.85961739718914031982e-02) (0, 2.17316055297851562500e+00) (1, -4.10953313112258911133e-01) (2, 6.03538632392883300781e-01) (3, 8.57967197895050048828e-01) (4, 2.54813146591186523438e+00) (5, -1.63403451442718505859e-01) (6, 1.32541388273239135742e-01) (0, 5.88939845561981201172e-01) (1, -7.23484516143798828125e-01) (2, 2.12341022491455078125e+00) (3, -2.74084782600402832031e+00) (4, 1.63645946979522705078e+00) (5, -1.15776970982551574707e-01) (6, -1.95881742984056472778e-02) (0, -4.73401689529418945312e+00) (1, 8.00666809082031250000e-01) (2, 2.00473928451538085938e+00) (3, -3.13347434997558593750e+00) (4, -1.74227595329284667969e+00) (5, 6.55219912528991699219e-01) (6, 1.21288418769836425781e+00) (7, -8.18116188049316406250e-01) (8, 4.22718477249145507812e+00) (9, -1.65591788291931152344e+00) (10, -2.09156370162963867188e+00) (11, 9.56793963909149169922e-01) (12, 1.00700330734252929688e+00) (13, 1.13650310039520263672e+00) (14, -3.34331154823303222656e+00) (15, -3.45868840813636779785e-02) 
