FANN_FLO_2.1
num_layers=3
learning_rate=0.500000
connection_rate=1.000000
network_type=0
learning_momentum=0.000000
training_algorithm=2
train_error_function=1
train_stop_function=0
cascade_output_change_fraction=0.010000
quickprop_decay=-0.000100
quickprop_mu=1.750000
rprop_increase_factor=1.200000
rprop_decrease_factor=0.500000
rprop_delta_min=0.000000
rprop_delta_max=50.000000
rprop_delta_zero=0.100000
cascade_output_stagnation_epochs=12
cascade_candidate_change_fraction=0.010000
cascade_candidate_stagnation_epochs=12
cascade_max_out_epochs=150
cascade_min_out_epochs=50
cascade_max_cand_epochs=150
cascade_min_cand_epochs=50
cascade_num_candidate_groups=2
bit_fail_limit=3.49999994039535522461e-01
cascade_candidate_limit=1.00000000000000000000e+03
cascade_weight_multiplier=4.00000005960464477539e-01
cascade_activation_functions_count=10
cascade_activation_functions=3 5 7 8 10 11 14 15 16 17 
cascade_activation_steepnesses_count=4
cascade_activation_steepnesses=2.50000000000000000000e-01 5.00000000000000000000e-01 7.50000000000000000000e-01 1.00000000000000000000e+00 
layer_sizes=10 5 2 
scale_included=0
neurons (num_inputs, activation_function, activation_steepness)=(0, 0, 0.00000000000000000000e+00) (0, 0, 0.00000000000000000000e+00) (0, 0, 0.00000000000000000000e+00) (0, 0, 0.00000000000000000000e+00) (0, 0, 0.00000000000000000000e+00) (0, 0, 0.00000000000000000000e+00) (0, 0, 0.00000000000000000000e+00) (0, 0, 0.00000000000000000000e+00) (0, 0, 0.00000000000000000000e+00) (0, 0, 0.00000000000000000000e+00) (10, 3, 5.00000000000000000000e-01) (10, 3, 5.00000000000000000000e-01) (10, 3, 5.00000000000000000000e-01) (10, 3, 5.00000000000000000000e-01) (0, 3, 0.00000000000000000000e+00) (5, 3, 5.00000000000000000000e-01) (0, 3, 0.00000000000000000000e+00) 
connections (connected_to_neuron, weight)=(0, -8.58073770999908447266e-01) (1, 1.00005590915679931641e+00) (2, -1.50000000000000000000e+03) (3, -5.53047716617584228516e-01) (4, 1.32800102233886718750e+00) (5, -4.54087591171264648438e+00) (6, 6.47914457321166992188e+00) (7, -6.60421431064605712891e-01) (8, -4.49412643909454345703e-01) (9, 9.10291552543640136719e-01) (0, 1.84407293796539306641e-01) (1, 1.75831985473632812500e+00) (2, 1.45920455455780029297e+00) (3, -2.26306223869323730469e+00) (4, -2.18092775344848632812e+00) (5, -5.48257529735565185547e-01) (6, -5.86078310012817382812e+00) (7, -6.75711727142333984375e+00) (8, 9.21691226959228515625e+00) (9, 1.66580474376678466797e+00) (0, -3.41539263725280761719e-01) (1, -3.56755316257476806641e-01) (2, 4.78796541690826416016e-01) (3, -5.28941679000854492188e+00) (4, -2.22084105014801025391e-01) (5, -5.46262383460998535156e-01) (6, -5.99941834807395935059e-02) (7, -4.28970956802368164062e+00) (8, 3.36839342117309570312e+00) (9, 1.49598550796508789062e+00) (0, -1.07528209686279296875e+00) (1, -2.23300501704216003418e-01) (2, -3.55469346046447753906e+00) (3, -7.11419582366943359375e-01) (4, -1.64311170578002929688e+00) (5, -1.31330037117004394531e+00) (6, 1.24760408401489257812e+01) (7, -6.67791032791137695312e+00) (8, -3.67271244525909423828e-01) (9, 2.02446365356445312500e+00) (10, 1.91784298419952392578e+00) (11, 3.07997608184814453125e+00) (12, 2.11589860916137695312e+00) (13, 2.44887113571166992188e+00) (14, -3.38879871368408203125e+00) 
