FANN_FLO_2.1
num_layers=4
learning_rate=0.500000
connection_rate=1.000000
network_type=0
learning_momentum=0.000000
training_algorithm=2
train_error_function=1
train_stop_function=0
cascade_output_change_fraction=0.010000
quickprop_decay=-0.000100
quickprop_mu=1.750000
rprop_increase_factor=1.200000
rprop_decrease_factor=0.500000
rprop_delta_min=0.000000
rprop_delta_max=50.000000
rprop_delta_zero=0.100000
cascade_output_stagnation_epochs=12
cascade_candidate_change_fraction=0.010000
cascade_candidate_stagnation_epochs=12
cascade_max_out_epochs=150
cascade_min_out_epochs=50
cascade_max_cand_epochs=150
cascade_min_cand_epochs=50
cascade_num_candidate_groups=2
bit_fail_limit=3.49999994039535522461e-01
cascade_candidate_limit=1.00000000000000000000e+03
cascade_weight_multiplier=4.00000005960464477539e-01
cascade_activation_functions_count=10
cascade_activation_functions=3 5 7 8 10 11 14 15 16 17 
cascade_activation_steepnesses_count=4
cascade_activation_steepnesses=2.50000000000000000000e-01 5.00000000000000000000e-01 7.50000000000000000000e-01 1.00000000000000000000e+00 
layer_sizes=2 5 5 3 
scale_included=0
neurons (num_inputs, activation_function, activation_steepness)=(0, 0, 0.00000000000000000000e+00) (0, 0, 0.00000000000000000000e+00) (2, 3, 5.00000000000000000000e-01) (2, 3, 5.00000000000000000000e-01) (2, 3, 5.00000000000000000000e-01) (2, 3, 5.00000000000000000000e-01) (0, 3, 0.00000000000000000000e+00) (5, 3, 5.00000000000000000000e-01) (5, 3, 5.00000000000000000000e-01) (5, 3, 5.00000000000000000000e-01) (5, 3, 5.00000000000000000000e-01) (0, 3, 0.00000000000000000000e+00) (5, 0, 5.00000000000000000000e-01) (5, 0, 5.00000000000000000000e-01) (0, 0, 0.00000000000000000000e+00) 
connections (connected_to_neuron, weight)=(0, 1.68602142333984375000e+01) (1, -2.34910655021667480469e+00) (0, 1.19889307022094726562e+01) (1, -4.35535192489624023438e+00) (0, 1.34980201721191406250e+01) (1, -2.26657342910766601562e+00) (0, 1.11156501770019531250e+01) (1, -4.07626533508300781250e+00) (2, -1.15635478496551513672e+00) (3, -2.98259234428405761719e+00) (4, -1.03741407394409179688e+00) (5, -2.83114957809448242188e+00) (6, 5.30004978179931640625e+00) (2, -6.37267827987670898438e-01) (3, -5.09701395034790039062e+00) (4, -6.86312437057495117188e-01) (5, -3.35021257400512695312e+00) (6, 2.40639066696166992188e+00) (2, 8.09486484527587890625e+00) (3, -2.09395217895507812500e+01) (4, 8.21004486083984375000e+00) (5, 3.81461715698242187500e+00) (6, -1.28053426742553710938e+00) (2, -2.18937754631042480469e+00) (3, -3.31465363502502441406e+00) (4, -1.71830439567565917969e+00) (5, -1.00974237918853759766e+00) (6, 1.67345678806304931641e+00) (7, -2.10257744789123535156e+00) (8, 2.21458822488784790039e-01) (9, -1.77400422096252441406e+00) (10, 1.68504357337951660156e+00) (11, 1.45360887050628662109e+00) (7, 1.54235923290252685547e+00) (8, 2.01330041885375976562e+00) (9, 2.22858451306819915771e-02) (10, 1.26609873771667480469e+00) (11, -2.32267308235168457031e+00) 
