FANN_FLO_2.1
num_layers=3
learning_rate=0.400000
connection_rate=1.000000
network_type=0
learning_momentum=0.000000
training_algorithm=2
train_error_function=1
train_stop_function=0
cascade_output_change_fraction=0.010000
quickprop_decay=-0.000100
quickprop_mu=1.750000
rprop_increase_factor=1.200000
rprop_decrease_factor=0.500000
rprop_delta_min=0.000000
rprop_delta_max=50.000000
rprop_delta_zero=0.100000
cascade_output_stagnation_epochs=12
cascade_candidate_change_fraction=0.010000
cascade_candidate_stagnation_epochs=12
cascade_max_out_epochs=150
cascade_min_out_epochs=50
cascade_max_cand_epochs=150
cascade_min_cand_epochs=50
cascade_num_candidate_groups=2
bit_fail_limit=3.49999994039535522461e-01
cascade_candidate_limit=1.00000000000000000000e+03
cascade_weight_multiplier=4.00000005960464477539e-01
cascade_activation_functions_count=10
cascade_activation_functions=3 5 7 8 10 11 14 15 16 17 
cascade_activation_steepnesses_count=4
cascade_activation_steepnesses=2.50000000000000000000e-01 5.00000000000000000000e-01 7.50000000000000000000e-01 1.00000000000000000000e+00 
layer_sizes=19 3 3 
scale_included=0
neurons (num_inputs, activation_function, activation_steepness)=(0, 0, 0.00000000000000000000e+00) (0, 0, 0.00000000000000000000e+00) (0, 0, 0.00000000000000000000e+00) (0, 0, 0.00000000000000000000e+00) (0, 0, 0.00000000000000000000e+00) (0, 0, 0.00000000000000000000e+00) (0, 0, 0.00000000000000000000e+00) (0, 0, 0.00000000000000000000e+00) (0, 0, 0.00000000000000000000e+00) (0, 0, 0.00000000000000000000e+00) (0, 0, 0.00000000000000000000e+00) (0, 0, 0.00000000000000000000e+00) (0, 0, 0.00000000000000000000e+00) (0, 0, 0.00000000000000000000e+00) (0, 0, 0.00000000000000000000e+00) (0, 0, 0.00000000000000000000e+00) (0, 0, 0.00000000000000000000e+00) (0, 0, 0.00000000000000000000e+00) (0, 0, 0.00000000000000000000e+00) (19, 3, 5.00000000000000000000e-01) (19, 3, 5.00000000000000000000e-01) (0, 3, 0.00000000000000000000e+00) (3, 3, 5.00000000000000000000e-01) (3, 3, 5.00000000000000000000e-01) (0, 3, 0.00000000000000000000e+00) 
connections (connected_to_neuron, weight)=(0, 3.93689703941345214844e+00) (1, -8.61159706115722656250e+00) (2, -1.62187519073486328125e+01) (3, 3.22914314270019531250e+00) (4, 2.73560643196105957031e+00) (5, 2.90636940002441406250e+01) (6, 1.08401060104370117188e+01) (7, 2.77843087911605834961e-01) (8, 1.26987075805664062500e+00) (9, -3.73176455497741699219e-01) (10, 1.14290642738342285156e+00) (11, 2.28268480300903320312e+00) (12, -1.22544012069702148438e+01) (13, 1.08770418167114257812e+01) (14, 1.82899999618530273438e+00) (15, -1.24814033508300781250e+01) (16, -1.22458541393280029297e+00) (17, -1.40162456035614013672e+00) (18, 4.68498420715332031250e+00) (0, -4.21243572235107421875e+00) (1, 1.75956320762634277344e+00) (2, 2.41633701324462890625e+00) (3, -3.95801520347595214844e+00) (4, -1.42449647188186645508e-01) (5, -6.23996210098266601562e+00) (6, -5.41652917861938476562e+00) (7, 2.56667399406433105469e+00) (8, -1.01474499702453613281e+00) (9, 4.23711967468261718750e+00) (10, -1.39527487754821777344e+00) (11, -1.08454775810241699219e+00) (12, 6.23830795288085937500e+00) (13, -3.30958652496337890625e+00) (14, -3.21716964244842529297e-01) (15, 4.62957382202148437500e+00) (16, -2.56552648544311523438e+00) (17, 8.58673930168151855469e-01) (18, -1.64648032188415527344e+00) (19, -1.52181470394134521484e+00) (20, -2.06487250328063964844e+00) (21, 1.01335585117340087891e+00) (19, 1.51969575881958007812e+00) (20, 2.06429433822631835938e+00) (21, -1.01193308830261230469e+00) 
