FANN_FLO_2.1
num_layers=3
learning_rate=0.400000
connection_rate=1.000000
network_type=0
learning_momentum=0.000000
training_algorithm=2
train_error_function=1
train_stop_function=0
cascade_output_change_fraction=0.010000
quickprop_decay=-0.000100
quickprop_mu=1.750000
rprop_increase_factor=1.200000
rprop_decrease_factor=0.500000
rprop_delta_min=0.000000
rprop_delta_max=50.000000
rprop_delta_zero=0.100000
cascade_output_stagnation_epochs=12
cascade_candidate_change_fraction=0.010000
cascade_candidate_stagnation_epochs=12
cascade_max_out_epochs=150
cascade_min_out_epochs=50
cascade_max_cand_epochs=150
cascade_min_cand_epochs=50
cascade_num_candidate_groups=2
bit_fail_limit=3.49999994039535522461e-01
cascade_candidate_limit=1.00000000000000000000e+03
cascade_weight_multiplier=4.00000005960464477539e-01
cascade_activation_functions_count=10
cascade_activation_functions=3 5 7 8 10 11 14 15 16 17 
cascade_activation_steepnesses_count=4
cascade_activation_steepnesses=2.50000000000000000000e-01 5.00000000000000000000e-01 7.50000000000000000000e-01 1.00000000000000000000e+00 
layer_sizes=7 5 2 
scale_included=0
neurons (num_inputs, activation_function, activation_steepness)=(0, 0, 0.00000000000000000000e+00) (0, 0, 0.00000000000000000000e+00) (0, 0, 0.00000000000000000000e+00) (0, 0, 0.00000000000000000000e+00) (0, 0, 0.00000000000000000000e+00) (0, 0, 0.00000000000000000000e+00) (0, 0, 0.00000000000000000000e+00) (7, 3, 5.00000000000000000000e-01) (7, 3, 5.00000000000000000000e-01) (7, 3, 5.00000000000000000000e-01) (7, 3, 5.00000000000000000000e-01) (0, 3, 0.00000000000000000000e+00) (5, 3, 5.00000000000000000000e-01) (0, 3, 0.00000000000000000000e+00) 
connections (connected_to_neuron, weight)=(0, -4.35630178451538085938e+00) (1, 6.75078451633453369141e-01) (2, -2.28806853294372558594e+00) (3, -2.49810576438903808594e+00) (4, -3.60754895210266113281e+00) (5, 1.23388080596923828125e+01) (6, 1.38861656188964843750e+00) (0, -3.55878496170043945312e+00) (1, 3.45442712306976318359e-01) (2, 5.99667310714721679688e-01) (3, -1.27305543422698974609e+00) (4, 4.18858945369720458984e-01) (5, 7.86760866641998291016e-01) (6, 1.96227654814720153809e-01) (0, -7.88483858108520507812e+00) (1, -1.56199538707733154297e+00) (2, -1.86444735527038574219e+00) (3, 7.68473923206329345703e-01) (4, 3.84885168075561523438e+00) (5, 2.05569219589233398438e+00) (6, -1.56697463989257812500e+00) (0, -8.07483851909637451172e-01) (1, -1.73169445991516113281e+00) (2, -1.61336243152618408203e+00) (3, 1.15865278244018554688e+00) (4, 1.04147166013717651367e-01) (5, 6.19029283523559570312e+00) (6, -3.22228002548217773438e+00) (7, -2.62538266181945800781e+00) (8, -4.00659084320068359375e+00) (9, 3.81650328636169433594e+00) (10, 3.57178187370300292969e+00) (11, 1.05968058109283447266e+00) 
