FANN_FLO_2.1
num_layers=4
learning_rate=0.500000
connection_rate=1.000000
network_type=0
learning_momentum=0.000000
training_algorithm=2
train_error_function=1
train_stop_function=0
cascade_output_change_fraction=0.010000
quickprop_decay=-0.000100
quickprop_mu=1.750000
rprop_increase_factor=1.200000
rprop_decrease_factor=0.500000
rprop_delta_min=0.000000
rprop_delta_max=50.000000
rprop_delta_zero=0.100000
cascade_output_stagnation_epochs=12
cascade_candidate_change_fraction=0.010000
cascade_candidate_stagnation_epochs=12
cascade_max_out_epochs=150
cascade_min_out_epochs=50
cascade_max_cand_epochs=150
cascade_min_cand_epochs=50
cascade_num_candidate_groups=2
bit_fail_limit=3.49999994039535522461e-01
cascade_candidate_limit=1.00000000000000000000e+03
cascade_weight_multiplier=4.00000005960464477539e-01
cascade_activation_functions_count=10
cascade_activation_functions=3 5 7 8 10 11 14 15 16 17 
cascade_activation_steepnesses_count=4
cascade_activation_steepnesses=2.50000000000000000000e-01 5.00000000000000000000e-01 7.50000000000000000000e-01 1.00000000000000000000e+00 
layer_sizes=10 3 3 2 
scale_included=0
neurons (num_inputs, activation_function, activation_steepness)=(0, 0, 0.00000000000000000000e+00) (0, 0, 0.00000000000000000000e+00) (0, 0, 0.00000000000000000000e+00) (0, 0, 0.00000000000000000000e+00) (0, 0, 0.00000000000000000000e+00) (0, 0, 0.00000000000000000000e+00) (0, 0, 0.00000000000000000000e+00) (0, 0, 0.00000000000000000000e+00) (0, 0, 0.00000000000000000000e+00) (0, 0, 0.00000000000000000000e+00) (10, 3, 5.00000000000000000000e-01) (10, 3, 5.00000000000000000000e-01) (0, 3, 0.00000000000000000000e+00) (3, 3, 5.00000000000000000000e-01) (3, 3, 5.00000000000000000000e-01) (0, 3, 0.00000000000000000000e+00) (3, 3, 5.00000000000000000000e-01) (0, 3, 0.00000000000000000000e+00) 
connections (connected_to_neuron, weight)=(0, -4.71517778933048248291e-02) (1, 3.95451873540878295898e-01) (2, -9.08923387527465820312e-01) (3, -2.33635693788528442383e-01) (4, 2.12659025192260742188e+00) (5, -3.98261070251464843750e+00) (6, 5.40628492832183837891e-01) (7, -4.03125047683715820312e+00) (8, -1.19737952947616577148e-01) (9, 1.29954874515533447266e+00) (0, 5.83870410919189453125e-01) (1, 3.24654102325439453125e+00) (2, -4.26150751113891601562e+00) (3, -3.22849082946777343750e+00) (4, 3.79541325569152832031e+00) (5, 9.53126475214958190918e-02) (6, -1.21029794216156005859e+00) (7, -7.81881809234619140625e+00) (8, 3.54118680953979492188e+00) (9, 1.06931650638580322266e+00) (10, 1.34565267562866210938e+01) (11, 1.23056917190551757812e+01) (12, -4.66382217407226562500e+00) (10, 1.15961370468139648438e+01) (11, 1.50000000000000000000e+03) (12, -7.87350082397460937500e+01) (13, 2.26754093170166015625e+00) (14, 3.61431330442428588867e-01) (15, -1.75940251350402832031e+00) 
