FANN_FLO_2.1
num_layers=4
learning_rate=0.500000
connection_rate=1.000000
network_type=0
learning_momentum=0.000000
training_algorithm=2
train_error_function=1
train_stop_function=0
cascade_output_change_fraction=0.010000
quickprop_decay=-0.000100
quickprop_mu=1.750000
rprop_increase_factor=1.200000
rprop_decrease_factor=0.500000
rprop_delta_min=0.000000
rprop_delta_max=50.000000
rprop_delta_zero=0.100000
cascade_output_stagnation_epochs=12
cascade_candidate_change_fraction=0.010000
cascade_candidate_stagnation_epochs=12
cascade_max_out_epochs=150
cascade_min_out_epochs=50
cascade_max_cand_epochs=150
cascade_min_cand_epochs=50
cascade_num_candidate_groups=2
bit_fail_limit=3.49999994039535522461e-01
cascade_candidate_limit=1.00000000000000000000e+03
cascade_weight_multiplier=4.00000005960464477539e-01
cascade_activation_functions_count=10
cascade_activation_functions=3 5 7 8 10 11 14 15 16 17 
cascade_activation_steepnesses_count=4
cascade_activation_steepnesses=2.50000000000000000000e-01 5.00000000000000000000e-01 7.50000000000000000000e-01 1.00000000000000000000e+00 
layer_sizes=10 5 3 2 
scale_included=0
neurons (num_inputs, activation_function, activation_steepness)=(0, 0, 0.00000000000000000000e+00) (0, 0, 0.00000000000000000000e+00) (0, 0, 0.00000000000000000000e+00) (0, 0, 0.00000000000000000000e+00) (0, 0, 0.00000000000000000000e+00) (0, 0, 0.00000000000000000000e+00) (0, 0, 0.00000000000000000000e+00) (0, 0, 0.00000000000000000000e+00) (0, 0, 0.00000000000000000000e+00) (0, 0, 0.00000000000000000000e+00) (10, 3, 5.00000000000000000000e-01) (10, 3, 5.00000000000000000000e-01) (10, 3, 5.00000000000000000000e-01) (10, 3, 5.00000000000000000000e-01) (0, 3, 0.00000000000000000000e+00) (5, 3, 5.00000000000000000000e-01) (5, 3, 5.00000000000000000000e-01) (0, 3, 0.00000000000000000000e+00) (3, 3, 5.00000000000000000000e-01) (0, 3, 0.00000000000000000000e+00) 
connections (connected_to_neuron, weight)=(0, -2.11012001037597656250e+01) (1, -1.35822191238403320312e+01) (2, -1.43234205245971679688e+00) (3, 1.72285807132720947266e+00) (4, 3.79951477050781250000e+00) (5, -1.60698568820953369141e+00) (6, 3.56498718261718750000e+01) (7, -3.75835800170898437500e+00) (8, -6.47712755203247070312e+00) (9, 4.49076563119888305664e-01) (0, -7.89681320190429687500e+01) (1, -8.81594543457031250000e+02) (2, -6.89021850585937500000e+02) (3, 5.07863283157348632812e-01) (4, 6.96687698364257812500e-01) (5, -8.17632496356964111328e-01) (6, -1.32514083385467529297e+00) (7, -2.44967434555292129517e-02) (8, 1.53330639004707336426e-01) (9, -1.92626073956489562988e-01) (0, -7.88606948852539062500e+01) (1, -8.81543029785156250000e+02) (2, -6.88512878417968750000e+02) (3, -6.82485580444335937500e-01) (4, 1.16971814632415771484e+00) (5, -1.65376973152160644531e+00) (6, -1.01233780384063720703e+00) (7, -8.10887292027473449707e-02) (8, -4.73317712545394897461e-01) (9, -9.38443243503570556641e-01) (0, -7.47141408920288085938e+00) (1, 1.53066949844360351562e+01) (2, 3.48033070564270019531e+00) (3, 7.64456510543823242188e+00) (4, 4.75531005859375000000e+00) (5, 9.98732471466064453125e+00) (6, -2.41062736511230468750e+01) (7, -1.16356849670410156250e+01) (8, -1.03923149108886718750e+01) (9, 2.68287444114685058594e+00) (10, 1.22916622161865234375e+01) (11, -3.76926040649414062500e+00) (12, -3.65860009193420410156e+00) (13, 1.60117225646972656250e+01) (14, -6.26317453384399414062e+00) (10, 1.28073453903198242188e+01) (11, -3.11696314811706542969e+00) (12, -3.20077061653137207031e+00) (13, 1.06034412384033203125e+01) (14, -6.44928836822509765625e+00) (15, 9.95103299617767333984e-01) (16, 1.48995769023895263672e+00) (17, -1.59676373004913330078e+00) 
