FANN_FLO_2.1
num_layers=4
learning_rate=0.500000
connection_rate=1.000000
network_type=0
learning_momentum=0.000000
training_algorithm=2
train_error_function=1
train_stop_function=0
cascade_output_change_fraction=0.010000
quickprop_decay=-0.000100
quickprop_mu=1.750000
rprop_increase_factor=1.200000
rprop_decrease_factor=0.500000
rprop_delta_min=0.000000
rprop_delta_max=50.000000
rprop_delta_zero=0.100000
cascade_output_stagnation_epochs=12
cascade_candidate_change_fraction=0.010000
cascade_candidate_stagnation_epochs=12
cascade_max_out_epochs=150
cascade_min_out_epochs=50
cascade_max_cand_epochs=150
cascade_min_cand_epochs=50
cascade_num_candidate_groups=2
bit_fail_limit=3.49999994039535522461e-01
cascade_candidate_limit=1.00000000000000000000e+03
cascade_weight_multiplier=4.00000005960464477539e-01
cascade_activation_functions_count=10
cascade_activation_functions=3 5 7 8 10 11 14 15 16 17 
cascade_activation_steepnesses_count=4
cascade_activation_steepnesses=2.50000000000000000000e-01 5.00000000000000000000e-01 7.50000000000000000000e-01 1.00000000000000000000e+00 
layer_sizes=2 5 5 3 
scale_included=0
neurons (num_inputs, activation_function, activation_steepness)=(0, 0, 0.00000000000000000000e+00) (0, 0, 0.00000000000000000000e+00) (2, 3, 5.00000000000000000000e-01) (2, 3, 5.00000000000000000000e-01) (2, 3, 5.00000000000000000000e-01) (2, 3, 5.00000000000000000000e-01) (0, 3, 0.00000000000000000000e+00) (5, 3, 5.00000000000000000000e-01) (5, 3, 5.00000000000000000000e-01) (5, 3, 5.00000000000000000000e-01) (5, 3, 5.00000000000000000000e-01) (0, 3, 0.00000000000000000000e+00) (5, 0, 5.00000000000000000000e-01) (5, 0, 5.00000000000000000000e-01) (0, 0, 0.00000000000000000000e+00) 
connections (connected_to_neuron, weight)=(0, 1.50000000000000000000e+03) (1, -1.39791021347045898438e+01) (0, -8.87534637451171875000e+01) (1, 1.86619281768798828125e+01) (0, 1.50000000000000000000e+03) (1, 5.60386230468750000000e+02) (0, -1.50000000000000000000e+03) (1, 2.19415130615234375000e+01) (2, -3.72490024566650390625e+00) (3, 1.43834155273437500000e+03) (4, 5.96122360229492187500e+01) (5, -1.49995373535156250000e+03) (6, 4.57368165254592895508e-01) (2, -1.50000000000000000000e+03) (3, -1.50000000000000000000e+03) (4, -1.43988183593750000000e+03) (5, 1.50000000000000000000e+03) (6, 2.73372948169708251953e-01) (2, -1.50000000000000000000e+03) (3, -1.50000000000000000000e+03) (4, -1.43988183593750000000e+03) (5, 1.50000000000000000000e+03) (6, -3.22211861610412597656e+00) (2, 1.94273650646209716797e+00) (3, 3.39989781379699707031e+00) (4, -9.92285823822021484375e+00) (5, 3.13982248306274414062e+00) (6, 3.84095931053161621094e+00) (7, -8.09211432933807373047e-01) (8, 1.50000000000000000000e+03) (9, 1.50000000000000000000e+03) (10, 1.44675338268280029297e+00) (11, -7.55018293857574462891e-01) (7, 2.35618996620178222656e+00) (8, 1.50000000000000000000e+03) (9, 1.50000000000000000000e+03) (10, 8.11143875122070312500e+00) (11, -3.38810133934020996094e+00) 
