FANN_FLO_2.1
num_layers=4
learning_rate=0.400000
connection_rate=1.000000
network_type=0
learning_momentum=0.000000
training_algorithm=2
train_error_function=1
train_stop_function=0
cascade_output_change_fraction=0.010000
quickprop_decay=-0.000100
quickprop_mu=1.750000
rprop_increase_factor=1.200000
rprop_decrease_factor=0.500000
rprop_delta_min=0.000000
rprop_delta_max=50.000000
rprop_delta_zero=0.100000
cascade_output_stagnation_epochs=12
cascade_candidate_change_fraction=0.010000
cascade_candidate_stagnation_epochs=12
cascade_max_out_epochs=150
cascade_min_out_epochs=50
cascade_max_cand_epochs=150
cascade_min_cand_epochs=50
cascade_num_candidate_groups=2
bit_fail_limit=3.49999994039535522461e-01
cascade_candidate_limit=1.00000000000000000000e+03
cascade_weight_multiplier=4.00000005960464477539e-01
cascade_activation_functions_count=10
cascade_activation_functions=3 5 7 8 10 11 14 15 16 17 
cascade_activation_steepnesses_count=4
cascade_activation_steepnesses=2.50000000000000000000e-01 5.00000000000000000000e-01 7.50000000000000000000e-01 1.00000000000000000000e+00 
layer_sizes=7 5 5 2 
scale_included=0
neurons (num_inputs, activation_function, activation_steepness)=(0, 0, 0.00000000000000000000e+00) (0, 0, 0.00000000000000000000e+00) (0, 0, 0.00000000000000000000e+00) (0, 0, 0.00000000000000000000e+00) (0, 0, 0.00000000000000000000e+00) (0, 0, 0.00000000000000000000e+00) (0, 0, 0.00000000000000000000e+00) (7, 3, 5.00000000000000000000e-01) (7, 3, 5.00000000000000000000e-01) (7, 3, 5.00000000000000000000e-01) (7, 3, 5.00000000000000000000e-01) (0, 3, 0.00000000000000000000e+00) (5, 3, 5.00000000000000000000e-01) (5, 3, 5.00000000000000000000e-01) (5, 3, 5.00000000000000000000e-01) (5, 3, 5.00000000000000000000e-01) (0, 3, 0.00000000000000000000e+00) (5, 3, 5.00000000000000000000e-01) (0, 3, 0.00000000000000000000e+00) 
connections (connected_to_neuron, weight)=(0, -3.23481750488281250000e+00) (1, 7.00671911239624023438e-01) (2, -1.00669326782226562500e+01) (3, -1.22695274353027343750e+01) (4, -3.94900470972061157227e-01) (5, 1.68371129035949707031e+00) (6, 1.42430520057678222656e+00) (0, -7.31814765930175781250e+00) (1, 5.76910924911499023438e+00) (2, -1.11746096611022949219e+00) (3, -2.87047696113586425781e+00) (4, -1.41154444217681884766e+00) (5, -1.47749291992187500000e+03) (6, 1.09961700439453125000e+00) (0, 4.32842445373535156250e+00) (1, -5.54981088638305664062e+00) (2, 2.46780562400817871094e+00) (3, -1.83895158767700195312e+00) (4, -9.84428584575653076172e-01) (5, 3.10012888908386230469e+00) (6, -2.51340699195861816406e+00) (0, -3.79718065261840820312e-01) (1, -1.80138528347015380859e+00) (2, -1.60160434246063232422e+00) (3, -4.28722190856933593750e+00) (4, -2.51817345619201660156e+00) (5, 2.08282008767127990723e-01) (6, 1.42811203002929687500e+00) (7, -1.44771044921875000000e+03) (8, 7.84577655792236328125e+00) (9, 2.09515609741210937500e+01) (10, 2.73589553833007812500e+01) (11, -2.97848749160766601562e+00) (7, -8.00840318202972412109e-01) (8, 7.86092996597290039062e+00) (9, 9.25575256347656250000e+00) (10, -5.37351751327514648438e+00) (11, -2.12370562553405761719e+00) (7, 2.10910949707031250000e+01) (8, 3.33473243713378906250e+01) (9, -3.52582502365112304688e+00) (10, 1.71521043777465820312e+00) (11, -1.73743414878845214844e+00) (7, 4.55316711425781250000e+02) (8, -8.29677999019622802734e-01) (9, 8.32209396362304687500e+00) (10, -1.53049713134765625000e+02) (11, -1.84648036956787109375e+00) (12, -1.04462945461273193359e+00) (13, -7.15051984786987304688e+00) (14, -8.40262889862060546875e-01) (15, -3.28641295433044433594e-01) (16, 1.92466434091329574585e-02) 
