FANN_FLO_2.1
num_layers=3
learning_rate=0.500000
connection_rate=1.000000
network_type=0
learning_momentum=0.000000
training_algorithm=2
train_error_function=1
train_stop_function=0
cascade_output_change_fraction=0.010000
quickprop_decay=-0.000100
quickprop_mu=1.750000
rprop_increase_factor=1.200000
rprop_decrease_factor=0.500000
rprop_delta_min=0.000000
rprop_delta_max=50.000000
rprop_delta_zero=0.100000
cascade_output_stagnation_epochs=12
cascade_candidate_change_fraction=0.010000
cascade_candidate_stagnation_epochs=12
cascade_max_out_epochs=150
cascade_min_out_epochs=50
cascade_max_cand_epochs=150
cascade_min_cand_epochs=50
cascade_num_candidate_groups=2
bit_fail_limit=3.49999994039535522461e-01
cascade_candidate_limit=1.00000000000000000000e+03
cascade_weight_multiplier=4.00000005960464477539e-01
cascade_activation_functions_count=10
cascade_activation_functions=3 5 7 8 10 11 14 15 16 17 
cascade_activation_steepnesses_count=4
cascade_activation_steepnesses=2.50000000000000000000e-01 5.00000000000000000000e-01 7.50000000000000000000e-01 1.00000000000000000000e+00 
layer_sizes=10 5 2 
scale_included=0
neurons (num_inputs, activation_function, activation_steepness)=(0, 0, 0.00000000000000000000e+00) (0, 0, 0.00000000000000000000e+00) (0, 0, 0.00000000000000000000e+00) (0, 0, 0.00000000000000000000e+00) (0, 0, 0.00000000000000000000e+00) (0, 0, 0.00000000000000000000e+00) (0, 0, 0.00000000000000000000e+00) (0, 0, 0.00000000000000000000e+00) (0, 0, 0.00000000000000000000e+00) (0, 0, 0.00000000000000000000e+00) (10, 3, 5.00000000000000000000e-01) (10, 3, 5.00000000000000000000e-01) (10, 3, 5.00000000000000000000e-01) (10, 3, 5.00000000000000000000e-01) (0, 3, 0.00000000000000000000e+00) (5, 3, 5.00000000000000000000e-01) (0, 3, 0.00000000000000000000e+00) 
connections (connected_to_neuron, weight)=(0, 1.97876513004302978516e+00) (1, 4.22883415222167968750e+00) (2, 6.31508529186248779297e-02) (3, -8.59661293029785156250e+00) (4, 7.08898127079010009766e-01) (5, 2.58751720190048217773e-01) (6, -6.70553874969482421875e+00) (7, 4.88421201705932617188e+00) (8, 9.63234961032867431641e-01) (9, -1.06698000431060791016e+00) (0, 3.61905741691589355469e+00) (1, 1.33366842269897460938e+01) (2, 1.09242819249629974365e-01) (3, -2.02544140815734863281e+00) (4, 1.46381989121437072754e-01) (5, -3.60761570930480957031e+00) (6, -8.96415138244628906250e+00) (7, -3.07514166831970214844e+00) (8, -1.01044797897338867188e+01) (9, 4.17136573791503906250e+00) (0, -1.71214714646339416504e-02) (1, -7.87655413150787353516e-01) (2, -1.29416275024414062500e+01) (3, 4.00329768657684326172e-01) (4, 1.18994808197021484375e+00) (5, -1.52423202991485595703e+00) (6, 1.46651339530944824219e+00) (7, -1.71110525727272033691e-01) (8, 7.55011653900146484375e+00) (9, 9.77930724620819091797e-01) (0, 4.10661792755126953125e+00) (1, 1.67675189971923828125e+01) (2, 1.87223136425018310547e-01) (3, -1.27579963207244873047e+00) (4, 8.19597065448760986328e-01) (5, 4.07280266284942626953e-01) (6, -1.27087182998657226562e+01) (7, -4.79444265365600585938e+00) (8, -1.01482677459716796875e+01) (9, 1.44187676906585693359e+00) (10, 3.75870823860168457031e-01) (11, 7.57286548614501953125e-01) (12, 3.14281940460205078125e+00) (13, 1.97094357013702392578e+00) (14, -2.26775193214416503906e+00) 
