FANN_FLO_2.1
num_layers=3
learning_rate=0.400000
connection_rate=1.000000
network_type=0
learning_momentum=0.000000
training_algorithm=2
train_error_function=1
train_stop_function=0
cascade_output_change_fraction=0.010000
quickprop_decay=-0.000100
quickprop_mu=1.750000
rprop_increase_factor=1.200000
rprop_decrease_factor=0.500000
rprop_delta_min=0.000000
rprop_delta_max=50.000000
rprop_delta_zero=0.100000
cascade_output_stagnation_epochs=12
cascade_candidate_change_fraction=0.010000
cascade_candidate_stagnation_epochs=12
cascade_max_out_epochs=150
cascade_min_out_epochs=50
cascade_max_cand_epochs=150
cascade_min_cand_epochs=50
cascade_num_candidate_groups=2
bit_fail_limit=3.49999994039535522461e-01
cascade_candidate_limit=1.00000000000000000000e+03
cascade_weight_multiplier=4.00000005960464477539e-01
cascade_activation_functions_count=10
cascade_activation_functions=3 5 7 8 10 11 14 15 16 17 
cascade_activation_steepnesses_count=4
cascade_activation_steepnesses=2.50000000000000000000e-01 5.00000000000000000000e-01 7.50000000000000000000e-01 1.00000000000000000000e+00 
layer_sizes=7 5 2 
scale_included=0
neurons (num_inputs, activation_function, activation_steepness)=(0, 0, 0.00000000000000000000e+00) (0, 0, 0.00000000000000000000e+00) (0, 0, 0.00000000000000000000e+00) (0, 0, 0.00000000000000000000e+00) (0, 0, 0.00000000000000000000e+00) (0, 0, 0.00000000000000000000e+00) (0, 0, 0.00000000000000000000e+00) (7, 3, 5.00000000000000000000e-01) (7, 3, 5.00000000000000000000e-01) (7, 3, 5.00000000000000000000e-01) (7, 3, 5.00000000000000000000e-01) (0, 3, 0.00000000000000000000e+00) (5, 3, 5.00000000000000000000e-01) (0, 3, 0.00000000000000000000e+00) 
connections (connected_to_neuron, weight)=(0, -6.31663799285888671875e+00) (1, 5.71154928207397460938e+00) (2, 5.98467551171779632568e-02) (3, -1.21646249294281005859e+00) (4, -1.32542097568511962891e+00) (5, -4.95845890045166015625e+00) (6, -2.09804043173789978027e-01) (0, -1.58614730834960937500e+00) (1, -1.02640466690063476562e+01) (2, 6.56167268753051757812e+00) (3, -3.14395189285278320312e+00) (4, -4.10756766796112060547e-01) (5, 1.03033742904663085938e+01) (6, 1.14037311077117919922e+00) (0, -2.92806339263916015625e+00) (1, 1.30187845230102539062e+00) (2, -1.96749897003173828125e+01) (3, -1.77397966384887695312e+00) (4, 5.06522512435913085938e+00) (5, -5.76072835922241210938e+00) (6, -1.84634697437286376953e+00) (0, -2.04892730712890625000e+01) (1, 7.42824125289916992188e+00) (2, 1.98930931091308593750e+00) (3, -8.36588573455810546875e+00) (4, -6.51078987121582031250e+00) (5, 1.63942492008209228516e+00) (6, 1.94788665771484375000e+01) (7, -1.07691612243652343750e+01) (8, -3.17064833641052246094e+00) (9, -1.22823977470397949219e+00) (10, -3.34963589906692504883e-01) (11, -3.49773347377777099609e-01) 
