FANN_FLO_2.1
num_layers=3
learning_rate=0.400000
connection_rate=1.000000
network_type=0
learning_momentum=0.000000
training_algorithm=2
train_error_function=1
train_stop_function=0
cascade_output_change_fraction=0.010000
quickprop_decay=-0.000100
quickprop_mu=1.750000
rprop_increase_factor=1.200000
rprop_decrease_factor=0.500000
rprop_delta_min=0.000000
rprop_delta_max=50.000000
rprop_delta_zero=0.100000
cascade_output_stagnation_epochs=12
cascade_candidate_change_fraction=0.010000
cascade_candidate_stagnation_epochs=12
cascade_max_out_epochs=150
cascade_min_out_epochs=50
cascade_max_cand_epochs=150
cascade_min_cand_epochs=50
cascade_num_candidate_groups=2
bit_fail_limit=3.49999994039535522461e-01
cascade_candidate_limit=1.00000000000000000000e+03
cascade_weight_multiplier=4.00000005960464477539e-01
cascade_activation_functions_count=10
cascade_activation_functions=3 5 7 8 10 11 14 15 16 17 
cascade_activation_steepnesses_count=4
cascade_activation_steepnesses=2.50000000000000000000e-01 5.00000000000000000000e-01 7.50000000000000000000e-01 1.00000000000000000000e+00 
layer_sizes=7 9 2 
scale_included=0
neurons (num_inputs, activation_function, activation_steepness)=(0, 0, 0.00000000000000000000e+00) (0, 0, 0.00000000000000000000e+00) (0, 0, 0.00000000000000000000e+00) (0, 0, 0.00000000000000000000e+00) (0, 0, 0.00000000000000000000e+00) (0, 0, 0.00000000000000000000e+00) (0, 0, 0.00000000000000000000e+00) (7, 3, 5.00000000000000000000e-01) (7, 3, 5.00000000000000000000e-01) (7, 3, 5.00000000000000000000e-01) (7, 3, 5.00000000000000000000e-01) (7, 3, 5.00000000000000000000e-01) (7, 3, 5.00000000000000000000e-01) (7, 3, 5.00000000000000000000e-01) (7, 3, 5.00000000000000000000e-01) (0, 3, 0.00000000000000000000e+00) (9, 3, 5.00000000000000000000e-01) (0, 3, 0.00000000000000000000e+00) 
connections (connected_to_neuron, weight)=(0, -5.18921947479248046875e+00) (1, -1.39018082618713378906e+00) (2, -1.21469426155090332031e+00) (3, 9.89284336566925048828e-01) (4, 3.03634905815124511719e+00) (5, 1.93365454673767089844e+00) (6, -1.92307722568511962891e+00) (0, 1.16814231872558593750e+00) (1, 4.89822089672088623047e-01) (2, -4.99564933776855468750e+00) (3, 1.87861442565917968750e+00) (4, -3.01357793807983398438e+00) (5, 9.38545227050781250000e+00) (6, 1.14879238605499267578e+00) (0, -8.82376968860626220703e-01) (1, -9.78600561618804931641e-01) (2, 4.33621501922607421875e+00) (3, 7.50488936901092529297e-01) (4, 2.93938970565795898438e+00) (5, -8.99974822998046875000e+00) (6, -4.71663087606430053711e-01) (0, -4.93039941787719726562e+00) (1, -1.66723561286926269531e+00) (2, -4.35647773742675781250e+00) (3, 1.61150932312011718750e+00) (4, 2.73122406005859375000e+00) (5, 4.92469549179077148438e-01) (6, -1.47804808616638183594e+00) (0, 8.57385516166687011719e-01) (1, 8.14899206161499023438e-01) (2, 4.30871337652206420898e-01) (3, -1.29174413159489631653e-02) (4, -2.01924729347229003906e+00) (5, 1.20072448253631591797e+00) (6, 5.52143812179565429688e-01) (0, -3.54407596588134765625e+00) (1, -1.12201666831970214844e+00) (2, -1.50830459594726562500e+00) (3, 1.06903517246246337891e+00) (4, 1.21227574348449707031e+00) (5, 1.14820086956024169922e+00) (6, -1.50140595436096191406e+00) (0, -1.13872683048248291016e+00) (1, -1.06872189044952392578e+00) (2, -1.00009012222290039062e+00) (3, 1.32876968383789062500e+00) (4, 1.22214841842651367188e+00) (5, 3.28805714845657348633e-01) (6, -7.15127646923065185547e-01) (0, -1.14359748363494873047e+00) (1, -1.11986303329467773438e+00) (2, -1.17810106277465820312e+00) (3, 2.96448540687561035156e+00) (4, -1.09818708896636962891e+00) (5, 6.73356771469116210938e+00) (6, -4.13725757598876953125e+00) (7, 8.96969258785247802734e-01) (8, -1.95075583457946777344e+00) (9, 1.61538434028625488281e+00) (10, 2.28532576560974121094e+00) (11, -1.65821349620819091797e+00) (12, 8.14999043941497802734e-01) (13, 6.95969462394714355469e-01) (14, 3.44398951530456542969e+00) (15, -7.72057846188545227051e-03) 
