FANN_FLO_2.1
num_layers=4
learning_rate=0.500000
connection_rate=1.000000
network_type=0
learning_momentum=0.000000
training_algorithm=2
train_error_function=1
train_stop_function=0
cascade_output_change_fraction=0.010000
quickprop_decay=-0.000100
quickprop_mu=1.750000
rprop_increase_factor=1.200000
rprop_decrease_factor=0.500000
rprop_delta_min=0.000000
rprop_delta_max=50.000000
rprop_delta_zero=0.100000
cascade_output_stagnation_epochs=12
cascade_candidate_change_fraction=0.010000
cascade_candidate_stagnation_epochs=12
cascade_max_out_epochs=150
cascade_min_out_epochs=50
cascade_max_cand_epochs=150
cascade_min_cand_epochs=50
cascade_num_candidate_groups=2
bit_fail_limit=3.49999994039535522461e-01
cascade_candidate_limit=1.00000000000000000000e+03
cascade_weight_multiplier=4.00000005960464477539e-01
cascade_activation_functions_count=10
cascade_activation_functions=3 5 7 8 10 11 14 15 16 17 
cascade_activation_steepnesses_count=4
cascade_activation_steepnesses=2.50000000000000000000e-01 5.00000000000000000000e-01 7.50000000000000000000e-01 1.00000000000000000000e+00 
layer_sizes=10 5 3 2 
scale_included=0
neurons (num_inputs, activation_function, activation_steepness)=(0, 0, 0.00000000000000000000e+00) (0, 0, 0.00000000000000000000e+00) (0, 0, 0.00000000000000000000e+00) (0, 0, 0.00000000000000000000e+00) (0, 0, 0.00000000000000000000e+00) (0, 0, 0.00000000000000000000e+00) (0, 0, 0.00000000000000000000e+00) (0, 0, 0.00000000000000000000e+00) (0, 0, 0.00000000000000000000e+00) (0, 0, 0.00000000000000000000e+00) (10, 3, 5.00000000000000000000e-01) (10, 3, 5.00000000000000000000e-01) (10, 3, 5.00000000000000000000e-01) (10, 3, 5.00000000000000000000e-01) (0, 3, 0.00000000000000000000e+00) (5, 3, 5.00000000000000000000e-01) (5, 3, 5.00000000000000000000e-01) (0, 3, 0.00000000000000000000e+00) (3, 3, 5.00000000000000000000e-01) (0, 3, 0.00000000000000000000e+00) 
connections (connected_to_neuron, weight)=(0, -2.17445850372314453125e+00) (1, 2.76973605155944824219e-01) (2, -3.92810034751892089844e+00) (3, 3.95963847637176513672e-01) (4, -6.14017367362976074219e-01) (5, 2.15097999572753906250e+01) (6, 5.46519184112548828125e+00) (7, 2.20825457572937011719e+00) (8, -2.49865398406982421875e+01) (9, 1.81891930103302001953e+00) (0, -4.57070398330688476562e+00) (1, -1.07243585586547851562e+00) (2, -9.60863876342773437500e+00) (3, -2.71664768457412719727e-01) (4, -4.05573725700378417969e-01) (5, 9.58866214752197265625e+00) (6, 4.87929105758666992188e+00) (7, 1.72516703605651855469e-02) (8, 4.00589799880981445312e+00) (9, 9.37795698642730712891e-01) (0, 3.09690277099609375000e+02) (1, 2.36609634399414062500e+02) (2, 6.73338195800781250000e+02) (3, -5.32662353515625000000e+02) (4, -5.46269042968750000000e+02) (5, 4.74039888381958007812e+00) (6, -2.00328903198242187500e+02) (7, 1.49128393554687500000e+03) (8, -3.17423614501953125000e+02) (9, 3.67090016603469848633e-01) (0, -7.50329792499542236328e-01) (1, -4.38232213258743286133e-01) (2, -9.64291000366210937500e+00) (3, 9.04271662235260009766e-01) (4, 7.95392632484436035156e-01) (5, 2.24969768524169921875e+01) (6, -8.40022921562194824219e-01) (7, 4.74216938018798828125e+00) (8, -1.70320034027099609375e+01) (9, 8.71169939637184143066e-02) (10, -2.18771629333496093750e+01) (11, 2.59604415893554687500e+01) (12, -1.03520069122314453125e+01) (13, 1.42517271041870117188e+01) (14, -5.04292869567871093750e+00) (10, 3.00952744483947753906e+00) (11, -2.21497135162353515625e+01) (12, 6.69593048095703125000e+00) (13, 1.25468235015869140625e+01) (14, -1.58986076712608337402e-01) (15, 1.48560941219329833984e+00) (16, 2.65382170677185058594e+00) (17, -1.80648112297058105469e+00) 
