FANN_FLO_2.1
num_layers=4
learning_rate=0.500000
connection_rate=1.000000
network_type=0
learning_momentum=0.000000
training_algorithm=2
train_error_function=1
train_stop_function=0
cascade_output_change_fraction=0.010000
quickprop_decay=-0.000100
quickprop_mu=1.750000
rprop_increase_factor=1.200000
rprop_decrease_factor=0.500000
rprop_delta_min=0.000000
rprop_delta_max=50.000000
rprop_delta_zero=0.100000
cascade_output_stagnation_epochs=12
cascade_candidate_change_fraction=0.010000
cascade_candidate_stagnation_epochs=12
cascade_max_out_epochs=150
cascade_min_out_epochs=50
cascade_max_cand_epochs=150
cascade_min_cand_epochs=50
cascade_num_candidate_groups=2
bit_fail_limit=3.49999994039535522461e-01
cascade_candidate_limit=1.00000000000000000000e+03
cascade_weight_multiplier=4.00000005960464477539e-01
cascade_activation_functions_count=10
cascade_activation_functions=3 5 7 8 10 11 14 15 16 17 
cascade_activation_steepnesses_count=4
cascade_activation_steepnesses=2.50000000000000000000e-01 5.00000000000000000000e-01 7.50000000000000000000e-01 1.00000000000000000000e+00 
layer_sizes=10 3 3 2 
scale_included=0
neurons (num_inputs, activation_function, activation_steepness)=(0, 0, 0.00000000000000000000e+00) (0, 0, 0.00000000000000000000e+00) (0, 0, 0.00000000000000000000e+00) (0, 0, 0.00000000000000000000e+00) (0, 0, 0.00000000000000000000e+00) (0, 0, 0.00000000000000000000e+00) (0, 0, 0.00000000000000000000e+00) (0, 0, 0.00000000000000000000e+00) (0, 0, 0.00000000000000000000e+00) (0, 0, 0.00000000000000000000e+00) (10, 3, 5.00000000000000000000e-01) (10, 3, 5.00000000000000000000e-01) (0, 3, 0.00000000000000000000e+00) (3, 3, 5.00000000000000000000e-01) (3, 3, 5.00000000000000000000e-01) (0, 3, 0.00000000000000000000e+00) (3, 3, 5.00000000000000000000e-01) (0, 3, 0.00000000000000000000e+00) 
connections (connected_to_neuron, weight)=(0, 2.70324110984802246094e+00) (1, -1.78234577178955078125e+00) (2, 1.54705619812011718750e+00) (3, 9.57265663146972656250e+00) (4, -3.68949723243713378906e+00) (5, 1.72506797313690185547e+00) (6, -4.10736513137817382812e+00) (7, 4.59736776351928710938e+00) (8, -2.78281923383474349976e-02) (9, -7.85410881042480468750e+00) (0, -6.37909889221191406250e-01) (1, -1.60074310302734375000e+01) (2, 1.51090860366821289062e+00) (3, -3.99874639511108398438e+00) (4, -2.32170906066894531250e+01) (5, 2.96290063858032226562e+00) (6, 8.54004955291748046875e+00) (7, 3.30854916572570800781e+00) (8, 5.70046615600585937500e+00) (9, 2.87577128410339355469e+00) (10, 1.04814147949218750000e+01) (11, 2.41615772247314453125e+01) (12, -1.04294013977050781250e+00) (10, -1.49205722808837890625e+01) (11, 3.48811364173889160156e+00) (12, -1.73604071140289306641e-01) (13, -4.12063360214233398438e+00) (14, 5.81856250762939453125e+00) (15, -2.13210225105285644531e-01) 
