FANN_FLO_2.1
num_layers=3
learning_rate=0.400000
connection_rate=1.000000
network_type=0
learning_momentum=0.000000
training_algorithm=2
train_error_function=1
train_stop_function=0
cascade_output_change_fraction=0.010000
quickprop_decay=-0.000100
quickprop_mu=1.750000
rprop_increase_factor=1.200000
rprop_decrease_factor=0.500000
rprop_delta_min=0.000000
rprop_delta_max=50.000000
rprop_delta_zero=0.100000
cascade_output_stagnation_epochs=12
cascade_candidate_change_fraction=0.010000
cascade_candidate_stagnation_epochs=12
cascade_max_out_epochs=150
cascade_min_out_epochs=50
cascade_max_cand_epochs=150
cascade_min_cand_epochs=50
cascade_num_candidate_groups=2
bit_fail_limit=3.49999994039535522461e-01
cascade_candidate_limit=1.00000000000000000000e+03
cascade_weight_multiplier=4.00000005960464477539e-01
cascade_activation_functions_count=10
cascade_activation_functions=3 5 7 8 10 11 14 15 16 17 
cascade_activation_steepnesses_count=4
cascade_activation_steepnesses=2.50000000000000000000e-01 5.00000000000000000000e-01 7.50000000000000000000e-01 1.00000000000000000000e+00 
layer_sizes=7 5 2 
scale_included=0
neurons (num_inputs, activation_function, activation_steepness)=(0, 0, 0.00000000000000000000e+00) (0, 0, 0.00000000000000000000e+00) (0, 0, 0.00000000000000000000e+00) (0, 0, 0.00000000000000000000e+00) (0, 0, 0.00000000000000000000e+00) (0, 0, 0.00000000000000000000e+00) (0, 0, 0.00000000000000000000e+00) (7, 3, 5.00000000000000000000e-01) (7, 3, 5.00000000000000000000e-01) (7, 3, 5.00000000000000000000e-01) (7, 3, 5.00000000000000000000e-01) (0, 3, 0.00000000000000000000e+00) (5, 3, 5.00000000000000000000e-01) (0, 3, 0.00000000000000000000e+00) 
connections (connected_to_neuron, weight)=(0, 4.58449363708496093750e-01) (1, -2.47759371995925903320e-01) (2, -7.27178716659545898438e+00) (3, -8.95405673980712890625e+00) (4, 4.91663360595703125000e+00) (5, 2.70763993263244628906e+00) (6, -4.54694223403930664062e+00) (0, 1.29483880996704101562e+01) (1, -1.39764375686645507812e+01) (2, 1.28406476974487304688e+00) (3, -1.76743531227111816406e+00) (4, -1.34989321231842041016e+00) (5, -5.67596244812011718750e+00) (6, 6.85950279235839843750e+00) (0, -2.72688484191894531250e+01) (1, 2.58088912963867187500e+01) (2, -1.29032411575317382812e+01) (3, -3.42086482048034667969e+00) (4, -1.91776967048645019531e+00) (5, 7.90479707717895507812e+00) (6, 2.64995765686035156250e+00) (0, -5.79745006561279296875e+00) (1, -6.32471814751625061035e-02) (2, 1.06747808456420898438e+01) (3, -2.53391027450561523438e+00) (4, -3.05232882499694824219e+00) (5, 1.77107262611389160156e+00) (6, 6.49895906448364257812e+00) (7, -1.67577087879180908203e+00) (8, -3.30281734466552734375e+00) (9, -2.73138999938964843750e+00) (10, -1.10956585407257080078e+00) (11, 2.16616249084472656250e+00) 
