FANN_FLO_2.1
num_layers=3
learning_rate=0.400000
connection_rate=1.000000
network_type=0
learning_momentum=0.000000
training_algorithm=2
train_error_function=1
train_stop_function=0
cascade_output_change_fraction=0.010000
quickprop_decay=-0.000100
quickprop_mu=1.750000
rprop_increase_factor=1.200000
rprop_decrease_factor=0.500000
rprop_delta_min=0.000000
rprop_delta_max=50.000000
rprop_delta_zero=0.100000
cascade_output_stagnation_epochs=12
cascade_candidate_change_fraction=0.010000
cascade_candidate_stagnation_epochs=12
cascade_max_out_epochs=150
cascade_min_out_epochs=50
cascade_max_cand_epochs=150
cascade_min_cand_epochs=50
cascade_num_candidate_groups=2
bit_fail_limit=3.49999994039535522461e-01
cascade_candidate_limit=1.00000000000000000000e+03
cascade_weight_multiplier=4.00000005960464477539e-01
cascade_activation_functions_count=10
cascade_activation_functions=3 5 7 8 10 11 14 15 16 17 
cascade_activation_steepnesses_count=4
cascade_activation_steepnesses=2.50000000000000000000e-01 5.00000000000000000000e-01 7.50000000000000000000e-01 1.00000000000000000000e+00 
layer_sizes=19 3 3 
scale_included=0
neurons (num_inputs, activation_function, activation_steepness)=(0, 0, 0.00000000000000000000e+00) (0, 0, 0.00000000000000000000e+00) (0, 0, 0.00000000000000000000e+00) (0, 0, 0.00000000000000000000e+00) (0, 0, 0.00000000000000000000e+00) (0, 0, 0.00000000000000000000e+00) (0, 0, 0.00000000000000000000e+00) (0, 0, 0.00000000000000000000e+00) (0, 0, 0.00000000000000000000e+00) (0, 0, 0.00000000000000000000e+00) (0, 0, 0.00000000000000000000e+00) (0, 0, 0.00000000000000000000e+00) (0, 0, 0.00000000000000000000e+00) (0, 0, 0.00000000000000000000e+00) (0, 0, 0.00000000000000000000e+00) (0, 0, 0.00000000000000000000e+00) (0, 0, 0.00000000000000000000e+00) (0, 0, 0.00000000000000000000e+00) (0, 0, 0.00000000000000000000e+00) (19, 3, 5.00000000000000000000e-01) (19, 3, 5.00000000000000000000e-01) (0, 3, 0.00000000000000000000e+00) (3, 3, 5.00000000000000000000e-01) (3, 3, 5.00000000000000000000e-01) (0, 3, 0.00000000000000000000e+00) 
connections (connected_to_neuron, weight)=(0, 7.49425601959228515625e+00) (1, -5.94518232345581054688e+00) (2, 4.38892692327499389648e-01) (3, 5.03054666519165039062e+00) (4, -3.74485802650451660156e+00) (5, 3.21720933914184570312e+00) (6, 8.39519119262695312500e+00) (7, -7.70910692214965820312e+00) (8, 4.15036725997924804688e+00) (9, -6.87319183349609375000e+00) (10, 8.62002658843994140625e+00) (11, -3.82048082351684570312e+00) (12, -1.18435707092285156250e+01) (13, 1.92724251747131347656e+00) (14, -7.79287278652191162109e-01) (15, -1.10408458709716796875e+01) (16, 2.27369487285614013672e-01) (17, 1.32730746269226074219e+00) (18, 1.70944857597351074219e+00) (0, -4.74216699600219726562e+00) (1, 1.71075582504272460938e+00) (2, 2.93765366077423095703e-01) (3, -3.91123056411743164062e+00) (4, 6.60462319850921630859e-01) (5, -2.61691403388977050781e+00) (6, -4.44565534591674804688e+00) (7, 1.52850174903869628906e+00) (8, 5.30614741146564483643e-02) (9, 2.58851599693298339844e+00) (10, -2.76799607276916503906e+00) (11, -1.23677408695220947266e+00) (12, 4.98989439010620117188e+00) (13, -9.71371948719024658203e-01) (14, 3.03628981113433837891e-01) (15, 3.21532416343688964844e+00) (16, -1.35958826541900634766e+00) (17, -3.05830597877502441406e-01) (18, 5.26371479034423828125e-01) (19, -1.09091019630432128906e+00) (20, -1.56622827053070068359e+00) (21, 2.08319082856178283691e-01) (19, 1.09066605567932128906e+00) (20, 1.56526684761047363281e+00) (21, -2.07750841975212097168e-01) 
