FANN_FLO_2.1
num_layers=3
learning_rate=0.500000
connection_rate=1.000000
network_type=0
learning_momentum=0.000000
training_algorithm=2
train_error_function=1
train_stop_function=0
cascade_output_change_fraction=0.010000
quickprop_decay=-0.000100
quickprop_mu=1.750000
rprop_increase_factor=1.200000
rprop_decrease_factor=0.500000
rprop_delta_min=0.000000
rprop_delta_max=50.000000
rprop_delta_zero=0.100000
cascade_output_stagnation_epochs=12
cascade_candidate_change_fraction=0.010000
cascade_candidate_stagnation_epochs=12
cascade_max_out_epochs=150
cascade_min_out_epochs=50
cascade_max_cand_epochs=150
cascade_min_cand_epochs=50
cascade_num_candidate_groups=2
bit_fail_limit=3.49999994039535522461e-01
cascade_candidate_limit=1.00000000000000000000e+03
cascade_weight_multiplier=4.00000005960464477539e-01
cascade_activation_functions_count=10
cascade_activation_functions=3 5 7 8 10 11 14 15 16 17 
cascade_activation_steepnesses_count=4
cascade_activation_steepnesses=2.50000000000000000000e-01 5.00000000000000000000e-01 7.50000000000000000000e-01 1.00000000000000000000e+00 
layer_sizes=10 5 2 
scale_included=0
neurons (num_inputs, activation_function, activation_steepness)=(0, 0, 0.00000000000000000000e+00) (0, 0, 0.00000000000000000000e+00) (0, 0, 0.00000000000000000000e+00) (0, 0, 0.00000000000000000000e+00) (0, 0, 0.00000000000000000000e+00) (0, 0, 0.00000000000000000000e+00) (0, 0, 0.00000000000000000000e+00) (0, 0, 0.00000000000000000000e+00) (0, 0, 0.00000000000000000000e+00) (0, 0, 0.00000000000000000000e+00) (10, 3, 5.00000000000000000000e-01) (10, 3, 5.00000000000000000000e-01) (10, 3, 5.00000000000000000000e-01) (10, 3, 5.00000000000000000000e-01) (0, 3, 0.00000000000000000000e+00) (5, 3, 5.00000000000000000000e-01) (0, 3, 0.00000000000000000000e+00) 
connections (connected_to_neuron, weight)=(0, 1.61176853179931640625e+01) (1, 5.12409985065460205078e-01) (2, 2.14165377616882324219e+00) (3, 3.28698635101318359375e+00) (4, 1.62040209770202636719e+00) (5, -4.84023237228393554688e+00) (6, -7.21522426605224609375e+00) (7, -4.29270744323730468750e+00) (8, -1.17376003265380859375e+01) (9, -1.45458018779754638672e+00) (0, -1.73045196533203125000e+01) (1, -3.89632272720336914062e+00) (2, -1.76317310333251953125e+00) (3, -5.66058397293090820312e+00) (4, 6.35272443294525146484e-01) (5, -7.07489669322967529297e-01) (6, -3.38828945159912109375e+00) (7, 6.64180135726928710938e+00) (8, 1.03428993225097656250e+01) (9, 1.09998023509979248047e+00) (0, 4.70953083038330078125e+00) (1, -1.21416985988616943359e+00) (2, -1.42480397224426269531e+00) (3, 5.53004407882690429688e+00) (4, -1.08829104900360107422e+00) (5, 1.77993059158325195312e+00) (6, -1.07150449752807617188e+01) (7, 2.42899370193481445312e+00) (8, -6.03071570396423339844e-01) (9, 4.41696673631668090820e-01) (0, -3.19357246160507202148e-01) (1, 1.54236882925033569336e-01) (2, 1.48564684391021728516e+00) (3, -1.32167606353759765625e+01) (4, 3.93196272850036621094e+00) (5, 8.08495461940765380859e-01) (6, -3.56844329833984375000e+00) (7, 5.41405498981475830078e-01) (8, 5.41847753524780273438e+00) (9, 3.97517037391662597656e+00) (10, 1.61813437938690185547e+00) (11, 2.56242108345031738281e+00) (12, 2.25592017173767089844e+00) (13, -1.69441962242126464844e+00) (14, -1.15956819057464599609e+00) 
