FANN_FLO_2.1
num_layers=3
learning_rate=0.400000
connection_rate=1.000000
network_type=0
learning_momentum=0.000000
training_algorithm=2
train_error_function=1
train_stop_function=0
cascade_output_change_fraction=0.010000
quickprop_decay=-0.000100
quickprop_mu=1.750000
rprop_increase_factor=1.200000
rprop_decrease_factor=0.500000
rprop_delta_min=0.000000
rprop_delta_max=50.000000
rprop_delta_zero=0.100000
cascade_output_stagnation_epochs=12
cascade_candidate_change_fraction=0.010000
cascade_candidate_stagnation_epochs=12
cascade_max_out_epochs=150
cascade_min_out_epochs=50
cascade_max_cand_epochs=150
cascade_min_cand_epochs=50
cascade_num_candidate_groups=2
bit_fail_limit=3.49999994039535522461e-01
cascade_candidate_limit=1.00000000000000000000e+03
cascade_weight_multiplier=4.00000005960464477539e-01
cascade_activation_functions_count=10
cascade_activation_functions=3 5 7 8 10 11 14 15 16 17 
cascade_activation_steepnesses_count=4
cascade_activation_steepnesses=2.50000000000000000000e-01 5.00000000000000000000e-01 7.50000000000000000000e-01 1.00000000000000000000e+00 
layer_sizes=19 3 3 
scale_included=0
neurons (num_inputs, activation_function, activation_steepness)=(0, 0, 0.00000000000000000000e+00) (0, 0, 0.00000000000000000000e+00) (0, 0, 0.00000000000000000000e+00) (0, 0, 0.00000000000000000000e+00) (0, 0, 0.00000000000000000000e+00) (0, 0, 0.00000000000000000000e+00) (0, 0, 0.00000000000000000000e+00) (0, 0, 0.00000000000000000000e+00) (0, 0, 0.00000000000000000000e+00) (0, 0, 0.00000000000000000000e+00) (0, 0, 0.00000000000000000000e+00) (0, 0, 0.00000000000000000000e+00) (0, 0, 0.00000000000000000000e+00) (0, 0, 0.00000000000000000000e+00) (0, 0, 0.00000000000000000000e+00) (0, 0, 0.00000000000000000000e+00) (0, 0, 0.00000000000000000000e+00) (0, 0, 0.00000000000000000000e+00) (0, 0, 0.00000000000000000000e+00) (19, 3, 5.00000000000000000000e-01) (19, 3, 5.00000000000000000000e-01) (0, 3, 0.00000000000000000000e+00) (3, 3, 5.00000000000000000000e-01) (3, 3, 5.00000000000000000000e-01) (0, 3, 0.00000000000000000000e+00) 
connections (connected_to_neuron, weight)=(0, 6.27910232543945312500e+00) (1, 9.87286758422851562500e+00) (2, -5.90894508361816406250e+00) (3, 1.86392676830291748047e+00) (4, 2.84656620025634765625e+00) (5, -2.19216912984848022461e-01) (6, -2.35874742269515991211e-01) (7, -5.30458831787109375000e+00) (8, 7.65568256378173828125e+00) (9, 1.22348804473876953125e+01) (10, -2.63855981826782226562e+00) (11, -5.79872071743011474609e-01) (12, -8.13268566131591796875e+00) (13, 3.21890306472778320312e+00) (14, 5.23518705368041992188e+00) (15, 1.18483266830444335938e+01) (16, -5.24847805500030517578e-01) (17, 3.74968558549880981445e-01) (18, -1.10570716857910156250e+01) (0, -9.99917125701904296875e+00) (1, -1.90030078887939453125e+01) (2, -9.31486964225769042969e-01) (3, 7.80805492401123046875e+00) (4, 1.72942504882812500000e+01) (5, 1.96234073638916015625e+01) (6, -8.97874069213867187500e+00) (7, 6.68592643737792968750e+00) (8, -1.47327318787574768066e-01) (9, -1.92143547534942626953e+00) (10, -1.16040325164794921875e+00) (11, 6.41235065460205078125e+00) (12, -1.29981594085693359375e+01) (13, 1.72318553924560546875e+00) (14, -2.92560601234436035156e+00) (15, 1.22660903930664062500e+01) (16, 4.44906622171401977539e-01) (17, 1.13621721267700195312e+01) (18, -1.20002198219299316406e+00) (19, -8.10703396797180175781e-01) (20, -6.64678633213043212891e-01) (21, 7.07710981369018554688e-01) (19, 8.11048388481140136719e-01) (20, 6.64712727069854736328e-01) (21, -7.07693219184875488281e-01) 
