FANN_FLO_2.1
num_layers=4
learning_rate=0.400000
connection_rate=1.000000
network_type=0
learning_momentum=0.000000
training_algorithm=2
train_error_function=1
train_stop_function=0
cascade_output_change_fraction=0.010000
quickprop_decay=-0.000100
quickprop_mu=1.750000
rprop_increase_factor=1.200000
rprop_decrease_factor=0.500000
rprop_delta_min=0.000000
rprop_delta_max=50.000000
rprop_delta_zero=0.100000
cascade_output_stagnation_epochs=12
cascade_candidate_change_fraction=0.010000
cascade_candidate_stagnation_epochs=12
cascade_max_out_epochs=150
cascade_min_out_epochs=50
cascade_max_cand_epochs=150
cascade_min_cand_epochs=50
cascade_num_candidate_groups=2
bit_fail_limit=3.49999994039535522461e-01
cascade_candidate_limit=1.00000000000000000000e+03
cascade_weight_multiplier=4.00000005960464477539e-01
cascade_activation_functions_count=10
cascade_activation_functions=3 5 7 8 10 11 14 15 16 17 
cascade_activation_steepnesses_count=4
cascade_activation_steepnesses=2.50000000000000000000e-01 5.00000000000000000000e-01 7.50000000000000000000e-01 1.00000000000000000000e+00 
layer_sizes=7 5 5 2 
scale_included=0
neurons (num_inputs, activation_function, activation_steepness)=(0, 0, 0.00000000000000000000e+00) (0, 0, 0.00000000000000000000e+00) (0, 0, 0.00000000000000000000e+00) (0, 0, 0.00000000000000000000e+00) (0, 0, 0.00000000000000000000e+00) (0, 0, 0.00000000000000000000e+00) (0, 0, 0.00000000000000000000e+00) (7, 3, 5.00000000000000000000e-01) (7, 3, 5.00000000000000000000e-01) (7, 3, 5.00000000000000000000e-01) (7, 3, 5.00000000000000000000e-01) (0, 3, 0.00000000000000000000e+00) (5, 3, 5.00000000000000000000e-01) (5, 3, 5.00000000000000000000e-01) (5, 3, 5.00000000000000000000e-01) (5, 3, 5.00000000000000000000e-01) (0, 3, 0.00000000000000000000e+00) (5, 3, 5.00000000000000000000e-01) (0, 3, 0.00000000000000000000e+00) 
connections (connected_to_neuron, weight)=(0, 2.41806077957153320312e+00) (1, 4.83466911315917968750e+00) (2, -4.81856203079223632812e+00) (3, -1.60970449447631835938e+00) (4, -1.03717887401580810547e+00) (5, 3.42778623104095458984e-01) (6, 1.17922306060791015625e+00) (0, 6.31276082992553710938e+00) (1, -6.32427024841308593750e+00) (2, 4.05742979049682617188e+00) (3, -1.61333036422729492188e+00) (4, -3.29333841800689697266e-01) (5, -2.45395183563232421875e+00) (6, 2.61535215377807617188e+00) (0, -9.14134788513183593750e+00) (1, 8.86475658416748046875e+00) (2, -4.72385215759277343750e+00) (3, -1.35607540607452392578e+00) (4, -9.01542484760284423828e-01) (5, 3.83304834365844726562e+00) (6, 1.08527517318725585938e+00) (0, 6.74871582031250000000e+02) (1, -1.48707751464843750000e+03) (2, -1.26502758789062500000e+03) (3, 3.61282272338867187500e+01) (4, -1.47562365722656250000e+03) (5, -1.47653002929687500000e+03) (6, 9.28168356418609619141e-01) (7, -4.73313331604003906250e+00) (8, 2.78489828109741210938e+00) (9, 3.30251193046569824219e+00) (10, 1.50000000000000000000e+03) (11, -1.62062540650367736816e-01) (7, -1.83891832828521728516e+00) (8, 6.04286861419677734375e+00) (9, -8.53644311428070068359e-01) (10, 1.50000000000000000000e+03) (11, -9.10858035087585449219e-01) (7, -2.84298753738403320312e+00) (8, 1.07161009311676025391e+00) (9, 8.54963970184326171875e+00) (10, 1.50000000000000000000e+03) (11, -3.98810744285583496094e+00) (7, -1.51534140110015869141e+00) (8, 5.46839952468872070312e+00) (9, -1.10790932178497314453e+00) (10, 1.50000000000000000000e+03) (11, -7.00632572174072265625e-01) (12, -7.57103681564331054688e+00) (13, -7.36477613449096679688e-01) (14, -7.03100144863128662109e-01) (15, -5.47940671443939208984e-01) (16, 9.50912415981292724609e-01) 
