FANN_FLO_2.1
num_layers=3
learning_rate=0.400000
connection_rate=1.000000
network_type=0
learning_momentum=0.000000
training_algorithm=2
train_error_function=1
train_stop_function=0
cascade_output_change_fraction=0.010000
quickprop_decay=-0.000100
quickprop_mu=1.750000
rprop_increase_factor=1.200000
rprop_decrease_factor=0.500000
rprop_delta_min=0.000000
rprop_delta_max=50.000000
rprop_delta_zero=0.100000
cascade_output_stagnation_epochs=12
cascade_candidate_change_fraction=0.010000
cascade_candidate_stagnation_epochs=12
cascade_max_out_epochs=150
cascade_min_out_epochs=50
cascade_max_cand_epochs=150
cascade_min_cand_epochs=50
cascade_num_candidate_groups=2
bit_fail_limit=3.49999994039535522461e-01
cascade_candidate_limit=1.00000000000000000000e+03
cascade_weight_multiplier=4.00000005960464477539e-01
cascade_activation_functions_count=10
cascade_activation_functions=3 5 7 8 10 11 14 15 16 17 
cascade_activation_steepnesses_count=4
cascade_activation_steepnesses=2.50000000000000000000e-01 5.00000000000000000000e-01 7.50000000000000000000e-01 1.00000000000000000000e+00 
layer_sizes=7 5 2 
scale_included=0
neurons (num_inputs, activation_function, activation_steepness)=(0, 0, 0.00000000000000000000e+00) (0, 0, 0.00000000000000000000e+00) (0, 0, 0.00000000000000000000e+00) (0, 0, 0.00000000000000000000e+00) (0, 0, 0.00000000000000000000e+00) (0, 0, 0.00000000000000000000e+00) (0, 0, 0.00000000000000000000e+00) (7, 3, 5.00000000000000000000e-01) (7, 3, 5.00000000000000000000e-01) (7, 3, 5.00000000000000000000e-01) (7, 3, 5.00000000000000000000e-01) (0, 3, 0.00000000000000000000e+00) (5, 3, 5.00000000000000000000e-01) (0, 3, 0.00000000000000000000e+00) 
connections (connected_to_neuron, weight)=(0, -1.73411679267883300781e+00) (1, -1.90890684723854064941e-01) (2, 6.36110267639160156250e+01) (3, -6.44420814514160156250e+00) (4, 7.29182100296020507812e+00) (5, -5.76319789886474609375e+00) (6, -5.93558371067047119141e-01) (0, -9.65540218353271484375e+00) (1, 1.01897811889648437500e+01) (2, -5.80918264389038085938e+00) (3, 1.30725935101509094238e-01) (4, -6.14528417587280273438e-01) (5, 5.19661045074462890625e+00) (6, 1.76817581057548522949e-01) (0, 3.13205242156982421875e+00) (1, -8.70424556732177734375e+00) (2, -1.95538473129272460938e+00) (3, -3.56503653526306152344e+00) (4, -3.18872976303100585938e+00) (5, -2.41494703292846679688e+00) (6, 9.06737709045410156250e+00) (0, 1.58768796920776367188e+00) (1, -7.64013886451721191406e-01) (2, 1.51895987987518310547e+00) (3, -3.49181771278381347656e+00) (4, -1.32979774475097656250e+00) (5, -1.08171075582504272461e-01) (6, 1.20898497104644775391e+00) (7, -1.09546458721160888672e+00) (8, -3.20580577850341796875e+00) (9, -2.16814661026000976562e+00) (10, -1.11167204380035400391e+00) (11, 2.11344170570373535156e+00) 
