FANN_FLO_2.1
num_layers=4
learning_rate=0.500000
connection_rate=1.000000
network_type=0
learning_momentum=0.000000
training_algorithm=2
train_error_function=1
train_stop_function=0
cascade_output_change_fraction=0.010000
quickprop_decay=-0.000100
quickprop_mu=1.750000
rprop_increase_factor=1.200000
rprop_decrease_factor=0.500000
rprop_delta_min=0.000000
rprop_delta_max=50.000000
rprop_delta_zero=0.100000
cascade_output_stagnation_epochs=12
cascade_candidate_change_fraction=0.010000
cascade_candidate_stagnation_epochs=12
cascade_max_out_epochs=150
cascade_min_out_epochs=50
cascade_max_cand_epochs=150
cascade_min_cand_epochs=50
cascade_num_candidate_groups=2
bit_fail_limit=3.49999994039535522461e-01
cascade_candidate_limit=1.00000000000000000000e+03
cascade_weight_multiplier=4.00000005960464477539e-01
cascade_activation_functions_count=10
cascade_activation_functions=3 5 7 8 10 11 14 15 16 17 
cascade_activation_steepnesses_count=4
cascade_activation_steepnesses=2.50000000000000000000e-01 5.00000000000000000000e-01 7.50000000000000000000e-01 1.00000000000000000000e+00 
layer_sizes=2 5 5 3 
scale_included=0
neurons (num_inputs, activation_function, activation_steepness)=(0, 0, 0.00000000000000000000e+00) (0, 0, 0.00000000000000000000e+00) (2, 3, 5.00000000000000000000e-01) (2, 3, 5.00000000000000000000e-01) (2, 3, 5.00000000000000000000e-01) (2, 3, 5.00000000000000000000e-01) (0, 3, 0.00000000000000000000e+00) (5, 3, 5.00000000000000000000e-01) (5, 3, 5.00000000000000000000e-01) (5, 3, 5.00000000000000000000e-01) (5, 3, 5.00000000000000000000e-01) (0, 3, 0.00000000000000000000e+00) (5, 0, 5.00000000000000000000e-01) (5, 0, 5.00000000000000000000e-01) (0, 0, 0.00000000000000000000e+00) 
connections (connected_to_neuron, weight)=(0, 1.50000000000000000000e+03) (1, 8.82704353332519531250e+00) (0, 1.50000000000000000000e+03) (1, 8.73885631561279296875e+00) (0, 1.50000000000000000000e+03) (1, 1.01658735275268554688e+01) (0, 1.50000000000000000000e+03) (1, 8.75341796875000000000e+00) (2, 3.11189174652099609375e+00) (3, 3.07359027862548828125e+00) (4, 1.77958178520202636719e+00) (5, 3.17500066757202148438e+00) (6, 2.35145211219787597656e-01) (2, -2.13780593872070312500e+00) (3, -2.07956838607788085938e+00) (4, 1.71032339334487915039e-01) (5, -2.08935832977294921875e+00) (6, 7.33472013473510742188e+00) (2, 6.96666955947875976562e+00) (3, 7.02028131484985351562e+00) (4, 6.22434198856353759766e-01) (5, 7.00916051864624023438e+00) (6, -2.25222274661064147949e-01) (2, -2.03307250976562500000e+02) (3, -2.03333908081054687500e+02) (4, -2.86626678466796875000e+02) (5, -2.03325897216796875000e+02) (6, -1.59617280960083007812e+01) (7, 4.55487519502639770508e-01) (8, -1.12982690334320068359e+00) (9, -2.73321241140365600586e-01) (10, 1.50000000000000000000e+03) (11, -4.57131117582321166992e-01) (7, 1.28577971458435058594e+00) (8, -3.96659541130065917969e+00) (9, 1.35500264167785644531e+00) (10, 1.50000000000000000000e+03) (11, 5.27560830116271972656e-01) 
