FANN_FLO_2.1
num_layers=3
learning_rate=0.500000
connection_rate=1.000000
network_type=0
learning_momentum=0.000000
training_algorithm=2
train_error_function=1
train_stop_function=0
cascade_output_change_fraction=0.010000
quickprop_decay=-0.000100
quickprop_mu=1.750000
rprop_increase_factor=1.200000
rprop_decrease_factor=0.500000
rprop_delta_min=0.000000
rprop_delta_max=50.000000
rprop_delta_zero=0.100000
cascade_output_stagnation_epochs=12
cascade_candidate_change_fraction=0.010000
cascade_candidate_stagnation_epochs=12
cascade_max_out_epochs=150
cascade_min_out_epochs=50
cascade_max_cand_epochs=150
cascade_min_cand_epochs=50
cascade_num_candidate_groups=2
bit_fail_limit=3.49999994039535522461e-01
cascade_candidate_limit=1.00000000000000000000e+03
cascade_weight_multiplier=4.00000005960464477539e-01
cascade_activation_functions_count=10
cascade_activation_functions=3 5 7 8 10 11 14 15 16 17 
cascade_activation_steepnesses_count=4
cascade_activation_steepnesses=2.50000000000000000000e-01 5.00000000000000000000e-01 7.50000000000000000000e-01 1.00000000000000000000e+00 
layer_sizes=10 5 2 
scale_included=0
neurons (num_inputs, activation_function, activation_steepness)=(0, 0, 0.00000000000000000000e+00) (0, 0, 0.00000000000000000000e+00) (0, 0, 0.00000000000000000000e+00) (0, 0, 0.00000000000000000000e+00) (0, 0, 0.00000000000000000000e+00) (0, 0, 0.00000000000000000000e+00) (0, 0, 0.00000000000000000000e+00) (0, 0, 0.00000000000000000000e+00) (0, 0, 0.00000000000000000000e+00) (0, 0, 0.00000000000000000000e+00) (10, 3, 5.00000000000000000000e-01) (10, 3, 5.00000000000000000000e-01) (10, 3, 5.00000000000000000000e-01) (10, 3, 5.00000000000000000000e-01) (0, 3, 0.00000000000000000000e+00) (5, 3, 5.00000000000000000000e-01) (0, 3, 0.00000000000000000000e+00) 
connections (connected_to_neuron, weight)=(0, -5.37781238555908203125e+00) (1, -1.17997951507568359375e+01) (2, -8.72801399230957031250e+00) (3, -5.70721530914306640625e+00) (4, -5.90591096878051757812e+00) (5, 1.02080183029174804688e+01) (6, 1.12276983261108398438e+01) (7, 3.29761242866516113281e+00) (8, 1.78138618469238281250e+01) (9, 1.37511289119720458984e+00) (0, -1.14773883819580078125e+01) (1, -4.28455400466918945312e+00) (2, -4.63906812667846679688e+00) (3, 1.83187305927276611328e+00) (4, -1.03287744522094726562e+01) (5, 7.36713945865631103516e-01) (6, 1.92463469505310058594e+00) (7, 2.05794124603271484375e+01) (8, 6.30604934692382812500e+00) (9, -4.94902849197387695312e-01) (0, -2.32057781219482421875e+01) (1, -1.76455044746398925781e+00) (2, -1.97237336635589599609e+00) (3, -3.25716438293457031250e+01) (4, 1.87877905368804931641e+00) (5, -2.37493425607681274414e-01) (6, 4.72903099060058593750e+01) (7, 9.59135353565216064453e-01) (8, 1.11831176280975341797e+00) (9, 1.88717603683471679688e+00) (0, -1.09655885696411132812e+01) (1, 7.20397472381591796875e-01) (2, -9.15975347161293029785e-02) (3, -1.09948310852050781250e+01) (4, 2.91529089212417602539e-01) (5, -3.05959075689315795898e-01) (6, 1.09589157104492187500e+01) (7, 9.70302522182464599609e-01) (8, 1.01390190124511718750e+01) (9, 7.79352903366088867188e-01) (10, -1.86869192123413085938e+00) (11, 2.36797690391540527344e+00) (12, 1.65123426914215087891e+00) (13, -2.23008632659912109375e+00) (14, 9.45132017135620117188e-01) 
