FANN_FLO_2.1
num_layers=3
learning_rate=0.500000
connection_rate=1.000000
network_type=0
learning_momentum=0.000000
training_algorithm=2
train_error_function=1
train_stop_function=0
cascade_output_change_fraction=0.010000
quickprop_decay=-0.000100
quickprop_mu=1.750000
rprop_increase_factor=1.200000
rprop_decrease_factor=0.500000
rprop_delta_min=0.000000
rprop_delta_max=50.000000
rprop_delta_zero=0.100000
cascade_output_stagnation_epochs=12
cascade_candidate_change_fraction=0.010000
cascade_candidate_stagnation_epochs=12
cascade_max_out_epochs=150
cascade_min_out_epochs=50
cascade_max_cand_epochs=150
cascade_min_cand_epochs=50
cascade_num_candidate_groups=2
bit_fail_limit=3.49999994039535522461e-01
cascade_candidate_limit=1.00000000000000000000e+03
cascade_weight_multiplier=4.00000005960464477539e-01
cascade_activation_functions_count=10
cascade_activation_functions=3 5 7 8 10 11 14 15 16 17 
cascade_activation_steepnesses_count=4
cascade_activation_steepnesses=2.50000000000000000000e-01 5.00000000000000000000e-01 7.50000000000000000000e-01 1.00000000000000000000e+00 
layer_sizes=10 3 2 
scale_included=0
neurons (num_inputs, activation_function, activation_steepness)=(0, 0, 0.00000000000000000000e+00) (0, 0, 0.00000000000000000000e+00) (0, 0, 0.00000000000000000000e+00) (0, 0, 0.00000000000000000000e+00) (0, 0, 0.00000000000000000000e+00) (0, 0, 0.00000000000000000000e+00) (0, 0, 0.00000000000000000000e+00) (0, 0, 0.00000000000000000000e+00) (0, 0, 0.00000000000000000000e+00) (0, 0, 0.00000000000000000000e+00) (10, 3, 5.00000000000000000000e-01) (10, 3, 5.00000000000000000000e-01) (0, 3, 0.00000000000000000000e+00) (3, 3, 5.00000000000000000000e-01) (0, 3, 0.00000000000000000000e+00) 
connections (connected_to_neuron, weight)=(0, 3.87912184000015258789e-01) (1, 3.34793128967285156250e+01) (2, -3.53905067443847656250e+01) (3, -1.41669721603393554688e+01) (4, 1.64453601837158203125e+01) (5, 3.36316795349121093750e+01) (6, 3.00343561172485351562e+00) (7, -9.76482677459716796875e+00) (8, -1.76815567016601562500e+01) (9, -2.39853954315185546875e+00) (0, 2.59828052520751953125e+01) (1, 9.16840648651123046875e+00) (2, -7.01798629760742187500e+00) (3, -5.61721229553222656250e+01) (4, -1.49485197067260742188e+01) (5, 6.68763732910156250000e+00) (6, 3.68123359680175781250e+01) (7, -1.56252298355102539062e+01) (8, 3.29878807067871093750e+01) (9, -1.09994781017303466797e+00) (10, 2.63720703125000000000e+00) (11, 9.28424224257469177246e-02) (12, -1.76854431629180908203e+00) 
