FANN_FLO_2.1
num_layers=4
learning_rate=0.500000
connection_rate=1.000000
network_type=0
learning_momentum=0.000000
training_algorithm=2
train_error_function=1
train_stop_function=0
cascade_output_change_fraction=0.010000
quickprop_decay=-0.000100
quickprop_mu=1.750000
rprop_increase_factor=1.200000
rprop_decrease_factor=0.500000
rprop_delta_min=0.000000
rprop_delta_max=50.000000
rprop_delta_zero=0.100000
cascade_output_stagnation_epochs=12
cascade_candidate_change_fraction=0.010000
cascade_candidate_stagnation_epochs=12
cascade_max_out_epochs=150
cascade_min_out_epochs=50
cascade_max_cand_epochs=150
cascade_min_cand_epochs=50
cascade_num_candidate_groups=2
bit_fail_limit=3.49999994039535522461e-01
cascade_candidate_limit=1.00000000000000000000e+03
cascade_weight_multiplier=4.00000005960464477539e-01
cascade_activation_functions_count=10
cascade_activation_functions=3 5 7 8 10 11 14 15 16 17 
cascade_activation_steepnesses_count=4
cascade_activation_steepnesses=2.50000000000000000000e-01 5.00000000000000000000e-01 7.50000000000000000000e-01 1.00000000000000000000e+00 
layer_sizes=10 5 3 2 
scale_included=0
neurons (num_inputs, activation_function, activation_steepness)=(0, 0, 0.00000000000000000000e+00) (0, 0, 0.00000000000000000000e+00) (0, 0, 0.00000000000000000000e+00) (0, 0, 0.00000000000000000000e+00) (0, 0, 0.00000000000000000000e+00) (0, 0, 0.00000000000000000000e+00) (0, 0, 0.00000000000000000000e+00) (0, 0, 0.00000000000000000000e+00) (0, 0, 0.00000000000000000000e+00) (0, 0, 0.00000000000000000000e+00) (10, 3, 5.00000000000000000000e-01) (10, 3, 5.00000000000000000000e-01) (10, 3, 5.00000000000000000000e-01) (10, 3, 5.00000000000000000000e-01) (0, 3, 0.00000000000000000000e+00) (5, 3, 5.00000000000000000000e-01) (5, 3, 5.00000000000000000000e-01) (0, 3, 0.00000000000000000000e+00) (3, 3, 5.00000000000000000000e-01) (0, 3, 0.00000000000000000000e+00) 
connections (connected_to_neuron, weight)=(0, -1.00890155029296875000e+03) (1, 1.48656640625000000000e+03) (2, 7.68503356933593750000e+02) (3, -1.14431481933593750000e+03) (4, 2.08305034637451171875e+01) (5, 9.52055358886718750000e+02) (6, -1.24897399902343750000e+03) (7, -9.82617431640625000000e+02) (8, -1.37515954589843750000e+03) (9, -2.56223850250244140625e+01) (0, -3.07531297206878662109e-01) (1, 1.25853109359741210938e+00) (2, 1.98970565795898437500e+01) (3, 5.07008647918701171875e+00) (4, -2.31805753707885742188e+00) (5, -1.99669063091278076172e+00) (6, -9.12412261962890625000e+00) (7, 2.90725631713867187500e+01) (8, -1.03201017379760742188e+01) (9, -1.27186460494995117188e+01) (0, -1.29891357421875000000e+02) (1, -1.46040002441406250000e+03) (2, -1.44500000000000000000e+03) (3, 1.32356774902343750000e+03) (4, -1.02208093261718750000e+03) (5, -1.44500000000000000000e+03) (6, 1.50000000000000000000e+03) (7, 1.50000000000000000000e+03) (8, 1.45873242187500000000e+03) (9, 9.09187927246093750000e+02) (0, -6.63476013183593750000e+02) (1, -1.46040002441406250000e+03) (2, -1.44500000000000000000e+03) (3, 1.32356774902343750000e+03) (4, -1.19518444824218750000e+03) (5, -1.44500000000000000000e+03) (6, 1.50000000000000000000e+03) (7, 1.50000000000000000000e+03) (8, 1.45873242187500000000e+03) (9, 1.36350939941406250000e+03) (10, -2.31119956970214843750e+01) (11, -1.30618823242187500000e+03) (12, -1.50000000000000000000e+03) (13, -1.47997070312500000000e+03) (14, -1.64450359344482421875e+01) (10, 6.98207020759582519531e-02) (11, -1.47165851593017578125e+01) (12, 6.31334686279296875000e+00) (13, 2.76433372497558593750e+00) (14, 2.99430537223815917969e+00) (15, 1.33180004882812500000e+03) (16, 1.21802592277526855469e+00) (17, -2.90861576795578002930e-01) 
