FANN_FLO_2.1
num_layers=3
learning_rate=0.400000
connection_rate=1.000000
network_type=0
learning_momentum=0.000000
training_algorithm=2
train_error_function=1
train_stop_function=0
cascade_output_change_fraction=0.010000
quickprop_decay=-0.000100
quickprop_mu=1.750000
rprop_increase_factor=1.200000
rprop_decrease_factor=0.500000
rprop_delta_min=0.000000
rprop_delta_max=50.000000
rprop_delta_zero=0.100000
cascade_output_stagnation_epochs=12
cascade_candidate_change_fraction=0.010000
cascade_candidate_stagnation_epochs=12
cascade_max_out_epochs=150
cascade_min_out_epochs=50
cascade_max_cand_epochs=150
cascade_min_cand_epochs=50
cascade_num_candidate_groups=2
bit_fail_limit=3.49999994039535522461e-01
cascade_candidate_limit=1.00000000000000000000e+03
cascade_weight_multiplier=4.00000005960464477539e-01
cascade_activation_functions_count=10
cascade_activation_functions=3 5 7 8 10 11 14 15 16 17 
cascade_activation_steepnesses_count=4
cascade_activation_steepnesses=2.50000000000000000000e-01 5.00000000000000000000e-01 7.50000000000000000000e-01 1.00000000000000000000e+00 
layer_sizes=7 5 2 
scale_included=0
neurons (num_inputs, activation_function, activation_steepness)=(0, 0, 0.00000000000000000000e+00) (0, 0, 0.00000000000000000000e+00) (0, 0, 0.00000000000000000000e+00) (0, 0, 0.00000000000000000000e+00) (0, 0, 0.00000000000000000000e+00) (0, 0, 0.00000000000000000000e+00) (0, 0, 0.00000000000000000000e+00) (7, 3, 5.00000000000000000000e-01) (7, 3, 5.00000000000000000000e-01) (7, 3, 5.00000000000000000000e-01) (7, 3, 5.00000000000000000000e-01) (0, 3, 0.00000000000000000000e+00) (5, 3, 5.00000000000000000000e-01) (0, 3, 0.00000000000000000000e+00) 
connections (connected_to_neuron, weight)=(0, 6.35220885276794433594e-01) (1, 5.15230298042297363281e-02) (2, 9.34971237182617187500e+00) (3, 7.07038259506225585938e+00) (4, 1.48548495769500732422e+00) (5, 1.25330805778503417969e+00) (6, -3.74756932258605957031e+00) (0, 7.01919889450073242188e+00) (1, -7.54511308670043945312e+00) (2, 2.40441608428955078125e+00) (3, -2.29885411262512207031e+00) (4, -2.25290805101394653320e-01) (5, 5.49579334259033203125e+00) (6, -6.21643304824829101562e+00) (0, -2.46240377426147460938e+00) (1, -2.02724361419677734375e+00) (2, 4.10220098495483398438e+00) (3, -6.87367820739746093750e+00) (4, -2.73153376579284667969e+00) (5, 1.09683203697204589844e+00) (6, 7.99023199081420898438e+00) (0, -7.41182851791381835938e+00) (1, 6.85584068298339843750e+00) (2, -3.89755773544311523438e+00) (3, -1.69201624393463134766e+00) (4, -6.33536338806152343750e-01) (5, -4.41900444030761718750e+00) (6, 1.15058586001396179199e-01) (7, -9.28266763687133789062e-01) (8, -1.16461553573608398438e+01) (9, -1.07118916511535644531e+00) (10, -8.07804775238037109375e+00) (11, 3.68054360151290893555e-01) 
