FANN_FLO_2.1
num_layers=3
learning_rate=0.400000
connection_rate=1.000000
network_type=0
learning_momentum=0.000000
training_algorithm=2
train_error_function=1
train_stop_function=0
cascade_output_change_fraction=0.010000
quickprop_decay=-0.000100
quickprop_mu=1.750000
rprop_increase_factor=1.200000
rprop_decrease_factor=0.500000
rprop_delta_min=0.000000
rprop_delta_max=50.000000
rprop_delta_zero=0.100000
cascade_output_stagnation_epochs=12
cascade_candidate_change_fraction=0.010000
cascade_candidate_stagnation_epochs=12
cascade_max_out_epochs=150
cascade_min_out_epochs=50
cascade_max_cand_epochs=150
cascade_min_cand_epochs=50
cascade_num_candidate_groups=2
bit_fail_limit=3.49999994039535522461e-01
cascade_candidate_limit=1.00000000000000000000e+03
cascade_weight_multiplier=4.00000005960464477539e-01
cascade_activation_functions_count=10
cascade_activation_functions=3 5 7 8 10 11 14 15 16 17 
cascade_activation_steepnesses_count=4
cascade_activation_steepnesses=2.50000000000000000000e-01 5.00000000000000000000e-01 7.50000000000000000000e-01 1.00000000000000000000e+00 
layer_sizes=7 9 2 
scale_included=0
neurons (num_inputs, activation_function, activation_steepness)=(0, 0, 0.00000000000000000000e+00) (0, 0, 0.00000000000000000000e+00) (0, 0, 0.00000000000000000000e+00) (0, 0, 0.00000000000000000000e+00) (0, 0, 0.00000000000000000000e+00) (0, 0, 0.00000000000000000000e+00) (0, 0, 0.00000000000000000000e+00) (7, 3, 5.00000000000000000000e-01) (7, 3, 5.00000000000000000000e-01) (7, 3, 5.00000000000000000000e-01) (7, 3, 5.00000000000000000000e-01) (7, 3, 5.00000000000000000000e-01) (7, 3, 5.00000000000000000000e-01) (7, 3, 5.00000000000000000000e-01) (7, 3, 5.00000000000000000000e-01) (0, 3, 0.00000000000000000000e+00) (9, 3, 5.00000000000000000000e-01) (0, 3, 0.00000000000000000000e+00) 
connections (connected_to_neuron, weight)=(0, 8.93914997577667236328e-01) (1, -8.71689033508300781250e+00) (2, 1.02729120254516601562e+01) (3, -3.85694789886474609375e+00) (4, -1.49410852050781250000e+03) (5, -5.33371388912200927734e-01) (6, -9.65623021125793457031e-01) (0, 1.26142585277557373047e+00) (1, -2.45494031906127929688e+00) (2, -3.93953895568847656250e+00) (3, 7.69428396224975585938e+00) (4, -4.15794897079467773438e+00) (5, 1.58116972446441650391e+00) (6, -2.88070154190063476562e+00) (0, -6.88356399536132812500e+00) (1, 4.37605619430541992188e+00) (2, -7.73399887084960937500e+01) (3, 1.24849224090576171875e+01) (4, -1.92735135555267333984e+00) (5, 1.87276367187500000000e+02) (6, 7.18197154998779296875e+00) (0, -8.95586776733398437500e+00) (1, 7.10469865798950195312e+00) (2, 1.29585218429565429688e+00) (3, -1.22327435016632080078e+00) (4, -7.01451659202575683594e-01) (5, -5.51416873931884765625e+00) (6, 4.21827435493469238281e-01) (0, -2.43902797698974609375e+01) (1, 4.19514149427413940430e-01) (2, -4.19483413696289062500e+01) (3, -2.12930679321289062500e+01) (4, -1.49410852050781250000e+03) (5, 1.39306564331054687500e+01) (6, 3.76247692108154296875e+00) (0, 7.04522991180419921875e+00) (1, -8.58310031890869140625e+00) (2, 4.52996778488159179688e+00) (3, -2.55938553810119628906e+00) (4, 4.44594509899616241455e-02) (5, 3.26602911949157714844e+00) (6, -3.52762031555175781250e+00) (0, -5.29036474227905273438e+00) (1, -4.35611963272094726562e-01) (2, 4.02472734451293945312e+00) (3, -2.96557235717773437500e+00) (4, 4.01580858230590820312e+00) (5, 1.34940052032470703125e+00) (6, 2.94101804494857788086e-01) (0, 8.23490333557128906250e+00) (1, 7.62341594696044921875e+00) (2, -1.27007513046264648438e+01) (3, -9.84141540527343750000e+00) (4, -3.11454176902770996094e+00) (5, -3.24849992990493774414e-01) (6, -6.87207174301147460938e+00) (7, 1.50000000000000000000e+03) (8, -1.32141864299774169922e+00) (9, -4.26875531673431396484e-01) (10, -7.34172773361206054688e+00) (11, 1.50000000000000000000e+03) (12, -1.08284826278686523438e+01) (13, -5.74833631515502929688e-01) (14, -8.56739580631256103516e-01) (15, -1.66822925209999084473e-01) 
