FANN_FLO_2.1
num_layers=3
learning_rate=0.500000
connection_rate=1.000000
network_type=0
learning_momentum=0.000000
training_algorithm=2
train_error_function=1
train_stop_function=0
cascade_output_change_fraction=0.010000
quickprop_decay=-0.000100
quickprop_mu=1.750000
rprop_increase_factor=1.200000
rprop_decrease_factor=0.500000
rprop_delta_min=0.000000
rprop_delta_max=50.000000
rprop_delta_zero=0.100000
cascade_output_stagnation_epochs=12
cascade_candidate_change_fraction=0.010000
cascade_candidate_stagnation_epochs=12
cascade_max_out_epochs=150
cascade_min_out_epochs=50
cascade_max_cand_epochs=150
cascade_min_cand_epochs=50
cascade_num_candidate_groups=2
bit_fail_limit=3.49999994039535522461e-01
cascade_candidate_limit=1.00000000000000000000e+03
cascade_weight_multiplier=4.00000005960464477539e-01
cascade_activation_functions_count=10
cascade_activation_functions=3 5 7 8 10 11 14 15 16 17 
cascade_activation_steepnesses_count=4
cascade_activation_steepnesses=2.50000000000000000000e-01 5.00000000000000000000e-01 7.50000000000000000000e-01 1.00000000000000000000e+00 
layer_sizes=10 3 2 
scale_included=0
neurons (num_inputs, activation_function, activation_steepness)=(0, 0, 0.00000000000000000000e+00) (0, 0, 0.00000000000000000000e+00) (0, 0, 0.00000000000000000000e+00) (0, 0, 0.00000000000000000000e+00) (0, 0, 0.00000000000000000000e+00) (0, 0, 0.00000000000000000000e+00) (0, 0, 0.00000000000000000000e+00) (0, 0, 0.00000000000000000000e+00) (0, 0, 0.00000000000000000000e+00) (0, 0, 0.00000000000000000000e+00) (10, 3, 5.00000000000000000000e-01) (10, 3, 5.00000000000000000000e-01) (0, 3, 0.00000000000000000000e+00) (3, 3, 5.00000000000000000000e-01) (0, 3, 0.00000000000000000000e+00) 
connections (connected_to_neuron, weight)=(0, 4.48765754699707031250e-01) (1, -6.75636410713195800781e-01) (2, 2.16563110351562500000e+01) (3, -5.14745616912841796875e+00) (4, 6.21028065681457519531e-01) (5, 1.40721101760864257812e+01) (6, -7.75102424621582031250e+00) (7, -9.83546733856201171875e+00) (8, -1.63472862243652343750e+01) (9, -1.84209382534027099609e+00) (0, -1.87843704223632812500e+00) (1, -6.78520679473876953125e+00) (2, 7.50603818893432617188e+00) (3, 6.01159381866455078125e+00) (4, -5.46142053604125976562e+00) (5, 2.40645122528076171875e+00) (6, -6.32956981658935546875e+00) (7, 1.95942568778991699219e+00) (8, 1.82734823226928710938e+00) (9, 1.02945470809936523438e+00) (10, 2.87861466407775878906e+00) (11, -3.74097871780395507812e+00) (12, 9.21124219894409179688e-01) 
