FANN_FLO_2.1
num_layers=4
learning_rate=0.500000
connection_rate=1.000000
network_type=0
learning_momentum=0.000000
training_algorithm=2
train_error_function=1
train_stop_function=0
cascade_output_change_fraction=0.010000
quickprop_decay=-0.000100
quickprop_mu=1.750000
rprop_increase_factor=1.200000
rprop_decrease_factor=0.500000
rprop_delta_min=0.000000
rprop_delta_max=50.000000
rprop_delta_zero=0.100000
cascade_output_stagnation_epochs=12
cascade_candidate_change_fraction=0.010000
cascade_candidate_stagnation_epochs=12
cascade_max_out_epochs=150
cascade_min_out_epochs=50
cascade_max_cand_epochs=150
cascade_min_cand_epochs=50
cascade_num_candidate_groups=2
bit_fail_limit=3.49999994039535522461e-01
cascade_candidate_limit=1.00000000000000000000e+03
cascade_weight_multiplier=4.00000005960464477539e-01
cascade_activation_functions_count=10
cascade_activation_functions=3 5 7 8 10 11 14 15 16 17 
cascade_activation_steepnesses_count=4
cascade_activation_steepnesses=2.50000000000000000000e-01 5.00000000000000000000e-01 7.50000000000000000000e-01 1.00000000000000000000e+00 
layer_sizes=10 3 3 2 
scale_included=0
neurons (num_inputs, activation_function, activation_steepness)=(0, 0, 0.00000000000000000000e+00) (0, 0, 0.00000000000000000000e+00) (0, 0, 0.00000000000000000000e+00) (0, 0, 0.00000000000000000000e+00) (0, 0, 0.00000000000000000000e+00) (0, 0, 0.00000000000000000000e+00) (0, 0, 0.00000000000000000000e+00) (0, 0, 0.00000000000000000000e+00) (0, 0, 0.00000000000000000000e+00) (0, 0, 0.00000000000000000000e+00) (10, 3, 5.00000000000000000000e-01) (10, 3, 5.00000000000000000000e-01) (0, 3, 0.00000000000000000000e+00) (3, 3, 5.00000000000000000000e-01) (3, 3, 5.00000000000000000000e-01) (0, 3, 0.00000000000000000000e+00) (3, 3, 5.00000000000000000000e-01) (0, 3, 0.00000000000000000000e+00) 
connections (connected_to_neuron, weight)=(0, 3.81584310531616210938e+00) (1, 3.71900796890258789062e+00) (2, 1.09817352294921875000e+01) (3, -6.89636135101318359375e+00) (4, 3.48306012153625488281e+00) (5, 1.50601923465728759766e+00) (6, -7.90842533111572265625e-01) (7, -2.18366241455078125000e+01) (8, 4.31502246856689453125e+00) (9, -2.74911546707153320312e+00) (0, -5.59902954101562500000e+02) (1, -1.28361880779266357422e+00) (2, -1.46451074218750000000e+03) (3, 2.32138657569885253906e+00) (4, 4.45378417968750000000e+02) (5, 1.01250858306884765625e+01) (6, 1.47817211914062500000e+03) (7, 1.37342041015625000000e+02) (8, -6.01857849121093750000e+02) (9, 7.06869900226593017578e-01) (10, 1.37618036270141601562e+01) (11, 1.01703548431396484375e+01) (12, -5.40759181976318359375e+00) (10, 1.38764867782592773438e+01) (11, 1.01703548431396484375e+01) (12, -5.48506832122802734375e+00) (13, 1.03342723846435546875e+00) (14, 9.83185410499572753906e-01) (15, -1.13400018215179443359e+00) 
