FANN_FLO_2.1
num_layers=3
learning_rate=0.400000
connection_rate=1.000000
network_type=0
learning_momentum=0.000000
training_algorithm=2
train_error_function=1
train_stop_function=0
cascade_output_change_fraction=0.010000
quickprop_decay=-0.000100
quickprop_mu=1.750000
rprop_increase_factor=1.200000
rprop_decrease_factor=0.500000
rprop_delta_min=0.000000
rprop_delta_max=50.000000
rprop_delta_zero=0.100000
cascade_output_stagnation_epochs=12
cascade_candidate_change_fraction=0.010000
cascade_candidate_stagnation_epochs=12
cascade_max_out_epochs=150
cascade_min_out_epochs=50
cascade_max_cand_epochs=150
cascade_min_cand_epochs=50
cascade_num_candidate_groups=2
bit_fail_limit=3.49999994039535522461e-01
cascade_candidate_limit=1.00000000000000000000e+03
cascade_weight_multiplier=4.00000005960464477539e-01
cascade_activation_functions_count=10
cascade_activation_functions=3 5 7 8 10 11 14 15 16 17 
cascade_activation_steepnesses_count=4
cascade_activation_steepnesses=2.50000000000000000000e-01 5.00000000000000000000e-01 7.50000000000000000000e-01 1.00000000000000000000e+00 
layer_sizes=7 9 2 
scale_included=0
neurons (num_inputs, activation_function, activation_steepness)=(0, 0, 0.00000000000000000000e+00) (0, 0, 0.00000000000000000000e+00) (0, 0, 0.00000000000000000000e+00) (0, 0, 0.00000000000000000000e+00) (0, 0, 0.00000000000000000000e+00) (0, 0, 0.00000000000000000000e+00) (0, 0, 0.00000000000000000000e+00) (7, 3, 5.00000000000000000000e-01) (7, 3, 5.00000000000000000000e-01) (7, 3, 5.00000000000000000000e-01) (7, 3, 5.00000000000000000000e-01) (7, 3, 5.00000000000000000000e-01) (7, 3, 5.00000000000000000000e-01) (7, 3, 5.00000000000000000000e-01) (7, 3, 5.00000000000000000000e-01) (0, 3, 0.00000000000000000000e+00) (9, 3, 5.00000000000000000000e-01) (0, 3, 0.00000000000000000000e+00) 
connections (connected_to_neuron, weight)=(0, -6.54998779296875000000e-01) (1, 3.58467054367065429688e+00) (2, 1.22145092487335205078e+00) (3, -4.35397386550903320312e+00) (4, -1.57380926609039306641e+00) (5, -5.37857961654663085938e+00) (6, 3.63626766204833984375e+00) (0, -3.84383392333984375000e+00) (1, -1.93234348297119140625e+01) (2, 7.43193387985229492188e+00) (3, 1.39329302310943603516e+00) (4, 8.50781381130218505859e-01) (5, 6.34819936752319335938e+00) (6, 2.58851003646850585938e+00) (0, -1.18008556365966796875e+01) (1, -1.66422712802886962891e+00) (2, 1.41002016067504882812e+01) (3, 9.15613174438476562500e+00) (4, 1.14181673526763916016e+00) (5, -1.38711578369140625000e+02) (6, 2.86763787269592285156e+00) (0, -1.02543458938598632812e+01) (1, 1.19374332427978515625e+01) (2, -6.99030971527099609375e+00) (3, 3.49451398849487304688e+00) (4, 1.25131261348724365234e+00) (5, 4.75532484054565429688e+00) (6, -8.53962421417236328125e-01) (0, 7.60480308532714843750e+00) (1, -4.04758787155151367188e+00) (2, 8.56614649295806884766e-01) (3, -4.51662731170654296875e+00) (4, -8.58536481857299804688e-01) (5, -1.29335856437683105469e+00) (6, 2.04126536846160888672e-01) (0, -7.76837110519409179688e+00) (1, 6.88266086578369140625e+00) (2, -2.37178945541381835938e+00) (3, -1.51687622070312500000e+00) (4, -1.09366118907928466797e+00) (5, -1.48198254394531250000e+03) (6, 1.05986261367797851562e+00) (0, 1.50652456283569335938e+00) (1, -6.64872229099273681641e-01) (2, 4.64300966262817382812e+00) (3, -3.27099347114562988281e+00) (4, -2.01271224021911621094e+00) (5, 1.37687325477600097656e+00) (6, 5.28910875320434570312e-01) (0, 2.92068362236022949219e+00) (1, -5.11335492134094238281e-01) (2, 1.16823446750640869141e+00) (3, -3.81510853767395019531e+00) (4, -1.33921349048614501953e+00) (5, 8.58836546540260314941e-02) (6, 3.45845043659210205078e-01) (7, 2.25756359100341796875e+00) (8, -2.53556847572326660156e+00) (9, -1.76863062381744384766e+00) (10, -2.36380219459533691406e+00) (11, -2.93223166465759277344e+00) (12, -4.38262748718261718750e+00) (13, -7.83021688461303710938e-01) (14, -7.97302961349487304688e-01) (15, 1.69831085205078125000e+00) 
