FANN_FLO_2.1
num_layers=3
learning_rate=0.400000
connection_rate=1.000000
network_type=0
learning_momentum=0.000000
training_algorithm=2
train_error_function=1
train_stop_function=0
cascade_output_change_fraction=0.010000
quickprop_decay=-0.000100
quickprop_mu=1.750000
rprop_increase_factor=1.200000
rprop_decrease_factor=0.500000
rprop_delta_min=0.000000
rprop_delta_max=50.000000
rprop_delta_zero=0.100000
cascade_output_stagnation_epochs=12
cascade_candidate_change_fraction=0.010000
cascade_candidate_stagnation_epochs=12
cascade_max_out_epochs=150
cascade_min_out_epochs=50
cascade_max_cand_epochs=150
cascade_min_cand_epochs=50
cascade_num_candidate_groups=2
bit_fail_limit=3.49999994039535522461e-01
cascade_candidate_limit=1.00000000000000000000e+03
cascade_weight_multiplier=4.00000005960464477539e-01
cascade_activation_functions_count=10
cascade_activation_functions=3 5 7 8 10 11 14 15 16 17 
cascade_activation_steepnesses_count=4
cascade_activation_steepnesses=2.50000000000000000000e-01 5.00000000000000000000e-01 7.50000000000000000000e-01 1.00000000000000000000e+00 
layer_sizes=19 3 3 
scale_included=0
neurons (num_inputs, activation_function, activation_steepness)=(0, 0, 0.00000000000000000000e+00) (0, 0, 0.00000000000000000000e+00) (0, 0, 0.00000000000000000000e+00) (0, 0, 0.00000000000000000000e+00) (0, 0, 0.00000000000000000000e+00) (0, 0, 0.00000000000000000000e+00) (0, 0, 0.00000000000000000000e+00) (0, 0, 0.00000000000000000000e+00) (0, 0, 0.00000000000000000000e+00) (0, 0, 0.00000000000000000000e+00) (0, 0, 0.00000000000000000000e+00) (0, 0, 0.00000000000000000000e+00) (0, 0, 0.00000000000000000000e+00) (0, 0, 0.00000000000000000000e+00) (0, 0, 0.00000000000000000000e+00) (0, 0, 0.00000000000000000000e+00) (0, 0, 0.00000000000000000000e+00) (0, 0, 0.00000000000000000000e+00) (0, 0, 0.00000000000000000000e+00) (19, 3, 5.00000000000000000000e-01) (19, 3, 5.00000000000000000000e-01) (0, 3, 0.00000000000000000000e+00) (3, 3, 5.00000000000000000000e-01) (3, 3, 5.00000000000000000000e-01) (0, 3, 0.00000000000000000000e+00) 
connections (connected_to_neuron, weight)=(0, 8.99479210376739501953e-01) (1, 7.18158721923828125000e+00) (2, -9.27591037750244140625e+00) (3, 1.20537590980529785156e+00) (4, 8.75419807434082031250e+00) (5, -5.85873460769653320312e+00) (6, -2.97701954841613769531e+00) (7, 9.01492214202880859375e+00) (8, -6.39104318618774414062e+00) (9, -2.27270936965942382812e+00) (10, -2.33398485183715820312e+00) (11, 5.14038944244384765625e+00) (12, 2.56179785728454589844e+00) (13, -4.12613868713378906250e+00) (14, 6.22816276550292968750e+00) (15, 2.02656888961791992188e+00) (16, -1.38849878311157226562e+01) (17, 5.11331701278686523438e+00) (18, -4.15267753601074218750e+00) (0, 1.02513360977172851562e+00) (1, -4.48206472396850585938e+00) (2, 3.90983700752258300781e+00) (3, 3.59454035758972167969e-01) (4, -3.56369328498840332031e+00) (5, 2.76284337043762207031e+00) (6, 1.91795170307159423828e-01) (7, -3.88246893882751464844e+00) (8, 3.55708408355712890625e+00) (9, -3.74278813600540161133e-01) (10, 3.17722296714782714844e+00) (11, -1.51283812522888183594e+00) (12, -1.00167298316955566406e+00) (13, 4.10269546508789062500e+00) (14, -2.79386806488037109375e+00) (15, 2.48320028185844421387e-01) (16, 3.37737894058227539062e+00) (17, -2.33674693107604980469e+00) (18, -3.09451055526733398438e+00) (19, -1.26243042945861816406e+00) (20, -1.55619525909423828125e+00) (21, 3.55599492788314819336e-01) (19, 1.26559603214263916016e+00) (20, 1.56135678291320800781e+00) (21, -3.57809782028198242188e-01) 
