FANN_FLO_2.1
num_layers=3
learning_rate=0.400000
connection_rate=1.000000
network_type=0
learning_momentum=0.000000
training_algorithm=2
train_error_function=1
train_stop_function=0
cascade_output_change_fraction=0.010000
quickprop_decay=-0.000100
quickprop_mu=1.750000
rprop_increase_factor=1.200000
rprop_decrease_factor=0.500000
rprop_delta_min=0.000000
rprop_delta_max=50.000000
rprop_delta_zero=0.100000
cascade_output_stagnation_epochs=12
cascade_candidate_change_fraction=0.010000
cascade_candidate_stagnation_epochs=12
cascade_max_out_epochs=150
cascade_min_out_epochs=50
cascade_max_cand_epochs=150
cascade_min_cand_epochs=50
cascade_num_candidate_groups=2
bit_fail_limit=3.49999994039535522461e-01
cascade_candidate_limit=1.00000000000000000000e+03
cascade_weight_multiplier=4.00000005960464477539e-01
cascade_activation_functions_count=10
cascade_activation_functions=3 5 7 8 10 11 14 15 16 17 
cascade_activation_steepnesses_count=4
cascade_activation_steepnesses=2.50000000000000000000e-01 5.00000000000000000000e-01 7.50000000000000000000e-01 1.00000000000000000000e+00 
layer_sizes=7 5 2 
scale_included=0
neurons (num_inputs, activation_function, activation_steepness)=(0, 0, 0.00000000000000000000e+00) (0, 0, 0.00000000000000000000e+00) (0, 0, 0.00000000000000000000e+00) (0, 0, 0.00000000000000000000e+00) (0, 0, 0.00000000000000000000e+00) (0, 0, 0.00000000000000000000e+00) (0, 0, 0.00000000000000000000e+00) (7, 3, 5.00000000000000000000e-01) (7, 3, 5.00000000000000000000e-01) (7, 3, 5.00000000000000000000e-01) (7, 3, 5.00000000000000000000e-01) (0, 3, 0.00000000000000000000e+00) (5, 3, 5.00000000000000000000e-01) (0, 3, 0.00000000000000000000e+00) 
connections (connected_to_neuron, weight)=(0, -4.12535810470581054688e+00) (1, -2.24771332740783691406e+00) (2, -3.97412872314453125000e+00) (3, 3.40003228187561035156e+00) (4, 1.13724350929260253906e+00) (5, 1.32030379772186279297e+00) (6, -2.45397734642028808594e+00) (0, 1.24738855361938476562e+01) (1, -1.82583749294281005859e+00) (2, -8.91121006011962890625e+00) (3, -1.43406333923339843750e+01) (4, 2.23341159820556640625e+01) (5, -2.65497970581054687500e+00) (6, -2.03896331787109375000e+00) (0, -7.63062524795532226562e+00) (1, -2.08514189720153808594e+00) (2, -1.40494668483734130859e+00) (3, 5.51647949218750000000e+00) (4, -1.06744301319122314453e+00) (5, 5.05970096588134765625e+00) (6, -2.34307813644409179688e+00) (0, -7.54074096679687500000e-01) (1, -1.33739638328552246094e+00) (2, 3.64317059516906738281e+00) (3, 9.68834400177001953125e+00) (4, -3.48157739639282226562e+00) (5, -1.93288314342498779297e+00) (6, -5.56973981857299804688e+00) (7, 4.54647922515869140625e+00) (8, 2.11726474761962890625e+00) (9, 1.59101605415344238281e+00) (10, 1.80101823806762695312e+00) (11, -2.45346212387084960938e+00) 
