FANN_FLO_2.1
num_layers=4
learning_rate=0.400000
connection_rate=1.000000
network_type=0
learning_momentum=0.000000
training_algorithm=2
train_error_function=1
train_stop_function=0
cascade_output_change_fraction=0.010000
quickprop_decay=-0.000100
quickprop_mu=1.750000
rprop_increase_factor=1.200000
rprop_decrease_factor=0.500000
rprop_delta_min=0.000000
rprop_delta_max=50.000000
rprop_delta_zero=0.100000
cascade_output_stagnation_epochs=12
cascade_candidate_change_fraction=0.010000
cascade_candidate_stagnation_epochs=12
cascade_max_out_epochs=150
cascade_min_out_epochs=50
cascade_max_cand_epochs=150
cascade_min_cand_epochs=50
cascade_num_candidate_groups=2
bit_fail_limit=3.49999994039535522461e-01
cascade_candidate_limit=1.00000000000000000000e+03
cascade_weight_multiplier=4.00000005960464477539e-01
cascade_activation_functions_count=10
cascade_activation_functions=3 5 7 8 10 11 14 15 16 17 
cascade_activation_steepnesses_count=4
cascade_activation_steepnesses=2.50000000000000000000e-01 5.00000000000000000000e-01 7.50000000000000000000e-01 1.00000000000000000000e+00 
layer_sizes=7 5 5 2 
scale_included=0
neurons (num_inputs, activation_function, activation_steepness)=(0, 0, 0.00000000000000000000e+00) (0, 0, 0.00000000000000000000e+00) (0, 0, 0.00000000000000000000e+00) (0, 0, 0.00000000000000000000e+00) (0, 0, 0.00000000000000000000e+00) (0, 0, 0.00000000000000000000e+00) (0, 0, 0.00000000000000000000e+00) (7, 3, 5.00000000000000000000e-01) (7, 3, 5.00000000000000000000e-01) (7, 3, 5.00000000000000000000e-01) (7, 3, 5.00000000000000000000e-01) (0, 3, 0.00000000000000000000e+00) (5, 3, 5.00000000000000000000e-01) (5, 3, 5.00000000000000000000e-01) (5, 3, 5.00000000000000000000e-01) (5, 3, 5.00000000000000000000e-01) (0, 3, 0.00000000000000000000e+00) (5, 3, 5.00000000000000000000e-01) (0, 3, 0.00000000000000000000e+00) 
connections (connected_to_neuron, weight)=(0, -5.45438232421875000000e+02) (1, -1.04296044921875000000e+03) (2, 8.54805053710937500000e+02) (3, -1.01181695556640625000e+03) (4, 8.60154296875000000000e+02) (5, -1.45353735351562500000e+03) (6, -8.91424596309661865234e-01) (0, 9.24995803833007812500e+00) (1, -1.34215250015258789062e+01) (2, 1.02557172775268554688e+01) (3, -6.97840261459350585938e+00) (4, -1.13961935043334960938e+00) (5, 3.78124284744262695312e+00) (6, -5.50767257809638977051e-02) (0, -1.15055484771728515625e+01) (1, 1.40943803787231445312e+01) (2, -1.55405318737030029297e+00) (3, 3.70594954490661621094e+00) (4, 7.73839294910430908203e-01) (5, 7.74572372436523437500e+00) (6, -1.72711825370788574219e+00) (0, -6.85927104949951171875e+00) (1, 4.23652172088623046875e+00) (2, -3.72728371620178222656e+00) (3, -3.85960173606872558594e+00) (4, -1.70276987552642822266e+00) (5, -1.40900000000000000000e+03) (6, 3.65276026725769042969e+00) (7, 1.10569372773170471191e-01) (8, 2.01286453247070312500e+02) (9, -7.51461207866668701172e-01) (10, 1.78428440093994140625e+01) (11, -1.40763032436370849609e+00) (7, 1.10569372773170471191e-01) (8, 6.97406860351562500000e+02) (9, -6.59060359001159667969e-01) (10, 1.57527904510498046875e+01) (11, -1.11672973632812500000e+00) (7, 1.10569372773170471191e-01) (8, 3.09808802604675292969e+00) (9, 3.28202581405639648438e+00) (10, 3.59782028198242187500e+00) (11, -4.72947025299072265625e+00) (7, 1.10569372773170471191e-01) (8, 1.28696875000000000000e+03) (9, -1.19380645751953125000e+01) (10, 5.45315856933593750000e+01) (11, -6.65337467193603515625e+00) (12, -3.99118602275848388672e-01) (13, -5.86067676544189453125e-01) (14, -4.93224000930786132812e+00) (15, -2.91418522596359252930e-01) (16, 3.19039337337017059326e-02) 
