FANN_FLO_2.1
num_layers=4
learning_rate=0.400000
connection_rate=1.000000
network_type=0
learning_momentum=0.000000
training_algorithm=2
train_error_function=1
train_stop_function=0
cascade_output_change_fraction=0.010000
quickprop_decay=-0.000100
quickprop_mu=1.750000
rprop_increase_factor=1.200000
rprop_decrease_factor=0.500000
rprop_delta_min=0.000000
rprop_delta_max=50.000000
rprop_delta_zero=0.100000
cascade_output_stagnation_epochs=12
cascade_candidate_change_fraction=0.010000
cascade_candidate_stagnation_epochs=12
cascade_max_out_epochs=150
cascade_min_out_epochs=50
cascade_max_cand_epochs=150
cascade_min_cand_epochs=50
cascade_num_candidate_groups=2
bit_fail_limit=3.49999994039535522461e-01
cascade_candidate_limit=1.00000000000000000000e+03
cascade_weight_multiplier=4.00000005960464477539e-01
cascade_activation_functions_count=10
cascade_activation_functions=3 5 7 8 10 11 14 15 16 17 
cascade_activation_steepnesses_count=4
cascade_activation_steepnesses=2.50000000000000000000e-01 5.00000000000000000000e-01 7.50000000000000000000e-01 1.00000000000000000000e+00 
layer_sizes=7 3 3 2 
scale_included=0
neurons (num_inputs, activation_function, activation_steepness)=(0, 0, 0.00000000000000000000e+00) (0, 0, 0.00000000000000000000e+00) (0, 0, 0.00000000000000000000e+00) (0, 0, 0.00000000000000000000e+00) (0, 0, 0.00000000000000000000e+00) (0, 0, 0.00000000000000000000e+00) (0, 0, 0.00000000000000000000e+00) (7, 3, 5.00000000000000000000e-01) (7, 3, 5.00000000000000000000e-01) (0, 3, 0.00000000000000000000e+00) (3, 3, 5.00000000000000000000e-01) (3, 3, 5.00000000000000000000e-01) (0, 3, 0.00000000000000000000e+00) (3, 3, 5.00000000000000000000e-01) (0, 3, 0.00000000000000000000e+00) 
connections (connected_to_neuron, weight)=(0, 3.01134419441223144531e+00) (1, -4.98722171783447265625e+00) (2, 2.77178001403808593750e+00) (3, -3.52787446975708007812e+00) (4, -9.62656021118164062500e-01) (5, 5.53925943374633789062e+00) (6, -2.23236680030822753906e+00) (0, -6.15614604949951171875e+00) (1, 5.04721927642822265625e+00) (2, -1.15938925743103027344e+00) (3, -1.16079223155975341797e+00) (4, -6.99401497840881347656e-01) (5, -4.84614753723144531250e+00) (6, 8.08746933937072753906e-01) (7, 4.25200986862182617188e+00) (8, 7.84769296646118164062e+00) (9, -3.42958879470825195312e+00) (7, 5.51179075241088867188e+00) (8, 6.64851760864257812500e+00) (9, -1.73884999752044677734e+00) (10, -2.99903535842895507812e+00) (11, -1.97381460666656494141e+00) (12, -5.01823008060455322266e-01) 
