FANN_FLO_2.1
num_layers=3
learning_rate=0.400000
connection_rate=1.000000
network_type=0
learning_momentum=0.000000
training_algorithm=2
train_error_function=1
train_stop_function=0
cascade_output_change_fraction=0.010000
quickprop_decay=-0.000100
quickprop_mu=1.750000
rprop_increase_factor=1.200000
rprop_decrease_factor=0.500000
rprop_delta_min=0.000000
rprop_delta_max=50.000000
rprop_delta_zero=0.100000
cascade_output_stagnation_epochs=12
cascade_candidate_change_fraction=0.010000
cascade_candidate_stagnation_epochs=12
cascade_max_out_epochs=150
cascade_min_out_epochs=50
cascade_max_cand_epochs=150
cascade_min_cand_epochs=50
cascade_num_candidate_groups=2
bit_fail_limit=3.49999994039535522461e-01
cascade_candidate_limit=1.00000000000000000000e+03
cascade_weight_multiplier=4.00000005960464477539e-01
cascade_activation_functions_count=10
cascade_activation_functions=3 5 7 8 10 11 14 15 16 17 
cascade_activation_steepnesses_count=4
cascade_activation_steepnesses=2.50000000000000000000e-01 5.00000000000000000000e-01 7.50000000000000000000e-01 1.00000000000000000000e+00 
layer_sizes=19 3 3 
scale_included=0
neurons (num_inputs, activation_function, activation_steepness)=(0, 0, 0.00000000000000000000e+00) (0, 0, 0.00000000000000000000e+00) (0, 0, 0.00000000000000000000e+00) (0, 0, 0.00000000000000000000e+00) (0, 0, 0.00000000000000000000e+00) (0, 0, 0.00000000000000000000e+00) (0, 0, 0.00000000000000000000e+00) (0, 0, 0.00000000000000000000e+00) (0, 0, 0.00000000000000000000e+00) (0, 0, 0.00000000000000000000e+00) (0, 0, 0.00000000000000000000e+00) (0, 0, 0.00000000000000000000e+00) (0, 0, 0.00000000000000000000e+00) (0, 0, 0.00000000000000000000e+00) (0, 0, 0.00000000000000000000e+00) (0, 0, 0.00000000000000000000e+00) (0, 0, 0.00000000000000000000e+00) (0, 0, 0.00000000000000000000e+00) (0, 0, 0.00000000000000000000e+00) (19, 3, 5.00000000000000000000e-01) (19, 3, 5.00000000000000000000e-01) (0, 3, 0.00000000000000000000e+00) (3, 3, 5.00000000000000000000e-01) (3, 3, 5.00000000000000000000e-01) (0, 3, 0.00000000000000000000e+00) 
connections (connected_to_neuron, weight)=(0, 3.74266004562377929688e+00) (1, 1.77324736118316650391e+00) (2, -1.91828966140747070312e+00) (3, 1.43442404270172119141e+00) (4, -4.40033006668090820312e+00) (5, -1.67895269393920898438e+00) (6, -5.20000076293945312500e+00) (7, -3.79581856727600097656e+00) (8, -2.37517952919006347656e+00) (9, -2.75337076187133789062e+00) (10, 3.54446268081665039062e+00) (11, -9.20769882202148437500e+00) (12, -5.84277009963989257812e+00) (13, 1.92997664213180541992e-01) (14, 6.70543956756591796875e+00) (15, 4.62477588653564453125e+00) (16, -1.35504751205444335938e+01) (17, -5.70907258987426757812e+00) (18, 2.63932838439941406250e+01) (0, -8.62910747528076171875e+00) (1, 2.93191671371459960938e-01) (2, -9.88575458526611328125e+00) (3, 8.71109294891357421875e+00) (4, 2.61101245880126953125e+00) (5, 2.86555194854736328125e+01) (6, -8.05827426910400390625e+00) (7, -5.72728919982910156250e+00) (8, -5.33703756332397460938e+00) (9, -3.21828484535217285156e+00) (10, 2.81808662414550781250e+00) (11, 1.28910636901855468750e+01) (12, -6.36075305938720703125e+00) (13, -5.62843132019042968750e+00) (14, -5.49144315719604492188e+00) (15, 2.28453946113586425781e+00) (16, 2.51245117187500000000e+00) (17, 5.02607631683349609375e+00) (18, 8.98159790039062500000e+00) (19, -8.66369545459747314453e-01) (20, -8.06497752666473388672e-01) (21, 9.92589533329010009766e-01) (19, 8.67355227470397949219e-01) (20, 8.06838750839233398438e-01) (21, -9.93485271930694580078e-01) 
