FANN_FLO_2.1
num_layers=4
learning_rate=0.500000
connection_rate=1.000000
network_type=0
learning_momentum=0.000000
training_algorithm=2
train_error_function=1
train_stop_function=0
cascade_output_change_fraction=0.010000
quickprop_decay=-0.000100
quickprop_mu=1.750000
rprop_increase_factor=1.200000
rprop_decrease_factor=0.500000
rprop_delta_min=0.000000
rprop_delta_max=50.000000
rprop_delta_zero=0.100000
cascade_output_stagnation_epochs=12
cascade_candidate_change_fraction=0.010000
cascade_candidate_stagnation_epochs=12
cascade_max_out_epochs=150
cascade_min_out_epochs=50
cascade_max_cand_epochs=150
cascade_min_cand_epochs=50
cascade_num_candidate_groups=2
bit_fail_limit=3.49999994039535522461e-01
cascade_candidate_limit=1.00000000000000000000e+03
cascade_weight_multiplier=4.00000005960464477539e-01
cascade_activation_functions_count=10
cascade_activation_functions=3 5 7 8 10 11 14 15 16 17 
cascade_activation_steepnesses_count=4
cascade_activation_steepnesses=2.50000000000000000000e-01 5.00000000000000000000e-01 7.50000000000000000000e-01 1.00000000000000000000e+00 
layer_sizes=10 5 3 2 
scale_included=0
neurons (num_inputs, activation_function, activation_steepness)=(0, 0, 0.00000000000000000000e+00) (0, 0, 0.00000000000000000000e+00) (0, 0, 0.00000000000000000000e+00) (0, 0, 0.00000000000000000000e+00) (0, 0, 0.00000000000000000000e+00) (0, 0, 0.00000000000000000000e+00) (0, 0, 0.00000000000000000000e+00) (0, 0, 0.00000000000000000000e+00) (0, 0, 0.00000000000000000000e+00) (0, 0, 0.00000000000000000000e+00) (10, 3, 5.00000000000000000000e-01) (10, 3, 5.00000000000000000000e-01) (10, 3, 5.00000000000000000000e-01) (10, 3, 5.00000000000000000000e-01) (0, 3, 0.00000000000000000000e+00) (5, 3, 5.00000000000000000000e-01) (5, 3, 5.00000000000000000000e-01) (0, 3, 0.00000000000000000000e+00) (3, 3, 5.00000000000000000000e-01) (0, 3, 0.00000000000000000000e+00) 
connections (connected_to_neuron, weight)=(0, -2.71844649314880371094e+00) (1, 9.00955486297607421875e+00) (2, -1.68366706371307373047e+00) (3, -6.20094728469848632812e+00) (4, -1.90263342857360839844e+00) (5, 4.96724724769592285156e-01) (6, -2.69821524620056152344e+00) (7, -1.74370910972356796265e-02) (8, -5.21979808807373046875e-01) (9, 9.37718451023101806641e-01) (0, -4.62990760803222656250e+00) (1, 4.67145395278930664062e+00) (2, -2.97829246520996093750e+01) (3, -3.18856739997863769531e+00) (4, -8.48765492439270019531e-01) (5, 1.53442108631134033203e+00) (6, 5.10076808929443359375e+00) (7, 3.59277081489562988281e+00) (8, 2.97116351127624511719e+00) (9, -8.03128123283386230469e-01) (0, -7.33807682991027832031e-01) (1, 1.73601360321044921875e+01) (2, -1.59243071079254150391e+00) (3, -5.79296779632568359375e+00) (4, -7.18041038513183593750e+00) (5, -4.69096481800079345703e-01) (6, 3.23695135116577148438e+00) (7, -3.09639841318130493164e-01) (8, -4.54458951950073242188e+00) (9, -1.07765364646911621094e+00) (0, -1.56857118606567382812e+01) (1, 2.34067106246948242188e+00) (2, 2.14774775505065917969e+00) (3, -3.15248274803161621094e+00) (4, -2.62018656730651855469e+00) (5, -5.47884702682495117188e+00) (6, 1.07940053939819335938e+01) (7, 6.14888477325439453125e+00) (8, -4.78090763092041015625e+00) (9, -1.69285464286804199219e+00) (10, 7.02322864532470703125e+00) (11, 9.60942993164062500000e+02) (12, 1.60574455261230468750e+01) (13, 1.50000000000000000000e+03) (14, -1.00994815826416015625e+01) (10, 6.71489477157592773438e+00) (11, 1.06663769531250000000e+03) (12, 1.94899826049804687500e+01) (13, 2.28130149841308593750e+01) (14, -1.23705263137817382812e+01) (15, 1.27675518393516540527e-01) (16, 2.39762926101684570312e+00) (17, -1.65597605705261230469e+00) 
