FANN_FLO_2.1
num_layers=3
learning_rate=0.400000
connection_rate=1.000000
network_type=0
learning_momentum=0.000000
training_algorithm=2
train_error_function=1
train_stop_function=0
cascade_output_change_fraction=0.010000
quickprop_decay=-0.000100
quickprop_mu=1.750000
rprop_increase_factor=1.200000
rprop_decrease_factor=0.500000
rprop_delta_min=0.000000
rprop_delta_max=50.000000
rprop_delta_zero=0.100000
cascade_output_stagnation_epochs=12
cascade_candidate_change_fraction=0.010000
cascade_candidate_stagnation_epochs=12
cascade_max_out_epochs=150
cascade_min_out_epochs=50
cascade_max_cand_epochs=150
cascade_min_cand_epochs=50
cascade_num_candidate_groups=2
bit_fail_limit=3.49999994039535522461e-01
cascade_candidate_limit=1.00000000000000000000e+03
cascade_weight_multiplier=4.00000005960464477539e-01
cascade_activation_functions_count=10
cascade_activation_functions=3 5 7 8 10 11 14 15 16 17 
cascade_activation_steepnesses_count=4
cascade_activation_steepnesses=2.50000000000000000000e-01 5.00000000000000000000e-01 7.50000000000000000000e-01 1.00000000000000000000e+00 
layer_sizes=7 5 2 
scale_included=0
neurons (num_inputs, activation_function, activation_steepness)=(0, 0, 0.00000000000000000000e+00) (0, 0, 0.00000000000000000000e+00) (0, 0, 0.00000000000000000000e+00) (0, 0, 0.00000000000000000000e+00) (0, 0, 0.00000000000000000000e+00) (0, 0, 0.00000000000000000000e+00) (0, 0, 0.00000000000000000000e+00) (7, 3, 5.00000000000000000000e-01) (7, 3, 5.00000000000000000000e-01) (7, 3, 5.00000000000000000000e-01) (7, 3, 5.00000000000000000000e-01) (0, 3, 0.00000000000000000000e+00) (5, 3, 5.00000000000000000000e-01) (0, 3, 0.00000000000000000000e+00) 
connections (connected_to_neuron, weight)=(0, -6.66320037841796875000e+00) (1, -1.37300431728363037109e+00) (2, -2.90291929244995117188e+00) (3, 1.11340045928955078125e+00) (4, 3.03207921981811523438e+00) (5, 3.02135968208312988281e+00) (6, -1.47203993797302246094e+00) (0, 5.20870113372802734375e+00) (1, -1.10965132713317871094e+00) (2, -2.93462491035461425781e+00) (3, 2.88075357675552368164e-01) (4, 5.37520051002502441406e-01) (5, 4.32932233810424804688e+00) (6, -4.52717542648315429688e+00) (0, -5.01512169837951660156e-01) (1, -5.04935121536254882812e+00) (2, -6.86074256896972656250e-01) (3, -6.39077854156494140625e+00) (4, -2.47756838798522949219e+00) (5, 1.86329135894775390625e+01) (6, 1.19073820114135742188e+00) (0, 5.72396707534790039062e+00) (1, 3.04319930076599121094e+00) (2, -4.30676937103271484375e+00) (3, -1.10394973754882812500e+01) (4, 4.31019687652587890625e+00) (5, 8.90773296356201171875e-01) (6, 4.60291957855224609375e+00) (7, 3.01564240455627441406e+00) (8, 2.24059915542602539062e+00) (9, -2.01792311668395996094e+00) (10, -1.15768313407897949219e+00) (11, 1.18875086307525634766e+00) 
