FANN_FLO_2.1
num_layers=4
learning_rate=0.500000
connection_rate=1.000000
network_type=0
learning_momentum=0.000000
training_algorithm=2
train_error_function=1
train_stop_function=0
cascade_output_change_fraction=0.010000
quickprop_decay=-0.000100
quickprop_mu=1.750000
rprop_increase_factor=1.200000
rprop_decrease_factor=0.500000
rprop_delta_min=0.000000
rprop_delta_max=50.000000
rprop_delta_zero=0.100000
cascade_output_stagnation_epochs=12
cascade_candidate_change_fraction=0.010000
cascade_candidate_stagnation_epochs=12
cascade_max_out_epochs=150
cascade_min_out_epochs=50
cascade_max_cand_epochs=150
cascade_min_cand_epochs=50
cascade_num_candidate_groups=2
bit_fail_limit=3.49999994039535522461e-01
cascade_candidate_limit=1.00000000000000000000e+03
cascade_weight_multiplier=4.00000005960464477539e-01
cascade_activation_functions_count=10
cascade_activation_functions=3 5 7 8 10 11 14 15 16 17 
cascade_activation_steepnesses_count=4
cascade_activation_steepnesses=2.50000000000000000000e-01 5.00000000000000000000e-01 7.50000000000000000000e-01 1.00000000000000000000e+00 
layer_sizes=10 5 3 2 
scale_included=0
neurons (num_inputs, activation_function, activation_steepness)=(0, 0, 0.00000000000000000000e+00) (0, 0, 0.00000000000000000000e+00) (0, 0, 0.00000000000000000000e+00) (0, 0, 0.00000000000000000000e+00) (0, 0, 0.00000000000000000000e+00) (0, 0, 0.00000000000000000000e+00) (0, 0, 0.00000000000000000000e+00) (0, 0, 0.00000000000000000000e+00) (0, 0, 0.00000000000000000000e+00) (0, 0, 0.00000000000000000000e+00) (10, 3, 5.00000000000000000000e-01) (10, 3, 5.00000000000000000000e-01) (10, 3, 5.00000000000000000000e-01) (10, 3, 5.00000000000000000000e-01) (0, 3, 0.00000000000000000000e+00) (5, 3, 5.00000000000000000000e-01) (5, 3, 5.00000000000000000000e-01) (0, 3, 0.00000000000000000000e+00) (3, 3, 5.00000000000000000000e-01) (0, 3, 0.00000000000000000000e+00) 
connections (connected_to_neuron, weight)=(0, -9.55504655838012695312e-01) (1, 1.50847828388214111328e+00) (2, -1.60750408172607421875e+01) (3, 5.65763998031616210938e+00) (4, 1.33282303810119628906e+00) (5, -9.88634967803955078125e+00) (6, 1.97601051330566406250e+01) (7, 3.11452174186706542969e+00) (8, -2.25955724716186523438e+00) (9, -7.64223337173461914062e-01) (0, 4.88232485949993133545e-02) (1, 2.56157565116882324219e+00) (2, 5.36500263214111328125e+00) (3, -3.15957236289978027344e+00) (4, 1.40822696685791015625e+00) (5, 8.70603471994400024414e-02) (6, -5.94640827178955078125e+00) (7, -4.46204870939254760742e-01) (8, -9.34151268005371093750e+00) (9, 2.19726872444152832031e+00) (0, -1.38116493821144104004e-01) (1, 6.18815135955810546875e+00) (2, 1.30798559188842773438e+01) (3, -1.75688073039054870605e-01) (4, 2.01304435729980468750e+00) (5, 1.07092130184173583984e+00) (6, -1.21506252288818359375e+01) (7, -8.55028915405273437500e+00) (8, -7.21015882492065429688e+00) (9, 1.55807510018348693848e-01) (0, 8.70630681514739990234e-01) (1, 5.08738470077514648438e+00) (2, 1.19977436065673828125e+01) (3, -5.75734913349151611328e-01) (4, -1.40393555164337158203e-01) (5, 7.81699180603027343750e-01) (6, -2.28414802551269531250e+01) (7, -9.10951709747314453125e+00) (8, -2.89814782142639160156e+00) (9, 6.37618184089660644531e-01) (10, -1.43795394897460937500e+01) (11, 4.75770854949951171875e+00) (12, -5.73864030838012695312e+00) (13, -1.07450199127197265625e+01) (14, 6.25862312316894531250e+00) (10, 1.48720970153808593750e+01) (11, 5.44410419464111328125e+00) (12, -3.77848601341247558594e+00) (13, 1.09493737792968750000e+03) (14, -8.04775047302246093750e+00) (15, -2.71080732345581054688e+00) (16, 1.56981945037841796875e+00) (17, -6.87936425209045410156e-01) 
