FANN_FLO_2.1
num_layers=4
learning_rate=0.500000
connection_rate=1.000000
network_type=0
learning_momentum=0.000000
training_algorithm=2
train_error_function=1
train_stop_function=0
cascade_output_change_fraction=0.010000
quickprop_decay=-0.000100
quickprop_mu=1.750000
rprop_increase_factor=1.200000
rprop_decrease_factor=0.500000
rprop_delta_min=0.000000
rprop_delta_max=50.000000
rprop_delta_zero=0.100000
cascade_output_stagnation_epochs=12
cascade_candidate_change_fraction=0.010000
cascade_candidate_stagnation_epochs=12
cascade_max_out_epochs=150
cascade_min_out_epochs=50
cascade_max_cand_epochs=150
cascade_min_cand_epochs=50
cascade_num_candidate_groups=2
bit_fail_limit=3.49999994039535522461e-01
cascade_candidate_limit=1.00000000000000000000e+03
cascade_weight_multiplier=4.00000005960464477539e-01
cascade_activation_functions_count=10
cascade_activation_functions=3 5 7 8 10 11 14 15 16 17 
cascade_activation_steepnesses_count=4
cascade_activation_steepnesses=2.50000000000000000000e-01 5.00000000000000000000e-01 7.50000000000000000000e-01 1.00000000000000000000e+00 
layer_sizes=2 5 5 3 
scale_included=0
neurons (num_inputs, activation_function, activation_steepness)=(0, 0, 0.00000000000000000000e+00) (0, 0, 0.00000000000000000000e+00) (2, 3, 5.00000000000000000000e-01) (2, 3, 5.00000000000000000000e-01) (2, 3, 5.00000000000000000000e-01) (2, 3, 5.00000000000000000000e-01) (0, 3, 0.00000000000000000000e+00) (5, 3, 5.00000000000000000000e-01) (5, 3, 5.00000000000000000000e-01) (5, 3, 5.00000000000000000000e-01) (5, 3, 5.00000000000000000000e-01) (0, 3, 0.00000000000000000000e+00) (5, 0, 5.00000000000000000000e-01) (5, 0, 5.00000000000000000000e-01) (0, 0, 0.00000000000000000000e+00) 
connections (connected_to_neuron, weight)=(0, -9.88320732116699218750e+00) (1, 4.72635746002197265625e-01) (0, 2.71380748748779296875e+01) (1, 2.28278207778930664062e+00) (0, -7.76751518249511718750e+00) (1, 9.81177568435668945312e-01) (0, 3.50538015365600585938e+00) (1, -6.66870975494384765625e+00) (2, 6.73709011077880859375e+00) (3, 3.42882156372070312500e-01) (4, 6.40838563442230224609e-01) (5, 1.00200295448303222656e+00) (6, 4.12732660770416259766e-01) (2, -2.86388897895812988281e+00) (3, 1.17116403579711914062e+00) (4, -8.49584579467773437500e+00) (5, -1.78067169189453125000e+02) (6, 1.34392654895782470703e+00) (2, -8.42342567443847656250e+00) (3, 4.89679050445556640625e+00) (4, -2.21951723098754882812e+00) (5, -7.53033599853515625000e+01) (6, -3.85919868946075439453e-01) (2, 2.94334964752197265625e+01) (3, 2.75196880102157592773e-01) (4, -2.94194908142089843750e+01) (5, 2.18878462910652160645e-02) (6, 1.09514725208282470703e+00) (7, -4.82867896556854248047e-01) (8, -7.23795294761657714844e-01) (9, -1.63189756870269775391e+00) (10, 4.23644447326660156250e+00) (11, 3.03756128996610641479e-02) (7, 1.11684238910675048828e+00) (8, -3.45273828506469726562e+00) (9, -9.43120181560516357422e-01) (10, -1.26497220993041992188e+00) (11, 1.10728502273559570312e+00) 
