FANN_FLO_2.1
num_layers=4
learning_rate=0.400000
connection_rate=1.000000
network_type=0
learning_momentum=0.000000
training_algorithm=2
train_error_function=1
train_stop_function=0
cascade_output_change_fraction=0.010000
quickprop_decay=-0.000100
quickprop_mu=1.750000
rprop_increase_factor=1.200000
rprop_decrease_factor=0.500000
rprop_delta_min=0.000000
rprop_delta_max=50.000000
rprop_delta_zero=0.100000
cascade_output_stagnation_epochs=12
cascade_candidate_change_fraction=0.010000
cascade_candidate_stagnation_epochs=12
cascade_max_out_epochs=150
cascade_min_out_epochs=50
cascade_max_cand_epochs=150
cascade_min_cand_epochs=50
cascade_num_candidate_groups=2
bit_fail_limit=3.49999994039535522461e-01
cascade_candidate_limit=1.00000000000000000000e+03
cascade_weight_multiplier=4.00000005960464477539e-01
cascade_activation_functions_count=10
cascade_activation_functions=3 5 7 8 10 11 14 15 16 17 
cascade_activation_steepnesses_count=4
cascade_activation_steepnesses=2.50000000000000000000e-01 5.00000000000000000000e-01 7.50000000000000000000e-01 1.00000000000000000000e+00 
layer_sizes=7 5 5 2 
scale_included=0
neurons (num_inputs, activation_function, activation_steepness)=(0, 0, 0.00000000000000000000e+00) (0, 0, 0.00000000000000000000e+00) (0, 0, 0.00000000000000000000e+00) (0, 0, 0.00000000000000000000e+00) (0, 0, 0.00000000000000000000e+00) (0, 0, 0.00000000000000000000e+00) (0, 0, 0.00000000000000000000e+00) (7, 3, 5.00000000000000000000e-01) (7, 3, 5.00000000000000000000e-01) (7, 3, 5.00000000000000000000e-01) (7, 3, 5.00000000000000000000e-01) (0, 3, 0.00000000000000000000e+00) (5, 3, 5.00000000000000000000e-01) (5, 3, 5.00000000000000000000e-01) (5, 3, 5.00000000000000000000e-01) (5, 3, 5.00000000000000000000e-01) (0, 3, 0.00000000000000000000e+00) (5, 3, 5.00000000000000000000e-01) (0, 3, 0.00000000000000000000e+00) 
connections (connected_to_neuron, weight)=(0, 5.71507930755615234375e+00) (1, -2.81746053695678710938e+00) (2, -2.34626541137695312500e+01) (3, -4.67709589004516601562e+00) (4, 3.91944551467895507812e+00) (5, 3.24052190780639648438e+00) (6, -6.12491226196289062500e+00) (0, 3.02870821952819824219e+00) (1, -7.78885412216186523438e+00) (2, 1.08019828796386718750e+01) (3, -2.11442589759826660156e+00) (4, -3.27970671653747558594e+00) (5, 4.25647163391113281250e+00) (6, 1.09211742877960205078e+00) (0, -1.49222399902343750000e+03) (1, -1.50000000000000000000e+03) (2, -1.50000000000000000000e+03) (3, -2.71565485000610351562e+00) (4, -1.50000000000000000000e+03) (5, -1.36652465820312500000e+03) (6, 7.14358448982238769531e-01) (0, -9.13911151885986328125e+00) (1, 7.07542181015014648438e+00) (2, -6.02398157119750976562e-01) (3, -2.35260128974914550781e+00) (4, -1.50979220867156982422e+00) (5, -1.49659228515625000000e+03) (6, 1.44777119159698486328e+00) (7, 8.41503810882568359375e+00) (8, 2.38161230087280273438e+00) (9, 1.50000000000000000000e+03) (10, 6.42676973342895507812e+00) (11, -2.91755104064941406250e+00) (7, 1.19268155097961425781e+00) (8, 2.83884286880493164062e+00) (9, 1.50000000000000000000e+03) (10, 2.36524829864501953125e+01) (11, -1.48438894748687744141e+00) (7, 2.67029786109924316406e+00) (8, -1.07545948028564453125e+01) (9, 1.50000000000000000000e+03) (10, 8.13763332366943359375e+00) (11, -2.22686600685119628906e+00) (7, -5.03454875946044921875e+00) (8, 8.86595821380615234375e+00) (9, 1.50000000000000000000e+03) (10, -1.59332120418548583984e+00) (11, -2.04631757736206054688e+00) (12, -1.89565312862396240234e+00) (13, -9.52438890933990478516e-01) (14, -3.11615061759948730469e+00) (15, -1.50598597526550292969e+00) (16, -3.51986497640609741211e-01) 
