FANN_FLO_2.1
num_layers=4
learning_rate=0.500000
connection_rate=1.000000
network_type=0
learning_momentum=0.000000
training_algorithm=2
train_error_function=1
train_stop_function=0
cascade_output_change_fraction=0.010000
quickprop_decay=-0.000100
quickprop_mu=1.750000
rprop_increase_factor=1.200000
rprop_decrease_factor=0.500000
rprop_delta_min=0.000000
rprop_delta_max=50.000000
rprop_delta_zero=0.100000
cascade_output_stagnation_epochs=12
cascade_candidate_change_fraction=0.010000
cascade_candidate_stagnation_epochs=12
cascade_max_out_epochs=150
cascade_min_out_epochs=50
cascade_max_cand_epochs=150
cascade_min_cand_epochs=50
cascade_num_candidate_groups=2
bit_fail_limit=3.49999994039535522461e-01
cascade_candidate_limit=1.00000000000000000000e+03
cascade_weight_multiplier=4.00000005960464477539e-01
cascade_activation_functions_count=10
cascade_activation_functions=3 5 7 8 10 11 14 15 16 17 
cascade_activation_steepnesses_count=4
cascade_activation_steepnesses=2.50000000000000000000e-01 5.00000000000000000000e-01 7.50000000000000000000e-01 1.00000000000000000000e+00 
layer_sizes=10 5 3 2 
scale_included=0
neurons (num_inputs, activation_function, activation_steepness)=(0, 0, 0.00000000000000000000e+00) (0, 0, 0.00000000000000000000e+00) (0, 0, 0.00000000000000000000e+00) (0, 0, 0.00000000000000000000e+00) (0, 0, 0.00000000000000000000e+00) (0, 0, 0.00000000000000000000e+00) (0, 0, 0.00000000000000000000e+00) (0, 0, 0.00000000000000000000e+00) (0, 0, 0.00000000000000000000e+00) (0, 0, 0.00000000000000000000e+00) (10, 3, 5.00000000000000000000e-01) (10, 3, 5.00000000000000000000e-01) (10, 3, 5.00000000000000000000e-01) (10, 3, 5.00000000000000000000e-01) (0, 3, 0.00000000000000000000e+00) (5, 3, 5.00000000000000000000e-01) (5, 3, 5.00000000000000000000e-01) (0, 3, 0.00000000000000000000e+00) (3, 3, 5.00000000000000000000e-01) (0, 3, 0.00000000000000000000e+00) 
connections (connected_to_neuron, weight)=(0, -2.57479953765869140625e+00) (1, -8.75864446163177490234e-01) (2, 7.77213478088378906250e+00) (3, 1.30626702308654785156e+00) (4, -7.15018320083618164062e+00) (5, -8.57788085937500000000e-01) (6, 7.91899621486663818359e-01) (7, 1.23087167739868164062e+00) (8, 5.14739179611206054688e+00) (9, -1.65126192569732666016e+00) (0, -7.58541631698608398438e+00) (1, 3.32876658439636230469e+00) (2, -6.36628675460815429688e+00) (3, -7.74807453155517578125e-01) (4, 2.60214376449584960938e+00) (5, 8.56436061859130859375e+00) (6, -2.18595552444458007812e+00) (7, -1.64651858806610107422e+00) (8, -2.40845203399658203125e+00) (9, 2.48334240913391113281e+00) (0, -4.25519466400146484375e+00) (1, -1.10664880275726318359e+00) (2, 9.16642570495605468750e+00) (3, 2.14740824699401855469e+00) (4, -6.14410400390625000000e+00) (5, -4.49549436569213867188e-01) (6, 1.24950349330902099609e+00) (7, 1.47695052623748779297e+00) (8, 5.02410364151000976562e+00) (9, -3.13506174087524414062e+00) (0, -1.12369079589843750000e+01) (1, 2.84061121940612792969e+00) (2, -2.98761010169982910156e-01) (3, -4.27742123603820800781e-01) (4, 2.37177467346191406250e+00) (5, 9.42574596405029296875e+00) (6, -8.21930313110351562500e+00) (7, -2.10132002830505371094e+00) (8, -3.07729572057723999023e-01) (9, 1.99969780445098876953e+00) (10, -3.99614620208740234375e+00) (11, 6.97206258773803710938e+00) (12, -7.46542215347290039062e+00) (13, 6.14607191085815429688e+00) (14, 2.15681600570678710938e+00) (10, -3.96380019187927246094e+00) (11, 6.41873025894165039062e+00) (12, -6.89062404632568359375e+00) (13, 6.44393587112426757812e+00) (14, 1.79228818416595458984e+00) (15, 1.51708531379699707031e+00) (16, 1.12677562236785888672e+00) (17, -1.76391541957855224609e+00) 
