FANN_FLO_2.1
num_layers=3
learning_rate=0.400000
connection_rate=1.000000
network_type=0
learning_momentum=0.000000
training_algorithm=2
train_error_function=1
train_stop_function=0
cascade_output_change_fraction=0.010000
quickprop_decay=-0.000100
quickprop_mu=1.750000
rprop_increase_factor=1.200000
rprop_decrease_factor=0.500000
rprop_delta_min=0.000000
rprop_delta_max=50.000000
rprop_delta_zero=0.100000
cascade_output_stagnation_epochs=12
cascade_candidate_change_fraction=0.010000
cascade_candidate_stagnation_epochs=12
cascade_max_out_epochs=150
cascade_min_out_epochs=50
cascade_max_cand_epochs=150
cascade_min_cand_epochs=50
cascade_num_candidate_groups=2
bit_fail_limit=3.49999994039535522461e-01
cascade_candidate_limit=1.00000000000000000000e+03
cascade_weight_multiplier=4.00000005960464477539e-01
cascade_activation_functions_count=10
cascade_activation_functions=3 5 7 8 10 11 14 15 16 17 
cascade_activation_steepnesses_count=4
cascade_activation_steepnesses=2.50000000000000000000e-01 5.00000000000000000000e-01 7.50000000000000000000e-01 1.00000000000000000000e+00 
layer_sizes=19 3 3 
scale_included=0
neurons (num_inputs, activation_function, activation_steepness)=(0, 0, 0.00000000000000000000e+00) (0, 0, 0.00000000000000000000e+00) (0, 0, 0.00000000000000000000e+00) (0, 0, 0.00000000000000000000e+00) (0, 0, 0.00000000000000000000e+00) (0, 0, 0.00000000000000000000e+00) (0, 0, 0.00000000000000000000e+00) (0, 0, 0.00000000000000000000e+00) (0, 0, 0.00000000000000000000e+00) (0, 0, 0.00000000000000000000e+00) (0, 0, 0.00000000000000000000e+00) (0, 0, 0.00000000000000000000e+00) (0, 0, 0.00000000000000000000e+00) (0, 0, 0.00000000000000000000e+00) (0, 0, 0.00000000000000000000e+00) (0, 0, 0.00000000000000000000e+00) (0, 0, 0.00000000000000000000e+00) (0, 0, 0.00000000000000000000e+00) (0, 0, 0.00000000000000000000e+00) (19, 3, 5.00000000000000000000e-01) (19, 3, 5.00000000000000000000e-01) (0, 3, 0.00000000000000000000e+00) (3, 3, 5.00000000000000000000e-01) (3, 3, 5.00000000000000000000e-01) (0, 3, 0.00000000000000000000e+00) 
connections (connected_to_neuron, weight)=(0, 1.84112091064453125000e+01) (1, -4.79113626480102539062e+00) (2, -2.23994278907775878906e+00) (3, 6.97041797637939453125e+00) (4, 1.52926254272460937500e+00) (5, 1.71983480453491210938e+00) (6, 4.30623245239257812500e+00) (7, -2.15842685699462890625e+01) (8, 6.19939613342285156250e+00) (9, 8.13284492492675781250e+00) (10, -5.08198642730712890625e+00) (11, -9.60767650604248046875e+00) (12, 6.69970607757568359375e+00) (13, -6.54780960083007812500e+00) (14, 4.67282056808471679688e-01) (15, -1.23660593032836914062e+01) (16, 5.77591609954833984375e+00) (17, 1.26298666000366210938e+00) (18, 1.91829276084899902344e+00) (0, -6.96359729766845703125e+00) (1, 2.27394795417785644531e+00) (2, -5.01129817962646484375e+00) (3, 5.99010896682739257812e+00) (4, -7.68605518341064453125e+00) (5, -6.88363313674926757812e+00) (6, -1.47062289714813232422e+00) (7, -2.74908602237701416016e-01) (8, 7.30706501007080078125e+00) (9, 3.50131225585937500000e+00) (10, -3.62952065467834472656e+00) (11, 1.95845830440521240234e+00) (12, -5.14340209960937500000e+00) (13, 6.99195146560668945312e+00) (14, 9.42506599426269531250e+00) (15, 8.31602287292480468750e+00) (16, -9.46622371673583984375e+00) (17, -9.25627708435058593750e+00) (18, 1.50863971710205078125e+01) (19, -4.81857210397720336914e-01) (20, -9.40236330032348632812e-01) (21, 5.36926925182342529297e-01) (19, 4.82481956481933593750e-01) (20, 9.39863741397857666016e-01) (21, -5.36440074443817138672e-01) 
