FANN_FLO_2.1
num_layers=4
learning_rate=0.400000
connection_rate=1.000000
network_type=0
learning_momentum=0.000000
training_algorithm=2
train_error_function=1
train_stop_function=0
cascade_output_change_fraction=0.010000
quickprop_decay=-0.000100
quickprop_mu=1.750000
rprop_increase_factor=1.200000
rprop_decrease_factor=0.500000
rprop_delta_min=0.000000
rprop_delta_max=50.000000
rprop_delta_zero=0.100000
cascade_output_stagnation_epochs=12
cascade_candidate_change_fraction=0.010000
cascade_candidate_stagnation_epochs=12
cascade_max_out_epochs=150
cascade_min_out_epochs=50
cascade_max_cand_epochs=150
cascade_min_cand_epochs=50
cascade_num_candidate_groups=2
bit_fail_limit=3.49999994039535522461e-01
cascade_candidate_limit=1.00000000000000000000e+03
cascade_weight_multiplier=4.00000005960464477539e-01
cascade_activation_functions_count=10
cascade_activation_functions=3 5 7 8 10 11 14 15 16 17 
cascade_activation_steepnesses_count=4
cascade_activation_steepnesses=2.50000000000000000000e-01 5.00000000000000000000e-01 7.50000000000000000000e-01 1.00000000000000000000e+00 
layer_sizes=7 5 5 2 
scale_included=0
neurons (num_inputs, activation_function, activation_steepness)=(0, 0, 0.00000000000000000000e+00) (0, 0, 0.00000000000000000000e+00) (0, 0, 0.00000000000000000000e+00) (0, 0, 0.00000000000000000000e+00) (0, 0, 0.00000000000000000000e+00) (0, 0, 0.00000000000000000000e+00) (0, 0, 0.00000000000000000000e+00) (7, 3, 5.00000000000000000000e-01) (7, 3, 5.00000000000000000000e-01) (7, 3, 5.00000000000000000000e-01) (7, 3, 5.00000000000000000000e-01) (0, 3, 0.00000000000000000000e+00) (5, 3, 5.00000000000000000000e-01) (5, 3, 5.00000000000000000000e-01) (5, 3, 5.00000000000000000000e-01) (5, 3, 5.00000000000000000000e-01) (0, 3, 0.00000000000000000000e+00) (5, 3, 5.00000000000000000000e-01) (0, 3, 0.00000000000000000000e+00) 
connections (connected_to_neuron, weight)=(0, -6.02404403686523437500e+00) (1, 4.81362724304199218750e+00) (2, -2.86290812492370605469e+00) (3, -1.80015933513641357422e+00) (4, -7.55695462226867675781e-01) (5, -5.74424123764038085938e+00) (6, 1.52215480804443359375e+00) (0, -1.19024324417114257812e+00) (1, -3.42658805847167968750e+00) (2, 5.19674015045166015625e+00) (3, -6.65186405181884765625e+00) (4, -4.10276269912719726562e+00) (5, 1.01394329071044921875e+01) (6, -6.22576773166656494141e-01) (0, -1.41053405761718750000e+03) (1, 1.36899743652343750000e+03) (2, -1.34424841308593750000e+03) (3, 1.47661926269531250000e+03) (4, -1.98673950195312500000e+02) (5, 1.12886734008789062500e+01) (6, -7.12834060192108154297e-01) (0, -1.49092858886718750000e+03) (1, 2.77218383789062500000e+02) (2, -2.11480804443359375000e+02) (3, -1.47528527832031250000e+03) (4, -1.50000000000000000000e+03) (5, 1.46417541503906250000e+03) (6, 5.79688251018524169922e-01) (7, 6.42856645584106445312e+00) (8, 2.58386969566345214844e+00) (9, -2.92453244328498840332e-02) (10, -1.05977430939674377441e-01) (11, -3.04014849662780761719e+00) (7, -3.07372927665710449219e+00) (8, 4.35228967666625976562e+00) (9, -5.08839294433593750000e+02) (10, 2.39900994300842285156e+00) (11, -2.82053613662719726562e+00) (7, 6.32144212722778320312e+00) (8, 1.59245719909667968750e+01) (9, -1.74646764993667602539e-01) (10, -1.10968008041381835938e+01) (11, -1.80231821537017822266e+00) (7, 8.71532058715820312500e+00) (8, -2.87591827392578125000e+02) (9, 5.00834106445312500000e+02) (10, -2.05473205566406250000e+02) (11, -3.10572648048400878906e+00) (12, -3.37099194526672363281e+00) (13, -2.70835185050964355469e+00) (14, -1.08394467830657958984e+00) (15, -2.12907031178474426270e-01) (16, -4.51044350862503051758e-01) 
