FANN_FLO_2.1
num_layers=4
learning_rate=0.500000
connection_rate=1.000000
network_type=0
learning_momentum=0.000000
training_algorithm=2
train_error_function=1
train_stop_function=0
cascade_output_change_fraction=0.010000
quickprop_decay=-0.000100
quickprop_mu=1.750000
rprop_increase_factor=1.200000
rprop_decrease_factor=0.500000
rprop_delta_min=0.000000
rprop_delta_max=50.000000
rprop_delta_zero=0.100000
cascade_output_stagnation_epochs=12
cascade_candidate_change_fraction=0.010000
cascade_candidate_stagnation_epochs=12
cascade_max_out_epochs=150
cascade_min_out_epochs=50
cascade_max_cand_epochs=150
cascade_min_cand_epochs=50
cascade_num_candidate_groups=2
bit_fail_limit=3.49999994039535522461e-01
cascade_candidate_limit=1.00000000000000000000e+03
cascade_weight_multiplier=4.00000005960464477539e-01
cascade_activation_functions_count=10
cascade_activation_functions=3 5 7 8 10 11 14 15 16 17 
cascade_activation_steepnesses_count=4
cascade_activation_steepnesses=2.50000000000000000000e-01 5.00000000000000000000e-01 7.50000000000000000000e-01 1.00000000000000000000e+00 
layer_sizes=2 5 5 3 
scale_included=0
neurons (num_inputs, activation_function, activation_steepness)=(0, 0, 0.00000000000000000000e+00) (0, 0, 0.00000000000000000000e+00) (2, 3, 5.00000000000000000000e-01) (2, 3, 5.00000000000000000000e-01) (2, 3, 5.00000000000000000000e-01) (2, 3, 5.00000000000000000000e-01) (0, 3, 0.00000000000000000000e+00) (5, 3, 5.00000000000000000000e-01) (5, 3, 5.00000000000000000000e-01) (5, 3, 5.00000000000000000000e-01) (5, 3, 5.00000000000000000000e-01) (0, 3, 0.00000000000000000000e+00) (5, 0, 5.00000000000000000000e-01) (5, 0, 5.00000000000000000000e-01) (0, 0, 0.00000000000000000000e+00) 
connections (connected_to_neuron, weight)=(0, 1.50000000000000000000e+03) (1, -3.68151435852050781250e+01) (0, 1.50000000000000000000e+03) (1, 5.80105552673339843750e+01) (0, 1.50000000000000000000e+03) (1, 6.86260620117187500000e+02) (0, 1.50000000000000000000e+03) (1, 6.85725585937500000000e+02) (2, 4.34694647789001464844e-01) (3, -3.38588213920593261719e+00) (4, -1.15200865268707275391e+00) (5, 3.76138508319854736328e-01) (6, 3.45666813850402832031e+00) (2, -1.00385307312011718750e+02) (3, -9.83154220581054687500e+01) (4, 8.11776855468750000000e+02) (5, 7.40250244140625000000e+02) (6, 1.70718565583229064941e-01) (2, -9.53401611328125000000e+02) (3, -1.39001635742187500000e+03) (4, -1.39001635742187500000e+03) (5, -1.39001635742187500000e+03) (6, -3.61756384372711181641e-01) (2, -1.32653832435607910156e+00) (3, -1.56993210315704345703e+00) (4, -5.44207668304443359375e+00) (5, 1.15809450149536132812e+01) (6, -3.49978184700012207031e+00) (7, -4.02437877655029296875e+00) (8, -7.75705218315124511719e-01) (9, 1.50000000000000000000e+03) (10, 3.04573631286621093750e+00) (11, -1.84509649872779846191e-01) (7, -7.63484430313110351562e+00) (8, 1.31710731983184814453e+00) (9, 1.50000000000000000000e+03) (10, 4.04130935668945312500e+00) (11, 2.22082570195198059082e-01) 
