FANN_FLO_2.1
num_layers=3
learning_rate=0.400000
connection_rate=1.000000
network_type=0
learning_momentum=0.000000
training_algorithm=2
train_error_function=1
train_stop_function=0
cascade_output_change_fraction=0.010000
quickprop_decay=-0.000100
quickprop_mu=1.750000
rprop_increase_factor=1.200000
rprop_decrease_factor=0.500000
rprop_delta_min=0.000000
rprop_delta_max=50.000000
rprop_delta_zero=0.100000
cascade_output_stagnation_epochs=12
cascade_candidate_change_fraction=0.010000
cascade_candidate_stagnation_epochs=12
cascade_max_out_epochs=150
cascade_min_out_epochs=50
cascade_max_cand_epochs=150
cascade_min_cand_epochs=50
cascade_num_candidate_groups=2
bit_fail_limit=3.49999994039535522461e-01
cascade_candidate_limit=1.00000000000000000000e+03
cascade_weight_multiplier=4.00000005960464477539e-01
cascade_activation_functions_count=10
cascade_activation_functions=3 5 7 8 10 11 14 15 16 17 
cascade_activation_steepnesses_count=4
cascade_activation_steepnesses=2.50000000000000000000e-01 5.00000000000000000000e-01 7.50000000000000000000e-01 1.00000000000000000000e+00 
layer_sizes=19 3 3 
scale_included=0
neurons (num_inputs, activation_function, activation_steepness)=(0, 0, 0.00000000000000000000e+00) (0, 0, 0.00000000000000000000e+00) (0, 0, 0.00000000000000000000e+00) (0, 0, 0.00000000000000000000e+00) (0, 0, 0.00000000000000000000e+00) (0, 0, 0.00000000000000000000e+00) (0, 0, 0.00000000000000000000e+00) (0, 0, 0.00000000000000000000e+00) (0, 0, 0.00000000000000000000e+00) (0, 0, 0.00000000000000000000e+00) (0, 0, 0.00000000000000000000e+00) (0, 0, 0.00000000000000000000e+00) (0, 0, 0.00000000000000000000e+00) (0, 0, 0.00000000000000000000e+00) (0, 0, 0.00000000000000000000e+00) (0, 0, 0.00000000000000000000e+00) (0, 0, 0.00000000000000000000e+00) (0, 0, 0.00000000000000000000e+00) (0, 0, 0.00000000000000000000e+00) (19, 3, 5.00000000000000000000e-01) (19, 3, 5.00000000000000000000e-01) (0, 3, 0.00000000000000000000e+00) (3, 3, 5.00000000000000000000e-01) (3, 3, 5.00000000000000000000e-01) (0, 3, 0.00000000000000000000e+00) 
connections (connected_to_neuron, weight)=(0, 4.78668069839477539062e+00) (1, 3.72139602899551391602e-01) (2, -2.79513478279113769531e-01) (3, 1.15160369873046875000e+01) (4, -4.21437931060791015625e+00) (5, -4.44859027862548828125e+00) (6, 2.27846574783325195312e+00) (7, -2.51134848594665527344e+00) (8, -6.03372859954833984375e+00) (9, -8.51462936401367187500e+00) (10, -5.49679026007652282715e-02) (11, -9.57020372152328491211e-02) (12, -9.50585651397705078125e+00) (13, -2.22409439086914062500e+00) (14, -7.49290466308593750000e-01) (15, -7.56619071960449218750e+00) (16, -1.51366424560546875000e+00) (17, 1.56259238719940185547e+00) (18, 7.66040086746215820312e+00) (0, -5.52052164077758789062e+00) (1, 1.17766940593719482422e+00) (2, -3.99433970451354980469e-01) (3, -1.44615411758422851562e+01) (4, 2.20151162147521972656e+00) (5, 9.10015010833740234375e+00) (6, -7.59796428680419921875e+00) (7, -2.83283996582031250000e+00) (8, 1.82960176467895507812e+00) (9, 4.66739416122436523438e+00) (10, 1.82352316379547119141e+00) (11, -5.39770305156707763672e-01) (12, 9.78355979919433593750e+00) (13, -1.80384230613708496094e+00) (14, -1.90063095092773437500e+00) (15, 7.11966896057128906250e+00) (16, 5.27186453342437744141e-01) (17, -3.03749227523803710938e+00) (18, -5.11185407638549804688e+00) (19, -1.20010495185852050781e+00) (20, -1.06110751628875732422e+00) (21, -2.47990414500236511230e-02) (19, 1.20309972763061523438e+00) (20, 1.05690646171569824219e+00) (21, 2.60262768715620040894e-02) 
