FANN_FLO_2.1
num_layers=4
learning_rate=0.500000
connection_rate=1.000000
network_type=0
learning_momentum=0.000000
training_algorithm=2
train_error_function=1
train_stop_function=0
cascade_output_change_fraction=0.010000
quickprop_decay=-0.000100
quickprop_mu=1.750000
rprop_increase_factor=1.200000
rprop_decrease_factor=0.500000
rprop_delta_min=0.000000
rprop_delta_max=50.000000
rprop_delta_zero=0.100000
cascade_output_stagnation_epochs=12
cascade_candidate_change_fraction=0.010000
cascade_candidate_stagnation_epochs=12
cascade_max_out_epochs=150
cascade_min_out_epochs=50
cascade_max_cand_epochs=150
cascade_min_cand_epochs=50
cascade_num_candidate_groups=2
bit_fail_limit=3.49999994039535522461e-01
cascade_candidate_limit=1.00000000000000000000e+03
cascade_weight_multiplier=4.00000005960464477539e-01
cascade_activation_functions_count=10
cascade_activation_functions=3 5 7 8 10 11 14 15 16 17 
cascade_activation_steepnesses_count=4
cascade_activation_steepnesses=2.50000000000000000000e-01 5.00000000000000000000e-01 7.50000000000000000000e-01 1.00000000000000000000e+00 
layer_sizes=2 5 5 3 
scale_included=0
neurons (num_inputs, activation_function, activation_steepness)=(0, 0, 0.00000000000000000000e+00) (0, 0, 0.00000000000000000000e+00) (2, 3, 5.00000000000000000000e-01) (2, 3, 5.00000000000000000000e-01) (2, 3, 5.00000000000000000000e-01) (2, 3, 5.00000000000000000000e-01) (0, 3, 0.00000000000000000000e+00) (5, 3, 5.00000000000000000000e-01) (5, 3, 5.00000000000000000000e-01) (5, 3, 5.00000000000000000000e-01) (5, 3, 5.00000000000000000000e-01) (0, 3, 0.00000000000000000000e+00) (5, 0, 5.00000000000000000000e-01) (5, 0, 5.00000000000000000000e-01) (0, 0, 0.00000000000000000000e+00) 
connections (connected_to_neuron, weight)=(0, 1.48524074554443359375e+01) (1, -4.53715085983276367188e+00) (0, 1.45043802261352539062e+01) (1, -1.62243926525115966797e+00) (0, 1.13433303833007812500e+01) (1, -6.12137603759765625000e+00) (0, 1.10025253295898437500e+01) (1, -3.62832474708557128906e+00) (2, -2.54541301727294921875e+00) (3, -7.01438188552856445312e-02) (4, -1.16612160205841064453e+00) (5, -7.31303572654724121094e-01) (6, 5.84641814231872558594e-01) (2, -1.50947260856628417969e+00) (3, -1.66646659374237060547e+00) (4, -9.62480187416076660156e-01) (5, -1.48775315284729003906e+00) (6, 5.40811419486999511719e-01) (2, -1.40037453174591064453e+00) (3, -8.00153076648712158203e-01) (4, -2.36822509765625000000e+00) (5, -1.38340008258819580078e+00) (6, 4.17145878076553344727e-01) (2, -5.98048400878906250000e+00) (3, 5.97409868240356445312e+00) (4, -5.55361461639404296875e+00) (5, 1.80746996402740478516e+00) (6, -1.13600909709930419922e+00) (7, -1.08194366097450256348e-01) (8, 1.06599509716033935547e+00) (9, 6.90437972545623779297e-01) (10, -2.77986192703247070312e+00) (11, 3.49812000989913940430e-01) (7, 2.37946343421936035156e+00) (8, 2.33381390571594238281e+00) (9, 2.38390135765075683594e+00) (10, 7.17392683029174804688e-01) (11, -2.42753982543945312500e+00) 
