FANN_FLO_2.1
num_layers=3
learning_rate=0.400000
connection_rate=1.000000
network_type=0
learning_momentum=0.000000
training_algorithm=2
train_error_function=1
train_stop_function=0
cascade_output_change_fraction=0.010000
quickprop_decay=-0.000100
quickprop_mu=1.750000
rprop_increase_factor=1.200000
rprop_decrease_factor=0.500000
rprop_delta_min=0.000000
rprop_delta_max=50.000000
rprop_delta_zero=0.100000
cascade_output_stagnation_epochs=12
cascade_candidate_change_fraction=0.010000
cascade_candidate_stagnation_epochs=12
cascade_max_out_epochs=150
cascade_min_out_epochs=50
cascade_max_cand_epochs=150
cascade_min_cand_epochs=50
cascade_num_candidate_groups=2
bit_fail_limit=3.49999994039535522461e-01
cascade_candidate_limit=1.00000000000000000000e+03
cascade_weight_multiplier=4.00000005960464477539e-01
cascade_activation_functions_count=10
cascade_activation_functions=3 5 7 8 10 11 14 15 16 17 
cascade_activation_steepnesses_count=4
cascade_activation_steepnesses=2.50000000000000000000e-01 5.00000000000000000000e-01 7.50000000000000000000e-01 1.00000000000000000000e+00 
layer_sizes=7 9 2 
scale_included=0
neurons (num_inputs, activation_function, activation_steepness)=(0, 0, 0.00000000000000000000e+00) (0, 0, 0.00000000000000000000e+00) (0, 0, 0.00000000000000000000e+00) (0, 0, 0.00000000000000000000e+00) (0, 0, 0.00000000000000000000e+00) (0, 0, 0.00000000000000000000e+00) (0, 0, 0.00000000000000000000e+00) (7, 3, 5.00000000000000000000e-01) (7, 3, 5.00000000000000000000e-01) (7, 3, 5.00000000000000000000e-01) (7, 3, 5.00000000000000000000e-01) (7, 3, 5.00000000000000000000e-01) (7, 3, 5.00000000000000000000e-01) (7, 3, 5.00000000000000000000e-01) (7, 3, 5.00000000000000000000e-01) (0, 3, 0.00000000000000000000e+00) (9, 3, 5.00000000000000000000e-01) (0, 3, 0.00000000000000000000e+00) 
connections (connected_to_neuron, weight)=(0, -3.59856700897216796875e+00) (1, 5.04712402820587158203e-01) (2, -5.92607402801513671875e+00) (3, -9.32580769062042236328e-01) (4, -5.43137609958648681641e-01) (5, 1.40526831150054931641e+00) (6, 5.81868124008178710938e+00) (0, -2.53263258934020996094e+00) (1, -2.33520817756652832031e+00) (2, -1.79737830162048339844e+00) (3, 3.53031420707702636719e+00) (4, 1.28011465072631835938e+00) (5, -1.21493719518184661865e-01) (6, -2.50416040420532226562e+00) (0, -2.21644163131713867188e+00) (1, -5.79807615280151367188e+00) (2, -2.24366211891174316406e+00) (3, -1.79031682014465332031e+00) (4, 2.43396711349487304688e+00) (5, 3.63949918746948242188e+00) (6, -1.01338171958923339844e+00) (0, -1.15801572799682617188e+00) (1, -1.79563450813293457031e+00) (2, -4.43533849716186523438e+00) (3, 2.78267359733581542969e+00) (4, -1.03357565402984619141e+00) (5, 1.09925718307495117188e+01) (6, -4.94594240188598632812e+00) (0, -4.23823451995849609375e+00) (1, -1.59345245361328125000e+00) (2, 8.81435811519622802734e-01) (3, 6.83406162261962890625e+00) (4, -2.85202194936573505402e-03) (5, -1.77867984771728515625e+00) (6, -3.67584037780761718750e+00) (0, 6.34631335735321044922e-01) (1, 5.60802280902862548828e-01) (2, -6.16633653640747070312e+00) (3, 8.40964078903198242188e-01) (4, -1.00819933414459228516e+00) (5, 2.83713722229003906250e+00) (6, 3.99126553535461425781e+00) (0, -2.80636668205261230469e+00) (1, -1.79569399356842041016e+00) (2, 4.72378396987915039062e+00) (3, 2.04252243041992187500e+00) (4, 9.02492618560791015625e+00) (5, -1.67896423339843750000e+01) (6, -2.20154792070388793945e-01) (0, 1.27267980575561523438e+01) (1, 3.94541621208190917969e+00) (2, 3.22719841003417968750e+01) (3, -1.19274911880493164062e+01) (4, -4.03065729141235351562e+00) (5, -1.87108743190765380859e+00) (6, 4.00354290008544921875e+00) (7, -7.65565097332000732422e-01) (8, 2.73709058761596679688e+00) (9, 2.28340435028076171875e+00) (10, 2.10729932785034179688e+00) (11, 1.66701519489288330078e+00) (12, -7.97601878643035888672e-01) (13, 1.78668069839477539062e+00) (14, -8.15876424312591552734e-01) (15, -2.33960166573524475098e-01) 
