FANN_FLO_2.1
num_layers=4
learning_rate=0.500000
connection_rate=1.000000
network_type=0
learning_momentum=0.000000
training_algorithm=2
train_error_function=1
train_stop_function=0
cascade_output_change_fraction=0.010000
quickprop_decay=-0.000100
quickprop_mu=1.750000
rprop_increase_factor=1.200000
rprop_decrease_factor=0.500000
rprop_delta_min=0.000000
rprop_delta_max=50.000000
rprop_delta_zero=0.100000
cascade_output_stagnation_epochs=12
cascade_candidate_change_fraction=0.010000
cascade_candidate_stagnation_epochs=12
cascade_max_out_epochs=150
cascade_min_out_epochs=50
cascade_max_cand_epochs=150
cascade_min_cand_epochs=50
cascade_num_candidate_groups=2
bit_fail_limit=3.49999994039535522461e-01
cascade_candidate_limit=1.00000000000000000000e+03
cascade_weight_multiplier=4.00000005960464477539e-01
cascade_activation_functions_count=10
cascade_activation_functions=3 5 7 8 10 11 14 15 16 17 
cascade_activation_steepnesses_count=4
cascade_activation_steepnesses=2.50000000000000000000e-01 5.00000000000000000000e-01 7.50000000000000000000e-01 1.00000000000000000000e+00 
layer_sizes=10 3 3 2 
scale_included=0
neurons (num_inputs, activation_function, activation_steepness)=(0, 0, 0.00000000000000000000e+00) (0, 0, 0.00000000000000000000e+00) (0, 0, 0.00000000000000000000e+00) (0, 0, 0.00000000000000000000e+00) (0, 0, 0.00000000000000000000e+00) (0, 0, 0.00000000000000000000e+00) (0, 0, 0.00000000000000000000e+00) (0, 0, 0.00000000000000000000e+00) (0, 0, 0.00000000000000000000e+00) (0, 0, 0.00000000000000000000e+00) (10, 3, 5.00000000000000000000e-01) (10, 3, 5.00000000000000000000e-01) (0, 3, 0.00000000000000000000e+00) (3, 3, 5.00000000000000000000e-01) (3, 3, 5.00000000000000000000e-01) (0, 3, 0.00000000000000000000e+00) (3, 3, 5.00000000000000000000e-01) (0, 3, 0.00000000000000000000e+00) 
connections (connected_to_neuron, weight)=(0, -4.83906221389770507812e+00) (1, -1.75466966629028320312e+00) (2, -1.15939702987670898438e+01) (3, -2.19346594810485839844e+00) (4, -3.50997209548950195312e+00) (5, 3.51588582992553710938e+00) (6, 7.83195376396179199219e-01) (7, -3.97067999839782714844e+00) (8, -1.60667552947998046875e+01) (9, 1.52669048309326171875e+01) (0, -1.07260217666625976562e+01) (1, -2.37860989570617675781e+00) (2, -2.68486332893371582031e+00) (3, -6.67582929134368896484e-01) (4, 3.58477401733398437500e+00) (5, 1.58839416503906250000e+00) (6, 1.59361869096755981445e-01) (7, -1.44741697311401367188e+01) (8, -3.24240612983703613281e+00) (9, 1.04647789001464843750e+01) (10, 1.50000000000000000000e+03) (11, 1.50000000000000000000e+03) (12, -1.00478057861328125000e+02) (10, 1.50000000000000000000e+03) (11, 1.50000000000000000000e+03) (12, -1.04970798492431640625e+01) (13, 1.27842628955841064453e+00) (14, 2.56980800628662109375e+00) (15, -2.99503016471862792969e+00) 
