FANN_FLO_2.1
num_layers=4
learning_rate=0.500000
connection_rate=1.000000
network_type=0
learning_momentum=0.000000
training_algorithm=2
train_error_function=1
train_stop_function=0
cascade_output_change_fraction=0.010000
quickprop_decay=-0.000100
quickprop_mu=1.750000
rprop_increase_factor=1.200000
rprop_decrease_factor=0.500000
rprop_delta_min=0.000000
rprop_delta_max=50.000000
rprop_delta_zero=0.100000
cascade_output_stagnation_epochs=12
cascade_candidate_change_fraction=0.010000
cascade_candidate_stagnation_epochs=12
cascade_max_out_epochs=150
cascade_min_out_epochs=50
cascade_max_cand_epochs=150
cascade_min_cand_epochs=50
cascade_num_candidate_groups=2
bit_fail_limit=3.49999994039535522461e-01
cascade_candidate_limit=1.00000000000000000000e+03
cascade_weight_multiplier=4.00000005960464477539e-01
cascade_activation_functions_count=10
cascade_activation_functions=3 5 7 8 10 11 14 15 16 17 
cascade_activation_steepnesses_count=4
cascade_activation_steepnesses=2.50000000000000000000e-01 5.00000000000000000000e-01 7.50000000000000000000e-01 1.00000000000000000000e+00 
layer_sizes=2 5 3 3 
scale_included=0
neurons (num_inputs, activation_function, activation_steepness)=(0, 0, 0.00000000000000000000e+00) (0, 0, 0.00000000000000000000e+00) (2, 3, 5.00000000000000000000e-01) (2, 3, 5.00000000000000000000e-01) (2, 3, 5.00000000000000000000e-01) (2, 3, 5.00000000000000000000e-01) (0, 3, 0.00000000000000000000e+00) (5, 3, 5.00000000000000000000e-01) (5, 3, 5.00000000000000000000e-01) (0, 3, 0.00000000000000000000e+00) (3, 0, 5.00000000000000000000e-01) (3, 0, 5.00000000000000000000e-01) (0, 0, 0.00000000000000000000e+00) 
connections (connected_to_neuron, weight)=(0, 1.82289180755615234375e+01) (1, -5.03375387191772460938e+00) (0, 1.95124530792236328125e+01) (1, -8.62058448791503906250e+00) (0, 2.06582412719726562500e+01) (1, -3.89850711822509765625e+00) (0, 2.31465301513671875000e+01) (1, -4.57923269271850585938e+00) (2, -5.49143493175506591797e-01) (3, -4.19694519042968750000e+00) (4, -1.82918131351470947266e-01) (5, -1.24748551845550537109e+00) (6, 1.34147822856903076172e+00) (2, -5.54019975662231445312e+00) (3, -2.28610134124755859375e+00) (4, 3.32487907409667968750e+01) (5, -2.66249179840087890625e+01) (6, -1.25638633966445922852e-01) (7, 1.22407841682434082031e+00) (8, -3.91781949996948242188e+00) (9, 1.19279646873474121094e+00) (7, 5.44853830337524414062e+00) (8, -9.25063371658325195312e-01) (9, -1.77721619606018066406e+00) 
