FANN_FLO_2.1
num_layers=3
learning_rate=0.500000
connection_rate=1.000000
network_type=0
learning_momentum=0.000000
training_algorithm=2
train_error_function=1
train_stop_function=0
cascade_output_change_fraction=0.010000
quickprop_decay=-0.000100
quickprop_mu=1.750000
rprop_increase_factor=1.200000
rprop_decrease_factor=0.500000
rprop_delta_min=0.000000
rprop_delta_max=50.000000
rprop_delta_zero=0.100000
cascade_output_stagnation_epochs=12
cascade_candidate_change_fraction=0.010000
cascade_candidate_stagnation_epochs=12
cascade_max_out_epochs=150
cascade_min_out_epochs=50
cascade_max_cand_epochs=150
cascade_min_cand_epochs=50
cascade_num_candidate_groups=2
bit_fail_limit=3.49999994039535522461e-01
cascade_candidate_limit=1.00000000000000000000e+03
cascade_weight_multiplier=4.00000005960464477539e-01
cascade_activation_functions_count=10
cascade_activation_functions=3 5 7 8 10 11 14 15 16 17 
cascade_activation_steepnesses_count=4
cascade_activation_steepnesses=2.50000000000000000000e-01 5.00000000000000000000e-01 7.50000000000000000000e-01 1.00000000000000000000e+00 
layer_sizes=10 5 2 
scale_included=0
neurons (num_inputs, activation_function, activation_steepness)=(0, 0, 0.00000000000000000000e+00) (0, 0, 0.00000000000000000000e+00) (0, 0, 0.00000000000000000000e+00) (0, 0, 0.00000000000000000000e+00) (0, 0, 0.00000000000000000000e+00) (0, 0, 0.00000000000000000000e+00) (0, 0, 0.00000000000000000000e+00) (0, 0, 0.00000000000000000000e+00) (0, 0, 0.00000000000000000000e+00) (0, 0, 0.00000000000000000000e+00) (10, 3, 5.00000000000000000000e-01) (10, 3, 5.00000000000000000000e-01) (10, 3, 5.00000000000000000000e-01) (10, 3, 5.00000000000000000000e-01) (0, 3, 0.00000000000000000000e+00) (5, 3, 5.00000000000000000000e-01) (0, 3, 0.00000000000000000000e+00) 
connections (connected_to_neuron, weight)=(0, -3.51914525032043457031e+00) (1, 1.58966512680053710938e+01) (2, 1.47034001350402832031e+00) (3, 1.78583264350891113281e-01) (4, 1.34229683876037597656e+00) (5, 1.23340725898742675781e+00) (6, -3.61884570121765136719e+00) (7, -1.45395593643188476562e+01) (8, -3.68682074546813964844e+00) (9, -4.55687522888183593750e-01) (0, 4.26695632934570312500e+00) (1, 1.86574590206146240234e+00) (2, 3.70851635932922363281e+00) (3, 1.31265306472778320312e+00) (4, 1.89714324474334716797e+00) (5, -5.38234710693359375000e+00) (6, -1.01588792800903320312e+01) (7, -1.11765365600585937500e+01) (8, 7.68951654434204101562e-01) (9, 1.59558379650115966797e+00) (0, -1.57895631790161132812e+01) (1, -4.20932434499263763428e-02) (2, 6.29795532226562500000e+02) (3, 1.84658646583557128906e+00) (4, 6.24081153869628906250e+01) (5, 1.11720180511474609375e+01) (6, -4.60085678100585937500e+00) (7, -1.26074714660644531250e+02) (8, 5.51035463809967041016e-01) (9, -3.22492485046386718750e+01) (0, -2.75340485572814941406e+00) (1, 3.68672966957092285156e+00) (2, 1.18509697914123535156e+00) (3, -1.96092653274536132812e+00) (4, -2.94085454940795898438e+00) (5, 1.31963074207305908203e+00) (6, -1.50000000000000000000e+03) (7, -4.51676893234252929688e+00) (8, -2.82815742492675781250e+00) (9, 4.35370922088623046875e-01) (10, 3.48553943634033203125e+00) (11, -2.51785445213317871094e+00) (12, -2.51210713386535644531e+00) (13, 2.47201561927795410156e+00) (14, 8.94204139709472656250e-01) 
