FANN_FLO_2.1
num_layers=4
learning_rate=0.500000
connection_rate=1.000000
network_type=0
learning_momentum=0.000000
training_algorithm=2
train_error_function=1
train_stop_function=0
cascade_output_change_fraction=0.010000
quickprop_decay=-0.000100
quickprop_mu=1.750000
rprop_increase_factor=1.200000
rprop_decrease_factor=0.500000
rprop_delta_min=0.000000
rprop_delta_max=50.000000
rprop_delta_zero=0.100000
cascade_output_stagnation_epochs=12
cascade_candidate_change_fraction=0.010000
cascade_candidate_stagnation_epochs=12
cascade_max_out_epochs=150
cascade_min_out_epochs=50
cascade_max_cand_epochs=150
cascade_min_cand_epochs=50
cascade_num_candidate_groups=2
bit_fail_limit=3.49999994039535522461e-01
cascade_candidate_limit=1.00000000000000000000e+03
cascade_weight_multiplier=4.00000005960464477539e-01
cascade_activation_functions_count=10
cascade_activation_functions=3 5 7 8 10 11 14 15 16 17 
cascade_activation_steepnesses_count=4
cascade_activation_steepnesses=2.50000000000000000000e-01 5.00000000000000000000e-01 7.50000000000000000000e-01 1.00000000000000000000e+00 
layer_sizes=10 5 3 2 
scale_included=0
neurons (num_inputs, activation_function, activation_steepness)=(0, 0, 0.00000000000000000000e+00) (0, 0, 0.00000000000000000000e+00) (0, 0, 0.00000000000000000000e+00) (0, 0, 0.00000000000000000000e+00) (0, 0, 0.00000000000000000000e+00) (0, 0, 0.00000000000000000000e+00) (0, 0, 0.00000000000000000000e+00) (0, 0, 0.00000000000000000000e+00) (0, 0, 0.00000000000000000000e+00) (0, 0, 0.00000000000000000000e+00) (10, 3, 5.00000000000000000000e-01) (10, 3, 5.00000000000000000000e-01) (10, 3, 5.00000000000000000000e-01) (10, 3, 5.00000000000000000000e-01) (0, 3, 0.00000000000000000000e+00) (5, 3, 5.00000000000000000000e-01) (5, 3, 5.00000000000000000000e-01) (0, 3, 0.00000000000000000000e+00) (3, 3, 5.00000000000000000000e-01) (0, 3, 0.00000000000000000000e+00) 
connections (connected_to_neuron, weight)=(0, -5.21166229248046875000e+00) (1, -9.96542256325483322144e-03) (2, -8.55764806270599365234e-01) (3, 1.80905473232269287109e+00) (4, 8.34578096866607666016e-01) (5, 6.40205335617065429688e+00) (6, 8.77907395362854003906e-01) (7, 7.93126523494720458984e-01) (8, -9.95214271545410156250e+00) (9, 2.81630098819732666016e-01) (0, -5.09545183181762695312e+00) (1, 1.38732686638832092285e-01) (2, -4.10474777221679687500e+00) (3, 2.45079994201660156250e+00) (4, 1.94557690620422363281e+00) (5, 6.75803089141845703125e+00) (6, 8.68835389614105224609e-01) (7, 1.00969135761260986328e+00) (8, -1.01682806015014648438e+01) (9, -4.04416829347610473633e-01) (0, -1.75217235088348388672e+00) (1, 5.85197210311889648438e-01) (2, 2.11182260513305664062e+00) (3, 2.01573991775512695312e+00) (4, 1.17137694358825683594e+00) (5, 6.11614274978637695312e+00) (6, -2.50447559356689453125e+00) (7, 3.27250766754150390625e+00) (8, -1.26662139892578125000e+01) (9, 5.44447839260101318359e-01) (0, -1.02128680419921875000e+03) (1, -5.51847219467163085938e+00) (2, -1.90823764801025390625e+01) (3, -2.24032802581787109375e+01) (4, -2.09470062255859375000e+01) (5, -9.61718654632568359375e+00) (6, 1.35391357421875000000e+03) (7, -3.34783363342285156250e+01) (8, 3.00341453552246093750e+01) (9, 2.23220329284667968750e+01) (10, -8.02948284149169921875e+00) (11, -3.41013183593750000000e+01) (12, -1.35772838592529296875e+01) (13, 6.87336921691894531250e+00) (14, 4.98928308486938476562e+00) (10, 3.14951419830322265625e+00) (11, 8.95812194824218750000e+02) (12, 3.38710165023803710938e+00) (13, -5.21043090820312500000e+01) (14, -2.08711695671081542969e+00) (15, -1.46356081962585449219e+00) (16, 8.94389152526855468750e-01) (17, -2.45754495263099670410e-02) 
