FANN_FLO_2.1
num_layers=3
learning_rate=0.400000
connection_rate=1.000000
network_type=0
learning_momentum=0.000000
training_algorithm=2
train_error_function=1
train_stop_function=0
cascade_output_change_fraction=0.010000
quickprop_decay=-0.000100
quickprop_mu=1.750000
rprop_increase_factor=1.200000
rprop_decrease_factor=0.500000
rprop_delta_min=0.000000
rprop_delta_max=50.000000
rprop_delta_zero=0.100000
cascade_output_stagnation_epochs=12
cascade_candidate_change_fraction=0.010000
cascade_candidate_stagnation_epochs=12
cascade_max_out_epochs=150
cascade_min_out_epochs=50
cascade_max_cand_epochs=150
cascade_min_cand_epochs=50
cascade_num_candidate_groups=2
bit_fail_limit=3.49999994039535522461e-01
cascade_candidate_limit=1.00000000000000000000e+03
cascade_weight_multiplier=4.00000005960464477539e-01
cascade_activation_functions_count=10
cascade_activation_functions=3 5 7 8 10 11 14 15 16 17 
cascade_activation_steepnesses_count=4
cascade_activation_steepnesses=2.50000000000000000000e-01 5.00000000000000000000e-01 7.50000000000000000000e-01 1.00000000000000000000e+00 
layer_sizes=7 9 2 
scale_included=0
neurons (num_inputs, activation_function, activation_steepness)=(0, 0, 0.00000000000000000000e+00) (0, 0, 0.00000000000000000000e+00) (0, 0, 0.00000000000000000000e+00) (0, 0, 0.00000000000000000000e+00) (0, 0, 0.00000000000000000000e+00) (0, 0, 0.00000000000000000000e+00) (0, 0, 0.00000000000000000000e+00) (7, 3, 5.00000000000000000000e-01) (7, 3, 5.00000000000000000000e-01) (7, 3, 5.00000000000000000000e-01) (7, 3, 5.00000000000000000000e-01) (7, 3, 5.00000000000000000000e-01) (7, 3, 5.00000000000000000000e-01) (7, 3, 5.00000000000000000000e-01) (7, 3, 5.00000000000000000000e-01) (0, 3, 0.00000000000000000000e+00) (9, 3, 5.00000000000000000000e-01) (0, 3, 0.00000000000000000000e+00) 
connections (connected_to_neuron, weight)=(0, 3.72359901666641235352e-01) (1, -3.32942247390747070312e+00) (2, 5.44306945800781250000e+00) (3, -1.82141280174255371094e+00) (4, -5.50928525626659393311e-03) (5, 3.08319163322448730469e+00) (6, -1.53265309333801269531e+00) (0, -1.30870103836059570312e+00) (1, -4.06984567642211914062e+00) (2, 3.99709892272949218750e+00) (3, -3.91317296028137207031e+00) (4, -1.26507556438446044922e+00) (5, 7.37864017486572265625e-01) (6, 6.91019630432128906250e+00) (0, 1.78899466991424560547e-01) (1, 5.88790833950042724609e-01) (2, -2.94513726234436035156e+00) (3, -3.34130692481994628906e+00) (4, -1.14210498332977294922e+00) (5, 2.24451470375061035156e+00) (6, -1.31905984878540039062e+00) (0, -1.36900913715362548828e+00) (1, -4.77127313613891601562e+00) (2, -3.35872149467468261719e+00) (3, -2.70452189445495605469e+00) (4, -1.31101369857788085938e+00) (5, -3.70236515998840332031e-01) (6, 7.50104856491088867188e+00) (0, 3.08717370033264160156e+00) (1, -5.62127685546875000000e+00) (2, -4.89831066131591796875e+00) (3, -6.77556800842285156250e+00) (4, -2.67254638671875000000e+00) (5, 8.60424804687500000000e+00) (6, -2.92052936553955078125e+00) (0, -7.82121515274047851562e+00) (1, 7.16240358352661132812e+00) (2, -2.36019778251647949219e+00) (3, -1.66635584831237792969e+00) (4, -8.71758401393890380859e-01) (5, -4.65538139343261718750e+01) (6, -4.42722141742706298828e-01) (0, -3.74301910400390625000e+00) (1, -1.98018512725830078125e+01) (2, -4.62062263488769531250e+00) (3, 4.96867418289184570312e-01) (4, 2.75438249111175537109e-01) (5, 9.54496479034423828125e+00) (6, 8.10503304004669189453e-01) (0, 7.65512323379516601562e+00) (1, -3.08710843324661254883e-01) (2, -1.26143276691436767578e+00) (3, -3.20852470397949218750e+00) (4, -1.20368754863739013672e+00) (5, 3.02833056449890136719e+00) (6, -6.42967081069946289062e+00) (7, -2.52575588226318359375e+00) (8, -4.46881026029586791992e-01) (9, 7.71153879165649414062e+00) (10, -7.68055796623229980469e-01) (11, -3.39430570602416992188e+00) (12, -1.31120796203613281250e+01) (13, -1.69200778007507324219e+00) (14, -4.19497919082641601562e+00) (15, -2.31297165155410766602e-01) 
