FANN_FLO_2.1
num_layers=3
learning_rate=0.400000
connection_rate=1.000000
network_type=0
learning_momentum=0.000000
training_algorithm=2
train_error_function=1
train_stop_function=0
cascade_output_change_fraction=0.010000
quickprop_decay=-0.000100
quickprop_mu=1.750000
rprop_increase_factor=1.200000
rprop_decrease_factor=0.500000
rprop_delta_min=0.000000
rprop_delta_max=50.000000
rprop_delta_zero=0.100000
cascade_output_stagnation_epochs=12
cascade_candidate_change_fraction=0.010000
cascade_candidate_stagnation_epochs=12
cascade_max_out_epochs=150
cascade_min_out_epochs=50
cascade_max_cand_epochs=150
cascade_min_cand_epochs=50
cascade_num_candidate_groups=2
bit_fail_limit=3.49999994039535522461e-01
cascade_candidate_limit=1.00000000000000000000e+03
cascade_weight_multiplier=4.00000005960464477539e-01
cascade_activation_functions_count=10
cascade_activation_functions=3 5 7 8 10 11 14 15 16 17 
cascade_activation_steepnesses_count=4
cascade_activation_steepnesses=2.50000000000000000000e-01 5.00000000000000000000e-01 7.50000000000000000000e-01 1.00000000000000000000e+00 
layer_sizes=7 9 2 
scale_included=0
neurons (num_inputs, activation_function, activation_steepness)=(0, 0, 0.00000000000000000000e+00) (0, 0, 0.00000000000000000000e+00) (0, 0, 0.00000000000000000000e+00) (0, 0, 0.00000000000000000000e+00) (0, 0, 0.00000000000000000000e+00) (0, 0, 0.00000000000000000000e+00) (0, 0, 0.00000000000000000000e+00) (7, 3, 5.00000000000000000000e-01) (7, 3, 5.00000000000000000000e-01) (7, 3, 5.00000000000000000000e-01) (7, 3, 5.00000000000000000000e-01) (7, 3, 5.00000000000000000000e-01) (7, 3, 5.00000000000000000000e-01) (7, 3, 5.00000000000000000000e-01) (7, 3, 5.00000000000000000000e-01) (0, 3, 0.00000000000000000000e+00) (9, 3, 5.00000000000000000000e-01) (0, 3, 0.00000000000000000000e+00) 
connections (connected_to_neuron, weight)=(0, -5.99574708938598632812e+00) (1, 5.31498622894287109375e+00) (2, 1.30393266677856445312e+00) (3, -1.95720112323760986328e+00) (4, -8.60942959785461425781e-01) (5, -6.11243629455566406250e+00) (6, 3.73247802257537841797e-01) (0, -5.85189640522003173828e-01) (1, 1.11640065908432006836e-01) (2, 1.84099185466766357422e+00) (3, -1.52297079563140869141e+00) (4, -4.22950029373168945312e-01) (5, -2.00612854957580566406e+00) (6, 5.16424715518951416016e-01) (0, -3.92239630222320556641e-01) (1, 1.52644479274749755859e+00) (2, 1.36109619140625000000e+01) (3, -2.94389033317565917969e+00) (4, -5.11430788040161132812e+00) (5, 1.91128861904144287109e+00) (6, 4.05749678611755371094e-01) (0, -2.66509830951690673828e-01) (1, -5.83480954170227050781e-01) (2, 4.23237180709838867188e+00) (3, -2.04190564155578613281e+00) (4, -7.42166042327880859375e-01) (5, 2.18210697174072265625e+00) (6, 3.18339377641677856445e-01) (0, -3.94784975051879882812e+00) (1, 2.93424099683761596680e-01) (2, -1.19717586040496826172e+00) (3, -3.82961273193359375000e+00) (4, -1.89050900936126708984e+00) (5, 4.86024707555770874023e-01) (6, 5.91901779174804687500e+00) (0, -2.63220369815826416016e-01) (1, -5.68907618522644042969e-01) (2, 4.12965488433837890625e+00) (3, -2.05145883560180664062e+00) (4, -7.70795166492462158203e-01) (5, 2.18088674545288085938e+00) (6, 3.26289415359497070312e-01) (0, 2.43329219520092010498e-02) (1, -1.27835249900817871094e+00) (2, -3.80546307563781738281e+00) (3, -6.36838769912719726562e+00) (4, 5.56643486022949218750e+00) (5, 1.87332487106323242188e+00) (6, -2.96905970573425292969e+00) (0, 2.39183979034423828125e+01) (1, -2.48889694213867187500e+01) (2, 1.72900819778442382812e+00) (3, -2.24866032600402832031e+00) (4, -2.04719257354736328125e+00) (5, -5.55186128616333007812e+00) (6, 7.27005672454833984375e+00) (7, -9.44410037994384765625e+00) (8, 1.02854204177856445312e+01) (9, -5.37060201168060302734e-01) (10, -5.57078123092651367188e-01) (11, -1.98016023635864257812e+00) (12, -3.56301844120025634766e-01) (13, -1.24048471450805664062e+00) (14, -2.48086524009704589844e+00) (15, 6.05514496564865112305e-02) 
