FANN_FLO_2.1
num_layers=3
learning_rate=0.400000
connection_rate=1.000000
network_type=0
learning_momentum=0.000000
training_algorithm=2
train_error_function=1
train_stop_function=0
cascade_output_change_fraction=0.010000
quickprop_decay=-0.000100
quickprop_mu=1.750000
rprop_increase_factor=1.200000
rprop_decrease_factor=0.500000
rprop_delta_min=0.000000
rprop_delta_max=50.000000
rprop_delta_zero=0.100000
cascade_output_stagnation_epochs=12
cascade_candidate_change_fraction=0.010000
cascade_candidate_stagnation_epochs=12
cascade_max_out_epochs=150
cascade_min_out_epochs=50
cascade_max_cand_epochs=150
cascade_min_cand_epochs=50
cascade_num_candidate_groups=2
bit_fail_limit=3.49999994039535522461e-01
cascade_candidate_limit=1.00000000000000000000e+03
cascade_weight_multiplier=4.00000005960464477539e-01
cascade_activation_functions_count=10
cascade_activation_functions=3 5 7 8 10 11 14 15 16 17 
cascade_activation_steepnesses_count=4
cascade_activation_steepnesses=2.50000000000000000000e-01 5.00000000000000000000e-01 7.50000000000000000000e-01 1.00000000000000000000e+00 
layer_sizes=19 3 3 
scale_included=0
neurons (num_inputs, activation_function, activation_steepness)=(0, 0, 0.00000000000000000000e+00) (0, 0, 0.00000000000000000000e+00) (0, 0, 0.00000000000000000000e+00) (0, 0, 0.00000000000000000000e+00) (0, 0, 0.00000000000000000000e+00) (0, 0, 0.00000000000000000000e+00) (0, 0, 0.00000000000000000000e+00) (0, 0, 0.00000000000000000000e+00) (0, 0, 0.00000000000000000000e+00) (0, 0, 0.00000000000000000000e+00) (0, 0, 0.00000000000000000000e+00) (0, 0, 0.00000000000000000000e+00) (0, 0, 0.00000000000000000000e+00) (0, 0, 0.00000000000000000000e+00) (0, 0, 0.00000000000000000000e+00) (0, 0, 0.00000000000000000000e+00) (0, 0, 0.00000000000000000000e+00) (0, 0, 0.00000000000000000000e+00) (0, 0, 0.00000000000000000000e+00) (19, 3, 5.00000000000000000000e-01) (19, 3, 5.00000000000000000000e-01) (0, 3, 0.00000000000000000000e+00) (3, 3, 5.00000000000000000000e-01) (3, 3, 5.00000000000000000000e-01) (0, 3, 0.00000000000000000000e+00) 
connections (connected_to_neuron, weight)=(0, -8.54194259643554687500e+00) (1, 8.68758440017700195312e-01) (2, 1.70262038707733154297e+00) (3, -5.40427017211914062500e+00) (4, -4.08922910690307617188e-01) (5, 2.58172559738159179688e+00) (6, -3.21864986419677734375e+00) (7, 6.42752587795257568359e-01) (8, 1.65527510643005371094e+00) (9, 4.41397333145141601562e+00) (10, 2.73300051689147949219e+00) (11, -3.71941179037094116211e-01) (12, 4.70296764373779296875e+00) (13, 1.16931986808776855469e+00) (14, -2.63908362388610839844e+00) (15, 4.00097751617431640625e+00) (16, -2.81200075149536132812e+00) (17, -2.59220838546752929688e+00) (18, -3.41749620437622070312e+00) (0, 2.41691589355468750000e+01) (1, -6.72675991058349609375e+00) (2, -4.21772241592407226562e+00) (3, 2.80217337608337402344e+00) (4, 1.25714480876922607422e+00) (5, -4.53261518478393554688e+00) (6, 4.37605953216552734375e+00) (7, 2.28911757469177246094e+00) (8, 2.40848794579505920410e-01) (9, -9.83336544036865234375e+00) (10, -6.25044775009155273438e+00) (11, -1.75230872631072998047e+00) (12, -4.67862319946289062500e+00) (13, -1.95164394378662109375e+00) (14, 2.16232204437255859375e+00) (15, -9.48263549804687500000e+00) (16, 1.34269180297851562500e+01) (17, 8.15672969818115234375e+00) (18, 5.21671533584594726562e-01) (19, -2.13051223754882812500e+00) (20, -1.40212225914001464844e+00) (21, 7.91800558567047119141e-01) (19, 2.12935757637023925781e+00) (20, 1.40103232860565185547e+00) (21, -7.90824532508850097656e-01) 
