FANN_FLO_2.1
num_layers=3
learning_rate=0.400000
connection_rate=1.000000
network_type=0
learning_momentum=0.000000
training_algorithm=2
train_error_function=1
train_stop_function=0
cascade_output_change_fraction=0.010000
quickprop_decay=-0.000100
quickprop_mu=1.750000
rprop_increase_factor=1.200000
rprop_decrease_factor=0.500000
rprop_delta_min=0.000000
rprop_delta_max=50.000000
rprop_delta_zero=0.100000
cascade_output_stagnation_epochs=12
cascade_candidate_change_fraction=0.010000
cascade_candidate_stagnation_epochs=12
cascade_max_out_epochs=150
cascade_min_out_epochs=50
cascade_max_cand_epochs=150
cascade_min_cand_epochs=50
cascade_num_candidate_groups=2
bit_fail_limit=3.49999994039535522461e-01
cascade_candidate_limit=1.00000000000000000000e+03
cascade_weight_multiplier=4.00000005960464477539e-01
cascade_activation_functions_count=10
cascade_activation_functions=3 5 7 8 10 11 14 15 16 17 
cascade_activation_steepnesses_count=4
cascade_activation_steepnesses=2.50000000000000000000e-01 5.00000000000000000000e-01 7.50000000000000000000e-01 1.00000000000000000000e+00 
layer_sizes=7 9 2 
scale_included=0
neurons (num_inputs, activation_function, activation_steepness)=(0, 0, 0.00000000000000000000e+00) (0, 0, 0.00000000000000000000e+00) (0, 0, 0.00000000000000000000e+00) (0, 0, 0.00000000000000000000e+00) (0, 0, 0.00000000000000000000e+00) (0, 0, 0.00000000000000000000e+00) (0, 0, 0.00000000000000000000e+00) (7, 3, 5.00000000000000000000e-01) (7, 3, 5.00000000000000000000e-01) (7, 3, 5.00000000000000000000e-01) (7, 3, 5.00000000000000000000e-01) (7, 3, 5.00000000000000000000e-01) (7, 3, 5.00000000000000000000e-01) (7, 3, 5.00000000000000000000e-01) (7, 3, 5.00000000000000000000e-01) (0, 3, 0.00000000000000000000e+00) (9, 3, 5.00000000000000000000e-01) (0, 3, 0.00000000000000000000e+00) 
connections (connected_to_neuron, weight)=(0, -6.02665281295776367188e+00) (1, -4.07120436429977416992e-01) (2, 5.77498006820678710938e+00) (3, 7.16499805450439453125e-01) (4, 1.75030660629272460938e+00) (5, -4.93263053894042968750e+00) (6, -1.79538637399673461914e-01) (0, -6.75516545772552490234e-01) (1, -9.63529869914054870605e-02) (2, -1.42286634445190429688e+00) (3, -1.08716356754302978516e+00) (4, -2.99163532257080078125e+00) (5, -6.09835922718048095703e-01) (6, 1.58726155757904052734e+00) (0, 1.47105658054351806641e+00) (1, -3.25707149505615234375e+00) (2, -1.90942430496215820312e+00) (3, 1.01624381542205810547e+00) (4, -3.15421247482299804688e+00) (5, 6.59864187240600585938e+00) (6, -1.40683639049530029297e+00) (0, -2.57211852073669433594e+00) (1, -3.41383337974548339844e-01) (2, 2.85375928878784179688e+00) (3, 4.96398627758026123047e-01) (4, 3.14657807350158691406e+00) (5, -9.11707782745361328125e+00) (6, -9.52093720436096191406e-01) (0, -3.52384018898010253906e+00) (1, -2.97821688652038574219e+00) (2, -1.57355713844299316406e+00) (3, 6.28612518310546875000e-01) (4, 2.13534331321716308594e+00) (5, 1.98801517486572265625e+00) (6, -1.04702341556549072266e+00) (0, -3.15623188018798828125e+00) (1, -1.83589124679565429688e+00) (2, -3.77994942665100097656e+00) (3, 6.59722685813903808594e-01) (4, 1.74747133255004882812e+00) (5, 1.47636711597442626953e+00) (6, -1.11037361621856689453e+00) (0, -9.92752456665039062500e+00) (1, -3.64180058240890502930e-01) (2, 4.13664627075195312500e+00) (3, 1.12373008728027343750e+01) (4, -3.57688355445861816406e+00) (5, -3.42984080314636230469e-01) (6, 1.78750097751617431641e+00) (0, 1.34427082538604736328e+00) (1, 5.58585345745086669922e-01) (2, -2.48483753204345703125e+00) (3, -9.64906692504882812500e+00) (4, -8.83724272251129150391e-01) (5, 8.75476837158203125000e+00) (6, 1.98709475994110107422e+00) (7, 1.29073894023895263672e+00) (8, -9.66163396835327148438e-01) (9, 2.86770081520080566406e+00) (10, 1.78988158702850341797e+00) (11, 2.26116847991943359375e+00) (12, 2.35129427909851074219e+00) (13, -1.95721065998077392578e+00) (14, -1.56059587001800537109e+00) (15, 1.30801391787827014923e-03) 
