FANN_FLO_2.1
num_layers=3
learning_rate=0.400000
connection_rate=1.000000
network_type=0
learning_momentum=0.000000
training_algorithm=2
train_error_function=1
train_stop_function=0
cascade_output_change_fraction=0.010000
quickprop_decay=-0.000100
quickprop_mu=1.750000
rprop_increase_factor=1.200000
rprop_decrease_factor=0.500000
rprop_delta_min=0.000000
rprop_delta_max=50.000000
rprop_delta_zero=0.100000
cascade_output_stagnation_epochs=12
cascade_candidate_change_fraction=0.010000
cascade_candidate_stagnation_epochs=12
cascade_max_out_epochs=150
cascade_min_out_epochs=50
cascade_max_cand_epochs=150
cascade_min_cand_epochs=50
cascade_num_candidate_groups=2
bit_fail_limit=3.49999994039535522461e-01
cascade_candidate_limit=1.00000000000000000000e+03
cascade_weight_multiplier=4.00000005960464477539e-01
cascade_activation_functions_count=10
cascade_activation_functions=3 5 7 8 10 11 14 15 16 17 
cascade_activation_steepnesses_count=4
cascade_activation_steepnesses=2.50000000000000000000e-01 5.00000000000000000000e-01 7.50000000000000000000e-01 1.00000000000000000000e+00 
layer_sizes=7 5 2 
scale_included=0
neurons (num_inputs, activation_function, activation_steepness)=(0, 0, 0.00000000000000000000e+00) (0, 0, 0.00000000000000000000e+00) (0, 0, 0.00000000000000000000e+00) (0, 0, 0.00000000000000000000e+00) (0, 0, 0.00000000000000000000e+00) (0, 0, 0.00000000000000000000e+00) (0, 0, 0.00000000000000000000e+00) (7, 3, 5.00000000000000000000e-01) (7, 3, 5.00000000000000000000e-01) (7, 3, 5.00000000000000000000e-01) (7, 3, 5.00000000000000000000e-01) (0, 3, 0.00000000000000000000e+00) (5, 3, 5.00000000000000000000e-01) (0, 3, 0.00000000000000000000e+00) 
connections (connected_to_neuron, weight)=(0, -5.50381135940551757812e+00) (1, 9.91700887680053710938e-01) (2, 4.47853851318359375000e+00) (3, -5.60438823699951171875e+00) (4, -2.44459557533264160156e+00) (5, 1.03820538520812988281e+00) (6, 2.69412064552307128906e+00) (0, -1.56629495620727539062e+01) (1, 1.37722396850585937500e+01) (2, -1.11579918861389160156e+00) (3, -1.92542088031768798828e+00) (4, -1.37207460403442382812e+00) (5, 6.09675025939941406250e+00) (6, 2.01321315765380859375e+00) (0, 7.98441982269287109375e+00) (1, -1.07756643295288085938e+01) (2, 6.25791454315185546875e+00) (3, -3.92331528663635253906e+00) (4, -1.07204437255859375000e+00) (5, -4.13190841674804687500e+00) (6, 7.07391595840454101562e+00) (0, -2.80685997009277343750e+00) (1, -5.92460513114929199219e-01) (2, -3.87291699647903442383e-01) (3, -9.44689369201660156250e+00) (4, -2.39189004898071289062e+00) (5, 4.04297924041748046875e+00) (6, 4.63272762298583984375e+00) (7, 3.06923127174377441406e+00) (8, -4.64797496795654296875e+00) (9, -4.94620943069458007812e+00) (10, -6.08959197998046875000e-01) (11, 3.49622178077697753906e+00) 
