FANN_FLO_2.1
num_layers=4
learning_rate=0.500000
connection_rate=1.000000
network_type=0
learning_momentum=0.000000
training_algorithm=2
train_error_function=1
train_stop_function=0
cascade_output_change_fraction=0.010000
quickprop_decay=-0.000100
quickprop_mu=1.750000
rprop_increase_factor=1.200000
rprop_decrease_factor=0.500000
rprop_delta_min=0.000000
rprop_delta_max=50.000000
rprop_delta_zero=0.100000
cascade_output_stagnation_epochs=12
cascade_candidate_change_fraction=0.010000
cascade_candidate_stagnation_epochs=12
cascade_max_out_epochs=150
cascade_min_out_epochs=50
cascade_max_cand_epochs=150
cascade_min_cand_epochs=50
cascade_num_candidate_groups=2
bit_fail_limit=3.49999994039535522461e-01
cascade_candidate_limit=1.00000000000000000000e+03
cascade_weight_multiplier=4.00000005960464477539e-01
cascade_activation_functions_count=10
cascade_activation_functions=3 5 7 8 10 11 14 15 16 17 
cascade_activation_steepnesses_count=4
cascade_activation_steepnesses=2.50000000000000000000e-01 5.00000000000000000000e-01 7.50000000000000000000e-01 1.00000000000000000000e+00 
layer_sizes=2 5 5 3 
scale_included=0
neurons (num_inputs, activation_function, activation_steepness)=(0, 0, 0.00000000000000000000e+00) (0, 0, 0.00000000000000000000e+00) (2, 3, 5.00000000000000000000e-01) (2, 3, 5.00000000000000000000e-01) (2, 3, 5.00000000000000000000e-01) (2, 3, 5.00000000000000000000e-01) (0, 3, 0.00000000000000000000e+00) (5, 3, 5.00000000000000000000e-01) (5, 3, 5.00000000000000000000e-01) (5, 3, 5.00000000000000000000e-01) (5, 3, 5.00000000000000000000e-01) (0, 3, 0.00000000000000000000e+00) (5, 0, 5.00000000000000000000e-01) (5, 0, 5.00000000000000000000e-01) (0, 0, 0.00000000000000000000e+00) 
connections (connected_to_neuron, weight)=(0, 1.27816581726074218750e+01) (1, -4.90870523452758789062e+00) (0, 1.33757848739624023438e+01) (1, -2.98683595657348632812e+00) (0, 3.53934502601623535156e+00) (1, -1.58660936355590820312e+00) (0, 1.31672585010528564453e+00) (1, -5.57643353939056396484e-01) (2, 6.86763703823089599609e-01) (3, 4.07179737091064453125e+00) (4, 3.57488274574279785156e-01) (5, -9.81829389929771423340e-02) (6, -1.50639355182647705078e+00) (2, -3.27510619163513183594e+00) (3, -7.92458236217498779297e-01) (4, -1.75510418415069580078e+00) (5, -9.75196659564971923828e-02) (6, 2.88880896568298339844e+00) (2, 1.91174983978271484375e+01) (3, -1.66773242950439453125e+01) (4, -3.12511014938354492188e+00) (5, 3.70889231562614440918e-02) (6, 1.24827630817890167236e-01) (2, -8.41985607147216796875e+00) (3, 7.17034292221069335938e+00) (4, 8.89230430126190185547e-01) (5, -5.37666343152523040771e-02) (6, -1.56361854076385498047e+00) (7, -7.83295512199401855469e-01) (8, -2.03600025177001953125e+00) (9, 5.11228036880493164062e+00) (10, -9.17798757553100585938e-01) (11, 9.46098506450653076172e-01) (7, -1.68802917003631591797e+00) (8, 3.63413453102111816406e+00) (9, -5.20748011767864227295e-02) (10, -1.06394970417022705078e+00) (11, -7.14593291282653808594e-01) 
