FANN_FLO_2.1
num_layers=4
learning_rate=0.400000
connection_rate=1.000000
network_type=0
learning_momentum=0.000000
training_algorithm=2
train_error_function=1
train_stop_function=0
cascade_output_change_fraction=0.010000
quickprop_decay=-0.000100
quickprop_mu=1.750000
rprop_increase_factor=1.200000
rprop_decrease_factor=0.500000
rprop_delta_min=0.000000
rprop_delta_max=50.000000
rprop_delta_zero=0.100000
cascade_output_stagnation_epochs=12
cascade_candidate_change_fraction=0.010000
cascade_candidate_stagnation_epochs=12
cascade_max_out_epochs=150
cascade_min_out_epochs=50
cascade_max_cand_epochs=150
cascade_min_cand_epochs=50
cascade_num_candidate_groups=2
bit_fail_limit=3.49999994039535522461e-01
cascade_candidate_limit=1.00000000000000000000e+03
cascade_weight_multiplier=4.00000005960464477539e-01
cascade_activation_functions_count=10
cascade_activation_functions=3 5 7 8 10 11 14 15 16 17 
cascade_activation_steepnesses_count=4
cascade_activation_steepnesses=2.50000000000000000000e-01 5.00000000000000000000e-01 7.50000000000000000000e-01 1.00000000000000000000e+00 
layer_sizes=7 5 5 2 
scale_included=0
neurons (num_inputs, activation_function, activation_steepness)=(0, 0, 0.00000000000000000000e+00) (0, 0, 0.00000000000000000000e+00) (0, 0, 0.00000000000000000000e+00) (0, 0, 0.00000000000000000000e+00) (0, 0, 0.00000000000000000000e+00) (0, 0, 0.00000000000000000000e+00) (0, 0, 0.00000000000000000000e+00) (7, 3, 5.00000000000000000000e-01) (7, 3, 5.00000000000000000000e-01) (7, 3, 5.00000000000000000000e-01) (7, 3, 5.00000000000000000000e-01) (0, 3, 0.00000000000000000000e+00) (5, 3, 5.00000000000000000000e-01) (5, 3, 5.00000000000000000000e-01) (5, 3, 5.00000000000000000000e-01) (5, 3, 5.00000000000000000000e-01) (0, 3, 0.00000000000000000000e+00) (5, 3, 5.00000000000000000000e-01) (0, 3, 0.00000000000000000000e+00) 
connections (connected_to_neuron, weight)=(0, 1.12271845340728759766e+00) (1, -4.71468400955200195312e+00) (2, 2.65194225311279296875e+00) (3, -4.15489244461059570312e+00) (4, -1.55191528797149658203e+00) (5, 4.02273368835449218750e+00) (6, 6.49967312812805175781e-01) (0, -7.34777975082397460938e+00) (1, 4.72162342071533203125e+00) (2, -1.06902539730072021484e+00) (3, -1.67532801628112792969e+00) (4, -8.95475208759307861328e-01) (5, -3.95375633239746093750e+00) (6, 1.44502353668212890625e+00) (0, 9.03335762023925781250e+00) (1, -1.66240272521972656250e+01) (2, 1.55781358480453491211e-01) (3, 3.28055918216705322266e-01) (4, 1.02093565464019775391e+00) (5, 2.66790270805358886719e+00) (6, 1.12895250320434570312e+00) (0, -2.82740139961242675781e+00) (1, -1.53024206161499023438e+01) (2, 3.50786894559860229492e-01) (3, -2.82110714912414550781e+00) (4, -3.10930341482162475586e-01) (5, 1.07964401245117187500e+01) (6, 3.37434053421020507812e+00) (7, 1.11088323593139648438e+01) (8, 1.37175340652465820312e+01) (9, 1.05828571319580078125e+01) (10, -1.59303731918334960938e+01) (11, -1.16692626476287841797e+00) (7, -4.12113809585571289062e+00) (8, 1.22421913146972656250e+01) (9, -1.62817687988281250000e+01) (10, 3.89905738830566406250e+01) (11, -2.20037817955017089844e+00) (7, 1.73352985382080078125e+01) (8, 2.72788581848144531250e+01) (9, -1.27751407623291015625e+01) (10, -2.08042168617248535156e+00) (11, -8.58905494213104248047e-01) (7, 4.81737232208251953125e+00) (8, 7.64288616180419921875e+00) (9, 1.49457998275756835938e+01) (10, -1.07293405532836914062e+01) (11, -8.07904303073883056641e-01) (12, -1.51088500022888183594e+00) (13, -2.33469009399414062500e+00) (14, -5.48979997634887695312e-01) (15, -1.13283765316009521484e+00) (16, 7.11648881435394287109e-01) 
