FANN_FLO_2.1
num_layers=4
learning_rate=0.500000
connection_rate=1.000000
network_type=0
learning_momentum=0.000000
training_algorithm=2
train_error_function=1
train_stop_function=0
cascade_output_change_fraction=0.010000
quickprop_decay=-0.000100
quickprop_mu=1.750000
rprop_increase_factor=1.200000
rprop_decrease_factor=0.500000
rprop_delta_min=0.000000
rprop_delta_max=50.000000
rprop_delta_zero=0.100000
cascade_output_stagnation_epochs=12
cascade_candidate_change_fraction=0.010000
cascade_candidate_stagnation_epochs=12
cascade_max_out_epochs=150
cascade_min_out_epochs=50
cascade_max_cand_epochs=150
cascade_min_cand_epochs=50
cascade_num_candidate_groups=2
bit_fail_limit=3.49999994039535522461e-01
cascade_candidate_limit=1.00000000000000000000e+03
cascade_weight_multiplier=4.00000005960464477539e-01
cascade_activation_functions_count=10
cascade_activation_functions=3 5 7 8 10 11 14 15 16 17 
cascade_activation_steepnesses_count=4
cascade_activation_steepnesses=2.50000000000000000000e-01 5.00000000000000000000e-01 7.50000000000000000000e-01 1.00000000000000000000e+00 
layer_sizes=10 5 3 2 
scale_included=0
neurons (num_inputs, activation_function, activation_steepness)=(0, 0, 0.00000000000000000000e+00) (0, 0, 0.00000000000000000000e+00) (0, 0, 0.00000000000000000000e+00) (0, 0, 0.00000000000000000000e+00) (0, 0, 0.00000000000000000000e+00) (0, 0, 0.00000000000000000000e+00) (0, 0, 0.00000000000000000000e+00) (0, 0, 0.00000000000000000000e+00) (0, 0, 0.00000000000000000000e+00) (0, 0, 0.00000000000000000000e+00) (10, 3, 5.00000000000000000000e-01) (10, 3, 5.00000000000000000000e-01) (10, 3, 5.00000000000000000000e-01) (10, 3, 5.00000000000000000000e-01) (0, 3, 0.00000000000000000000e+00) (5, 3, 5.00000000000000000000e-01) (5, 3, 5.00000000000000000000e-01) (0, 3, 0.00000000000000000000e+00) (3, 3, 5.00000000000000000000e-01) (0, 3, 0.00000000000000000000e+00) 
connections (connected_to_neuron, weight)=(0, -5.08209457397460937500e+01) (1, -1.26319875717163085938e+01) (2, -2.31066436767578125000e+01) (3, -8.26468169689178466797e-01) (4, -1.25415897369384765625e+00) (5, -3.72691303491592407227e-01) (6, -7.18800723552703857422e-01) (7, 3.21772933006286621094e-01) (8, 8.79683613777160644531e-01) (9, 1.11105114221572875977e-01) (0, 2.97204941511154174805e-01) (1, 7.00594723224639892578e-01) (2, 1.44992518424987792969e+00) (3, -1.16058480739593505859e+00) (4, -2.05658984184265136719e+00) (5, -3.66308033466339111328e-01) (6, 6.51068210601806640625e+00) (7, -7.76146936416625976562e+00) (8, -8.44259738922119140625e+00) (9, 3.35097074508666992188e+00) (0, 3.83634388446807861328e-01) (1, 2.14116513729095458984e-01) (2, 2.84225392341613769531e+00) (3, -2.26985383033752441406e+00) (4, 1.03614127635955810547e+00) (5, -4.75312173366546630859e-01) (6, -1.20508642196655273438e+01) (7, -1.52063691616058349609e+00) (8, -1.03000724315643310547e+00) (9, 2.59053683280944824219e+00) (0, -4.95649681091308593750e+01) (1, -1.17932605743408203125e+01) (2, -2.06375751495361328125e+01) (3, -3.26954483985900878906e+00) (4, 8.43365669250488281250e+00) (5, 2.36418380737304687500e+01) (6, 3.16552619934082031250e+01) (7, -1.37670144438743591309e-01) (8, -3.21228384971618652344e-01) (9, -6.67026937007904052734e-01) (10, -7.36763427734375000000e+02) (11, 1.36182422637939453125e+01) (12, 2.15964717864990234375e+01) (13, 2.88253356933593750000e+02) (14, -7.08608293533325195312e+00) (10, -6.75196655273437500000e+02) (11, 3.62788391113281250000e+01) (12, 1.59983692169189453125e+01) (13, 1.88306030273437500000e+02) (14, -5.25748443603515625000e+00) (15, 1.42732489109039306641e+00) (16, 5.01856565475463867188e-01) (17, -1.05813241004943847656e+00) 
