FANN_FLO_2.1
num_layers=4
learning_rate=0.500000
connection_rate=1.000000
network_type=0
learning_momentum=0.000000
training_algorithm=2
train_error_function=1
train_stop_function=0
cascade_output_change_fraction=0.010000
quickprop_decay=-0.000100
quickprop_mu=1.750000
rprop_increase_factor=1.200000
rprop_decrease_factor=0.500000
rprop_delta_min=0.000000
rprop_delta_max=50.000000
rprop_delta_zero=0.100000
cascade_output_stagnation_epochs=12
cascade_candidate_change_fraction=0.010000
cascade_candidate_stagnation_epochs=12
cascade_max_out_epochs=150
cascade_min_out_epochs=50
cascade_max_cand_epochs=150
cascade_min_cand_epochs=50
cascade_num_candidate_groups=2
bit_fail_limit=3.49999994039535522461e-01
cascade_candidate_limit=1.00000000000000000000e+03
cascade_weight_multiplier=4.00000005960464477539e-01
cascade_activation_functions_count=10
cascade_activation_functions=3 5 7 8 10 11 14 15 16 17 
cascade_activation_steepnesses_count=4
cascade_activation_steepnesses=2.50000000000000000000e-01 5.00000000000000000000e-01 7.50000000000000000000e-01 1.00000000000000000000e+00 
layer_sizes=10 5 3 2 
scale_included=0
neurons (num_inputs, activation_function, activation_steepness)=(0, 0, 0.00000000000000000000e+00) (0, 0, 0.00000000000000000000e+00) (0, 0, 0.00000000000000000000e+00) (0, 0, 0.00000000000000000000e+00) (0, 0, 0.00000000000000000000e+00) (0, 0, 0.00000000000000000000e+00) (0, 0, 0.00000000000000000000e+00) (0, 0, 0.00000000000000000000e+00) (0, 0, 0.00000000000000000000e+00) (0, 0, 0.00000000000000000000e+00) (10, 3, 5.00000000000000000000e-01) (10, 3, 5.00000000000000000000e-01) (10, 3, 5.00000000000000000000e-01) (10, 3, 5.00000000000000000000e-01) (0, 3, 0.00000000000000000000e+00) (5, 3, 5.00000000000000000000e-01) (5, 3, 5.00000000000000000000e-01) (0, 3, 0.00000000000000000000e+00) (3, 3, 5.00000000000000000000e-01) (0, 3, 0.00000000000000000000e+00) 
connections (connected_to_neuron, weight)=(0, -9.40990295410156250000e+01) (1, -4.96507120132446289062e+00) (2, -1.21258735656738281250e+02) (3, -7.54759252071380615234e-01) (4, 3.06362599134445190430e-01) (5, -1.41904759407043457031e+00) (6, -2.79257415771484375000e+02) (7, -3.57795310020446777344e+00) (8, 3.64208038330078125000e+02) (9, 5.60855031013488769531e-01) (0, -4.94712918996810913086e-01) (1, -1.85345959663391113281e+00) (2, -2.44924759864807128906e+00) (3, -4.23196125030517578125e+00) (4, 2.69444561004638671875e+00) (5, -6.52266025543212890625e+00) (6, 1.15487041473388671875e+01) (7, -7.69356489181518554688e-01) (8, -4.38401222229003906250e+00) (9, 2.79884648323059082031e+00) (0, 2.68745541572570800781e+00) (1, 3.65470081567764282227e-01) (2, 2.89215230941772460938e+00) (3, -4.08385992050170898438e+00) (4, 7.38690257072448730469e-01) (5, -4.01723593473434448242e-01) (6, -7.39791488647460937500e+00) (7, -1.81977379322052001953e+00) (8, -2.89357614517211914062e+00) (9, 2.23900222778320312500e+00) (0, 8.05978477001190185547e-01) (1, -4.48980331420898437500e+00) (2, -8.75178337097167968750e+00) (3, -8.14511489868164062500e+00) (4, -2.32280659675598144531e+00) (5, 2.23700275421142578125e+01) (6, 4.32886772155761718750e+01) (7, -1.03352200984954833984e+00) (8, -9.65228118896484375000e+01) (9, -2.06262564659118652344e+00) (10, -1.06500470638275146484e+00) (11, 1.68867130279541015625e+01) (12, 1.99953308105468750000e+01) (13, -1.22182166576385498047e+00) (14, -7.36575317382812500000e+00) (10, -1.23085880279541015625e+00) (11, 1.84772605895996093750e+01) (12, 2.61671028137207031250e+01) (13, -1.21908454895019531250e+01) (14, -9.38367652893066406250e+00) (15, 6.46390318870544433594e-01) (16, 1.20637094974517822266e+00) (17, -9.78495061397552490234e-01) 
