FANN_FLO_2.1
num_layers=3
learning_rate=0.400000
connection_rate=1.000000
network_type=0
learning_momentum=0.000000
training_algorithm=2
train_error_function=1
train_stop_function=0
cascade_output_change_fraction=0.010000
quickprop_decay=-0.000100
quickprop_mu=1.750000
rprop_increase_factor=1.200000
rprop_decrease_factor=0.500000
rprop_delta_min=0.000000
rprop_delta_max=50.000000
rprop_delta_zero=0.100000
cascade_output_stagnation_epochs=12
cascade_candidate_change_fraction=0.010000
cascade_candidate_stagnation_epochs=12
cascade_max_out_epochs=150
cascade_min_out_epochs=50
cascade_max_cand_epochs=150
cascade_min_cand_epochs=50
cascade_num_candidate_groups=2
bit_fail_limit=3.49999994039535522461e-01
cascade_candidate_limit=1.00000000000000000000e+03
cascade_weight_multiplier=4.00000005960464477539e-01
cascade_activation_functions_count=10
cascade_activation_functions=3 5 7 8 10 11 14 15 16 17 
cascade_activation_steepnesses_count=4
cascade_activation_steepnesses=2.50000000000000000000e-01 5.00000000000000000000e-01 7.50000000000000000000e-01 1.00000000000000000000e+00 
layer_sizes=19 3 3 
scale_included=0
neurons (num_inputs, activation_function, activation_steepness)=(0, 0, 0.00000000000000000000e+00) (0, 0, 0.00000000000000000000e+00) (0, 0, 0.00000000000000000000e+00) (0, 0, 0.00000000000000000000e+00) (0, 0, 0.00000000000000000000e+00) (0, 0, 0.00000000000000000000e+00) (0, 0, 0.00000000000000000000e+00) (0, 0, 0.00000000000000000000e+00) (0, 0, 0.00000000000000000000e+00) (0, 0, 0.00000000000000000000e+00) (0, 0, 0.00000000000000000000e+00) (0, 0, 0.00000000000000000000e+00) (0, 0, 0.00000000000000000000e+00) (0, 0, 0.00000000000000000000e+00) (0, 0, 0.00000000000000000000e+00) (0, 0, 0.00000000000000000000e+00) (0, 0, 0.00000000000000000000e+00) (0, 0, 0.00000000000000000000e+00) (0, 0, 0.00000000000000000000e+00) (19, 3, 5.00000000000000000000e-01) (19, 3, 5.00000000000000000000e-01) (0, 3, 0.00000000000000000000e+00) (3, 3, 5.00000000000000000000e-01) (3, 3, 5.00000000000000000000e-01) (0, 3, 0.00000000000000000000e+00) 
connections (connected_to_neuron, weight)=(0, 2.98365974426269531250e+00) (1, 3.40618181228637695312e+00) (2, -2.83485150337219238281e+00) (3, -2.83495712280273437500e+00) (4, -2.16974711418151855469e+00) (5, -5.99151802062988281250e+00) (6, 7.37616896629333496094e-01) (7, 4.34818476438522338867e-01) (8, 9.04805302619934082031e-01) (9, -1.15320429205894470215e-01) (10, -1.00171279907226562500e+01) (11, -8.49470138549804687500e+00) (12, 1.41579067707061767578e+00) (13, 1.14080152511596679688e+01) (14, 5.05996417999267578125e+00) (15, -4.80635452270507812500e+00) (16, -1.04554433822631835938e+01) (17, 2.38944864273071289062e+00) (18, 1.82443885803222656250e+01) (0, -1.69430565834045410156e+00) (1, -3.39212679862976074219e+00) (2, 1.92798793315887451172e+00) (3, 8.95668685436248779297e-01) (4, -2.51918959617614746094e+00) (5, 3.21555829048156738281e+00) (6, 4.22994583845138549805e-01) (7, -3.19737577438354492188e+00) (8, 2.18626022338867187500e+00) (9, 2.84429579973220825195e-01) (10, 4.28506374359130859375e+00) (11, -2.20817852020263671875e+00) (12, -9.83224451541900634766e-01) (13, -1.47254049777984619141e+00) (14, -3.11855745315551757812e+00) (15, -1.10736167430877685547e+00) (16, 3.91876077651977539062e+00) (17, -1.90717363357543945312e+00) (18, -2.35583043098449707031e+00) (19, -1.44026541709899902344e+00) (20, -2.00953984260559082031e+00) (21, 1.01725602149963378906e+00) (19, 1.43855476379394531250e+00) (20, 2.00737142562866210938e+00) (21, -1.01525032520294189453e+00) 
