FANN_FLO_2.1
num_layers=4
learning_rate=0.400000
connection_rate=1.000000
network_type=0
learning_momentum=0.000000
training_algorithm=2
train_error_function=1
train_stop_function=0
cascade_output_change_fraction=0.010000
quickprop_decay=-0.000100
quickprop_mu=1.750000
rprop_increase_factor=1.200000
rprop_decrease_factor=0.500000
rprop_delta_min=0.000000
rprop_delta_max=50.000000
rprop_delta_zero=0.100000
cascade_output_stagnation_epochs=12
cascade_candidate_change_fraction=0.010000
cascade_candidate_stagnation_epochs=12
cascade_max_out_epochs=150
cascade_min_out_epochs=50
cascade_max_cand_epochs=150
cascade_min_cand_epochs=50
cascade_num_candidate_groups=2
bit_fail_limit=3.49999994039535522461e-01
cascade_candidate_limit=1.00000000000000000000e+03
cascade_weight_multiplier=4.00000005960464477539e-01
cascade_activation_functions_count=10
cascade_activation_functions=3 5 7 8 10 11 14 15 16 17 
cascade_activation_steepnesses_count=4
cascade_activation_steepnesses=2.50000000000000000000e-01 5.00000000000000000000e-01 7.50000000000000000000e-01 1.00000000000000000000e+00 
layer_sizes=7 3 3 2 
scale_included=0
neurons (num_inputs, activation_function, activation_steepness)=(0, 0, 0.00000000000000000000e+00) (0, 0, 0.00000000000000000000e+00) (0, 0, 0.00000000000000000000e+00) (0, 0, 0.00000000000000000000e+00) (0, 0, 0.00000000000000000000e+00) (0, 0, 0.00000000000000000000e+00) (0, 0, 0.00000000000000000000e+00) (7, 3, 5.00000000000000000000e-01) (7, 3, 5.00000000000000000000e-01) (0, 3, 0.00000000000000000000e+00) (3, 3, 5.00000000000000000000e-01) (3, 3, 5.00000000000000000000e-01) (0, 3, 0.00000000000000000000e+00) (3, 3, 5.00000000000000000000e-01) (0, 3, 0.00000000000000000000e+00) 
connections (connected_to_neuron, weight)=(0, -7.18159627914428710938e+00) (1, 5.90600967407226562500e+00) (2, 7.44525015354156494141e-01) (3, -1.66380941867828369141e+00) (4, -8.45443189144134521484e-01) (5, -4.84706926345825195312e+00) (6, 6.76540374755859375000e-01) (0, 5.01224136352539062500e+00) (1, -5.67326164245605468750e+00) (2, 1.25546073913574218750e+00) (3, -1.46876895427703857422e+00) (4, -1.85086682438850402832e-01) (5, 5.05597209930419921875e+00) (6, -4.62031173706054687500e+00) (7, 6.08198261260986328125e+00) (8, 5.55220937728881835938e+00) (9, -3.31153988838195800781e+00) (7, 1.64284992218017578125e+01) (8, 6.02777957916259765625e+00) (9, -1.63267803192138671875e+00) (10, -7.47738790512084960938e+00) (11, -1.19706606864929199219e+00) (12, -4.70590084791183471680e-01) 
