FANN_FLO_2.1
num_layers=3
learning_rate=0.400000
connection_rate=1.000000
network_type=0
learning_momentum=0.000000
training_algorithm=2
train_error_function=1
train_stop_function=0
cascade_output_change_fraction=0.010000
quickprop_decay=-0.000100
quickprop_mu=1.750000
rprop_increase_factor=1.200000
rprop_decrease_factor=0.500000
rprop_delta_min=0.000000
rprop_delta_max=50.000000
rprop_delta_zero=0.100000
cascade_output_stagnation_epochs=12
cascade_candidate_change_fraction=0.010000
cascade_candidate_stagnation_epochs=12
cascade_max_out_epochs=150
cascade_min_out_epochs=50
cascade_max_cand_epochs=150
cascade_min_cand_epochs=50
cascade_num_candidate_groups=2
bit_fail_limit=3.49999994039535522461e-01
cascade_candidate_limit=1.00000000000000000000e+03
cascade_weight_multiplier=4.00000005960464477539e-01
cascade_activation_functions_count=10
cascade_activation_functions=3 5 7 8 10 11 14 15 16 17 
cascade_activation_steepnesses_count=4
cascade_activation_steepnesses=2.50000000000000000000e-01 5.00000000000000000000e-01 7.50000000000000000000e-01 1.00000000000000000000e+00 
layer_sizes=19 3 3 
scale_included=0
neurons (num_inputs, activation_function, activation_steepness)=(0, 0, 0.00000000000000000000e+00) (0, 0, 0.00000000000000000000e+00) (0, 0, 0.00000000000000000000e+00) (0, 0, 0.00000000000000000000e+00) (0, 0, 0.00000000000000000000e+00) (0, 0, 0.00000000000000000000e+00) (0, 0, 0.00000000000000000000e+00) (0, 0, 0.00000000000000000000e+00) (0, 0, 0.00000000000000000000e+00) (0, 0, 0.00000000000000000000e+00) (0, 0, 0.00000000000000000000e+00) (0, 0, 0.00000000000000000000e+00) (0, 0, 0.00000000000000000000e+00) (0, 0, 0.00000000000000000000e+00) (0, 0, 0.00000000000000000000e+00) (0, 0, 0.00000000000000000000e+00) (0, 0, 0.00000000000000000000e+00) (0, 0, 0.00000000000000000000e+00) (0, 0, 0.00000000000000000000e+00) (19, 3, 5.00000000000000000000e-01) (19, 3, 5.00000000000000000000e-01) (0, 3, 0.00000000000000000000e+00) (3, 3, 5.00000000000000000000e-01) (3, 3, 5.00000000000000000000e-01) (0, 3, 0.00000000000000000000e+00) 
connections (connected_to_neuron, weight)=(0, -4.86630964279174804688e+00) (1, 2.54626250267028808594e+00) (2, -1.62646045684814453125e+01) (3, -8.25365352630615234375e+00) (4, -2.54043436050415039062e+00) (5, -1.43630104064941406250e+01) (6, -4.46292829513549804688e+00) (7, -2.01301574707031250000e+00) (8, -6.56963682174682617188e+00) (9, 4.21761417388916015625e+00) (10, -3.43584924936294555664e-01) (11, 8.55437374114990234375e+00) (12, 3.66372370719909667969e+00) (13, -7.16567337512969970703e-01) (14, 1.35834217071533203125e+01) (15, 9.42200756072998046875e+00) (16, -4.64035940170288085938e+00) (17, 1.22503366470336914062e+01) (18, -1.37564730644226074219e+00) (0, 4.30850028991699218750e+00) (1, -3.83833289146423339844e-01) (2, 5.37125730514526367188e+00) (3, 4.89363670349121093750e+00) (4, -5.74780225753784179688e-01) (5, 6.22779130935668945312e+00) (6, 3.47122120857238769531e+00) (7, -4.00233411788940429688e+00) (8, 8.03214168548583984375e+00) (9, -6.68946933746337890625e+00) (10, 2.70040512084960937500e+00) (11, -8.58932971954345703125e+00) (12, -7.85882329940795898438e+00) (13, 8.90547752380371093750e-01) (14, -5.75154495239257812500e+00) (15, -6.00455808639526367188e+00) (16, 2.16868482530117034912e-02) (17, -7.48593616485595703125e+00) (18, -6.02195739746093750000e-01) (19, -1.06378614902496337891e+00) (20, -1.11690235137939453125e+00) (21, -5.92823997139930725098e-02) (19, 1.06342899799346923828e+00) (20, 1.11619853973388671875e+00) (21, 6.03565573692321777344e-02) 
