FANN_FLO_2.1
num_layers=4
learning_rate=0.500000
connection_rate=1.000000
network_type=0
learning_momentum=0.000000
training_algorithm=2
train_error_function=1
train_stop_function=0
cascade_output_change_fraction=0.010000
quickprop_decay=-0.000100
quickprop_mu=1.750000
rprop_increase_factor=1.200000
rprop_decrease_factor=0.500000
rprop_delta_min=0.000000
rprop_delta_max=50.000000
rprop_delta_zero=0.100000
cascade_output_stagnation_epochs=12
cascade_candidate_change_fraction=0.010000
cascade_candidate_stagnation_epochs=12
cascade_max_out_epochs=150
cascade_min_out_epochs=50
cascade_max_cand_epochs=150
cascade_min_cand_epochs=50
cascade_num_candidate_groups=2
bit_fail_limit=3.49999994039535522461e-01
cascade_candidate_limit=1.00000000000000000000e+03
cascade_weight_multiplier=4.00000005960464477539e-01
cascade_activation_functions_count=10
cascade_activation_functions=3 5 7 8 10 11 14 15 16 17 
cascade_activation_steepnesses_count=4
cascade_activation_steepnesses=2.50000000000000000000e-01 5.00000000000000000000e-01 7.50000000000000000000e-01 1.00000000000000000000e+00 
layer_sizes=2 5 5 3 
scale_included=0
neurons (num_inputs, activation_function, activation_steepness)=(0, 0, 0.00000000000000000000e+00) (0, 0, 0.00000000000000000000e+00) (2, 3, 5.00000000000000000000e-01) (2, 3, 5.00000000000000000000e-01) (2, 3, 5.00000000000000000000e-01) (2, 3, 5.00000000000000000000e-01) (0, 3, 0.00000000000000000000e+00) (5, 3, 5.00000000000000000000e-01) (5, 3, 5.00000000000000000000e-01) (5, 3, 5.00000000000000000000e-01) (5, 3, 5.00000000000000000000e-01) (0, 3, 0.00000000000000000000e+00) (5, 0, 5.00000000000000000000e-01) (5, 0, 5.00000000000000000000e-01) (0, 0, 0.00000000000000000000e+00) 
connections (connected_to_neuron, weight)=(0, -1.04153509140014648438e+01) (1, 3.32012629508972167969e+00) (0, -9.10834980010986328125e+00) (1, 3.43975305557250976562e-01) (0, -7.82191324234008789062e+00) (1, 4.34831380844116210938e-01) (0, -1.07085819244384765625e+01) (1, 1.01431143283843994141e+00) (2, 8.76938533782958984375e+00) (3, -5.52309513092041015625e+00) (4, -5.11473035812377929688e+00) (5, -4.31356096267700195312e+00) (6, -1.16843068599700927734e+00) (2, 7.88311719894409179688e+00) (3, -3.57243306934833526611e-02) (4, -1.27498149871826171875e+01) (5, 1.76408004760742187500e+00) (6, -2.33188271522521972656e+00) (2, 9.83659362792968750000e+00) (3, -2.26410274505615234375e+01) (4, 5.84228229522705078125e+00) (5, 5.60755395889282226562e+00) (6, -1.70743024349212646484e+00) (2, -3.30966520309448242188e+00) (3, -1.63360512256622314453e+00) (4, -2.46112251281738281250e+00) (5, -1.34014856815338134766e+00) (6, 3.19225788116455078125e+00) (7, -8.20047557353973388672e-01) (8, -1.53698337078094482422e+00) (9, -1.44572067260742187500e+00) (10, -8.92430782318115234375e-01) (11, 1.76036298274993896484e+00) (7, -8.65804255008697509766e-01) (8, 7.02923655509948730469e-01) (9, 1.19561207294464111328e+00) (10, -3.49650907516479492188e+00) (11, 9.51465129852294921875e-01) 
