FANN_FLO_2.1
num_layers=3
learning_rate=0.500000
connection_rate=1.000000
network_type=0
learning_momentum=0.000000
training_algorithm=2
train_error_function=1
train_stop_function=0
cascade_output_change_fraction=0.010000
quickprop_decay=-0.000100
quickprop_mu=1.750000
rprop_increase_factor=1.200000
rprop_decrease_factor=0.500000
rprop_delta_min=0.000000
rprop_delta_max=50.000000
rprop_delta_zero=0.100000
cascade_output_stagnation_epochs=12
cascade_candidate_change_fraction=0.010000
cascade_candidate_stagnation_epochs=12
cascade_max_out_epochs=150
cascade_min_out_epochs=50
cascade_max_cand_epochs=150
cascade_min_cand_epochs=50
cascade_num_candidate_groups=2
bit_fail_limit=3.49999994039535522461e-01
cascade_candidate_limit=1.00000000000000000000e+03
cascade_weight_multiplier=4.00000005960464477539e-01
cascade_activation_functions_count=10
cascade_activation_functions=3 5 7 8 10 11 14 15 16 17 
cascade_activation_steepnesses_count=4
cascade_activation_steepnesses=2.50000000000000000000e-01 5.00000000000000000000e-01 7.50000000000000000000e-01 1.00000000000000000000e+00 
layer_sizes=10 3 2 
scale_included=0
neurons (num_inputs, activation_function, activation_steepness)=(0, 0, 0.00000000000000000000e+00) (0, 0, 0.00000000000000000000e+00) (0, 0, 0.00000000000000000000e+00) (0, 0, 0.00000000000000000000e+00) (0, 0, 0.00000000000000000000e+00) (0, 0, 0.00000000000000000000e+00) (0, 0, 0.00000000000000000000e+00) (0, 0, 0.00000000000000000000e+00) (0, 0, 0.00000000000000000000e+00) (0, 0, 0.00000000000000000000e+00) (10, 3, 5.00000000000000000000e-01) (10, 3, 5.00000000000000000000e-01) (0, 3, 0.00000000000000000000e+00) (3, 3, 5.00000000000000000000e-01) (0, 3, 0.00000000000000000000e+00) 
connections (connected_to_neuron, weight)=(0, 3.06689453125000000000e+00) (1, -1.37363898754119873047e+00) (2, 3.60152473449707031250e+01) (3, 8.78434276580810546875e+00) (4, 1.76869201660156250000e+00) (5, 1.01688079833984375000e+01) (6, 4.78465557098388671875e+00) (7, -4.20299644470214843750e+01) (8, -2.44741897583007812500e+01) (9, -2.62156939506530761719e+00) (0, 2.23494261503219604492e-01) (1, 9.47823715209960937500e+00) (2, -4.34652805328369140625e+00) (3, -1.81699008941650390625e+01) (4, 2.01563434600830078125e+01) (5, -6.01258635520935058594e-01) (6, 3.61012649536132812500e+00) (7, -1.99976944923400878906e+00) (8, -9.85435581207275390625e+00) (9, -1.69322311878204345703e+00) (10, 1.64222824573516845703e+00) (11, 2.60192394256591796875e+00) (12, -1.61907541751861572266e+00) 
