FANN_FLO_2.1
num_layers=3
learning_rate=0.400000
connection_rate=1.000000
network_type=0
learning_momentum=0.000000
training_algorithm=2
train_error_function=1
train_stop_function=0
cascade_output_change_fraction=0.010000
quickprop_decay=-0.000100
quickprop_mu=1.750000
rprop_increase_factor=1.200000
rprop_decrease_factor=0.500000
rprop_delta_min=0.000000
rprop_delta_max=50.000000
rprop_delta_zero=0.100000
cascade_output_stagnation_epochs=12
cascade_candidate_change_fraction=0.010000
cascade_candidate_stagnation_epochs=12
cascade_max_out_epochs=150
cascade_min_out_epochs=50
cascade_max_cand_epochs=150
cascade_min_cand_epochs=50
cascade_num_candidate_groups=2
bit_fail_limit=3.49999994039535522461e-01
cascade_candidate_limit=1.00000000000000000000e+03
cascade_weight_multiplier=4.00000005960464477539e-01
cascade_activation_functions_count=10
cascade_activation_functions=3 5 7 8 10 11 14 15 16 17 
cascade_activation_steepnesses_count=4
cascade_activation_steepnesses=2.50000000000000000000e-01 5.00000000000000000000e-01 7.50000000000000000000e-01 1.00000000000000000000e+00 
layer_sizes=7 9 2 
scale_included=0
neurons (num_inputs, activation_function, activation_steepness)=(0, 0, 0.00000000000000000000e+00) (0, 0, 0.00000000000000000000e+00) (0, 0, 0.00000000000000000000e+00) (0, 0, 0.00000000000000000000e+00) (0, 0, 0.00000000000000000000e+00) (0, 0, 0.00000000000000000000e+00) (0, 0, 0.00000000000000000000e+00) (7, 3, 5.00000000000000000000e-01) (7, 3, 5.00000000000000000000e-01) (7, 3, 5.00000000000000000000e-01) (7, 3, 5.00000000000000000000e-01) (7, 3, 5.00000000000000000000e-01) (7, 3, 5.00000000000000000000e-01) (7, 3, 5.00000000000000000000e-01) (7, 3, 5.00000000000000000000e-01) (0, 3, 0.00000000000000000000e+00) (9, 3, 5.00000000000000000000e-01) (0, 3, 0.00000000000000000000e+00) 
connections (connected_to_neuron, weight)=(0, -1.02114772796630859375e+00) (1, -1.19579911231994628906e+00) (2, 3.10340905189514160156e+00) (3, 1.24222826957702636719e+00) (4, 4.51472663879394531250e+00) (5, -5.90279340744018554688e+00) (6, -1.87023758888244628906e+00) (0, -7.05502891540527343750e+00) (1, -1.33821916580200195312e+00) (2, -1.58731564879417419434e-01) (3, 1.99945330619812011719e+00) (4, 1.25802743434906005859e+00) (5, 4.42265897989273071289e-01) (6, -1.48075699806213378906e+00) (0, 2.73601841926574707031e+00) (1, 5.17754745483398437500e+00) (2, 1.67898273468017578125e+01) (3, -3.46669292449951171875e+00) (4, -4.31463146209716796875e+00) (5, -4.42047834396362304688e+00) (6, 2.84111571311950683594e+00) (0, 1.51791465282440185547e+00) (1, -9.09921765327453613281e-01) (2, -9.53018814325332641602e-02) (3, 1.13409554958343505859e+00) (4, 4.09052753448486328125e+00) (5, -3.50375324487686157227e-01) (6, -1.67340826988220214844e+00) (0, 1.21971952915191650391e+00) (1, -5.79275071620941162109e-01) (2, -7.71438106894493103027e-02) (3, 1.33028340339660644531e+00) (4, 3.29125404357910156250e+00) (5, -1.91231459379196166992e-01) (6, -8.66937875747680664062e-01) (0, 5.18004179000854492188e+00) (1, 5.73997306823730468750e+00) (2, 2.67900419235229492188e+00) (3, -6.92199087142944335938e+00) (4, 6.12644910812377929688e-01) (5, -4.97044563293457031250e+00) (6, 1.54451751708984375000e+00) (0, 1.92113983631134033203e+00) (1, 1.50124657154083251953e+00) (2, 2.23721933364868164062e+00) (3, -2.37978935241699218750e+00) (4, 7.56038284301757812500e+00) (5, -1.59167232513427734375e+01) (6, 5.87491559982299804688e+00) (0, -3.99136614799499511719e+00) (1, 3.93200707435607910156e+00) (2, 1.07007265090942382812e+01) (3, 7.74951636791229248047e-01) (4, -2.07066178321838378906e+00) (5, -1.31267185211181640625e+01) (6, 6.58089447021484375000e+00) (7, 2.37881541252136230469e+00) (8, 2.46674561500549316406e+00) (9, -1.11850559711456298828e+00) (10, 1.22428953647613525391e+00) (11, 1.21030747890472412109e+00) (12, -9.01227056980133056641e-01) (13, -1.42303895950317382812e+00) (14, -7.86404907703399658203e-01) (15, -2.05851551145315170288e-02) 
