FANN_FLO_2.1
num_layers=3
learning_rate=0.400000
connection_rate=1.000000
network_type=0
learning_momentum=0.000000
training_algorithm=2
train_error_function=1
train_stop_function=0
cascade_output_change_fraction=0.010000
quickprop_decay=-0.000100
quickprop_mu=1.750000
rprop_increase_factor=1.200000
rprop_decrease_factor=0.500000
rprop_delta_min=0.000000
rprop_delta_max=50.000000
rprop_delta_zero=0.100000
cascade_output_stagnation_epochs=12
cascade_candidate_change_fraction=0.010000
cascade_candidate_stagnation_epochs=12
cascade_max_out_epochs=150
cascade_min_out_epochs=50
cascade_max_cand_epochs=150
cascade_min_cand_epochs=50
cascade_num_candidate_groups=2
bit_fail_limit=3.49999994039535522461e-01
cascade_candidate_limit=1.00000000000000000000e+03
cascade_weight_multiplier=4.00000005960464477539e-01
cascade_activation_functions_count=10
cascade_activation_functions=3 5 7 8 10 11 14 15 16 17 
cascade_activation_steepnesses_count=4
cascade_activation_steepnesses=2.50000000000000000000e-01 5.00000000000000000000e-01 7.50000000000000000000e-01 1.00000000000000000000e+00 
layer_sizes=19 3 3 
scale_included=0
neurons (num_inputs, activation_function, activation_steepness)=(0, 0, 0.00000000000000000000e+00) (0, 0, 0.00000000000000000000e+00) (0, 0, 0.00000000000000000000e+00) (0, 0, 0.00000000000000000000e+00) (0, 0, 0.00000000000000000000e+00) (0, 0, 0.00000000000000000000e+00) (0, 0, 0.00000000000000000000e+00) (0, 0, 0.00000000000000000000e+00) (0, 0, 0.00000000000000000000e+00) (0, 0, 0.00000000000000000000e+00) (0, 0, 0.00000000000000000000e+00) (0, 0, 0.00000000000000000000e+00) (0, 0, 0.00000000000000000000e+00) (0, 0, 0.00000000000000000000e+00) (0, 0, 0.00000000000000000000e+00) (0, 0, 0.00000000000000000000e+00) (0, 0, 0.00000000000000000000e+00) (0, 0, 0.00000000000000000000e+00) (0, 0, 0.00000000000000000000e+00) (19, 3, 5.00000000000000000000e-01) (19, 3, 5.00000000000000000000e-01) (0, 3, 0.00000000000000000000e+00) (3, 3, 5.00000000000000000000e-01) (3, 3, 5.00000000000000000000e-01) (0, 3, 0.00000000000000000000e+00) 
connections (connected_to_neuron, weight)=(0, 8.15129518508911132812e-01) (1, -5.24271535873413085938e+00) (2, -1.73094618320465087891e+00) (3, -1.64702391624450683594e+00) (4, -6.33511400222778320312e+00) (5, -5.49908971786499023438e+00) (6, -2.90310788154602050781e+00) (7, -1.53207361698150634766e+00) (8, -5.45329093933105468750e+00) (9, -5.02308905124664306641e-01) (10, 1.34732925891876220703e+00) (11, 4.35313034057617187500e+00) (12, 9.17610931396484375000e+00) (13, 2.87297940254211425781e+00) (14, -3.89171934127807617188e+00) (15, 5.67736196517944335938e+00) (16, 2.31846642494201660156e+00) (17, -1.35809791088104248047e+00) (18, -6.30200624465942382812e-01) (0, -3.02379608154296875000e+00) (1, 4.10307502746582031250e+00) (2, -6.11088752746582031250e-01) (3, -7.18936920166015625000e-01) (4, 1.48410348892211914062e+01) (5, 1.19390611648559570312e+01) (6, 3.53197550773620605469e+00) (7, -1.20718824863433837891e+00) (8, 1.18160305023193359375e+01) (9, 4.67370605468750000000e+00) (10, -1.12683105468750000000e+00) (11, -7.41495895385742187500e+00) (12, -1.92530574798583984375e+01) (13, -4.25345611572265625000e+00) (14, 8.16029071807861328125e+00) (15, -1.34806227684020996094e+00) (16, -4.11899137496948242188e+00) (17, 4.87394762039184570312e+00) (18, -1.19219958782196044922e+00) (19, -2.16730618476867675781e+00) (20, -1.89350032806396484375e+00) (21, 1.36166214942932128906e+00) (19, 2.16817450523376464844e+00) (20, 1.89480805397033691406e+00) (21, -1.36418581008911132812e+00) 
