FANN_FLO_2.1
num_layers=3
learning_rate=0.400000
connection_rate=1.000000
network_type=0
learning_momentum=0.000000
training_algorithm=2
train_error_function=1
train_stop_function=0
cascade_output_change_fraction=0.010000
quickprop_decay=-0.000100
quickprop_mu=1.750000
rprop_increase_factor=1.200000
rprop_decrease_factor=0.500000
rprop_delta_min=0.000000
rprop_delta_max=50.000000
rprop_delta_zero=0.100000
cascade_output_stagnation_epochs=12
cascade_candidate_change_fraction=0.010000
cascade_candidate_stagnation_epochs=12
cascade_max_out_epochs=150
cascade_min_out_epochs=50
cascade_max_cand_epochs=150
cascade_min_cand_epochs=50
cascade_num_candidate_groups=2
bit_fail_limit=3.49999994039535522461e-01
cascade_candidate_limit=1.00000000000000000000e+03
cascade_weight_multiplier=4.00000005960464477539e-01
cascade_activation_functions_count=10
cascade_activation_functions=3 5 7 8 10 11 14 15 16 17 
cascade_activation_steepnesses_count=4
cascade_activation_steepnesses=2.50000000000000000000e-01 5.00000000000000000000e-01 7.50000000000000000000e-01 1.00000000000000000000e+00 
layer_sizes=7 5 2 
scale_included=0
neurons (num_inputs, activation_function, activation_steepness)=(0, 0, 0.00000000000000000000e+00) (0, 0, 0.00000000000000000000e+00) (0, 0, 0.00000000000000000000e+00) (0, 0, 0.00000000000000000000e+00) (0, 0, 0.00000000000000000000e+00) (0, 0, 0.00000000000000000000e+00) (0, 0, 0.00000000000000000000e+00) (7, 3, 5.00000000000000000000e-01) (7, 3, 5.00000000000000000000e-01) (7, 3, 5.00000000000000000000e-01) (7, 3, 5.00000000000000000000e-01) (0, 3, 0.00000000000000000000e+00) (5, 3, 5.00000000000000000000e-01) (0, 3, 0.00000000000000000000e+00) 
connections (connected_to_neuron, weight)=(0, -1.17727458477020263672e+00) (1, 5.43534934520721435547e-01) (2, -2.06350345611572265625e+01) (3, -7.66069841384887695312e+00) (4, 5.80027103424072265625e+00) (5, 1.77497959136962890625e+00) (6, -2.66631221771240234375e+00) (0, -5.81454133987426757812e+00) (1, 5.12810659408569335938e+00) (2, 3.76691550016403198242e-01) (3, -1.07222092151641845703e+00) (4, -1.17335510253906250000e+00) (5, -1.50000000000000000000e+03) (6, -7.03847482800483703613e-02) (0, -7.78616952896118164062e+00) (1, 2.38140654563903808594e+00) (2, -1.31304693222045898438e+01) (3, -2.94764709472656250000e+00) (4, 1.64941132068634033203e-01) (5, 1.13396918773651123047e+00) (6, 5.57191276550292968750e+00) (0, 7.85064029693603515625e+00) (1, -8.54843807220458984375e+00) (2, 3.69671130180358886719e+00) (3, -1.02695810794830322266e+00) (4, -9.89910602569580078125e-01) (5, 3.56835198402404785156e+00) (6, -4.03220462799072265625e+00) (7, -1.00226914882659912109e+00) (8, -8.83648967742919921875e+00) (9, -7.91522324085235595703e-01) (10, -1.01357622146606445312e+01) (11, -3.39472919702529907227e-01) 
