FANN_FLO_2.1
num_layers=4
learning_rate=0.500000
connection_rate=1.000000
network_type=0
learning_momentum=0.000000
training_algorithm=2
train_error_function=1
train_stop_function=0
cascade_output_change_fraction=0.010000
quickprop_decay=-0.000100
quickprop_mu=1.750000
rprop_increase_factor=1.200000
rprop_decrease_factor=0.500000
rprop_delta_min=0.000000
rprop_delta_max=50.000000
rprop_delta_zero=0.100000
cascade_output_stagnation_epochs=12
cascade_candidate_change_fraction=0.010000
cascade_candidate_stagnation_epochs=12
cascade_max_out_epochs=150
cascade_min_out_epochs=50
cascade_max_cand_epochs=150
cascade_min_cand_epochs=50
cascade_num_candidate_groups=2
bit_fail_limit=3.49999994039535522461e-01
cascade_candidate_limit=1.00000000000000000000e+03
cascade_weight_multiplier=4.00000005960464477539e-01
cascade_activation_functions_count=10
cascade_activation_functions=3 5 7 8 10 11 14 15 16 17 
cascade_activation_steepnesses_count=4
cascade_activation_steepnesses=2.50000000000000000000e-01 5.00000000000000000000e-01 7.50000000000000000000e-01 1.00000000000000000000e+00 
layer_sizes=2 5 3 3 
scale_included=0
neurons (num_inputs, activation_function, activation_steepness)=(0, 0, 0.00000000000000000000e+00) (0, 0, 0.00000000000000000000e+00) (2, 3, 5.00000000000000000000e-01) (2, 3, 5.00000000000000000000e-01) (2, 3, 5.00000000000000000000e-01) (2, 3, 5.00000000000000000000e-01) (0, 3, 0.00000000000000000000e+00) (5, 3, 5.00000000000000000000e-01) (5, 3, 5.00000000000000000000e-01) (0, 3, 0.00000000000000000000e+00) (3, 0, 5.00000000000000000000e-01) (3, 0, 5.00000000000000000000e-01) (0, 0, 0.00000000000000000000e+00) 
connections (connected_to_neuron, weight)=(0, -3.74508743286132812500e+01) (1, -3.33415687084197998047e-01) (0, -2.67638931274414062500e+01) (1, -1.49815535545349121094e+00) (0, 1.26839256286621093750e+01) (1, -4.92929792404174804688e+00) (0, 8.83541297912597656250e+00) (1, -2.86783027648925781250e+00) (2, -3.53909790515899658203e-01) (3, -3.22603106498718261719e-01) (4, -1.71630728244781494141e+00) (5, -1.75358295440673828125e+00) (6, 5.89696824550628662109e-01) (2, -2.62483978271484375000e+00) (3, -2.90395593643188476562e+00) (4, -1.67769317626953125000e+01) (5, 1.86937389373779296875e+01) (6, -1.91043424606323242188e+00) (7, -2.46881794929504394531e+00) (8, -2.85869717597961425781e+00) (9, 1.58814716339111328125e+00) (7, 7.13809061050415039062e+00) (8, -1.23423349857330322266e+00) (9, -1.98204624652862548828e+00) 
