FANN_FLO_2.1
num_layers=4
learning_rate=0.400000
connection_rate=1.000000
network_type=0
learning_momentum=0.000000
training_algorithm=2
train_error_function=1
train_stop_function=0
cascade_output_change_fraction=0.010000
quickprop_decay=-0.000100
quickprop_mu=1.750000
rprop_increase_factor=1.200000
rprop_decrease_factor=0.500000
rprop_delta_min=0.000000
rprop_delta_max=50.000000
rprop_delta_zero=0.100000
cascade_output_stagnation_epochs=12
cascade_candidate_change_fraction=0.010000
cascade_candidate_stagnation_epochs=12
cascade_max_out_epochs=150
cascade_min_out_epochs=50
cascade_max_cand_epochs=150
cascade_min_cand_epochs=50
cascade_num_candidate_groups=2
bit_fail_limit=3.49999994039535522461e-01
cascade_candidate_limit=1.00000000000000000000e+03
cascade_weight_multiplier=4.00000005960464477539e-01
cascade_activation_functions_count=10
cascade_activation_functions=3 5 7 8 10 11 14 15 16 17 
cascade_activation_steepnesses_count=4
cascade_activation_steepnesses=2.50000000000000000000e-01 5.00000000000000000000e-01 7.50000000000000000000e-01 1.00000000000000000000e+00 
layer_sizes=7 5 3 2 
scale_included=0
neurons (num_inputs, activation_function, activation_steepness)=(0, 0, 0.00000000000000000000e+00) (0, 0, 0.00000000000000000000e+00) (0, 0, 0.00000000000000000000e+00) (0, 0, 0.00000000000000000000e+00) (0, 0, 0.00000000000000000000e+00) (0, 0, 0.00000000000000000000e+00) (0, 0, 0.00000000000000000000e+00) (7, 3, 5.00000000000000000000e-01) (7, 3, 5.00000000000000000000e-01) (7, 3, 5.00000000000000000000e-01) (7, 3, 5.00000000000000000000e-01) (0, 3, 0.00000000000000000000e+00) (5, 3, 5.00000000000000000000e-01) (5, 3, 5.00000000000000000000e-01) (0, 3, 0.00000000000000000000e+00) (3, 3, 5.00000000000000000000e-01) (0, 3, 0.00000000000000000000e+00) 
connections (connected_to_neuron, weight)=(0, -1.50000000000000000000e+03) (1, -1.50000000000000000000e+03) (2, 1.30487670898437500000e+03) (3, 1.50000000000000000000e+03) (4, -1.50000000000000000000e+03) (5, 1.31804333496093750000e+03) (6, 7.13663220405578613281e-01) (0, -2.80005502700805664062e+00) (1, 6.00573182106018066406e-01) (2, -1.87731415033340454102e-01) (3, -2.90531778335571289062e+00) (4, -1.24480366706848144531e+00) (5, 4.98955994844436645508e-01) (6, 2.60493445396423339844e+00) (0, -1.49420471191406250000e+03) (1, -1.49420471191406250000e+03) (2, 1.39080004882812500000e+03) (3, 1.50000000000000000000e+03) (4, -1.50000000000000000000e+03) (5, 7.21407470703125000000e+02) (6, 3.50994777679443359375e+00) (0, -1.48937524414062500000e+03) (1, -1.49420471191406250000e+03) (2, 1.43914758300781250000e+03) (3, 1.50000000000000000000e+03) (4, -1.50000000000000000000e+03) (5, 7.04966369628906250000e+02) (6, 3.49059486389160156250e+00) (7, 9.07680297851562500000e+02) (8, 7.29845714569091796875e+00) (9, -1.28077328205108642578e-01) (10, -1.78597837686538696289e-01) (11, -1.63155460357666015625e+00) (7, 1.45951628684997558594e+00) (8, 5.43930435180664062500e+00) (9, -1.22942459583282470703e+00) (10, -1.22942459583282470703e+00) (11, -2.87540888786315917969e+00) (12, -1.42779648303985595703e+00) (13, -1.80752933025360107422e+00) (14, -8.35141062736511230469e-01) 
