FANN_FLO_2.1
num_layers=3
learning_rate=0.400000
connection_rate=1.000000
network_type=0
learning_momentum=0.000000
training_algorithm=2
train_error_function=1
train_stop_function=0
cascade_output_change_fraction=0.010000
quickprop_decay=-0.000100
quickprop_mu=1.750000
rprop_increase_factor=1.200000
rprop_decrease_factor=0.500000
rprop_delta_min=0.000000
rprop_delta_max=50.000000
rprop_delta_zero=0.100000
cascade_output_stagnation_epochs=12
cascade_candidate_change_fraction=0.010000
cascade_candidate_stagnation_epochs=12
cascade_max_out_epochs=150
cascade_min_out_epochs=50
cascade_max_cand_epochs=150
cascade_min_cand_epochs=50
cascade_num_candidate_groups=2
bit_fail_limit=3.49999994039535522461e-01
cascade_candidate_limit=1.00000000000000000000e+03
cascade_weight_multiplier=4.00000005960464477539e-01
cascade_activation_functions_count=10
cascade_activation_functions=3 5 7 8 10 11 14 15 16 17 
cascade_activation_steepnesses_count=4
cascade_activation_steepnesses=2.50000000000000000000e-01 5.00000000000000000000e-01 7.50000000000000000000e-01 1.00000000000000000000e+00 
layer_sizes=7 9 2 
scale_included=0
neurons (num_inputs, activation_function, activation_steepness)=(0, 0, 0.00000000000000000000e+00) (0, 0, 0.00000000000000000000e+00) (0, 0, 0.00000000000000000000e+00) (0, 0, 0.00000000000000000000e+00) (0, 0, 0.00000000000000000000e+00) (0, 0, 0.00000000000000000000e+00) (0, 0, 0.00000000000000000000e+00) (7, 3, 5.00000000000000000000e-01) (7, 3, 5.00000000000000000000e-01) (7, 3, 5.00000000000000000000e-01) (7, 3, 5.00000000000000000000e-01) (7, 3, 5.00000000000000000000e-01) (7, 3, 5.00000000000000000000e-01) (7, 3, 5.00000000000000000000e-01) (7, 3, 5.00000000000000000000e-01) (0, 3, 0.00000000000000000000e+00) (9, 3, 5.00000000000000000000e-01) (0, 3, 0.00000000000000000000e+00) 
connections (connected_to_neuron, weight)=(0, 1.35545969009399414062e-01) (1, -1.79359710216522216797e+00) (2, 6.07022209167480468750e+01) (3, -7.10371971130371093750e+00) (4, 1.66329279541969299316e-01) (5, -9.23946285247802734375e+00) (6, 5.44383764266967773438e+00) (0, 7.33842849731445312500e-02) (1, 6.22750163078308105469e-01) (2, 1.03101081848144531250e+01) (3, -4.07403802871704101562e+00) (4, -1.33271586894989013672e+00) (5, -1.50000000000000000000e+03) (6, 2.49175027012825012207e-01) (0, -1.84889125823974609375e+01) (1, 4.47396898269653320312e+00) (2, 2.15013866424560546875e+01) (3, 1.85254704952239990234e+00) (4, 6.97276067733764648438e+00) (5, 1.06447191238403320312e+01) (6, 2.49192094802856445312e+00) (0, 6.80947685241699218750e+00) (1, -4.99773120880126953125e+00) (2, 4.31229412555694580078e-01) (3, -4.41482448577880859375e+00) (4, -3.48072314262390136719e+00) (5, -9.93253886699676513672e-01) (6, 2.52478909492492675781e+00) (0, 3.67856249213218688965e-02) (1, 5.83624124526977539062e-01) (2, 6.00505256652832031250e+00) (3, -3.77382826805114746094e+00) (4, -1.13218832015991210938e+00) (5, -3.63905817270278930664e-01) (6, 5.50613105297088623047e-01) (0, -1.60223903656005859375e+01) (1, 1.43735446929931640625e+01) (2, -1.08543519973754882812e+01) (3, 1.02561748027801513672e+00) (4, 1.24213910102844238281e+00) (5, 5.36263179779052734375e+00) (6, 1.14193761348724365234e+00) (0, -7.43100643157958984375e+00) (1, -1.70015258789062500000e+01) (2, 1.21958762407302856445e-01) (3, -2.36914944648742675781e+00) (4, 6.24760031700134277344e-01) (5, 5.26822090148925781250e+00) (6, 4.58969640731811523438e+00) (0, -1.81501598358154296875e+01) (1, 1.66293792724609375000e+01) (2, -1.48556909561157226562e+01) (3, 4.45435380935668945312e+00) (4, -8.98973751068115234375e+00) (5, 1.48059711456298828125e+01) (6, 1.40627586841583251953e+00) (7, -1.78144085407257080078e+00) (8, -9.28303539752960205078e-01) (9, -5.21188199520111083984e-01) (10, -1.77223527431488037109e+00) (11, -4.57950383424758911133e-01) (12, -2.62334394454956054688e+00) (13, -3.12183594703674316406e+00) (14, -8.54953348636627197266e-01) (15, 2.44656562805175781250e+00) 
