FANN_FLO_2.1
num_layers=4
learning_rate=0.500000
connection_rate=1.000000
network_type=0
learning_momentum=0.000000
training_algorithm=2
train_error_function=1
train_stop_function=0
cascade_output_change_fraction=0.010000
quickprop_decay=-0.000100
quickprop_mu=1.750000
rprop_increase_factor=1.200000
rprop_decrease_factor=0.500000
rprop_delta_min=0.000000
rprop_delta_max=50.000000
rprop_delta_zero=0.100000
cascade_output_stagnation_epochs=12
cascade_candidate_change_fraction=0.010000
cascade_candidate_stagnation_epochs=12
cascade_max_out_epochs=150
cascade_min_out_epochs=50
cascade_max_cand_epochs=150
cascade_min_cand_epochs=50
cascade_num_candidate_groups=2
bit_fail_limit=3.49999994039535522461e-01
cascade_candidate_limit=1.00000000000000000000e+03
cascade_weight_multiplier=4.00000005960464477539e-01
cascade_activation_functions_count=10
cascade_activation_functions=3 5 7 8 10 11 14 15 16 17 
cascade_activation_steepnesses_count=4
cascade_activation_steepnesses=2.50000000000000000000e-01 5.00000000000000000000e-01 7.50000000000000000000e-01 1.00000000000000000000e+00 
layer_sizes=2 5 3 3 
scale_included=0
neurons (num_inputs, activation_function, activation_steepness)=(0, 0, 0.00000000000000000000e+00) (0, 0, 0.00000000000000000000e+00) (2, 3, 5.00000000000000000000e-01) (2, 3, 5.00000000000000000000e-01) (2, 3, 5.00000000000000000000e-01) (2, 3, 5.00000000000000000000e-01) (0, 3, 0.00000000000000000000e+00) (5, 3, 5.00000000000000000000e-01) (5, 3, 5.00000000000000000000e-01) (0, 3, 0.00000000000000000000e+00) (3, 0, 5.00000000000000000000e-01) (3, 0, 5.00000000000000000000e-01) (0, 0, 0.00000000000000000000e+00) 
connections (connected_to_neuron, weight)=(0, 1.20056915283203125000e+01) (1, -5.08816909790039062500e+00) (0, -7.43499450683593750000e+02) (1, 4.01384067535400390625e+00) (0, 1.47844038009643554688e+01) (1, -2.63445162773132324219e+00) (0, 1.65511150360107421875e+01) (1, -3.48409938812255859375e+00) (2, -2.92991328239440917969e+00) (3, -5.33950924873352050781e-02) (4, 8.57273936271667480469e-02) (5, -9.84440982341766357422e-01) (6, 3.75957578420639038086e-01) (2, -6.62632179260253906250e+00) (3, -9.57763433456420898438e-01) (4, 1.41925716400146484375e+01) (5, -8.76953125000000000000e+00) (6, -1.90206468105316162109e+00) (7, -4.12018865346908569336e-01) (8, -2.57555603981018066406e+00) (9, 4.92898315191268920898e-01) (7, 7.93697690963745117188e+00) (8, -5.22194147109985351562e-01) (9, -2.47244048118591308594e+00) 
