FANN_FLO_2.1
num_layers=3
learning_rate=0.400000
connection_rate=1.000000
network_type=0
learning_momentum=0.000000
training_algorithm=2
train_error_function=1
train_stop_function=0
cascade_output_change_fraction=0.010000
quickprop_decay=-0.000100
quickprop_mu=1.750000
rprop_increase_factor=1.200000
rprop_decrease_factor=0.500000
rprop_delta_min=0.000000
rprop_delta_max=50.000000
rprop_delta_zero=0.100000
cascade_output_stagnation_epochs=12
cascade_candidate_change_fraction=0.010000
cascade_candidate_stagnation_epochs=12
cascade_max_out_epochs=150
cascade_min_out_epochs=50
cascade_max_cand_epochs=150
cascade_min_cand_epochs=50
cascade_num_candidate_groups=2
bit_fail_limit=3.49999994039535522461e-01
cascade_candidate_limit=1.00000000000000000000e+03
cascade_weight_multiplier=4.00000005960464477539e-01
cascade_activation_functions_count=10
cascade_activation_functions=3 5 7 8 10 11 14 15 16 17 
cascade_activation_steepnesses_count=4
cascade_activation_steepnesses=2.50000000000000000000e-01 5.00000000000000000000e-01 7.50000000000000000000e-01 1.00000000000000000000e+00 
layer_sizes=7 9 2 
scale_included=0
neurons (num_inputs, activation_function, activation_steepness)=(0, 0, 0.00000000000000000000e+00) (0, 0, 0.00000000000000000000e+00) (0, 0, 0.00000000000000000000e+00) (0, 0, 0.00000000000000000000e+00) (0, 0, 0.00000000000000000000e+00) (0, 0, 0.00000000000000000000e+00) (0, 0, 0.00000000000000000000e+00) (7, 3, 5.00000000000000000000e-01) (7, 3, 5.00000000000000000000e-01) (7, 3, 5.00000000000000000000e-01) (7, 3, 5.00000000000000000000e-01) (7, 3, 5.00000000000000000000e-01) (7, 3, 5.00000000000000000000e-01) (7, 3, 5.00000000000000000000e-01) (7, 3, 5.00000000000000000000e-01) (0, 3, 0.00000000000000000000e+00) (9, 3, 5.00000000000000000000e-01) (0, 3, 0.00000000000000000000e+00) 
connections (connected_to_neuron, weight)=(0, -5.10362577438354492188e+00) (1, -1.52552974224090576172e+00) (2, 3.46137732267379760742e-01) (3, -5.03899049758911132812e+00) (4, -6.54034763574600219727e-02) (5, 1.64711976051330566406e+00) (6, 5.66431140899658203125e+00) (0, -7.97477340698242187500e+00) (1, 7.58208847045898437500e+00) (2, -5.96417236328125000000e+00) (3, -1.53664195537567138672e+00) (4, -6.17557644844055175781e-01) (5, -8.44091701507568359375e+00) (6, 2.84361302852630615234e-01) (0, 2.05969262123107910156e+00) (1, -4.12739658355712890625e+00) (2, 4.58086156845092773438e+00) (3, 1.59070894122123718262e-01) (4, -6.79445505142211914062e-01) (5, 1.21058613061904907227e-01) (6, 3.03891807794570922852e-01) (0, -8.58493685722351074219e-01) (1, 2.44912311434745788574e-01) (2, 9.91304302215576171875e+00) (3, -4.38782548904418945312e+00) (4, -1.78947103023529052734e+00) (5, 1.11005198955535888672e+00) (6, 1.63152217864990234375e+00) (0, 6.13723564147949218750e+00) (1, 1.34458974003791809082e-01) (2, -1.11891870498657226562e+01) (3, -4.89040374755859375000e+00) (4, -1.77910494804382324219e+00) (5, 2.96787261962890625000e-01) (6, -1.76330149173736572266e+00) (0, -4.45889204740524291992e-01) (1, -2.40250781178474426270e-01) (2, -5.98276495933532714844e-01) (3, -1.36996996402740478516e+00) (4, -7.10126280784606933594e-01) (5, -1.49077939987182617188e+00) (6, 3.45476955175399780273e-01) (0, 3.25215339660644531250e+00) (1, -4.47825765609741210938e+00) (2, 1.43256461620330810547e+00) (3, 2.28724408149719238281e+00) (4, -2.49937415122985839844e+00) (5, -7.83081710338592529297e-01) (6, 2.73284852504730224609e-01) (0, 4.18374347686767578125e+00) (1, -5.58890056610107421875e+00) (2, 6.28962802886962890625e+00) (3, -8.33059608936309814453e-01) (4, -3.67839872837066650391e-01) (5, 3.69660079479217529297e-01) (6, 3.49566191434860229492e-01) (7, -1.01324486732482910156e+00) (8, -1.13314857482910156250e+01) (9, -1.58076989650726318359e+00) (10, -4.07538950443267822266e-01) (11, -1.35523438453674316406e+00) (12, 1.24728002548217773438e+01) (13, -1.07590913772583007812e+00) (14, -3.97816300392150878906e+00) (15, -7.15426132082939147949e-02) 
