FANN_FLO_2.1
num_layers=4
learning_rate=0.500000
connection_rate=1.000000
network_type=0
learning_momentum=0.000000
training_algorithm=2
train_error_function=1
train_stop_function=0
cascade_output_change_fraction=0.010000
quickprop_decay=-0.000100
quickprop_mu=1.750000
rprop_increase_factor=1.200000
rprop_decrease_factor=0.500000
rprop_delta_min=0.000000
rprop_delta_max=50.000000
rprop_delta_zero=0.100000
cascade_output_stagnation_epochs=12
cascade_candidate_change_fraction=0.010000
cascade_candidate_stagnation_epochs=12
cascade_max_out_epochs=150
cascade_min_out_epochs=50
cascade_max_cand_epochs=150
cascade_min_cand_epochs=50
cascade_num_candidate_groups=2
bit_fail_limit=3.49999994039535522461e-01
cascade_candidate_limit=1.00000000000000000000e+03
cascade_weight_multiplier=4.00000005960464477539e-01
cascade_activation_functions_count=10
cascade_activation_functions=3 5 7 8 10 11 14 15 16 17 
cascade_activation_steepnesses_count=4
cascade_activation_steepnesses=2.50000000000000000000e-01 5.00000000000000000000e-01 7.50000000000000000000e-01 1.00000000000000000000e+00 
layer_sizes=10 3 3 2 
scale_included=0
neurons (num_inputs, activation_function, activation_steepness)=(0, 0, 0.00000000000000000000e+00) (0, 0, 0.00000000000000000000e+00) (0, 0, 0.00000000000000000000e+00) (0, 0, 0.00000000000000000000e+00) (0, 0, 0.00000000000000000000e+00) (0, 0, 0.00000000000000000000e+00) (0, 0, 0.00000000000000000000e+00) (0, 0, 0.00000000000000000000e+00) (0, 0, 0.00000000000000000000e+00) (0, 0, 0.00000000000000000000e+00) (10, 3, 5.00000000000000000000e-01) (10, 3, 5.00000000000000000000e-01) (0, 3, 0.00000000000000000000e+00) (3, 3, 5.00000000000000000000e-01) (3, 3, 5.00000000000000000000e-01) (0, 3, 0.00000000000000000000e+00) (3, 3, 5.00000000000000000000e-01) (0, 3, 0.00000000000000000000e+00) 
connections (connected_to_neuron, weight)=(0, 5.14655828475952148438e+00) (1, 1.16285181045532226562e+00) (2, 3.25222969055175781250e-01) (3, 7.68149316310882568359e-01) (4, -6.44791078567504882812e+00) (5, 3.13049077987670898438e-01) (6, -7.49671757221221923828e-01) (7, 6.79886865615844726562e+00) (8, 7.80845582485198974609e-02) (9, -5.83777475357055664062e+00) (0, -1.13374555110931396484e+00) (1, 2.64892041683197021484e-01) (2, 1.01194595336914062500e+02) (3, 1.28375196456909179688e+00) (4, 5.39593772888183593750e+01) (5, -3.54295867919921875000e+02) (6, 1.13684158325195312500e+01) (7, 1.13664257526397705078e+00) (8, 1.32232284545898437500e+02) (9, -7.96680688858032226562e+00) (10, -9.72188091278076171875e+00) (11, -1.92213207483291625977e-01) (12, 1.74453461170196533203e+00) (10, -3.41139678955078125000e+01) (11, 2.62249922752380371094e+00) (12, 2.42473053932189941406e+00) (13, 1.76691257953643798828e+00) (14, 1.52457773685455322266e+00) (15, -2.00108051300048828125e+00) 
