FANN_FLO_2.1
num_layers=3
learning_rate=0.500000
connection_rate=1.000000
network_type=0
learning_momentum=0.000000
training_algorithm=2
train_error_function=1
train_stop_function=0
cascade_output_change_fraction=0.010000
quickprop_decay=-0.000100
quickprop_mu=1.750000
rprop_increase_factor=1.200000
rprop_decrease_factor=0.500000
rprop_delta_min=0.000000
rprop_delta_max=50.000000
rprop_delta_zero=0.100000
cascade_output_stagnation_epochs=12
cascade_candidate_change_fraction=0.010000
cascade_candidate_stagnation_epochs=12
cascade_max_out_epochs=150
cascade_min_out_epochs=50
cascade_max_cand_epochs=150
cascade_min_cand_epochs=50
cascade_num_candidate_groups=2
bit_fail_limit=3.49999994039535522461e-01
cascade_candidate_limit=1.00000000000000000000e+03
cascade_weight_multiplier=4.00000005960464477539e-01
cascade_activation_functions_count=10
cascade_activation_functions=3 5 7 8 10 11 14 15 16 17 
cascade_activation_steepnesses_count=4
cascade_activation_steepnesses=2.50000000000000000000e-01 5.00000000000000000000e-01 7.50000000000000000000e-01 1.00000000000000000000e+00 
layer_sizes=10 3 2 
scale_included=0
neurons (num_inputs, activation_function, activation_steepness)=(0, 0, 0.00000000000000000000e+00) (0, 0, 0.00000000000000000000e+00) (0, 0, 0.00000000000000000000e+00) (0, 0, 0.00000000000000000000e+00) (0, 0, 0.00000000000000000000e+00) (0, 0, 0.00000000000000000000e+00) (0, 0, 0.00000000000000000000e+00) (0, 0, 0.00000000000000000000e+00) (0, 0, 0.00000000000000000000e+00) (0, 0, 0.00000000000000000000e+00) (10, 3, 5.00000000000000000000e-01) (10, 3, 5.00000000000000000000e-01) (0, 3, 0.00000000000000000000e+00) (3, 3, 5.00000000000000000000e-01) (0, 3, 0.00000000000000000000e+00) 
connections (connected_to_neuron, weight)=(0, -1.97344017028808593750e+00) (1, 1.48850667476654052734e+00) (2, 1.81554813385009765625e+01) (3, -3.35562169551849365234e-01) (4, 1.66079652309417724609e+00) (5, 3.91276621818542480469e+00) (6, -1.39578733444213867188e+01) (7, -4.88510751724243164062e+00) (8, -4.79318809509277343750e+00) (9, -4.05957251787185668945e-01) (0, -2.07564258575439453125e+00) (1, 7.11715459823608398438e-01) (2, 3.85688476562500000000e+01) (3, -1.12048473358154296875e+01) (4, -5.06594419479370117188e+00) (5, 3.97338247299194335938e+00) (6, -1.41889915466308593750e+01) (7, -1.98792442679405212402e-01) (8, -2.82314151525497436523e-01) (9, -1.74344539642333984375e+00) (10, 5.27491569519042968750e+00) (11, -5.25308942794799804688e+00) (12, 8.63548994064331054688e-01) 
