FANN_FLO_2.1
num_layers=3
learning_rate=0.500000
connection_rate=1.000000
network_type=0
learning_momentum=0.000000
training_algorithm=2
train_error_function=1
train_stop_function=0
cascade_output_change_fraction=0.010000
quickprop_decay=-0.000100
quickprop_mu=1.750000
rprop_increase_factor=1.200000
rprop_decrease_factor=0.500000
rprop_delta_min=0.000000
rprop_delta_max=50.000000
rprop_delta_zero=0.100000
cascade_output_stagnation_epochs=12
cascade_candidate_change_fraction=0.010000
cascade_candidate_stagnation_epochs=12
cascade_max_out_epochs=150
cascade_min_out_epochs=50
cascade_max_cand_epochs=150
cascade_min_cand_epochs=50
cascade_num_candidate_groups=2
bit_fail_limit=3.49999994039535522461e-01
cascade_candidate_limit=1.00000000000000000000e+03
cascade_weight_multiplier=4.00000005960464477539e-01
cascade_activation_functions_count=10
cascade_activation_functions=3 5 7 8 10 11 14 15 16 17 
cascade_activation_steepnesses_count=4
cascade_activation_steepnesses=2.50000000000000000000e-01 5.00000000000000000000e-01 7.50000000000000000000e-01 1.00000000000000000000e+00 
layer_sizes=10 5 2 
scale_included=0
neurons (num_inputs, activation_function, activation_steepness)=(0, 0, 0.00000000000000000000e+00) (0, 0, 0.00000000000000000000e+00) (0, 0, 0.00000000000000000000e+00) (0, 0, 0.00000000000000000000e+00) (0, 0, 0.00000000000000000000e+00) (0, 0, 0.00000000000000000000e+00) (0, 0, 0.00000000000000000000e+00) (0, 0, 0.00000000000000000000e+00) (0, 0, 0.00000000000000000000e+00) (0, 0, 0.00000000000000000000e+00) (10, 3, 5.00000000000000000000e-01) (10, 3, 5.00000000000000000000e-01) (10, 3, 5.00000000000000000000e-01) (10, 3, 5.00000000000000000000e-01) (0, 3, 0.00000000000000000000e+00) (5, 3, 5.00000000000000000000e-01) (0, 3, 0.00000000000000000000e+00) 
connections (connected_to_neuron, weight)=(0, -4.15803575515747070312e+00) (1, 2.33118324279785156250e+01) (2, 3.20437774658203125000e+01) (3, -1.10233771800994873047e+00) (4, -4.78044223785400390625e+00) (5, 4.88140907287597656250e+01) (6, -7.71280050277709960938e+00) (7, -7.43641662597656250000e+00) (8, -2.76146411895751953125e+01) (9, -9.25172269344329833984e-01) (0, 4.75103235244750976562e+00) (1, 2.76225733757019042969e+00) (2, 3.75461125373840332031e+00) (3, -2.88281500339508056641e-01) (4, -8.17923605442047119141e-01) (5, -4.14390850067138671875e+00) (6, -2.65590953826904296875e+00) (7, -3.97703218460083007812e+00) (8, -1.31197357177734375000e+00) (9, 3.82062017917633056641e-01) (0, -3.22473645210266113281e+00) (1, -2.44156765937805175781e+00) (2, 3.78432369232177734375e+00) (3, -1.38771915435791015625e+00) (4, 1.13640785217285156250e+00) (5, 1.53801274299621582031e+00) (6, -3.25326800346374511719e+00) (7, -4.17852115631103515625e+00) (8, 5.94747543334960937500e+00) (9, 4.12239879369735717773e-01) (0, -1.95567941665649414062e+00) (1, -1.08021318912506103516e+00) (2, -7.97491610050201416016e-01) (3, 7.55939679220318794250e-03) (4, -5.24052679538726806641e-01) (5, 3.87486308813095092773e-01) (6, 2.06772565841674804688e-01) (7, -2.37240433692932128906e+00) (8, -1.94570946693420410156e+00) (9, 9.82666671276092529297e-01) (10, -3.75460433959960937500e+00) (11, 3.15260624885559082031e+00) (12, 3.87684559822082519531e+00) (13, -3.56675291061401367188e+00) (14, 4.85901497304439544678e-02) 
