FANN_FLO_2.1
num_layers=3
learning_rate=0.400000
connection_rate=1.000000
network_type=0
learning_momentum=0.000000
training_algorithm=2
train_error_function=1
train_stop_function=0
cascade_output_change_fraction=0.010000
quickprop_decay=-0.000100
quickprop_mu=1.750000
rprop_increase_factor=1.200000
rprop_decrease_factor=0.500000
rprop_delta_min=0.000000
rprop_delta_max=50.000000
rprop_delta_zero=0.100000
cascade_output_stagnation_epochs=12
cascade_candidate_change_fraction=0.010000
cascade_candidate_stagnation_epochs=12
cascade_max_out_epochs=150
cascade_min_out_epochs=50
cascade_max_cand_epochs=150
cascade_min_cand_epochs=50
cascade_num_candidate_groups=2
bit_fail_limit=3.49999994039535522461e-01
cascade_candidate_limit=1.00000000000000000000e+03
cascade_weight_multiplier=4.00000005960464477539e-01
cascade_activation_functions_count=10
cascade_activation_functions=3 5 7 8 10 11 14 15 16 17 
cascade_activation_steepnesses_count=4
cascade_activation_steepnesses=2.50000000000000000000e-01 5.00000000000000000000e-01 7.50000000000000000000e-01 1.00000000000000000000e+00 
layer_sizes=7 5 2 
scale_included=0
neurons (num_inputs, activation_function, activation_steepness)=(0, 0, 0.00000000000000000000e+00) (0, 0, 0.00000000000000000000e+00) (0, 0, 0.00000000000000000000e+00) (0, 0, 0.00000000000000000000e+00) (0, 0, 0.00000000000000000000e+00) (0, 0, 0.00000000000000000000e+00) (0, 0, 0.00000000000000000000e+00) (7, 3, 5.00000000000000000000e-01) (7, 3, 5.00000000000000000000e-01) (7, 3, 5.00000000000000000000e-01) (7, 3, 5.00000000000000000000e-01) (0, 3, 0.00000000000000000000e+00) (5, 3, 5.00000000000000000000e-01) (0, 3, 0.00000000000000000000e+00) 
connections (connected_to_neuron, weight)=(0, 3.37247610092163085938e-01) (1, 1.87715649604797363281e-01) (2, -1.81323361396789550781e+00) (3, -6.06885623931884765625e+00) (4, -1.59130856394767761230e-01) (5, -1.94555866718292236328e+00) (6, 9.77997004985809326172e-01) (0, 2.74844884872436523438e+00) (1, -4.28555631637573242188e+00) (2, 2.34145774841308593750e+01) (3, -6.16054773330688476562e+00) (4, 6.48126304149627685547e-01) (5, -3.51620292663574218750e+00) (6, 4.02971458435058593750e+00) (0, 6.48612117767333984375e+00) (1, -9.83722496032714843750e+00) (2, 8.12609016895294189453e-01) (3, -3.82145023345947265625e+00) (4, -1.77329504489898681641e+00) (5, -1.18235921859741210938e+00) (6, 6.35078573226928710938e+00) (0, -1.19488697052001953125e+01) (1, 1.12966508865356445312e+01) (2, -3.41203093528747558594e+00) (3, 2.50520300865173339844e+00) (4, -4.69814151525497436523e-01) (5, 5.53518247604370117188e+00) (6, 4.18818205595016479492e-01) (7, -2.25341939926147460938e+00) (8, -7.05211162567138671875e-01) (9, -1.98668897151947021484e+00) (10, -3.71449589729309082031e+00) (11, 2.50349664688110351562e+00) 
