FANN_FLO_2.1
num_layers=4
learning_rate=0.500000
connection_rate=1.000000
network_type=0
learning_momentum=0.000000
training_algorithm=2
train_error_function=1
train_stop_function=0
cascade_output_change_fraction=0.010000
quickprop_decay=-0.000100
quickprop_mu=1.750000
rprop_increase_factor=1.200000
rprop_decrease_factor=0.500000
rprop_delta_min=0.000000
rprop_delta_max=50.000000
rprop_delta_zero=0.100000
cascade_output_stagnation_epochs=12
cascade_candidate_change_fraction=0.010000
cascade_candidate_stagnation_epochs=12
cascade_max_out_epochs=150
cascade_min_out_epochs=50
cascade_max_cand_epochs=150
cascade_min_cand_epochs=50
cascade_num_candidate_groups=2
bit_fail_limit=3.49999994039535522461e-01
cascade_candidate_limit=1.00000000000000000000e+03
cascade_weight_multiplier=4.00000005960464477539e-01
cascade_activation_functions_count=10
cascade_activation_functions=3 5 7 8 10 11 14 15 16 17 
cascade_activation_steepnesses_count=4
cascade_activation_steepnesses=2.50000000000000000000e-01 5.00000000000000000000e-01 7.50000000000000000000e-01 1.00000000000000000000e+00 
layer_sizes=10 3 3 2 
scale_included=0
neurons (num_inputs, activation_function, activation_steepness)=(0, 0, 0.00000000000000000000e+00) (0, 0, 0.00000000000000000000e+00) (0, 0, 0.00000000000000000000e+00) (0, 0, 0.00000000000000000000e+00) (0, 0, 0.00000000000000000000e+00) (0, 0, 0.00000000000000000000e+00) (0, 0, 0.00000000000000000000e+00) (0, 0, 0.00000000000000000000e+00) (0, 0, 0.00000000000000000000e+00) (0, 0, 0.00000000000000000000e+00) (10, 3, 5.00000000000000000000e-01) (10, 3, 5.00000000000000000000e-01) (0, 3, 0.00000000000000000000e+00) (3, 3, 5.00000000000000000000e-01) (3, 3, 5.00000000000000000000e-01) (0, 3, 0.00000000000000000000e+00) (3, 3, 5.00000000000000000000e-01) (0, 3, 0.00000000000000000000e+00) 
connections (connected_to_neuron, weight)=(0, 7.88746337890625000000e+01) (1, 7.56972742080688476562e+00) (2, 4.40081864595413208008e-01) (3, 8.22349548339843750000e+00) (4, -8.60578231811523437500e+01) (5, -1.13404945373535156250e+02) (6, 1.30508789062500000000e+02) (7, 6.53288497924804687500e+01) (8, -1.20969438552856445312e+01) (9, -7.08812534809112548828e-01) (0, 1.71095382690429687500e+02) (1, 1.58317077159881591797e+00) (2, -4.99403495788574218750e+01) (3, 1.17432981729507446289e-01) (4, -4.36629600524902343750e+01) (5, -9.38196182250976562500e+01) (6, 3.88056564331054687500e+01) (7, 1.48027124404907226562e+01) (8, -1.99191913604736328125e+01) (9, -3.40145492553710937500e+00) (10, -2.88101463317871093750e+01) (11, 1.22500000000000000000e+03) (12, 2.77965354919433593750e+01) (10, 1.16486169433593750000e+03) (11, 1.22500000000000000000e+03) (12, -9.47038497924804687500e+01) (13, -8.28522264957427978516e-01) (14, -1.81244575977325439453e+00) (15, 1.60690629482269287109e+00) 
