FANN_FLO_2.1
num_layers=3
learning_rate=0.400000
connection_rate=1.000000
network_type=0
learning_momentum=0.000000
training_algorithm=2
train_error_function=1
train_stop_function=0
cascade_output_change_fraction=0.010000
quickprop_decay=-0.000100
quickprop_mu=1.750000
rprop_increase_factor=1.200000
rprop_decrease_factor=0.500000
rprop_delta_min=0.000000
rprop_delta_max=50.000000
rprop_delta_zero=0.100000
cascade_output_stagnation_epochs=12
cascade_candidate_change_fraction=0.010000
cascade_candidate_stagnation_epochs=12
cascade_max_out_epochs=150
cascade_min_out_epochs=50
cascade_max_cand_epochs=150
cascade_min_cand_epochs=50
cascade_num_candidate_groups=2
bit_fail_limit=3.49999994039535522461e-01
cascade_candidate_limit=1.00000000000000000000e+03
cascade_weight_multiplier=4.00000005960464477539e-01
cascade_activation_functions_count=10
cascade_activation_functions=3 5 7 8 10 11 14 15 16 17 
cascade_activation_steepnesses_count=4
cascade_activation_steepnesses=2.50000000000000000000e-01 5.00000000000000000000e-01 7.50000000000000000000e-01 1.00000000000000000000e+00 
layer_sizes=19 3 3 
scale_included=0
neurons (num_inputs, activation_function, activation_steepness)=(0, 0, 0.00000000000000000000e+00) (0, 0, 0.00000000000000000000e+00) (0, 0, 0.00000000000000000000e+00) (0, 0, 0.00000000000000000000e+00) (0, 0, 0.00000000000000000000e+00) (0, 0, 0.00000000000000000000e+00) (0, 0, 0.00000000000000000000e+00) (0, 0, 0.00000000000000000000e+00) (0, 0, 0.00000000000000000000e+00) (0, 0, 0.00000000000000000000e+00) (0, 0, 0.00000000000000000000e+00) (0, 0, 0.00000000000000000000e+00) (0, 0, 0.00000000000000000000e+00) (0, 0, 0.00000000000000000000e+00) (0, 0, 0.00000000000000000000e+00) (0, 0, 0.00000000000000000000e+00) (0, 0, 0.00000000000000000000e+00) (0, 0, 0.00000000000000000000e+00) (0, 0, 0.00000000000000000000e+00) (19, 3, 5.00000000000000000000e-01) (19, 3, 5.00000000000000000000e-01) (0, 3, 0.00000000000000000000e+00) (3, 3, 5.00000000000000000000e-01) (3, 3, 5.00000000000000000000e-01) (0, 3, 0.00000000000000000000e+00) 
connections (connected_to_neuron, weight)=(0, -6.55851459503173828125e+00) (1, -6.84498453140258789062e+00) (2, 3.74464654922485351562e+00) (3, -2.37110805511474609375e+00) (4, -5.19125080108642578125e+00) (5, 1.24452149868011474609e+00) (6, -3.97370243072509765625e+00) (7, -6.95328474044799804688e+00) (8, 6.98195600509643554688e+00) (9, 5.30645942687988281250e+00) (10, 3.61980438232421875000e+00) (11, -4.42666673660278320312e+00) (12, 6.53464651107788085938e+00) (13, 8.28279495239257812500e+00) (14, -2.98301386833190917969e+00) (15, 4.98378038406372070312e+00) (16, 1.30234909057617187500e+00) (17, -1.81133687496185302734e+00) (18, -3.56125521659851074219e+00) (0, 6.12294244766235351562e+00) (1, 5.12077903747558593750e+00) (2, -7.68383085727691650391e-01) (3, 4.14669179916381835938e+00) (4, 4.28953504562377929688e+00) (5, 3.00116568803787231445e-01) (6, 6.23359823226928710938e+00) (7, 4.16803216934204101562e+00) (8, -2.64603137969970703125e+00) (9, -6.40514993667602539062e+00) (10, -4.44806528091430664062e+00) (11, 2.91521549224853515625e+00) (12, -7.71658134460449218750e+00) (13, -8.20024871826171875000e+00) (14, 1.70224595069885253906e+00) (15, -5.22609567642211914062e+00) (16, -2.44133782386779785156e+00) (17, 2.53135013580322265625e+00) (18, -3.07423043251037597656e+00) (19, -1.22424435615539550781e+00) (20, -1.19774937629699707031e+00) (21, 2.37552329897880554199e-01) (19, 1.22642338275909423828e+00) (20, 1.20071947574615478516e+00) (21, -2.38841369748115539551e-01) 
