FANN_FLO_2.1
num_layers=3
learning_rate=0.500000
connection_rate=1.000000
network_type=0
learning_momentum=0.000000
training_algorithm=2
train_error_function=1
train_stop_function=0
cascade_output_change_fraction=0.010000
quickprop_decay=-0.000100
quickprop_mu=1.750000
rprop_increase_factor=1.200000
rprop_decrease_factor=0.500000
rprop_delta_min=0.000000
rprop_delta_max=50.000000
rprop_delta_zero=0.100000
cascade_output_stagnation_epochs=12
cascade_candidate_change_fraction=0.010000
cascade_candidate_stagnation_epochs=12
cascade_max_out_epochs=150
cascade_min_out_epochs=50
cascade_max_cand_epochs=150
cascade_min_cand_epochs=50
cascade_num_candidate_groups=2
bit_fail_limit=3.49999994039535522461e-01
cascade_candidate_limit=1.00000000000000000000e+03
cascade_weight_multiplier=4.00000005960464477539e-01
cascade_activation_functions_count=10
cascade_activation_functions=3 5 7 8 10 11 14 15 16 17 
cascade_activation_steepnesses_count=4
cascade_activation_steepnesses=2.50000000000000000000e-01 5.00000000000000000000e-01 7.50000000000000000000e-01 1.00000000000000000000e+00 
layer_sizes=10 3 2 
scale_included=0
neurons (num_inputs, activation_function, activation_steepness)=(0, 0, 0.00000000000000000000e+00) (0, 0, 0.00000000000000000000e+00) (0, 0, 0.00000000000000000000e+00) (0, 0, 0.00000000000000000000e+00) (0, 0, 0.00000000000000000000e+00) (0, 0, 0.00000000000000000000e+00) (0, 0, 0.00000000000000000000e+00) (0, 0, 0.00000000000000000000e+00) (0, 0, 0.00000000000000000000e+00) (0, 0, 0.00000000000000000000e+00) (10, 3, 5.00000000000000000000e-01) (10, 3, 5.00000000000000000000e-01) (0, 3, 0.00000000000000000000e+00) (3, 3, 5.00000000000000000000e-01) (0, 3, 0.00000000000000000000e+00) 
connections (connected_to_neuron, weight)=(0, 1.25862097740173339844e+00) (1, 6.47539436817169189453e-01) (2, -1.49717517089843750000e+03) (3, 9.12554025650024414062e-01) (4, 1.04128186035156250000e+03) (5, -2.88208408355712890625e+01) (6, 1.36592437744140625000e+02) (7, 1.19153285026550292969e+00) (8, 9.46315860748291015625e+00) (9, 7.65908241271972656250e-01) (0, -2.81414437294006347656e+00) (1, -1.14545500278472900391e+00) (2, 1.78520545959472656250e+01) (3, 3.77631425857543945312e+00) (4, 3.76565074920654296875e+00) (5, 6.37104177474975585938e+00) (6, -7.66567039489746093750e+00) (7, -2.17102375030517578125e+01) (8, -4.32222318649291992188e+00) (9, 7.10603177547454833984e-01) (10, 4.15282583236694335938e+00) (11, 4.18391227722167968750e+00) (12, -3.28519058227539062500e+00) 
