FANN_FLO_2.1
num_layers=4
learning_rate=0.500000
connection_rate=1.000000
network_type=0
learning_momentum=0.000000
training_algorithm=2
train_error_function=1
train_stop_function=0
cascade_output_change_fraction=0.010000
quickprop_decay=-0.000100
quickprop_mu=1.750000
rprop_increase_factor=1.200000
rprop_decrease_factor=0.500000
rprop_delta_min=0.000000
rprop_delta_max=50.000000
rprop_delta_zero=0.100000
cascade_output_stagnation_epochs=12
cascade_candidate_change_fraction=0.010000
cascade_candidate_stagnation_epochs=12
cascade_max_out_epochs=150
cascade_min_out_epochs=50
cascade_max_cand_epochs=150
cascade_min_cand_epochs=50
cascade_num_candidate_groups=2
bit_fail_limit=3.49999994039535522461e-01
cascade_candidate_limit=1.00000000000000000000e+03
cascade_weight_multiplier=4.00000005960464477539e-01
cascade_activation_functions_count=10
cascade_activation_functions=3 5 7 8 10 11 14 15 16 17 
cascade_activation_steepnesses_count=4
cascade_activation_steepnesses=2.50000000000000000000e-01 5.00000000000000000000e-01 7.50000000000000000000e-01 1.00000000000000000000e+00 
layer_sizes=2 5 3 3 
scale_included=0
neurons (num_inputs, activation_function, activation_steepness)=(0, 0, 0.00000000000000000000e+00) (0, 0, 0.00000000000000000000e+00) (2, 3, 5.00000000000000000000e-01) (2, 3, 5.00000000000000000000e-01) (2, 3, 5.00000000000000000000e-01) (2, 3, 5.00000000000000000000e-01) (0, 3, 0.00000000000000000000e+00) (5, 3, 5.00000000000000000000e-01) (5, 3, 5.00000000000000000000e-01) (0, 3, 0.00000000000000000000e+00) (3, 0, 5.00000000000000000000e-01) (3, 0, 5.00000000000000000000e-01) (0, 0, 0.00000000000000000000e+00) 
connections (connected_to_neuron, weight)=(0, 1.50000000000000000000e+03) (1, 7.45875244140625000000e+01) (0, -4.69074676513671875000e+02) (1, 1.47046976089477539062e+01) (0, 1.15184335708618164062e+01) (1, -2.48032593727111816406e+00) (0, -1.48274927139282226562e+01) (1, 6.86597394943237304688e+00) (2, 1.69577801227569580078e+00) (3, -5.50495445728302001953e-01) (4, 4.90240907669067382812e+00) (5, -1.14291727542877197266e+00) (6, -2.19921112060546875000e+00) (2, -2.71021813154220581055e-01) (3, 6.50967657566070556641e-01) (4, 2.76788043975830078125e+00) (5, -1.93826675415039062500e+00) (6, -3.63947421312332153320e-01) (7, -4.39402437210083007812e+00) (8, 5.49024915695190429688e+00) (9, -2.42293596267700195312e-01) (7, -2.34545397758483886719e+00) (8, -3.54656934738159179688e+00) (9, 2.87560701370239257812e+00) 
