FANN_FLO_2.1
num_layers=4
learning_rate=0.500000
connection_rate=1.000000
network_type=0
learning_momentum=0.000000
training_algorithm=2
train_error_function=1
train_stop_function=0
cascade_output_change_fraction=0.010000
quickprop_decay=-0.000100
quickprop_mu=1.750000
rprop_increase_factor=1.200000
rprop_decrease_factor=0.500000
rprop_delta_min=0.000000
rprop_delta_max=50.000000
rprop_delta_zero=0.100000
cascade_output_stagnation_epochs=12
cascade_candidate_change_fraction=0.010000
cascade_candidate_stagnation_epochs=12
cascade_max_out_epochs=150
cascade_min_out_epochs=50
cascade_max_cand_epochs=150
cascade_min_cand_epochs=50
cascade_num_candidate_groups=2
bit_fail_limit=3.49999994039535522461e-01
cascade_candidate_limit=1.00000000000000000000e+03
cascade_weight_multiplier=4.00000005960464477539e-01
cascade_activation_functions_count=10
cascade_activation_functions=3 5 7 8 10 11 14 15 16 17 
cascade_activation_steepnesses_count=4
cascade_activation_steepnesses=2.50000000000000000000e-01 5.00000000000000000000e-01 7.50000000000000000000e-01 1.00000000000000000000e+00 
layer_sizes=2 5 3 3 
scale_included=0
neurons (num_inputs, activation_function, activation_steepness)=(0, 0, 0.00000000000000000000e+00) (0, 0, 0.00000000000000000000e+00) (2, 3, 5.00000000000000000000e-01) (2, 3, 5.00000000000000000000e-01) (2, 3, 5.00000000000000000000e-01) (2, 3, 5.00000000000000000000e-01) (0, 3, 0.00000000000000000000e+00) (5, 3, 5.00000000000000000000e-01) (5, 3, 5.00000000000000000000e-01) (0, 3, 0.00000000000000000000e+00) (3, 0, 5.00000000000000000000e-01) (3, 0, 5.00000000000000000000e-01) (0, 0, 0.00000000000000000000e+00) 
connections (connected_to_neuron, weight)=(0, 1.23367872238159179688e+01) (1, -4.72248554229736328125e+00) (0, 2.43441677093505859375e+01) (1, -5.40321254730224609375e+00) (0, 1.00183820724487304688e+01) (1, -4.62918138504028320312e+00) (0, 3.33756408691406250000e+01) (1, -1.17846953868865966797e+00) (2, -1.54150886535644531250e+01) (3, 7.20841979980468750000e+00) (4, 8.87062358856201171875e+00) (5, 2.59424614906311035156e+00) (6, -2.19994330406188964844e+00) (2, -1.82017922401428222656e+00) (3, -8.94518196582794189453e-01) (4, -2.15144705772399902344e+00) (5, 8.41869235038757324219e-01) (6, 1.06511127948760986328e+00) (7, -2.66559433937072753906e+00) (8, -1.67750442028045654297e+00) (9, 1.72595191001892089844e+00) (7, -1.95470571517944335938e+00) (8, 5.03631258010864257812e+00) (9, -1.55313718318939208984e+00) 
