FANN_FLO_2.1
num_layers=4
learning_rate=0.500000
connection_rate=1.000000
network_type=0
learning_momentum=0.000000
training_algorithm=2
train_error_function=1
train_stop_function=0
cascade_output_change_fraction=0.010000
quickprop_decay=-0.000100
quickprop_mu=1.750000
rprop_increase_factor=1.200000
rprop_decrease_factor=0.500000
rprop_delta_min=0.000000
rprop_delta_max=50.000000
rprop_delta_zero=0.100000
cascade_output_stagnation_epochs=12
cascade_candidate_change_fraction=0.010000
cascade_candidate_stagnation_epochs=12
cascade_max_out_epochs=150
cascade_min_out_epochs=50
cascade_max_cand_epochs=150
cascade_min_cand_epochs=50
cascade_num_candidate_groups=2
bit_fail_limit=3.49999994039535522461e-01
cascade_candidate_limit=1.00000000000000000000e+03
cascade_weight_multiplier=4.00000005960464477539e-01
cascade_activation_functions_count=10
cascade_activation_functions=3 5 7 8 10 11 14 15 16 17 
cascade_activation_steepnesses_count=4
cascade_activation_steepnesses=2.50000000000000000000e-01 5.00000000000000000000e-01 7.50000000000000000000e-01 1.00000000000000000000e+00 
layer_sizes=2 5 3 3 
scale_included=0
neurons (num_inputs, activation_function, activation_steepness)=(0, 0, 0.00000000000000000000e+00) (0, 0, 0.00000000000000000000e+00) (2, 3, 5.00000000000000000000e-01) (2, 3, 5.00000000000000000000e-01) (2, 3, 5.00000000000000000000e-01) (2, 3, 5.00000000000000000000e-01) (0, 3, 0.00000000000000000000e+00) (5, 3, 5.00000000000000000000e-01) (5, 3, 5.00000000000000000000e-01) (0, 3, 0.00000000000000000000e+00) (3, 0, 5.00000000000000000000e-01) (3, 0, 5.00000000000000000000e-01) (0, 0, 0.00000000000000000000e+00) 
connections (connected_to_neuron, weight)=(0, -2.11733951568603515625e+01) (1, 2.94216513633728027344e-01) (0, -1.58864269256591796875e+01) (1, 7.11142587661743164062e+00) (0, -5.70527763366699218750e+01) (1, 1.46931781768798828125e+01) (0, -1.91108722686767578125e+01) (1, 5.24228513240814208984e-01) (2, -3.81090119481086730957e-03) (3, -1.41275680065155029297e+00) (4, 2.41394901275634765625e+00) (5, 5.83305692672729492188e+00) (6, -1.46285521984100341797e+00) (2, -6.31632232666015625000e+01) (3, 4.46045064926147460938e+00) (4, 7.56598968505859375000e+01) (5, -6.30274848937988281250e+01) (6, -3.08125567436218261719e+00) (7, 1.95088803768157958984e+00) (8, -2.20597553253173828125e+00) (9, -1.82511255145072937012e-01) (7, 3.33570027351379394531e+00) (8, 2.01199746131896972656e+00) (9, -2.79249191284179687500e+00) 
