FANN_FLO_2.1
num_layers=4
learning_rate=0.400000
connection_rate=1.000000
network_type=0
learning_momentum=0.000000
training_algorithm=2
train_error_function=1
train_stop_function=0
cascade_output_change_fraction=0.010000
quickprop_decay=-0.000100
quickprop_mu=1.750000
rprop_increase_factor=1.200000
rprop_decrease_factor=0.500000
rprop_delta_min=0.000000
rprop_delta_max=50.000000
rprop_delta_zero=0.100000
cascade_output_stagnation_epochs=12
cascade_candidate_change_fraction=0.010000
cascade_candidate_stagnation_epochs=12
cascade_max_out_epochs=150
cascade_min_out_epochs=50
cascade_max_cand_epochs=150
cascade_min_cand_epochs=50
cascade_num_candidate_groups=2
bit_fail_limit=3.49999994039535522461e-01
cascade_candidate_limit=1.00000000000000000000e+03
cascade_weight_multiplier=4.00000005960464477539e-01
cascade_activation_functions_count=10
cascade_activation_functions=3 5 7 8 10 11 14 15 16 17 
cascade_activation_steepnesses_count=4
cascade_activation_steepnesses=2.50000000000000000000e-01 5.00000000000000000000e-01 7.50000000000000000000e-01 1.00000000000000000000e+00 
layer_sizes=7 5 5 2 
scale_included=0
neurons (num_inputs, activation_function, activation_steepness)=(0, 0, 0.00000000000000000000e+00) (0, 0, 0.00000000000000000000e+00) (0, 0, 0.00000000000000000000e+00) (0, 0, 0.00000000000000000000e+00) (0, 0, 0.00000000000000000000e+00) (0, 0, 0.00000000000000000000e+00) (0, 0, 0.00000000000000000000e+00) (7, 3, 5.00000000000000000000e-01) (7, 3, 5.00000000000000000000e-01) (7, 3, 5.00000000000000000000e-01) (7, 3, 5.00000000000000000000e-01) (0, 3, 0.00000000000000000000e+00) (5, 3, 5.00000000000000000000e-01) (5, 3, 5.00000000000000000000e-01) (5, 3, 5.00000000000000000000e-01) (5, 3, 5.00000000000000000000e-01) (0, 3, 0.00000000000000000000e+00) (5, 3, 5.00000000000000000000e-01) (0, 3, 0.00000000000000000000e+00) 
connections (connected_to_neuron, weight)=(0, -4.45294570922851562500e+00) (1, -1.57407379150390625000e+00) (2, 3.11947879791259765625e+01) (3, -4.50213432312011718750e+00) (4, -7.99404525756835937500e+00) (5, 2.74091768264770507812e+00) (6, 5.22948026657104492188e+00) (0, -7.25890111923217773438e+00) (1, 3.27260732650756835938e+00) (2, -4.54857349395751953125e-01) (3, -1.45296168327331542969e+00) (4, -3.16270518302917480469e+00) (5, 3.74163448810577392578e-01) (6, 5.41084575653076171875e+00) (0, -3.75111150741577148438e+00) (1, 1.70418453216552734375e+00) (2, -5.51757392883300781250e+01) (3, -6.62849855422973632812e+00) (4, 5.17521286010742187500e+00) (5, -4.83182579278945922852e-01) (6, 3.25429272651672363281e+00) (0, -1.47469763183593750000e+03) (1, 1.50000000000000000000e+03) (2, 2.25589004516601562500e+02) (3, 4.82427429199218750000e+02) (4, -1.50000000000000000000e+03) (5, -1.50000000000000000000e+03) (6, -1.26465927124023437500e+02) (7, -1.66276741027832031250e+01) (8, 3.10782852172851562500e+01) (9, -6.60477876663208007812e+00) (10, -1.66226310729980468750e+01) (11, -1.03438758850097656250e+00) (7, -7.99424219131469726562e+00) (8, 3.13967323303222656250e+00) (9, 1.86716365814208984375e+00) (10, 2.33498535156250000000e+01) (11, -2.59419417381286621094e+00) (7, 6.64036035537719726562e+00) (8, 1.83028030395507812500e+01) (9, -2.34875392913818359375e+00) (10, -1.17286815643310546875e+01) (11, -8.40448474884033203125e+00) (7, 4.47310562133789062500e+01) (8, -2.14873600006103515625e+01) (9, 1.39156703948974609375e+01) (10, 1.94718872070312500000e+02) (11, -5.93875598907470703125e+00) (12, -7.68649160861968994141e-01) (13, -1.78482735157012939453e+00) (14, -7.77939021587371826172e-01) (15, -1.63375163078308105469e+00) (16, -4.41359996795654296875e-01) 
