FANN_FLO_2.1
num_layers=4
learning_rate=0.500000
connection_rate=1.000000
network_type=0
learning_momentum=0.000000
training_algorithm=2
train_error_function=1
train_stop_function=0
cascade_output_change_fraction=0.010000
quickprop_decay=-0.000100
quickprop_mu=1.750000
rprop_increase_factor=1.200000
rprop_decrease_factor=0.500000
rprop_delta_min=0.000000
rprop_delta_max=50.000000
rprop_delta_zero=0.100000
cascade_output_stagnation_epochs=12
cascade_candidate_change_fraction=0.010000
cascade_candidate_stagnation_epochs=12
cascade_max_out_epochs=150
cascade_min_out_epochs=50
cascade_max_cand_epochs=150
cascade_min_cand_epochs=50
cascade_num_candidate_groups=2
bit_fail_limit=3.49999994039535522461e-01
cascade_candidate_limit=1.00000000000000000000e+03
cascade_weight_multiplier=4.00000005960464477539e-01
cascade_activation_functions_count=10
cascade_activation_functions=3 5 7 8 10 11 14 15 16 17 
cascade_activation_steepnesses_count=4
cascade_activation_steepnesses=2.50000000000000000000e-01 5.00000000000000000000e-01 7.50000000000000000000e-01 1.00000000000000000000e+00 
layer_sizes=10 5 3 2 
scale_included=0
neurons (num_inputs, activation_function, activation_steepness)=(0, 0, 0.00000000000000000000e+00) (0, 0, 0.00000000000000000000e+00) (0, 0, 0.00000000000000000000e+00) (0, 0, 0.00000000000000000000e+00) (0, 0, 0.00000000000000000000e+00) (0, 0, 0.00000000000000000000e+00) (0, 0, 0.00000000000000000000e+00) (0, 0, 0.00000000000000000000e+00) (0, 0, 0.00000000000000000000e+00) (0, 0, 0.00000000000000000000e+00) (10, 3, 5.00000000000000000000e-01) (10, 3, 5.00000000000000000000e-01) (10, 3, 5.00000000000000000000e-01) (10, 3, 5.00000000000000000000e-01) (0, 3, 0.00000000000000000000e+00) (5, 3, 5.00000000000000000000e-01) (5, 3, 5.00000000000000000000e-01) (0, 3, 0.00000000000000000000e+00) (3, 3, 5.00000000000000000000e-01) (0, 3, 0.00000000000000000000e+00) 
connections (connected_to_neuron, weight)=(0, -4.51647949218750000000e+00) (1, 2.90883708000183105469e+00) (2, -1.25466995239257812500e+01) (3, 1.39937043190002441406e-01) (4, -9.10018682479858398438e-02) (5, 1.20390689373016357422e+00) (6, 9.06063747406005859375e+00) (7, -4.00800481438636779785e-02) (8, 3.50790476799011230469e+00) (9, 1.04157578945159912109e+00) (0, -5.17907381057739257812e+00) (1, -1.37755170464515686035e-01) (2, 2.19123053550720214844e+00) (3, -3.39321780204772949219e+00) (4, -5.52925825119018554688e-01) (5, 7.74563074111938476562e-01) (6, -4.04787480831146240234e-01) (7, -8.70870113372802734375e+00) (8, -1.13729965686798095703e+00) (9, 3.80181503295898437500e+00) (0, -4.81282186508178710938e+00) (1, 2.55562424659729003906e+00) (2, -1.25221725463867187500e+02) (3, 6.36397078633308410645e-02) (4, 4.97704893350601196289e-01) (5, 1.92861646413803100586e-01) (6, -1.17847824096679687500e+01) (7, -4.65460443496704101562e+00) (8, -1.23877298831939697266e+00) (9, 5.82399606704711914062e-01) (0, -4.88040876388549804688e+00) (1, 2.11464905738830566406e+00) (2, -5.87992286682128906250e+01) (3, 3.06097179651260375977e-01) (4, 1.49306878447532653809e-01) (5, 1.92766815423965454102e-01) (6, -1.31499710083007812500e+01) (7, -2.70028322935104370117e-01) (8, -1.76126551628112792969e+00) (9, 1.41515326499938964844e+00) (10, 6.05535507202148437500e+00) (11, 7.15464448928833007812e+00) (12, 2.86697924137115478516e-01) (13, 3.65401208400726318359e-02) (14, -2.54011535644531250000e+00) (10, 8.10642814636230468750e+00) (11, 1.15731897354125976562e+01) (12, 1.23192157745361328125e+01) (13, -4.09099912643432617188e+00) (14, -4.08097696304321289062e+00) (15, 2.87731260061264038086e-01) (16, 4.53213512897491455078e-01) (17, 1.38580098748207092285e-01) 
