FANN_FLO_2.1
num_layers=4
learning_rate=0.500000
connection_rate=1.000000
network_type=0
learning_momentum=0.000000
training_algorithm=2
train_error_function=1
train_stop_function=0
cascade_output_change_fraction=0.010000
quickprop_decay=-0.000100
quickprop_mu=1.750000
rprop_increase_factor=1.200000
rprop_decrease_factor=0.500000
rprop_delta_min=0.000000
rprop_delta_max=50.000000
rprop_delta_zero=0.100000
cascade_output_stagnation_epochs=12
cascade_candidate_change_fraction=0.010000
cascade_candidate_stagnation_epochs=12
cascade_max_out_epochs=150
cascade_min_out_epochs=50
cascade_max_cand_epochs=150
cascade_min_cand_epochs=50
cascade_num_candidate_groups=2
bit_fail_limit=3.49999994039535522461e-01
cascade_candidate_limit=1.00000000000000000000e+03
cascade_weight_multiplier=4.00000005960464477539e-01
cascade_activation_functions_count=10
cascade_activation_functions=3 5 7 8 10 11 14 15 16 17 
cascade_activation_steepnesses_count=4
cascade_activation_steepnesses=2.50000000000000000000e-01 5.00000000000000000000e-01 7.50000000000000000000e-01 1.00000000000000000000e+00 
layer_sizes=2 5 5 3 
scale_included=0
neurons (num_inputs, activation_function, activation_steepness)=(0, 0, 0.00000000000000000000e+00) (0, 0, 0.00000000000000000000e+00) (2, 3, 5.00000000000000000000e-01) (2, 3, 5.00000000000000000000e-01) (2, 3, 5.00000000000000000000e-01) (2, 3, 5.00000000000000000000e-01) (0, 3, 0.00000000000000000000e+00) (5, 3, 5.00000000000000000000e-01) (5, 3, 5.00000000000000000000e-01) (5, 3, 5.00000000000000000000e-01) (5, 3, 5.00000000000000000000e-01) (0, 3, 0.00000000000000000000e+00) (5, 0, 5.00000000000000000000e-01) (5, 0, 5.00000000000000000000e-01) (0, 0, 0.00000000000000000000e+00) 
connections (connected_to_neuron, weight)=(0, 1.52104368209838867188e+01) (1, -5.98274469375610351562e+00) (0, 1.32137308120727539062e+01) (1, -6.70064210891723632812e+00) (0, 9.84075355529785156250e+00) (1, -1.92620563507080078125e+00) (0, 1.16376876831054687500e+01) (1, -2.60586667060852050781e+00) (2, 3.88878750801086425781e+00) (3, 2.92431235313415527344e+00) (4, -3.72634577751159667969e+00) (5, -4.07349824905395507812e+00) (6, 1.20155799388885498047e+00) (2, -3.50546312332153320312e+00) (3, -7.87110996246337890625e+00) (4, 3.95428681373596191406e+00) (5, 8.01800284534692764282e-03) (6, -7.90707245469093322754e-02) (2, -4.24388351440429687500e+01) (3, -1.40905065917968750000e+03) (4, 1.61647281646728515625e+01) (5, 2.26449527740478515625e+01) (6, -2.10903406143188476562e+00) (2, -4.14826679229736328125e+00) (3, -2.20295166969299316406e+00) (4, -3.15004102885723114014e-02) (5, -2.41003656387329101562e+00) (6, 1.33911693096160888672e+00) (7, 4.39161729812622070312e+00) (8, -1.23953175544738769531e+00) (9, -8.00861656665802001953e-01) (10, -1.20320868492126464844e+00) (11, -7.09442555904388427734e-01) (7, 8.41012775897979736328e-01) (8, 8.05079698562622070312e-01) (9, 2.99248874187469482422e-01) (10, 4.02591705322265625000e+00) (11, -2.18122243881225585938e+00) 
