FANN_FLO_2.1
num_layers=3
learning_rate=0.500000
connection_rate=1.000000
network_type=0
learning_momentum=0.000000
training_algorithm=2
train_error_function=1
train_stop_function=0
cascade_output_change_fraction=0.010000
quickprop_decay=-0.000100
quickprop_mu=1.750000
rprop_increase_factor=1.200000
rprop_decrease_factor=0.500000
rprop_delta_min=0.000000
rprop_delta_max=50.000000
rprop_delta_zero=0.100000
cascade_output_stagnation_epochs=12
cascade_candidate_change_fraction=0.010000
cascade_candidate_stagnation_epochs=12
cascade_max_out_epochs=150
cascade_min_out_epochs=50
cascade_max_cand_epochs=150
cascade_min_cand_epochs=50
cascade_num_candidate_groups=2
bit_fail_limit=3.49999994039535522461e-01
cascade_candidate_limit=1.00000000000000000000e+03
cascade_weight_multiplier=4.00000005960464477539e-01
cascade_activation_functions_count=10
cascade_activation_functions=3 5 7 8 10 11 14 15 16 17 
cascade_activation_steepnesses_count=4
cascade_activation_steepnesses=2.50000000000000000000e-01 5.00000000000000000000e-01 7.50000000000000000000e-01 1.00000000000000000000e+00 
layer_sizes=10 5 2 
scale_included=0
neurons (num_inputs, activation_function, activation_steepness)=(0, 0, 0.00000000000000000000e+00) (0, 0, 0.00000000000000000000e+00) (0, 0, 0.00000000000000000000e+00) (0, 0, 0.00000000000000000000e+00) (0, 0, 0.00000000000000000000e+00) (0, 0, 0.00000000000000000000e+00) (0, 0, 0.00000000000000000000e+00) (0, 0, 0.00000000000000000000e+00) (0, 0, 0.00000000000000000000e+00) (0, 0, 0.00000000000000000000e+00) (10, 3, 5.00000000000000000000e-01) (10, 3, 5.00000000000000000000e-01) (10, 3, 5.00000000000000000000e-01) (10, 3, 5.00000000000000000000e-01) (0, 3, 0.00000000000000000000e+00) (5, 3, 5.00000000000000000000e-01) (0, 3, 0.00000000000000000000e+00) 
connections (connected_to_neuron, weight)=(0, 1.23105786740779876709e-01) (1, -6.24576091766357421875e-01) (2, 3.50837821960449218750e+01) (3, -1.29377412796020507812e+00) (4, -2.75079321861267089844e+00) (5, -4.47000920772552490234e-01) (6, -1.11807823181152343750e+01) (7, 2.71291047334671020508e-01) (8, -6.25666093826293945312e+00) (9, -2.18848514556884765625e+00) (0, -1.53533029556274414062e+00) (1, 2.46915125846862792969e+00) (2, 4.29128021001815795898e-01) (3, -1.04685075581073760986e-01) (4, 8.50064098834991455078e-01) (5, 1.28369796276092529297e+00) (6, -3.35774332284927368164e-01) (7, -3.11776041984558105469e+00) (8, -2.16843888163566589355e-01) (9, -2.43287067860364913940e-02) (0, 9.59539294242858886719e-01) (1, -1.87444186210632324219e+00) (2, 3.20562338829040527344e+00) (3, 2.09752655029296875000e+00) (4, -1.70233857631683349609e+00) (5, 2.26185035705566406250e+00) (6, -5.31952083110809326172e-01) (7, -2.12005186080932617188e+00) (8, -3.08866333961486816406e+00) (9, -2.01128780841827392578e-01) (0, 1.67412126064300537109e+00) (1, 2.43813085556030273438e+00) (2, 1.55928945541381835938e+01) (3, -3.88599425554275512695e-01) (4, -9.25137341022491455078e-01) (5, -6.66375994682312011719e-01) (6, -9.61926555633544921875e+00) (7, -7.89813280105590820312e+00) (8, -5.33378981053829193115e-02) (9, -1.17440950870513916016e+00) (10, -3.64539623260498046875e+00) (11, 3.04731559753417968750e+00) (12, -2.14604473114013671875e+00) (13, 3.40863966941833496094e+00) (14, 2.91462987661361694336e-01) 
