FANN_FLO_2.1
num_layers=4
learning_rate=0.500000
connection_rate=1.000000
network_type=0
learning_momentum=0.000000
training_algorithm=2
train_error_function=1
train_stop_function=0
cascade_output_change_fraction=0.010000
quickprop_decay=-0.000100
quickprop_mu=1.750000
rprop_increase_factor=1.200000
rprop_decrease_factor=0.500000
rprop_delta_min=0.000000
rprop_delta_max=50.000000
rprop_delta_zero=0.100000
cascade_output_stagnation_epochs=12
cascade_candidate_change_fraction=0.010000
cascade_candidate_stagnation_epochs=12
cascade_max_out_epochs=150
cascade_min_out_epochs=50
cascade_max_cand_epochs=150
cascade_min_cand_epochs=50
cascade_num_candidate_groups=2
bit_fail_limit=3.49999994039535522461e-01
cascade_candidate_limit=1.00000000000000000000e+03
cascade_weight_multiplier=4.00000005960464477539e-01
cascade_activation_functions_count=10
cascade_activation_functions=3 5 7 8 10 11 14 15 16 17 
cascade_activation_steepnesses_count=4
cascade_activation_steepnesses=2.50000000000000000000e-01 5.00000000000000000000e-01 7.50000000000000000000e-01 1.00000000000000000000e+00 
layer_sizes=10 3 3 2 
scale_included=0
neurons (num_inputs, activation_function, activation_steepness)=(0, 0, 0.00000000000000000000e+00) (0, 0, 0.00000000000000000000e+00) (0, 0, 0.00000000000000000000e+00) (0, 0, 0.00000000000000000000e+00) (0, 0, 0.00000000000000000000e+00) (0, 0, 0.00000000000000000000e+00) (0, 0, 0.00000000000000000000e+00) (0, 0, 0.00000000000000000000e+00) (0, 0, 0.00000000000000000000e+00) (0, 0, 0.00000000000000000000e+00) (10, 3, 5.00000000000000000000e-01) (10, 3, 5.00000000000000000000e-01) (0, 3, 0.00000000000000000000e+00) (3, 3, 5.00000000000000000000e-01) (3, 3, 5.00000000000000000000e-01) (0, 3, 0.00000000000000000000e+00) (3, 3, 5.00000000000000000000e-01) (0, 3, 0.00000000000000000000e+00) 
connections (connected_to_neuron, weight)=(0, 4.55438184738159179688e+00) (1, 3.12250494956970214844e-01) (2, -3.55623550415039062500e+01) (3, 4.93820235133171081543e-02) (4, 2.19550800323486328125e+01) (5, 5.26857852935791015625e+00) (6, -4.02674579620361328125e+00) (7, 9.79757785797119140625e-01) (8, -5.98396420478820800781e-01) (9, 2.83585995435714721680e-01) (0, -2.17505717277526855469e+00) (1, 2.19783857464790344238e-01) (2, -2.82432341575622558594e+00) (3, -1.72421348094940185547e+00) (4, 1.13676385879516601562e+01) (5, 2.21166372299194335938e+00) (6, -1.21720724105834960938e+01) (7, -1.30552780628204345703e+00) (8, -1.42759263515472412109e+00) (9, 1.05071985721588134766e+00) (10, 2.02444839477539062500e+01) (11, 1.02911758422851562500e+01) (12, -4.56225061416625976562e+00) (10, 6.46499300003051757812e+00) (11, 1.23964557647705078125e+01) (12, -5.31809520721435546875e+00) (13, 7.26696968078613281250e-01) (14, 1.20264720916748046875e+00) (15, -1.05094587802886962891e+00) 
