FANN_FLO_2.1
num_layers=3
learning_rate=0.400000
connection_rate=1.000000
network_type=0
learning_momentum=0.000000
training_algorithm=2
train_error_function=1
train_stop_function=0
cascade_output_change_fraction=0.010000
quickprop_decay=-0.000100
quickprop_mu=1.750000
rprop_increase_factor=1.200000
rprop_decrease_factor=0.500000
rprop_delta_min=0.000000
rprop_delta_max=50.000000
rprop_delta_zero=0.100000
cascade_output_stagnation_epochs=12
cascade_candidate_change_fraction=0.010000
cascade_candidate_stagnation_epochs=12
cascade_max_out_epochs=150
cascade_min_out_epochs=50
cascade_max_cand_epochs=150
cascade_min_cand_epochs=50
cascade_num_candidate_groups=2
bit_fail_limit=3.49999994039535522461e-01
cascade_candidate_limit=1.00000000000000000000e+03
cascade_weight_multiplier=4.00000005960464477539e-01
cascade_activation_functions_count=10
cascade_activation_functions=3 5 7 8 10 11 14 15 16 17 
cascade_activation_steepnesses_count=4
cascade_activation_steepnesses=2.50000000000000000000e-01 5.00000000000000000000e-01 7.50000000000000000000e-01 1.00000000000000000000e+00 
layer_sizes=7 5 2 
scale_included=0
neurons (num_inputs, activation_function, activation_steepness)=(0, 0, 0.00000000000000000000e+00) (0, 0, 0.00000000000000000000e+00) (0, 0, 0.00000000000000000000e+00) (0, 0, 0.00000000000000000000e+00) (0, 0, 0.00000000000000000000e+00) (0, 0, 0.00000000000000000000e+00) (0, 0, 0.00000000000000000000e+00) (7, 3, 5.00000000000000000000e-01) (7, 3, 5.00000000000000000000e-01) (7, 3, 5.00000000000000000000e-01) (7, 3, 5.00000000000000000000e-01) (0, 3, 0.00000000000000000000e+00) (5, 3, 5.00000000000000000000e-01) (0, 3, 0.00000000000000000000e+00) 
connections (connected_to_neuron, weight)=(0, -8.91631424427032470703e-01) (1, -7.71119022369384765625e+00) (2, -8.27746093273162841797e-01) (3, 1.41746687889099121094e+00) (4, 3.18224644660949707031e+00) (5, 1.52424097061157226562e+00) (6, -2.23499250411987304688e+00) (0, 4.22922039031982421875e+00) (1, -2.52570509910583496094e+00) (2, -4.22000026702880859375e+00) (3, 3.15011405944824218750e+00) (4, -8.61147820949554443359e-01) (5, 7.25199127197265625000e+00) (6, -4.80128049850463867188e+00) (0, -5.40259170532226562500e+00) (1, -2.50603961944580078125e+00) (2, 4.39705562591552734375e+00) (3, 4.71235132217407226562e+00) (4, 1.39316403865814208984e+00) (5, -7.12828159332275390625e-01) (6, -5.33983564376831054688e+00) (0, 1.46551132202148437500e+00) (1, -2.86799383163452148438e+00) (2, 5.47350311279296875000e+00) (3, -3.26139307022094726562e+00) (4, 7.50562667846679687500e+00) (5, -1.14967355728149414062e+01) (6, -3.06809282302856445312e+00) (7, 5.18949460983276367188e+00) (8, 2.44392704963684082031e+00) (9, 2.24736380577087402344e+00) (10, 2.88031697273254394531e+00) (11, -2.37246537208557128906e+00) 
