FANN_FLO_2.1
num_layers=3
learning_rate=0.500000
connection_rate=1.000000
network_type=0
learning_momentum=0.000000
training_algorithm=2
train_error_function=1
train_stop_function=0
cascade_output_change_fraction=0.010000
quickprop_decay=-0.000100
quickprop_mu=1.750000
rprop_increase_factor=1.200000
rprop_decrease_factor=0.500000
rprop_delta_min=0.000000
rprop_delta_max=50.000000
rprop_delta_zero=0.100000
cascade_output_stagnation_epochs=12
cascade_candidate_change_fraction=0.010000
cascade_candidate_stagnation_epochs=12
cascade_max_out_epochs=150
cascade_min_out_epochs=50
cascade_max_cand_epochs=150
cascade_min_cand_epochs=50
cascade_num_candidate_groups=2
bit_fail_limit=3.49999994039535522461e-01
cascade_candidate_limit=1.00000000000000000000e+03
cascade_weight_multiplier=4.00000005960464477539e-01
cascade_activation_functions_count=10
cascade_activation_functions=3 5 7 8 10 11 14 15 16 17 
cascade_activation_steepnesses_count=4
cascade_activation_steepnesses=2.50000000000000000000e-01 5.00000000000000000000e-01 7.50000000000000000000e-01 1.00000000000000000000e+00 
layer_sizes=10 3 2 
scale_included=0
neurons (num_inputs, activation_function, activation_steepness)=(0, 0, 0.00000000000000000000e+00) (0, 0, 0.00000000000000000000e+00) (0, 0, 0.00000000000000000000e+00) (0, 0, 0.00000000000000000000e+00) (0, 0, 0.00000000000000000000e+00) (0, 0, 0.00000000000000000000e+00) (0, 0, 0.00000000000000000000e+00) (0, 0, 0.00000000000000000000e+00) (0, 0, 0.00000000000000000000e+00) (0, 0, 0.00000000000000000000e+00) (10, 3, 5.00000000000000000000e-01) (10, 3, 5.00000000000000000000e-01) (0, 3, 0.00000000000000000000e+00) (3, 3, 5.00000000000000000000e-01) (0, 3, 0.00000000000000000000e+00) 
connections (connected_to_neuron, weight)=(0, -1.20360364913940429688e+01) (1, -6.97565126419067382812e+00) (2, 6.85037088394165039062e+00) (3, 2.38755016326904296875e+01) (4, 8.95783710479736328125e+00) (5, -1.21375904083251953125e+01) (6, -3.02278780937194824219e+00) (7, -1.08841645717620849609e+00) (8, -8.78135204315185546875e+00) (9, -2.82106471061706542969e+00) (0, -8.25044441223144531250e+00) (1, 8.50014114379882812500e+00) (2, 1.29286117553710937500e+01) (3, -3.91536092758178710938e+00) (4, 1.11207008361816406250e+01) (5, -1.70672855377197265625e+01) (6, -1.74797611236572265625e+01) (7, 1.45560874938964843750e+01) (8, -1.42053103446960449219e+00) (9, -3.02945804595947265625e+00) (10, 2.12393689155578613281e+00) (11, 2.03467106819152832031e+00) (12, -1.03514790534973144531e+00) 
