FANN_FLO_2.1
num_layers=3
learning_rate=0.400000
connection_rate=1.000000
network_type=0
learning_momentum=0.000000
training_algorithm=2
train_error_function=1
train_stop_function=0
cascade_output_change_fraction=0.010000
quickprop_decay=-0.000100
quickprop_mu=1.750000
rprop_increase_factor=1.200000
rprop_decrease_factor=0.500000
rprop_delta_min=0.000000
rprop_delta_max=50.000000
rprop_delta_zero=0.100000
cascade_output_stagnation_epochs=12
cascade_candidate_change_fraction=0.010000
cascade_candidate_stagnation_epochs=12
cascade_max_out_epochs=150
cascade_min_out_epochs=50
cascade_max_cand_epochs=150
cascade_min_cand_epochs=50
cascade_num_candidate_groups=2
bit_fail_limit=3.49999994039535522461e-01
cascade_candidate_limit=1.00000000000000000000e+03
cascade_weight_multiplier=4.00000005960464477539e-01
cascade_activation_functions_count=10
cascade_activation_functions=3 5 7 8 10 11 14 15 16 17 
cascade_activation_steepnesses_count=4
cascade_activation_steepnesses=2.50000000000000000000e-01 5.00000000000000000000e-01 7.50000000000000000000e-01 1.00000000000000000000e+00 
layer_sizes=7 5 2 
scale_included=0
neurons (num_inputs, activation_function, activation_steepness)=(0, 0, 0.00000000000000000000e+00) (0, 0, 0.00000000000000000000e+00) (0, 0, 0.00000000000000000000e+00) (0, 0, 0.00000000000000000000e+00) (0, 0, 0.00000000000000000000e+00) (0, 0, 0.00000000000000000000e+00) (0, 0, 0.00000000000000000000e+00) (7, 3, 5.00000000000000000000e-01) (7, 3, 5.00000000000000000000e-01) (7, 3, 5.00000000000000000000e-01) (7, 3, 5.00000000000000000000e-01) (0, 3, 0.00000000000000000000e+00) (5, 3, 5.00000000000000000000e-01) (0, 3, 0.00000000000000000000e+00) 
connections (connected_to_neuron, weight)=(0, 8.69076442718505859375e+00) (1, -1.83130896091461181641e+00) (2, -1.79498977661132812500e+01) (3, -1.25299892425537109375e+01) (4, -6.17899799346923828125e+00) (5, 2.91933679580688476562e+00) (6, 4.86834859848022460938e+00) (0, 1.47274847030639648438e+01) (1, -1.69388599395751953125e+01) (2, 9.92259597778320312500e+00) (3, -2.72013616561889648438e+00) (4, 3.41772615909576416016e-01) (5, 3.51251387596130371094e+00) (6, -3.44144630432128906250e+00) (0, -3.26082849502563476562e+00) (1, -9.88450813293457031250e+00) (2, 3.30938148498535156250e+01) (3, -1.10129404067993164062e+01) (4, -3.39172124862670898438e+00) (5, 1.59755554199218750000e+01) (6, 2.25288844108581542969e+00) (0, -9.26286315917968750000e+00) (1, 7.43134069442749023438e+00) (2, -4.34235483407974243164e-01) (3, -1.03254806995391845703e+00) (4, -5.16121268272399902344e-01) (5, -5.39046764373779296875e+00) (6, 7.84265875816345214844e-01) (7, -7.50602364540100097656e-01) (8, -5.86161279678344726562e+00) (9, -1.04841637611389160156e+00) (10, -7.34804725646972656250e+00) (11, -2.98110425472259521484e-01) 
