FANN_FLO_2.1
num_layers=4
learning_rate=0.400000
connection_rate=1.000000
network_type=0
learning_momentum=0.000000
training_algorithm=2
train_error_function=1
train_stop_function=0
cascade_output_change_fraction=0.010000
quickprop_decay=-0.000100
quickprop_mu=1.750000
rprop_increase_factor=1.200000
rprop_decrease_factor=0.500000
rprop_delta_min=0.000000
rprop_delta_max=50.000000
rprop_delta_zero=0.100000
cascade_output_stagnation_epochs=12
cascade_candidate_change_fraction=0.010000
cascade_candidate_stagnation_epochs=12
cascade_max_out_epochs=150
cascade_min_out_epochs=50
cascade_max_cand_epochs=150
cascade_min_cand_epochs=50
cascade_num_candidate_groups=2
bit_fail_limit=3.49999994039535522461e-01
cascade_candidate_limit=1.00000000000000000000e+03
cascade_weight_multiplier=4.00000005960464477539e-01
cascade_activation_functions_count=10
cascade_activation_functions=3 5 7 8 10 11 14 15 16 17 
cascade_activation_steepnesses_count=4
cascade_activation_steepnesses=2.50000000000000000000e-01 5.00000000000000000000e-01 7.50000000000000000000e-01 1.00000000000000000000e+00 
layer_sizes=7 5 5 2 
scale_included=0
neurons (num_inputs, activation_function, activation_steepness)=(0, 0, 0.00000000000000000000e+00) (0, 0, 0.00000000000000000000e+00) (0, 0, 0.00000000000000000000e+00) (0, 0, 0.00000000000000000000e+00) (0, 0, 0.00000000000000000000e+00) (0, 0, 0.00000000000000000000e+00) (0, 0, 0.00000000000000000000e+00) (7, 3, 5.00000000000000000000e-01) (7, 3, 5.00000000000000000000e-01) (7, 3, 5.00000000000000000000e-01) (7, 3, 5.00000000000000000000e-01) (0, 3, 0.00000000000000000000e+00) (5, 3, 5.00000000000000000000e-01) (5, 3, 5.00000000000000000000e-01) (5, 3, 5.00000000000000000000e-01) (5, 3, 5.00000000000000000000e-01) (0, 3, 0.00000000000000000000e+00) (5, 3, 5.00000000000000000000e-01) (0, 3, 0.00000000000000000000e+00) 
connections (connected_to_neuron, weight)=(0, 5.49693822860717773438e+00) (1, -1.02008848190307617188e+01) (2, -8.80305528640747070312e-01) (3, -5.05278587341308593750e+00) (4, -2.40867376327514648438e+00) (5, 5.40349864959716796875e+00) (6, -2.94702947139739990234e-01) (0, -7.64317274093627929688e+00) (1, 6.01731395721435546875e+00) (2, -6.03566646575927734375e-01) (3, -2.55100035667419433594e+00) (4, -9.91150140762329101562e-01) (5, -1.31666259765625000000e+03) (6, 5.08534073829650878906e-01) (0, 5.48111438751220703125e-01) (1, 3.85813862085342407227e-01) (2, 1.08806905746459960938e+01) (3, -4.34365701675415039062e+00) (4, 8.75851571559906005859e-01) (5, 2.02238154411315917969e+00) (6, -2.24338293075561523438e+00) (0, -3.53228569030761718750e+00) (1, -3.36083745956420898438e+00) (2, -8.29133701324462890625e+00) (3, -6.20855808258056640625e+00) (4, -3.39015078544616699219e+00) (5, 1.75634527206420898438e+00) (6, 5.33474349975585937500e+00) (7, 4.88930587768554687500e+01) (8, 7.35207939147949218750e+00) (9, 3.83707451820373535156e+00) (10, 3.50902318954467773438e+00) (11, -2.84980869293212890625e+00) (7, 1.41654943847656250000e+03) (8, -1.54425544738769531250e+01) (9, 7.92823791503906250000e+00) (10, -7.65575981140136718750e+00) (11, 5.30676722526550292969e-01) (7, 6.91174793243408203125e+00) (8, 1.10593700408935546875e+01) (9, 1.26414179801940917969e+00) (10, -5.18091058731079101562e+00) (11, -2.83415603637695312500e+00) (7, 7.86805677413940429688e+00) (8, 1.29729948043823242188e+01) (9, -9.30654430389404296875e+00) (10, -2.23329186439514160156e+00) (11, -1.60086011886596679688e+00) (12, -7.20964193344116210938e-01) (13, -6.24012112617492675781e-01) (14, -6.60715150833129882812e+00) (15, -3.20322418212890625000e+00) (16, -5.35738095641136169434e-02) 
