FANN_FLO_2.1
num_layers=3
learning_rate=0.500000
connection_rate=1.000000
network_type=0
learning_momentum=0.000000
training_algorithm=2
train_error_function=1
train_stop_function=0
cascade_output_change_fraction=0.010000
quickprop_decay=-0.000100
quickprop_mu=1.750000
rprop_increase_factor=1.200000
rprop_decrease_factor=0.500000
rprop_delta_min=0.000000
rprop_delta_max=50.000000
rprop_delta_zero=0.100000
cascade_output_stagnation_epochs=12
cascade_candidate_change_fraction=0.010000
cascade_candidate_stagnation_epochs=12
cascade_max_out_epochs=150
cascade_min_out_epochs=50
cascade_max_cand_epochs=150
cascade_min_cand_epochs=50
cascade_num_candidate_groups=2
bit_fail_limit=3.49999994039535522461e-01
cascade_candidate_limit=1.00000000000000000000e+03
cascade_weight_multiplier=4.00000005960464477539e-01
cascade_activation_functions_count=10
cascade_activation_functions=3 5 7 8 10 11 14 15 16 17 
cascade_activation_steepnesses_count=4
cascade_activation_steepnesses=2.50000000000000000000e-01 5.00000000000000000000e-01 7.50000000000000000000e-01 1.00000000000000000000e+00 
layer_sizes=10 3 2 
scale_included=0
neurons (num_inputs, activation_function, activation_steepness)=(0, 0, 0.00000000000000000000e+00) (0, 0, 0.00000000000000000000e+00) (0, 0, 0.00000000000000000000e+00) (0, 0, 0.00000000000000000000e+00) (0, 0, 0.00000000000000000000e+00) (0, 0, 0.00000000000000000000e+00) (0, 0, 0.00000000000000000000e+00) (0, 0, 0.00000000000000000000e+00) (0, 0, 0.00000000000000000000e+00) (0, 0, 0.00000000000000000000e+00) (10, 3, 5.00000000000000000000e-01) (10, 3, 5.00000000000000000000e-01) (0, 3, 0.00000000000000000000e+00) (3, 3, 5.00000000000000000000e-01) (0, 3, 0.00000000000000000000e+00) 
connections (connected_to_neuron, weight)=(0, -9.80547904968261718750e-01) (1, 1.00282490253448486328e+00) (2, 1.03708052635192871094e+00) (3, -1.26411616802215576172e+00) (4, 3.34439277648925781250e+00) (5, 1.14867858886718750000e+01) (6, -1.80518455505371093750e+01) (7, 1.31939387321472167969e+00) (8, -9.04777884483337402344e-01) (9, 3.92237842082977294922e-01) (0, -5.90400457382202148438e-01) (1, -6.88187170028686523438e+00) (2, -1.50000000000000000000e+03) (3, 2.73428797721862792969e+00) (4, 3.43333792686462402344e+00) (5, -2.08476567268371582031e+00) (6, 3.63547533750534057617e-01) (7, 3.07766819000244140625e+00) (8, -5.43527030944824218750e+00) (9, 2.96786248683929443359e-01) (10, 3.44743204116821289062e+00) (11, 3.72616291046142578125e+00) (12, -2.55928587913513183594e+00) 
