FANN_FLO_2.1
num_layers=3
learning_rate=0.400000
connection_rate=1.000000
network_type=0
learning_momentum=0.000000
training_algorithm=2
train_error_function=1
train_stop_function=0
cascade_output_change_fraction=0.010000
quickprop_decay=-0.000100
quickprop_mu=1.750000
rprop_increase_factor=1.200000
rprop_decrease_factor=0.500000
rprop_delta_min=0.000000
rprop_delta_max=50.000000
rprop_delta_zero=0.100000
cascade_output_stagnation_epochs=12
cascade_candidate_change_fraction=0.010000
cascade_candidate_stagnation_epochs=12
cascade_max_out_epochs=150
cascade_min_out_epochs=50
cascade_max_cand_epochs=150
cascade_min_cand_epochs=50
cascade_num_candidate_groups=2
bit_fail_limit=3.49999994039535522461e-01
cascade_candidate_limit=1.00000000000000000000e+03
cascade_weight_multiplier=4.00000005960464477539e-01
cascade_activation_functions_count=10
cascade_activation_functions=3 5 7 8 10 11 14 15 16 17 
cascade_activation_steepnesses_count=4
cascade_activation_steepnesses=2.50000000000000000000e-01 5.00000000000000000000e-01 7.50000000000000000000e-01 1.00000000000000000000e+00 
layer_sizes=7 5 2 
scale_included=0
neurons (num_inputs, activation_function, activation_steepness)=(0, 0, 0.00000000000000000000e+00) (0, 0, 0.00000000000000000000e+00) (0, 0, 0.00000000000000000000e+00) (0, 0, 0.00000000000000000000e+00) (0, 0, 0.00000000000000000000e+00) (0, 0, 0.00000000000000000000e+00) (0, 0, 0.00000000000000000000e+00) (7, 3, 5.00000000000000000000e-01) (7, 3, 5.00000000000000000000e-01) (7, 3, 5.00000000000000000000e-01) (7, 3, 5.00000000000000000000e-01) (0, 3, 0.00000000000000000000e+00) (5, 3, 5.00000000000000000000e-01) (0, 3, 0.00000000000000000000e+00) 
connections (connected_to_neuron, weight)=(0, -2.01901229858398437500e+02) (1, 1.64369140625000000000e+02) (2, -1.17687962949275970459e-01) (3, -4.00503784418106079102e-01) (4, 4.64330291748046875000e+00) (5, -3.12997875213623046875e+01) (6, 1.83747637271881103516e+00) (0, 8.17651629447937011719e-01) (1, -3.23156189918518066406e+00) (2, -3.28746175765991210938e+00) (3, 4.39032125473022460938e+00) (4, 4.92967106401920318604e-02) (5, 9.38295745849609375000e+00) (6, -6.69723224639892578125e+00) (0, -5.59804081916809082031e-01) (1, -2.43942284584045410156e+00) (2, 5.25400066375732421875e+00) (3, -2.54158616065979003906e+00) (4, 5.61491823196411132812e+00) (5, -1.73472595214843750000e+01) (6, -1.38818686828017234802e-02) (0, -7.05721426010131835938e+00) (1, -2.30843234062194824219e+00) (2, -9.61597979068756103516e-01) (3, 1.78900361061096191406e+00) (4, 3.47788882255554199219e+00) (5, 1.30183827877044677734e+00) (6, -2.33481311798095703125e+00) (7, -6.93979454040527343750e+00) (8, 2.26241564750671386719e+00) (9, 2.88564968109130859375e+00) (10, 4.25695848464965820312e+00) (11, -1.96167147159576416016e+00) 
