FANN_FLO_2.1
num_layers=4
learning_rate=0.500000
connection_rate=1.000000
network_type=0
learning_momentum=0.000000
training_algorithm=2
train_error_function=1
train_stop_function=0
cascade_output_change_fraction=0.010000
quickprop_decay=-0.000100
quickprop_mu=1.750000
rprop_increase_factor=1.200000
rprop_decrease_factor=0.500000
rprop_delta_min=0.000000
rprop_delta_max=50.000000
rprop_delta_zero=0.100000
cascade_output_stagnation_epochs=12
cascade_candidate_change_fraction=0.010000
cascade_candidate_stagnation_epochs=12
cascade_max_out_epochs=150
cascade_min_out_epochs=50
cascade_max_cand_epochs=150
cascade_min_cand_epochs=50
cascade_num_candidate_groups=2
bit_fail_limit=3.49999994039535522461e-01
cascade_candidate_limit=1.00000000000000000000e+03
cascade_weight_multiplier=4.00000005960464477539e-01
cascade_activation_functions_count=10
cascade_activation_functions=3 5 7 8 10 11 14 15 16 17 
cascade_activation_steepnesses_count=4
cascade_activation_steepnesses=2.50000000000000000000e-01 5.00000000000000000000e-01 7.50000000000000000000e-01 1.00000000000000000000e+00 
layer_sizes=10 5 3 2 
scale_included=0
neurons (num_inputs, activation_function, activation_steepness)=(0, 0, 0.00000000000000000000e+00) (0, 0, 0.00000000000000000000e+00) (0, 0, 0.00000000000000000000e+00) (0, 0, 0.00000000000000000000e+00) (0, 0, 0.00000000000000000000e+00) (0, 0, 0.00000000000000000000e+00) (0, 0, 0.00000000000000000000e+00) (0, 0, 0.00000000000000000000e+00) (0, 0, 0.00000000000000000000e+00) (0, 0, 0.00000000000000000000e+00) (10, 3, 5.00000000000000000000e-01) (10, 3, 5.00000000000000000000e-01) (10, 3, 5.00000000000000000000e-01) (10, 3, 5.00000000000000000000e-01) (0, 3, 0.00000000000000000000e+00) (5, 3, 5.00000000000000000000e-01) (5, 3, 5.00000000000000000000e-01) (0, 3, 0.00000000000000000000e+00) (3, 3, 5.00000000000000000000e-01) (0, 3, 0.00000000000000000000e+00) 
connections (connected_to_neuron, weight)=(0, 1.42863178253173828125e+01) (1, 1.72148942947387695312e+00) (2, 1.78628110885620117188e+00) (3, -5.14987945556640625000e+00) (4, 3.18973697721958160400e-02) (5, 6.16874837875366210938e+00) (6, -1.10498657226562500000e+01) (7, -1.03701221942901611328e+00) (8, -2.25173786282539367676e-01) (9, 1.02495200932025909424e-01) (0, 3.87154966592788696289e-01) (1, -1.70077085494995117188e+00) (2, -6.16118907928466796875e-01) (3, 1.02248821258544921875e+01) (4, 3.22931337356567382812e+00) (5, -3.44636774063110351562e+00) (6, 4.01102781295776367188e-01) (7, -6.45332384109497070312e+00) (8, -5.48214864730834960938e+00) (9, 6.67370676994323730469e-01) (0, 1.06438720226287841797e+00) (1, 1.17654285430908203125e+01) (2, 1.48189187049865722656e+00) (3, 2.48589739203453063965e-01) (4, 7.53895854949951171875e+00) (5, 8.78559231758117675781e-01) (6, -2.79025077819824218750e+00) (7, -3.74227409362792968750e+01) (8, 1.72590303421020507812e+00) (9, 1.30685377120971679688e+01) (0, -8.76032352447509765625e+00) (1, -2.87315344810485839844e+00) (2, -1.81278049945831298828e-01) (3, 3.99004667997360229492e-01) (4, 4.11966532468795776367e-01) (5, 9.91493606567382812500e+00) (6, -2.23189091682434082031e+00) (7, -5.51036000251770019531e-01) (8, 9.78830456733703613281e-02) (9, 3.75719279050827026367e-01) (10, -7.15822935104370117188e+00) (11, 1.47190132141113281250e+01) (12, -3.87310004234313964844e+00) (13, 2.28184280395507812500e+01) (14, -6.87383532524108886719e-01) (10, -2.43972754478454589844e+00) (11, 1.39279088973999023438e+01) (12, -3.85411620140075683594e+00) (13, 1.18755311965942382812e+01) (14, -3.85765910148620605469e-01) (15, 1.35231530666351318359e+00) (16, 1.20450937747955322266e+00) (17, -1.67971599102020263672e+00) 
