FANN_FLO_2.1
num_layers=3
learning_rate=0.400000
connection_rate=1.000000
network_type=0
learning_momentum=0.000000
training_algorithm=2
train_error_function=1
train_stop_function=0
cascade_output_change_fraction=0.010000
quickprop_decay=-0.000100
quickprop_mu=1.750000
rprop_increase_factor=1.200000
rprop_decrease_factor=0.500000
rprop_delta_min=0.000000
rprop_delta_max=50.000000
rprop_delta_zero=0.100000
cascade_output_stagnation_epochs=12
cascade_candidate_change_fraction=0.010000
cascade_candidate_stagnation_epochs=12
cascade_max_out_epochs=150
cascade_min_out_epochs=50
cascade_max_cand_epochs=150
cascade_min_cand_epochs=50
cascade_num_candidate_groups=2
bit_fail_limit=3.49999994039535522461e-01
cascade_candidate_limit=1.00000000000000000000e+03
cascade_weight_multiplier=4.00000005960464477539e-01
cascade_activation_functions_count=10
cascade_activation_functions=3 5 7 8 10 11 14 15 16 17 
cascade_activation_steepnesses_count=4
cascade_activation_steepnesses=2.50000000000000000000e-01 5.00000000000000000000e-01 7.50000000000000000000e-01 1.00000000000000000000e+00 
layer_sizes=7 5 2 
scale_included=0
neurons (num_inputs, activation_function, activation_steepness)=(0, 0, 0.00000000000000000000e+00) (0, 0, 0.00000000000000000000e+00) (0, 0, 0.00000000000000000000e+00) (0, 0, 0.00000000000000000000e+00) (0, 0, 0.00000000000000000000e+00) (0, 0, 0.00000000000000000000e+00) (0, 0, 0.00000000000000000000e+00) (7, 3, 5.00000000000000000000e-01) (7, 3, 5.00000000000000000000e-01) (7, 3, 5.00000000000000000000e-01) (7, 3, 5.00000000000000000000e-01) (0, 3, 0.00000000000000000000e+00) (5, 3, 5.00000000000000000000e-01) (0, 3, 0.00000000000000000000e+00) 
connections (connected_to_neuron, weight)=(0, -4.27376699447631835938e+00) (1, 8.35341572761535644531e-01) (2, 1.41542100906372070312e+00) (3, -1.55443716049194335938e+00) (4, -2.48181533813476562500e+00) (5, 3.43905180692672729492e-01) (6, 1.77536666393280029297e+00) (0, -2.48115852475166320801e-01) (1, -3.91657447814941406250e+00) (2, 4.26682025194168090820e-01) (3, 1.65821588039398193359e+00) (4, -1.50139307975769042969e+00) (5, 6.55963754653930664062e+00) (6, -3.38184189796447753906e+00) (0, -3.84803128242492675781e+00) (1, -2.77096414566040039062e+00) (2, -9.17827963829040527344e-01) (3, 8.05133223533630371094e-01) (4, 2.72984814643859863281e+00) (5, 2.44728028774261474609e-01) (6, -1.34908556938171386719e+00) (0, -9.44222068786621093750e+00) (1, 8.41746747493743896484e-01) (2, -1.15502393245697021484e+00) (3, 1.19018805027008056641e+00) (4, -2.45951318740844726562e+00) (5, 7.81039190292358398438e+00) (6, 3.21603393554687500000e+00) (7, -2.70118260383605957031e+00) (8, 3.37553429603576660156e+00) (9, 6.39969730377197265625e+00) (10, -2.52721118927001953125e+00) (11, 6.53469026088714599609e-01) 
