FANN_FLO_2.1
num_layers=3
learning_rate=0.400000
connection_rate=1.000000
network_type=0
learning_momentum=0.000000
training_algorithm=2
train_error_function=1
train_stop_function=0
cascade_output_change_fraction=0.010000
quickprop_decay=-0.000100
quickprop_mu=1.750000
rprop_increase_factor=1.200000
rprop_decrease_factor=0.500000
rprop_delta_min=0.000000
rprop_delta_max=50.000000
rprop_delta_zero=0.100000
cascade_output_stagnation_epochs=12
cascade_candidate_change_fraction=0.010000
cascade_candidate_stagnation_epochs=12
cascade_max_out_epochs=150
cascade_min_out_epochs=50
cascade_max_cand_epochs=150
cascade_min_cand_epochs=50
cascade_num_candidate_groups=2
bit_fail_limit=3.49999994039535522461e-01
cascade_candidate_limit=1.00000000000000000000e+03
cascade_weight_multiplier=4.00000005960464477539e-01
cascade_activation_functions_count=10
cascade_activation_functions=3 5 7 8 10 11 14 15 16 17 
cascade_activation_steepnesses_count=4
cascade_activation_steepnesses=2.50000000000000000000e-01 5.00000000000000000000e-01 7.50000000000000000000e-01 1.00000000000000000000e+00 
layer_sizes=7 9 2 
scale_included=0
neurons (num_inputs, activation_function, activation_steepness)=(0, 0, 0.00000000000000000000e+00) (0, 0, 0.00000000000000000000e+00) (0, 0, 0.00000000000000000000e+00) (0, 0, 0.00000000000000000000e+00) (0, 0, 0.00000000000000000000e+00) (0, 0, 0.00000000000000000000e+00) (0, 0, 0.00000000000000000000e+00) (7, 3, 5.00000000000000000000e-01) (7, 3, 5.00000000000000000000e-01) (7, 3, 5.00000000000000000000e-01) (7, 3, 5.00000000000000000000e-01) (7, 3, 5.00000000000000000000e-01) (7, 3, 5.00000000000000000000e-01) (7, 3, 5.00000000000000000000e-01) (7, 3, 5.00000000000000000000e-01) (0, 3, 0.00000000000000000000e+00) (9, 3, 5.00000000000000000000e-01) (0, 3, 0.00000000000000000000e+00) 
connections (connected_to_neuron, weight)=(0, 1.50000000000000000000e+03) (1, 1.49533447265625000000e+03) (2, 1.50000000000000000000e+03) (3, 1.05022370815277099609e+00) (4, 2.95285034179687500000e+00) (5, -3.67312043905258178711e-01) (6, -1.24480463564395904541e-01) (0, -2.50470489263534545898e-01) (1, 4.37910258769989013672e-01) (2, -2.99620842933654785156e+00) (3, 2.58949875831604003906e-01) (4, 1.92380189895629882812e-01) (5, 3.49389225244522094727e-01) (6, 1.18992388248443603516e+00) (0, -1.16475796699523925781e+00) (1, -2.36444377899169921875e+00) (2, -2.01391625404357910156e+00) (3, 1.88141155242919921875e+00) (4, -1.51176249980926513672e+00) (5, 7.11562442779541015625e+00) (6, -2.50660967826843261719e+00) (0, -1.21055519580841064453e+00) (1, -1.12359476089477539062e+00) (2, -2.54779005050659179688e+00) (3, 3.45825886726379394531e+00) (4, -1.63047838211059570312e+00) (5, 1.81691646575927734375e+00) (6, -2.09147787094116210938e+00) (0, -3.85545873641967773438e+00) (1, -2.98442649841308593750e+00) (2, -3.55634117126464843750e+00) (3, 8.44587087631225585938e-01) (4, 3.16106081008911132812e+00) (5, 2.09462213516235351562e+00) (6, -1.51418626308441162109e+00) (0, 3.91782665252685546875e+00) (1, -8.35912644863128662109e-01) (2, -7.70454555749893188477e-02) (3, 9.86323833465576171875e-01) (4, 2.93868660926818847656e+00) (5, -3.94966185092926025391e-01) (6, -2.26205801963806152344e+00) (0, 4.78308677673339843750e+00) (1, 1.36154794692993164062e+00) (2, -3.73846173286437988281e+00) (3, -2.76017785072326660156e+00) (4, -1.31157231330871582031e+00) (5, 1.36237335205078125000e+00) (6, 2.39573979377746582031e+00) (0, -1.66636854410171508789e-01) (1, 5.95642805099487304688e-01) (2, -2.83890914916992187500e+00) (3, -6.59153842926025390625e+00) (4, -3.54592943191528320312e+00) (5, 1.53456068038940429688e+01) (6, 7.57316768169403076172e-01) (7, 5.46072363853454589844e-01) (8, -9.11923050880432128906e-01) (9, 2.78534030914306640625e+00) (10, 1.27083158493041992188e+00) (11, 2.90060687065124511719e+00) (12, 8.28594982624053955078e-01) (13, -4.84093040227890014648e-01) (14, -2.64582633972167968750e+00) (15, -2.90331423282623291016e-01) 
