FANN_FLO_2.1
num_layers=3
learning_rate=0.400000
connection_rate=1.000000
network_type=0
learning_momentum=0.000000
training_algorithm=2
train_error_function=1
train_stop_function=0
cascade_output_change_fraction=0.010000
quickprop_decay=-0.000100
quickprop_mu=1.750000
rprop_increase_factor=1.200000
rprop_decrease_factor=0.500000
rprop_delta_min=0.000000
rprop_delta_max=50.000000
rprop_delta_zero=0.100000
cascade_output_stagnation_epochs=12
cascade_candidate_change_fraction=0.010000
cascade_candidate_stagnation_epochs=12
cascade_max_out_epochs=150
cascade_min_out_epochs=50
cascade_max_cand_epochs=150
cascade_min_cand_epochs=50
cascade_num_candidate_groups=2
bit_fail_limit=3.49999994039535522461e-01
cascade_candidate_limit=1.00000000000000000000e+03
cascade_weight_multiplier=4.00000005960464477539e-01
cascade_activation_functions_count=10
cascade_activation_functions=3 5 7 8 10 11 14 15 16 17 
cascade_activation_steepnesses_count=4
cascade_activation_steepnesses=2.50000000000000000000e-01 5.00000000000000000000e-01 7.50000000000000000000e-01 1.00000000000000000000e+00 
layer_sizes=7 5 2 
scale_included=0
neurons (num_inputs, activation_function, activation_steepness)=(0, 0, 0.00000000000000000000e+00) (0, 0, 0.00000000000000000000e+00) (0, 0, 0.00000000000000000000e+00) (0, 0, 0.00000000000000000000e+00) (0, 0, 0.00000000000000000000e+00) (0, 0, 0.00000000000000000000e+00) (0, 0, 0.00000000000000000000e+00) (7, 3, 5.00000000000000000000e-01) (7, 3, 5.00000000000000000000e-01) (7, 3, 5.00000000000000000000e-01) (7, 3, 5.00000000000000000000e-01) (0, 3, 0.00000000000000000000e+00) (5, 3, 5.00000000000000000000e-01) (0, 3, 0.00000000000000000000e+00) 
connections (connected_to_neuron, weight)=(0, -3.95003890991210937500e+00) (1, 1.22363960742950439453e+00) (2, -4.10602283477783203125e+00) (3, 2.62058663368225097656e+00) (4, 1.22244991362094879150e-02) (5, 6.36380052566528320312e+00) (6, -3.49815201759338378906e+00) (0, 1.27670907974243164062e+01) (1, 1.79516434669494628906e+00) (2, 2.51275420188903808594e+00) (3, -2.04367685317993164062e+00) (4, -3.84974789619445800781e+00) (5, -8.18728268146514892578e-01) (6, -2.71879553794860839844e-01) (0, 1.66324949264526367188e+00) (1, 2.36711382865905761719e+00) (2, -4.97608709335327148438e+00) (3, -3.22335863113403320312e+00) (4, -5.77183485031127929688e+00) (5, 1.25355939865112304688e+01) (6, 1.70001280307769775391e+00) (0, 2.71282958984375000000e+00) (1, -1.13486206531524658203e+00) (2, 1.43490922451019287109e+00) (3, 5.31213939189910888672e-01) (4, 4.44759279489517211914e-01) (5, 3.41289937496185302734e-01) (6, -2.45185422897338867188e+00) (7, 3.49602723121643066406e+00) (8, -1.97078347206115722656e+00) (9, -2.38755679130554199219e+00) (10, 3.06264352798461914062e+00) (11, 8.51346969604492187500e-01) 
