FANN_FLO_2.1
num_layers=4
learning_rate=0.500000
connection_rate=1.000000
network_type=0
learning_momentum=0.000000
training_algorithm=2
train_error_function=1
train_stop_function=0
cascade_output_change_fraction=0.010000
quickprop_decay=-0.000100
quickprop_mu=1.750000
rprop_increase_factor=1.200000
rprop_decrease_factor=0.500000
rprop_delta_min=0.000000
rprop_delta_max=50.000000
rprop_delta_zero=0.100000
cascade_output_stagnation_epochs=12
cascade_candidate_change_fraction=0.010000
cascade_candidate_stagnation_epochs=12
cascade_max_out_epochs=150
cascade_min_out_epochs=50
cascade_max_cand_epochs=150
cascade_min_cand_epochs=50
cascade_num_candidate_groups=2
bit_fail_limit=3.49999994039535522461e-01
cascade_candidate_limit=1.00000000000000000000e+03
cascade_weight_multiplier=4.00000005960464477539e-01
cascade_activation_functions_count=10
cascade_activation_functions=3 5 7 8 10 11 14 15 16 17 
cascade_activation_steepnesses_count=4
cascade_activation_steepnesses=2.50000000000000000000e-01 5.00000000000000000000e-01 7.50000000000000000000e-01 1.00000000000000000000e+00 
layer_sizes=10 5 3 2 
scale_included=0
neurons (num_inputs, activation_function, activation_steepness)=(0, 0, 0.00000000000000000000e+00) (0, 0, 0.00000000000000000000e+00) (0, 0, 0.00000000000000000000e+00) (0, 0, 0.00000000000000000000e+00) (0, 0, 0.00000000000000000000e+00) (0, 0, 0.00000000000000000000e+00) (0, 0, 0.00000000000000000000e+00) (0, 0, 0.00000000000000000000e+00) (0, 0, 0.00000000000000000000e+00) (0, 0, 0.00000000000000000000e+00) (10, 3, 5.00000000000000000000e-01) (10, 3, 5.00000000000000000000e-01) (10, 3, 5.00000000000000000000e-01) (10, 3, 5.00000000000000000000e-01) (0, 3, 0.00000000000000000000e+00) (5, 3, 5.00000000000000000000e-01) (5, 3, 5.00000000000000000000e-01) (0, 3, 0.00000000000000000000e+00) (3, 3, 5.00000000000000000000e-01) (0, 3, 0.00000000000000000000e+00) 
connections (connected_to_neuron, weight)=(0, -1.19983410835266113281e+00) (1, 3.34631752967834472656e+00) (2, -5.40556383132934570312e+00) (3, -7.94238984584808349609e-01) (4, 2.86294078826904296875e+00) (5, 7.60920464992523193359e-01) (6, 3.92842739820480346680e-01) (7, -5.32661020755767822266e-01) (8, -2.39065909385681152344e+00) (9, 6.85892164707183837891e-01) (0, -8.92424404621124267578e-01) (1, 8.71767330169677734375e+00) (2, -1.83728718757629394531e+00) (3, 3.74993294477462768555e-01) (4, 2.57955193519592285156e+00) (5, 1.47518119812011718750e+01) (6, -5.20364046096801757812e+00) (7, 3.05583365261554718018e-02) (8, -7.71279931068420410156e-01) (9, -4.88361406326293945312e+00) (0, -2.52822518348693847656e+00) (1, 9.99480152130126953125e+00) (2, -4.41336679458618164062e+00) (3, 4.04780030250549316406e-01) (4, 2.28921222686767578125e+00) (5, 3.15189623832702636719e+00) (6, -1.10518395900726318359e+00) (7, 1.20969288051128387451e-01) (8, -1.93987512588500976562e+00) (9, -5.81590771675109863281e-01) (0, -8.67292821407318115234e-01) (1, 1.57785725593566894531e+00) (2, -1.89371311664581298828e+00) (3, 1.03826749324798583984e+00) (4, 4.40707951784133911133e-01) (5, 3.42864274978637695312e-01) (6, -6.38091206550598144531e-01) (7, -2.29341459274291992188e+00) (8, -1.51936435699462890625e+00) (9, 4.61697369813919067383e-01) (10, 1.42811107635498046875e+00) (11, 2.38911819458007812500e+00) (12, 6.92727708816528320312e+00) (13, 7.43846297264099121094e-01) (14, -6.32447195053100585938e+00) (10, -3.32919406890869140625e+00) (11, -2.31712937355041503906e+00) (12, -1.91358864307403564453e+00) (13, -2.51897668838500976562e+00) (14, 3.20384550094604492188e+00) (15, 1.83609759807586669922e+00) (16, -2.75397338867187500000e+01) (17, 2.99544036388397216797e-01) 
