FANN_FLO_2.1
num_layers=3
learning_rate=0.400000
connection_rate=1.000000
network_type=0
learning_momentum=0.000000
training_algorithm=2
train_error_function=1
train_stop_function=0
cascade_output_change_fraction=0.010000
quickprop_decay=-0.000100
quickprop_mu=1.750000
rprop_increase_factor=1.200000
rprop_decrease_factor=0.500000
rprop_delta_min=0.000000
rprop_delta_max=50.000000
rprop_delta_zero=0.100000
cascade_output_stagnation_epochs=12
cascade_candidate_change_fraction=0.010000
cascade_candidate_stagnation_epochs=12
cascade_max_out_epochs=150
cascade_min_out_epochs=50
cascade_max_cand_epochs=150
cascade_min_cand_epochs=50
cascade_num_candidate_groups=2
bit_fail_limit=3.49999994039535522461e-01
cascade_candidate_limit=1.00000000000000000000e+03
cascade_weight_multiplier=4.00000005960464477539e-01
cascade_activation_functions_count=10
cascade_activation_functions=3 5 7 8 10 11 14 15 16 17 
cascade_activation_steepnesses_count=4
cascade_activation_steepnesses=2.50000000000000000000e-01 5.00000000000000000000e-01 7.50000000000000000000e-01 1.00000000000000000000e+00 
layer_sizes=19 3 3 
scale_included=0
neurons (num_inputs, activation_function, activation_steepness)=(0, 0, 0.00000000000000000000e+00) (0, 0, 0.00000000000000000000e+00) (0, 0, 0.00000000000000000000e+00) (0, 0, 0.00000000000000000000e+00) (0, 0, 0.00000000000000000000e+00) (0, 0, 0.00000000000000000000e+00) (0, 0, 0.00000000000000000000e+00) (0, 0, 0.00000000000000000000e+00) (0, 0, 0.00000000000000000000e+00) (0, 0, 0.00000000000000000000e+00) (0, 0, 0.00000000000000000000e+00) (0, 0, 0.00000000000000000000e+00) (0, 0, 0.00000000000000000000e+00) (0, 0, 0.00000000000000000000e+00) (0, 0, 0.00000000000000000000e+00) (0, 0, 0.00000000000000000000e+00) (0, 0, 0.00000000000000000000e+00) (0, 0, 0.00000000000000000000e+00) (0, 0, 0.00000000000000000000e+00) (19, 3, 5.00000000000000000000e-01) (19, 3, 5.00000000000000000000e-01) (0, 3, 0.00000000000000000000e+00) (3, 3, 5.00000000000000000000e-01) (3, 3, 5.00000000000000000000e-01) (0, 3, 0.00000000000000000000e+00) 
connections (connected_to_neuron, weight)=(0, 2.81430155038833618164e-01) (1, 2.49908399581909179688e+00) (2, 2.61309742927551269531e+00) (3, 5.94667792320251464844e-01) (4, 4.07948350906372070312e+00) (5, 4.81968927383422851562e+00) (6, -7.73603796958923339844e-01) (7, 3.47244477272033691406e+00) (8, 3.76760745048522949219e+00) (9, -4.20553892850875854492e-01) (10, -3.85797405242919921875e+00) (11, -4.73371267318725585938e+00) (12, 1.94043844938278198242e-01) (13, -4.63117027282714843750e+00) (14, -5.13770484924316406250e+00) (15, -4.90657716989517211914e-01) (16, -2.85369443893432617188e+00) (17, -4.27628898620605468750e+00) (18, 2.56435453891754150391e-01) (0, 7.98385262489318847656e-01) (1, -3.06679439544677734375e+00) (2, -4.90648603439331054688e+00) (3, -1.92286565899848937988e-01) (4, -4.68202495574951171875e+00) (5, -5.92421197891235351562e+00) (6, 1.10227441787719726562e+00) (7, -4.90585851669311523438e+00) (8, -4.25823688507080078125e+00) (9, 1.11057698726654052734e+00) (10, 1.22562932968139648438e+00) (11, 4.95689678192138671875e+00) (12, -2.17496119439601898193e-02) (13, 4.12157297134399414062e+00) (14, 6.42004060745239257812e+00) (15, 1.01989793777465820312e+00) (16, 1.95712149143218994141e+00) (17, 5.49531888961791992188e+00) (18, -2.07520198822021484375e+00) (19, -1.51614749431610107422e+00) (20, -1.46455955505371093750e+00) (21, 3.85661035776138305664e-01) (19, 1.51951229572296142578e+00) (20, 1.46795976161956787109e+00) (21, -3.87410789728164672852e-01) 
