FANN_FLO_2.1
num_layers=4
learning_rate=0.500000
connection_rate=1.000000
network_type=0
learning_momentum=0.000000
training_algorithm=2
train_error_function=1
train_stop_function=0
cascade_output_change_fraction=0.010000
quickprop_decay=-0.000100
quickprop_mu=1.750000
rprop_increase_factor=1.200000
rprop_decrease_factor=0.500000
rprop_delta_min=0.000000
rprop_delta_max=50.000000
rprop_delta_zero=0.100000
cascade_output_stagnation_epochs=12
cascade_candidate_change_fraction=0.010000
cascade_candidate_stagnation_epochs=12
cascade_max_out_epochs=150
cascade_min_out_epochs=50
cascade_max_cand_epochs=150
cascade_min_cand_epochs=50
cascade_num_candidate_groups=2
bit_fail_limit=3.49999994039535522461e-01
cascade_candidate_limit=1.00000000000000000000e+03
cascade_weight_multiplier=4.00000005960464477539e-01
cascade_activation_functions_count=10
cascade_activation_functions=3 5 7 8 10 11 14 15 16 17 
cascade_activation_steepnesses_count=4
cascade_activation_steepnesses=2.50000000000000000000e-01 5.00000000000000000000e-01 7.50000000000000000000e-01 1.00000000000000000000e+00 
layer_sizes=10 5 3 2 
scale_included=0
neurons (num_inputs, activation_function, activation_steepness)=(0, 0, 0.00000000000000000000e+00) (0, 0, 0.00000000000000000000e+00) (0, 0, 0.00000000000000000000e+00) (0, 0, 0.00000000000000000000e+00) (0, 0, 0.00000000000000000000e+00) (0, 0, 0.00000000000000000000e+00) (0, 0, 0.00000000000000000000e+00) (0, 0, 0.00000000000000000000e+00) (0, 0, 0.00000000000000000000e+00) (0, 0, 0.00000000000000000000e+00) (10, 3, 5.00000000000000000000e-01) (10, 3, 5.00000000000000000000e-01) (10, 3, 5.00000000000000000000e-01) (10, 3, 5.00000000000000000000e-01) (0, 3, 0.00000000000000000000e+00) (5, 3, 5.00000000000000000000e-01) (5, 3, 5.00000000000000000000e-01) (0, 3, 0.00000000000000000000e+00) (3, 3, 5.00000000000000000000e-01) (0, 3, 0.00000000000000000000e+00) 
connections (connected_to_neuron, weight)=(0, 5.29255986213684082031e-01) (1, 7.35682964324951171875e+00) (2, -1.24747753143310546875e+01) (3, -7.10784769058227539062e+00) (4, -2.19359350204467773438e+00) (5, 1.47958755493164062500e-01) (6, 1.88142681121826171875e+01) (7, 7.74733829498291015625e+00) (8, 7.07947432994842529297e-01) (9, -2.37404036521911621094e+00) (0, -2.29964232444763183594e+00) (1, 1.44540002441406250000e+03) (2, 1.50000000000000000000e+03) (3, 4.47907954454421997070e-01) (4, -7.12177419662475585938e+00) (5, -1.12950289249420166016e+00) (6, 8.87861728668212890625e+00) (7, 6.17242860794067382812e+00) (8, 2.70555949211120605469e+00) (9, -3.57714629173278808594e+00) (0, 6.18621230125427246094e-01) (1, -1.56941957473754882812e+01) (2, -6.36158323287963867188e+00) (3, 1.09165632724761962891e+00) (4, 1.07877302169799804688e+00) (5, -1.52212786674499511719e+00) (6, 9.03809452056884765625e+00) (7, -6.81217312812805175781e-02) (8, -3.65251350402832031250e+00) (9, 5.35595178604125976562e-01) (0, 4.78882598876953125000e+00) (1, 3.10284924507141113281e+00) (2, -4.52452480792999267578e-01) (3, -1.41442492604255676270e-01) (4, 2.28209924697875976562e+00) (5, -1.25419676303863525391e-01) (6, -7.51351070404052734375e+00) (7, -3.20157909393310546875e+00) (8, -8.75360846519470214844e-01) (9, 7.31654047966003417969e-01) (10, -9.93058776855468750000e+00) (11, 2.19599080085754394531e+00) (12, -2.48523910522460937500e+02) (13, 7.70961456298828125000e+01) (14, -9.99471950531005859375e+00) (10, 9.37209320068359375000e+00) (11, 3.04078674316406250000e+00) (12, -1.14526224136352539062e+01) (13, -1.28108406066894531250e+01) (14, -2.01663628220558166504e-01) (15, -1.56980800628662109375e+00) (16, -2.43286561965942382812e+00) (17, 2.45106434822082519531e+00) 
