FANN_FLO_2.1
num_layers=3
learning_rate=0.400000
connection_rate=1.000000
network_type=0
learning_momentum=0.000000
training_algorithm=2
train_error_function=1
train_stop_function=0
cascade_output_change_fraction=0.010000
quickprop_decay=-0.000100
quickprop_mu=1.750000
rprop_increase_factor=1.200000
rprop_decrease_factor=0.500000
rprop_delta_min=0.000000
rprop_delta_max=50.000000
rprop_delta_zero=0.100000
cascade_output_stagnation_epochs=12
cascade_candidate_change_fraction=0.010000
cascade_candidate_stagnation_epochs=12
cascade_max_out_epochs=150
cascade_min_out_epochs=50
cascade_max_cand_epochs=150
cascade_min_cand_epochs=50
cascade_num_candidate_groups=2
bit_fail_limit=3.49999994039535522461e-01
cascade_candidate_limit=1.00000000000000000000e+03
cascade_weight_multiplier=4.00000005960464477539e-01
cascade_activation_functions_count=10
cascade_activation_functions=3 5 7 8 10 11 14 15 16 17 
cascade_activation_steepnesses_count=4
cascade_activation_steepnesses=2.50000000000000000000e-01 5.00000000000000000000e-01 7.50000000000000000000e-01 1.00000000000000000000e+00 
layer_sizes=7 9 2 
scale_included=0
neurons (num_inputs, activation_function, activation_steepness)=(0, 0, 0.00000000000000000000e+00) (0, 0, 0.00000000000000000000e+00) (0, 0, 0.00000000000000000000e+00) (0, 0, 0.00000000000000000000e+00) (0, 0, 0.00000000000000000000e+00) (0, 0, 0.00000000000000000000e+00) (0, 0, 0.00000000000000000000e+00) (7, 3, 5.00000000000000000000e-01) (7, 3, 5.00000000000000000000e-01) (7, 3, 5.00000000000000000000e-01) (7, 3, 5.00000000000000000000e-01) (7, 3, 5.00000000000000000000e-01) (7, 3, 5.00000000000000000000e-01) (7, 3, 5.00000000000000000000e-01) (7, 3, 5.00000000000000000000e-01) (0, 3, 0.00000000000000000000e+00) (9, 3, 5.00000000000000000000e-01) (0, 3, 0.00000000000000000000e+00) 
connections (connected_to_neuron, weight)=(0, 1.50000000000000000000e+03) (1, 1.50000000000000000000e+03) (2, 1.50000000000000000000e+03) (3, 1.95254683494567871094e+00) (4, 1.70518508911132812500e+02) (5, 1.53015840053558349609e+00) (6, 9.26049947738647460938e-01) (0, 2.07742500305175781250e+00) (1, 1.95177197456359863281e+00) (2, -9.62483310699462890625e+00) (3, -1.09953813552856445312e+01) (4, -6.00375473499298095703e-01) (5, 1.01508941650390625000e+01) (6, 4.05743837356567382812e+00) (0, -1.54801487922668457031e+00) (1, 1.51915568858385086060e-02) (2, 1.05559229850769042969e+00) (3, 1.62686614990234375000e+01) (4, -1.64176921844482421875e+01) (5, 1.76629292964935302734e+00) (6, 6.48166596889495849609e-01) (0, -9.61879312992095947266e-01) (1, -2.02034831047058105469e+00) (2, -2.52519297599792480469e+00) (3, 1.20412087440490722656e+00) (4, 5.94419538974761962891e-01) (5, 3.45226788520812988281e+00) (6, -2.10152149200439453125e+00) (0, 4.22075080871582031250e+00) (1, 1.15971612930297851562e+01) (2, 4.29255723953247070312e+00) (3, -2.50649814605712890625e+01) (4, 9.61119890213012695312e-01) (5, 2.87481355667114257812e+00) (6, 2.61575651168823242188e+00) (0, -6.08397662639617919922e-01) (1, -9.78664815425872802734e-01) (2, -2.18750309944152832031e+00) (3, -2.98605620861053466797e-01) (4, 3.42254072427749633789e-01) (5, -1.06148433685302734375e+00) (6, 1.36719691753387451172e+00) (0, -5.86921358108520507812e+00) (1, -2.35011625289916992188e+00) (2, -1.79519414901733398438e+00) (3, 2.97127866744995117188e+00) (4, 1.12117862701416015625e+00) (5, 3.34148585796356201172e-01) (6, -1.52896654605865478516e+00) (0, 1.24609193801879882812e+01) (1, 7.79227733612060546875e+00) (2, 1.04801836013793945312e+01) (3, -9.09465980529785156250e+00) (4, -4.16100215911865234375e+00) (5, 1.89045608043670654297e+00) (6, 2.51638364791870117188e+00) (7, 1.08341979980468750000e+00) (8, -4.42448735237121582031e-01) (9, -2.18392300605773925781e+00) (10, 3.82115101814270019531e+00) (11, -1.11780369281768798828e+00) (12, -2.09195375442504882812e+00) (13, 3.49799013137817382812e+00) (14, -2.21653804183006286621e-01) (15, 5.34930884838104248047e-01) 
