FANN_FLO_2.1
num_layers=3
learning_rate=0.500000
connection_rate=1.000000
network_type=0
learning_momentum=0.000000
training_algorithm=2
train_error_function=1
train_stop_function=0
cascade_output_change_fraction=0.010000
quickprop_decay=-0.000100
quickprop_mu=1.750000
rprop_increase_factor=1.200000
rprop_decrease_factor=0.500000
rprop_delta_min=0.000000
rprop_delta_max=50.000000
rprop_delta_zero=0.100000
cascade_output_stagnation_epochs=12
cascade_candidate_change_fraction=0.010000
cascade_candidate_stagnation_epochs=12
cascade_max_out_epochs=150
cascade_min_out_epochs=50
cascade_max_cand_epochs=150
cascade_min_cand_epochs=50
cascade_num_candidate_groups=2
bit_fail_limit=3.49999994039535522461e-01
cascade_candidate_limit=1.00000000000000000000e+03
cascade_weight_multiplier=4.00000005960464477539e-01
cascade_activation_functions_count=10
cascade_activation_functions=3 5 7 8 10 11 14 15 16 17 
cascade_activation_steepnesses_count=4
cascade_activation_steepnesses=2.50000000000000000000e-01 5.00000000000000000000e-01 7.50000000000000000000e-01 1.00000000000000000000e+00 
layer_sizes=10 3 2 
scale_included=0
neurons (num_inputs, activation_function, activation_steepness)=(0, 0, 0.00000000000000000000e+00) (0, 0, 0.00000000000000000000e+00) (0, 0, 0.00000000000000000000e+00) (0, 0, 0.00000000000000000000e+00) (0, 0, 0.00000000000000000000e+00) (0, 0, 0.00000000000000000000e+00) (0, 0, 0.00000000000000000000e+00) (0, 0, 0.00000000000000000000e+00) (0, 0, 0.00000000000000000000e+00) (0, 0, 0.00000000000000000000e+00) (10, 3, 5.00000000000000000000e-01) (10, 3, 5.00000000000000000000e-01) (0, 3, 0.00000000000000000000e+00) (3, 3, 5.00000000000000000000e-01) (0, 3, 0.00000000000000000000e+00) 
connections (connected_to_neuron, weight)=(0, 5.22513389587402343750e+00) (1, 1.39979944229125976562e+01) (2, 7.57342386245727539062e+00) (3, -6.97361564636230468750e+00) (4, -3.48556733131408691406e+00) (5, 9.87547874450683593750e-01) (6, -8.47024536132812500000e+00) (7, -3.07008194923400878906e+00) (8, -1.18262825012207031250e+01) (9, 1.83066892623901367188e+00) (0, -2.92689239501953125000e+02) (1, 3.48607482910156250000e+02) (2, 7.26716518402099609375e+00) (3, -2.34150905609130859375e+01) (4, 2.43115782737731933594e+00) (5, 8.08844506740570068359e-01) (6, -1.64816589355468750000e+01) (7, -1.81322407722473144531e+00) (8, -6.15502977371215820312e+00) (9, 3.46146553754806518555e-01) (10, 3.21512126922607421875e+00) (11, -3.17295265197753906250e+00) (12, 8.66800308227539062500e-01) 
