FANN_FLO_2.1
num_layers=4
learning_rate=0.500000
connection_rate=1.000000
network_type=0
learning_momentum=0.000000
training_algorithm=2
train_error_function=1
train_stop_function=0
cascade_output_change_fraction=0.010000
quickprop_decay=-0.000100
quickprop_mu=1.750000
rprop_increase_factor=1.200000
rprop_decrease_factor=0.500000
rprop_delta_min=0.000000
rprop_delta_max=50.000000
rprop_delta_zero=0.100000
cascade_output_stagnation_epochs=12
cascade_candidate_change_fraction=0.010000
cascade_candidate_stagnation_epochs=12
cascade_max_out_epochs=150
cascade_min_out_epochs=50
cascade_max_cand_epochs=150
cascade_min_cand_epochs=50
cascade_num_candidate_groups=2
bit_fail_limit=3.49999994039535522461e-01
cascade_candidate_limit=1.00000000000000000000e+03
cascade_weight_multiplier=4.00000005960464477539e-01
cascade_activation_functions_count=10
cascade_activation_functions=3 5 7 8 10 11 14 15 16 17 
cascade_activation_steepnesses_count=4
cascade_activation_steepnesses=2.50000000000000000000e-01 5.00000000000000000000e-01 7.50000000000000000000e-01 1.00000000000000000000e+00 
layer_sizes=2 5 3 3 
scale_included=0
neurons (num_inputs, activation_function, activation_steepness)=(0, 0, 0.00000000000000000000e+00) (0, 0, 0.00000000000000000000e+00) (2, 3, 5.00000000000000000000e-01) (2, 3, 5.00000000000000000000e-01) (2, 3, 5.00000000000000000000e-01) (2, 3, 5.00000000000000000000e-01) (0, 3, 0.00000000000000000000e+00) (5, 3, 5.00000000000000000000e-01) (5, 3, 5.00000000000000000000e-01) (0, 3, 0.00000000000000000000e+00) (3, 0, 5.00000000000000000000e-01) (3, 0, 5.00000000000000000000e-01) (0, 0, 0.00000000000000000000e+00) 
connections (connected_to_neuron, weight)=(0, -1.70230712890625000000e+01) (1, 5.82570981979370117188e+00) (0, -1.50000000000000000000e+03) (1, 8.32052230834960937500e+00) (0, -4.62652473449707031250e+01) (1, 1.16738100051879882812e+01) (0, 7.83537578582763671875e+00) (1, -2.87404322624206542969e+00) (2, 1.76667385101318359375e+01) (3, -1.50000000000000000000e+03) (4, -1.46067371368408203125e+01) (5, -3.14243459701538085938e+00) (6, -3.36210393905639648438e+00) (2, -2.46635093688964843750e+01) (3, -1.50000000000000000000e+03) (4, -1.50000000000000000000e+03) (5, 2.59982833862304687500e+01) (6, 5.13679325580596923828e-01) (7, -1.38949155807495117188e+00) (8, 1.20092153549194335938e-01) (9, -5.99636495113372802734e-01) (7, -2.30701422691345214844e+00) (8, -3.47482800483703613281e+00) (9, 1.87933778762817382812e+00) 
