FANN_FLO_2.1
num_layers=4
learning_rate=0.500000
connection_rate=1.000000
network_type=0
learning_momentum=0.000000
training_algorithm=2
train_error_function=1
train_stop_function=0
cascade_output_change_fraction=0.010000
quickprop_decay=-0.000100
quickprop_mu=1.750000
rprop_increase_factor=1.200000
rprop_decrease_factor=0.500000
rprop_delta_min=0.000000
rprop_delta_max=50.000000
rprop_delta_zero=0.100000
cascade_output_stagnation_epochs=12
cascade_candidate_change_fraction=0.010000
cascade_candidate_stagnation_epochs=12
cascade_max_out_epochs=150
cascade_min_out_epochs=50
cascade_max_cand_epochs=150
cascade_min_cand_epochs=50
cascade_num_candidate_groups=2
bit_fail_limit=3.49999994039535522461e-01
cascade_candidate_limit=1.00000000000000000000e+03
cascade_weight_multiplier=4.00000005960464477539e-01
cascade_activation_functions_count=10
cascade_activation_functions=3 5 7 8 10 11 14 15 16 17 
cascade_activation_steepnesses_count=4
cascade_activation_steepnesses=2.50000000000000000000e-01 5.00000000000000000000e-01 7.50000000000000000000e-01 1.00000000000000000000e+00 
layer_sizes=2 5 3 3 
scale_included=0
neurons (num_inputs, activation_function, activation_steepness)=(0, 0, 0.00000000000000000000e+00) (0, 0, 0.00000000000000000000e+00) (2, 3, 5.00000000000000000000e-01) (2, 3, 5.00000000000000000000e-01) (2, 3, 5.00000000000000000000e-01) (2, 3, 5.00000000000000000000e-01) (0, 3, 0.00000000000000000000e+00) (5, 3, 5.00000000000000000000e-01) (5, 3, 5.00000000000000000000e-01) (0, 3, 0.00000000000000000000e+00) (3, 0, 5.00000000000000000000e-01) (3, 0, 5.00000000000000000000e-01) (0, 0, 0.00000000000000000000e+00) 
connections (connected_to_neuron, weight)=(0, 1.49870703125000000000e+03) (1, -3.43026232719421386719e+00) (0, 1.51231489181518554688e+01) (1, -8.66912066936492919922e-01) (0, 1.49870703125000000000e+03) (1, 7.11698684692382812500e+01) (0, 1.49870703125000000000e+03) (1, 8.54870891571044921875e+00) (2, -2.30251068115234375000e+02) (3, -1.39427294921875000000e+03) (4, -7.13248291015625000000e+02) (5, -1.35824597167968750000e+03) (6, -9.24370706081390380859e-01) (2, 7.61359155178070068359e-01) (3, 3.96143412590026855469e+00) (4, -1.40809988975524902344e+00) (5, 1.92376017570495605469e+00) (6, -6.11856174468994140625e+00) (7, 1.50000000000000000000e+03) (8, -4.57895803451538085938e+00) (9, -3.41768682003021240234e-01) (7, 1.50000000000000000000e+03) (8, -1.22807369232177734375e+01) (9, 2.52220153808593750000e+00) 
