FANN_FLO_2.1
num_layers=3
learning_rate=0.400000
connection_rate=1.000000
network_type=0
learning_momentum=0.000000
training_algorithm=2
train_error_function=1
train_stop_function=0
cascade_output_change_fraction=0.010000
quickprop_decay=-0.000100
quickprop_mu=1.750000
rprop_increase_factor=1.200000
rprop_decrease_factor=0.500000
rprop_delta_min=0.000000
rprop_delta_max=50.000000
rprop_delta_zero=0.100000
cascade_output_stagnation_epochs=12
cascade_candidate_change_fraction=0.010000
cascade_candidate_stagnation_epochs=12
cascade_max_out_epochs=150
cascade_min_out_epochs=50
cascade_max_cand_epochs=150
cascade_min_cand_epochs=50
cascade_num_candidate_groups=2
bit_fail_limit=3.49999994039535522461e-01
cascade_candidate_limit=1.00000000000000000000e+03
cascade_weight_multiplier=4.00000005960464477539e-01
cascade_activation_functions_count=10
cascade_activation_functions=3 5 7 8 10 11 14 15 16 17 
cascade_activation_steepnesses_count=4
cascade_activation_steepnesses=2.50000000000000000000e-01 5.00000000000000000000e-01 7.50000000000000000000e-01 1.00000000000000000000e+00 
layer_sizes=19 3 3 
scale_included=0
neurons (num_inputs, activation_function, activation_steepness)=(0, 0, 0.00000000000000000000e+00) (0, 0, 0.00000000000000000000e+00) (0, 0, 0.00000000000000000000e+00) (0, 0, 0.00000000000000000000e+00) (0, 0, 0.00000000000000000000e+00) (0, 0, 0.00000000000000000000e+00) (0, 0, 0.00000000000000000000e+00) (0, 0, 0.00000000000000000000e+00) (0, 0, 0.00000000000000000000e+00) (0, 0, 0.00000000000000000000e+00) (0, 0, 0.00000000000000000000e+00) (0, 0, 0.00000000000000000000e+00) (0, 0, 0.00000000000000000000e+00) (0, 0, 0.00000000000000000000e+00) (0, 0, 0.00000000000000000000e+00) (0, 0, 0.00000000000000000000e+00) (0, 0, 0.00000000000000000000e+00) (0, 0, 0.00000000000000000000e+00) (0, 0, 0.00000000000000000000e+00) (19, 3, 5.00000000000000000000e-01) (19, 3, 5.00000000000000000000e-01) (0, 3, 0.00000000000000000000e+00) (3, 3, 5.00000000000000000000e-01) (3, 3, 5.00000000000000000000e-01) (0, 3, 0.00000000000000000000e+00) 
connections (connected_to_neuron, weight)=(0, 5.21576166152954101562e-01) (1, -1.48332977294921875000e+00) (2, 2.30755639076232910156e+00) (3, -3.42601633071899414062e+00) (4, -3.18307328224182128906e+00) (5, 6.30646944046020507812e+00) (6, -1.06503665447235107422e+00) (7, -5.12136793136596679688e+00) (8, 2.46408867835998535156e+00) (9, 1.71154475212097167969e+00) (10, 4.15812492370605468750e+00) (11, -7.42665147781372070312e+00) (12, -2.55046784877777099609e-01) (13, 1.52474570274353027344e+00) (14, -3.51085633039474487305e-01) (15, 2.15674996376037597656e+00) (16, 4.69782924652099609375e+00) (17, -4.65827751159667968750e+00) (18, -3.66119360923767089844e+00) (0, -3.49534511566162109375e+00) (1, -4.49499040842056274414e-01) (2, -2.32788538932800292969e+00) (3, 8.14173316955566406250e+00) (4, 4.19042825698852539062e+00) (5, -1.00410375595092773438e+01) (6, 1.82473576068878173828e+00) (7, 8.53978347778320312500e+00) (8, -1.77802014350891113281e+00) (9, -2.62554556131362915039e-01) (10, -1.06684560775756835938e+01) (11, 1.40226659774780273438e+01) (12, 3.03924036026000976562e+00) (13, 2.12002635002136230469e-01) (14, -1.89924216270446777344e+00) (15, -5.38907814025878906250e+00) (16, -8.22322750091552734375e+00) (17, 7.37680912017822265625e+00) (18, 3.48335886001586914062e+00) (19, -2.83486366271972656250e+00) (20, -1.86094605922698974609e+00) (21, 1.31816494464874267578e+00) (19, 2.83556652069091796875e+00) (20, 1.85823166370391845703e+00) (21, -1.31444537639617919922e+00) 
