FANN_FLO_2.1
num_layers=4
learning_rate=0.500000
connection_rate=1.000000
network_type=0
learning_momentum=0.000000
training_algorithm=2
train_error_function=1
train_stop_function=0
cascade_output_change_fraction=0.010000
quickprop_decay=-0.000100
quickprop_mu=1.750000
rprop_increase_factor=1.200000
rprop_decrease_factor=0.500000
rprop_delta_min=0.000000
rprop_delta_max=50.000000
rprop_delta_zero=0.100000
cascade_output_stagnation_epochs=12
cascade_candidate_change_fraction=0.010000
cascade_candidate_stagnation_epochs=12
cascade_max_out_epochs=150
cascade_min_out_epochs=50
cascade_max_cand_epochs=150
cascade_min_cand_epochs=50
cascade_num_candidate_groups=2
bit_fail_limit=3.49999994039535522461e-01
cascade_candidate_limit=1.00000000000000000000e+03
cascade_weight_multiplier=4.00000005960464477539e-01
cascade_activation_functions_count=10
cascade_activation_functions=3 5 7 8 10 11 14 15 16 17 
cascade_activation_steepnesses_count=4
cascade_activation_steepnesses=2.50000000000000000000e-01 5.00000000000000000000e-01 7.50000000000000000000e-01 1.00000000000000000000e+00 
layer_sizes=10 5 3 2 
scale_included=0
neurons (num_inputs, activation_function, activation_steepness)=(0, 0, 0.00000000000000000000e+00) (0, 0, 0.00000000000000000000e+00) (0, 0, 0.00000000000000000000e+00) (0, 0, 0.00000000000000000000e+00) (0, 0, 0.00000000000000000000e+00) (0, 0, 0.00000000000000000000e+00) (0, 0, 0.00000000000000000000e+00) (0, 0, 0.00000000000000000000e+00) (0, 0, 0.00000000000000000000e+00) (0, 0, 0.00000000000000000000e+00) (10, 3, 5.00000000000000000000e-01) (10, 3, 5.00000000000000000000e-01) (10, 3, 5.00000000000000000000e-01) (10, 3, 5.00000000000000000000e-01) (0, 3, 0.00000000000000000000e+00) (5, 3, 5.00000000000000000000e-01) (5, 3, 5.00000000000000000000e-01) (0, 3, 0.00000000000000000000e+00) (3, 3, 5.00000000000000000000e-01) (0, 3, 0.00000000000000000000e+00) 
connections (connected_to_neuron, weight)=(0, 4.17699724435806274414e-01) (1, 8.63598823547363281250e+00) (2, 2.92460274696350097656e+00) (3, 1.77096290588378906250e+01) (4, -9.27442359924316406250e+00) (5, 4.43103700876235961914e-01) (6, 1.23351609706878662109e+00) (7, -2.57593560218811035156e+00) (8, -1.78810596466064453125e+01) (9, -2.15101027488708496094e+00) (0, 1.92268216609954833984e+00) (1, -9.54452976584434509277e-02) (2, -9.37208533287048339844e-01) (3, 1.79128861427307128906e+00) (4, -4.10486310720443725586e-01) (5, 3.44667577743530273438e+00) (6, 1.25382447242736816406e+00) (7, -1.49515256285667419434e-01) (8, 8.40775299072265625000e+00) (9, -6.63050317764282226562e+00) (0, -2.27623462677001953125e-01) (1, -1.14548884332180023193e-01) (2, -7.66241669654846191406e-01) (3, 6.04653179645538330078e-01) (4, -7.53454208374023437500e-01) (5, 1.97028517723083496094e+00) (6, 1.97168982028961181641e+00) (7, -2.65381485223770141602e-01) (8, 7.68936681747436523438e+00) (9, -4.99848890304565429688e+00) (0, 2.18271327018737792969e+00) (1, 1.08781361579895019531e+00) (2, 3.70636105537414550781e+00) (3, 5.38028717041015625000e+00) (4, 6.72475814819335937500e-01) (5, 1.28518950939178466797e+00) (6, 8.01751899719238281250e+00) (7, 5.86552798748016357422e-01) (8, -1.86926727294921875000e+01) (9, -1.31020665168762207031e+00) (10, -6.57488632202148437500e+00) (11, -8.86812925338745117188e-01) (12, 7.56673049926757812500e+00) (13, -4.06329727172851562500e+00) (14, 9.29154455661773681641e-01) (10, 1.76503944396972656250e+00) (11, -8.35794353485107421875e+00) (12, -5.22685384750366210938e+00) (13, 2.81234478950500488281e+00) (14, 4.34251499176025390625e+00) (15, 1.97000563144683837891e+00) (16, 3.12086534500122070312e+00) (17, -2.27828764915466308594e+00) 
