FANN_FLO_2.1
num_layers=3
learning_rate=0.400000
connection_rate=1.000000
network_type=0
learning_momentum=0.000000
training_algorithm=2
train_error_function=1
train_stop_function=0
cascade_output_change_fraction=0.010000
quickprop_decay=-0.000100
quickprop_mu=1.750000
rprop_increase_factor=1.200000
rprop_decrease_factor=0.500000
rprop_delta_min=0.000000
rprop_delta_max=50.000000
rprop_delta_zero=0.100000
cascade_output_stagnation_epochs=12
cascade_candidate_change_fraction=0.010000
cascade_candidate_stagnation_epochs=12
cascade_max_out_epochs=150
cascade_min_out_epochs=50
cascade_max_cand_epochs=150
cascade_min_cand_epochs=50
cascade_num_candidate_groups=2
bit_fail_limit=3.49999994039535522461e-01
cascade_candidate_limit=1.00000000000000000000e+03
cascade_weight_multiplier=4.00000005960464477539e-01
cascade_activation_functions_count=10
cascade_activation_functions=3 5 7 8 10 11 14 15 16 17 
cascade_activation_steepnesses_count=4
cascade_activation_steepnesses=2.50000000000000000000e-01 5.00000000000000000000e-01 7.50000000000000000000e-01 1.00000000000000000000e+00 
layer_sizes=7 5 2 
scale_included=0
neurons (num_inputs, activation_function, activation_steepness)=(0, 0, 0.00000000000000000000e+00) (0, 0, 0.00000000000000000000e+00) (0, 0, 0.00000000000000000000e+00) (0, 0, 0.00000000000000000000e+00) (0, 0, 0.00000000000000000000e+00) (0, 0, 0.00000000000000000000e+00) (0, 0, 0.00000000000000000000e+00) (7, 3, 5.00000000000000000000e-01) (7, 3, 5.00000000000000000000e-01) (7, 3, 5.00000000000000000000e-01) (7, 3, 5.00000000000000000000e-01) (0, 3, 0.00000000000000000000e+00) (5, 3, 5.00000000000000000000e-01) (0, 3, 0.00000000000000000000e+00) 
connections (connected_to_neuron, weight)=(0, -4.27004337310791015625e+00) (1, 2.13675290346145629883e-01) (2, 4.01590995788574218750e+01) (3, -6.20422601699829101562e+00) (4, -1.03555488586425781250e+01) (5, 1.12038049697875976562e+01) (6, 2.91046333312988281250e+00) (0, 4.98213720321655273438e+00) (1, -6.04037570953369140625e+00) (2, 1.19327239990234375000e+02) (3, -5.76422500610351562500e+00) (4, -4.71096134185791015625e+00) (5, -4.53400182723999023438e+00) (6, 4.95154142379760742188e+00) (0, -3.98793435096740722656e+00) (1, 3.81289148330688476562e+00) (2, -5.38597762584686279297e-01) (3, -1.93007385730743408203e+00) (4, -2.45251774787902832031e-01) (5, -4.02806520462036132812e+00) (6, -3.20211738348007202148e-01) (0, -6.57769298553466796875e+00) (1, 1.98294770717620849609e+00) (2, -3.45023765563964843750e+01) (3, -1.53500661253929138184e-01) (4, -2.42130115628242492676e-01) (5, -1.56997239589691162109e+00) (6, 4.57388734817504882812e+00) (7, -2.86684155464172363281e+00) (8, -8.35547685623168945312e-01) (9, -6.81558656692504882812e+00) (10, -1.47795236110687255859e+00) (11, 4.88070875406265258789e-01) 
