FANN_FLO_2.1
num_layers=3
learning_rate=0.500000
connection_rate=1.000000
network_type=0
learning_momentum=0.000000
training_algorithm=2
train_error_function=1
train_stop_function=0
cascade_output_change_fraction=0.010000
quickprop_decay=-0.000100
quickprop_mu=1.750000
rprop_increase_factor=1.200000
rprop_decrease_factor=0.500000
rprop_delta_min=0.000000
rprop_delta_max=50.000000
rprop_delta_zero=0.100000
cascade_output_stagnation_epochs=12
cascade_candidate_change_fraction=0.010000
cascade_candidate_stagnation_epochs=12
cascade_max_out_epochs=150
cascade_min_out_epochs=50
cascade_max_cand_epochs=150
cascade_min_cand_epochs=50
cascade_num_candidate_groups=2
bit_fail_limit=3.49999994039535522461e-01
cascade_candidate_limit=1.00000000000000000000e+03
cascade_weight_multiplier=4.00000005960464477539e-01
cascade_activation_functions_count=10
cascade_activation_functions=3 5 7 8 10 11 14 15 16 17 
cascade_activation_steepnesses_count=4
cascade_activation_steepnesses=2.50000000000000000000e-01 5.00000000000000000000e-01 7.50000000000000000000e-01 1.00000000000000000000e+00 
layer_sizes=10 3 2 
scale_included=0
neurons (num_inputs, activation_function, activation_steepness)=(0, 0, 0.00000000000000000000e+00) (0, 0, 0.00000000000000000000e+00) (0, 0, 0.00000000000000000000e+00) (0, 0, 0.00000000000000000000e+00) (0, 0, 0.00000000000000000000e+00) (0, 0, 0.00000000000000000000e+00) (0, 0, 0.00000000000000000000e+00) (0, 0, 0.00000000000000000000e+00) (0, 0, 0.00000000000000000000e+00) (0, 0, 0.00000000000000000000e+00) (10, 3, 5.00000000000000000000e-01) (10, 3, 5.00000000000000000000e-01) (0, 3, 0.00000000000000000000e+00) (3, 3, 5.00000000000000000000e-01) (0, 3, 0.00000000000000000000e+00) 
connections (connected_to_neuron, weight)=(0, -5.05501079559326171875e+00) (1, 8.20554065704345703125e+00) (2, 6.45022153854370117188e+00) (3, -7.08297252655029296875e-01) (4, 9.98773384094238281250e+00) (5, 9.80526924133300781250e+00) (6, 2.03835964202880859375e+00) (7, -2.88755855560302734375e+01) (8, -2.41578474640846252441e-01) (9, -3.32301288843154907227e-01) (0, -9.15212512016296386719e-01) (1, -5.28304624557495117188e+00) (2, -1.50000000000000000000e+03) (3, 2.25088095664978027344e+00) (4, 8.06335091590881347656e-01) (5, -3.90360927581787109375e+00) (6, 2.62420344352722167969e+00) (7, -1.55828863382339477539e-01) (8, -1.14966189861297607422e+00) (9, 9.75053250789642333984e-01) (10, 4.73310327529907226562e+00) (11, 6.01212644577026367188e+00) (12, -3.82783770561218261719e+00) 
