FANN_FLO_2.1
num_layers=3
learning_rate=0.400000
connection_rate=1.000000
network_type=0
learning_momentum=0.000000
training_algorithm=2
train_error_function=1
train_stop_function=0
cascade_output_change_fraction=0.010000
quickprop_decay=-0.000100
quickprop_mu=1.750000
rprop_increase_factor=1.200000
rprop_decrease_factor=0.500000
rprop_delta_min=0.000000
rprop_delta_max=50.000000
rprop_delta_zero=0.100000
cascade_output_stagnation_epochs=12
cascade_candidate_change_fraction=0.010000
cascade_candidate_stagnation_epochs=12
cascade_max_out_epochs=150
cascade_min_out_epochs=50
cascade_max_cand_epochs=150
cascade_min_cand_epochs=50
cascade_num_candidate_groups=2
bit_fail_limit=3.49999994039535522461e-01
cascade_candidate_limit=1.00000000000000000000e+03
cascade_weight_multiplier=4.00000005960464477539e-01
cascade_activation_functions_count=10
cascade_activation_functions=3 5 7 8 10 11 14 15 16 17 
cascade_activation_steepnesses_count=4
cascade_activation_steepnesses=2.50000000000000000000e-01 5.00000000000000000000e-01 7.50000000000000000000e-01 1.00000000000000000000e+00 
layer_sizes=7 5 2 
scale_included=0
neurons (num_inputs, activation_function, activation_steepness)=(0, 0, 0.00000000000000000000e+00) (0, 0, 0.00000000000000000000e+00) (0, 0, 0.00000000000000000000e+00) (0, 0, 0.00000000000000000000e+00) (0, 0, 0.00000000000000000000e+00) (0, 0, 0.00000000000000000000e+00) (0, 0, 0.00000000000000000000e+00) (7, 3, 5.00000000000000000000e-01) (7, 3, 5.00000000000000000000e-01) (7, 3, 5.00000000000000000000e-01) (7, 3, 5.00000000000000000000e-01) (0, 3, 0.00000000000000000000e+00) (5, 3, 5.00000000000000000000e-01) (0, 3, 0.00000000000000000000e+00) 
connections (connected_to_neuron, weight)=(0, -1.22699701786041259766e+00) (1, -1.59123003482818603516e+00) (2, 5.90556144714355468750e+00) (3, 1.20170946121215820312e+01) (4, -5.57267045974731445312e+00) (5, -2.79653000831604003906e+00) (6, -6.72526884078979492188e+00) (0, -4.53579753637313842773e-01) (1, -2.20427393913269042969e+00) (2, -2.30825853347778320312e+00) (3, 7.53346920013427734375e+00) (4, -2.06783771514892578125e+00) (5, -2.36126208305358886719e+00) (6, -4.85561037063598632812e+00) (0, 8.46312344074249267578e-01) (1, -1.68353784084320068359e+00) (2, -4.69182586669921875000e+00) (3, -1.05001277923583984375e+01) (4, 1.57943601608276367188e+01) (5, 3.99959683418273925781e-01) (6, -1.28542855381965637207e-01) (0, -4.04474020004272460938e+00) (1, -3.96041846275329589844e+00) (2, -3.85476922988891601562e+00) (3, 2.66094064712524414062e+00) (4, 1.07429575920104980469e+00) (5, 4.69376182556152343750e+00) (6, -1.93962979316711425781e+00) (7, 1.71972823143005371094e+00) (8, 1.78440399169921875000e+01) (9, 1.87418353557586669922e+00) (10, 1.83528900146484375000e+00) (11, -2.11783480644226074219e+00) 
