FANN_FLO_2.1
num_layers=4
learning_rate=0.500000
connection_rate=1.000000
network_type=0
learning_momentum=0.000000
training_algorithm=2
train_error_function=1
train_stop_function=0
cascade_output_change_fraction=0.010000
quickprop_decay=-0.000100
quickprop_mu=1.750000
rprop_increase_factor=1.200000
rprop_decrease_factor=0.500000
rprop_delta_min=0.000000
rprop_delta_max=50.000000
rprop_delta_zero=0.100000
cascade_output_stagnation_epochs=12
cascade_candidate_change_fraction=0.010000
cascade_candidate_stagnation_epochs=12
cascade_max_out_epochs=150
cascade_min_out_epochs=50
cascade_max_cand_epochs=150
cascade_min_cand_epochs=50
cascade_num_candidate_groups=2
bit_fail_limit=3.49999994039535522461e-01
cascade_candidate_limit=1.00000000000000000000e+03
cascade_weight_multiplier=4.00000005960464477539e-01
cascade_activation_functions_count=10
cascade_activation_functions=3 5 7 8 10 11 14 15 16 17 
cascade_activation_steepnesses_count=4
cascade_activation_steepnesses=2.50000000000000000000e-01 5.00000000000000000000e-01 7.50000000000000000000e-01 1.00000000000000000000e+00 
layer_sizes=10 3 3 2 
scale_included=0
neurons (num_inputs, activation_function, activation_steepness)=(0, 0, 0.00000000000000000000e+00) (0, 0, 0.00000000000000000000e+00) (0, 0, 0.00000000000000000000e+00) (0, 0, 0.00000000000000000000e+00) (0, 0, 0.00000000000000000000e+00) (0, 0, 0.00000000000000000000e+00) (0, 0, 0.00000000000000000000e+00) (0, 0, 0.00000000000000000000e+00) (0, 0, 0.00000000000000000000e+00) (0, 0, 0.00000000000000000000e+00) (10, 3, 5.00000000000000000000e-01) (10, 3, 5.00000000000000000000e-01) (0, 3, 0.00000000000000000000e+00) (3, 3, 5.00000000000000000000e-01) (3, 3, 5.00000000000000000000e-01) (0, 3, 0.00000000000000000000e+00) (3, 3, 5.00000000000000000000e-01) (0, 3, 0.00000000000000000000e+00) 
connections (connected_to_neuron, weight)=(0, -4.45993947982788085938e+00) (1, -7.90580332279205322266e-01) (2, 7.13039159774780273438e-01) (3, -5.29494702816009521484e-01) (4, 1.27565193176269531250e+00) (5, -1.53522402048110961914e-01) (6, -2.19517827033996582031e+00) (7, 2.13469684123992919922e-01) (8, -3.74663567543029785156e+00) (9, 3.96610999107360839844e+00) (0, -5.10219049453735351562e+00) (1, -5.65693080425262451172e-01) (2, 1.05804550647735595703e+00) (3, -7.87047147750854492188e-01) (4, 1.15987682342529296875e+00) (5, -1.47331699728965759277e-01) (6, -2.33807134628295898438e+00) (7, 4.64341849088668823242e-01) (8, -3.18723964691162109375e+00) (9, 4.08092689514160156250e+00) (10, 9.80417537689208984375e+00) (11, 1.06486482620239257812e+01) (12, -6.21696901321411132812e+00) (10, 9.74014759063720703125e+00) (11, 9.72679710388183593750e+00) (12, -5.88328933715820312500e+00) (13, 3.56797337532043457031e+00) (14, 8.67592334747314453125e-01) (15, -3.55254006385803222656e+00) 
