FANN_FLO_2.1
num_layers=3
learning_rate=0.500000
connection_rate=1.000000
network_type=0
learning_momentum=0.000000
training_algorithm=2
train_error_function=1
train_stop_function=0
cascade_output_change_fraction=0.010000
quickprop_decay=-0.000100
quickprop_mu=1.750000
rprop_increase_factor=1.200000
rprop_decrease_factor=0.500000
rprop_delta_min=0.000000
rprop_delta_max=50.000000
rprop_delta_zero=0.100000
cascade_output_stagnation_epochs=12
cascade_candidate_change_fraction=0.010000
cascade_candidate_stagnation_epochs=12
cascade_max_out_epochs=150
cascade_min_out_epochs=50
cascade_max_cand_epochs=150
cascade_min_cand_epochs=50
cascade_num_candidate_groups=2
bit_fail_limit=3.49999994039535522461e-01
cascade_candidate_limit=1.00000000000000000000e+03
cascade_weight_multiplier=4.00000005960464477539e-01
cascade_activation_functions_count=10
cascade_activation_functions=3 5 7 8 10 11 14 15 16 17 
cascade_activation_steepnesses_count=4
cascade_activation_steepnesses=2.50000000000000000000e-01 5.00000000000000000000e-01 7.50000000000000000000e-01 1.00000000000000000000e+00 
layer_sizes=10 3 2 
scale_included=0
neurons (num_inputs, activation_function, activation_steepness)=(0, 0, 0.00000000000000000000e+00) (0, 0, 0.00000000000000000000e+00) (0, 0, 0.00000000000000000000e+00) (0, 0, 0.00000000000000000000e+00) (0, 0, 0.00000000000000000000e+00) (0, 0, 0.00000000000000000000e+00) (0, 0, 0.00000000000000000000e+00) (0, 0, 0.00000000000000000000e+00) (0, 0, 0.00000000000000000000e+00) (0, 0, 0.00000000000000000000e+00) (10, 3, 5.00000000000000000000e-01) (10, 3, 5.00000000000000000000e-01) (0, 3, 0.00000000000000000000e+00) (3, 3, 5.00000000000000000000e-01) (0, 3, 0.00000000000000000000e+00) 
connections (connected_to_neuron, weight)=(0, -6.11263871192932128906e-01) (1, 2.17844784259796142578e-01) (2, -2.01577258110046386719e+00) (3, -3.02029037475585937500e+00) (4, 7.18566560745239257812e+00) (5, 4.61884641647338867188e+00) (6, -2.84968662261962890625e+00) (7, -9.44676113128662109375e+00) (8, 9.85556888580322265625e+00) (9, -1.70881152153015136719e+00) (0, -5.78498005867004394531e-01) (1, 1.30556821823120117188e+00) (2, -4.00220394134521484375e+00) (3, 6.44188022613525390625e+00) (4, 3.48919916152954101562e+00) (5, -7.33067131042480468750e+00) (6, 1.10982503890991210938e+01) (7, 4.66253185272216796875e+00) (8, -2.25450401306152343750e+01) (9, 4.51590031385421752930e-01) (10, 4.96238279342651367188e+00) (11, 4.80886507034301757812e+00) (12, -3.95023488998413085938e+00) 
