FANN_FLO_2.1
num_layers=4
learning_rate=0.500000
connection_rate=1.000000
network_type=0
learning_momentum=0.000000
training_algorithm=2
train_error_function=1
train_stop_function=0
cascade_output_change_fraction=0.010000
quickprop_decay=-0.000100
quickprop_mu=1.750000
rprop_increase_factor=1.200000
rprop_decrease_factor=0.500000
rprop_delta_min=0.000000
rprop_delta_max=50.000000
rprop_delta_zero=0.100000
cascade_output_stagnation_epochs=12
cascade_candidate_change_fraction=0.010000
cascade_candidate_stagnation_epochs=12
cascade_max_out_epochs=150
cascade_min_out_epochs=50
cascade_max_cand_epochs=150
cascade_min_cand_epochs=50
cascade_num_candidate_groups=2
bit_fail_limit=3.49999994039535522461e-01
cascade_candidate_limit=1.00000000000000000000e+03
cascade_weight_multiplier=4.00000005960464477539e-01
cascade_activation_functions_count=10
cascade_activation_functions=3 5 7 8 10 11 14 15 16 17 
cascade_activation_steepnesses_count=4
cascade_activation_steepnesses=2.50000000000000000000e-01 5.00000000000000000000e-01 7.50000000000000000000e-01 1.00000000000000000000e+00 
layer_sizes=2 5 5 3 
scale_included=0
neurons (num_inputs, activation_function, activation_steepness)=(0, 0, 0.00000000000000000000e+00) (0, 0, 0.00000000000000000000e+00) (2, 3, 5.00000000000000000000e-01) (2, 3, 5.00000000000000000000e-01) (2, 3, 5.00000000000000000000e-01) (2, 3, 5.00000000000000000000e-01) (0, 3, 0.00000000000000000000e+00) (5, 3, 5.00000000000000000000e-01) (5, 3, 5.00000000000000000000e-01) (5, 3, 5.00000000000000000000e-01) (5, 3, 5.00000000000000000000e-01) (0, 3, 0.00000000000000000000e+00) (5, 0, 5.00000000000000000000e-01) (5, 0, 5.00000000000000000000e-01) (0, 0, 0.00000000000000000000e+00) 
connections (connected_to_neuron, weight)=(0, 9.53302478790283203125e+00) (1, 5.28526194393634796143e-02) (0, 7.89455080032348632812e+00) (1, -3.25120353698730468750e+00) (0, -1.08373842239379882812e+01) (1, 6.41161322593688964844e-01) (0, 4.16561603546142578125e+00) (1, -2.16580152511596679688e+00) (2, -4.24870010465383529663e-03) (3, 8.26796722412109375000e+00) (4, -3.66231322288513183594e+00) (5, 1.97159066796302795410e-01) (6, -1.15240323543548583984e+00) (2, 6.77514672279357910156e-01) (3, -4.90761470794677734375e+00) (4, -8.56497824192047119141e-01) (5, -1.54052942991256713867e-01) (6, 1.11290121078491210938e+00) (2, 7.26952135562896728516e-01) (3, -2.88871836662292480469e+00) (4, -6.35232973098754882812e+00) (5, -2.71949678659439086914e-01) (6, -6.88609406352043151855e-02) (2, 3.53559374809265136719e+00) (3, -6.17009925842285156250e+00) (4, -3.55870699882507324219e+00) (5, -4.05646234750747680664e-01) (6, 5.84964118897914886475e-02) (7, -6.29968762397766113281e-01) (8, -1.28136968612670898438e+00) (9, -9.56586301326751708984e-01) (10, -2.93665027618408203125e+00) (11, 1.85090684890747070312e+00) (7, -1.50469410419464111328e+00) (8, 4.51232910156250000000e+00) (9, -2.44753098487854003906e+00) (10, -6.75211668014526367188e-01) (11, -6.88088834285736083984e-01) 
