FANN_FLO_2.1
num_layers=4
learning_rate=0.400000
connection_rate=1.000000
network_type=0
learning_momentum=0.000000
training_algorithm=2
train_error_function=1
train_stop_function=0
cascade_output_change_fraction=0.010000
quickprop_decay=-0.000100
quickprop_mu=1.750000
rprop_increase_factor=1.200000
rprop_decrease_factor=0.500000
rprop_delta_min=0.000000
rprop_delta_max=50.000000
rprop_delta_zero=0.100000
cascade_output_stagnation_epochs=12
cascade_candidate_change_fraction=0.010000
cascade_candidate_stagnation_epochs=12
cascade_max_out_epochs=150
cascade_min_out_epochs=50
cascade_max_cand_epochs=150
cascade_min_cand_epochs=50
cascade_num_candidate_groups=2
bit_fail_limit=3.49999994039535522461e-01
cascade_candidate_limit=1.00000000000000000000e+03
cascade_weight_multiplier=4.00000005960464477539e-01
cascade_activation_functions_count=10
cascade_activation_functions=3 5 7 8 10 11 14 15 16 17 
cascade_activation_steepnesses_count=4
cascade_activation_steepnesses=2.50000000000000000000e-01 5.00000000000000000000e-01 7.50000000000000000000e-01 1.00000000000000000000e+00 
layer_sizes=7 5 3 2 
scale_included=0
neurons (num_inputs, activation_function, activation_steepness)=(0, 0, 0.00000000000000000000e+00) (0, 0, 0.00000000000000000000e+00) (0, 0, 0.00000000000000000000e+00) (0, 0, 0.00000000000000000000e+00) (0, 0, 0.00000000000000000000e+00) (0, 0, 0.00000000000000000000e+00) (0, 0, 0.00000000000000000000e+00) (7, 3, 5.00000000000000000000e-01) (7, 3, 5.00000000000000000000e-01) (7, 3, 5.00000000000000000000e-01) (7, 3, 5.00000000000000000000e-01) (0, 3, 0.00000000000000000000e+00) (5, 3, 5.00000000000000000000e-01) (5, 3, 5.00000000000000000000e-01) (0, 3, 0.00000000000000000000e+00) (3, 3, 5.00000000000000000000e-01) (0, 3, 0.00000000000000000000e+00) 
connections (connected_to_neuron, weight)=(0, -1.13479858398437500000e+03) (1, -1.11101188659667968750e+02) (2, -1.45749743652343750000e+03) (3, -1.39514233398437500000e+03) (4, -6.69702575683593750000e+02) (5, 1.49795703125000000000e+03) (6, 2.15404663085937500000e+01) (0, -1.30783129882812500000e+03) (1, -3.61309387207031250000e+02) (2, -1.45749743652343750000e+03) (3, -1.39514233398437500000e+03) (4, -1.21077514648437500000e+03) (5, 4.18471740722656250000e+02) (6, 5.94711975097656250000e+02) (0, 9.19033660888671875000e+01) (1, -2.96348171234130859375e+01) (2, 4.19696578979492187500e+01) (3, 1.10855659484863281250e+02) (4, 6.50661239624023437500e+01) (5, -2.27285137176513671875e+01) (6, -1.12629905700683593750e+02) (0, -4.54835845947265625000e+02) (1, -1.24618762207031250000e+03) (2, 1.22445227050781250000e+03) (3, 2.17197662353515625000e+02) (4, 1.16171337890625000000e+03) (5, 1.02199694824218750000e+03) (6, -6.89618065953254699707e-02) (7, -2.31078410148620605469e+00) (8, -1.35661888122558593750e+00) (9, -5.65201520919799804688e+00) (10, 2.86992096900939941406e+00) (11, 3.06796336174011230469e+00) (7, 1.39080004882812500000e+03) (8, 7.71378051757812500000e+02) (9, 5.94736218452453613281e-01) (10, -2.00996041297912597656e+00) (11, 1.53386092185974121094e+00) (12, -1.65685784816741943359e+00) (13, -9.24368739128112792969e-01) (14, -1.02339887619018554688e+00) 
