FANN_FLO_2.1
num_layers=4
learning_rate=0.500000
connection_rate=1.000000
network_type=0
learning_momentum=0.000000
training_algorithm=2
train_error_function=1
train_stop_function=0
cascade_output_change_fraction=0.010000
quickprop_decay=-0.000100
quickprop_mu=1.750000
rprop_increase_factor=1.200000
rprop_decrease_factor=0.500000
rprop_delta_min=0.000000
rprop_delta_max=50.000000
rprop_delta_zero=0.100000
cascade_output_stagnation_epochs=12
cascade_candidate_change_fraction=0.010000
cascade_candidate_stagnation_epochs=12
cascade_max_out_epochs=150
cascade_min_out_epochs=50
cascade_max_cand_epochs=150
cascade_min_cand_epochs=50
cascade_num_candidate_groups=2
bit_fail_limit=3.49999994039535522461e-01
cascade_candidate_limit=1.00000000000000000000e+03
cascade_weight_multiplier=4.00000005960464477539e-01
cascade_activation_functions_count=10
cascade_activation_functions=3 5 7 8 10 11 14 15 16 17 
cascade_activation_steepnesses_count=4
cascade_activation_steepnesses=2.50000000000000000000e-01 5.00000000000000000000e-01 7.50000000000000000000e-01 1.00000000000000000000e+00 
layer_sizes=10 3 3 2 
scale_included=0
neurons (num_inputs, activation_function, activation_steepness)=(0, 0, 0.00000000000000000000e+00) (0, 0, 0.00000000000000000000e+00) (0, 0, 0.00000000000000000000e+00) (0, 0, 0.00000000000000000000e+00) (0, 0, 0.00000000000000000000e+00) (0, 0, 0.00000000000000000000e+00) (0, 0, 0.00000000000000000000e+00) (0, 0, 0.00000000000000000000e+00) (0, 0, 0.00000000000000000000e+00) (0, 0, 0.00000000000000000000e+00) (10, 3, 5.00000000000000000000e-01) (10, 3, 5.00000000000000000000e-01) (0, 3, 0.00000000000000000000e+00) (3, 3, 5.00000000000000000000e-01) (3, 3, 5.00000000000000000000e-01) (0, 3, 0.00000000000000000000e+00) (3, 3, 5.00000000000000000000e-01) (0, 3, 0.00000000000000000000e+00) 
connections (connected_to_neuron, weight)=(0, -1.35704536437988281250e+01) (1, 5.89141387939453125000e+01) (2, -1.84225215911865234375e+01) (3, -2.21314716339111328125e+01) (4, 1.51950073242187500000e+01) (5, 7.75709438323974609375e+00) (6, -5.47723674774169921875e+00) (7, -1.50689859390258789062e+01) (8, -1.67349262237548828125e+01) (9, -3.40852403640747070312e+00) (0, 6.60409927368164062500e+01) (1, 7.66458740234375000000e+01) (2, 3.08570251464843750000e+02) (3, -1.78653984069824218750e+01) (4, -1.24984924316406250000e+02) (5, 8.98107528686523437500e+00) (6, -7.03817749023437500000e+00) (7, 1.24549841880798339844e+00) (8, -1.16135490417480468750e+02) (9, 7.93648958206176757812e+00) (10, 1.50000000000000000000e+03) (11, -2.44653630256652832031e+00) (12, 8.70327830314636230469e-01) (10, 1.53515899658203125000e+02) (11, -1.55038803100585937500e+02) (12, -1.33267199993133544922e+00) (13, 2.37357926368713378906e+00) (14, 3.57699728012084960938e+00) (15, -1.70364761352539062500e+00) 
