FANN_FLO_2.1
num_layers=4
learning_rate=0.500000
connection_rate=1.000000
network_type=0
learning_momentum=0.000000
training_algorithm=2
train_error_function=1
train_stop_function=0
cascade_output_change_fraction=0.010000
quickprop_decay=-0.000100
quickprop_mu=1.750000
rprop_increase_factor=1.200000
rprop_decrease_factor=0.500000
rprop_delta_min=0.000000
rprop_delta_max=50.000000
rprop_delta_zero=0.100000
cascade_output_stagnation_epochs=12
cascade_candidate_change_fraction=0.010000
cascade_candidate_stagnation_epochs=12
cascade_max_out_epochs=150
cascade_min_out_epochs=50
cascade_max_cand_epochs=150
cascade_min_cand_epochs=50
cascade_num_candidate_groups=2
bit_fail_limit=3.49999994039535522461e-01
cascade_candidate_limit=1.00000000000000000000e+03
cascade_weight_multiplier=4.00000005960464477539e-01
cascade_activation_functions_count=10
cascade_activation_functions=3 5 7 8 10 11 14 15 16 17 
cascade_activation_steepnesses_count=4
cascade_activation_steepnesses=2.50000000000000000000e-01 5.00000000000000000000e-01 7.50000000000000000000e-01 1.00000000000000000000e+00 
layer_sizes=2 5 3 3 
scale_included=0
neurons (num_inputs, activation_function, activation_steepness)=(0, 0, 0.00000000000000000000e+00) (0, 0, 0.00000000000000000000e+00) (2, 3, 5.00000000000000000000e-01) (2, 3, 5.00000000000000000000e-01) (2, 3, 5.00000000000000000000e-01) (2, 3, 5.00000000000000000000e-01) (0, 3, 0.00000000000000000000e+00) (5, 3, 5.00000000000000000000e-01) (5, 3, 5.00000000000000000000e-01) (0, 3, 0.00000000000000000000e+00) (3, 0, 5.00000000000000000000e-01) (3, 0, 5.00000000000000000000e-01) (0, 0, 0.00000000000000000000e+00) 
connections (connected_to_neuron, weight)=(0, 1.82954139709472656250e+01) (1, -6.94978857040405273438e+00) (0, 2.67650032043457031250e+01) (1, -5.33695173263549804688e+00) (0, 1.21456016540527343750e+02) (1, -3.00641798973083496094e+00) (0, 4.56510429382324218750e+01) (1, -8.04433917999267578125e+00) (2, -1.01084346771240234375e+01) (3, 1.85102634429931640625e+01) (4, 1.35941731929779052734e+00) (5, -8.00973510742187500000e+00) (6, -2.30139470100402832031e+00) (2, -2.71548962593078613281e+00) (3, -1.96779859066009521484e+00) (4, 9.41364943981170654297e-01) (5, -3.30599963665008544922e-01) (6, 2.21295309066772460938e+00) (7, -2.60133719444274902344e+00) (8, -1.81405687332153320312e+00) (9, 1.90194857120513916016e+00) (7, -1.51650011539459228516e+00) (8, 4.10654354095458984375e+00) (9, -1.55652332305908203125e+00) 
