FANN_FLO_2.1
num_layers=4
learning_rate=0.400000
connection_rate=1.000000
network_type=0
learning_momentum=0.000000
training_algorithm=2
train_error_function=1
train_stop_function=0
cascade_output_change_fraction=0.010000
quickprop_decay=-0.000100
quickprop_mu=1.750000
rprop_increase_factor=1.200000
rprop_decrease_factor=0.500000
rprop_delta_min=0.000000
rprop_delta_max=50.000000
rprop_delta_zero=0.100000
cascade_output_stagnation_epochs=12
cascade_candidate_change_fraction=0.010000
cascade_candidate_stagnation_epochs=12
cascade_max_out_epochs=150
cascade_min_out_epochs=50
cascade_max_cand_epochs=150
cascade_min_cand_epochs=50
cascade_num_candidate_groups=2
bit_fail_limit=3.49999994039535522461e-01
cascade_candidate_limit=1.00000000000000000000e+03
cascade_weight_multiplier=4.00000005960464477539e-01
cascade_activation_functions_count=10
cascade_activation_functions=3 5 7 8 10 11 14 15 16 17 
cascade_activation_steepnesses_count=4
cascade_activation_steepnesses=2.50000000000000000000e-01 5.00000000000000000000e-01 7.50000000000000000000e-01 1.00000000000000000000e+00 
layer_sizes=7 5 3 2 
scale_included=0
neurons (num_inputs, activation_function, activation_steepness)=(0, 0, 0.00000000000000000000e+00) (0, 0, 0.00000000000000000000e+00) (0, 0, 0.00000000000000000000e+00) (0, 0, 0.00000000000000000000e+00) (0, 0, 0.00000000000000000000e+00) (0, 0, 0.00000000000000000000e+00) (0, 0, 0.00000000000000000000e+00) (7, 3, 5.00000000000000000000e-01) (7, 3, 5.00000000000000000000e-01) (7, 3, 5.00000000000000000000e-01) (7, 3, 5.00000000000000000000e-01) (0, 3, 0.00000000000000000000e+00) (5, 3, 5.00000000000000000000e-01) (5, 3, 5.00000000000000000000e-01) (0, 3, 0.00000000000000000000e+00) (3, 3, 5.00000000000000000000e-01) (0, 3, 0.00000000000000000000e+00) 
connections (connected_to_neuron, weight)=(0, -1.50000000000000000000e+03) (1, -1.50000000000000000000e+03) (2, -1.50000000000000000000e+03) (3, -1.33195336914062500000e+03) (4, -9.06640136718750000000e+02) (5, -1.50000000000000000000e+03) (6, 4.95857372879981994629e-02) (0, -1.50000000000000000000e+03) (1, -1.50000000000000000000e+03) (2, -1.50000000000000000000e+03) (3, -1.33195336914062500000e+03) (4, -9.90520202636718750000e+02) (5, -1.50000000000000000000e+03) (6, 1.17305479943752288818e-01) (0, -1.50000000000000000000e+03) (1, -1.50000000000000000000e+03) (2, -1.50000000000000000000e+03) (3, -1.33195336914062500000e+03) (4, -9.90424743652343750000e+02) (5, -1.50000000000000000000e+03) (6, 1.02269120514392852783e-01) (0, -8.52716541290283203125e+00) (1, 5.89131832122802734375e+00) (2, 9.31521594524383544922e-01) (3, -3.41611194610595703125e+00) (4, -1.52588891983032226562e+00) (5, 9.34714019298553466797e-01) (6, 3.76154947280883789062e+00) (7, 1.50000000000000000000e+03) (8, 1.50000000000000000000e+03) (9, 1.50000000000000000000e+03) (10, 5.43960666656494140625e+00) (11, -2.22881770133972167969e+00) (7, 1.50000000000000000000e+03) (8, 1.50000000000000000000e+03) (9, 1.50000000000000000000e+03) (10, 5.89765834808349609375e+00) (11, -2.39322853088378906250e+00) (12, -1.51707971096038818359e+00) (13, -1.27320885658264160156e+00) (14, -9.12240505218505859375e-01) 
