FANN_FLO_2.1
num_layers=4
learning_rate=0.500000
connection_rate=1.000000
network_type=0
learning_momentum=0.000000
training_algorithm=2
train_error_function=1
train_stop_function=0
cascade_output_change_fraction=0.010000
quickprop_decay=-0.000100
quickprop_mu=1.750000
rprop_increase_factor=1.200000
rprop_decrease_factor=0.500000
rprop_delta_min=0.000000
rprop_delta_max=50.000000
rprop_delta_zero=0.100000
cascade_output_stagnation_epochs=12
cascade_candidate_change_fraction=0.010000
cascade_candidate_stagnation_epochs=12
cascade_max_out_epochs=150
cascade_min_out_epochs=50
cascade_max_cand_epochs=150
cascade_min_cand_epochs=50
cascade_num_candidate_groups=2
bit_fail_limit=3.49999994039535522461e-01
cascade_candidate_limit=1.00000000000000000000e+03
cascade_weight_multiplier=4.00000005960464477539e-01
cascade_activation_functions_count=10
cascade_activation_functions=3 5 7 8 10 11 14 15 16 17 
cascade_activation_steepnesses_count=4
cascade_activation_steepnesses=2.50000000000000000000e-01 5.00000000000000000000e-01 7.50000000000000000000e-01 1.00000000000000000000e+00 
layer_sizes=2 5 5 3 
scale_included=0
neurons (num_inputs, activation_function, activation_steepness)=(0, 0, 0.00000000000000000000e+00) (0, 0, 0.00000000000000000000e+00) (2, 3, 5.00000000000000000000e-01) (2, 3, 5.00000000000000000000e-01) (2, 3, 5.00000000000000000000e-01) (2, 3, 5.00000000000000000000e-01) (0, 3, 0.00000000000000000000e+00) (5, 3, 5.00000000000000000000e-01) (5, 3, 5.00000000000000000000e-01) (5, 3, 5.00000000000000000000e-01) (5, 3, 5.00000000000000000000e-01) (0, 3, 0.00000000000000000000e+00) (5, 0, 5.00000000000000000000e-01) (5, 0, 5.00000000000000000000e-01) (0, 0, 0.00000000000000000000e+00) 
connections (connected_to_neuron, weight)=(0, -3.54640030860900878906e+00) (1, 6.56161248683929443359e-01) (0, 1.05229835510253906250e+01) (1, -3.72484517097473144531e+00) (0, -3.99890947341918945312e+00) (1, 1.57258677482604980469e+00) (0, 1.58669223785400390625e+01) (1, -2.23965358734130859375e+00) (2, -8.66656482219696044922e-01) (3, -2.52530403137207031250e+01) (4, -8.18136334419250488281e-01) (5, 2.31300487518310546875e+01) (6, -1.02409577369689941406e+00) (2, -7.72094726562500000000e-02) (3, -1.16664800643920898438e+01) (4, -4.65973287820816040039e-01) (5, 8.67044258117675781250e+00) (6, -2.28897526860237121582e-01) (2, 3.39845418930053710938e-01) (3, -5.48332548141479492188e+00) (4, 4.00089532136917114258e-01) (5, -2.85004734992980957031e+00) (6, 4.54967832565307617188e+00) (2, -1.78400552272796630859e+00) (3, -2.09400510787963867188e+00) (4, -1.26794850826263427734e+00) (5, 5.51070928573608398438e+00) (6, -1.32375907897949218750e+00) (7, -7.42195963859558105469e-01) (8, -1.55451476573944091797e+00) (9, -7.99698412418365478516e-01) (10, -1.23304831981658935547e+00) (11, 1.83238244056701660156e+00) (7, -2.37473845481872558594e-01) (8, 1.56941354274749755859e-01) (9, 2.68311452865600585938e+00) (10, -1.79679346084594726562e+00) (11, -5.64484000205993652344e-01) 
