FANN_FLO_2.1
num_layers=4
learning_rate=0.400000
connection_rate=1.000000
network_type=0
learning_momentum=0.000000
training_algorithm=2
train_error_function=1
train_stop_function=0
cascade_output_change_fraction=0.010000
quickprop_decay=-0.000100
quickprop_mu=1.750000
rprop_increase_factor=1.200000
rprop_decrease_factor=0.500000
rprop_delta_min=0.000000
rprop_delta_max=50.000000
rprop_delta_zero=0.100000
cascade_output_stagnation_epochs=12
cascade_candidate_change_fraction=0.010000
cascade_candidate_stagnation_epochs=12
cascade_max_out_epochs=150
cascade_min_out_epochs=50
cascade_max_cand_epochs=150
cascade_min_cand_epochs=50
cascade_num_candidate_groups=2
bit_fail_limit=3.49999994039535522461e-01
cascade_candidate_limit=1.00000000000000000000e+03
cascade_weight_multiplier=4.00000005960464477539e-01
cascade_activation_functions_count=10
cascade_activation_functions=3 5 7 8 10 11 14 15 16 17 
cascade_activation_steepnesses_count=4
cascade_activation_steepnesses=2.50000000000000000000e-01 5.00000000000000000000e-01 7.50000000000000000000e-01 1.00000000000000000000e+00 
layer_sizes=7 5 3 2 
scale_included=0
neurons (num_inputs, activation_function, activation_steepness)=(0, 0, 0.00000000000000000000e+00) (0, 0, 0.00000000000000000000e+00) (0, 0, 0.00000000000000000000e+00) (0, 0, 0.00000000000000000000e+00) (0, 0, 0.00000000000000000000e+00) (0, 0, 0.00000000000000000000e+00) (0, 0, 0.00000000000000000000e+00) (7, 3, 5.00000000000000000000e-01) (7, 3, 5.00000000000000000000e-01) (7, 3, 5.00000000000000000000e-01) (7, 3, 5.00000000000000000000e-01) (0, 3, 0.00000000000000000000e+00) (5, 3, 5.00000000000000000000e-01) (5, 3, 5.00000000000000000000e-01) (0, 3, 0.00000000000000000000e+00) (3, 3, 5.00000000000000000000e-01) (0, 3, 0.00000000000000000000e+00) 
connections (connected_to_neuron, weight)=(0, 1.50580239295959472656e+00) (1, 9.61362540721893310547e-01) (2, -3.00645208358764648438e+00) (3, -1.06044683456420898438e+01) (4, -1.41568168997764587402e-01) (5, 1.89804756641387939453e+00) (6, 1.27465844154357910156e+00) (0, -9.08421421051025390625e+00) (1, 8.02030467987060546875e+00) (2, 1.60011142492294311523e-01) (3, -7.62468017637729644775e-03) (4, -1.45667505264282226562e+00) (5, -1.47500000000000000000e+03) (6, 3.45504969358444213867e-01) (0, -1.45301525878906250000e+03) (1, -3.55889358520507812500e+01) (2, 1.32435437011718750000e+03) (3, -1.19549575805664062500e+02) (4, 7.94312500000000000000e+02) (5, 6.05406860351562500000e+02) (6, -1.97234375000000000000e+02) (0, -5.44514846801757812500e+00) (1, -7.95276832580566406250e+00) (2, 7.17200374603271484375e+00) (3, -6.12448513507843017578e-01) (4, -1.25764477252960205078e+00) (5, 9.08294010162353515625e+00) (6, 1.77254271507263183594e+00) (7, 2.57819032669067382812e+00) (8, 3.18794012069702148438e+00) (9, 1.64763391017913818359e-01) (10, -6.78789243102073669434e-02) (11, -2.56702423095703125000e+00) (7, -1.88366973400115966797e+00) (8, 1.08989009857177734375e+01) (9, 1.24224352836608886719e+00) (10, 1.16715259552001953125e+01) (11, -2.23440623283386230469e+00) (12, -3.44421982765197753906e+00) (13, -1.75401389598846435547e+00) (14, -5.86384594440460205078e-01) 
