FANN_FLO_2.1
num_layers=4
learning_rate=0.500000
connection_rate=1.000000
network_type=0
learning_momentum=0.000000
training_algorithm=2
train_error_function=1
train_stop_function=0
cascade_output_change_fraction=0.010000
quickprop_decay=-0.000100
quickprop_mu=1.750000
rprop_increase_factor=1.200000
rprop_decrease_factor=0.500000
rprop_delta_min=0.000000
rprop_delta_max=50.000000
rprop_delta_zero=0.100000
cascade_output_stagnation_epochs=12
cascade_candidate_change_fraction=0.010000
cascade_candidate_stagnation_epochs=12
cascade_max_out_epochs=150
cascade_min_out_epochs=50
cascade_max_cand_epochs=150
cascade_min_cand_epochs=50
cascade_num_candidate_groups=2
bit_fail_limit=3.49999994039535522461e-01
cascade_candidate_limit=1.00000000000000000000e+03
cascade_weight_multiplier=4.00000005960464477539e-01
cascade_activation_functions_count=10
cascade_activation_functions=3 5 7 8 10 11 14 15 16 17 
cascade_activation_steepnesses_count=4
cascade_activation_steepnesses=2.50000000000000000000e-01 5.00000000000000000000e-01 7.50000000000000000000e-01 1.00000000000000000000e+00 
layer_sizes=2 5 5 3 
scale_included=0
neurons (num_inputs, activation_function, activation_steepness)=(0, 0, 0.00000000000000000000e+00) (0, 0, 0.00000000000000000000e+00) (2, 3, 5.00000000000000000000e-01) (2, 3, 5.00000000000000000000e-01) (2, 3, 5.00000000000000000000e-01) (2, 3, 5.00000000000000000000e-01) (0, 3, 0.00000000000000000000e+00) (5, 3, 5.00000000000000000000e-01) (5, 3, 5.00000000000000000000e-01) (5, 3, 5.00000000000000000000e-01) (5, 3, 5.00000000000000000000e-01) (0, 3, 0.00000000000000000000e+00) (5, 0, 5.00000000000000000000e-01) (5, 0, 5.00000000000000000000e-01) (0, 0, 0.00000000000000000000e+00) 
connections (connected_to_neuron, weight)=(0, 1.83638839721679687500e+01) (1, -7.71393060684204101562e+00) (0, -1.01929140090942382812e+00) (1, 1.53792396187782287598e-01) (0, -1.61106853485107421875e+01) (1, 8.11338782310485839844e-01) (0, -1.02335052490234375000e+03) (1, 3.68895828723907470703e-01) (2, -3.36678600311279296875e+00) (3, 1.77103653550148010254e-01) (4, 4.75696653127670288086e-01) (5, -7.37973451614379882812e-01) (6, 1.16448380053043365479e-01) (2, -3.03722214698791503906e+00) (3, 2.74116694927215576172e-01) (4, -4.83142375946044921875e+00) (5, -1.69330179691314697266e+00) (6, 1.33665597438812255859e+00) (2, 1.45963258743286132812e+01) (3, -5.55837191641330718994e-02) (4, -1.45407161712646484375e+01) (5, 1.10995635986328125000e+01) (6, 3.98503750562667846680e-01) (2, -2.77529597282409667969e+00) (3, 2.80273914337158203125e-01) (4, 7.56252035498619079590e-02) (5, 5.90925991535186767578e-01) (6, 2.43440672755241394043e-01) (7, -6.13993480801582336426e-02) (8, -2.87647962570190429688e+00) (9, -9.19099003076553344727e-02) (10, -9.07560408115386962891e-01) (11, 8.17066133022308349609e-01) (7, 1.87503051757812500000e+00) (8, -8.72862040996551513672e-01) (9, -2.02016568183898925781e+00) (10, 1.89476215839385986328e+00) (11, -1.59950211644172668457e-01) 
