FANN_FLO_2.1
num_layers=4
learning_rate=0.500000
connection_rate=1.000000
network_type=0
learning_momentum=0.000000
training_algorithm=2
train_error_function=1
train_stop_function=0
cascade_output_change_fraction=0.010000
quickprop_decay=-0.000100
quickprop_mu=1.750000
rprop_increase_factor=1.200000
rprop_decrease_factor=0.500000
rprop_delta_min=0.000000
rprop_delta_max=50.000000
rprop_delta_zero=0.100000
cascade_output_stagnation_epochs=12
cascade_candidate_change_fraction=0.010000
cascade_candidate_stagnation_epochs=12
cascade_max_out_epochs=150
cascade_min_out_epochs=50
cascade_max_cand_epochs=150
cascade_min_cand_epochs=50
cascade_num_candidate_groups=2
bit_fail_limit=3.49999994039535522461e-01
cascade_candidate_limit=1.00000000000000000000e+03
cascade_weight_multiplier=4.00000005960464477539e-01
cascade_activation_functions_count=10
cascade_activation_functions=3 5 7 8 10 11 14 15 16 17 
cascade_activation_steepnesses_count=4
cascade_activation_steepnesses=2.50000000000000000000e-01 5.00000000000000000000e-01 7.50000000000000000000e-01 1.00000000000000000000e+00 
layer_sizes=10 3 3 2 
scale_included=0
neurons (num_inputs, activation_function, activation_steepness)=(0, 0, 0.00000000000000000000e+00) (0, 0, 0.00000000000000000000e+00) (0, 0, 0.00000000000000000000e+00) (0, 0, 0.00000000000000000000e+00) (0, 0, 0.00000000000000000000e+00) (0, 0, 0.00000000000000000000e+00) (0, 0, 0.00000000000000000000e+00) (0, 0, 0.00000000000000000000e+00) (0, 0, 0.00000000000000000000e+00) (0, 0, 0.00000000000000000000e+00) (10, 3, 5.00000000000000000000e-01) (10, 3, 5.00000000000000000000e-01) (0, 3, 0.00000000000000000000e+00) (3, 3, 5.00000000000000000000e-01) (3, 3, 5.00000000000000000000e-01) (0, 3, 0.00000000000000000000e+00) (3, 3, 5.00000000000000000000e-01) (0, 3, 0.00000000000000000000e+00) 
connections (connected_to_neuron, weight)=(0, -1.12422513961791992188e+00) (1, -3.04203033447265625000e-01) (2, -1.14645755290985107422e+00) (3, 1.03064644336700439453e+00) (4, 7.22663104534149169922e-01) (5, 1.59895014762878417969e+00) (6, -2.73612886667251586914e-01) (7, 1.15441530942916870117e-02) (8, -1.07975676655769348145e-01) (9, -1.17866575717926025391e-01) (0, 1.06023621559143066406e+00) (1, 1.36049518585205078125e+01) (2, 2.96069574356079101562e+00) (3, -4.19845151901245117188e+00) (4, -5.80240607261657714844e-01) (5, -4.94984912872314453125e+00) (6, -6.82394742965698242188e-01) (7, -4.28940486907958984375e+00) (8, -4.23524427413940429688e+00) (9, -1.30807793140411376953e+00) (10, -9.23139286041259765625e+00) (11, -4.02663469314575195312e+00) (12, 3.02600789070129394531e+00) (10, 4.99046182632446289062e+00) (11, 2.31452417373657226562e+00) (12, 4.38853055238723754883e-01) (13, -3.65729103088378906250e+01) (14, 9.48916077613830566406e-01) (15, 3.31563413143157958984e-01) 
