FANN_FLO_2.1
num_layers=4
learning_rate=0.400000
connection_rate=1.000000
network_type=0
learning_momentum=0.000000
training_algorithm=2
train_error_function=1
train_stop_function=0
cascade_output_change_fraction=0.010000
quickprop_decay=-0.000100
quickprop_mu=1.750000
rprop_increase_factor=1.200000
rprop_decrease_factor=0.500000
rprop_delta_min=0.000000
rprop_delta_max=50.000000
rprop_delta_zero=0.100000
cascade_output_stagnation_epochs=12
cascade_candidate_change_fraction=0.010000
cascade_candidate_stagnation_epochs=12
cascade_max_out_epochs=150
cascade_min_out_epochs=50
cascade_max_cand_epochs=150
cascade_min_cand_epochs=50
cascade_num_candidate_groups=2
bit_fail_limit=3.49999994039535522461e-01
cascade_candidate_limit=1.00000000000000000000e+03
cascade_weight_multiplier=4.00000005960464477539e-01
cascade_activation_functions_count=10
cascade_activation_functions=3 5 7 8 10 11 14 15 16 17 
cascade_activation_steepnesses_count=4
cascade_activation_steepnesses=2.50000000000000000000e-01 5.00000000000000000000e-01 7.50000000000000000000e-01 1.00000000000000000000e+00 
layer_sizes=7 5 5 2 
scale_included=0
neurons (num_inputs, activation_function, activation_steepness)=(0, 0, 0.00000000000000000000e+00) (0, 0, 0.00000000000000000000e+00) (0, 0, 0.00000000000000000000e+00) (0, 0, 0.00000000000000000000e+00) (0, 0, 0.00000000000000000000e+00) (0, 0, 0.00000000000000000000e+00) (0, 0, 0.00000000000000000000e+00) (7, 3, 5.00000000000000000000e-01) (7, 3, 5.00000000000000000000e-01) (7, 3, 5.00000000000000000000e-01) (7, 3, 5.00000000000000000000e-01) (0, 3, 0.00000000000000000000e+00) (5, 3, 5.00000000000000000000e-01) (5, 3, 5.00000000000000000000e-01) (5, 3, 5.00000000000000000000e-01) (5, 3, 5.00000000000000000000e-01) (0, 3, 0.00000000000000000000e+00) (5, 3, 5.00000000000000000000e-01) (0, 3, 0.00000000000000000000e+00) 
connections (connected_to_neuron, weight)=(0, -7.45401430130004882812e+00) (1, 5.82161426544189453125e+00) (2, -3.07690405845642089844e+00) (3, -2.52993321418762207031e+00) (4, -1.18291842937469482422e+00) (5, -1.99810676574707031250e+01) (6, 2.21935963630676269531e+00) (0, -2.47564339637756347656e+00) (1, -1.16087329387664794922e+00) (2, -2.56827622652053833008e-01) (3, -5.79804849624633789062e+00) (4, -3.18676877021789550781e+00) (5, 7.09838342666625976562e+00) (6, 2.59337258338928222656e+00) (0, 5.72441387176513671875e+00) (1, -1.50000000000000000000e+03) (2, 1.35566699218750000000e+03) (3, -1.17249938964843750000e+02) (4, 5.70772766113281250000e+02) (5, 3.40316848754882812500e+01) (6, 1.17558317184448242188e+01) (0, -1.43876528739929199219e+00) (1, -7.20132589340209960938e+00) (2, 6.47395477294921875000e+01) (3, -8.03562500000000000000e+02) (4, -2.62284965515136718750e+01) (5, 9.98164291381835937500e+01) (6, 1.05095443725585937500e+01) (7, 1.50000000000000000000e+03) (8, 1.50000000000000000000e+03) (9, 1.24080004882812500000e+03) (10, 1.50000000000000000000e+03) (11, -9.42032933235168457031e-01) (7, 1.25601453781127929688e+01) (8, 6.15542364120483398438e+00) (9, 1.24080004882812500000e+03) (10, 1.90996181964874267578e+00) (11, -5.31676340103149414062e+00) (7, -3.59033721923828125000e+02) (8, 1.41904785156250000000e+03) (9, -1.01580004882812500000e+03) (10, -1.44854992675781250000e+03) (11, 4.23242454528808593750e+01) (7, 1.50000000000000000000e+03) (8, 1.50000000000000000000e+03) (9, 1.24080004882812500000e+03) (10, 1.50000000000000000000e+03) (11, -1.27588109970092773438e+01) (12, -2.45881259441375732422e-01) (13, -2.54831457138061523438e+00) (14, 5.12132942676544189453e-01) (15, -1.32905459403991699219e+00) (16, -8.31342712044715881348e-02) 
