FANN_FLO_2.1
num_layers=3
learning_rate=0.400000
connection_rate=1.000000
network_type=0
learning_momentum=0.000000
training_algorithm=2
train_error_function=1
train_stop_function=0
cascade_output_change_fraction=0.010000
quickprop_decay=-0.000100
quickprop_mu=1.750000
rprop_increase_factor=1.200000
rprop_decrease_factor=0.500000
rprop_delta_min=0.000000
rprop_delta_max=50.000000
rprop_delta_zero=0.100000
cascade_output_stagnation_epochs=12
cascade_candidate_change_fraction=0.010000
cascade_candidate_stagnation_epochs=12
cascade_max_out_epochs=150
cascade_min_out_epochs=50
cascade_max_cand_epochs=150
cascade_min_cand_epochs=50
cascade_num_candidate_groups=2
bit_fail_limit=3.49999994039535522461e-01
cascade_candidate_limit=1.00000000000000000000e+03
cascade_weight_multiplier=4.00000005960464477539e-01
cascade_activation_functions_count=10
cascade_activation_functions=3 5 7 8 10 11 14 15 16 17 
cascade_activation_steepnesses_count=4
cascade_activation_steepnesses=2.50000000000000000000e-01 5.00000000000000000000e-01 7.50000000000000000000e-01 1.00000000000000000000e+00 
layer_sizes=7 5 2 
scale_included=0
neurons (num_inputs, activation_function, activation_steepness)=(0, 0, 0.00000000000000000000e+00) (0, 0, 0.00000000000000000000e+00) (0, 0, 0.00000000000000000000e+00) (0, 0, 0.00000000000000000000e+00) (0, 0, 0.00000000000000000000e+00) (0, 0, 0.00000000000000000000e+00) (0, 0, 0.00000000000000000000e+00) (7, 3, 5.00000000000000000000e-01) (7, 3, 5.00000000000000000000e-01) (7, 3, 5.00000000000000000000e-01) (7, 3, 5.00000000000000000000e-01) (0, 3, 0.00000000000000000000e+00) (5, 3, 5.00000000000000000000e-01) (0, 3, 0.00000000000000000000e+00) 
connections (connected_to_neuron, weight)=(0, -1.44374072551727294922e-01) (1, 3.46775221824645996094e+00) (2, 2.58355283737182617188e+00) (3, -2.13588690757751464844e+00) (4, 3.76194190979003906250e+00) (5, -7.68048334121704101562e+00) (6, 2.38157439231872558594e+00) (0, -3.32673728466033935547e-01) (1, -4.03660923242568969727e-01) (2, 1.98396837711334228516e+00) (3, 2.33553194999694824219e+00) (4, 3.59584379196166992188e+00) (5, 1.21654105186462402344e+00) (6, -3.70307374000549316406e+00) (0, 1.80488967895507812500e+00) (1, 1.33688914775848388672e+00) (2, -1.44376957416534423828e+00) (3, 8.31617295742034912109e-01) (4, -4.10004901885986328125e+00) (5, 2.73348331451416015625e+00) (6, 2.64476358890533447266e-01) (0, -6.81492328643798828125e+00) (1, -5.31993007659912109375e+00) (2, 5.32518744468688964844e-01) (3, 1.51484775543212890625e+00) (4, 3.03423833847045898438e+00) (5, 2.00557661056518554688e+00) (6, -2.60774493217468261719e+00) (7, -2.84042286872863769531e+00) (8, 3.34797787666320800781e+00) (9, -3.00631213188171386719e+00) (10, 5.19448566436767578125e+00) (11, 7.63343751430511474609e-01) 
