FANN_FLO_2.1
num_layers=3
learning_rate=0.400000
connection_rate=1.000000
network_type=0
learning_momentum=0.000000
training_algorithm=2
train_error_function=1
train_stop_function=0
cascade_output_change_fraction=0.010000
quickprop_decay=-0.000100
quickprop_mu=1.750000
rprop_increase_factor=1.200000
rprop_decrease_factor=0.500000
rprop_delta_min=0.000000
rprop_delta_max=50.000000
rprop_delta_zero=0.100000
cascade_output_stagnation_epochs=12
cascade_candidate_change_fraction=0.010000
cascade_candidate_stagnation_epochs=12
cascade_max_out_epochs=150
cascade_min_out_epochs=50
cascade_max_cand_epochs=150
cascade_min_cand_epochs=50
cascade_num_candidate_groups=2
bit_fail_limit=3.49999994039535522461e-01
cascade_candidate_limit=1.00000000000000000000e+03
cascade_weight_multiplier=4.00000005960464477539e-01
cascade_activation_functions_count=10
cascade_activation_functions=3 5 7 8 10 11 14 15 16 17 
cascade_activation_steepnesses_count=4
cascade_activation_steepnesses=2.50000000000000000000e-01 5.00000000000000000000e-01 7.50000000000000000000e-01 1.00000000000000000000e+00 
layer_sizes=7 5 2 
scale_included=0
neurons (num_inputs, activation_function, activation_steepness)=(0, 0, 0.00000000000000000000e+00) (0, 0, 0.00000000000000000000e+00) (0, 0, 0.00000000000000000000e+00) (0, 0, 0.00000000000000000000e+00) (0, 0, 0.00000000000000000000e+00) (0, 0, 0.00000000000000000000e+00) (0, 0, 0.00000000000000000000e+00) (7, 3, 5.00000000000000000000e-01) (7, 3, 5.00000000000000000000e-01) (7, 3, 5.00000000000000000000e-01) (7, 3, 5.00000000000000000000e-01) (0, 3, 0.00000000000000000000e+00) (5, 3, 5.00000000000000000000e-01) (0, 3, 0.00000000000000000000e+00) 
connections (connected_to_neuron, weight)=(0, 6.84656620025634765625e+00) (1, 2.58811545372009277344e+00) (2, 3.46150457859039306641e-01) (3, -4.17296648025512695312e+00) (4, -1.10340321063995361328e+00) (5, -2.03023171424865722656e+00) (6, 2.19030594825744628906e+00) (0, -4.71066117286682128906e-01) (1, 1.58423531055450439453e+00) (2, 1.17529785633087158203e+00) (3, -1.61291050910949707031e+00) (4, 6.35387563705444335938e+00) (5, -9.06324291229248046875e+00) (6, 2.56909441947937011719e+00) (0, 4.94685220718383789062e+00) (1, -1.54041254520416259766e+00) (2, -1.36665105819702148438e+00) (3, 2.81600332260131835938e+00) (4, 2.73508691787719726562e+00) (5, 1.17990231513977050781e+00) (6, -3.81946110725402832031e+00) (0, 9.21305239200592041016e-01) (1, -1.82552027702331542969e+00) (2, -3.46935033798217773438e+00) (3, -6.91301774978637695312e+00) (4, 1.56945457458496093750e+01) (5, -2.20966482162475585938e+00) (6, -1.92750918865203857422e+00) (7, -2.94738864898681640625e+00) (8, -1.60573208332061767578e+00) (9, 2.35106563568115234375e+00) (10, 2.32043313980102539062e+00) (11, 5.17954826354980468750e-01) 
