FANN_FLO_2.1
num_layers=4
learning_rate=0.400000
connection_rate=1.000000
network_type=0
learning_momentum=0.000000
training_algorithm=2
train_error_function=1
train_stop_function=0
cascade_output_change_fraction=0.010000
quickprop_decay=-0.000100
quickprop_mu=1.750000
rprop_increase_factor=1.200000
rprop_decrease_factor=0.500000
rprop_delta_min=0.000000
rprop_delta_max=50.000000
rprop_delta_zero=0.100000
cascade_output_stagnation_epochs=12
cascade_candidate_change_fraction=0.010000
cascade_candidate_stagnation_epochs=12
cascade_max_out_epochs=150
cascade_min_out_epochs=50
cascade_max_cand_epochs=150
cascade_min_cand_epochs=50
cascade_num_candidate_groups=2
bit_fail_limit=3.49999994039535522461e-01
cascade_candidate_limit=1.00000000000000000000e+03
cascade_weight_multiplier=4.00000005960464477539e-01
cascade_activation_functions_count=10
cascade_activation_functions=3 5 7 8 10 11 14 15 16 17 
cascade_activation_steepnesses_count=4
cascade_activation_steepnesses=2.50000000000000000000e-01 5.00000000000000000000e-01 7.50000000000000000000e-01 1.00000000000000000000e+00 
layer_sizes=7 5 5 2 
scale_included=0
neurons (num_inputs, activation_function, activation_steepness)=(0, 0, 0.00000000000000000000e+00) (0, 0, 0.00000000000000000000e+00) (0, 0, 0.00000000000000000000e+00) (0, 0, 0.00000000000000000000e+00) (0, 0, 0.00000000000000000000e+00) (0, 0, 0.00000000000000000000e+00) (0, 0, 0.00000000000000000000e+00) (7, 3, 5.00000000000000000000e-01) (7, 3, 5.00000000000000000000e-01) (7, 3, 5.00000000000000000000e-01) (7, 3, 5.00000000000000000000e-01) (0, 3, 0.00000000000000000000e+00) (5, 3, 5.00000000000000000000e-01) (5, 3, 5.00000000000000000000e-01) (5, 3, 5.00000000000000000000e-01) (5, 3, 5.00000000000000000000e-01) (0, 3, 0.00000000000000000000e+00) (5, 3, 5.00000000000000000000e-01) (0, 3, 0.00000000000000000000e+00) 
connections (connected_to_neuron, weight)=(0, 1.79016065597534179688e+00) (1, -4.15614700317382812500e+00) (2, 3.01080265045166015625e+01) (3, -9.92085266113281250000e+00) (4, -9.97678518295288085938e-01) (5, 2.12683081626892089844e+00) (6, 9.05934154987335205078e-01) (0, -7.00375556945800781250e+00) (1, 5.06135416030883789062e+00) (2, -2.89600586891174316406e+00) (3, -4.38449907302856445312e+00) (4, -1.23490393161773681641e+00) (5, -8.19442462921142578125e+00) (6, 2.60933637619018554688e+00) (0, -5.62297523021697998047e-01) (1, -2.15143442153930664062e+00) (2, 8.75582408905029296875e+00) (3, -5.52027654647827148438e+00) (4, -1.56376051902770996094e+00) (5, -1.32430468750000000000e+03) (6, 2.08769249916076660156e+00) (0, 7.81826376914978027344e-01) (1, -4.84114789962768554688e+00) (2, 1.26185092926025390625e+01) (3, 3.90368372201919555664e-01) (4, -2.50241112709045410156e+00) (5, 1.29804503917694091797e+00) (6, 2.05849170684814453125e+00) (7, -1.25440788269042968750e+00) (8, 8.03677940368652343750e+00) (9, -1.43306359648704528809e-01) (10, -3.63546103239059448242e-01) (11, -3.01825666427612304688e+00) (7, 1.74293994903564453125e+00) (8, 1.21373834609985351562e+01) (9, -1.55532569885253906250e+01) (10, 1.15858948230743408203e+00) (11, -1.23359882831573486328e+00) (7, 1.99141101837158203125e+01) (8, 3.82056093215942382812e+00) (9, -2.69533653259277343750e+01) (10, 8.74970054626464843750e+00) (11, -3.42462372779846191406e+00) (7, 9.45220279693603515625e+00) (8, 7.83687162399291992188e+00) (9, -2.02098846435546875000e+01) (10, 5.99114751815795898438e+00) (11, -1.96816766262054443359e+00) (12, -1.98288512229919433594e+00) (13, -2.08973622322082519531e+00) (14, -3.96199107170104980469e-01) (15, -1.26867270469665527344e+00) (16, -2.80984729528427124023e-01) 
