FANN_FLO_2.1
num_layers=3
learning_rate=0.400000
connection_rate=1.000000
network_type=0
learning_momentum=0.000000
training_algorithm=2
train_error_function=1
train_stop_function=0
cascade_output_change_fraction=0.010000
quickprop_decay=-0.000100
quickprop_mu=1.750000
rprop_increase_factor=1.200000
rprop_decrease_factor=0.500000
rprop_delta_min=0.000000
rprop_delta_max=50.000000
rprop_delta_zero=0.100000
cascade_output_stagnation_epochs=12
cascade_candidate_change_fraction=0.010000
cascade_candidate_stagnation_epochs=12
cascade_max_out_epochs=150
cascade_min_out_epochs=50
cascade_max_cand_epochs=150
cascade_min_cand_epochs=50
cascade_num_candidate_groups=2
bit_fail_limit=3.49999994039535522461e-01
cascade_candidate_limit=1.00000000000000000000e+03
cascade_weight_multiplier=4.00000005960464477539e-01
cascade_activation_functions_count=10
cascade_activation_functions=3 5 7 8 10 11 14 15 16 17 
cascade_activation_steepnesses_count=4
cascade_activation_steepnesses=2.50000000000000000000e-01 5.00000000000000000000e-01 7.50000000000000000000e-01 1.00000000000000000000e+00 
layer_sizes=19 3 3 
scale_included=0
neurons (num_inputs, activation_function, activation_steepness)=(0, 0, 0.00000000000000000000e+00) (0, 0, 0.00000000000000000000e+00) (0, 0, 0.00000000000000000000e+00) (0, 0, 0.00000000000000000000e+00) (0, 0, 0.00000000000000000000e+00) (0, 0, 0.00000000000000000000e+00) (0, 0, 0.00000000000000000000e+00) (0, 0, 0.00000000000000000000e+00) (0, 0, 0.00000000000000000000e+00) (0, 0, 0.00000000000000000000e+00) (0, 0, 0.00000000000000000000e+00) (0, 0, 0.00000000000000000000e+00) (0, 0, 0.00000000000000000000e+00) (0, 0, 0.00000000000000000000e+00) (0, 0, 0.00000000000000000000e+00) (0, 0, 0.00000000000000000000e+00) (0, 0, 0.00000000000000000000e+00) (0, 0, 0.00000000000000000000e+00) (0, 0, 0.00000000000000000000e+00) (19, 3, 5.00000000000000000000e-01) (19, 3, 5.00000000000000000000e-01) (0, 3, 0.00000000000000000000e+00) (3, 3, 5.00000000000000000000e-01) (3, 3, 5.00000000000000000000e-01) (0, 3, 0.00000000000000000000e+00) 
connections (connected_to_neuron, weight)=(0, 5.48433542251586914062e+00) (1, 3.25276017189025878906e+00) (2, -4.79484033584594726562e+00) (3, 7.00244235992431640625e+00) (4, -9.55441772937774658203e-01) (5, -1.34562301635742187500e+00) (6, 9.27279281616210937500e+00) (7, -1.50286734104156494141e-01) (8, -3.34721207618713378906e+00) (9, -8.52918338775634765625e+00) (10, -2.17680239677429199219e+00) (11, 4.12796020507812500000e+00) (12, -3.67193651199340820312e+00) (13, -9.63251292705535888672e-01) (14, 1.29063498973846435547e+00) (15, -6.60667419433593750000e+00) (16, -4.56596326828002929688e+00) (17, 2.79411697387695312500e+00) (18, -2.92209577560424804688e+00) (0, -7.11549854278564453125e+00) (1, -2.42671275138854980469e+00) (2, 4.22675848007202148438e+00) (3, -9.03603267669677734375e+00) (4, -6.72581613063812255859e-01) (5, 5.70124864578247070312e+00) (6, -1.11012306213378906250e+01) (7, -1.35150337219238281250e+00) (8, 1.52223193645477294922e+00) (9, 7.12351560592651367188e+00) (10, 1.34722268581390380859e+00) (11, -8.30743908882141113281e-01) (12, 6.49610519409179687500e+00) (13, -1.40804678201675415039e-01) (14, -1.56746745109558105469e+00) (15, 9.71896457672119140625e+00) (16, 2.89959937334060668945e-01) (17, -4.33404874801635742188e+00) (18, -3.42200684547424316406e+00) (19, -1.29716289043426513672e+00) (20, -1.22056651115417480469e+00) (21, 7.26536959409713745117e-02) (19, 1.29544639587402343750e+00) (20, 1.21922445297241210938e+00) (21, -7.16719329357147216797e-02) 
