FANN_FLO_2.1
num_layers=3
learning_rate=0.400000
connection_rate=1.000000
network_type=0
learning_momentum=0.000000
training_algorithm=2
train_error_function=1
train_stop_function=0
cascade_output_change_fraction=0.010000
quickprop_decay=-0.000100
quickprop_mu=1.750000
rprop_increase_factor=1.200000
rprop_decrease_factor=0.500000
rprop_delta_min=0.000000
rprop_delta_max=50.000000
rprop_delta_zero=0.100000
cascade_output_stagnation_epochs=12
cascade_candidate_change_fraction=0.010000
cascade_candidate_stagnation_epochs=12
cascade_max_out_epochs=150
cascade_min_out_epochs=50
cascade_max_cand_epochs=150
cascade_min_cand_epochs=50
cascade_num_candidate_groups=2
bit_fail_limit=3.49999994039535522461e-01
cascade_candidate_limit=1.00000000000000000000e+03
cascade_weight_multiplier=4.00000005960464477539e-01
cascade_activation_functions_count=10
cascade_activation_functions=3 5 7 8 10 11 14 15 16 17 
cascade_activation_steepnesses_count=4
cascade_activation_steepnesses=2.50000000000000000000e-01 5.00000000000000000000e-01 7.50000000000000000000e-01 1.00000000000000000000e+00 
layer_sizes=19 3 3 
scale_included=0
neurons (num_inputs, activation_function, activation_steepness)=(0, 0, 0.00000000000000000000e+00) (0, 0, 0.00000000000000000000e+00) (0, 0, 0.00000000000000000000e+00) (0, 0, 0.00000000000000000000e+00) (0, 0, 0.00000000000000000000e+00) (0, 0, 0.00000000000000000000e+00) (0, 0, 0.00000000000000000000e+00) (0, 0, 0.00000000000000000000e+00) (0, 0, 0.00000000000000000000e+00) (0, 0, 0.00000000000000000000e+00) (0, 0, 0.00000000000000000000e+00) (0, 0, 0.00000000000000000000e+00) (0, 0, 0.00000000000000000000e+00) (0, 0, 0.00000000000000000000e+00) (0, 0, 0.00000000000000000000e+00) (0, 0, 0.00000000000000000000e+00) (0, 0, 0.00000000000000000000e+00) (0, 0, 0.00000000000000000000e+00) (0, 0, 0.00000000000000000000e+00) (19, 3, 5.00000000000000000000e-01) (19, 3, 5.00000000000000000000e-01) (0, 3, 0.00000000000000000000e+00) (3, 3, 5.00000000000000000000e-01) (3, 3, 5.00000000000000000000e-01) (0, 3, 0.00000000000000000000e+00) 
connections (connected_to_neuron, weight)=(0, -2.47313904762268066406e+00) (1, 4.09373474121093750000e+00) (2, -5.67010450363159179688e+00) (3, -1.99598848819732666016e+00) (4, -5.16647958755493164062e+00) (5, 4.58150386810302734375e+00) (6, 2.93036437034606933594e+00) (7, 1.75743236541748046875e+01) (8, -1.21034407615661621094e+00) (9, -2.77515506744384765625e+01) (10, -5.95952892303466796875e+00) (11, -8.12265396118164062500e+00) (12, 2.89204072952270507812e+00) (13, 4.33576965332031250000e+00) (14, 4.87916278839111328125e+00) (15, 1.17542963027954101562e+01) (16, -3.90854978561401367188e+00) (17, 1.73916854858398437500e+01) (18, 3.26693594455718994141e-01) (0, -6.03825235366821289062e+00) (1, -3.90722990036010742188e+00) (2, -8.06826210021972656250e+00) (3, 9.21744441986083984375e+00) (4, 6.71312630176544189453e-01) (5, -8.44988465309143066406e-01) (6, 4.56226497888565063477e-01) (7, -2.61076903343200683594e+00) (8, -5.30294656753540039062e+00) (9, 2.99607658386230468750e+00) (10, -1.26757497787475585938e+01) (11, -4.59564961493015289307e-02) (12, 1.79347121715545654297e+00) (13, -4.73228597640991210938e+00) (14, -2.41170668601989746094e+00) (15, -1.89570748805999755859e+00) (16, 2.23284626007080078125e+01) (17, -8.54293346405029296875e+00) (18, 1.87764492034912109375e+01) (19, -5.53352594375610351562e-01) (20, -6.53121292591094970703e-01) (21, 4.00243997573852539062e-01) (19, 5.53302407264709472656e-01) (20, 6.53839766979217529297e-01) (21, -4.00547355413436889648e-01) 
