FANN_FLO_2.1
num_layers=4
learning_rate=0.500000
connection_rate=1.000000
network_type=0
learning_momentum=0.000000
training_algorithm=2
train_error_function=1
train_stop_function=0
cascade_output_change_fraction=0.010000
quickprop_decay=-0.000100
quickprop_mu=1.750000
rprop_increase_factor=1.200000
rprop_decrease_factor=0.500000
rprop_delta_min=0.000000
rprop_delta_max=50.000000
rprop_delta_zero=0.100000
cascade_output_stagnation_epochs=12
cascade_candidate_change_fraction=0.010000
cascade_candidate_stagnation_epochs=12
cascade_max_out_epochs=150
cascade_min_out_epochs=50
cascade_max_cand_epochs=150
cascade_min_cand_epochs=50
cascade_num_candidate_groups=2
bit_fail_limit=3.49999994039535522461e-01
cascade_candidate_limit=1.00000000000000000000e+03
cascade_weight_multiplier=4.00000005960464477539e-01
cascade_activation_functions_count=10
cascade_activation_functions=3 5 7 8 10 11 14 15 16 17 
cascade_activation_steepnesses_count=4
cascade_activation_steepnesses=2.50000000000000000000e-01 5.00000000000000000000e-01 7.50000000000000000000e-01 1.00000000000000000000e+00 
layer_sizes=2 5 5 3 
scale_included=0
neurons (num_inputs, activation_function, activation_steepness)=(0, 0, 0.00000000000000000000e+00) (0, 0, 0.00000000000000000000e+00) (2, 3, 5.00000000000000000000e-01) (2, 3, 5.00000000000000000000e-01) (2, 3, 5.00000000000000000000e-01) (2, 3, 5.00000000000000000000e-01) (0, 3, 0.00000000000000000000e+00) (5, 3, 5.00000000000000000000e-01) (5, 3, 5.00000000000000000000e-01) (5, 3, 5.00000000000000000000e-01) (5, 3, 5.00000000000000000000e-01) (0, 3, 0.00000000000000000000e+00) (5, 0, 5.00000000000000000000e-01) (5, 0, 5.00000000000000000000e-01) (0, 0, 0.00000000000000000000e+00) 
connections (connected_to_neuron, weight)=(0, 7.92795372009277343750e+00) (1, -3.02639394998550415039e-01) (0, 6.91092109680175781250e+00) (1, -2.12102532386779785156e+00) (0, 9.86787986755371093750e+00) (1, -4.00831937789916992188e+00) (0, 3.99422264099121093750e+00) (1, -6.86545431613922119141e-01) (2, -4.50858175754547119141e-02) (3, 1.46672797203063964844e+00) (4, 3.91501379013061523438e+00) (5, 2.41436570882797241211e-01) (6, 2.59367495775222778320e-01) (2, -1.20245754718780517578e+00) (3, -1.72177433967590332031e+00) (4, 1.86065340042114257812e+00) (5, -9.72224831581115722656e-01) (6, 9.51812043786048889160e-03) (2, 2.84836649894714355469e+00) (3, 1.73463261127471923828e+00) (4, -7.97051715850830078125e+00) (5, 2.85633897781372070312e+00) (6, -2.01085329055786132812e+00) (2, -1.06388084590435028076e-01) (3, -1.62051832675933837891e+00) (4, -6.46594619750976562500e+00) (5, -6.13788247108459472656e-01) (6, 1.14993417263031005859e+00) (7, -1.94507047533988952637e-01) (8, 8.63029861450195312500e+00) (9, -3.18118071556091308594e+00) (10, -1.93919494748115539551e-01) (11, -3.58781784772872924805e-01) (7, -1.40925216674804687500e+00) (8, 1.69245791435241699219e+00) (9, 1.29597795009613037109e+00) (10, 4.52486419677734375000e+00) (11, -1.20001530647277832031e+00) 
