FANN_FLO_2.1
num_layers=4
learning_rate=0.500000
connection_rate=1.000000
network_type=0
learning_momentum=0.000000
training_algorithm=2
train_error_function=1
train_stop_function=0
cascade_output_change_fraction=0.010000
quickprop_decay=-0.000100
quickprop_mu=1.750000
rprop_increase_factor=1.200000
rprop_decrease_factor=0.500000
rprop_delta_min=0.000000
rprop_delta_max=50.000000
rprop_delta_zero=0.100000
cascade_output_stagnation_epochs=12
cascade_candidate_change_fraction=0.010000
cascade_candidate_stagnation_epochs=12
cascade_max_out_epochs=150
cascade_min_out_epochs=50
cascade_max_cand_epochs=150
cascade_min_cand_epochs=50
cascade_num_candidate_groups=2
bit_fail_limit=3.49999994039535522461e-01
cascade_candidate_limit=1.00000000000000000000e+03
cascade_weight_multiplier=4.00000005960464477539e-01
cascade_activation_functions_count=10
cascade_activation_functions=3 5 7 8 10 11 14 15 16 17 
cascade_activation_steepnesses_count=4
cascade_activation_steepnesses=2.50000000000000000000e-01 5.00000000000000000000e-01 7.50000000000000000000e-01 1.00000000000000000000e+00 
layer_sizes=2 5 5 3 
scale_included=0
neurons (num_inputs, activation_function, activation_steepness)=(0, 0, 0.00000000000000000000e+00) (0, 0, 0.00000000000000000000e+00) (2, 3, 5.00000000000000000000e-01) (2, 3, 5.00000000000000000000e-01) (2, 3, 5.00000000000000000000e-01) (2, 3, 5.00000000000000000000e-01) (0, 3, 0.00000000000000000000e+00) (5, 3, 5.00000000000000000000e-01) (5, 3, 5.00000000000000000000e-01) (5, 3, 5.00000000000000000000e-01) (5, 3, 5.00000000000000000000e-01) (0, 3, 0.00000000000000000000e+00) (5, 0, 5.00000000000000000000e-01) (5, 0, 5.00000000000000000000e-01) (0, 0, 0.00000000000000000000e+00) 
connections (connected_to_neuron, weight)=(0, -9.47213363647460937500e+00) (1, 1.89591020345687866211e-01) (0, -1.01279067993164062500e+01) (1, 9.54628363251686096191e-02) (0, -5.94097900390625000000e+00) (1, 9.35308113694190979004e-02) (0, -4.17475223541259765625e+00) (1, 1.20044314861297607422e+00) (2, -1.97394227981567382812e+00) (3, -6.74762129783630371094e-01) (4, -3.03777170181274414062e+00) (5, -3.78497290611267089844e+00) (6, 1.35080063343048095703e+00) (2, 6.66371536254882812500e+00) (3, 2.52470054626464843750e+01) (4, 1.09164810180664062500e+00) (5, -4.92555427551269531250e+00) (6, 3.26969504356384277344e-01) (2, -1.06873285770416259766e+00) (3, -4.59231424331665039062e+00) (4, -8.72329950332641601562e-01) (5, 3.36693358421325683594e+00) (6, 6.07339859008789062500e-01) (2, -2.61235594749450683594e+00) (3, -1.60245418548583984375e+00) (4, -4.03607463836669921875e+00) (5, -1.19783890247344970703e+00) (6, 3.23790407180786132812e+00) (7, 7.74659299850463867188e+00) (8, 1.39186406135559082031e+00) (9, -1.98786473274230957031e+00) (10, -2.84835219383239746094e+00) (11, -2.92391419410705566406e-01) (7, -4.59750366210937500000e+00) (8, 1.30247938632965087891e+00) (9, 1.73300117254257202148e-01) (10, -1.27276611328125000000e+00) (11, 8.33731949329376220703e-01) 
