FANN_FLO_2.1
num_layers=3
learning_rate=0.500000
connection_rate=1.000000
network_type=0
learning_momentum=0.000000
training_algorithm=2
train_error_function=1
train_stop_function=0
cascade_output_change_fraction=0.010000
quickprop_decay=-0.000100
quickprop_mu=1.750000
rprop_increase_factor=1.200000
rprop_decrease_factor=0.500000
rprop_delta_min=0.000000
rprop_delta_max=50.000000
rprop_delta_zero=0.100000
cascade_output_stagnation_epochs=12
cascade_candidate_change_fraction=0.010000
cascade_candidate_stagnation_epochs=12
cascade_max_out_epochs=150
cascade_min_out_epochs=50
cascade_max_cand_epochs=150
cascade_min_cand_epochs=50
cascade_num_candidate_groups=2
bit_fail_limit=3.49999994039535522461e-01
cascade_candidate_limit=1.00000000000000000000e+03
cascade_weight_multiplier=4.00000005960464477539e-01
cascade_activation_functions_count=10
cascade_activation_functions=3 5 7 8 10 11 14 15 16 17 
cascade_activation_steepnesses_count=4
cascade_activation_steepnesses=2.50000000000000000000e-01 5.00000000000000000000e-01 7.50000000000000000000e-01 1.00000000000000000000e+00 
layer_sizes=10 5 2 
scale_included=0
neurons (num_inputs, activation_function, activation_steepness)=(0, 0, 0.00000000000000000000e+00) (0, 0, 0.00000000000000000000e+00) (0, 0, 0.00000000000000000000e+00) (0, 0, 0.00000000000000000000e+00) (0, 0, 0.00000000000000000000e+00) (0, 0, 0.00000000000000000000e+00) (0, 0, 0.00000000000000000000e+00) (0, 0, 0.00000000000000000000e+00) (0, 0, 0.00000000000000000000e+00) (0, 0, 0.00000000000000000000e+00) (10, 3, 5.00000000000000000000e-01) (10, 3, 5.00000000000000000000e-01) (10, 3, 5.00000000000000000000e-01) (10, 3, 5.00000000000000000000e-01) (0, 3, 0.00000000000000000000e+00) (5, 3, 5.00000000000000000000e-01) (0, 3, 0.00000000000000000000e+00) 
connections (connected_to_neuron, weight)=(0, 1.33269987106323242188e+01) (1, 1.85989129543304443359e+00) (2, -7.34748125076293945312e-01) (3, 6.32111132144927978516e-02) (4, 5.43571710586547851562e+00) (5, -3.42449098825454711914e-01) (6, -7.23849201202392578125e+00) (7, -7.10961580276489257812e-01) (8, 2.94317483901977539062e+00) (9, -4.33368635177612304688e+00) (0, -1.50000000000000000000e+03) (1, 9.67465281486511230469e-01) (2, 3.61656475067138671875e+00) (3, -5.10002994537353515625e+00) (4, 2.89590978622436523438e+00) (5, -2.59794521331787109375e+00) (6, -1.73557019233703613281e+00) (7, 4.17378520965576171875e+00) (8, 2.14869594573974609375e+00) (9, -3.82431477308273315430e-01) (0, -7.15070877075195312500e+01) (1, 1.23674857616424560547e+00) (2, -1.50000000000000000000e+03) (3, 1.23524916172027587891e+00) (4, 1.35619091987609863281e+00) (5, -2.79024261474609375000e+02) (6, 6.22279510498046875000e+01) (7, 2.48825788497924804688e+00) (8, 1.44138952636718750000e+03) (9, -2.62123882770538330078e-01) (0, -1.81905138492584228516e+00) (1, -1.73686385154724121094e+00) (2, -6.01481580734252929688e+00) (3, 3.81155657768249511719e+00) (4, -2.44447684288024902344e+00) (5, -9.99272882938385009766e-01) (6, -2.30729365348815917969e+00) (7, 1.95115928649902343750e+01) (8, -1.70767378807067871094e+00) (9, -1.66147732734680175781e+00) (10, 1.30515670776367187500e+00) (11, 1.99942684173583984375e+00) (12, 2.67692303657531738281e+00) (13, -2.39672493934631347656e+00) (14, -2.10074380040168762207e-01) 
