FANN_FLO_2.1
num_layers=3
learning_rate=0.400000
connection_rate=1.000000
network_type=0
learning_momentum=0.000000
training_algorithm=2
train_error_function=1
train_stop_function=0
cascade_output_change_fraction=0.010000
quickprop_decay=-0.000100
quickprop_mu=1.750000
rprop_increase_factor=1.200000
rprop_decrease_factor=0.500000
rprop_delta_min=0.000000
rprop_delta_max=50.000000
rprop_delta_zero=0.100000
cascade_output_stagnation_epochs=12
cascade_candidate_change_fraction=0.010000
cascade_candidate_stagnation_epochs=12
cascade_max_out_epochs=150
cascade_min_out_epochs=50
cascade_max_cand_epochs=150
cascade_min_cand_epochs=50
cascade_num_candidate_groups=2
bit_fail_limit=3.49999994039535522461e-01
cascade_candidate_limit=1.00000000000000000000e+03
cascade_weight_multiplier=4.00000005960464477539e-01
cascade_activation_functions_count=10
cascade_activation_functions=3 5 7 8 10 11 14 15 16 17 
cascade_activation_steepnesses_count=4
cascade_activation_steepnesses=2.50000000000000000000e-01 5.00000000000000000000e-01 7.50000000000000000000e-01 1.00000000000000000000e+00 
layer_sizes=19 3 3 
scale_included=0
neurons (num_inputs, activation_function, activation_steepness)=(0, 0, 0.00000000000000000000e+00) (0, 0, 0.00000000000000000000e+00) (0, 0, 0.00000000000000000000e+00) (0, 0, 0.00000000000000000000e+00) (0, 0, 0.00000000000000000000e+00) (0, 0, 0.00000000000000000000e+00) (0, 0, 0.00000000000000000000e+00) (0, 0, 0.00000000000000000000e+00) (0, 0, 0.00000000000000000000e+00) (0, 0, 0.00000000000000000000e+00) (0, 0, 0.00000000000000000000e+00) (0, 0, 0.00000000000000000000e+00) (0, 0, 0.00000000000000000000e+00) (0, 0, 0.00000000000000000000e+00) (0, 0, 0.00000000000000000000e+00) (0, 0, 0.00000000000000000000e+00) (0, 0, 0.00000000000000000000e+00) (0, 0, 0.00000000000000000000e+00) (0, 0, 0.00000000000000000000e+00) (19, 3, 5.00000000000000000000e-01) (19, 3, 5.00000000000000000000e-01) (0, 3, 0.00000000000000000000e+00) (3, 3, 5.00000000000000000000e-01) (3, 3, 5.00000000000000000000e-01) (0, 3, 0.00000000000000000000e+00) 
connections (connected_to_neuron, weight)=(0, -3.05661535263061523438e+00) (1, -7.21700143814086914062e+00) (2, -1.43633642196655273438e+01) (3, 8.44663083553314208984e-01) (4, -3.69566965103149414062e+00) (5, 2.79516506195068359375e+01) (6, 2.34346434473991394043e-01) (7, 8.14557552337646484375e+00) (8, -6.14109325408935546875e+00) (9, 6.72885131835937500000e+00) (10, 2.61446142196655273438e+00) (11, 6.43700599670410156250e+00) (12, -2.83041954040527343750e+00) (13, -2.36577177047729492188e+00) (14, -2.71696782112121582031e+00) (15, -2.39712595939636230469e+00) (16, 1.45418226718902587891e-01) (17, 7.14685678482055664062e+00) (18, 5.40243673324584960938e+00) (0, -1.57480134963989257812e+01) (1, -1.38221132755279541016e+00) (2, 7.80774784088134765625e+00) (3, -1.06264877319335937500e+01) (4, 4.49502897262573242188e+00) (5, -4.82551765441894531250e+00) (6, 4.83865118026733398438e+00) (7, 1.16066246032714843750e+01) (8, 1.14783639907836914062e+01) (9, 5.09338903427124023438e+00) (10, 1.12150442600250244141e+00) (11, -1.18383836746215820312e+01) (12, 1.99268352985382080078e+00) (13, 6.54989814758300781250e+00) (14, 5.42479991912841796875e+00) (15, -5.39539766311645507812e+00) (16, -1.80945854187011718750e+01) (17, 2.97171616554260253906e+00) (18, 4.18689060211181640625e+00) (19, -1.07285141944885253906e+00) (20, -5.26484310626983642578e-01) (21, 7.28830933570861816406e-01) (19, 1.07157933712005615234e+00) (20, 5.26029586791992187500e-01) (21, -7.27668225765228271484e-01) 
