FANN_FLO_2.1
num_layers=3
learning_rate=0.500000
connection_rate=1.000000
network_type=0
learning_momentum=0.000000
training_algorithm=2
train_error_function=1
train_stop_function=0
cascade_output_change_fraction=0.010000
quickprop_decay=-0.000100
quickprop_mu=1.750000
rprop_increase_factor=1.200000
rprop_decrease_factor=0.500000
rprop_delta_min=0.000000
rprop_delta_max=50.000000
rprop_delta_zero=0.100000
cascade_output_stagnation_epochs=12
cascade_candidate_change_fraction=0.010000
cascade_candidate_stagnation_epochs=12
cascade_max_out_epochs=150
cascade_min_out_epochs=50
cascade_max_cand_epochs=150
cascade_min_cand_epochs=50
cascade_num_candidate_groups=2
bit_fail_limit=3.49999994039535522461e-01
cascade_candidate_limit=1.00000000000000000000e+03
cascade_weight_multiplier=4.00000005960464477539e-01
cascade_activation_functions_count=10
cascade_activation_functions=3 5 7 8 10 11 14 15 16 17 
cascade_activation_steepnesses_count=4
cascade_activation_steepnesses=2.50000000000000000000e-01 5.00000000000000000000e-01 7.50000000000000000000e-01 1.00000000000000000000e+00 
layer_sizes=10 5 2 
scale_included=0
neurons (num_inputs, activation_function, activation_steepness)=(0, 0, 0.00000000000000000000e+00) (0, 0, 0.00000000000000000000e+00) (0, 0, 0.00000000000000000000e+00) (0, 0, 0.00000000000000000000e+00) (0, 0, 0.00000000000000000000e+00) (0, 0, 0.00000000000000000000e+00) (0, 0, 0.00000000000000000000e+00) (0, 0, 0.00000000000000000000e+00) (0, 0, 0.00000000000000000000e+00) (0, 0, 0.00000000000000000000e+00) (10, 3, 5.00000000000000000000e-01) (10, 3, 5.00000000000000000000e-01) (10, 3, 5.00000000000000000000e-01) (10, 3, 5.00000000000000000000e-01) (0, 3, 0.00000000000000000000e+00) (5, 3, 5.00000000000000000000e-01) (0, 3, 0.00000000000000000000e+00) 
connections (connected_to_neuron, weight)=(0, -1.87581992149353027344e+00) (1, -2.96455955505371093750e+00) (2, 1.14404687881469726562e+01) (3, -9.15871143341064453125e+00) (4, -1.18004059791564941406e+00) (5, 3.88411498069763183594e+00) (6, -7.20839118957519531250e+00) (7, -1.19159698486328125000e+01) (8, 1.47941102981567382812e+01) (9, -1.48531329631805419922e+00) (0, 5.11186075210571289062e+00) (1, 4.33396768569946289062e+00) (2, 7.52709865570068359375e-01) (3, 9.47741603851318359375e+00) (4, 5.64593374729156494141e-01) (5, 4.00985765457153320312e+00) (6, -2.07054591178894042969e+00) (7, -7.12291383743286132812e+00) (8, -1.00716238021850585938e+01) (9, -2.99848508834838867188e+00) (0, -3.09248179197311401367e-01) (1, -2.28448467254638671875e+01) (2, -4.48934972286224365234e-01) (3, 2.67257720232009887695e-01) (4, -2.77625536918640136719e+00) (5, -1.29146814346313476562e+00) (6, 1.28119668960571289062e+01) (7, 6.63585364818572998047e-01) (8, 7.54583597183227539062e+00) (9, -3.15339493751525878906e+00) (0, 1.57038331031799316406e+00) (1, 6.01636886596679687500e+00) (2, 1.00671815872192382812e+01) (3, -1.01874876022338867188e+01) (4, 1.36037468910217285156e+00) (5, -1.57529001235961914062e+01) (6, 3.09585022926330566406e+00) (7, -8.49102139472961425781e-01) (8, 5.06047308444976806641e-01) (9, -3.12687611579895019531e+00) (10, 2.92860150337219238281e+00) (11, 3.11573719978332519531e+00) (12, 3.54696774482727050781e+00) (13, 1.96156525611877441406e+00) (14, -2.77545285224914550781e+00) 
