FANN_FLO_2.1
num_layers=4
learning_rate=0.500000
connection_rate=1.000000
network_type=0
learning_momentum=0.000000
training_algorithm=2
train_error_function=1
train_stop_function=0
cascade_output_change_fraction=0.010000
quickprop_decay=-0.000100
quickprop_mu=1.750000
rprop_increase_factor=1.200000
rprop_decrease_factor=0.500000
rprop_delta_min=0.000000
rprop_delta_max=50.000000
rprop_delta_zero=0.100000
cascade_output_stagnation_epochs=12
cascade_candidate_change_fraction=0.010000
cascade_candidate_stagnation_epochs=12
cascade_max_out_epochs=150
cascade_min_out_epochs=50
cascade_max_cand_epochs=150
cascade_min_cand_epochs=50
cascade_num_candidate_groups=2
bit_fail_limit=3.49999994039535522461e-01
cascade_candidate_limit=1.00000000000000000000e+03
cascade_weight_multiplier=4.00000005960464477539e-01
cascade_activation_functions_count=10
cascade_activation_functions=3 5 7 8 10 11 14 15 16 17 
cascade_activation_steepnesses_count=4
cascade_activation_steepnesses=2.50000000000000000000e-01 5.00000000000000000000e-01 7.50000000000000000000e-01 1.00000000000000000000e+00 
layer_sizes=10 5 3 2 
scale_included=0
neurons (num_inputs, activation_function, activation_steepness)=(0, 0, 0.00000000000000000000e+00) (0, 0, 0.00000000000000000000e+00) (0, 0, 0.00000000000000000000e+00) (0, 0, 0.00000000000000000000e+00) (0, 0, 0.00000000000000000000e+00) (0, 0, 0.00000000000000000000e+00) (0, 0, 0.00000000000000000000e+00) (0, 0, 0.00000000000000000000e+00) (0, 0, 0.00000000000000000000e+00) (0, 0, 0.00000000000000000000e+00) (10, 3, 5.00000000000000000000e-01) (10, 3, 5.00000000000000000000e-01) (10, 3, 5.00000000000000000000e-01) (10, 3, 5.00000000000000000000e-01) (0, 3, 0.00000000000000000000e+00) (5, 3, 5.00000000000000000000e-01) (5, 3, 5.00000000000000000000e-01) (0, 3, 0.00000000000000000000e+00) (3, 3, 5.00000000000000000000e-01) (0, 3, 0.00000000000000000000e+00) 
connections (connected_to_neuron, weight)=(0, 5.53611898422241210938e+00) (1, -6.61147928237915039062e+00) (2, -3.98474931716918945312e-01) (3, 2.64239001274108886719e+00) (4, -3.08371090888977050781e+00) (5, -1.94341230392456054688e+00) (6, 1.34173285961151123047e+00) (7, -2.08601808547973632812e+00) (8, 6.46805810928344726562e+00) (9, -1.89639461040496826172e+00) (0, 8.67541313171386718750e+00) (1, -8.26377749443054199219e-01) (2, -5.53379392623901367188e+00) (3, 2.08508038520812988281e+00) (4, -3.31770110130310058594e+00) (5, -1.57672047615051269531e+00) (6, 3.66473531723022460938e+00) (7, 5.68649291992187500000e-01) (8, -5.85668134689331054688e+00) (9, -1.58627963066101074219e+00) (0, 7.52654981613159179688e+00) (1, -6.84197616577148437500e+00) (2, 2.14983081817626953125e+00) (3, 3.05334091186523437500e-01) (4, -2.66199874877929687500e+00) (5, -3.09264779090881347656e+00) (6, 6.16947412490844726562e-01) (7, 3.26069068908691406250e+00) (8, -1.44776475429534912109e+00) (9, -2.38318824768066406250e+00) (0, 7.34025096893310546875e+00) (1, -3.64226460456848144531e+00) (2, 6.76684379577636718750e-01) (3, 4.55861234664916992188e+00) (4, -4.61089849472045898438e+00) (5, -2.39518284797668457031e+00) (6, 2.62703323364257812500e+00) (7, 3.45443582534790039062e+00) (8, -1.40553200244903564453e+00) (9, -4.13932418823242187500e+00) (10, -6.03070557117462158203e-01) (11, 1.55204000473022460938e+01) (12, -7.15587329864501953125e+00) (13, -6.87209177017211914062e+00) (14, 1.63717722892761230469e+00) (10, 2.17206668853759765625e+00) (11, -1.72373086214065551758e-01) (12, -5.22840261459350585938e-01) (13, -3.41628885269165039062e+00) (14, 7.13128177449107170105e-03) (15, 2.62143731117248535156e+00) (16, 1.03599500656127929688e+00) (17, -1.82719075679779052734e+00) 
