FANN_FLO_2.1
num_layers=4
learning_rate=0.500000
connection_rate=1.000000
network_type=0
learning_momentum=0.000000
training_algorithm=2
train_error_function=1
train_stop_function=0
cascade_output_change_fraction=0.010000
quickprop_decay=-0.000100
quickprop_mu=1.750000
rprop_increase_factor=1.200000
rprop_decrease_factor=0.500000
rprop_delta_min=0.000000
rprop_delta_max=50.000000
rprop_delta_zero=0.100000
cascade_output_stagnation_epochs=12
cascade_candidate_change_fraction=0.010000
cascade_candidate_stagnation_epochs=12
cascade_max_out_epochs=150
cascade_min_out_epochs=50
cascade_max_cand_epochs=150
cascade_min_cand_epochs=50
cascade_num_candidate_groups=2
bit_fail_limit=3.49999994039535522461e-01
cascade_candidate_limit=1.00000000000000000000e+03
cascade_weight_multiplier=4.00000005960464477539e-01
cascade_activation_functions_count=10
cascade_activation_functions=3 5 7 8 10 11 14 15 16 17 
cascade_activation_steepnesses_count=4
cascade_activation_steepnesses=2.50000000000000000000e-01 5.00000000000000000000e-01 7.50000000000000000000e-01 1.00000000000000000000e+00 
layer_sizes=10 5 3 2 
scale_included=0
neurons (num_inputs, activation_function, activation_steepness)=(0, 0, 0.00000000000000000000e+00) (0, 0, 0.00000000000000000000e+00) (0, 0, 0.00000000000000000000e+00) (0, 0, 0.00000000000000000000e+00) (0, 0, 0.00000000000000000000e+00) (0, 0, 0.00000000000000000000e+00) (0, 0, 0.00000000000000000000e+00) (0, 0, 0.00000000000000000000e+00) (0, 0, 0.00000000000000000000e+00) (0, 0, 0.00000000000000000000e+00) (10, 3, 5.00000000000000000000e-01) (10, 3, 5.00000000000000000000e-01) (10, 3, 5.00000000000000000000e-01) (10, 3, 5.00000000000000000000e-01) (0, 3, 0.00000000000000000000e+00) (5, 3, 5.00000000000000000000e-01) (5, 3, 5.00000000000000000000e-01) (0, 3, 0.00000000000000000000e+00) (3, 3, 5.00000000000000000000e-01) (0, 3, 0.00000000000000000000e+00) 
connections (connected_to_neuron, weight)=(0, -3.52955961227416992188e+00) (1, -1.10005402565002441406e+00) (2, -2.26349949836730957031e+00) (3, -1.73769664764404296875e+00) (4, -5.90910851955413818359e-01) (5, 1.18012309074401855469e+00) (6, 1.40854489803314208984e+00) (7, -1.58555877208709716797e+00) (8, -2.51517963409423828125e+00) (9, 1.60664045810699462891e+00) (0, -3.75678229331970214844e+00) (1, 3.07270240783691406250e+00) (2, 1.17506265640258789062e-01) (3, -1.25213348865509033203e+00) (4, 1.01773893833160400391e+00) (5, 1.72091746330261230469e+00) (6, -1.06100869178771972656e+00) (7, -3.37482237815856933594e+00) (8, -1.52319717407226562500e+00) (9, 1.46273279190063476562e+00) (0, -1.22274601459503173828e+00) (1, -2.78804874420166015625e+00) (2, -6.80149507522583007812e+00) (3, -3.25987398624420166016e-01) (4, 1.42885398864746093750e+00) (5, 1.97747731208801269531e+00) (6, 1.36439478397369384766e+00) (7, 6.46564126014709472656e-01) (8, 2.06440448760986328125e-01) (9, 1.49767971038818359375e+00) (0, -1.81968379020690917969e+00) (1, -2.49983191490173339844e+00) (2, -1.49034333229064941406e+00) (3, -2.13418674468994140625e+00) (4, -2.36367601901292800903e-02) (5, 2.41926383972167968750e+00) (6, 2.72185277938842773438e+00) (7, -2.81899237632751464844e+00) (8, -2.20714116096496582031e+00) (9, 3.47877287864685058594e+00) (10, -2.23948459625244140625e+01) (11, 1.02529745101928710938e+01) (12, 8.83311462402343750000e+00) (13, 8.54883384704589843750e+00) (14, -6.57205677032470703125e+00) (10, -2.02259883880615234375e+01) (11, 5.55049467086791992188e+00) (12, 6.03698921203613281250e+00) (13, 1.06936435699462890625e+01) (14, -4.95634412765502929688e+00) (15, 7.10185527801513671875e-01) (16, 1.92392778396606445312e+00) (17, -1.73493349552154541016e+00) 
