FANN_FLO_2.1
num_layers=4
learning_rate=0.500000
connection_rate=1.000000
network_type=0
learning_momentum=0.000000
training_algorithm=2
train_error_function=1
train_stop_function=0
cascade_output_change_fraction=0.010000
quickprop_decay=-0.000100
quickprop_mu=1.750000
rprop_increase_factor=1.200000
rprop_decrease_factor=0.500000
rprop_delta_min=0.000000
rprop_delta_max=50.000000
rprop_delta_zero=0.100000
cascade_output_stagnation_epochs=12
cascade_candidate_change_fraction=0.010000
cascade_candidate_stagnation_epochs=12
cascade_max_out_epochs=150
cascade_min_out_epochs=50
cascade_max_cand_epochs=150
cascade_min_cand_epochs=50
cascade_num_candidate_groups=2
bit_fail_limit=3.49999994039535522461e-01
cascade_candidate_limit=1.00000000000000000000e+03
cascade_weight_multiplier=4.00000005960464477539e-01
cascade_activation_functions_count=10
cascade_activation_functions=3 5 7 8 10 11 14 15 16 17 
cascade_activation_steepnesses_count=4
cascade_activation_steepnesses=2.50000000000000000000e-01 5.00000000000000000000e-01 7.50000000000000000000e-01 1.00000000000000000000e+00 
layer_sizes=2 5 3 3 
scale_included=0
neurons (num_inputs, activation_function, activation_steepness)=(0, 0, 0.00000000000000000000e+00) (0, 0, 0.00000000000000000000e+00) (2, 3, 5.00000000000000000000e-01) (2, 3, 5.00000000000000000000e-01) (2, 3, 5.00000000000000000000e-01) (2, 3, 5.00000000000000000000e-01) (0, 3, 0.00000000000000000000e+00) (5, 3, 5.00000000000000000000e-01) (5, 3, 5.00000000000000000000e-01) (0, 3, 0.00000000000000000000e+00) (3, 0, 5.00000000000000000000e-01) (3, 0, 5.00000000000000000000e-01) (0, 0, 0.00000000000000000000e+00) 
connections (connected_to_neuron, weight)=(0, 1.60531730651855468750e+01) (1, -8.13176822662353515625e+00) (0, 2.42968521118164062500e+01) (1, -7.44460964202880859375e+00) (0, 7.60079050064086914062e+00) (1, -2.33351707458496093750e+00) (0, 3.97488403320312500000e+00) (1, -1.59694343805313110352e-01) (2, 4.75271272659301757812e+00) (3, 1.37821584939956665039e-01) (4, 1.97574162483215332031e+00) (5, 7.70616531372070312500e+00) (6, -5.85333156585693359375e+00) (2, -1.15587329864501953125e+01) (3, -5.29299020767211914062e+00) (4, -3.89390778541564941406e+00) (5, 3.22127113342285156250e+01) (6, -1.67021389007568359375e+01) (7, -2.94290482997894287109e-01) (8, -2.08717536926269531250e+00) (9, 2.09015265107154846191e-01) (7, -4.55660772323608398438e+00) (8, 2.65290975570678710938e-01) (9, 2.47429275512695312500e+00) 
