FANN_FLO_2.1
num_layers=4
learning_rate=0.500000
connection_rate=1.000000
network_type=0
learning_momentum=0.000000
training_algorithm=2
train_error_function=1
train_stop_function=0
cascade_output_change_fraction=0.010000
quickprop_decay=-0.000100
quickprop_mu=1.750000
rprop_increase_factor=1.200000
rprop_decrease_factor=0.500000
rprop_delta_min=0.000000
rprop_delta_max=50.000000
rprop_delta_zero=0.100000
cascade_output_stagnation_epochs=12
cascade_candidate_change_fraction=0.010000
cascade_candidate_stagnation_epochs=12
cascade_max_out_epochs=150
cascade_min_out_epochs=50
cascade_max_cand_epochs=150
cascade_min_cand_epochs=50
cascade_num_candidate_groups=2
bit_fail_limit=3.49999994039535522461e-01
cascade_candidate_limit=1.00000000000000000000e+03
cascade_weight_multiplier=4.00000005960464477539e-01
cascade_activation_functions_count=10
cascade_activation_functions=3 5 7 8 10 11 14 15 16 17 
cascade_activation_steepnesses_count=4
cascade_activation_steepnesses=2.50000000000000000000e-01 5.00000000000000000000e-01 7.50000000000000000000e-01 1.00000000000000000000e+00 
layer_sizes=10 3 3 2 
scale_included=0
neurons (num_inputs, activation_function, activation_steepness)=(0, 0, 0.00000000000000000000e+00) (0, 0, 0.00000000000000000000e+00) (0, 0, 0.00000000000000000000e+00) (0, 0, 0.00000000000000000000e+00) (0, 0, 0.00000000000000000000e+00) (0, 0, 0.00000000000000000000e+00) (0, 0, 0.00000000000000000000e+00) (0, 0, 0.00000000000000000000e+00) (0, 0, 0.00000000000000000000e+00) (0, 0, 0.00000000000000000000e+00) (10, 3, 5.00000000000000000000e-01) (10, 3, 5.00000000000000000000e-01) (0, 3, 0.00000000000000000000e+00) (3, 3, 5.00000000000000000000e-01) (3, 3, 5.00000000000000000000e-01) (0, 3, 0.00000000000000000000e+00) (3, 3, 5.00000000000000000000e-01) (0, 3, 0.00000000000000000000e+00) 
connections (connected_to_neuron, weight)=(0, -1.50000000000000000000e+03) (1, -1.49953161621093750000e+03) (2, -1.40327502441406250000e+03) (3, 1.49861120605468750000e+03) (4, 1.55381530761718750000e+02) (5, 1.49977551269531250000e+03) (6, 1.49924365234375000000e+03) (7, 1.50000000000000000000e+03) (8, 1.50000000000000000000e+03) (9, -3.99740753173828125000e+01) (0, -2.91650428771972656250e+01) (1, 1.41542224884033203125e+01) (2, 6.73518061637878417969e-01) (3, 3.01532220840454101562e+00) (4, 6.58612728118896484375e+00) (5, 8.93727302551269531250e+00) (6, -3.18401947021484375000e+01) (7, -2.76085066795349121094e+00) (8, 1.77536220550537109375e+01) (9, 3.18001478910446166992e-01) (10, -8.97311210632324218750e+00) (11, 1.18657140731811523438e+01) (12, 4.11545372009277343750e+00) (10, -8.72562313079833984375e+00) (11, 1.18256530761718750000e+01) (12, 3.87490725517272949219e+00) (13, 7.45197832584381103516e-01) (14, 9.05757963657379150391e-01) (15, -7.70336031913757324219e-01) 
