FANN_FLO_2.1
num_layers=3
learning_rate=0.400000
connection_rate=1.000000
network_type=0
learning_momentum=0.000000
training_algorithm=2
train_error_function=1
train_stop_function=0
cascade_output_change_fraction=0.010000
quickprop_decay=-0.000100
quickprop_mu=1.750000
rprop_increase_factor=1.200000
rprop_decrease_factor=0.500000
rprop_delta_min=0.000000
rprop_delta_max=50.000000
rprop_delta_zero=0.100000
cascade_output_stagnation_epochs=12
cascade_candidate_change_fraction=0.010000
cascade_candidate_stagnation_epochs=12
cascade_max_out_epochs=150
cascade_min_out_epochs=50
cascade_max_cand_epochs=150
cascade_min_cand_epochs=50
cascade_num_candidate_groups=2
bit_fail_limit=3.49999994039535522461e-01
cascade_candidate_limit=1.00000000000000000000e+03
cascade_weight_multiplier=4.00000005960464477539e-01
cascade_activation_functions_count=10
cascade_activation_functions=3 5 7 8 10 11 14 15 16 17 
cascade_activation_steepnesses_count=4
cascade_activation_steepnesses=2.50000000000000000000e-01 5.00000000000000000000e-01 7.50000000000000000000e-01 1.00000000000000000000e+00 
layer_sizes=7 5 2 
scale_included=0
neurons (num_inputs, activation_function, activation_steepness)=(0, 0, 0.00000000000000000000e+00) (0, 0, 0.00000000000000000000e+00) (0, 0, 0.00000000000000000000e+00) (0, 0, 0.00000000000000000000e+00) (0, 0, 0.00000000000000000000e+00) (0, 0, 0.00000000000000000000e+00) (0, 0, 0.00000000000000000000e+00) (7, 3, 5.00000000000000000000e-01) (7, 3, 5.00000000000000000000e-01) (7, 3, 5.00000000000000000000e-01) (7, 3, 5.00000000000000000000e-01) (0, 3, 0.00000000000000000000e+00) (5, 3, 5.00000000000000000000e-01) (0, 3, 0.00000000000000000000e+00) 
connections (connected_to_neuron, weight)=(0, -3.68682003021240234375e+00) (1, -4.67067092657089233398e-01) (2, 6.40572404861450195312e+00) (3, 7.55043554306030273438e+00) (4, -1.35047864913940429688e+00) (5, 1.23476715087890625000e+01) (6, -9.43417131900787353516e-01) (0, -6.96162223815917968750e+00) (1, 6.53465604782104492188e+00) (2, -2.53058767318725585938e+00) (3, -1.27184438705444335938e+00) (4, -5.36144137382507324219e-01) (5, -3.33193473815917968750e+01) (6, -1.92180275917053222656e-01) (0, 6.11547851562500000000e+00) (1, -6.57922792434692382812e+00) (2, 7.22021281719207763672e-01) (3, -5.60969829559326171875e+00) (4, -1.33189952373504638672e+00) (5, -2.38441300392150878906e+00) (6, 5.51604509353637695312e+00) (0, -3.57691526412963867188e+00) (1, -1.09401779174804687500e+01) (2, 9.99431610107421875000e+00) (3, 5.10061860084533691406e-01) (4, 5.84326326847076416016e-01) (5, 1.11317863464355468750e+01) (6, 1.69148492813110351562e+00) (7, -7.95064508914947509766e-01) (8, -9.15996932983398437500e+00) (9, -2.36013889312744140625e+00) (10, -2.80918622016906738281e+00) (11, 1.65951895713806152344e+00) 
