FANN_FLO_2.1
num_layers=3
learning_rate=0.400000
connection_rate=1.000000
network_type=0
learning_momentum=0.000000
training_algorithm=2
train_error_function=1
train_stop_function=0
cascade_output_change_fraction=0.010000
quickprop_decay=-0.000100
quickprop_mu=1.750000
rprop_increase_factor=1.200000
rprop_decrease_factor=0.500000
rprop_delta_min=0.000000
rprop_delta_max=50.000000
rprop_delta_zero=0.100000
cascade_output_stagnation_epochs=12
cascade_candidate_change_fraction=0.010000
cascade_candidate_stagnation_epochs=12
cascade_max_out_epochs=150
cascade_min_out_epochs=50
cascade_max_cand_epochs=150
cascade_min_cand_epochs=50
cascade_num_candidate_groups=2
bit_fail_limit=3.49999994039535522461e-01
cascade_candidate_limit=1.00000000000000000000e+03
cascade_weight_multiplier=4.00000005960464477539e-01
cascade_activation_functions_count=10
cascade_activation_functions=3 5 7 8 10 11 14 15 16 17 
cascade_activation_steepnesses_count=4
cascade_activation_steepnesses=2.50000000000000000000e-01 5.00000000000000000000e-01 7.50000000000000000000e-01 1.00000000000000000000e+00 
layer_sizes=19 3 3 
scale_included=0
neurons (num_inputs, activation_function, activation_steepness)=(0, 0, 0.00000000000000000000e+00) (0, 0, 0.00000000000000000000e+00) (0, 0, 0.00000000000000000000e+00) (0, 0, 0.00000000000000000000e+00) (0, 0, 0.00000000000000000000e+00) (0, 0, 0.00000000000000000000e+00) (0, 0, 0.00000000000000000000e+00) (0, 0, 0.00000000000000000000e+00) (0, 0, 0.00000000000000000000e+00) (0, 0, 0.00000000000000000000e+00) (0, 0, 0.00000000000000000000e+00) (0, 0, 0.00000000000000000000e+00) (0, 0, 0.00000000000000000000e+00) (0, 0, 0.00000000000000000000e+00) (0, 0, 0.00000000000000000000e+00) (0, 0, 0.00000000000000000000e+00) (0, 0, 0.00000000000000000000e+00) (0, 0, 0.00000000000000000000e+00) (0, 0, 0.00000000000000000000e+00) (19, 3, 5.00000000000000000000e-01) (19, 3, 5.00000000000000000000e-01) (0, 3, 0.00000000000000000000e+00) (3, 3, 5.00000000000000000000e-01) (3, 3, 5.00000000000000000000e-01) (0, 3, 0.00000000000000000000e+00) 
connections (connected_to_neuron, weight)=(0, -6.89359617233276367188e+00) (1, 5.61152935028076171875e-01) (2, -1.02580146789550781250e+01) (3, -8.52393627166748046875e+00) (4, 3.84653836488723754883e-01) (5, -1.56254446506500244141e+00) (6, 1.90842666625976562500e+01) (7, 7.58779168128967285156e-01) (8, 3.28098526000976562500e+01) (9, 3.54394316673278808594e+00) (10, 6.20263874530792236328e-01) (11, 1.82999324798583984375e+01) (12, -7.09161663055419921875e+00) (13, 4.11123132705688476562e+00) (14, -3.35485100746154785156e+00) (15, 3.45061302185058593750e+00) (16, 8.93526673316955566406e-01) (17, 4.15144824981689453125e+00) (18, -5.07555532455444335938e+00) (0, -5.51226854324340820312e+00) (1, 2.05267696380615234375e+01) (2, -1.29495134353637695312e+01) (3, -3.52205008268356323242e-01) (4, 1.48915314674377441406e+00) (5, -2.14125514030456542969e+00) (6, 1.14817893505096435547e+00) (7, -8.52794075012207031250e+00) (8, -9.39060401916503906250e+00) (9, -2.97291040420532226562e+00) (10, 1.50861225128173828125e+01) (11, -1.82147979736328125000e+01) (12, 4.57592439651489257812e+00) (13, 2.18116298317909240723e-01) (14, -4.50634050369262695312e+00) (15, 4.27772951126098632812e+00) (16, 2.76599121093750000000e+00) (17, -4.84106731414794921875e+00) (18, 1.57060441970825195312e+01) (19, -1.22288393974304199219e+00) (20, -5.75313031673431396484e-01) (21, 1.03021037578582763672e+00) (19, 1.22355151176452636719e+00) (20, 5.75578987598419189453e-01) (21, -1.03108894824981689453e+00) 
