FANN_FLO_2.1
num_layers=3
learning_rate=0.400000
connection_rate=1.000000
network_type=0
learning_momentum=0.000000
training_algorithm=2
train_error_function=1
train_stop_function=0
cascade_output_change_fraction=0.010000
quickprop_decay=-0.000100
quickprop_mu=1.750000
rprop_increase_factor=1.200000
rprop_decrease_factor=0.500000
rprop_delta_min=0.000000
rprop_delta_max=50.000000
rprop_delta_zero=0.100000
cascade_output_stagnation_epochs=12
cascade_candidate_change_fraction=0.010000
cascade_candidate_stagnation_epochs=12
cascade_max_out_epochs=150
cascade_min_out_epochs=50
cascade_max_cand_epochs=150
cascade_min_cand_epochs=50
cascade_num_candidate_groups=2
bit_fail_limit=3.49999994039535522461e-01
cascade_candidate_limit=1.00000000000000000000e+03
cascade_weight_multiplier=4.00000005960464477539e-01
cascade_activation_functions_count=10
cascade_activation_functions=3 5 7 8 10 11 14 15 16 17 
cascade_activation_steepnesses_count=4
cascade_activation_steepnesses=2.50000000000000000000e-01 5.00000000000000000000e-01 7.50000000000000000000e-01 1.00000000000000000000e+00 
layer_sizes=7 5 2 
scale_included=0
neurons (num_inputs, activation_function, activation_steepness)=(0, 0, 0.00000000000000000000e+00) (0, 0, 0.00000000000000000000e+00) (0, 0, 0.00000000000000000000e+00) (0, 0, 0.00000000000000000000e+00) (0, 0, 0.00000000000000000000e+00) (0, 0, 0.00000000000000000000e+00) (0, 0, 0.00000000000000000000e+00) (7, 3, 5.00000000000000000000e-01) (7, 3, 5.00000000000000000000e-01) (7, 3, 5.00000000000000000000e-01) (7, 3, 5.00000000000000000000e-01) (0, 3, 0.00000000000000000000e+00) (5, 3, 5.00000000000000000000e-01) (0, 3, 0.00000000000000000000e+00) 
connections (connected_to_neuron, weight)=(0, -5.95341968536376953125e+00) (1, -1.95534217357635498047e+00) (2, -1.51213538646697998047e+00) (3, -4.16854768991470336914e-01) (4, 2.92681860923767089844e+00) (5, -2.15410649776458740234e-01) (6, 4.79305177927017211914e-01) (0, -4.79136371612548828125e+00) (1, 1.06415808200836181641e+00) (2, -4.14314079284667968750e+00) (3, 9.47119355201721191406e-01) (4, -2.20569610595703125000e+00) (5, 7.41269397735595703125e+00) (6, 2.87459206581115722656e+00) (0, -5.33130073547363281250e+00) (1, -1.78747713565826416016e+00) (2, 3.82514894008636474609e-01) (3, 4.23940420150756835938e+00) (4, 8.22556495666503906250e-01) (5, 8.40848743915557861328e-01) (6, -2.37853980064392089844e+00) (0, 4.56482982635498046875e+00) (1, -3.19471645355224609375e+00) (2, -1.00915873050689697266e+00) (3, 1.24704182147979736328e+00) (4, -3.39958250522613525391e-01) (5, 5.56828594207763671875e+00) (6, -4.83051061630249023438e+00) (7, 3.59798693656921386719e+00) (8, -3.19542050361633300781e+00) (9, 2.63706755638122558594e+00) (10, 3.31508135795593261719e+00) (11, 2.92135596275329589844e-01) 
