FANN_FLO_2.1
num_layers=3
learning_rate=0.400000
connection_rate=1.000000
network_type=0
learning_momentum=0.000000
training_algorithm=2
train_error_function=1
train_stop_function=0
cascade_output_change_fraction=0.010000
quickprop_decay=-0.000100
quickprop_mu=1.750000
rprop_increase_factor=1.200000
rprop_decrease_factor=0.500000
rprop_delta_min=0.000000
rprop_delta_max=50.000000
rprop_delta_zero=0.100000
cascade_output_stagnation_epochs=12
cascade_candidate_change_fraction=0.010000
cascade_candidate_stagnation_epochs=12
cascade_max_out_epochs=150
cascade_min_out_epochs=50
cascade_max_cand_epochs=150
cascade_min_cand_epochs=50
cascade_num_candidate_groups=2
bit_fail_limit=3.49999994039535522461e-01
cascade_candidate_limit=1.00000000000000000000e+03
cascade_weight_multiplier=4.00000005960464477539e-01
cascade_activation_functions_count=10
cascade_activation_functions=3 5 7 8 10 11 14 15 16 17 
cascade_activation_steepnesses_count=4
cascade_activation_steepnesses=2.50000000000000000000e-01 5.00000000000000000000e-01 7.50000000000000000000e-01 1.00000000000000000000e+00 
layer_sizes=7 9 2 
scale_included=0
neurons (num_inputs, activation_function, activation_steepness)=(0, 0, 0.00000000000000000000e+00) (0, 0, 0.00000000000000000000e+00) (0, 0, 0.00000000000000000000e+00) (0, 0, 0.00000000000000000000e+00) (0, 0, 0.00000000000000000000e+00) (0, 0, 0.00000000000000000000e+00) (0, 0, 0.00000000000000000000e+00) (7, 3, 5.00000000000000000000e-01) (7, 3, 5.00000000000000000000e-01) (7, 3, 5.00000000000000000000e-01) (7, 3, 5.00000000000000000000e-01) (7, 3, 5.00000000000000000000e-01) (7, 3, 5.00000000000000000000e-01) (7, 3, 5.00000000000000000000e-01) (7, 3, 5.00000000000000000000e-01) (0, 3, 0.00000000000000000000e+00) (9, 3, 5.00000000000000000000e-01) (0, 3, 0.00000000000000000000e+00) 
connections (connected_to_neuron, weight)=(0, -7.40773344039916992188e+00) (1, 1.01577062606811523438e+01) (2, 9.74449729919433593750e+00) (3, 8.64901828765869140625e+00) (4, 3.63293647766113281250e+00) (5, -1.47064697265625000000e+03) (6, -3.37988924980163574219e+00) (0, -1.90464246273040771484e+00) (1, 2.80019831657409667969e+00) (2, -2.24058747291564941406e+00) (3, -2.38963961601257324219e+00) (4, -1.73818337917327880859e+00) (5, -1.47064697265625000000e+03) (6, 3.13064515590667724609e-01) (0, -1.65921330451965332031e+00) (1, 2.64937281608581542969e+00) (2, 8.14190447330474853516e-01) (3, -2.26008367538452148438e+00) (4, -7.01851904392242431641e-01) (5, -1.47064697265625000000e+03) (6, 2.95300692319869995117e-01) (0, -6.52229595184326171875e+00) (1, 3.03986573219299316406e+00) (2, -1.21682758331298828125e+01) (3, 3.80546164512634277344e+00) (4, -6.65504336357116699219e-02) (5, 5.14678478240966796875e+00) (6, 2.31412982940673828125e+00) (0, -9.21335983276367187500e+00) (1, 5.32682704925537109375e+00) (2, -4.63159799575805664062e+00) (3, -1.00695104598999023438e+01) (4, 4.46044874191284179688e+00) (5, 9.36219406127929687500e+00) (6, 2.43173575401306152344e+00) (0, -1.44444742202758789062e+01) (1, 1.22032709121704101562e+01) (2, -4.54678821563720703125e+00) (3, -3.10740876197814941406e+00) (4, -2.08298683166503906250e+00) (5, 4.88021135330200195312e+00) (6, 2.42307639122009277344e+00) (0, 7.67290639877319335938e+00) (1, -8.35958099365234375000e+00) (2, 5.12113428115844726562e+00) (3, -2.23190641403198242188e+00) (4, -3.43330949544906616211e-01) (5, 5.55610942840576171875e+00) (6, -5.70026254653930664062e+00) (0, -4.48454093933105468750e+00) (1, -1.46489179134368896484e+00) (2, -1.39963865280151367188e+00) (3, 3.61652565002441406250e+00) (4, 9.41967844963073730469e-01) (5, -2.28859853744506835938e+00) (6, 5.41937172412872314453e-01) (7, -2.01767396926879882812e+00) (8, -2.34758305549621582031e+00) (9, -2.27034401893615722656e+00) (10, -1.02930046617984771729e-01) (11, -3.59469801187515258789e-01) (12, -2.75641322135925292969e+00) (13, -8.89976978302001953125e+00) (14, -1.57179355621337890625e+00) (15, 2.10780668258666992188e+00) 
