FANN_FLO_2.1
num_layers=3
learning_rate=0.400000
connection_rate=1.000000
network_type=0
learning_momentum=0.000000
training_algorithm=2
train_error_function=1
train_stop_function=0
cascade_output_change_fraction=0.010000
quickprop_decay=-0.000100
quickprop_mu=1.750000
rprop_increase_factor=1.200000
rprop_decrease_factor=0.500000
rprop_delta_min=0.000000
rprop_delta_max=50.000000
rprop_delta_zero=0.100000
cascade_output_stagnation_epochs=12
cascade_candidate_change_fraction=0.010000
cascade_candidate_stagnation_epochs=12
cascade_max_out_epochs=150
cascade_min_out_epochs=50
cascade_max_cand_epochs=150
cascade_min_cand_epochs=50
cascade_num_candidate_groups=2
bit_fail_limit=3.49999994039535522461e-01
cascade_candidate_limit=1.00000000000000000000e+03
cascade_weight_multiplier=4.00000005960464477539e-01
cascade_activation_functions_count=10
cascade_activation_functions=3 5 7 8 10 11 14 15 16 17 
cascade_activation_steepnesses_count=4
cascade_activation_steepnesses=2.50000000000000000000e-01 5.00000000000000000000e-01 7.50000000000000000000e-01 1.00000000000000000000e+00 
layer_sizes=7 9 2 
scale_included=0
neurons (num_inputs, activation_function, activation_steepness)=(0, 0, 0.00000000000000000000e+00) (0, 0, 0.00000000000000000000e+00) (0, 0, 0.00000000000000000000e+00) (0, 0, 0.00000000000000000000e+00) (0, 0, 0.00000000000000000000e+00) (0, 0, 0.00000000000000000000e+00) (0, 0, 0.00000000000000000000e+00) (7, 3, 5.00000000000000000000e-01) (7, 3, 5.00000000000000000000e-01) (7, 3, 5.00000000000000000000e-01) (7, 3, 5.00000000000000000000e-01) (7, 3, 5.00000000000000000000e-01) (7, 3, 5.00000000000000000000e-01) (7, 3, 5.00000000000000000000e-01) (7, 3, 5.00000000000000000000e-01) (0, 3, 0.00000000000000000000e+00) (9, 3, 5.00000000000000000000e-01) (0, 3, 0.00000000000000000000e+00) 
connections (connected_to_neuron, weight)=(0, -5.94729137420654296875e+00) (1, -2.36344718933105468750e+00) (2, -2.30563926696777343750e+00) (3, 1.35704958438873291016e+00) (4, 1.70959126949310302734e+00) (5, 2.24457025527954101562e+00) (6, -4.50517147779464721680e-01) (0, -1.42464523315429687500e+01) (1, -1.55002546310424804688e+00) (2, -2.29982352256774902344e+00) (3, 7.70958042144775390625e+00) (4, 2.03138923645019531250e+00) (5, -1.70220628380775451660e-01) (6, -4.41942930221557617188e+00) (0, 1.54965400695800781250e+00) (1, 3.47102808952331542969e+00) (2, 1.34102487564086914062e+00) (3, -3.79621839523315429688e+00) (4, 1.31426513195037841797e+00) (5, -1.00490255355834960938e+01) (6, 5.59378814697265625000e+00) (0, -1.35348072052001953125e+01) (1, -2.22644948959350585938e+00) (2, -1.11608955383300781250e+02) (3, -3.62556228637695312500e+01) (4, 7.80466973781585693359e-01) (5, 4.74328804016113281250e+01) (6, -2.78282475471496582031e+00) (0, 7.67485427856445312500e+00) (1, -2.70756111145019531250e+01) (2, -1.47130294799804687500e+02) (3, -3.59605438232421875000e+02) (4, -1.32435827255249023438e+01) (5, 1.71650634765625000000e+02) (6, -4.73834657669067382812e+00) (0, -1.03967857360839843750e+01) (1, -2.28362488746643066406e+00) (2, -8.69883117675781250000e+01) (3, -3.67224617004394531250e+01) (4, 4.40453112125396728516e-01) (5, 3.36655349731445312500e+01) (6, -2.69375610351562500000e+00) (0, -3.92998665571212768555e-01) (1, -6.10711991786956787109e-01) (2, 2.23849654197692871094e+00) (3, 4.60645627975463867188e+00) (4, 2.35318732261657714844e+00) (5, -1.20501441955566406250e+01) (6, 1.34371072053909301758e-01) (0, -9.31567907333374023438e-01) (1, -1.11739051342010498047e+00) (2, -6.24687314033508300781e-01) (3, 3.40470361709594726562e+00) (4, 1.62110471725463867188e+00) (5, -9.21235680580139160156e-01) (6, 2.71334350109100341797e-02) (7, 1.89650380611419677734e+00) (8, 1.58002758026123046875e+00) (9, -2.41304302215576171875e+00) (10, -2.40238830447196960449e-01) (11, -2.14495315551757812500e+02) (12, 5.40665855407714843750e+01) (13, 2.78055691719055175781e+00) (14, 4.37447190284729003906e-01) (15, -3.52442443370819091797e-01) 
