FANN_FLO_2.1
num_layers=4
learning_rate=0.500000
connection_rate=1.000000
network_type=0
learning_momentum=0.000000
training_algorithm=2
train_error_function=1
train_stop_function=0
cascade_output_change_fraction=0.010000
quickprop_decay=-0.000100
quickprop_mu=1.750000
rprop_increase_factor=1.200000
rprop_decrease_factor=0.500000
rprop_delta_min=0.000000
rprop_delta_max=50.000000
rprop_delta_zero=0.100000
cascade_output_stagnation_epochs=12
cascade_candidate_change_fraction=0.010000
cascade_candidate_stagnation_epochs=12
cascade_max_out_epochs=150
cascade_min_out_epochs=50
cascade_max_cand_epochs=150
cascade_min_cand_epochs=50
cascade_num_candidate_groups=2
bit_fail_limit=3.49999994039535522461e-01
cascade_candidate_limit=1.00000000000000000000e+03
cascade_weight_multiplier=4.00000005960464477539e-01
cascade_activation_functions_count=10
cascade_activation_functions=3 5 7 8 10 11 14 15 16 17 
cascade_activation_steepnesses_count=4
cascade_activation_steepnesses=2.50000000000000000000e-01 5.00000000000000000000e-01 7.50000000000000000000e-01 1.00000000000000000000e+00 
layer_sizes=10 5 3 2 
scale_included=0
neurons (num_inputs, activation_function, activation_steepness)=(0, 0, 0.00000000000000000000e+00) (0, 0, 0.00000000000000000000e+00) (0, 0, 0.00000000000000000000e+00) (0, 0, 0.00000000000000000000e+00) (0, 0, 0.00000000000000000000e+00) (0, 0, 0.00000000000000000000e+00) (0, 0, 0.00000000000000000000e+00) (0, 0, 0.00000000000000000000e+00) (0, 0, 0.00000000000000000000e+00) (0, 0, 0.00000000000000000000e+00) (10, 3, 5.00000000000000000000e-01) (10, 3, 5.00000000000000000000e-01) (10, 3, 5.00000000000000000000e-01) (10, 3, 5.00000000000000000000e-01) (0, 3, 0.00000000000000000000e+00) (5, 3, 5.00000000000000000000e-01) (5, 3, 5.00000000000000000000e-01) (0, 3, 0.00000000000000000000e+00) (3, 3, 5.00000000000000000000e-01) (0, 3, 0.00000000000000000000e+00) 
connections (connected_to_neuron, weight)=(0, -1.23165106773376464844e+00) (1, 1.41274583339691162109e+00) (2, 4.69967174530029296875e+00) (3, 2.55774760246276855469e+00) (4, -1.88288176059722900391e+00) (5, 4.98762130737304687500e+00) (6, -1.09388465881347656250e+01) (7, -5.21277964115142822266e-01) (8, 2.66390991210937500000e+00) (9, -6.00798428058624267578e-01) (0, -4.15877485275268554688e+00) (1, 1.69946324825286865234e+00) (2, -2.65208206176757812500e+01) (3, 1.75463664531707763672e+00) (4, 1.85276043415069580078e+00) (5, 7.50211334228515625000e+00) (6, 7.57999241352081298828e-01) (7, 1.24832761287689208984e+00) (8, -9.52390956878662109375e+00) (9, 7.33990550041198730469e-01) (0, 9.99245524406433105469e-01) (1, 9.67929840087890625000e-01) (2, 9.27356064319610595703e-01) (3, 9.44911420345306396484e-01) (4, -7.36139491200447082520e-02) (5, 7.71335935592651367188e+00) (6, -5.12476801872253417969e-01) (7, -4.09079504013061523438e+00) (8, -1.59844961166381835938e+01) (9, 6.32804095745086669922e-01) (0, -2.28207135200500488281e+00) (1, -3.65748882293701171875e-01) (2, 7.20957660675048828125e+00) (3, 3.15162849426269531250e+00) (4, 3.10210371017456054688e+00) (5, 9.76988315582275390625e+00) (6, -5.85472345352172851562e+00) (7, -4.98919820785522460938e+00) (8, -1.39392824172973632812e+01) (9, -1.40948474407196044922e-01) (10, -4.93268251419067382812e+00) (11, -1.07864255905151367188e+01) (12, -6.30006408691406250000e+00) (13, -8.86913204193115234375e+00) (14, 7.49300241470336914062e+00) (10, 4.27646303176879882812e+00) (11, 1.79534542560577392578e+00) (12, 3.65984469652175903320e-01) (13, -2.73796319961547851562e+00) (14, -3.11500930786132812500e+00) (15, -2.90279078483581542969e+00) (16, 3.04951810836791992188e+00) (17, 2.63492077589035034180e-01) 
