FANN_FLO_2.1
num_layers=4
learning_rate=0.500000
connection_rate=1.000000
network_type=0
learning_momentum=0.000000
training_algorithm=2
train_error_function=1
train_stop_function=0
cascade_output_change_fraction=0.010000
quickprop_decay=-0.000100
quickprop_mu=1.750000
rprop_increase_factor=1.200000
rprop_decrease_factor=0.500000
rprop_delta_min=0.000000
rprop_delta_max=50.000000
rprop_delta_zero=0.100000
cascade_output_stagnation_epochs=12
cascade_candidate_change_fraction=0.010000
cascade_candidate_stagnation_epochs=12
cascade_max_out_epochs=150
cascade_min_out_epochs=50
cascade_max_cand_epochs=150
cascade_min_cand_epochs=50
cascade_num_candidate_groups=2
bit_fail_limit=3.49999994039535522461e-01
cascade_candidate_limit=1.00000000000000000000e+03
cascade_weight_multiplier=4.00000005960464477539e-01
cascade_activation_functions_count=10
cascade_activation_functions=3 5 7 8 10 11 14 15 16 17 
cascade_activation_steepnesses_count=4
cascade_activation_steepnesses=2.50000000000000000000e-01 5.00000000000000000000e-01 7.50000000000000000000e-01 1.00000000000000000000e+00 
layer_sizes=10 3 3 2 
scale_included=0
neurons (num_inputs, activation_function, activation_steepness)=(0, 0, 0.00000000000000000000e+00) (0, 0, 0.00000000000000000000e+00) (0, 0, 0.00000000000000000000e+00) (0, 0, 0.00000000000000000000e+00) (0, 0, 0.00000000000000000000e+00) (0, 0, 0.00000000000000000000e+00) (0, 0, 0.00000000000000000000e+00) (0, 0, 0.00000000000000000000e+00) (0, 0, 0.00000000000000000000e+00) (0, 0, 0.00000000000000000000e+00) (10, 3, 5.00000000000000000000e-01) (10, 3, 5.00000000000000000000e-01) (0, 3, 0.00000000000000000000e+00) (3, 3, 5.00000000000000000000e-01) (3, 3, 5.00000000000000000000e-01) (0, 3, 0.00000000000000000000e+00) (3, 3, 5.00000000000000000000e-01) (0, 3, 0.00000000000000000000e+00) 
connections (connected_to_neuron, weight)=(0, -2.39591884613037109375e+00) (1, -2.59809166193008422852e-01) (2, -3.37918043136596679688e+00) (3, -7.70057737827301025391e-02) (4, -5.28712749481201171875e+00) (5, 2.20309090614318847656e+00) (6, 3.07770872116088867188e+00) (7, -5.35434532165527343750e+00) (8, -1.93735253810882568359e+00) (9, 5.66777753829956054688e+00) (0, -2.79676795005798339844e+00) (1, -1.31784677505493164062e-01) (2, -6.54612922668457031250e+00) (3, 2.30969935655593872070e-01) (4, 2.36477836966514587402e-01) (5, 1.57664310932159423828e+00) (6, 1.64965438842773437500e+00) (7, -3.85961437225341796875e+00) (8, -1.49182653427124023438e+00) (9, 5.44234037399291992188e+00) (10, 8.48717689514160156250e+00) (11, 7.39231109619140625000e+00) (12, -5.92969322204589843750e+00) (10, 8.10891151428222656250e+00) (11, 2.00350475311279296875e+01) (12, -7.22167539596557617188e+00) (13, 1.33556568622589111328e+00) (14, 2.99534916877746582031e+00) (15, -3.45405602455139160156e+00) 
