FANN_FLO_2.1
num_layers=4
learning_rate=0.500000
connection_rate=1.000000
network_type=0
learning_momentum=0.000000
training_algorithm=2
train_error_function=1
train_stop_function=0
cascade_output_change_fraction=0.010000
quickprop_decay=-0.000100
quickprop_mu=1.750000
rprop_increase_factor=1.200000
rprop_decrease_factor=0.500000
rprop_delta_min=0.000000
rprop_delta_max=50.000000
rprop_delta_zero=0.100000
cascade_output_stagnation_epochs=12
cascade_candidate_change_fraction=0.010000
cascade_candidate_stagnation_epochs=12
cascade_max_out_epochs=150
cascade_min_out_epochs=50
cascade_max_cand_epochs=150
cascade_min_cand_epochs=50
cascade_num_candidate_groups=2
bit_fail_limit=3.49999994039535522461e-01
cascade_candidate_limit=1.00000000000000000000e+03
cascade_weight_multiplier=4.00000005960464477539e-01
cascade_activation_functions_count=10
cascade_activation_functions=3 5 7 8 10 11 14 15 16 17 
cascade_activation_steepnesses_count=4
cascade_activation_steepnesses=2.50000000000000000000e-01 5.00000000000000000000e-01 7.50000000000000000000e-01 1.00000000000000000000e+00 
layer_sizes=2 5 5 3 
scale_included=0
neurons (num_inputs, activation_function, activation_steepness)=(0, 0, 0.00000000000000000000e+00) (0, 0, 0.00000000000000000000e+00) (2, 3, 5.00000000000000000000e-01) (2, 3, 5.00000000000000000000e-01) (2, 3, 5.00000000000000000000e-01) (2, 3, 5.00000000000000000000e-01) (0, 3, 0.00000000000000000000e+00) (5, 3, 5.00000000000000000000e-01) (5, 3, 5.00000000000000000000e-01) (5, 3, 5.00000000000000000000e-01) (5, 3, 5.00000000000000000000e-01) (0, 3, 0.00000000000000000000e+00) (5, 0, 5.00000000000000000000e-01) (5, 0, 5.00000000000000000000e-01) (0, 0, 0.00000000000000000000e+00) 
connections (connected_to_neuron, weight)=(0, 1.50000000000000000000e+03) (1, 2.43527126312255859375e+01) (0, 1.50000000000000000000e+03) (1, 6.95413589477539062500e+01) (0, -1.07081066894531250000e+03) (1, -2.38804683685302734375e+01) (0, -2.65166687011718750000e+02) (1, -1.94650848388671875000e+02) (2, -1.34957177734375000000e+03) (3, -1.13341174316406250000e+03) (4, 7.30130004882812500000e+02) (5, 5.66568542480468750000e+02) (6, -2.69034290313720703125e+01) (2, 2.64175820350646972656e+00) (3, -2.28249624371528625488e-01) (4, 3.69534826278686523438e+00) (5, -4.09206247329711914062e+00) (6, 1.81526899337768554688e+00) (2, -1.34957177734375000000e+03) (3, -1.13362268066406250000e+03) (4, 7.30154418945312500000e+02) (5, 5.66568542480468750000e+02) (6, -2.67288494110107421875e+01) (2, 7.74458646774291992188e+00) (3, -3.12634181976318359375e+00) (4, -6.19686841964721679688e+00) (5, 6.09513793945312500000e+02) (6, 3.94534111022949218750e-01) (7, 1.50000000000000000000e+03) (8, 7.75339361280202865601e-03) (9, 1.50000000000000000000e+03) (10, -9.50209140777587890625e-01) (11, -2.10649356245994567871e-01) (7, 1.50000000000000000000e+03) (8, 3.34812927246093750000e+00) (9, 1.50000000000000000000e+03) (10, -1.02596342563629150391e+00) (11, -2.15405631065368652344e+00) 
