FANN_FLO_2.1
num_layers=4
learning_rate=0.500000
connection_rate=1.000000
network_type=0
learning_momentum=0.000000
training_algorithm=2
train_error_function=1
train_stop_function=0
cascade_output_change_fraction=0.010000
quickprop_decay=-0.000100
quickprop_mu=1.750000
rprop_increase_factor=1.200000
rprop_decrease_factor=0.500000
rprop_delta_min=0.000000
rprop_delta_max=50.000000
rprop_delta_zero=0.100000
cascade_output_stagnation_epochs=12
cascade_candidate_change_fraction=0.010000
cascade_candidate_stagnation_epochs=12
cascade_max_out_epochs=150
cascade_min_out_epochs=50
cascade_max_cand_epochs=150
cascade_min_cand_epochs=50
cascade_num_candidate_groups=2
bit_fail_limit=3.49999994039535522461e-01
cascade_candidate_limit=1.00000000000000000000e+03
cascade_weight_multiplier=4.00000005960464477539e-01
cascade_activation_functions_count=10
cascade_activation_functions=3 5 7 8 10 11 14 15 16 17 
cascade_activation_steepnesses_count=4
cascade_activation_steepnesses=2.50000000000000000000e-01 5.00000000000000000000e-01 7.50000000000000000000e-01 1.00000000000000000000e+00 
layer_sizes=2 5 5 3 
scale_included=0
neurons (num_inputs, activation_function, activation_steepness)=(0, 0, 0.00000000000000000000e+00) (0, 0, 0.00000000000000000000e+00) (2, 3, 5.00000000000000000000e-01) (2, 3, 5.00000000000000000000e-01) (2, 3, 5.00000000000000000000e-01) (2, 3, 5.00000000000000000000e-01) (0, 3, 0.00000000000000000000e+00) (5, 3, 5.00000000000000000000e-01) (5, 3, 5.00000000000000000000e-01) (5, 3, 5.00000000000000000000e-01) (5, 3, 5.00000000000000000000e-01) (0, 3, 0.00000000000000000000e+00) (5, 0, 5.00000000000000000000e-01) (5, 0, 5.00000000000000000000e-01) (0, 0, 0.00000000000000000000e+00) 
connections (connected_to_neuron, weight)=(0, 1.14595260620117187500e+01) (1, -4.79693078994750976562e+00) (0, 1.13703851699829101562e+01) (1, -5.40942478179931640625e+00) (0, 1.29508523941040039062e+01) (1, -5.75378799438476562500e+00) (0, 5.49957923889160156250e+01) (1, -8.23011684417724609375e+00) (2, -4.43443775177001953125e+00) (3, -1.93616473674774169922e+00) (4, -2.25439882278442382812e+00) (5, -1.07138347625732421875e+00) (6, 3.06515192985534667969e+00) (2, 1.42419729232788085938e+01) (3, 7.04843342304229736328e-01) (4, 8.07415103912353515625e+00) (5, 1.40033805370330810547e+00) (6, -2.64724969863891601562e+00) (2, -4.92968521118164062500e+01) (3, -8.22634094238281250000e+02) (4, -1.49340893554687500000e+03) (5, 1.50000000000000000000e+03) (6, 5.50145435333251953125e+00) (2, -1.26372261047363281250e+01) (3, -8.19288253784179687500e+01) (4, -1.32489883422851562500e+02) (5, 1.24109283447265625000e+02) (6, -2.12691745758056640625e+01) (7, -1.95132851600646972656e+00) (8, -1.12864410877227783203e+00) (9, -1.01180016994476318359e+00) (10, -4.56289201974868774414e-01) (11, 1.82803952693939208984e+00) (7, 2.28860926628112792969e+00) (8, -1.67490041255950927734e+00) (9, -3.18062901496887207031e-01) (10, -7.10205659270286560059e-02) (11, -6.11890777945518493652e-02) 
