FANN_FLO_2.1
num_layers=4
learning_rate=0.500000
connection_rate=1.000000
network_type=0
learning_momentum=0.000000
training_algorithm=2
train_error_function=1
train_stop_function=0
cascade_output_change_fraction=0.010000
quickprop_decay=-0.000100
quickprop_mu=1.750000
rprop_increase_factor=1.200000
rprop_decrease_factor=0.500000
rprop_delta_min=0.000000
rprop_delta_max=50.000000
rprop_delta_zero=0.100000
cascade_output_stagnation_epochs=12
cascade_candidate_change_fraction=0.010000
cascade_candidate_stagnation_epochs=12
cascade_max_out_epochs=150
cascade_min_out_epochs=50
cascade_max_cand_epochs=150
cascade_min_cand_epochs=50
cascade_num_candidate_groups=2
bit_fail_limit=3.49999994039535522461e-01
cascade_candidate_limit=1.00000000000000000000e+03
cascade_weight_multiplier=4.00000005960464477539e-01
cascade_activation_functions_count=10
cascade_activation_functions=3 5 7 8 10 11 14 15 16 17 
cascade_activation_steepnesses_count=4
cascade_activation_steepnesses=2.50000000000000000000e-01 5.00000000000000000000e-01 7.50000000000000000000e-01 1.00000000000000000000e+00 
layer_sizes=2 5 5 3 
scale_included=0
neurons (num_inputs, activation_function, activation_steepness)=(0, 0, 0.00000000000000000000e+00) (0, 0, 0.00000000000000000000e+00) (2, 3, 5.00000000000000000000e-01) (2, 3, 5.00000000000000000000e-01) (2, 3, 5.00000000000000000000e-01) (2, 3, 5.00000000000000000000e-01) (0, 3, 0.00000000000000000000e+00) (5, 3, 5.00000000000000000000e-01) (5, 3, 5.00000000000000000000e-01) (5, 3, 5.00000000000000000000e-01) (5, 3, 5.00000000000000000000e-01) (0, 3, 0.00000000000000000000e+00) (5, 0, 5.00000000000000000000e-01) (5, 0, 5.00000000000000000000e-01) (0, 0, 0.00000000000000000000e+00) 
connections (connected_to_neuron, weight)=(0, 1.50000000000000000000e+03) (1, 4.02012443542480468750e+00) (0, -2.13627738952636718750e+01) (1, 3.02895641326904296875e+00) (0, 1.50000000000000000000e+03) (1, 7.86481094360351562500e+01) (0, 1.50000000000000000000e+03) (1, 3.02254943847656250000e+02) (2, 3.14138011932373046875e+01) (3, 8.47726623535156250000e+02) (4, -7.88028686523437500000e+02) (5, -1.40987968444824218750e+01) (6, -4.21496963500976562500e+01) (2, 4.34268920898437500000e+02) (3, 1.50000000000000000000e+03) (4, -7.32363525390625000000e+02) (5, -1.45243927001953125000e+02) (6, 1.65677719116210937500e+01) (2, -8.98408386230468750000e+02) (3, 1.50000000000000000000e+03) (4, -1.49618908691406250000e+03) (5, -1.49618908691406250000e+03) (6, -4.90323944091796875000e+01) (2, -2.99483428955078125000e+02) (3, 1.50000000000000000000e+03) (4, 1.47289660644531250000e+03) (5, 1.03820019531250000000e+03) (6, -5.67516784667968750000e+02) (7, 2.89704627990722656250e+01) (8, 7.20153629779815673828e-01) (9, 1.50000000000000000000e+03) (10, -2.67528980970382690430e-01) (11, -1.14101898670196533203e+00) (7, 1.25445613861083984375e+01) (8, 2.51892614364624023438e+00) (9, 1.50000000000000000000e+03) (10, 1.55941236019134521484e+00) (11, -2.32803750038146972656e+00) 
