FANN_FLO_2.1
num_layers=4
learning_rate=0.500000
connection_rate=1.000000
network_type=0
learning_momentum=0.000000
training_algorithm=2
train_error_function=1
train_stop_function=0
cascade_output_change_fraction=0.010000
quickprop_decay=-0.000100
quickprop_mu=1.750000
rprop_increase_factor=1.200000
rprop_decrease_factor=0.500000
rprop_delta_min=0.000000
rprop_delta_max=50.000000
rprop_delta_zero=0.100000
cascade_output_stagnation_epochs=12
cascade_candidate_change_fraction=0.010000
cascade_candidate_stagnation_epochs=12
cascade_max_out_epochs=150
cascade_min_out_epochs=50
cascade_max_cand_epochs=150
cascade_min_cand_epochs=50
cascade_num_candidate_groups=2
bit_fail_limit=3.49999994039535522461e-01
cascade_candidate_limit=1.00000000000000000000e+03
cascade_weight_multiplier=4.00000005960464477539e-01
cascade_activation_functions_count=10
cascade_activation_functions=3 5 7 8 10 11 14 15 16 17 
cascade_activation_steepnesses_count=4
cascade_activation_steepnesses=2.50000000000000000000e-01 5.00000000000000000000e-01 7.50000000000000000000e-01 1.00000000000000000000e+00 
layer_sizes=2 5 5 3 
scale_included=0
neurons (num_inputs, activation_function, activation_steepness)=(0, 0, 0.00000000000000000000e+00) (0, 0, 0.00000000000000000000e+00) (2, 3, 5.00000000000000000000e-01) (2, 3, 5.00000000000000000000e-01) (2, 3, 5.00000000000000000000e-01) (2, 3, 5.00000000000000000000e-01) (0, 3, 0.00000000000000000000e+00) (5, 3, 5.00000000000000000000e-01) (5, 3, 5.00000000000000000000e-01) (5, 3, 5.00000000000000000000e-01) (5, 3, 5.00000000000000000000e-01) (0, 3, 0.00000000000000000000e+00) (5, 0, 5.00000000000000000000e-01) (5, 0, 5.00000000000000000000e-01) (0, 0, 0.00000000000000000000e+00) 
connections (connected_to_neuron, weight)=(0, -1.00550308227539062500e+01) (1, 1.90159559249877929688e+00) (0, -1.27428340911865234375e+01) (1, 3.35046410560607910156e+00) (0, 7.29110870361328125000e+01) (1, -1.62026479840278625488e-01) (0, -2.11783924102783203125e+01) (1, 1.24609327316284179688e+00) (2, -7.06507638096809387207e-02) (3, -5.39798164367675781250e+00) (4, 9.37333345413208007812e-01) (5, 4.12848806381225585938e+00) (6, 1.04951769113540649414e-01) (2, -5.13082027435302734375e-01) (3, 2.96831760406494140625e+01) (4, -1.32464897632598876953e+00) (5, -3.28866004943847656250e+01) (6, -3.71411710977554321289e-01) (2, -2.05236524343490600586e-01) (3, -2.20611047744750976562e+00) (4, 1.94731450080871582031e+00) (5, -4.18473052978515625000e+00) (6, 1.42758786678314208984e+00) (2, -1.00155913829803466797e+00) (3, 5.36312627792358398438e+00) (4, -2.92949581146240234375e+00) (5, 5.71259546279907226562e+00) (6, 1.73738926649093627930e-01) (7, 2.90181422233581542969e+00) (8, -1.53177583217620849609e+00) (9, -1.25088822841644287109e+00) (10, 1.15063714981079101562e+00) (11, -3.19411605596542358398e-01) (7, -1.53582835197448730469e+00) (8, 5.37091732025146484375e-01) (9, -1.11370575428009033203e+00) (10, 2.27489304542541503906e+00) (11, -4.19186294078826904297e-01) 
