FANN_FLO_2.1
num_layers=3
learning_rate=0.500000
connection_rate=1.000000
network_type=0
learning_momentum=0.000000
training_algorithm=2
train_error_function=1
train_stop_function=0
cascade_output_change_fraction=0.010000
quickprop_decay=-0.000100
quickprop_mu=1.750000
rprop_increase_factor=1.200000
rprop_decrease_factor=0.500000
rprop_delta_min=0.000000
rprop_delta_max=50.000000
rprop_delta_zero=0.100000
cascade_output_stagnation_epochs=12
cascade_candidate_change_fraction=0.010000
cascade_candidate_stagnation_epochs=12
cascade_max_out_epochs=150
cascade_min_out_epochs=50
cascade_max_cand_epochs=150
cascade_min_cand_epochs=50
cascade_num_candidate_groups=2
bit_fail_limit=3.49999994039535522461e-01
cascade_candidate_limit=1.00000000000000000000e+03
cascade_weight_multiplier=4.00000005960464477539e-01
cascade_activation_functions_count=10
cascade_activation_functions=3 5 7 8 10 11 14 15 16 17 
cascade_activation_steepnesses_count=4
cascade_activation_steepnesses=2.50000000000000000000e-01 5.00000000000000000000e-01 7.50000000000000000000e-01 1.00000000000000000000e+00 
layer_sizes=10 3 2 
scale_included=0
neurons (num_inputs, activation_function, activation_steepness)=(0, 0, 0.00000000000000000000e+00) (0, 0, 0.00000000000000000000e+00) (0, 0, 0.00000000000000000000e+00) (0, 0, 0.00000000000000000000e+00) (0, 0, 0.00000000000000000000e+00) (0, 0, 0.00000000000000000000e+00) (0, 0, 0.00000000000000000000e+00) (0, 0, 0.00000000000000000000e+00) (0, 0, 0.00000000000000000000e+00) (0, 0, 0.00000000000000000000e+00) (10, 3, 5.00000000000000000000e-01) (10, 3, 5.00000000000000000000e-01) (0, 3, 0.00000000000000000000e+00) (3, 3, 5.00000000000000000000e-01) (0, 3, 0.00000000000000000000e+00) 
connections (connected_to_neuron, weight)=(0, -1.75690627098083496094e+00) (1, 1.55587844848632812500e+01) (2, 1.14781844615936279297e+00) (3, -3.52372002601623535156e+00) (4, 4.01924467086791992188e+00) (5, 1.14325866699218750000e+01) (6, -5.65676641464233398438e+00) (7, -3.05042099952697753906e+00) (8, -2.23259239196777343750e+01) (9, 1.26358222961425781250e+00) (0, -8.55637168884277343750e+00) (1, -3.61700296401977539062e+00) (2, -2.18522430419921875000e+02) (3, 7.29515075683593750000e-01) (4, 5.91170251369476318359e-01) (5, 1.09608287811279296875e+01) (6, 6.51412129402160644531e-01) (7, 4.65405672788619995117e-01) (8, 1.30370193481445312500e+02) (9, 1.64144381880760192871e-01) (10, 2.89377069473266601562e+00) (11, 2.87647962570190429688e+00) (12, -2.00857543945312500000e+00) 
