FANN_FLO_2.1
num_layers=3
learning_rate=0.400000
connection_rate=1.000000
network_type=0
learning_momentum=0.000000
training_algorithm=2
train_error_function=1
train_stop_function=0
cascade_output_change_fraction=0.010000
quickprop_decay=-0.000100
quickprop_mu=1.750000
rprop_increase_factor=1.200000
rprop_decrease_factor=0.500000
rprop_delta_min=0.000000
rprop_delta_max=50.000000
rprop_delta_zero=0.100000
cascade_output_stagnation_epochs=12
cascade_candidate_change_fraction=0.010000
cascade_candidate_stagnation_epochs=12
cascade_max_out_epochs=150
cascade_min_out_epochs=50
cascade_max_cand_epochs=150
cascade_min_cand_epochs=50
cascade_num_candidate_groups=2
bit_fail_limit=3.49999994039535522461e-01
cascade_candidate_limit=1.00000000000000000000e+03
cascade_weight_multiplier=4.00000005960464477539e-01
cascade_activation_functions_count=10
cascade_activation_functions=3 5 7 8 10 11 14 15 16 17 
cascade_activation_steepnesses_count=4
cascade_activation_steepnesses=2.50000000000000000000e-01 5.00000000000000000000e-01 7.50000000000000000000e-01 1.00000000000000000000e+00 
layer_sizes=7 5 2 
scale_included=0
neurons (num_inputs, activation_function, activation_steepness)=(0, 0, 0.00000000000000000000e+00) (0, 0, 0.00000000000000000000e+00) (0, 0, 0.00000000000000000000e+00) (0, 0, 0.00000000000000000000e+00) (0, 0, 0.00000000000000000000e+00) (0, 0, 0.00000000000000000000e+00) (0, 0, 0.00000000000000000000e+00) (7, 3, 5.00000000000000000000e-01) (7, 3, 5.00000000000000000000e-01) (7, 3, 5.00000000000000000000e-01) (7, 3, 5.00000000000000000000e-01) (0, 3, 0.00000000000000000000e+00) (5, 3, 5.00000000000000000000e-01) (0, 3, 0.00000000000000000000e+00) 
connections (connected_to_neuron, weight)=(0, -1.41528153419494628906e+00) (1, 8.64470660686492919922e-01) (2, -4.55652761459350585938e+00) (3, -5.42018842697143554688e+00) (4, -6.15472853183746337891e-01) (5, 2.85982370376586914062e+00) (6, 5.20521020889282226562e+00) (0, -1.77993619441986083984e+00) (1, -2.64929294586181640625e+00) (2, -1.76503849029541015625e+00) (3, 1.78150558471679687500e+00) (4, 2.64125615358352661133e-01) (5, 6.36500549316406250000e+00) (6, -3.13662409782409667969e+00) (0, 1.97482929229736328125e+01) (1, 1.24597847461700439453e+00) (2, 3.08644723892211914062e+00) (3, -3.65131998062133789062e+00) (4, -5.44437885284423828125e+00) (5, -8.47850978374481201172e-01) (6, -3.59444886445999145508e-01) (0, 1.30127787590026855469e+00) (1, 1.22063148021697998047e+00) (2, -6.39598798751831054688e+00) (3, -2.38278460502624511719e+00) (4, -5.17652082443237304688e+00) (5, 1.56263017654418945312e+01) (6, 2.74056464433670043945e-01) (7, -1.06803262233734130859e+00) (8, 3.76048207283020019531e+00) (9, -1.31588387489318847656e+00) (10, -2.19464135169982910156e+00) (11, 1.78926765918731689453e+00) 
