FANN_FLO_2.1
num_layers=4
learning_rate=0.500000
connection_rate=1.000000
network_type=0
learning_momentum=0.000000
training_algorithm=2
train_error_function=1
train_stop_function=0
cascade_output_change_fraction=0.010000
quickprop_decay=-0.000100
quickprop_mu=1.750000
rprop_increase_factor=1.200000
rprop_decrease_factor=0.500000
rprop_delta_min=0.000000
rprop_delta_max=50.000000
rprop_delta_zero=0.100000
cascade_output_stagnation_epochs=12
cascade_candidate_change_fraction=0.010000
cascade_candidate_stagnation_epochs=12
cascade_max_out_epochs=150
cascade_min_out_epochs=50
cascade_max_cand_epochs=150
cascade_min_cand_epochs=50
cascade_num_candidate_groups=2
bit_fail_limit=3.49999994039535522461e-01
cascade_candidate_limit=1.00000000000000000000e+03
cascade_weight_multiplier=4.00000005960464477539e-01
cascade_activation_functions_count=10
cascade_activation_functions=3 5 7 8 10 11 14 15 16 17 
cascade_activation_steepnesses_count=4
cascade_activation_steepnesses=2.50000000000000000000e-01 5.00000000000000000000e-01 7.50000000000000000000e-01 1.00000000000000000000e+00 
layer_sizes=10 3 3 2 
scale_included=0
neurons (num_inputs, activation_function, activation_steepness)=(0, 0, 0.00000000000000000000e+00) (0, 0, 0.00000000000000000000e+00) (0, 0, 0.00000000000000000000e+00) (0, 0, 0.00000000000000000000e+00) (0, 0, 0.00000000000000000000e+00) (0, 0, 0.00000000000000000000e+00) (0, 0, 0.00000000000000000000e+00) (0, 0, 0.00000000000000000000e+00) (0, 0, 0.00000000000000000000e+00) (0, 0, 0.00000000000000000000e+00) (10, 3, 5.00000000000000000000e-01) (10, 3, 5.00000000000000000000e-01) (0, 3, 0.00000000000000000000e+00) (3, 3, 5.00000000000000000000e-01) (3, 3, 5.00000000000000000000e-01) (0, 3, 0.00000000000000000000e+00) (3, 3, 5.00000000000000000000e-01) (0, 3, 0.00000000000000000000e+00) 
connections (connected_to_neuron, weight)=(0, -6.05620682239532470703e-01) (1, -4.29226112365722656250e+00) (2, 8.67991352081298828125e+00) (3, 5.01676988601684570312e+00) (4, -8.85289859771728515625e+00) (5, -3.53868508338928222656e+00) (6, 6.47062063217163085938e+00) (7, -3.71411502361297607422e-01) (8, -3.95330071449279785156e+00) (9, -1.81610810756683349609e+00) (0, -7.37998932600021362305e-02) (1, -6.29727506637573242188e+00) (2, 1.16831893920898437500e+01) (3, 5.78609371185302734375e+00) (4, -1.03344841003417968750e+01) (5, -1.02199137210845947266e+00) (6, 6.46013450622558593750e+00) (7, -1.62429660558700561523e-01) (8, -6.93128490447998046875e+00) (9, 8.57276916503906250000e-01) (10, 8.42046642303466796875e+00) (11, -1.16970462799072265625e+01) (12, 3.70249557495117187500e+00) (10, 5.12170562744140625000e+01) (11, -1.26960515975952148438e+01) (12, 2.12013673782348632812e+00) (13, 5.69202363491058349609e-01) (14, 2.39713597297668457031e+00) (15, -1.75395035743713378906e+00) 
