FANN_FLO_2.1
num_layers=3
learning_rate=0.500000
connection_rate=1.000000
network_type=0
learning_momentum=0.000000
training_algorithm=2
train_error_function=1
train_stop_function=0
cascade_output_change_fraction=0.010000
quickprop_decay=-0.000100
quickprop_mu=1.750000
rprop_increase_factor=1.200000
rprop_decrease_factor=0.500000
rprop_delta_min=0.000000
rprop_delta_max=50.000000
rprop_delta_zero=0.100000
cascade_output_stagnation_epochs=12
cascade_candidate_change_fraction=0.010000
cascade_candidate_stagnation_epochs=12
cascade_max_out_epochs=150
cascade_min_out_epochs=50
cascade_max_cand_epochs=150
cascade_min_cand_epochs=50
cascade_num_candidate_groups=2
bit_fail_limit=3.49999994039535522461e-01
cascade_candidate_limit=1.00000000000000000000e+03
cascade_weight_multiplier=4.00000005960464477539e-01
cascade_activation_functions_count=10
cascade_activation_functions=3 5 7 8 10 11 14 15 16 17 
cascade_activation_steepnesses_count=4
cascade_activation_steepnesses=2.50000000000000000000e-01 5.00000000000000000000e-01 7.50000000000000000000e-01 1.00000000000000000000e+00 
layer_sizes=10 3 2 
scale_included=0
neurons (num_inputs, activation_function, activation_steepness)=(0, 0, 0.00000000000000000000e+00) (0, 0, 0.00000000000000000000e+00) (0, 0, 0.00000000000000000000e+00) (0, 0, 0.00000000000000000000e+00) (0, 0, 0.00000000000000000000e+00) (0, 0, 0.00000000000000000000e+00) (0, 0, 0.00000000000000000000e+00) (0, 0, 0.00000000000000000000e+00) (0, 0, 0.00000000000000000000e+00) (0, 0, 0.00000000000000000000e+00) (10, 3, 5.00000000000000000000e-01) (10, 3, 5.00000000000000000000e-01) (0, 3, 0.00000000000000000000e+00) (3, 3, 5.00000000000000000000e-01) (0, 3, 0.00000000000000000000e+00) 
connections (connected_to_neuron, weight)=(0, 1.43874180316925048828e+00) (1, 4.71931552886962890625e+00) (2, -6.80839967727661132812e+00) (3, 3.29396057128906250000e+00) (4, -3.97679366869851946831e-04) (5, -7.89759683609008789062e+00) (6, 4.64011096954345703125e+00) (7, -3.19203048944473266602e-01) (8, 8.62351119518280029297e-01) (9, -8.95397007465362548828e-01) (0, -1.20767202377319335938e+01) (1, 3.19237303733825683594e+00) (2, 2.68313080072402954102e-01) (3, -2.69972372055053710938e+00) (4, 6.86884880065917968750e-01) (5, 1.36676626205444335938e+01) (6, -1.64335575103759765625e+01) (7, -6.02344131469726562500e+00) (8, 3.12669467926025390625e+00) (9, 5.11402034759521484375e+00) (10, 3.95918679237365722656e+00) (11, 3.85162377357482910156e+00) (12, -3.07140755653381347656e+00) 
