FANN_FLO_2.1
num_layers=4
learning_rate=0.500000
connection_rate=1.000000
network_type=0
learning_momentum=0.000000
training_algorithm=2
train_error_function=1
train_stop_function=0
cascade_output_change_fraction=0.010000
quickprop_decay=-0.000100
quickprop_mu=1.750000
rprop_increase_factor=1.200000
rprop_decrease_factor=0.500000
rprop_delta_min=0.000000
rprop_delta_max=50.000000
rprop_delta_zero=0.100000
cascade_output_stagnation_epochs=12
cascade_candidate_change_fraction=0.010000
cascade_candidate_stagnation_epochs=12
cascade_max_out_epochs=150
cascade_min_out_epochs=50
cascade_max_cand_epochs=150
cascade_min_cand_epochs=50
cascade_num_candidate_groups=2
bit_fail_limit=3.49999994039535522461e-01
cascade_candidate_limit=1.00000000000000000000e+03
cascade_weight_multiplier=4.00000005960464477539e-01
cascade_activation_functions_count=10
cascade_activation_functions=3 5 7 8 10 11 14 15 16 17 
cascade_activation_steepnesses_count=4
cascade_activation_steepnesses=2.50000000000000000000e-01 5.00000000000000000000e-01 7.50000000000000000000e-01 1.00000000000000000000e+00 
layer_sizes=10 3 3 2 
scale_included=0
neurons (num_inputs, activation_function, activation_steepness)=(0, 0, 0.00000000000000000000e+00) (0, 0, 0.00000000000000000000e+00) (0, 0, 0.00000000000000000000e+00) (0, 0, 0.00000000000000000000e+00) (0, 0, 0.00000000000000000000e+00) (0, 0, 0.00000000000000000000e+00) (0, 0, 0.00000000000000000000e+00) (0, 0, 0.00000000000000000000e+00) (0, 0, 0.00000000000000000000e+00) (0, 0, 0.00000000000000000000e+00) (10, 3, 5.00000000000000000000e-01) (10, 3, 5.00000000000000000000e-01) (0, 3, 0.00000000000000000000e+00) (3, 3, 5.00000000000000000000e-01) (3, 3, 5.00000000000000000000e-01) (0, 3, 0.00000000000000000000e+00) (3, 3, 5.00000000000000000000e-01) (0, 3, 0.00000000000000000000e+00) 
connections (connected_to_neuron, weight)=(0, -5.69403696060180664062e+00) (1, -1.81061387062072753906e-01) (2, 1.69406443834304809570e-01) (3, -2.75085496902465820312e+00) (4, 7.98697173595428466797e-01) (5, 1.20163593292236328125e+01) (6, -3.00957322120666503906e+00) (7, 8.18508327007293701172e-01) (8, -4.11594152450561523438e+00) (9, -4.52124238014221191406e-01) (0, 6.97041571140289306641e-01) (1, -1.88764984130859375000e+02) (2, 2.03466918945312500000e+02) (3, -8.97377563476562500000e+02) (4, 6.90451115369796752930e-02) (5, 1.45273880004882812500e+02) (6, 8.45160102844238281250e+00) (7, -3.00475006103515625000e+01) (8, 1.50000000000000000000e+03) (9, -1.90032869577407836914e-02) (10, 1.95804882049560546875e+01) (11, -1.35305089950561523438e+01) (12, 4.82188606262207031250e+00) (10, 1.82776622772216796875e+01) (11, -1.22298927307128906250e+01) (12, 3.86425518989562988281e+00) (13, 1.01651179790496826172e+00) (14, 8.58740985393524169922e-01) (15, -9.98382866382598876953e-01) 
