FANN_FLO_2.1
num_layers=3
learning_rate=0.400000
connection_rate=1.000000
network_type=0
learning_momentum=0.000000
training_algorithm=2
train_error_function=1
train_stop_function=0
cascade_output_change_fraction=0.010000
quickprop_decay=-0.000100
quickprop_mu=1.750000
rprop_increase_factor=1.200000
rprop_decrease_factor=0.500000
rprop_delta_min=0.000000
rprop_delta_max=50.000000
rprop_delta_zero=0.100000
cascade_output_stagnation_epochs=12
cascade_candidate_change_fraction=0.010000
cascade_candidate_stagnation_epochs=12
cascade_max_out_epochs=150
cascade_min_out_epochs=50
cascade_max_cand_epochs=150
cascade_min_cand_epochs=50
cascade_num_candidate_groups=2
bit_fail_limit=3.49999994039535522461e-01
cascade_candidate_limit=1.00000000000000000000e+03
cascade_weight_multiplier=4.00000005960464477539e-01
cascade_activation_functions_count=10
cascade_activation_functions=3 5 7 8 10 11 14 15 16 17 
cascade_activation_steepnesses_count=4
cascade_activation_steepnesses=2.50000000000000000000e-01 5.00000000000000000000e-01 7.50000000000000000000e-01 1.00000000000000000000e+00 
layer_sizes=19 3 3 
scale_included=0
neurons (num_inputs, activation_function, activation_steepness)=(0, 0, 0.00000000000000000000e+00) (0, 0, 0.00000000000000000000e+00) (0, 0, 0.00000000000000000000e+00) (0, 0, 0.00000000000000000000e+00) (0, 0, 0.00000000000000000000e+00) (0, 0, 0.00000000000000000000e+00) (0, 0, 0.00000000000000000000e+00) (0, 0, 0.00000000000000000000e+00) (0, 0, 0.00000000000000000000e+00) (0, 0, 0.00000000000000000000e+00) (0, 0, 0.00000000000000000000e+00) (0, 0, 0.00000000000000000000e+00) (0, 0, 0.00000000000000000000e+00) (0, 0, 0.00000000000000000000e+00) (0, 0, 0.00000000000000000000e+00) (0, 0, 0.00000000000000000000e+00) (0, 0, 0.00000000000000000000e+00) (0, 0, 0.00000000000000000000e+00) (0, 0, 0.00000000000000000000e+00) (19, 3, 5.00000000000000000000e-01) (19, 3, 5.00000000000000000000e-01) (0, 3, 0.00000000000000000000e+00) (3, 3, 5.00000000000000000000e-01) (3, 3, 5.00000000000000000000e-01) (0, 3, 0.00000000000000000000e+00) 
connections (connected_to_neuron, weight)=(0, 1.88351705670356750488e-01) (1, 1.11107788085937500000e+01) (2, -4.54795360565185546875e+00) (3, -3.68099021911621093750e+00) (4, 1.43208360671997070312e+01) (5, -5.73986625671386718750e+00) (6, -3.87298893928527832031e+00) (7, 1.02881822586059570312e+01) (8, 1.61083161830902099609e+00) (9, -2.64465832710266113281e+00) (10, -4.21952676773071289062e+00) (11, 1.81655430793762207031e+00) (12, 3.22475814819335937500e+00) (13, -4.25988006591796875000e+00) (14, 6.71686506271362304688e+00) (15, 2.58942675590515136719e+00) (16, -9.96746730804443359375e+00) (17, 1.45939493179321289062e+00) (18, -1.00669136047363281250e+01) (0, 1.46167016029357910156e+00) (1, -8.70834732055664062500e+00) (2, 5.08726358413696289062e+00) (3, 1.31638431549072265625e+00) (4, -7.50773191452026367188e+00) (5, 3.18832421302795410156e+00) (6, 9.41732645034790039062e-01) (7, -6.06196784973144531250e+00) (8, 2.08731579780578613281e+00) (9, -1.69420033693313598633e-01) (10, 4.60784864425659179688e+00) (11, -9.63062226772308349609e-01) (12, -1.38137805461883544922e+00) (13, 6.33977413177490234375e+00) (14, -4.92766427993774414062e+00) (15, 7.40752696990966796875e-01) (16, 3.93722343444824218750e+00) (17, -2.39685702323913574219e+00) (18, -1.51528179645538330078e+00) (19, -1.16100025177001953125e+00) (20, -1.43311321735382080078e+00) (21, 3.12742680311203002930e-01) (19, 1.16039264202117919922e+00) (20, 1.43169009685516357422e+00) (21, -3.11769574880599975586e-01) 
