FANN_FLO_2.1
num_layers=4
learning_rate=0.400000
connection_rate=1.000000
network_type=0
learning_momentum=0.000000
training_algorithm=2
train_error_function=1
train_stop_function=0
cascade_output_change_fraction=0.010000
quickprop_decay=-0.000100
quickprop_mu=1.750000
rprop_increase_factor=1.200000
rprop_decrease_factor=0.500000
rprop_delta_min=0.000000
rprop_delta_max=50.000000
rprop_delta_zero=0.100000
cascade_output_stagnation_epochs=12
cascade_candidate_change_fraction=0.010000
cascade_candidate_stagnation_epochs=12
cascade_max_out_epochs=150
cascade_min_out_epochs=50
cascade_max_cand_epochs=150
cascade_min_cand_epochs=50
cascade_num_candidate_groups=2
bit_fail_limit=3.49999994039535522461e-01
cascade_candidate_limit=1.00000000000000000000e+03
cascade_weight_multiplier=4.00000005960464477539e-01
cascade_activation_functions_count=10
cascade_activation_functions=3 5 7 8 10 11 14 15 16 17 
cascade_activation_steepnesses_count=4
cascade_activation_steepnesses=2.50000000000000000000e-01 5.00000000000000000000e-01 7.50000000000000000000e-01 1.00000000000000000000e+00 
layer_sizes=7 5 5 2 
scale_included=0
neurons (num_inputs, activation_function, activation_steepness)=(0, 0, 0.00000000000000000000e+00) (0, 0, 0.00000000000000000000e+00) (0, 0, 0.00000000000000000000e+00) (0, 0, 0.00000000000000000000e+00) (0, 0, 0.00000000000000000000e+00) (0, 0, 0.00000000000000000000e+00) (0, 0, 0.00000000000000000000e+00) (7, 3, 5.00000000000000000000e-01) (7, 3, 5.00000000000000000000e-01) (7, 3, 5.00000000000000000000e-01) (7, 3, 5.00000000000000000000e-01) (0, 3, 0.00000000000000000000e+00) (5, 3, 5.00000000000000000000e-01) (5, 3, 5.00000000000000000000e-01) (5, 3, 5.00000000000000000000e-01) (5, 3, 5.00000000000000000000e-01) (0, 3, 0.00000000000000000000e+00) (5, 3, 5.00000000000000000000e-01) (0, 3, 0.00000000000000000000e+00) 
connections (connected_to_neuron, weight)=(0, -2.57005238533020019531e+00) (1, 4.50674384832382202148e-01) (2, 4.76494359970092773438e+00) (3, -4.24821949005126953125e+00) (4, -2.73777318000793457031e+00) (5, 2.47118115425109863281e+00) (6, 6.44081711769104003906e-01) (0, -8.44484233856201171875e+00) (1, 9.64202761650085449219e-01) (2, 8.76977252960205078125e+00) (3, -1.42640991210937500000e+01) (4, -6.87615251541137695312e+00) (5, 3.98959589004516601562e+00) (6, 1.17742280960083007812e+01) (0, 5.28881072998046875000e-01) (1, -3.20534443855285644531e+00) (2, 6.63646173477172851562e+00) (3, -5.41415500640869140625e+00) (4, -3.35787487030029296875e+00) (5, 2.44341540336608886719e+00) (6, 1.37405371665954589844e+00) (0, -9.76614856719970703125e+00) (1, 5.82731866836547851562e+00) (2, -5.50416994094848632812e+00) (3, -9.57632732391357421875e+00) (4, -2.61024260520935058594e+00) (5, 1.91493618488311767578e+00) (6, 1.08076591491699218750e+01) (7, 1.07747192382812500000e+01) (8, -5.28509950637817382812e+00) (9, 1.69518413543701171875e+01) (10, 4.16250348091125488281e-01) (11, -3.82135581970214843750e+00) (7, -2.10331649780273437500e+01) (8, 2.85949659347534179688e+00) (9, 1.62452564239501953125e+01) (10, 1.64560556411743164062e+00) (11, -8.54141652584075927734e-01) (7, -2.13151321411132812500e+01) (8, 3.03836941719055175781e+00) (9, 1.63299598693847656250e+01) (10, 1.67856180667877197266e+00) (11, -9.18581366539001464844e-01) (7, -7.78009414672851562500e+00) (8, 3.21343851089477539062e+00) (9, 5.17745876312255859375e+00) (10, 1.19184148311614990234e+00) (11, -1.78721010684967041016e+00) (12, -9.86380159854888916016e-01) (13, -1.44008779525756835938e+00) (14, -2.12767529487609863281e+00) (15, -4.11497801542282104492e-01) (16, 2.57656782865524291992e-01) 
