FANN_FLO_2.1
num_layers=3
learning_rate=0.500000
connection_rate=1.000000
network_type=0
learning_momentum=0.000000
training_algorithm=2
train_error_function=1
train_stop_function=0
cascade_output_change_fraction=0.010000
quickprop_decay=-0.000100
quickprop_mu=1.750000
rprop_increase_factor=1.200000
rprop_decrease_factor=0.500000
rprop_delta_min=0.000000
rprop_delta_max=50.000000
rprop_delta_zero=0.100000
cascade_output_stagnation_epochs=12
cascade_candidate_change_fraction=0.010000
cascade_candidate_stagnation_epochs=12
cascade_max_out_epochs=150
cascade_min_out_epochs=50
cascade_max_cand_epochs=150
cascade_min_cand_epochs=50
cascade_num_candidate_groups=2
bit_fail_limit=3.49999994039535522461e-01
cascade_candidate_limit=1.00000000000000000000e+03
cascade_weight_multiplier=4.00000005960464477539e-01
cascade_activation_functions_count=10
cascade_activation_functions=3 5 7 8 10 11 14 15 16 17 
cascade_activation_steepnesses_count=4
cascade_activation_steepnesses=2.50000000000000000000e-01 5.00000000000000000000e-01 7.50000000000000000000e-01 1.00000000000000000000e+00 
layer_sizes=10 5 2 
scale_included=0
neurons (num_inputs, activation_function, activation_steepness)=(0, 0, 0.00000000000000000000e+00) (0, 0, 0.00000000000000000000e+00) (0, 0, 0.00000000000000000000e+00) (0, 0, 0.00000000000000000000e+00) (0, 0, 0.00000000000000000000e+00) (0, 0, 0.00000000000000000000e+00) (0, 0, 0.00000000000000000000e+00) (0, 0, 0.00000000000000000000e+00) (0, 0, 0.00000000000000000000e+00) (0, 0, 0.00000000000000000000e+00) (10, 3, 5.00000000000000000000e-01) (10, 3, 5.00000000000000000000e-01) (10, 3, 5.00000000000000000000e-01) (10, 3, 5.00000000000000000000e-01) (0, 3, 0.00000000000000000000e+00) (5, 3, 5.00000000000000000000e-01) (0, 3, 0.00000000000000000000e+00) 
connections (connected_to_neuron, weight)=(0, 8.60996150970458984375e+00) (1, 6.13097667694091796875e-01) (2, 1.25317558288574218750e+02) (3, -2.96015083789825439453e-01) (4, 4.28261533379554748535e-02) (5, 1.69775295257568359375e+01) (6, -3.11124944686889648438e+00) (7, -2.46386933326721191406e+00) (8, -1.96713821411132812500e+02) (9, -4.92769926786422729492e-01) (0, 2.96763877868652343750e+01) (1, 4.96836700439453125000e+01) (2, 1.18400161743164062500e+02) (3, -5.50048768520355224609e-01) (4, 2.26648569107055664062e-01) (5, 3.43016552925109863281e+00) (6, -6.63880233764648437500e+01) (7, -2.28990726470947265625e+01) (8, -1.42814773559570312500e+02) (9, -3.83291244506835937500e-01) (0, -8.90249156951904296875e+00) (1, -1.75884044170379638672e+00) (2, -4.84526157379150390625e+00) (3, -4.05061626434326171875e+00) (4, 1.27363540232181549072e-02) (5, -2.28231048583984375000e+00) (6, 5.87978887557983398438e+00) (7, 6.97235155105590820312e+00) (8, 1.00261831283569335938e+01) (9, -1.67189371585845947266e+00) (0, -5.19053697586059570312e+00) (1, 6.31677925586700439453e-01) (2, -7.04410696029663085938e+00) (3, -4.22575712203979492188e+00) (4, -2.89771091192960739136e-02) (5, -3.46435809135437011719e+00) (6, 4.89387845993041992188e+00) (7, 9.10836601257324218750e+00) (8, 7.91882848739624023438e+00) (9, -1.89498758316040039062e+00) (10, 2.13630843162536621094e+00) (11, 7.14521765708923339844e-01) (12, 1.85078859329223632812e+00) (13, 1.13027441501617431641e+00) (14, -2.05486917495727539062e+00) 
