FANN_FLO_2.1
num_layers=4
learning_rate=0.500000
connection_rate=1.000000
network_type=0
learning_momentum=0.000000
training_algorithm=2
train_error_function=1
train_stop_function=0
cascade_output_change_fraction=0.010000
quickprop_decay=-0.000100
quickprop_mu=1.750000
rprop_increase_factor=1.200000
rprop_decrease_factor=0.500000
rprop_delta_min=0.000000
rprop_delta_max=50.000000
rprop_delta_zero=0.100000
cascade_output_stagnation_epochs=12
cascade_candidate_change_fraction=0.010000
cascade_candidate_stagnation_epochs=12
cascade_max_out_epochs=150
cascade_min_out_epochs=50
cascade_max_cand_epochs=150
cascade_min_cand_epochs=50
cascade_num_candidate_groups=2
bit_fail_limit=3.49999994039535522461e-01
cascade_candidate_limit=1.00000000000000000000e+03
cascade_weight_multiplier=4.00000005960464477539e-01
cascade_activation_functions_count=10
cascade_activation_functions=3 5 7 8 10 11 14 15 16 17 
cascade_activation_steepnesses_count=4
cascade_activation_steepnesses=2.50000000000000000000e-01 5.00000000000000000000e-01 7.50000000000000000000e-01 1.00000000000000000000e+00 
layer_sizes=2 5 5 3 
scale_included=0
neurons (num_inputs, activation_function, activation_steepness)=(0, 0, 0.00000000000000000000e+00) (0, 0, 0.00000000000000000000e+00) (2, 3, 5.00000000000000000000e-01) (2, 3, 5.00000000000000000000e-01) (2, 3, 5.00000000000000000000e-01) (2, 3, 5.00000000000000000000e-01) (0, 3, 0.00000000000000000000e+00) (5, 3, 5.00000000000000000000e-01) (5, 3, 5.00000000000000000000e-01) (5, 3, 5.00000000000000000000e-01) (5, 3, 5.00000000000000000000e-01) (0, 3, 0.00000000000000000000e+00) (5, 0, 5.00000000000000000000e-01) (5, 0, 5.00000000000000000000e-01) (0, 0, 0.00000000000000000000e+00) 
connections (connected_to_neuron, weight)=(0, 6.82361373901367187500e+01) (1, -5.26711130142211914062e+00) (0, -1.48241625976562500000e+03) (1, 1.09472021484375000000e+03) (0, -1.14058218002319335938e+01) (1, -3.89423656463623046875e+00) (0, -5.87045288085937500000e+02) (1, 5.47448364257812500000e+02) (2, 1.80245666503906250000e+01) (3, -1.43531477451324462891e+00) (4, -1.01443194580078125000e+03) (5, -9.51181030273437500000e+00) (6, -1.80496907234191894531e+00) (2, 1.02333117675781250000e+03) (3, 2.24823236465454101562e+00) (4, -1.29488452148437500000e+03) (5, 1.49989404296875000000e+03) (6, -1.24165035784244537354e-01) (2, -4.14158105850219726562e+00) (3, 1.24800491333007812500e+00) (4, 1.50000000000000000000e+03) (5, 3.89299511909484863281e+00) (6, -1.97657656669616699219e+00) (2, -1.50000000000000000000e+03) (3, 1.06735601425170898438e+01) (4, 1.49243078613281250000e+03) (5, 7.99300670623779296875e+00) (6, 2.39571933746337890625e+01) (7, -1.20748329162597656250e+00) (8, -2.04608857631683349609e-01) (9, -1.29889464378356933594e+00) (10, 9.16739284992218017578e-01) (11, 5.56746423244476318359e-01) (7, -9.05124664306640625000e-01) (8, -6.21661901473999023438e-01) (9, 3.58980512619018554688e+00) (10, 2.05842256546020507812e-01) (11, -1.17430126667022705078e+00) 
