FANN_FLO_2.1
num_layers=3
learning_rate=0.400000
connection_rate=1.000000
network_type=0
learning_momentum=0.000000
training_algorithm=2
train_error_function=1
train_stop_function=0
cascade_output_change_fraction=0.010000
quickprop_decay=-0.000100
quickprop_mu=1.750000
rprop_increase_factor=1.200000
rprop_decrease_factor=0.500000
rprop_delta_min=0.000000
rprop_delta_max=50.000000
rprop_delta_zero=0.100000
cascade_output_stagnation_epochs=12
cascade_candidate_change_fraction=0.010000
cascade_candidate_stagnation_epochs=12
cascade_max_out_epochs=150
cascade_min_out_epochs=50
cascade_max_cand_epochs=150
cascade_min_cand_epochs=50
cascade_num_candidate_groups=2
bit_fail_limit=3.49999994039535522461e-01
cascade_candidate_limit=1.00000000000000000000e+03
cascade_weight_multiplier=4.00000005960464477539e-01
cascade_activation_functions_count=10
cascade_activation_functions=3 5 7 8 10 11 14 15 16 17 
cascade_activation_steepnesses_count=4
cascade_activation_steepnesses=2.50000000000000000000e-01 5.00000000000000000000e-01 7.50000000000000000000e-01 1.00000000000000000000e+00 
layer_sizes=7 9 2 
scale_included=0
neurons (num_inputs, activation_function, activation_steepness)=(0, 0, 0.00000000000000000000e+00) (0, 0, 0.00000000000000000000e+00) (0, 0, 0.00000000000000000000e+00) (0, 0, 0.00000000000000000000e+00) (0, 0, 0.00000000000000000000e+00) (0, 0, 0.00000000000000000000e+00) (0, 0, 0.00000000000000000000e+00) (7, 3, 5.00000000000000000000e-01) (7, 3, 5.00000000000000000000e-01) (7, 3, 5.00000000000000000000e-01) (7, 3, 5.00000000000000000000e-01) (7, 3, 5.00000000000000000000e-01) (7, 3, 5.00000000000000000000e-01) (7, 3, 5.00000000000000000000e-01) (7, 3, 5.00000000000000000000e-01) (0, 3, 0.00000000000000000000e+00) (9, 3, 5.00000000000000000000e-01) (0, 3, 0.00000000000000000000e+00) 
connections (connected_to_neuron, weight)=(0, -6.15010166168212890625e+00) (1, -8.05018126964569091797e-01) (2, 1.73598976135253906250e+01) (3, -3.94606494903564453125e+00) (4, -1.45147204399108886719e+00) (5, 1.89535868167877197266e+00) (6, 5.20468711853027343750e+00) (0, 2.73585014343261718750e+01) (1, -2.55477638244628906250e+01) (2, 5.37920188903808593750e+00) (3, 1.21328592300415039062e+00) (4, 2.36962795257568359375e+00) (5, -6.07939863204956054688e+00) (6, 4.93369197845458984375e+00) (0, 1.34064459800720214844e+00) (1, 7.23134398460388183594e-01) (2, 1.59077339172363281250e+01) (3, -6.83883309364318847656e-01) (4, -9.23355197906494140625e+00) (5, 3.87694001197814941406e-01) (6, 3.69145631790161132812e-01) (0, -1.44072845578193664551e-01) (1, -8.41219007968902587891e-01) (2, 1.34782338142395019531e+00) (3, -3.18351030349731445312e+00) (4, -1.49823546409606933594e+00) (5, -2.73314690589904785156e+00) (6, 4.41787928342819213867e-01) (0, 9.17777299880981445312e-01) (1, -3.33301812410354614258e-01) (2, 1.26076536178588867188e+01) (3, -3.63922142982482910156e+00) (4, -2.47512340545654296875e+00) (5, 2.38735508918762207031e+00) (6, 4.43847596645355224609e-01) (0, 1.20657527446746826172e+00) (1, -4.27219986915588378906e-01) (2, 3.05463790893554687500e+00) (3, -4.60811233520507812500e+00) (4, -1.22532820701599121094e+00) (5, 1.33227610588073730469e+00) (6, 3.66516679525375366211e-01) (0, -1.19101262092590332031e+00) (1, -1.56957876682281494141e+00) (2, -1.37972593307495117188e+01) (3, -4.94396686553955078125e+00) (4, -1.96470499038696289062e+00) (5, -1.89207091927528381348e-01) (6, 6.00203895568847656250e+00) (0, -7.37443733215332031250e+00) (1, 6.73341369628906250000e+00) (2, -7.58235514163970947266e-01) (3, -3.71124243736267089844e+00) (4, -1.41062641143798828125e+00) (5, -5.43130970001220703125e+00) (6, 2.87448972463607788086e-01) (7, -1.21135771274566650391e+00) (8, -2.44265604019165039062e+00) (9, -5.49246788024902343750e-01) (10, 1.27324266433715820312e+01) (11, -5.81375122070312500000e-01) (12, -5.71308612823486328125e-01) (13, -1.30385506153106689453e+00) (14, -1.25374603271484375000e+01) (15, 1.28871619701385498047e+00) 
