FANN_FLO_2.1
num_layers=4
learning_rate=0.400000
connection_rate=1.000000
network_type=0
learning_momentum=0.000000
training_algorithm=2
train_error_function=1
train_stop_function=0
cascade_output_change_fraction=0.010000
quickprop_decay=-0.000100
quickprop_mu=1.750000
rprop_increase_factor=1.200000
rprop_decrease_factor=0.500000
rprop_delta_min=0.000000
rprop_delta_max=50.000000
rprop_delta_zero=0.100000
cascade_output_stagnation_epochs=12
cascade_candidate_change_fraction=0.010000
cascade_candidate_stagnation_epochs=12
cascade_max_out_epochs=150
cascade_min_out_epochs=50
cascade_max_cand_epochs=150
cascade_min_cand_epochs=50
cascade_num_candidate_groups=2
bit_fail_limit=3.49999994039535522461e-01
cascade_candidate_limit=1.00000000000000000000e+03
cascade_weight_multiplier=4.00000005960464477539e-01
cascade_activation_functions_count=10
cascade_activation_functions=3 5 7 8 10 11 14 15 16 17 
cascade_activation_steepnesses_count=4
cascade_activation_steepnesses=2.50000000000000000000e-01 5.00000000000000000000e-01 7.50000000000000000000e-01 1.00000000000000000000e+00 
layer_sizes=7 5 3 2 
scale_included=0
neurons (num_inputs, activation_function, activation_steepness)=(0, 0, 0.00000000000000000000e+00) (0, 0, 0.00000000000000000000e+00) (0, 0, 0.00000000000000000000e+00) (0, 0, 0.00000000000000000000e+00) (0, 0, 0.00000000000000000000e+00) (0, 0, 0.00000000000000000000e+00) (0, 0, 0.00000000000000000000e+00) (7, 3, 5.00000000000000000000e-01) (7, 3, 5.00000000000000000000e-01) (7, 3, 5.00000000000000000000e-01) (7, 3, 5.00000000000000000000e-01) (0, 3, 0.00000000000000000000e+00) (5, 3, 5.00000000000000000000e-01) (5, 3, 5.00000000000000000000e-01) (0, 3, 0.00000000000000000000e+00) (3, 3, 5.00000000000000000000e-01) (0, 3, 0.00000000000000000000e+00) 
connections (connected_to_neuron, weight)=(0, 4.55105543136596679688e+00) (1, -7.05705976486206054688e+00) (2, 1.39406776428222656250e+00) (3, -5.05796575546264648438e+00) (4, -9.89550173282623291016e-01) (5, -2.77580404281616210938e+00) (6, 5.82050800323486328125e+00) (0, -1.25532312393188476562e+01) (1, 1.13587427139282226562e+01) (2, -5.65704154968261718750e+00) (3, -8.04852902889251708984e-01) (4, -9.02287364006042480469e-01) (5, 5.57939147949218750000e+00) (6, 1.99636614322662353516e+00) (0, -1.37160742187500000000e+03) (1, -1.47689648437500000000e+03) (2, -1.49961047363281250000e+03) (3, -9.57101345062255859375e+00) (4, 9.60688049316406250000e+02) (5, -1.50000000000000000000e+03) (6, -2.83159822225570678711e-01) (0, -1.46636755371093750000e+03) (1, -1.47689648437500000000e+03) (2, -1.49961047363281250000e+03) (3, -8.06601943969726562500e+01) (4, 1.50000000000000000000e+03) (5, -1.50000000000000000000e+03) (6, -9.32431091308593750000e+02) (7, 2.27041840553283691406e+00) (8, 3.15006923675537109375e+00) (9, 1.50000000000000000000e+03) (10, 1.50000000000000000000e+03) (11, -3.86480975151062011719e+00) (7, 2.98781871795654296875e+01) (8, -7.50039875507354736328e-01) (9, 1.50000000000000000000e+03) (10, 1.50000000000000000000e+03) (11, -2.24054861068725585938e+00) (12, -4.79090452194213867188e+00) (13, -7.33897745609283447266e-01) (14, 1.90143629908561706543e-01) 
