FANN_FLO_2.1
num_layers=3
learning_rate=0.500000
connection_rate=1.000000
network_type=0
learning_momentum=0.000000
training_algorithm=2
train_error_function=1
train_stop_function=0
cascade_output_change_fraction=0.010000
quickprop_decay=-0.000100
quickprop_mu=1.750000
rprop_increase_factor=1.200000
rprop_decrease_factor=0.500000
rprop_delta_min=0.000000
rprop_delta_max=50.000000
rprop_delta_zero=0.100000
cascade_output_stagnation_epochs=12
cascade_candidate_change_fraction=0.010000
cascade_candidate_stagnation_epochs=12
cascade_max_out_epochs=150
cascade_min_out_epochs=50
cascade_max_cand_epochs=150
cascade_min_cand_epochs=50
cascade_num_candidate_groups=2
bit_fail_limit=3.49999994039535522461e-01
cascade_candidate_limit=1.00000000000000000000e+03
cascade_weight_multiplier=4.00000005960464477539e-01
cascade_activation_functions_count=10
cascade_activation_functions=3 5 7 8 10 11 14 15 16 17 
cascade_activation_steepnesses_count=4
cascade_activation_steepnesses=2.50000000000000000000e-01 5.00000000000000000000e-01 7.50000000000000000000e-01 1.00000000000000000000e+00 
layer_sizes=10 5 2 
scale_included=0
neurons (num_inputs, activation_function, activation_steepness)=(0, 0, 0.00000000000000000000e+00) (0, 0, 0.00000000000000000000e+00) (0, 0, 0.00000000000000000000e+00) (0, 0, 0.00000000000000000000e+00) (0, 0, 0.00000000000000000000e+00) (0, 0, 0.00000000000000000000e+00) (0, 0, 0.00000000000000000000e+00) (0, 0, 0.00000000000000000000e+00) (0, 0, 0.00000000000000000000e+00) (0, 0, 0.00000000000000000000e+00) (10, 3, 5.00000000000000000000e-01) (10, 3, 5.00000000000000000000e-01) (10, 3, 5.00000000000000000000e-01) (10, 3, 5.00000000000000000000e-01) (0, 3, 0.00000000000000000000e+00) (5, 3, 5.00000000000000000000e-01) (0, 3, 0.00000000000000000000e+00) 
connections (connected_to_neuron, weight)=(0, -2.10395812988281250000e+00) (1, -5.56882429122924804688e+00) (2, 1.20517730712890625000e+00) (3, -6.06868565082550048828e-01) (4, 5.27241039276123046875e+00) (5, 5.66661500930786132812e+00) (6, 4.01648342609405517578e-01) (7, -6.14674389362335205078e-01) (8, 3.04548811912536621094e+00) (9, 2.99801707267761230469e-01) (0, 4.25619697570800781250e+00) (1, -3.97321844100952148438e+00) (2, 2.30020022392272949219e+00) (3, -7.74146854877471923828e-01) (4, 1.17415790557861328125e+01) (5, 6.71085596084594726562e+00) (6, 3.93365669250488281250e+00) (7, 2.42877626419067382812e+00) (8, -1.08230943679809570312e+01) (9, -6.74782037734985351562e+00) (0, -3.04056620597839355469e+00) (1, 4.37102508544921875000e+00) (2, 9.28533792495727539062e-01) (3, -7.89379644393920898438e+00) (4, -1.17695188522338867188e+00) (5, 8.35881948471069335938e-01) (6, -5.87090301513671875000e+01) (7, 6.50973129272460937500e+01) (8, 1.50000000000000000000e+03) (9, 1.86159104108810424805e-01) (0, -8.12981545925140380859e-01) (1, -4.18423700332641601562e+00) (2, 1.35793507099151611328e+00) (3, -1.14881029129028320312e+01) (4, 1.64749765396118164062e+00) (5, 1.09878835678100585938e+01) (6, -2.10827779769897460938e+00) (7, -1.44282484054565429688e+00) (8, 6.97585725784301757812e+00) (9, -1.27455294132232666016e-01) (10, 1.13378381729125976562e+00) (11, 6.76411867141723632812e-01) (12, -3.11693334579467773438e+00) (13, 3.26146841049194335938e+00) (14, -5.28927505016326904297e-01) 
