FANN_FLO_2.1
num_layers=4
learning_rate=0.400000
connection_rate=1.000000
network_type=0
learning_momentum=0.000000
training_algorithm=2
train_error_function=1
train_stop_function=0
cascade_output_change_fraction=0.010000
quickprop_decay=-0.000100
quickprop_mu=1.750000
rprop_increase_factor=1.200000
rprop_decrease_factor=0.500000
rprop_delta_min=0.000000
rprop_delta_max=50.000000
rprop_delta_zero=0.100000
cascade_output_stagnation_epochs=12
cascade_candidate_change_fraction=0.010000
cascade_candidate_stagnation_epochs=12
cascade_max_out_epochs=150
cascade_min_out_epochs=50
cascade_max_cand_epochs=150
cascade_min_cand_epochs=50
cascade_num_candidate_groups=2
bit_fail_limit=3.49999994039535522461e-01
cascade_candidate_limit=1.00000000000000000000e+03
cascade_weight_multiplier=4.00000005960464477539e-01
cascade_activation_functions_count=10
cascade_activation_functions=3 5 7 8 10 11 14 15 16 17 
cascade_activation_steepnesses_count=4
cascade_activation_steepnesses=2.50000000000000000000e-01 5.00000000000000000000e-01 7.50000000000000000000e-01 1.00000000000000000000e+00 
layer_sizes=7 5 5 2 
scale_included=0
neurons (num_inputs, activation_function, activation_steepness)=(0, 0, 0.00000000000000000000e+00) (0, 0, 0.00000000000000000000e+00) (0, 0, 0.00000000000000000000e+00) (0, 0, 0.00000000000000000000e+00) (0, 0, 0.00000000000000000000e+00) (0, 0, 0.00000000000000000000e+00) (0, 0, 0.00000000000000000000e+00) (7, 3, 5.00000000000000000000e-01) (7, 3, 5.00000000000000000000e-01) (7, 3, 5.00000000000000000000e-01) (7, 3, 5.00000000000000000000e-01) (0, 3, 0.00000000000000000000e+00) (5, 3, 5.00000000000000000000e-01) (5, 3, 5.00000000000000000000e-01) (5, 3, 5.00000000000000000000e-01) (5, 3, 5.00000000000000000000e-01) (0, 3, 0.00000000000000000000e+00) (5, 3, 5.00000000000000000000e-01) (0, 3, 0.00000000000000000000e+00) 
connections (connected_to_neuron, weight)=(0, 8.67583930492401123047e-01) (1, -3.01442813873291015625e+00) (2, 6.65402889251708984375e-01) (3, -3.07800054550170898438e+00) (4, -5.96170008182525634766e-01) (5, 1.14587175846099853516e+00) (6, 6.67621433734893798828e-01) (0, -1.47211572265625000000e+03) (1, -1.34425683593750000000e+03) (2, -6.57987976074218750000e+02) (3, -1.24741430664062500000e+03) (4, 3.71287109375000000000e+02) (5, -1.50000000000000000000e+03) (6, 1.91931104660034179688e+00) (0, -1.28374914550781250000e+03) (1, -1.47594006347656250000e+03) (2, -2.72947753906250000000e+02) (3, 2.95085083007812500000e+02) (4, 7.00088500976562500000e+02) (5, -1.50000000000000000000e+03) (6, 2.77023267745971679688e+00) (0, -6.81876850128173828125e+00) (1, 5.48722314834594726562e+00) (2, -3.57338523864746093750e+01) (3, 1.20637321472167968750e+00) (4, -1.29643268585205078125e+01) (5, -1.50000000000000000000e+03) (6, 3.24339556694030761719e+00) (7, 2.32523899078369140625e+01) (8, 1.50000000000000000000e+03) (9, 1.50000000000000000000e+03) (10, 1.50000000000000000000e+03) (11, -2.12208795547485351562e+00) (7, -6.86951208114624023438e+00) (8, 1.50000000000000000000e+03) (9, 1.50000000000000000000e+03) (10, 9.79473781585693359375e+00) (11, -4.69639396667480468750e+00) (7, 8.04201316833496093750e+00) (8, 1.50000000000000000000e+03) (9, 1.50000000000000000000e+03) (10, -5.91679716110229492188e+00) (11, -5.67482376098632812500e+00) (7, 1.78274974822998046875e+01) (8, 1.50000000000000000000e+03) (9, 1.50000000000000000000e+03) (10, 1.50000000000000000000e+03) (11, -2.06862115859985351562e+00) (12, -9.07340109348297119141e-01) (13, -3.84762883186340332031e+00) (14, -3.19889163970947265625e+00) (15, -1.22378206253051757812e+00) (16, -7.02808976173400878906e-01) 
