FANN_FLO_2.1
num_layers=4
learning_rate=0.500000
connection_rate=1.000000
network_type=0
learning_momentum=0.000000
training_algorithm=2
train_error_function=1
train_stop_function=0
cascade_output_change_fraction=0.010000
quickprop_decay=-0.000100
quickprop_mu=1.750000
rprop_increase_factor=1.200000
rprop_decrease_factor=0.500000
rprop_delta_min=0.000000
rprop_delta_max=50.000000
rprop_delta_zero=0.100000
cascade_output_stagnation_epochs=12
cascade_candidate_change_fraction=0.010000
cascade_candidate_stagnation_epochs=12
cascade_max_out_epochs=150
cascade_min_out_epochs=50
cascade_max_cand_epochs=150
cascade_min_cand_epochs=50
cascade_num_candidate_groups=2
bit_fail_limit=3.49999994039535522461e-01
cascade_candidate_limit=1.00000000000000000000e+03
cascade_weight_multiplier=4.00000005960464477539e-01
cascade_activation_functions_count=10
cascade_activation_functions=3 5 7 8 10 11 14 15 16 17 
cascade_activation_steepnesses_count=4
cascade_activation_steepnesses=2.50000000000000000000e-01 5.00000000000000000000e-01 7.50000000000000000000e-01 1.00000000000000000000e+00 
layer_sizes=2 5 5 3 
scale_included=0
neurons (num_inputs, activation_function, activation_steepness)=(0, 0, 0.00000000000000000000e+00) (0, 0, 0.00000000000000000000e+00) (2, 3, 5.00000000000000000000e-01) (2, 3, 5.00000000000000000000e-01) (2, 3, 5.00000000000000000000e-01) (2, 3, 5.00000000000000000000e-01) (0, 3, 0.00000000000000000000e+00) (5, 3, 5.00000000000000000000e-01) (5, 3, 5.00000000000000000000e-01) (5, 3, 5.00000000000000000000e-01) (5, 3, 5.00000000000000000000e-01) (0, 3, 0.00000000000000000000e+00) (5, 0, 5.00000000000000000000e-01) (5, 0, 5.00000000000000000000e-01) (0, 0, 0.00000000000000000000e+00) 
connections (connected_to_neuron, weight)=(0, 1.50000000000000000000e+03) (1, 9.10066375732421875000e+01) (0, -1.50000000000000000000e+03) (1, 5.20038843154907226562e+00) (0, 1.50000000000000000000e+03) (1, -4.22074460983276367188e+00) (0, 1.50000000000000000000e+03) (1, 1.86102695465087890625e+01) (2, -1.31729049682617187500e+01) (3, -1.48370373535156250000e+03) (4, 8.20986747741699218750e+00) (5, 7.96418571472167968750e+00) (6, -2.91468453407287597656e+00) (2, -1.47782934570312500000e+03) (3, 1.49998620605468750000e+03) (4, -1.47149560546875000000e+03) (5, -3.11872959136962890625e+00) (6, 2.60549831390380859375e+00) (2, 9.68270935058593750000e+02) (3, 9.50274658203125000000e+02) (4, -2.78810791015625000000e+02) (5, 7.54980041503906250000e+02) (6, -6.10956268310546875000e+01) (2, 9.37813354492187500000e+02) (3, 1.49992956542968750000e+03) (4, -4.94885730743408203125e+00) (5, 4.70011169433593750000e+02) (6, 3.09004616737365722656e+00) (7, -2.64877772331237792969e+00) (8, -8.66234283447265625000e+01) (9, -6.48094415664672851562e-01) (10, 7.54531398415565490723e-02) (11, 6.05700850486755371094e-01) (7, -2.77800869941711425781e+00) (8, 1.45505273437500000000e+03) (9, 6.92992448806762695312e-01) (10, 6.57208025455474853516e-01) (11, 1.00982114672660827637e-01) 
