FANN_FLO_2.1
num_layers=3
learning_rate=0.400000
connection_rate=1.000000
network_type=0
learning_momentum=0.000000
training_algorithm=2
train_error_function=1
train_stop_function=0
cascade_output_change_fraction=0.010000
quickprop_decay=-0.000100
quickprop_mu=1.750000
rprop_increase_factor=1.200000
rprop_decrease_factor=0.500000
rprop_delta_min=0.000000
rprop_delta_max=50.000000
rprop_delta_zero=0.100000
cascade_output_stagnation_epochs=12
cascade_candidate_change_fraction=0.010000
cascade_candidate_stagnation_epochs=12
cascade_max_out_epochs=150
cascade_min_out_epochs=50
cascade_max_cand_epochs=150
cascade_min_cand_epochs=50
cascade_num_candidate_groups=2
bit_fail_limit=3.49999994039535522461e-01
cascade_candidate_limit=1.00000000000000000000e+03
cascade_weight_multiplier=4.00000005960464477539e-01
cascade_activation_functions_count=10
cascade_activation_functions=3 5 7 8 10 11 14 15 16 17 
cascade_activation_steepnesses_count=4
cascade_activation_steepnesses=2.50000000000000000000e-01 5.00000000000000000000e-01 7.50000000000000000000e-01 1.00000000000000000000e+00 
layer_sizes=7 9 2 
scale_included=0
neurons (num_inputs, activation_function, activation_steepness)=(0, 0, 0.00000000000000000000e+00) (0, 0, 0.00000000000000000000e+00) (0, 0, 0.00000000000000000000e+00) (0, 0, 0.00000000000000000000e+00) (0, 0, 0.00000000000000000000e+00) (0, 0, 0.00000000000000000000e+00) (0, 0, 0.00000000000000000000e+00) (7, 3, 5.00000000000000000000e-01) (7, 3, 5.00000000000000000000e-01) (7, 3, 5.00000000000000000000e-01) (7, 3, 5.00000000000000000000e-01) (7, 3, 5.00000000000000000000e-01) (7, 3, 5.00000000000000000000e-01) (7, 3, 5.00000000000000000000e-01) (7, 3, 5.00000000000000000000e-01) (0, 3, 0.00000000000000000000e+00) (9, 3, 5.00000000000000000000e-01) (0, 3, 0.00000000000000000000e+00) 
connections (connected_to_neuron, weight)=(0, -4.45494794845581054688e+00) (1, 1.79288372397422790527e-01) (2, 3.23474001884460449219e+00) (3, -1.31491076946258544922e+00) (4, -2.37913322448730468750e+00) (5, -3.35168391466140747070e-01) (6, 5.32259285449981689453e-01) (0, 1.05025825500488281250e+01) (1, 5.73130702972412109375e+00) (2, 5.55473136901855468750e+00) (3, -7.40850150585174560547e-01) (4, -4.97639131546020507812e+00) (5, -2.59105038642883300781e+00) (6, -1.14135146141052246094e+00) (0, -9.65048149228096008301e-02) (1, -1.35799312591552734375e+00) (2, 1.37707090377807617188e+00) (3, -1.27054417133331298828e+00) (4, 4.10647678375244140625e+00) (5, -5.45126259326934814453e-01) (6, -2.19548177719116210938e+00) (0, -1.57547807693481445312e+00) (1, 3.94281625747680664062e-01) (2, -2.53369617462158203125e+00) (3, -4.54046154022216796875e+00) (4, 1.52465188503265380859e+00) (5, -2.61912250518798828125e+00) (6, 7.51902043819427490234e-01) (0, 7.09940290451049804688e+00) (1, 2.16622781753540039062e+00) (2, -3.55012464523315429688e+00) (3, -1.31449432373046875000e+01) (4, 6.18285846710205078125e+00) (5, 5.48761034011840820312e+00) (6, 1.75453138351440429688e+00) (0, -2.71255701780319213867e-01) (1, 5.21344947814941406250e+00) (2, 3.64695262908935546875e+00) (3, -3.12240791320800781250e+00) (4, 3.97029590606689453125e+00) (5, -9.71185970306396484375e+00) (6, 3.01696014404296875000e+00) (0, 2.72396183013916015625e+00) (1, -9.77381408214569091797e-01) (2, 2.42250919342041015625e+00) (3, 2.15666532516479492188e+00) (4, 2.17912197113037109375e+00) (5, 3.27386331558227539062e+00) (6, -1.50121450424194335938e+00) (0, -1.76875853538513183594e+00) (1, 5.76655626296997070312e-01) (2, -2.20727324485778808594e+00) (3, -2.39807581901550292969e+00) (4, -1.35505294799804687500e+00) (5, -2.48957324028015136719e+00) (6, 4.86662894487380981445e-01) (7, -2.29151487350463867188e+00) (8, -1.27173316478729248047e+00) (9, 4.20333051681518554688e+00) (10, -2.48125600814819335938e+00) (11, -1.15862894058227539062e+00) (12, -1.93181908130645751953e+00) (13, 1.52048826217651367188e+00) (14, -8.41180458664894104004e-02) (15, 5.45374095439910888672e-01) 
