FANN_FLO_2.1
num_layers=3
learning_rate=0.500000
connection_rate=1.000000
network_type=0
learning_momentum=0.000000
training_algorithm=2
train_error_function=1
train_stop_function=0
cascade_output_change_fraction=0.010000
quickprop_decay=-0.000100
quickprop_mu=1.750000
rprop_increase_factor=1.200000
rprop_decrease_factor=0.500000
rprop_delta_min=0.000000
rprop_delta_max=50.000000
rprop_delta_zero=0.100000
cascade_output_stagnation_epochs=12
cascade_candidate_change_fraction=0.010000
cascade_candidate_stagnation_epochs=12
cascade_max_out_epochs=150
cascade_min_out_epochs=50
cascade_max_cand_epochs=150
cascade_min_cand_epochs=50
cascade_num_candidate_groups=2
bit_fail_limit=3.49999994039535522461e-01
cascade_candidate_limit=1.00000000000000000000e+03
cascade_weight_multiplier=4.00000005960464477539e-01
cascade_activation_functions_count=10
cascade_activation_functions=3 5 7 8 10 11 14 15 16 17 
cascade_activation_steepnesses_count=4
cascade_activation_steepnesses=2.50000000000000000000e-01 5.00000000000000000000e-01 7.50000000000000000000e-01 1.00000000000000000000e+00 
layer_sizes=10 5 2 
scale_included=0
neurons (num_inputs, activation_function, activation_steepness)=(0, 0, 0.00000000000000000000e+00) (0, 0, 0.00000000000000000000e+00) (0, 0, 0.00000000000000000000e+00) (0, 0, 0.00000000000000000000e+00) (0, 0, 0.00000000000000000000e+00) (0, 0, 0.00000000000000000000e+00) (0, 0, 0.00000000000000000000e+00) (0, 0, 0.00000000000000000000e+00) (0, 0, 0.00000000000000000000e+00) (0, 0, 0.00000000000000000000e+00) (10, 3, 5.00000000000000000000e-01) (10, 3, 5.00000000000000000000e-01) (10, 3, 5.00000000000000000000e-01) (10, 3, 5.00000000000000000000e-01) (0, 3, 0.00000000000000000000e+00) (5, 3, 5.00000000000000000000e-01) (0, 3, 0.00000000000000000000e+00) 
connections (connected_to_neuron, weight)=(0, -8.96975040435791015625e+00) (1, 6.71185672283172607422e-01) (2, -5.95153236389160156250e+00) (3, -7.72438907623291015625e+00) (4, 5.90424358844757080078e-01) (5, -3.91978621482849121094e+00) (6, 1.62747554779052734375e+01) (7, 5.37809085845947265625e+00) (8, 7.40898036956787109375e+00) (9, -3.38420176506042480469e+00) (0, 5.83356714248657226562e+00) (1, 2.61101484298706054688e+00) (2, -6.67949628829956054688e+00) (3, -1.55025653839111328125e+01) (4, 3.18880891799926757812e+00) (5, -1.26741421222686767578e+00) (6, -5.68870449066162109375e+00) (7, 3.22987771034240722656e+00) (8, 3.17845439910888671875e+00) (9, -4.60818529129028320312e-01) (0, 1.22682895660400390625e+01) (1, 3.09866428375244140625e+00) (2, -6.65185832977294921875e+00) (3, -2.99759960174560546875e+01) (4, 1.38420176506042480469e+00) (5, -1.40432810783386230469e+00) (6, 8.89541149139404296875e-01) (7, 3.76305866241455078125e+00) (8, 4.90545368194580078125e+00) (9, -5.46588182449340820312e-01) (0, 1.59782400131225585938e+01) (1, 6.76854753494262695312e+00) (2, 1.54890127182006835938e+01) (3, -9.93901044130325317383e-02) (4, 1.41475963592529296875e+00) (5, 1.13654041290283203125e+01) (6, -1.80818138122558593750e+01) (7, -2.10027146339416503906e+00) (8, -3.85817298889160156250e+01) (9, -3.66858506202697753906e+00) (10, 2.30019855499267578125e+00) (11, 1.22816526889801025391e+00) (12, 1.17595863342285156250e+00) (13, 2.29220509529113769531e+00) (14, -1.41379261016845703125e+00) 
