FANN_FLO_2.1
num_layers=3
learning_rate=0.400000
connection_rate=1.000000
network_type=0
learning_momentum=0.000000
training_algorithm=2
train_error_function=1
train_stop_function=0
cascade_output_change_fraction=0.010000
quickprop_decay=-0.000100
quickprop_mu=1.750000
rprop_increase_factor=1.200000
rprop_decrease_factor=0.500000
rprop_delta_min=0.000000
rprop_delta_max=50.000000
rprop_delta_zero=0.100000
cascade_output_stagnation_epochs=12
cascade_candidate_change_fraction=0.010000
cascade_candidate_stagnation_epochs=12
cascade_max_out_epochs=150
cascade_min_out_epochs=50
cascade_max_cand_epochs=150
cascade_min_cand_epochs=50
cascade_num_candidate_groups=2
bit_fail_limit=3.49999994039535522461e-01
cascade_candidate_limit=1.00000000000000000000e+03
cascade_weight_multiplier=4.00000005960464477539e-01
cascade_activation_functions_count=10
cascade_activation_functions=3 5 7 8 10 11 14 15 16 17 
cascade_activation_steepnesses_count=4
cascade_activation_steepnesses=2.50000000000000000000e-01 5.00000000000000000000e-01 7.50000000000000000000e-01 1.00000000000000000000e+00 
layer_sizes=19 3 3 
scale_included=0
neurons (num_inputs, activation_function, activation_steepness)=(0, 0, 0.00000000000000000000e+00) (0, 0, 0.00000000000000000000e+00) (0, 0, 0.00000000000000000000e+00) (0, 0, 0.00000000000000000000e+00) (0, 0, 0.00000000000000000000e+00) (0, 0, 0.00000000000000000000e+00) (0, 0, 0.00000000000000000000e+00) (0, 0, 0.00000000000000000000e+00) (0, 0, 0.00000000000000000000e+00) (0, 0, 0.00000000000000000000e+00) (0, 0, 0.00000000000000000000e+00) (0, 0, 0.00000000000000000000e+00) (0, 0, 0.00000000000000000000e+00) (0, 0, 0.00000000000000000000e+00) (0, 0, 0.00000000000000000000e+00) (0, 0, 0.00000000000000000000e+00) (0, 0, 0.00000000000000000000e+00) (0, 0, 0.00000000000000000000e+00) (0, 0, 0.00000000000000000000e+00) (19, 3, 5.00000000000000000000e-01) (19, 3, 5.00000000000000000000e-01) (0, 3, 0.00000000000000000000e+00) (3, 3, 5.00000000000000000000e-01) (3, 3, 5.00000000000000000000e-01) (0, 3, 0.00000000000000000000e+00) 
connections (connected_to_neuron, weight)=(0, 1.93296587467193603516e+00) (1, -1.96657633781433105469e+00) (2, 6.18009567260742187500e+00) (3, 1.05315971374511718750e+00) (4, -6.57560491561889648438e+00) (5, 5.54022359848022460938e+00) (6, -6.50359615683555603027e-02) (7, -3.77104902267456054688e+00) (8, 3.22690010070800781250e+00) (9, -1.89063876867294311523e-01) (10, 3.00485515594482421875e+00) (11, -2.03512883186340332031e+00) (12, -1.63813865184783935547e+00) (13, 1.66622626781463623047e+00) (14, -6.11054897308349609375e+00) (15, -1.46319043636322021484e+00) (16, 5.75040054321289062500e+00) (17, -6.84679222106933593750e+00) (18, -2.59461641311645507812e+00) (0, -3.30955410003662109375e+00) (1, -1.33142113685607910156e+00) (2, -1.15889196395874023438e+01) (3, -3.85014677047729492188e+00) (4, 1.60523033142089843750e+01) (5, -1.20684680938720703125e+01) (6, -1.08730781078338623047e+00) (7, 4.12985944747924804688e+00) (8, -1.59185171127319335938e+00) (9, -5.88018512725830078125e+00) (10, -7.86905348300933837891e-01) (11, 2.74533367156982421875e+00) (12, 2.95373773574829101562e+00) (13, 3.55343842506408691406e+00) (14, 1.32228088378906250000e+01) (15, 9.65359020233154296875e+00) (16, -1.93878097534179687500e+01) (17, 1.75218257904052734375e+01) (18, -1.86605863273143768311e-02) (19, -1.96013927459716796875e+00) (20, -1.35892367362976074219e+00) (21, 7.63599812984466552734e-01) (19, 1.96117150783538818359e+00) (20, 1.35853993892669677734e+00) (21, -7.62952744960784912109e-01) 
