FANN_FLO_2.1
num_layers=4
learning_rate=0.500000
connection_rate=1.000000
network_type=0
learning_momentum=0.000000
training_algorithm=2
train_error_function=1
train_stop_function=0
cascade_output_change_fraction=0.010000
quickprop_decay=-0.000100
quickprop_mu=1.750000
rprop_increase_factor=1.200000
rprop_decrease_factor=0.500000
rprop_delta_min=0.000000
rprop_delta_max=50.000000
rprop_delta_zero=0.100000
cascade_output_stagnation_epochs=12
cascade_candidate_change_fraction=0.010000
cascade_candidate_stagnation_epochs=12
cascade_max_out_epochs=150
cascade_min_out_epochs=50
cascade_max_cand_epochs=150
cascade_min_cand_epochs=50
cascade_num_candidate_groups=2
bit_fail_limit=3.49999994039535522461e-01
cascade_candidate_limit=1.00000000000000000000e+03
cascade_weight_multiplier=4.00000005960464477539e-01
cascade_activation_functions_count=10
cascade_activation_functions=3 5 7 8 10 11 14 15 16 17 
cascade_activation_steepnesses_count=4
cascade_activation_steepnesses=2.50000000000000000000e-01 5.00000000000000000000e-01 7.50000000000000000000e-01 1.00000000000000000000e+00 
layer_sizes=2 5 5 3 
scale_included=0
neurons (num_inputs, activation_function, activation_steepness)=(0, 0, 0.00000000000000000000e+00) (0, 0, 0.00000000000000000000e+00) (2, 3, 5.00000000000000000000e-01) (2, 3, 5.00000000000000000000e-01) (2, 3, 5.00000000000000000000e-01) (2, 3, 5.00000000000000000000e-01) (0, 3, 0.00000000000000000000e+00) (5, 3, 5.00000000000000000000e-01) (5, 3, 5.00000000000000000000e-01) (5, 3, 5.00000000000000000000e-01) (5, 3, 5.00000000000000000000e-01) (0, 3, 0.00000000000000000000e+00) (5, 0, 5.00000000000000000000e-01) (5, 0, 5.00000000000000000000e-01) (0, 0, 0.00000000000000000000e+00) 
connections (connected_to_neuron, weight)=(0, -1.23216104507446289062e+01) (1, 1.86264991760253906250e+00) (0, -1.21146135330200195312e+01) (1, 1.73467206954956054688e+00) (0, -8.13772964477539062500e+00) (1, 1.55502378940582275391e+00) (0, -1.60486164093017578125e+01) (1, 1.39813578128814697266e+00) (2, 6.22081851959228515625e+00) (3, 6.16229677200317382812e+00) (4, 4.53482806682586669922e-01) (5, 2.15610752105712890625e+01) (6, -6.86924397945404052734e-01) (2, -1.17463672161102294922e+00) (3, -1.90888035297393798828e+00) (4, -1.09734845161437988281e+00) (5, -3.80156207084655761719e+00) (6, 5.84432899951934814453e-01) (2, -1.90767252445220947266e+00) (3, -1.53192651271820068359e+00) (4, -1.16374130249023437500e+01) (5, 1.29928636550903320312e+01) (6, -1.22890375554561614990e-01) (2, -1.66294395923614501953e+00) (3, -1.95918905735015869141e+00) (4, -1.17921292781829833984e+00) (5, -1.64449107646942138672e+00) (6, 3.74427795410156250000e+00) (7, -2.68600285053253173828e-01) (8, -1.43139988183975219727e-01) (9, 7.59867334365844726562e+00) (10, -1.75899767875671386719e+00) (11, -1.62678673863410949707e-01) (7, 1.23535895347595214844e+00) (8, -3.56351137161254882812e+00) (9, -8.68901729583740234375e-01) (10, -1.22449886798858642578e+00) (11, 1.05357491970062255859e+00) 
