FANN_FLO_2.1
num_layers=3
learning_rate=0.400000
connection_rate=1.000000
network_type=0
learning_momentum=0.000000
training_algorithm=2
train_error_function=1
train_stop_function=0
cascade_output_change_fraction=0.010000
quickprop_decay=-0.000100
quickprop_mu=1.750000
rprop_increase_factor=1.200000
rprop_decrease_factor=0.500000
rprop_delta_min=0.000000
rprop_delta_max=50.000000
rprop_delta_zero=0.100000
cascade_output_stagnation_epochs=12
cascade_candidate_change_fraction=0.010000
cascade_candidate_stagnation_epochs=12
cascade_max_out_epochs=150
cascade_min_out_epochs=50
cascade_max_cand_epochs=150
cascade_min_cand_epochs=50
cascade_num_candidate_groups=2
bit_fail_limit=3.49999994039535522461e-01
cascade_candidate_limit=1.00000000000000000000e+03
cascade_weight_multiplier=4.00000005960464477539e-01
cascade_activation_functions_count=10
cascade_activation_functions=3 5 7 8 10 11 14 15 16 17 
cascade_activation_steepnesses_count=4
cascade_activation_steepnesses=2.50000000000000000000e-01 5.00000000000000000000e-01 7.50000000000000000000e-01 1.00000000000000000000e+00 
layer_sizes=19 3 3 
scale_included=0
neurons (num_inputs, activation_function, activation_steepness)=(0, 0, 0.00000000000000000000e+00) (0, 0, 0.00000000000000000000e+00) (0, 0, 0.00000000000000000000e+00) (0, 0, 0.00000000000000000000e+00) (0, 0, 0.00000000000000000000e+00) (0, 0, 0.00000000000000000000e+00) (0, 0, 0.00000000000000000000e+00) (0, 0, 0.00000000000000000000e+00) (0, 0, 0.00000000000000000000e+00) (0, 0, 0.00000000000000000000e+00) (0, 0, 0.00000000000000000000e+00) (0, 0, 0.00000000000000000000e+00) (0, 0, 0.00000000000000000000e+00) (0, 0, 0.00000000000000000000e+00) (0, 0, 0.00000000000000000000e+00) (0, 0, 0.00000000000000000000e+00) (0, 0, 0.00000000000000000000e+00) (0, 0, 0.00000000000000000000e+00) (0, 0, 0.00000000000000000000e+00) (19, 3, 5.00000000000000000000e-01) (19, 3, 5.00000000000000000000e-01) (0, 3, 0.00000000000000000000e+00) (3, 3, 5.00000000000000000000e-01) (3, 3, 5.00000000000000000000e-01) (0, 3, 0.00000000000000000000e+00) 
connections (connected_to_neuron, weight)=(0, -1.05787439346313476562e+01) (1, 1.79786765575408935547e+00) (2, -8.40423870086669921875e+00) (3, 1.83534793853759765625e+01) (4, -3.16280341148376464844e+00) (5, 6.54243183135986328125e+00) (6, -8.15617561340332031250e+00) (7, -1.96753005981445312500e+01) (8, 1.23834991455078125000e+01) (9, 5.69655513763427734375e+00) (10, 4.74833202362060546875e+00) (11, -4.81542921066284179688e+00) (12, 5.07438611984252929688e+00) (13, -5.63466215133666992188e+00) (14, 9.98062729835510253906e-01) (15, -8.48445034027099609375e+00) (16, 6.33566999435424804688e+00) (17, 2.65325880050659179688e+00) (18, 3.84800553321838378906e+00) (0, 3.74144411087036132812e+00) (1, -7.44067525863647460938e+00) (2, 5.36035633087158203125e+00) (3, -7.76504802703857421875e+00) (4, -5.86607408523559570312e+00) (5, 7.55955934524536132812e+00) (6, 5.53161954879760742188e+00) (7, 2.26692829132080078125e+01) (8, -1.01959288120269775391e+00) (9, 3.69727522134780883789e-01) (10, -1.57274742126464843750e+01) (11, 6.04380428791046142578e-01) (12, -5.96544361114501953125e+00) (13, 1.12971372604370117188e+01) (14, 1.47738122940063476562e+00) (15, 2.72195219993591308594e+00) (16, 4.38742303848266601562e+00) (17, -1.67261993885040283203e+00) (18, 3.63967466354370117188e+00) (19, -6.06626093387603759766e-01) (20, -1.23431730270385742188e+00) (21, 8.96801769733428955078e-01) (19, 6.06516003608703613281e-01) (20, 1.23340189456939697266e+00) (21, -8.96222174167633056641e-01) 
