FANN_FLO_2.1
num_layers=3
learning_rate=0.400000
connection_rate=1.000000
network_type=0
learning_momentum=0.000000
training_algorithm=2
train_error_function=1
train_stop_function=0
cascade_output_change_fraction=0.010000
quickprop_decay=-0.000100
quickprop_mu=1.750000
rprop_increase_factor=1.200000
rprop_decrease_factor=0.500000
rprop_delta_min=0.000000
rprop_delta_max=50.000000
rprop_delta_zero=0.100000
cascade_output_stagnation_epochs=12
cascade_candidate_change_fraction=0.010000
cascade_candidate_stagnation_epochs=12
cascade_max_out_epochs=150
cascade_min_out_epochs=50
cascade_max_cand_epochs=150
cascade_min_cand_epochs=50
cascade_num_candidate_groups=2
bit_fail_limit=3.49999994039535522461e-01
cascade_candidate_limit=1.00000000000000000000e+03
cascade_weight_multiplier=4.00000005960464477539e-01
cascade_activation_functions_count=10
cascade_activation_functions=3 5 7 8 10 11 14 15 16 17 
cascade_activation_steepnesses_count=4
cascade_activation_steepnesses=2.50000000000000000000e-01 5.00000000000000000000e-01 7.50000000000000000000e-01 1.00000000000000000000e+00 
layer_sizes=19 3 3 
scale_included=0
neurons (num_inputs, activation_function, activation_steepness)=(0, 0, 0.00000000000000000000e+00) (0, 0, 0.00000000000000000000e+00) (0, 0, 0.00000000000000000000e+00) (0, 0, 0.00000000000000000000e+00) (0, 0, 0.00000000000000000000e+00) (0, 0, 0.00000000000000000000e+00) (0, 0, 0.00000000000000000000e+00) (0, 0, 0.00000000000000000000e+00) (0, 0, 0.00000000000000000000e+00) (0, 0, 0.00000000000000000000e+00) (0, 0, 0.00000000000000000000e+00) (0, 0, 0.00000000000000000000e+00) (0, 0, 0.00000000000000000000e+00) (0, 0, 0.00000000000000000000e+00) (0, 0, 0.00000000000000000000e+00) (0, 0, 0.00000000000000000000e+00) (0, 0, 0.00000000000000000000e+00) (0, 0, 0.00000000000000000000e+00) (0, 0, 0.00000000000000000000e+00) (19, 3, 5.00000000000000000000e-01) (19, 3, 5.00000000000000000000e-01) (0, 3, 0.00000000000000000000e+00) (3, 3, 5.00000000000000000000e-01) (3, 3, 5.00000000000000000000e-01) (0, 3, 0.00000000000000000000e+00) 
connections (connected_to_neuron, weight)=(0, 8.62645339965820312500e+00) (1, 7.38380765914916992188e+00) (2, -6.88527107238769531250e+00) (3, -1.72793471813201904297e+00) (4, 7.02222764492034912109e-01) (5, 7.19860601425170898438e+00) (6, 4.18335771560668945312e+00) (7, 2.65751862525939941406e+00) (8, 3.72398376464843750000e+00) (9, 1.19433012008666992188e+01) (10, -4.55624437332153320312e+00) (11, -1.46502780914306640625e+00) (12, -1.30255088806152343750e+01) (13, 2.09368181228637695312e+00) (14, 6.94770526885986328125e+00) (15, 8.57551002502441406250e+00) (16, 1.65268480777740478516e+00) (17, -1.21550054550170898438e+01) (18, -3.04872465133666992188e+00) (0, -1.18975639343261718750e+01) (1, -1.31685190200805664062e+01) (2, 2.28219175338745117188e+00) (3, 2.35674238204956054688e+00) (4, 2.49988079071044921875e+01) (5, 4.39889574050903320312e+00) (6, -1.15719261169433593750e+01) (7, -1.14705553054809570312e+01) (8, 5.79985713958740234375e+00) (9, 6.68884873390197753906e-01) (10, 5.86635684967041015625e+00) (11, 8.02142739295959472656e-01) (12, -2.88781851530075073242e-01) (13, 6.03598415851593017578e-01) (14, 8.89796137809753417969e-01) (15, 9.15516090393066406250e+00) (16, -7.49241209030151367188e+00) (17, 1.41335859298706054688e+01) (18, -4.67737764120101928711e-02) (19, -8.89703571796417236328e-01) (20, -5.97185313701629638672e-01) (21, 6.93506538867950439453e-01) (19, 8.90468418598175048828e-01) (20, 5.97660839557647705078e-01) (21, -6.94091558456420898438e-01) 
