FANN_FLO_2.1
num_layers=3
learning_rate=0.500000
connection_rate=1.000000
network_type=0
learning_momentum=0.000000
training_algorithm=2
train_error_function=1
train_stop_function=0
cascade_output_change_fraction=0.010000
quickprop_decay=-0.000100
quickprop_mu=1.750000
rprop_increase_factor=1.200000
rprop_decrease_factor=0.500000
rprop_delta_min=0.000000
rprop_delta_max=50.000000
rprop_delta_zero=0.100000
cascade_output_stagnation_epochs=12
cascade_candidate_change_fraction=0.010000
cascade_candidate_stagnation_epochs=12
cascade_max_out_epochs=150
cascade_min_out_epochs=50
cascade_max_cand_epochs=150
cascade_min_cand_epochs=50
cascade_num_candidate_groups=2
bit_fail_limit=3.49999994039535522461e-01
cascade_candidate_limit=1.00000000000000000000e+03
cascade_weight_multiplier=4.00000005960464477539e-01
cascade_activation_functions_count=10
cascade_activation_functions=3 5 7 8 10 11 14 15 16 17 
cascade_activation_steepnesses_count=4
cascade_activation_steepnesses=2.50000000000000000000e-01 5.00000000000000000000e-01 7.50000000000000000000e-01 1.00000000000000000000e+00 
layer_sizes=10 5 2 
scale_included=0
neurons (num_inputs, activation_function, activation_steepness)=(0, 0, 0.00000000000000000000e+00) (0, 0, 0.00000000000000000000e+00) (0, 0, 0.00000000000000000000e+00) (0, 0, 0.00000000000000000000e+00) (0, 0, 0.00000000000000000000e+00) (0, 0, 0.00000000000000000000e+00) (0, 0, 0.00000000000000000000e+00) (0, 0, 0.00000000000000000000e+00) (0, 0, 0.00000000000000000000e+00) (0, 0, 0.00000000000000000000e+00) (10, 3, 5.00000000000000000000e-01) (10, 3, 5.00000000000000000000e-01) (10, 3, 5.00000000000000000000e-01) (10, 3, 5.00000000000000000000e-01) (0, 3, 0.00000000000000000000e+00) (5, 3, 5.00000000000000000000e-01) (0, 3, 0.00000000000000000000e+00) 
connections (connected_to_neuron, weight)=(0, -1.08073043823242187500e+00) (1, -1.50000000000000000000e+03) (2, -1.49803454589843750000e+03) (3, -3.18731963634490966797e-01) (4, -3.07161688804626464844e+00) (5, 9.94729995727539062500e-01) (6, 1.53439724445343017578e+00) (7, 1.10108032822608947754e-01) (8, 2.44509601593017578125e+00) (9, 4.77267622947692871094e-01) (0, -1.44260358810424804688e+00) (1, 5.75005650520324707031e-01) (2, -1.44206476211547851562e+00) (3, 4.69492006301879882812e+00) (4, 1.26975023746490478516e+00) (5, -3.69837671518325805664e-01) (6, -1.31686973571777343750e+00) (7, -2.74164676666259765625e+00) (8, 3.15028160810470581055e-01) (9, 6.28827869892120361328e-01) (0, -2.61365354061126708984e-01) (1, -4.84653759002685546875e+00) (2, -1.49803454589843750000e+03) (3, -7.54499062895774841309e-02) (4, 1.78108558058738708496e-01) (5, -1.46243536472320556641e+00) (6, 6.07859086990356445312e+00) (7, 1.82103562355041503906e+00) (8, -4.20011711120605468750e+00) (9, 7.71771192550659179688e-01) (0, 2.30900382995605468750e+00) (1, 2.22133517265319824219e+00) (2, -9.60580468177795410156e-01) (3, 2.89888918399810791016e-01) (4, -1.96751677989959716797e+00) (5, 2.31688928604125976562e+00) (6, 6.12800657749176025391e-01) (7, -1.41511526107788085938e+01) (8, -3.40011429786682128906e+00) (9, 7.13606643676757812500e+00) (10, 3.62985372543334960938e+00) (11, -8.69071781635284423828e-01) (12, 1.87483048439025878906e+00) (13, 4.90897130966186523438e+00) (14, -3.44671535491943359375e+00) 
