FANN_FLO_2.1
num_layers=4
learning_rate=0.500000
connection_rate=1.000000
network_type=0
learning_momentum=0.000000
training_algorithm=2
train_error_function=1
train_stop_function=0
cascade_output_change_fraction=0.010000
quickprop_decay=-0.000100
quickprop_mu=1.750000
rprop_increase_factor=1.200000
rprop_decrease_factor=0.500000
rprop_delta_min=0.000000
rprop_delta_max=50.000000
rprop_delta_zero=0.100000
cascade_output_stagnation_epochs=12
cascade_candidate_change_fraction=0.010000
cascade_candidate_stagnation_epochs=12
cascade_max_out_epochs=150
cascade_min_out_epochs=50
cascade_max_cand_epochs=150
cascade_min_cand_epochs=50
cascade_num_candidate_groups=2
bit_fail_limit=3.49999994039535522461e-01
cascade_candidate_limit=1.00000000000000000000e+03
cascade_weight_multiplier=4.00000005960464477539e-01
cascade_activation_functions_count=10
cascade_activation_functions=3 5 7 8 10 11 14 15 16 17 
cascade_activation_steepnesses_count=4
cascade_activation_steepnesses=2.50000000000000000000e-01 5.00000000000000000000e-01 7.50000000000000000000e-01 1.00000000000000000000e+00 
layer_sizes=2 5 5 3 
scale_included=0
neurons (num_inputs, activation_function, activation_steepness)=(0, 0, 0.00000000000000000000e+00) (0, 0, 0.00000000000000000000e+00) (2, 3, 5.00000000000000000000e-01) (2, 3, 5.00000000000000000000e-01) (2, 3, 5.00000000000000000000e-01) (2, 3, 5.00000000000000000000e-01) (0, 3, 0.00000000000000000000e+00) (5, 3, 5.00000000000000000000e-01) (5, 3, 5.00000000000000000000e-01) (5, 3, 5.00000000000000000000e-01) (5, 3, 5.00000000000000000000e-01) (0, 3, 0.00000000000000000000e+00) (5, 0, 5.00000000000000000000e-01) (5, 0, 5.00000000000000000000e-01) (0, 0, 0.00000000000000000000e+00) 
connections (connected_to_neuron, weight)=(0, 2.30959854125976562500e+01) (1, -1.31733453273773193359e+00) (0, 6.92778587341308593750e+00) (1, -1.08280110359191894531e+00) (0, 1.03337535858154296875e+01) (1, -1.37690198421478271484e+00) (0, -2.91200518608093261719e+00) (1, 2.30843290686607360840e-01) (2, 2.06506371498107910156e+00) (3, 3.10337090492248535156e+00) (4, 2.75261425971984863281e+00) (5, -1.48392190933227539062e+01) (6, -2.16833710670471191406e-01) (2, -1.23442506790161132812e+00) (3, -2.17050361633300781250e+00) (4, -1.26813220977783203125e+00) (5, 1.35653982162475585938e+01) (6, 8.99229884147644042969e-01) (2, -1.05316317081451416016e+00) (3, -1.71062514185905456543e-01) (4, -4.98265087604522705078e-01) (5, 4.78715121746063232422e-01) (6, 1.93838223814964294434e-01) (2, 1.48432040214538574219e+00) (3, 9.48629200458526611328e-01) (4, 2.43538236618041992188e+00) (5, -3.73744368553161621094e+00) (6, -1.40030980110168457031e+00) (7, -7.46234059333801269531e-01) (8, -4.41915607452392578125e+00) (9, 7.07205343246459960938e+00) (10, 1.40419468283653259277e-01) (11, 6.93684935569763183594e-01) (7, -1.68133282661437988281e+00) (8, 2.60037112236022949219e+00) (9, 7.41869032382965087891e-01) (10, -9.19350266456604003906e-01) (11, -9.01984214782714843750e-01) 
