FANN_FLO_2.1
num_layers=4
learning_rate=0.400000
connection_rate=1.000000
network_type=0
learning_momentum=0.000000
training_algorithm=2
train_error_function=1
train_stop_function=0
cascade_output_change_fraction=0.010000
quickprop_decay=-0.000100
quickprop_mu=1.750000
rprop_increase_factor=1.200000
rprop_decrease_factor=0.500000
rprop_delta_min=0.000000
rprop_delta_max=50.000000
rprop_delta_zero=0.100000
cascade_output_stagnation_epochs=12
cascade_candidate_change_fraction=0.010000
cascade_candidate_stagnation_epochs=12
cascade_max_out_epochs=150
cascade_min_out_epochs=50
cascade_max_cand_epochs=150
cascade_min_cand_epochs=50
cascade_num_candidate_groups=2
bit_fail_limit=3.49999994039535522461e-01
cascade_candidate_limit=1.00000000000000000000e+03
cascade_weight_multiplier=4.00000005960464477539e-01
cascade_activation_functions_count=10
cascade_activation_functions=3 5 7 8 10 11 14 15 16 17 
cascade_activation_steepnesses_count=4
cascade_activation_steepnesses=2.50000000000000000000e-01 5.00000000000000000000e-01 7.50000000000000000000e-01 1.00000000000000000000e+00 
layer_sizes=7 3 3 2 
scale_included=0
neurons (num_inputs, activation_function, activation_steepness)=(0, 0, 0.00000000000000000000e+00) (0, 0, 0.00000000000000000000e+00) (0, 0, 0.00000000000000000000e+00) (0, 0, 0.00000000000000000000e+00) (0, 0, 0.00000000000000000000e+00) (0, 0, 0.00000000000000000000e+00) (0, 0, 0.00000000000000000000e+00) (7, 3, 5.00000000000000000000e-01) (7, 3, 5.00000000000000000000e-01) (0, 3, 0.00000000000000000000e+00) (3, 3, 5.00000000000000000000e-01) (3, 3, 5.00000000000000000000e-01) (0, 3, 0.00000000000000000000e+00) (3, 3, 5.00000000000000000000e-01) (0, 3, 0.00000000000000000000e+00) 
connections (connected_to_neuron, weight)=(0, -7.22347307205200195312e+00) (1, 2.68530964851379394531e+00) (2, 6.31385135650634765625e+00) (3, -7.84359025955200195312e+00) (4, -2.08854031562805175781e+00) (5, 3.77601534128189086914e-01) (6, 5.56774330139160156250e+00) (0, -4.69688564538955688477e-01) (1, -2.07374191284179687500e+01) (2, 2.49374786376953125000e+02) (3, -5.84167671203613281250e+01) (4, 6.55427646636962890625e+00) (5, -1.41391305923461914062e+01) (6, 4.32257080078125000000e+00) (7, 5.85959434509277343750e+01) (8, -1.44665746688842773438e+01) (9, -2.71159005165100097656e+00) (7, 4.03051328659057617188e+00) (8, -3.04991841316223144531e+00) (9, -1.70411860942840576172e+00) (10, -1.13499879837036132812e+00) (11, -1.84402203559875488281e+00) (12, -1.04857850074768066406e+00) 
