FANN_FLO_2.1
num_layers=4
learning_rate=0.500000
connection_rate=1.000000
network_type=0
learning_momentum=0.000000
training_algorithm=2
train_error_function=1
train_stop_function=0
cascade_output_change_fraction=0.010000
quickprop_decay=-0.000100
quickprop_mu=1.750000
rprop_increase_factor=1.200000
rprop_decrease_factor=0.500000
rprop_delta_min=0.000000
rprop_delta_max=50.000000
rprop_delta_zero=0.100000
cascade_output_stagnation_epochs=12
cascade_candidate_change_fraction=0.010000
cascade_candidate_stagnation_epochs=12
cascade_max_out_epochs=150
cascade_min_out_epochs=50
cascade_max_cand_epochs=150
cascade_min_cand_epochs=50
cascade_num_candidate_groups=2
bit_fail_limit=3.49999994039535522461e-01
cascade_candidate_limit=1.00000000000000000000e+03
cascade_weight_multiplier=4.00000005960464477539e-01
cascade_activation_functions_count=10
cascade_activation_functions=3 5 7 8 10 11 14 15 16 17 
cascade_activation_steepnesses_count=4
cascade_activation_steepnesses=2.50000000000000000000e-01 5.00000000000000000000e-01 7.50000000000000000000e-01 1.00000000000000000000e+00 
layer_sizes=2 5 3 3 
scale_included=0
neurons (num_inputs, activation_function, activation_steepness)=(0, 0, 0.00000000000000000000e+00) (0, 0, 0.00000000000000000000e+00) (2, 3, 5.00000000000000000000e-01) (2, 3, 5.00000000000000000000e-01) (2, 3, 5.00000000000000000000e-01) (2, 3, 5.00000000000000000000e-01) (0, 3, 0.00000000000000000000e+00) (5, 3, 5.00000000000000000000e-01) (5, 3, 5.00000000000000000000e-01) (0, 3, 0.00000000000000000000e+00) (3, 0, 5.00000000000000000000e-01) (3, 0, 5.00000000000000000000e-01) (0, 0, 0.00000000000000000000e+00) 
connections (connected_to_neuron, weight)=(0, -7.35383653640747070312e+00) (1, 2.73903679847717285156e+00) (0, -1.50000000000000000000e+03) (1, 1.24971590042114257812e+01) (0, -8.88171768188476562500e+00) (1, -1.63852822780609130859e+00) (0, 5.73956832885742187500e+01) (1, 1.63007110357284545898e-01) (2, 8.80165767669677734375e+00) (3, -1.72159404754638671875e+01) (4, 8.93300476074218750000e+01) (5, -1.63332200050354003906e+00) (6, -3.50517773628234863281e+00) (2, 8.78695392608642578125e+00) (3, -1.21859157085418701172e+00) (4, 6.66197109222412109375e+00) (5, -3.87328600883483886719e+00) (6, -3.54079103469848632812e+00) (7, -2.57849097251892089844e+00) (8, 2.39392590522766113281e+00) (9, -2.37963318824768066406e-01) (7, 1.36071026325225830078e+00) (8, 3.41038107872009277344e+00) (9, -2.18391966819763183594e+00) 
