FANN_FLO_2.1
num_layers=3
learning_rate=0.400000
connection_rate=1.000000
network_type=0
learning_momentum=0.000000
training_algorithm=2
train_error_function=1
train_stop_function=0
cascade_output_change_fraction=0.010000
quickprop_decay=-0.000100
quickprop_mu=1.750000
rprop_increase_factor=1.200000
rprop_decrease_factor=0.500000
rprop_delta_min=0.000000
rprop_delta_max=50.000000
rprop_delta_zero=0.100000
cascade_output_stagnation_epochs=12
cascade_candidate_change_fraction=0.010000
cascade_candidate_stagnation_epochs=12
cascade_max_out_epochs=150
cascade_min_out_epochs=50
cascade_max_cand_epochs=150
cascade_min_cand_epochs=50
cascade_num_candidate_groups=2
bit_fail_limit=3.49999994039535522461e-01
cascade_candidate_limit=1.00000000000000000000e+03
cascade_weight_multiplier=4.00000005960464477539e-01
cascade_activation_functions_count=10
cascade_activation_functions=3 5 7 8 10 11 14 15 16 17 
cascade_activation_steepnesses_count=4
cascade_activation_steepnesses=2.50000000000000000000e-01 5.00000000000000000000e-01 7.50000000000000000000e-01 1.00000000000000000000e+00 
layer_sizes=19 3 3 
scale_included=0
neurons (num_inputs, activation_function, activation_steepness)=(0, 0, 0.00000000000000000000e+00) (0, 0, 0.00000000000000000000e+00) (0, 0, 0.00000000000000000000e+00) (0, 0, 0.00000000000000000000e+00) (0, 0, 0.00000000000000000000e+00) (0, 0, 0.00000000000000000000e+00) (0, 0, 0.00000000000000000000e+00) (0, 0, 0.00000000000000000000e+00) (0, 0, 0.00000000000000000000e+00) (0, 0, 0.00000000000000000000e+00) (0, 0, 0.00000000000000000000e+00) (0, 0, 0.00000000000000000000e+00) (0, 0, 0.00000000000000000000e+00) (0, 0, 0.00000000000000000000e+00) (0, 0, 0.00000000000000000000e+00) (0, 0, 0.00000000000000000000e+00) (0, 0, 0.00000000000000000000e+00) (0, 0, 0.00000000000000000000e+00) (0, 0, 0.00000000000000000000e+00) (19, 3, 5.00000000000000000000e-01) (19, 3, 5.00000000000000000000e-01) (0, 3, 0.00000000000000000000e+00) (3, 3, 5.00000000000000000000e-01) (3, 3, 5.00000000000000000000e-01) (0, 3, 0.00000000000000000000e+00) 
connections (connected_to_neuron, weight)=(0, -1.57300338149070739746e-01) (1, 1.07584104537963867188e+01) (2, 7.97696733474731445312e+00) (3, 2.74274253845214843750e+00) (4, 7.91086483001708984375e+00) (5, 3.35222673416137695312e+00) (6, 2.19395661354064941406e+00) (7, 8.82877063751220703125e+00) (8, 4.64720010757446289062e+00) (9, -1.65998518466949462891e+00) (10, -6.17898750305175781250e+00) (11, -2.66953015327453613281e+00) (12, -1.54446452856063842773e-01) (13, -1.36281318664550781250e+01) (14, -2.49087595939636230469e+00) (15, -1.72894978523254394531e+00) (16, -8.30121898651123046875e+00) (17, -4.74568009376525878906e-01) (18, -1.20172433853149414062e+01) (0, 4.69154208898544311523e-01) (1, -1.25335893630981445312e+01) (2, -2.48856163024902343750e+00) (3, 3.09229707717895507812e+00) (4, -5.55023241043090820312e+00) (5, -4.42469024658203125000e+00) (6, -3.43615323305130004883e-01) (7, -7.41689205169677734375e+00) (8, -9.02286350727081298828e-01) (9, -3.99378585815429687500e+00) (10, 6.17230319976806640625e+00) (11, 3.33469796180725097656e+00) (12, -1.90280604362487792969e+00) (13, 8.01637077331542968750e+00) (14, 5.48538160324096679688e+00) (15, 3.33028221130371093750e+00) (16, 5.43062019348144531250e+00) (17, 6.66529512405395507812e+00) (18, -6.20355463027954101562e+00) (19, -1.17907154560089111328e+00) (20, -1.06968808174133300781e+00) (21, -4.25038449466228485107e-02) (19, 1.17839241027832031250e+00) (20, 1.06934368610382080078e+00) (21, 4.24315743148326873779e-02) 
