FANN_FLO_2.1
num_layers=4
learning_rate=0.400000
connection_rate=1.000000
network_type=0
learning_momentum=0.000000
training_algorithm=2
train_error_function=1
train_stop_function=0
cascade_output_change_fraction=0.010000
quickprop_decay=-0.000100
quickprop_mu=1.750000
rprop_increase_factor=1.200000
rprop_decrease_factor=0.500000
rprop_delta_min=0.000000
rprop_delta_max=50.000000
rprop_delta_zero=0.100000
cascade_output_stagnation_epochs=12
cascade_candidate_change_fraction=0.010000
cascade_candidate_stagnation_epochs=12
cascade_max_out_epochs=150
cascade_min_out_epochs=50
cascade_max_cand_epochs=150
cascade_min_cand_epochs=50
cascade_num_candidate_groups=2
bit_fail_limit=3.49999994039535522461e-01
cascade_candidate_limit=1.00000000000000000000e+03
cascade_weight_multiplier=4.00000005960464477539e-01
cascade_activation_functions_count=10
cascade_activation_functions=3 5 7 8 10 11 14 15 16 17 
cascade_activation_steepnesses_count=4
cascade_activation_steepnesses=2.50000000000000000000e-01 5.00000000000000000000e-01 7.50000000000000000000e-01 1.00000000000000000000e+00 
layer_sizes=7 3 3 2 
scale_included=0
neurons (num_inputs, activation_function, activation_steepness)=(0, 0, 0.00000000000000000000e+00) (0, 0, 0.00000000000000000000e+00) (0, 0, 0.00000000000000000000e+00) (0, 0, 0.00000000000000000000e+00) (0, 0, 0.00000000000000000000e+00) (0, 0, 0.00000000000000000000e+00) (0, 0, 0.00000000000000000000e+00) (7, 3, 5.00000000000000000000e-01) (7, 3, 5.00000000000000000000e-01) (0, 3, 0.00000000000000000000e+00) (3, 3, 5.00000000000000000000e-01) (3, 3, 5.00000000000000000000e-01) (0, 3, 0.00000000000000000000e+00) (3, 3, 5.00000000000000000000e-01) (0, 3, 0.00000000000000000000e+00) 
connections (connected_to_neuron, weight)=(0, -6.67196846008300781250e+00) (1, 4.86636018753051757812e+00) (2, 9.31491494178771972656e-01) (3, -2.24406313896179199219e+00) (4, -1.17259156703948974609e+00) (5, -6.02500796318054199219e-01) (6, 2.64633202552795410156e+00) (0, -7.01390624046325683594e-01) (1, 2.99215259552001953125e+01) (2, -2.45440025329589843750e+01) (3, -1.80662277221679687500e+02) (4, 1.07127881050109863281e+00) (5, 9.26145324707031250000e+01) (6, -6.65419340133666992188e+00) (7, 6.45496797561645507812e+00) (8, 1.13071537017822265625e+00) (9, -1.68737781047821044922e+00) (7, 1.05310287475585937500e+01) (8, 4.76007223129272460938e+00) (9, -5.69329738616943359375e+00) (10, -1.09460735321044921875e+00) (11, -1.40574228763580322266e+00) (12, -9.20697152614593505859e-01) 
