FANN_FLO_2.1
num_layers=4
learning_rate=0.400000
connection_rate=1.000000
network_type=0
learning_momentum=0.000000
training_algorithm=2
train_error_function=1
train_stop_function=0
cascade_output_change_fraction=0.010000
quickprop_decay=-0.000100
quickprop_mu=1.750000
rprop_increase_factor=1.200000
rprop_decrease_factor=0.500000
rprop_delta_min=0.000000
rprop_delta_max=50.000000
rprop_delta_zero=0.100000
cascade_output_stagnation_epochs=12
cascade_candidate_change_fraction=0.010000
cascade_candidate_stagnation_epochs=12
cascade_max_out_epochs=150
cascade_min_out_epochs=50
cascade_max_cand_epochs=150
cascade_min_cand_epochs=50
cascade_num_candidate_groups=2
bit_fail_limit=3.49999994039535522461e-01
cascade_candidate_limit=1.00000000000000000000e+03
cascade_weight_multiplier=4.00000005960464477539e-01
cascade_activation_functions_count=10
cascade_activation_functions=3 5 7 8 10 11 14 15 16 17 
cascade_activation_steepnesses_count=4
cascade_activation_steepnesses=2.50000000000000000000e-01 5.00000000000000000000e-01 7.50000000000000000000e-01 1.00000000000000000000e+00 
layer_sizes=7 5 5 2 
scale_included=0
neurons (num_inputs, activation_function, activation_steepness)=(0, 0, 0.00000000000000000000e+00) (0, 0, 0.00000000000000000000e+00) (0, 0, 0.00000000000000000000e+00) (0, 0, 0.00000000000000000000e+00) (0, 0, 0.00000000000000000000e+00) (0, 0, 0.00000000000000000000e+00) (0, 0, 0.00000000000000000000e+00) (7, 3, 5.00000000000000000000e-01) (7, 3, 5.00000000000000000000e-01) (7, 3, 5.00000000000000000000e-01) (7, 3, 5.00000000000000000000e-01) (0, 3, 0.00000000000000000000e+00) (5, 3, 5.00000000000000000000e-01) (5, 3, 5.00000000000000000000e-01) (5, 3, 5.00000000000000000000e-01) (5, 3, 5.00000000000000000000e-01) (0, 3, 0.00000000000000000000e+00) (5, 3, 5.00000000000000000000e-01) (0, 3, 0.00000000000000000000e+00) 
connections (connected_to_neuron, weight)=(0, -4.42536830902099609375e+00) (1, 2.20105624198913574219e+00) (2, 4.33004677295684814453e-01) (3, 5.32459688186645507812e+00) (4, -3.68874979019165039062e+00) (5, -4.11258649826049804688e+00) (6, -1.49617695808410644531e+00) (0, 4.34243869781494140625e+00) (1, -7.71702241897583007812e+00) (2, 1.01668071746826171875e+00) (3, -6.16762590408325195312e+00) (4, -1.79948365688323974609e+00) (5, 5.32571220397949218750e+00) (6, 1.48764550685882568359e+00) (0, -1.22953617572784423828e+00) (1, -8.39876831054687500000e+02) (2, -1.41925561523437500000e+03) (3, -1.14738208007812500000e+03) (4, -5.89015054702758789062e+00) (5, 1.41553820800781250000e+03) (6, 5.14242744445800781250e+00) (0, -8.14658451080322265625e+00) (1, 6.45610046386718750000e+00) (2, -1.51963388919830322266e+00) (3, -4.19470167160034179688e+00) (4, -7.78646230697631835938e-01) (5, -7.51170410156250000000e+02) (6, 6.59537136554718017578e-01) (7, 5.00404882431030273438e+00) (8, 5.08605384826660156250e+00) (9, -1.62625026702880859375e+00) (10, 4.63943004608154296875e+00) (11, -1.83038187026977539062e+00) (7, -5.55303287506103515625e+00) (8, -1.22624921798706054688e+01) (9, 2.66807308197021484375e+01) (10, 2.59395904541015625000e+01) (11, -2.08164358139038085938e+00) (7, -2.67643718719482421875e+01) (8, 5.27765130996704101562e+00) (9, -2.43387079238891601562e+00) (10, -7.16747760772705078125e+00) (11, -2.13412165641784667969e+00) (7, 3.40793514251708984375e+00) (8, -6.17006206512451171875e+00) (9, -2.51768803596496582031e+00) (10, 1.08021755218505859375e+01) (11, -1.42864215373992919922e+00) (12, -1.52356421947479248047e+00) (13, -1.08438014984130859375e+00) (14, -1.43665361404418945312e+00) (15, -3.65230011940002441406e+00) (16, -2.37616792321205139160e-01) 
