FANN_FLO_2.1
num_layers=4
learning_rate=0.400000
connection_rate=1.000000
network_type=0
learning_momentum=0.000000
training_algorithm=2
train_error_function=1
train_stop_function=0
cascade_output_change_fraction=0.010000
quickprop_decay=-0.000100
quickprop_mu=1.750000
rprop_increase_factor=1.200000
rprop_decrease_factor=0.500000
rprop_delta_min=0.000000
rprop_delta_max=50.000000
rprop_delta_zero=0.100000
cascade_output_stagnation_epochs=12
cascade_candidate_change_fraction=0.010000
cascade_candidate_stagnation_epochs=12
cascade_max_out_epochs=150
cascade_min_out_epochs=50
cascade_max_cand_epochs=150
cascade_min_cand_epochs=50
cascade_num_candidate_groups=2
bit_fail_limit=3.49999994039535522461e-01
cascade_candidate_limit=1.00000000000000000000e+03
cascade_weight_multiplier=4.00000005960464477539e-01
cascade_activation_functions_count=10
cascade_activation_functions=3 5 7 8 10 11 14 15 16 17 
cascade_activation_steepnesses_count=4
cascade_activation_steepnesses=2.50000000000000000000e-01 5.00000000000000000000e-01 7.50000000000000000000e-01 1.00000000000000000000e+00 
layer_sizes=7 3 3 2 
scale_included=0
neurons (num_inputs, activation_function, activation_steepness)=(0, 0, 0.00000000000000000000e+00) (0, 0, 0.00000000000000000000e+00) (0, 0, 0.00000000000000000000e+00) (0, 0, 0.00000000000000000000e+00) (0, 0, 0.00000000000000000000e+00) (0, 0, 0.00000000000000000000e+00) (0, 0, 0.00000000000000000000e+00) (7, 3, 5.00000000000000000000e-01) (7, 3, 5.00000000000000000000e-01) (0, 3, 0.00000000000000000000e+00) (3, 3, 5.00000000000000000000e-01) (3, 3, 5.00000000000000000000e-01) (0, 3, 0.00000000000000000000e+00) (3, 3, 5.00000000000000000000e-01) (0, 3, 0.00000000000000000000e+00) 
connections (connected_to_neuron, weight)=(0, -5.21213388442993164062e+00) (1, 8.27155470848083496094e-01) (2, 4.77903842926025390625e+00) (3, -1.31802682876586914062e+01) (4, -1.53166723251342773438e+00) (5, 3.27014374732971191406e+00) (6, 5.06259584426879882812e+00) (0, -3.48984122276306152344e+00) (1, 9.27716064453125000000e+02) (2, -1.44283874511718750000e+03) (3, 1.06369201660156250000e+03) (4, -1.31033874511718750000e+03) (5, -3.82665557861328125000e+02) (6, 3.79899253845214843750e+01) (7, 1.50000000000000000000e+03) (8, 1.37260532379150390625e+01) (9, -2.31796569824218750000e+01) (7, 1.50000000000000000000e+03) (8, 1.10996713638305664062e+01) (9, -1.14703350067138671875e+01) (10, -1.13095366954803466797e+00) (11, -5.95138430595397949219e-01) (12, -1.26131296157836914062e+00) 
