FANN_FLO_2.1
num_layers=4
learning_rate=0.500000
connection_rate=1.000000
network_type=0
learning_momentum=0.000000
training_algorithm=2
train_error_function=1
train_stop_function=0
cascade_output_change_fraction=0.010000
quickprop_decay=-0.000100
quickprop_mu=1.750000
rprop_increase_factor=1.200000
rprop_decrease_factor=0.500000
rprop_delta_min=0.000000
rprop_delta_max=50.000000
rprop_delta_zero=0.100000
cascade_output_stagnation_epochs=12
cascade_candidate_change_fraction=0.010000
cascade_candidate_stagnation_epochs=12
cascade_max_out_epochs=150
cascade_min_out_epochs=50
cascade_max_cand_epochs=150
cascade_min_cand_epochs=50
cascade_num_candidate_groups=2
bit_fail_limit=3.49999994039535522461e-01
cascade_candidate_limit=1.00000000000000000000e+03
cascade_weight_multiplier=4.00000005960464477539e-01
cascade_activation_functions_count=10
cascade_activation_functions=3 5 7 8 10 11 14 15 16 17 
cascade_activation_steepnesses_count=4
cascade_activation_steepnesses=2.50000000000000000000e-01 5.00000000000000000000e-01 7.50000000000000000000e-01 1.00000000000000000000e+00 
layer_sizes=2 5 5 3 
scale_included=0
neurons (num_inputs, activation_function, activation_steepness)=(0, 0, 0.00000000000000000000e+00) (0, 0, 0.00000000000000000000e+00) (2, 3, 5.00000000000000000000e-01) (2, 3, 5.00000000000000000000e-01) (2, 3, 5.00000000000000000000e-01) (2, 3, 5.00000000000000000000e-01) (0, 3, 0.00000000000000000000e+00) (5, 3, 5.00000000000000000000e-01) (5, 3, 5.00000000000000000000e-01) (5, 3, 5.00000000000000000000e-01) (5, 3, 5.00000000000000000000e-01) (0, 3, 0.00000000000000000000e+00) (5, 0, 5.00000000000000000000e-01) (5, 0, 5.00000000000000000000e-01) (0, 0, 0.00000000000000000000e+00) 
connections (connected_to_neuron, weight)=(0, -6.03654098510742187500e+01) (1, 2.34970641136169433594e+00) (0, -2.90000438690185546875e+00) (1, 2.13972508907318115234e-01) (0, 5.45070190429687500000e+01) (1, 2.41857457160949707031e+00) (0, 3.09726810455322265625e+01) (1, -8.70456409454345703125e+00) (2, -1.50000000000000000000e+03) (3, -1.10503515625000000000e+03) (4, 1.45768210291862487793e-01) (5, 1.50000000000000000000e+03) (6, -8.29105257987976074219e-01) (2, 8.63154602050781250000e+02) (3, -1.36525170898437500000e+03) (4, -1.47137718200683593750e+01) (5, 4.63945159912109375000e+02) (6, -2.32365989685058593750e+01) (2, -9.18232177734375000000e+02) (3, 1.49958166503906250000e+03) (4, 9.00439167022705078125e+00) (5, -3.50363464355468750000e+02) (6, 4.15817201137542724609e-01) (2, 1.50000000000000000000e+03) (3, 4.29644012451171875000e+00) (4, -4.24180477857589721680e-01) (5, -1.50000000000000000000e+03) (6, 2.22135615348815917969e+00) (7, 9.57916826009750366211e-02) (8, 1.10753357410430908203e+00) (9, -1.40789771080017089844e+00) (10, 1.18722915649414062500e+00) (11, -5.11007010936737060547e-01) (7, -1.40854167938232421875e+00) (8, -1.05648434162139892578e+00) (9, 4.38273232430219650269e-03) (10, 1.31545364856719970703e+00) (11, 5.99969148635864257812e-01) 
