FANN_FLO_2.1
num_layers=3
learning_rate=0.500000
connection_rate=1.000000
network_type=0
learning_momentum=0.000000
training_algorithm=2
train_error_function=1
train_stop_function=0
cascade_output_change_fraction=0.010000
quickprop_decay=-0.000100
quickprop_mu=1.750000
rprop_increase_factor=1.200000
rprop_decrease_factor=0.500000
rprop_delta_min=0.000000
rprop_delta_max=50.000000
rprop_delta_zero=0.100000
cascade_output_stagnation_epochs=12
cascade_candidate_change_fraction=0.010000
cascade_candidate_stagnation_epochs=12
cascade_max_out_epochs=150
cascade_min_out_epochs=50
cascade_max_cand_epochs=150
cascade_min_cand_epochs=50
cascade_num_candidate_groups=2
bit_fail_limit=3.49999994039535522461e-01
cascade_candidate_limit=1.00000000000000000000e+03
cascade_weight_multiplier=4.00000005960464477539e-01
cascade_activation_functions_count=10
cascade_activation_functions=3 5 7 8 10 11 14 15 16 17 
cascade_activation_steepnesses_count=4
cascade_activation_steepnesses=2.50000000000000000000e-01 5.00000000000000000000e-01 7.50000000000000000000e-01 1.00000000000000000000e+00 
layer_sizes=10 5 2 
scale_included=0
neurons (num_inputs, activation_function, activation_steepness)=(0, 0, 0.00000000000000000000e+00) (0, 0, 0.00000000000000000000e+00) (0, 0, 0.00000000000000000000e+00) (0, 0, 0.00000000000000000000e+00) (0, 0, 0.00000000000000000000e+00) (0, 0, 0.00000000000000000000e+00) (0, 0, 0.00000000000000000000e+00) (0, 0, 0.00000000000000000000e+00) (0, 0, 0.00000000000000000000e+00) (0, 0, 0.00000000000000000000e+00) (10, 3, 5.00000000000000000000e-01) (10, 3, 5.00000000000000000000e-01) (10, 3, 5.00000000000000000000e-01) (10, 3, 5.00000000000000000000e-01) (0, 3, 0.00000000000000000000e+00) (5, 3, 5.00000000000000000000e-01) (0, 3, 0.00000000000000000000e+00) 
connections (connected_to_neuron, weight)=(0, -8.30117404460906982422e-01) (1, 1.12629346549510955811e-02) (2, -9.88318443298339843750e-01) (3, 1.75245594978332519531e+00) (4, -4.95376014709472656250e+00) (5, 9.95992600917816162109e-01) (6, -1.77378416061401367188e+00) (7, -1.46099662780761718750e+00) (8, -3.51681232452392578125e+00) (9, 2.34961533546447753906e+00) (0, 5.54989576339721679688e+00) (1, -3.23272012174129486084e-02) (2, 2.33896636962890625000e+01) (3, -8.46611797809600830078e-01) (4, -8.03323650360107421875e+00) (5, 3.19920387268066406250e+01) (6, -2.75952029228210449219e+00) (7, 4.43138509988784790039e-01) (8, -2.14004745483398437500e+01) (9, 2.47816428542137145996e-01) (0, -3.65578079223632812500e+00) (1, 2.39001065492630004883e-01) (2, 1.37099277973175048828e+00) (3, 1.92488044500350952148e-01) (4, 2.97578120231628417969e+00) (5, -1.93228435516357421875e+00) (6, -4.32259750366210937500e+00) (7, -6.26750993728637695312e+00) (8, 8.03811264038085937500e+00) (9, 3.43611270189285278320e-01) (0, 2.30491614341735839844e+00) (1, 1.46967935562133789062e+01) (2, 7.96428823471069335938e+00) (3, -2.93006539344787597656e+00) (4, -2.23975300788879394531e+00) (5, 1.86940789222717285156e+00) (6, -2.66419172286987304688e+00) (7, -4.67080354690551757812e+00) (8, -1.44280719757080078125e+01) (9, -1.96466004848480224609e+00) (10, -2.03045511245727539062e+00) (11, -3.22877860069274902344e+00) (12, 4.00622367858886718750e+00) (13, 2.53969335556030273438e+00) (14, 5.99981546401977539062e-01) 
