FANN_FLO_2.1
num_layers=4
learning_rate=0.500000
connection_rate=1.000000
network_type=0
learning_momentum=0.000000
training_algorithm=2
train_error_function=1
train_stop_function=0
cascade_output_change_fraction=0.010000
quickprop_decay=-0.000100
quickprop_mu=1.750000
rprop_increase_factor=1.200000
rprop_decrease_factor=0.500000
rprop_delta_min=0.000000
rprop_delta_max=50.000000
rprop_delta_zero=0.100000
cascade_output_stagnation_epochs=12
cascade_candidate_change_fraction=0.010000
cascade_candidate_stagnation_epochs=12
cascade_max_out_epochs=150
cascade_min_out_epochs=50
cascade_max_cand_epochs=150
cascade_min_cand_epochs=50
cascade_num_candidate_groups=2
bit_fail_limit=3.49999994039535522461e-01
cascade_candidate_limit=1.00000000000000000000e+03
cascade_weight_multiplier=4.00000005960464477539e-01
cascade_activation_functions_count=10
cascade_activation_functions=3 5 7 8 10 11 14 15 16 17 
cascade_activation_steepnesses_count=4
cascade_activation_steepnesses=2.50000000000000000000e-01 5.00000000000000000000e-01 7.50000000000000000000e-01 1.00000000000000000000e+00 
layer_sizes=10 5 3 2 
scale_included=0
neurons (num_inputs, activation_function, activation_steepness)=(0, 0, 0.00000000000000000000e+00) (0, 0, 0.00000000000000000000e+00) (0, 0, 0.00000000000000000000e+00) (0, 0, 0.00000000000000000000e+00) (0, 0, 0.00000000000000000000e+00) (0, 0, 0.00000000000000000000e+00) (0, 0, 0.00000000000000000000e+00) (0, 0, 0.00000000000000000000e+00) (0, 0, 0.00000000000000000000e+00) (0, 0, 0.00000000000000000000e+00) (10, 3, 5.00000000000000000000e-01) (10, 3, 5.00000000000000000000e-01) (10, 3, 5.00000000000000000000e-01) (10, 3, 5.00000000000000000000e-01) (0, 3, 0.00000000000000000000e+00) (5, 3, 5.00000000000000000000e-01) (5, 3, 5.00000000000000000000e-01) (0, 3, 0.00000000000000000000e+00) (3, 3, 5.00000000000000000000e-01) (0, 3, 0.00000000000000000000e+00) 
connections (connected_to_neuron, weight)=(0, 1.49709765625000000000e+03) (1, -1.16363464355468750000e+03) (2, 1.50000000000000000000e+03) (3, -1.50000000000000000000e+03) (4, -1.50000000000000000000e+03) (5, 1.50000000000000000000e+03) (6, -1.50000000000000000000e+03) (7, -1.50000000000000000000e+03) (8, -1.50000000000000000000e+03) (9, 1.68002452850341796875e+01) (0, -4.44437074661254882812e+00) (1, -3.02470493316650390625e+00) (2, -1.19060068130493164062e+01) (3, -9.33825790882110595703e-01) (4, -4.86923366785049438477e-01) (5, 1.70631384849548339844e+00) (6, 2.10852642059326171875e+01) (7, 1.07049226760864257812e+01) (8, 5.90307235717773437500e+00) (9, -1.05610680580139160156e+00) (0, -3.16210174560546875000e+00) (1, -3.65474295616149902344e+00) (2, -1.37335042953491210938e+01) (3, -1.11245131492614746094e+00) (4, 5.79920113086700439453e-02) (5, 5.85806787014007568359e-01) (6, 1.98756237030029296875e+01) (7, 9.66184520721435546875e+00) (8, 6.73168373107910156250e+00) (9, 5.58889172971248626709e-02) (0, 1.30614387989044189453e+00) (1, -2.98496198654174804688e+00) (2, -1.52078752517700195312e+01) (3, -3.56048554182052612305e-01) (4, -5.00437355041503906250e+00) (5, -7.96464025974273681641e-01) (6, 1.47492694854736328125e+01) (7, 9.89468383789062500000e+00) (8, 4.45861053466796875000e+00) (9, 2.21514606475830078125e+00) (10, -1.11470198631286621094e+00) (11, -3.38237762451171875000e-01) (12, -1.07999968528747558594e+00) (13, -4.15346050262451171875e+00) (14, 8.32802653312683105469e-01) (10, -1.06016421318054199219e+00) (11, 2.75541637092828750610e-02) (12, -1.54523456096649169922e+00) (13, -4.59083890914916992188e+00) (14, 1.34767329692840576172e+00) (15, 9.18612182140350341797e-01) (16, 1.36141014099121093750e+00) (17, -2.89670526981353759766e-01) 
