FANN_FLO_2.1
num_layers=4
learning_rate=0.500000
connection_rate=1.000000
network_type=0
learning_momentum=0.000000
training_algorithm=2
train_error_function=1
train_stop_function=0
cascade_output_change_fraction=0.010000
quickprop_decay=-0.000100
quickprop_mu=1.750000
rprop_increase_factor=1.200000
rprop_decrease_factor=0.500000
rprop_delta_min=0.000000
rprop_delta_max=50.000000
rprop_delta_zero=0.100000
cascade_output_stagnation_epochs=12
cascade_candidate_change_fraction=0.010000
cascade_candidate_stagnation_epochs=12
cascade_max_out_epochs=150
cascade_min_out_epochs=50
cascade_max_cand_epochs=150
cascade_min_cand_epochs=50
cascade_num_candidate_groups=2
bit_fail_limit=3.49999994039535522461e-01
cascade_candidate_limit=1.00000000000000000000e+03
cascade_weight_multiplier=4.00000005960464477539e-01
cascade_activation_functions_count=10
cascade_activation_functions=3 5 7 8 10 11 14 15 16 17 
cascade_activation_steepnesses_count=4
cascade_activation_steepnesses=2.50000000000000000000e-01 5.00000000000000000000e-01 7.50000000000000000000e-01 1.00000000000000000000e+00 
layer_sizes=2 5 3 3 
scale_included=0
neurons (num_inputs, activation_function, activation_steepness)=(0, 0, 0.00000000000000000000e+00) (0, 0, 0.00000000000000000000e+00) (2, 3, 5.00000000000000000000e-01) (2, 3, 5.00000000000000000000e-01) (2, 3, 5.00000000000000000000e-01) (2, 3, 5.00000000000000000000e-01) (0, 3, 0.00000000000000000000e+00) (5, 3, 5.00000000000000000000e-01) (5, 3, 5.00000000000000000000e-01) (0, 3, 0.00000000000000000000e+00) (3, 0, 5.00000000000000000000e-01) (3, 0, 5.00000000000000000000e-01) (0, 0, 0.00000000000000000000e+00) 
connections (connected_to_neuron, weight)=(0, 1.43940478515625000000e+03) (1, -3.93598693847656250000e+02) (0, 1.50000000000000000000e+03) (1, -4.33429077148437500000e+02) (0, 1.50000000000000000000e+03) (1, -4.49250671386718750000e+02) (0, -1.59354965209960937500e+02) (1, 4.19090080261230468750e+01) (2, -1.79754486083984375000e+01) (3, -2.75912445068359375000e+02) (4, -1.50000000000000000000e+03) (5, 4.98776483535766601562e+00) (6, -6.07010841369628906250e+00) (2, -1.98164718627929687500e+02) (3, -1.50000000000000000000e+03) (4, -1.50000000000000000000e+03) (5, -5.88789978027343750000e+02) (6, 2.14287872314453125000e+02) (7, 1.94432747364044189453e+00) (8, -5.60571098327636718750e+01) (9, -1.39048159122467041016e+00) (7, 1.13899364471435546875e+01) (8, 1.46882446289062500000e+02) (9, -1.32858967781066894531e+00) 
