FANN_FLO_2.1
num_layers=4
learning_rate=0.500000
connection_rate=1.000000
network_type=0
learning_momentum=0.000000
training_algorithm=2
train_error_function=1
train_stop_function=0
cascade_output_change_fraction=0.010000
quickprop_decay=-0.000100
quickprop_mu=1.750000
rprop_increase_factor=1.200000
rprop_decrease_factor=0.500000
rprop_delta_min=0.000000
rprop_delta_max=50.000000
rprop_delta_zero=0.100000
cascade_output_stagnation_epochs=12
cascade_candidate_change_fraction=0.010000
cascade_candidate_stagnation_epochs=12
cascade_max_out_epochs=150
cascade_min_out_epochs=50
cascade_max_cand_epochs=150
cascade_min_cand_epochs=50
cascade_num_candidate_groups=2
bit_fail_limit=3.49999994039535522461e-01
cascade_candidate_limit=1.00000000000000000000e+03
cascade_weight_multiplier=4.00000005960464477539e-01
cascade_activation_functions_count=10
cascade_activation_functions=3 5 7 8 10 11 14 15 16 17 
cascade_activation_steepnesses_count=4
cascade_activation_steepnesses=2.50000000000000000000e-01 5.00000000000000000000e-01 7.50000000000000000000e-01 1.00000000000000000000e+00 
layer_sizes=10 5 3 2 
scale_included=0
neurons (num_inputs, activation_function, activation_steepness)=(0, 0, 0.00000000000000000000e+00) (0, 0, 0.00000000000000000000e+00) (0, 0, 0.00000000000000000000e+00) (0, 0, 0.00000000000000000000e+00) (0, 0, 0.00000000000000000000e+00) (0, 0, 0.00000000000000000000e+00) (0, 0, 0.00000000000000000000e+00) (0, 0, 0.00000000000000000000e+00) (0, 0, 0.00000000000000000000e+00) (0, 0, 0.00000000000000000000e+00) (10, 3, 5.00000000000000000000e-01) (10, 3, 5.00000000000000000000e-01) (10, 3, 5.00000000000000000000e-01) (10, 3, 5.00000000000000000000e-01) (0, 3, 0.00000000000000000000e+00) (5, 3, 5.00000000000000000000e-01) (5, 3, 5.00000000000000000000e-01) (0, 3, 0.00000000000000000000e+00) (3, 3, 5.00000000000000000000e-01) (0, 3, 0.00000000000000000000e+00) 
connections (connected_to_neuron, weight)=(0, 4.78099012374877929688e+00) (1, -3.42622518539428710938e+00) (2, -6.09855222702026367188e+00) (3, 4.05696660280227661133e-01) (4, 8.91017317771911621094e-01) (5, 1.04513323307037353516e+00) (6, 7.45424270629882812500e-01) (7, 5.57904338836669921875e+00) (8, 6.19211733341217041016e-01) (9, -5.93538321554660797119e-02) (0, -1.48345875740051269531e+00) (1, 1.18857693672180175781e+00) (2, -1.71091496944427490234e+00) (3, -2.18459859490394592285e-01) (4, 3.37430685758590698242e-01) (5, 1.29704916477203369141e+00) (6, 1.62435993552207946777e-01) (7, -1.48088884353637695312e+00) (8, -2.02536916732788085938e+00) (9, 1.74900197982788085938e+00) (0, -2.38290786743164062500e+00) (1, 1.04569464921951293945e-01) (2, -1.85221424102783203125e+01) (3, -5.38898825645446777344e-01) (4, 1.00532837212085723877e-01) (5, 1.39434099197387695312e-01) (6, 1.49818582534790039062e+01) (7, -8.13145577907562255859e-01) (8, 9.21841144561767578125e+00) (9, 1.38894701004028320312e+00) (0, -3.38738322257995605469e+00) (1, 1.38317418098449707031e+00) (2, -2.58907947540283203125e+01) (3, 2.86850184202194213867e-01) (4, 1.07142746448516845703e+00) (5, 1.13348305225372314453e+00) (6, -1.37744450569152832031e+00) (7, 9.82662916183471679688e-01) (8, 4.84848642349243164062e+00) (9, 1.93843865394592285156e+00) (10, -3.10367608070373535156e+00) (11, 2.26428890228271484375e+00) (12, 1.74127829074859619141e+00) (13, 1.39883470535278320312e+00) (14, 2.40892935544252395630e-02) (10, -7.03589725494384765625e+00) (11, 6.30661344528198242188e+00) (12, 3.71716237068176269531e+00) (13, 4.31974983215332031250e+00) (14, 6.37092813849449157715e-03) (15, 4.27162706851959228516e-01) (16, 4.28217709064483642578e-01) (17, 9.07337665557861328125e-02) 
