FANN_FLO_2.1
num_layers=4
learning_rate=0.500000
connection_rate=1.000000
network_type=0
learning_momentum=0.000000
training_algorithm=2
train_error_function=1
train_stop_function=0
cascade_output_change_fraction=0.010000
quickprop_decay=-0.000100
quickprop_mu=1.750000
rprop_increase_factor=1.200000
rprop_decrease_factor=0.500000
rprop_delta_min=0.000000
rprop_delta_max=50.000000
rprop_delta_zero=0.100000
cascade_output_stagnation_epochs=12
cascade_candidate_change_fraction=0.010000
cascade_candidate_stagnation_epochs=12
cascade_max_out_epochs=150
cascade_min_out_epochs=50
cascade_max_cand_epochs=150
cascade_min_cand_epochs=50
cascade_num_candidate_groups=2
bit_fail_limit=3.49999994039535522461e-01
cascade_candidate_limit=1.00000000000000000000e+03
cascade_weight_multiplier=4.00000005960464477539e-01
cascade_activation_functions_count=10
cascade_activation_functions=3 5 7 8 10 11 14 15 16 17 
cascade_activation_steepnesses_count=4
cascade_activation_steepnesses=2.50000000000000000000e-01 5.00000000000000000000e-01 7.50000000000000000000e-01 1.00000000000000000000e+00 
layer_sizes=10 5 3 2 
scale_included=0
neurons (num_inputs, activation_function, activation_steepness)=(0, 0, 0.00000000000000000000e+00) (0, 0, 0.00000000000000000000e+00) (0, 0, 0.00000000000000000000e+00) (0, 0, 0.00000000000000000000e+00) (0, 0, 0.00000000000000000000e+00) (0, 0, 0.00000000000000000000e+00) (0, 0, 0.00000000000000000000e+00) (0, 0, 0.00000000000000000000e+00) (0, 0, 0.00000000000000000000e+00) (0, 0, 0.00000000000000000000e+00) (10, 3, 5.00000000000000000000e-01) (10, 3, 5.00000000000000000000e-01) (10, 3, 5.00000000000000000000e-01) (10, 3, 5.00000000000000000000e-01) (0, 3, 0.00000000000000000000e+00) (5, 3, 5.00000000000000000000e-01) (5, 3, 5.00000000000000000000e-01) (0, 3, 0.00000000000000000000e+00) (3, 3, 5.00000000000000000000e-01) (0, 3, 0.00000000000000000000e+00) 
connections (connected_to_neuron, weight)=(0, -6.37562608718872070312e+00) (1, 5.68333292007446289062e+00) (2, -2.04799246788024902344e+00) (3, -1.12926006317138671875e+00) (4, 9.49711441993713378906e-01) (5, 6.26659512519836425781e-01) (6, 5.45848846435546875000e-01) (7, -3.46373152732849121094e+00) (8, -1.30817198753356933594e+00) (9, 2.16497039794921875000e+00) (0, -4.70586109161376953125e+00) (1, 2.13390207290649414062e+00) (2, -2.21371507644653320312e+00) (3, -1.74874567985534667969e+00) (4, 2.92532503604888916016e-01) (5, 1.21966087818145751953e+00) (6, 5.15460371971130371094e-01) (7, -4.92502164840698242188e+00) (8, -1.74239003658294677734e+00) (9, 3.77047014236450195312e+00) (0, 2.08073472976684570312e+00) (1, 2.51100182533264160156e-01) (2, 1.03315439224243164062e+01) (3, 2.97755151987075805664e-01) (4, 2.37338751554489135742e-01) (5, 1.85612708330154418945e-01) (6, -1.52772102355957031250e+01) (7, 4.62896943092346191406e-01) (8, 2.22226798534393310547e-01) (9, -1.09950944781303405762e-01) (0, 2.09322595596313476562e+00) (1, 1.15034401416778564453e-01) (2, 1.04438886642456054688e+01) (3, -7.99074843525886535645e-02) (4, 3.01077336072921752930e-01) (5, 6.18460886180400848389e-02) (6, -1.05303888320922851562e+01) (7, 1.35323271155357360840e-01) (8, -4.64181995391845703125e+00) (9, -2.69763886928558349609e-01) (10, 2.28492808341979980469e+00) (11, 6.39359807968139648438e+00) (12, -1.16683053970336914062e+00) (13, -2.07046818733215332031e+00) (14, -5.34427054226398468018e-02) (10, 3.04080510139465332031e+00) (11, 6.05285263061523437500e+00) (12, -1.53100097179412841797e+00) (13, -2.06044363975524902344e+00) (14, -7.20675885677337646484e-02) (15, 4.14421200752258300781e-01) (16, 4.25562620162963867188e-01) (17, 3.84017229080200195312e-02) 
