FANN_FLO_2.1
num_layers=4
learning_rate=0.500000
connection_rate=1.000000
network_type=0
learning_momentum=0.000000
training_algorithm=2
train_error_function=1
train_stop_function=0
cascade_output_change_fraction=0.010000
quickprop_decay=-0.000100
quickprop_mu=1.750000
rprop_increase_factor=1.200000
rprop_decrease_factor=0.500000
rprop_delta_min=0.000000
rprop_delta_max=50.000000
rprop_delta_zero=0.100000
cascade_output_stagnation_epochs=12
cascade_candidate_change_fraction=0.010000
cascade_candidate_stagnation_epochs=12
cascade_max_out_epochs=150
cascade_min_out_epochs=50
cascade_max_cand_epochs=150
cascade_min_cand_epochs=50
cascade_num_candidate_groups=2
bit_fail_limit=3.49999994039535522461e-01
cascade_candidate_limit=1.00000000000000000000e+03
cascade_weight_multiplier=4.00000005960464477539e-01
cascade_activation_functions_count=10
cascade_activation_functions=3 5 7 8 10 11 14 15 16 17 
cascade_activation_steepnesses_count=4
cascade_activation_steepnesses=2.50000000000000000000e-01 5.00000000000000000000e-01 7.50000000000000000000e-01 1.00000000000000000000e+00 
layer_sizes=10 5 3 2 
scale_included=0
neurons (num_inputs, activation_function, activation_steepness)=(0, 0, 0.00000000000000000000e+00) (0, 0, 0.00000000000000000000e+00) (0, 0, 0.00000000000000000000e+00) (0, 0, 0.00000000000000000000e+00) (0, 0, 0.00000000000000000000e+00) (0, 0, 0.00000000000000000000e+00) (0, 0, 0.00000000000000000000e+00) (0, 0, 0.00000000000000000000e+00) (0, 0, 0.00000000000000000000e+00) (0, 0, 0.00000000000000000000e+00) (10, 3, 5.00000000000000000000e-01) (10, 3, 5.00000000000000000000e-01) (10, 3, 5.00000000000000000000e-01) (10, 3, 5.00000000000000000000e-01) (0, 3, 0.00000000000000000000e+00) (5, 3, 5.00000000000000000000e-01) (5, 3, 5.00000000000000000000e-01) (0, 3, 0.00000000000000000000e+00) (3, 3, 5.00000000000000000000e-01) (0, 3, 0.00000000000000000000e+00) 
connections (connected_to_neuron, weight)=(0, -1.61526250839233398438e+00) (1, 1.46944272518157958984e+00) (2, -5.89249992370605468750e+00) (3, -1.49271285533905029297e+00) (4, 5.35382151603698730469e-01) (5, 2.73043006658554077148e-01) (6, -1.02312576770782470703e+00) (7, 5.39988458156585693359e-01) (8, 9.16582703590393066406e-01) (9, 1.20529580116271972656e+00) (0, 4.98886734247207641602e-01) (1, 5.39849710464477539062e+00) (2, -4.39059168100357055664e-01) (3, 5.07157683372497558594e-01) (4, 4.39514040946960449219e-01) (5, -1.14212977886199951172e+00) (6, 3.17238152027130126953e-01) (7, -8.09755420684814453125e+00) (8, -5.10293626785278320312e+00) (9, 5.83261311054229736328e-01) (0, -3.81818842887878417969e+00) (1, 3.20369815826416015625e+00) (2, -1.45396828651428222656e+00) (3, -2.17019081115722656250e+00) (4, 8.93060028553009033203e-01) (5, 1.20785844326019287109e+00) (6, -1.50291347503662109375e+00) (7, -9.47535336017608642578e-01) (8, 6.85909092426300048828e-01) (9, 1.75482654571533203125e+00) (0, 1.58362591266632080078e+00) (1, -4.14680814743041992188e+00) (2, 5.43869209289550781250e+00) (3, 1.03875267505645751953e+00) (4, -4.34221804141998291016e-01) (5, -6.10447704792022705078e-01) (6, 7.38354921340942382812e-01) (7, -6.03585898876190185547e-01) (8, 2.53335088491439819336e-01) (9, -6.52503371238708496094e-01) (10, 4.75666332244873046875e+00) (11, 9.67722034454345703125e+00) (12, 1.43249874114990234375e+01) (13, -7.29891157150268554688e+00) (14, -1.06157755851745605469e+00) (10, 4.64472866058349609375e+00) (11, 1.00623054504394531250e+01) (12, 1.43397264480590820312e+01) (13, -7.28379249572753906250e+00) (14, -1.04489445686340332031e+00) (15, 1.29657638072967529297e+00) (16, 1.25519895553588867188e+00) (17, -1.67587709426879882812e+00) 
