FANN_FLO_2.1
num_layers=3
learning_rate=0.400000
connection_rate=1.000000
network_type=0
learning_momentum=0.000000
training_algorithm=2
train_error_function=1
train_stop_function=0
cascade_output_change_fraction=0.010000
quickprop_decay=-0.000100
quickprop_mu=1.750000
rprop_increase_factor=1.200000
rprop_decrease_factor=0.500000
rprop_delta_min=0.000000
rprop_delta_max=50.000000
rprop_delta_zero=0.100000
cascade_output_stagnation_epochs=12
cascade_candidate_change_fraction=0.010000
cascade_candidate_stagnation_epochs=12
cascade_max_out_epochs=150
cascade_min_out_epochs=50
cascade_max_cand_epochs=150
cascade_min_cand_epochs=50
cascade_num_candidate_groups=2
bit_fail_limit=3.49999994039535522461e-01
cascade_candidate_limit=1.00000000000000000000e+03
cascade_weight_multiplier=4.00000005960464477539e-01
cascade_activation_functions_count=10
cascade_activation_functions=3 5 7 8 10 11 14 15 16 17 
cascade_activation_steepnesses_count=4
cascade_activation_steepnesses=2.50000000000000000000e-01 5.00000000000000000000e-01 7.50000000000000000000e-01 1.00000000000000000000e+00 
layer_sizes=7 5 2 
scale_included=0
neurons (num_inputs, activation_function, activation_steepness)=(0, 0, 0.00000000000000000000e+00) (0, 0, 0.00000000000000000000e+00) (0, 0, 0.00000000000000000000e+00) (0, 0, 0.00000000000000000000e+00) (0, 0, 0.00000000000000000000e+00) (0, 0, 0.00000000000000000000e+00) (0, 0, 0.00000000000000000000e+00) (7, 3, 5.00000000000000000000e-01) (7, 3, 5.00000000000000000000e-01) (7, 3, 5.00000000000000000000e-01) (7, 3, 5.00000000000000000000e-01) (0, 3, 0.00000000000000000000e+00) (5, 3, 5.00000000000000000000e-01) (0, 3, 0.00000000000000000000e+00) 
connections (connected_to_neuron, weight)=(0, -9.94966924190521240234e-01) (1, 4.88855876028537750244e-02) (2, -7.37595033645629882812e+00) (3, 3.50352978706359863281e+00) (4, -5.09819030761718750000e+00) (5, 2.28528213500976562500e+01) (6, 1.33564722537994384766e+00) (0, -2.54022750854492187500e+01) (1, -6.48317456245422363281e-01) (2, -1.09829592704772949219e+00) (3, 6.33550071716308593750e+00) (4, -1.04717388153076171875e+01) (5, 2.62951068878173828125e+01) (6, 2.20868539810180664062e+00) (0, -1.45481729507446289062e+00) (1, -1.73203027248382568359e+00) (2, -6.00651621818542480469e-01) (3, 2.46613359451293945312e+00) (4, 4.16972130537033081055e-01) (5, 5.20536088943481445312e+00) (6, -3.16983485221862792969e+00) (0, -3.92194867134094238281e+00) (1, -2.75156307220458984375e+00) (2, -1.83483958244323730469e+00) (3, 1.59722316265106201172e+00) (4, 2.15585780143737792969e+00) (5, 8.94089639186859130859e-01) (6, -2.13512349128723144531e+00) (7, -1.76485121250152587891e+00) (8, -1.89655733108520507812e+00) (9, 3.99837446212768554688e+00) (10, 6.82530689239501953125e+00) (11, 2.29771673679351806641e-01) 
