FANN_FLO_2.1
num_layers=4
learning_rate=0.500000
connection_rate=1.000000
network_type=0
learning_momentum=0.000000
training_algorithm=2
train_error_function=1
train_stop_function=0
cascade_output_change_fraction=0.010000
quickprop_decay=-0.000100
quickprop_mu=1.750000
rprop_increase_factor=1.200000
rprop_decrease_factor=0.500000
rprop_delta_min=0.000000
rprop_delta_max=50.000000
rprop_delta_zero=0.100000
cascade_output_stagnation_epochs=12
cascade_candidate_change_fraction=0.010000
cascade_candidate_stagnation_epochs=12
cascade_max_out_epochs=150
cascade_min_out_epochs=50
cascade_max_cand_epochs=150
cascade_min_cand_epochs=50
cascade_num_candidate_groups=2
bit_fail_limit=3.49999994039535522461e-01
cascade_candidate_limit=1.00000000000000000000e+03
cascade_weight_multiplier=4.00000005960464477539e-01
cascade_activation_functions_count=10
cascade_activation_functions=3 5 7 8 10 11 14 15 16 17 
cascade_activation_steepnesses_count=4
cascade_activation_steepnesses=2.50000000000000000000e-01 5.00000000000000000000e-01 7.50000000000000000000e-01 1.00000000000000000000e+00 
layer_sizes=10 3 3 2 
scale_included=0
neurons (num_inputs, activation_function, activation_steepness)=(0, 0, 0.00000000000000000000e+00) (0, 0, 0.00000000000000000000e+00) (0, 0, 0.00000000000000000000e+00) (0, 0, 0.00000000000000000000e+00) (0, 0, 0.00000000000000000000e+00) (0, 0, 0.00000000000000000000e+00) (0, 0, 0.00000000000000000000e+00) (0, 0, 0.00000000000000000000e+00) (0, 0, 0.00000000000000000000e+00) (0, 0, 0.00000000000000000000e+00) (10, 3, 5.00000000000000000000e-01) (10, 3, 5.00000000000000000000e-01) (0, 3, 0.00000000000000000000e+00) (3, 3, 5.00000000000000000000e-01) (3, 3, 5.00000000000000000000e-01) (0, 3, 0.00000000000000000000e+00) (3, 3, 5.00000000000000000000e-01) (0, 3, 0.00000000000000000000e+00) 
connections (connected_to_neuron, weight)=(0, -2.94237518310546875000e+00) (1, 3.50532484054565429688e+00) (2, 1.86186561584472656250e+01) (3, 2.00164070129394531250e+01) (4, -1.53146686553955078125e+01) (5, 9.44887459278106689453e-01) (6, -8.76487541198730468750e+00) (7, 6.26023244857788085938e+00) (8, -4.00909080505371093750e+01) (9, 1.12242603302001953125e+01) (0, 2.54328155517578125000e+00) (1, 1.13547344207763671875e+01) (2, 1.44344285130500793457e-01) (3, -2.61751085519790649414e-01) (4, 5.47822237014770507812e-01) (5, 5.91076433658599853516e-01) (6, -2.05527257919311523438e+00) (7, -2.61532759666442871094e+00) (8, -1.46838798522949218750e+01) (9, -2.56390601396560668945e-01) (10, -1.36059675216674804688e+01) (11, 1.55151004791259765625e+01) (12, 7.82346963882446289062e+00) (10, -1.10764741897583007812e+01) (11, 1.38464365005493164062e+01) (12, 5.00138854980468750000e+00) (13, 1.32895827293395996094e+00) (14, 8.12295973300933837891e-01) (15, -1.28156566619873046875e+00) 
