FANN_FLO_2.1
num_layers=4
learning_rate=0.500000
connection_rate=1.000000
network_type=0
learning_momentum=0.000000
training_algorithm=2
train_error_function=1
train_stop_function=0
cascade_output_change_fraction=0.010000
quickprop_decay=-0.000100
quickprop_mu=1.750000
rprop_increase_factor=1.200000
rprop_decrease_factor=0.500000
rprop_delta_min=0.000000
rprop_delta_max=50.000000
rprop_delta_zero=0.100000
cascade_output_stagnation_epochs=12
cascade_candidate_change_fraction=0.010000
cascade_candidate_stagnation_epochs=12
cascade_max_out_epochs=150
cascade_min_out_epochs=50
cascade_max_cand_epochs=150
cascade_min_cand_epochs=50
cascade_num_candidate_groups=2
bit_fail_limit=3.49999994039535522461e-01
cascade_candidate_limit=1.00000000000000000000e+03
cascade_weight_multiplier=4.00000005960464477539e-01
cascade_activation_functions_count=10
cascade_activation_functions=3 5 7 8 10 11 14 15 16 17 
cascade_activation_steepnesses_count=4
cascade_activation_steepnesses=2.50000000000000000000e-01 5.00000000000000000000e-01 7.50000000000000000000e-01 1.00000000000000000000e+00 
layer_sizes=10 3 3 2 
scale_included=0
neurons (num_inputs, activation_function, activation_steepness)=(0, 0, 0.00000000000000000000e+00) (0, 0, 0.00000000000000000000e+00) (0, 0, 0.00000000000000000000e+00) (0, 0, 0.00000000000000000000e+00) (0, 0, 0.00000000000000000000e+00) (0, 0, 0.00000000000000000000e+00) (0, 0, 0.00000000000000000000e+00) (0, 0, 0.00000000000000000000e+00) (0, 0, 0.00000000000000000000e+00) (0, 0, 0.00000000000000000000e+00) (10, 3, 5.00000000000000000000e-01) (10, 3, 5.00000000000000000000e-01) (0, 3, 0.00000000000000000000e+00) (3, 3, 5.00000000000000000000e-01) (3, 3, 5.00000000000000000000e-01) (0, 3, 0.00000000000000000000e+00) (3, 3, 5.00000000000000000000e-01) (0, 3, 0.00000000000000000000e+00) 
connections (connected_to_neuron, weight)=(0, -4.31235581636428833008e-02) (1, 9.91597592830657958984e-01) (2, -5.07350683212280273438e-01) (3, -1.48330837488174438477e-01) (4, 1.05571782588958740234e+00) (5, -6.83833062648773193359e-01) (6, -1.83782565593719482422e+00) (7, -3.61808948218822479248e-02) (8, -1.33245582580566406250e+01) (9, 5.22046089172363281250e+00) (0, -7.67683029174804687500e+00) (1, -2.30483517050743103027e-01) (2, -3.34491014480590820312e-01) (3, -8.30785512924194335938e-01) (4, 1.76476955413818359375e+00) (5, 2.27305603027343750000e+00) (6, -3.73200035095214843750e+00) (7, -1.54977798461914062500e-01) (8, -2.56643891334533691406e+00) (9, 4.56684017181396484375e+00) (10, 7.67094850540161132812e+00) (11, 1.29936408996582031250e+01) (12, -4.14883661270141601562e+00) (10, 6.97581863403320312500e+00) (11, 1.27578353881835937500e+01) (12, -4.06455135345458984375e+00) (13, 3.81684517860412597656e+00) (14, 6.99625372886657714844e-01) (15, -3.64150142669677734375e+00) 
