FANN_FLO_2.1
num_layers=4
learning_rate=0.400000
connection_rate=1.000000
network_type=0
learning_momentum=0.000000
training_algorithm=2
train_error_function=1
train_stop_function=0
cascade_output_change_fraction=0.010000
quickprop_decay=-0.000100
quickprop_mu=1.750000
rprop_increase_factor=1.200000
rprop_decrease_factor=0.500000
rprop_delta_min=0.000000
rprop_delta_max=50.000000
rprop_delta_zero=0.100000
cascade_output_stagnation_epochs=12
cascade_candidate_change_fraction=0.010000
cascade_candidate_stagnation_epochs=12
cascade_max_out_epochs=150
cascade_min_out_epochs=50
cascade_max_cand_epochs=150
cascade_min_cand_epochs=50
cascade_num_candidate_groups=2
bit_fail_limit=3.49999994039535522461e-01
cascade_candidate_limit=1.00000000000000000000e+03
cascade_weight_multiplier=4.00000005960464477539e-01
cascade_activation_functions_count=10
cascade_activation_functions=3 5 7 8 10 11 14 15 16 17 
cascade_activation_steepnesses_count=4
cascade_activation_steepnesses=2.50000000000000000000e-01 5.00000000000000000000e-01 7.50000000000000000000e-01 1.00000000000000000000e+00 
layer_sizes=7 5 5 2 
scale_included=0
neurons (num_inputs, activation_function, activation_steepness)=(0, 0, 0.00000000000000000000e+00) (0, 0, 0.00000000000000000000e+00) (0, 0, 0.00000000000000000000e+00) (0, 0, 0.00000000000000000000e+00) (0, 0, 0.00000000000000000000e+00) (0, 0, 0.00000000000000000000e+00) (0, 0, 0.00000000000000000000e+00) (7, 3, 5.00000000000000000000e-01) (7, 3, 5.00000000000000000000e-01) (7, 3, 5.00000000000000000000e-01) (7, 3, 5.00000000000000000000e-01) (0, 3, 0.00000000000000000000e+00) (5, 3, 5.00000000000000000000e-01) (5, 3, 5.00000000000000000000e-01) (5, 3, 5.00000000000000000000e-01) (5, 3, 5.00000000000000000000e-01) (0, 3, 0.00000000000000000000e+00) (5, 3, 5.00000000000000000000e-01) (0, 3, 0.00000000000000000000e+00) 
connections (connected_to_neuron, weight)=(0, 4.68637084960937500000e+00) (1, -1.06253442764282226562e+01) (2, 2.73982906341552734375e+01) (3, -1.11526889801025390625e+01) (4, -9.00123655796051025391e-01) (5, -4.55294179916381835938e+00) (6, 9.23424148559570312500e+00) (0, 6.13103199005126953125e+00) (1, -8.70235252380371093750e+00) (2, -2.63196392059326171875e+01) (3, -6.46394729614257812500e+00) (4, -2.62436604499816894531e+00) (5, -2.98248839378356933594e+00) (6, 8.59689331054687500000e+00) (0, -1.61707916259765625000e+01) (1, 1.55217447280883789062e+01) (2, -3.37102746963500976562e+00) (3, -4.69317167997360229492e-01) (4, -1.09948325157165527344e+00) (5, 6.69153547286987304688e+00) (6, 1.27507102489471435547e+00) (0, -1.48622509765625000000e+03) (1, -1.50000000000000000000e+03) (2, 1.50000000000000000000e+03) (3, -1.49653173828125000000e+03) (4, -1.45307312011718750000e+03) (5, -1.27296423339843750000e+03) (6, -4.54135268926620483398e-01) (7, -4.38301503658294677734e-01) (8, 2.53411531448364257812e+00) (9, -4.09155935049057006836e-01) (10, 1.50000000000000000000e+03) (11, -7.28759527206420898438e-01) (7, 5.98824620246887207031e-01) (8, 9.92515265941619873047e-01) (9, 2.55047392845153808594e+00) (10, 1.50000000000000000000e+03) (11, -2.95168137550354003906e+00) (7, 1.84829387664794921875e+01) (8, 2.33677310943603515625e+01) (9, -1.90195357799530029297e+00) (10, 1.50000000000000000000e+03) (11, -2.81290078163146972656e+00) (7, 1.21781241893768310547e+00) (8, 3.69886726140975952148e-01) (9, 2.56180357933044433594e+00) (10, 1.50000000000000000000e+03) (11, -3.18791842460632324219e+00) (12, -4.51637446880340576172e-01) (13, -1.66517364978790283203e+00) (14, -5.85423290729522705078e-01) (15, -3.68132185935974121094e+00) (16, 1.49115577340126037598e-01) 
