FANN_FLO_2.1
num_layers=4
learning_rate=0.500000
connection_rate=1.000000
network_type=0
learning_momentum=0.000000
training_algorithm=2
train_error_function=1
train_stop_function=0
cascade_output_change_fraction=0.010000
quickprop_decay=-0.000100
quickprop_mu=1.750000
rprop_increase_factor=1.200000
rprop_decrease_factor=0.500000
rprop_delta_min=0.000000
rprop_delta_max=50.000000
rprop_delta_zero=0.100000
cascade_output_stagnation_epochs=12
cascade_candidate_change_fraction=0.010000
cascade_candidate_stagnation_epochs=12
cascade_max_out_epochs=150
cascade_min_out_epochs=50
cascade_max_cand_epochs=150
cascade_min_cand_epochs=50
cascade_num_candidate_groups=2
bit_fail_limit=3.49999994039535522461e-01
cascade_candidate_limit=1.00000000000000000000e+03
cascade_weight_multiplier=4.00000005960464477539e-01
cascade_activation_functions_count=10
cascade_activation_functions=3 5 7 8 10 11 14 15 16 17 
cascade_activation_steepnesses_count=4
cascade_activation_steepnesses=2.50000000000000000000e-01 5.00000000000000000000e-01 7.50000000000000000000e-01 1.00000000000000000000e+00 
layer_sizes=2 5 3 3 
scale_included=0
neurons (num_inputs, activation_function, activation_steepness)=(0, 0, 0.00000000000000000000e+00) (0, 0, 0.00000000000000000000e+00) (2, 3, 5.00000000000000000000e-01) (2, 3, 5.00000000000000000000e-01) (2, 3, 5.00000000000000000000e-01) (2, 3, 5.00000000000000000000e-01) (0, 3, 0.00000000000000000000e+00) (5, 3, 5.00000000000000000000e-01) (5, 3, 5.00000000000000000000e-01) (0, 3, 0.00000000000000000000e+00) (3, 0, 5.00000000000000000000e-01) (3, 0, 5.00000000000000000000e-01) (0, 0, 0.00000000000000000000e+00) 
connections (connected_to_neuron, weight)=(0, 7.61551086425781250000e+02) (1, -7.78773010253906250000e+02) (0, -4.91232395172119140625e+00) (1, 8.01402568817138671875e+00) (0, -9.03758117675781250000e+02) (1, 1.29338867187500000000e+02) (0, 7.66170288085937500000e+02) (1, -3.99509468078613281250e+01) (2, 3.00000000000000000000e+02) (3, 5.81843414306640625000e+01) (4, -6.39281768798828125000e+01) (5, 1.29080004882812500000e+03) (6, -1.79258763790130615234e-01) (2, 1.50000000000000000000e+03) (3, -1.49128430175781250000e+03) (4, -7.65800048828125000000e+02) (5, 1.49033679199218750000e+03) (6, -1.53358793258666992188e+00) (7, -1.96908080577850341797e+00) (8, 1.05859553813934326172e+00) (9, 6.31665065884590148926e-02) (7, -6.59649372100830078125e-01) (8, -4.18647098541259765625e+00) (9, 2.13619065284729003906e+00) 
