FANN_FLO_2.1
num_layers=3
learning_rate=0.400000
connection_rate=1.000000
network_type=0
learning_momentum=0.000000
training_algorithm=2
train_error_function=1
train_stop_function=0
cascade_output_change_fraction=0.010000
quickprop_decay=-0.000100
quickprop_mu=1.750000
rprop_increase_factor=1.200000
rprop_decrease_factor=0.500000
rprop_delta_min=0.000000
rprop_delta_max=50.000000
rprop_delta_zero=0.100000
cascade_output_stagnation_epochs=12
cascade_candidate_change_fraction=0.010000
cascade_candidate_stagnation_epochs=12
cascade_max_out_epochs=150
cascade_min_out_epochs=50
cascade_max_cand_epochs=150
cascade_min_cand_epochs=50
cascade_num_candidate_groups=2
bit_fail_limit=3.49999994039535522461e-01
cascade_candidate_limit=1.00000000000000000000e+03
cascade_weight_multiplier=4.00000005960464477539e-01
cascade_activation_functions_count=10
cascade_activation_functions=3 5 7 8 10 11 14 15 16 17 
cascade_activation_steepnesses_count=4
cascade_activation_steepnesses=2.50000000000000000000e-01 5.00000000000000000000e-01 7.50000000000000000000e-01 1.00000000000000000000e+00 
layer_sizes=7 5 2 
scale_included=0
neurons (num_inputs, activation_function, activation_steepness)=(0, 0, 0.00000000000000000000e+00) (0, 0, 0.00000000000000000000e+00) (0, 0, 0.00000000000000000000e+00) (0, 0, 0.00000000000000000000e+00) (0, 0, 0.00000000000000000000e+00) (0, 0, 0.00000000000000000000e+00) (0, 0, 0.00000000000000000000e+00) (7, 3, 5.00000000000000000000e-01) (7, 3, 5.00000000000000000000e-01) (7, 3, 5.00000000000000000000e-01) (7, 3, 5.00000000000000000000e-01) (0, 3, 0.00000000000000000000e+00) (5, 3, 5.00000000000000000000e-01) (0, 3, 0.00000000000000000000e+00) 
connections (connected_to_neuron, weight)=(0, -2.24062824249267578125e+00) (1, -2.24587178230285644531e+00) (2, 6.37145948410034179688e+00) (3, 2.03686809539794921875e+00) (4, 7.10599040985107421875e+00) (5, -7.91194486618041992188e+00) (6, -3.98959183692932128906e+00) (0, -6.33160972595214843750e+00) (1, -2.63991498947143554688e+00) (2, 8.12900304794311523438e-01) (3, 3.26836872100830078125e+00) (4, 4.86105203628540039062e+00) (5, -3.26634854078292846680e-01) (6, -2.97250366210937500000e+00) (0, 2.81957656145095825195e-01) (1, -2.13542270660400390625e+00) (2, -2.94845890998840332031e+00) (3, 2.77651190757751464844e+00) (4, -2.01907396316528320312e+00) (5, 7.47200155258178710938e+00) (6, -3.45325756072998046875e+00) (0, -9.08001708984375000000e+00) (1, -2.30841779708862304688e+00) (2, -2.86849808692932128906e+00) (3, 1.40784060955047607422e+00) (4, 2.22072696685791015625e+00) (5, 1.78045046329498291016e+00) (6, -5.44005870819091796875e-01) (7, 2.85884284973144531250e+00) (8, 8.46121072769165039062e-01) (9, 3.22605276107788085938e+00) (10, 2.57135534286499023438e+00) (11, -2.75590991973876953125e+00) 
