FANN_FLO_2.1
num_layers=3
learning_rate=0.400000
connection_rate=1.000000
network_type=0
learning_momentum=0.000000
training_algorithm=2
train_error_function=1
train_stop_function=0
cascade_output_change_fraction=0.010000
quickprop_decay=-0.000100
quickprop_mu=1.750000
rprop_increase_factor=1.200000
rprop_decrease_factor=0.500000
rprop_delta_min=0.000000
rprop_delta_max=50.000000
rprop_delta_zero=0.100000
cascade_output_stagnation_epochs=12
cascade_candidate_change_fraction=0.010000
cascade_candidate_stagnation_epochs=12
cascade_max_out_epochs=150
cascade_min_out_epochs=50
cascade_max_cand_epochs=150
cascade_min_cand_epochs=50
cascade_num_candidate_groups=2
bit_fail_limit=3.49999994039535522461e-01
cascade_candidate_limit=1.00000000000000000000e+03
cascade_weight_multiplier=4.00000005960464477539e-01
cascade_activation_functions_count=10
cascade_activation_functions=3 5 7 8 10 11 14 15 16 17 
cascade_activation_steepnesses_count=4
cascade_activation_steepnesses=2.50000000000000000000e-01 5.00000000000000000000e-01 7.50000000000000000000e-01 1.00000000000000000000e+00 
layer_sizes=19 3 3 
scale_included=0
neurons (num_inputs, activation_function, activation_steepness)=(0, 0, 0.00000000000000000000e+00) (0, 0, 0.00000000000000000000e+00) (0, 0, 0.00000000000000000000e+00) (0, 0, 0.00000000000000000000e+00) (0, 0, 0.00000000000000000000e+00) (0, 0, 0.00000000000000000000e+00) (0, 0, 0.00000000000000000000e+00) (0, 0, 0.00000000000000000000e+00) (0, 0, 0.00000000000000000000e+00) (0, 0, 0.00000000000000000000e+00) (0, 0, 0.00000000000000000000e+00) (0, 0, 0.00000000000000000000e+00) (0, 0, 0.00000000000000000000e+00) (0, 0, 0.00000000000000000000e+00) (0, 0, 0.00000000000000000000e+00) (0, 0, 0.00000000000000000000e+00) (0, 0, 0.00000000000000000000e+00) (0, 0, 0.00000000000000000000e+00) (0, 0, 0.00000000000000000000e+00) (19, 3, 5.00000000000000000000e-01) (19, 3, 5.00000000000000000000e-01) (0, 3, 0.00000000000000000000e+00) (3, 3, 5.00000000000000000000e-01) (3, 3, 5.00000000000000000000e-01) (0, 3, 0.00000000000000000000e+00) 
connections (connected_to_neuron, weight)=(0, -7.93593358993530273438e+00) (1, 4.03704404830932617188e+00) (2, 4.77729749679565429688e+00) (3, 2.89744319915771484375e+01) (4, -2.59749412536621093750e+00) (5, 2.10750675201416015625e+00) (6, -1.58765611648559570312e+01) (7, -1.75874481201171875000e+01) (8, 8.66651713848114013672e-01) (9, -3.81664681434631347656e+00) (10, 5.88073825836181640625e+00) (11, -9.53459739685058593750e-01) (12, 5.25184631347656250000e+00) (13, -3.99499893188476562500e+00) (14, -1.50467550754547119141e+00) (15, -2.61555045843124389648e-01) (16, 1.25036740303039550781e+00) (17, 8.23141860961914062500e+00) (18, 4.49602699279785156250e+00) (0, 5.41686439514160156250e+00) (1, -6.04365253448486328125e+00) (2, 3.65526270866394042969e+00) (3, -6.57409238815307617188e+00) (4, -5.96279668807983398438e+00) (5, 9.32196903228759765625e+00) (6, 5.21827077865600585938e+00) (7, 1.65481719970703125000e+01) (8, 4.42895221710205078125e+00) (9, 3.01485514640808105469e+00) (10, -1.52866554260253906250e+01) (11, 2.19795727729797363281e+00) (12, -7.68592023849487304688e+00) (13, 1.18861112594604492188e+01) (14, 1.52630937099456787109e+00) (15, -2.00232219696044921875e+00) (16, 3.15827584266662597656e+00) (17, -3.35229134559631347656e+00) (18, 2.03437733650207519531e+00) (19, -6.61950290203094482422e-01) (20, -1.11157584190368652344e+00) (21, 9.07430112361907958984e-01) (19, 6.62378668785095214844e-01) (20, 1.11170017719268798828e+00) (21, -9.06859815120697021484e-01) 
