FANN_FLO_2.1
num_layers=3
learning_rate=0.400000
connection_rate=1.000000
network_type=0
learning_momentum=0.000000
training_algorithm=2
train_error_function=1
train_stop_function=0
cascade_output_change_fraction=0.010000
quickprop_decay=-0.000100
quickprop_mu=1.750000
rprop_increase_factor=1.200000
rprop_decrease_factor=0.500000
rprop_delta_min=0.000000
rprop_delta_max=50.000000
rprop_delta_zero=0.100000
cascade_output_stagnation_epochs=12
cascade_candidate_change_fraction=0.010000
cascade_candidate_stagnation_epochs=12
cascade_max_out_epochs=150
cascade_min_out_epochs=50
cascade_max_cand_epochs=150
cascade_min_cand_epochs=50
cascade_num_candidate_groups=2
bit_fail_limit=3.49999994039535522461e-01
cascade_candidate_limit=1.00000000000000000000e+03
cascade_weight_multiplier=4.00000005960464477539e-01
cascade_activation_functions_count=10
cascade_activation_functions=3 5 7 8 10 11 14 15 16 17 
cascade_activation_steepnesses_count=4
cascade_activation_steepnesses=2.50000000000000000000e-01 5.00000000000000000000e-01 7.50000000000000000000e-01 1.00000000000000000000e+00 
layer_sizes=7 9 2 
scale_included=0
neurons (num_inputs, activation_function, activation_steepness)=(0, 0, 0.00000000000000000000e+00) (0, 0, 0.00000000000000000000e+00) (0, 0, 0.00000000000000000000e+00) (0, 0, 0.00000000000000000000e+00) (0, 0, 0.00000000000000000000e+00) (0, 0, 0.00000000000000000000e+00) (0, 0, 0.00000000000000000000e+00) (7, 3, 5.00000000000000000000e-01) (7, 3, 5.00000000000000000000e-01) (7, 3, 5.00000000000000000000e-01) (7, 3, 5.00000000000000000000e-01) (7, 3, 5.00000000000000000000e-01) (7, 3, 5.00000000000000000000e-01) (7, 3, 5.00000000000000000000e-01) (7, 3, 5.00000000000000000000e-01) (0, 3, 0.00000000000000000000e+00) (9, 3, 5.00000000000000000000e-01) (0, 3, 0.00000000000000000000e+00) 
connections (connected_to_neuron, weight)=(0, 4.86090707778930664062e+00) (1, -6.60822868347167968750e+00) (2, 2.16780781745910644531e+00) (3, -5.53780364990234375000e+00) (4, -2.10038638114929199219e+00) (5, 6.09492206573486328125e+00) (6, -3.03355813026428222656e+00) (0, -1.28214466571807861328e+00) (1, -6.25041842460632324219e-01) (2, 2.51761102676391601562e+00) (3, -6.39282643795013427734e-01) (4, -1.42062091827392578125e+00) (5, 1.95854574441909790039e-01) (6, 5.71563959121704101562e-01) (0, -1.00462064743041992188e+01) (1, 2.70133328437805175781e+00) (2, 7.82577800750732421875e+00) (3, -7.07851123809814453125e+00) (4, 4.36685562133789062500e+00) (5, 3.61533474922180175781e+00) (6, 2.46795153617858886719e+00) (0, -8.30789470672607421875e+00) (1, 5.29608964920043945312e+00) (2, -6.69358253479003906250e+00) (3, 8.76555919647216796875e+00) (4, -9.66044235229492187500e+00) (5, 1.38170700073242187500e+01) (6, 8.72866570949554443359e-01) (0, -6.48317480087280273438e+00) (1, 5.81437253952026367188e+00) (2, -1.21459937095642089844e+00) (3, -3.06355404853820800781e+00) (4, -1.25518560409545898438e+00) (5, -1.50000000000000000000e+03) (6, 1.80915594100952148438e-01) (0, -4.28420019149780273438e+00) (1, 3.49954032897949218750e+00) (2, -4.63233604431152343750e+01) (3, 5.09239339828491210938e+00) (4, -2.12374997138977050781e+00) (5, 5.90982389450073242188e+00) (6, 4.13117790222167968750e+00) (0, -1.88806736469268798828e+00) (1, 2.72364377975463867188e-01) (2, -3.34758707322180271149e-03) (3, -4.56262111663818359375e+00) (4, -1.87644958496093750000e+00) (5, 1.32227039337158203125e+00) (6, 5.18054187297821044922e-01) (0, -2.20333963632583618164e-01) (1, -1.17669773101806640625e+00) (2, 3.08497142791748046875e+00) (3, -1.09261250495910644531e+00) (4, 3.82117062807083129883e-01) (5, 5.00241637229919433594e-01) (6, 7.08663344383239746094e-01) (7, -1.09147605895996093750e+01) (8, -1.29071676731109619141e+00) (9, -3.45294326543807983398e-01) (10, -4.16893362998962402344e-01) (11, -1.61415023803710937500e+01) (12, -3.62284421920776367188e-01) (13, 1.27632961273193359375e+01) (14, -1.55628502368927001953e+00) (15, 3.32085900008678436279e-02) 
