FANN_FLO_2.1
num_layers=3
learning_rate=0.500000
connection_rate=1.000000
network_type=0
learning_momentum=0.000000
training_algorithm=2
train_error_function=1
train_stop_function=0
cascade_output_change_fraction=0.010000
quickprop_decay=-0.000100
quickprop_mu=1.750000
rprop_increase_factor=1.200000
rprop_decrease_factor=0.500000
rprop_delta_min=0.000000
rprop_delta_max=50.000000
rprop_delta_zero=0.100000
cascade_output_stagnation_epochs=12
cascade_candidate_change_fraction=0.010000
cascade_candidate_stagnation_epochs=12
cascade_max_out_epochs=150
cascade_min_out_epochs=50
cascade_max_cand_epochs=150
cascade_min_cand_epochs=50
cascade_num_candidate_groups=2
bit_fail_limit=3.49999994039535522461e-01
cascade_candidate_limit=1.00000000000000000000e+03
cascade_weight_multiplier=4.00000005960464477539e-01
cascade_activation_functions_count=10
cascade_activation_functions=3 5 7 8 10 11 14 15 16 17 
cascade_activation_steepnesses_count=4
cascade_activation_steepnesses=2.50000000000000000000e-01 5.00000000000000000000e-01 7.50000000000000000000e-01 1.00000000000000000000e+00 
layer_sizes=10 3 2 
scale_included=0
neurons (num_inputs, activation_function, activation_steepness)=(0, 0, 0.00000000000000000000e+00) (0, 0, 0.00000000000000000000e+00) (0, 0, 0.00000000000000000000e+00) (0, 0, 0.00000000000000000000e+00) (0, 0, 0.00000000000000000000e+00) (0, 0, 0.00000000000000000000e+00) (0, 0, 0.00000000000000000000e+00) (0, 0, 0.00000000000000000000e+00) (0, 0, 0.00000000000000000000e+00) (0, 0, 0.00000000000000000000e+00) (10, 3, 5.00000000000000000000e-01) (10, 3, 5.00000000000000000000e-01) (0, 3, 0.00000000000000000000e+00) (3, 3, 5.00000000000000000000e-01) (0, 3, 0.00000000000000000000e+00) 
connections (connected_to_neuron, weight)=(0, -1.44250917434692382812e+00) (1, 7.32087850570678710938e-01) (2, 2.55650348663330078125e+01) (3, -2.31031370162963867188e+00) (4, 7.28918838500976562500e+00) (5, 3.80034136772155761719e+00) (6, -2.07310600280761718750e+01) (7, -4.75395870208740234375e+00) (8, -8.42242527008056640625e+00) (9, -1.32465457916259765625e+00) (0, 1.79174554347991943359e+00) (1, -7.74842202663421630859e-02) (2, -1.65820522308349609375e+01) (3, -2.19078707695007324219e+00) (4, 3.07762002944946289062e+00) (5, -8.59793853759765625000e+00) (6, 5.74684190750122070312e+00) (7, 2.11366033554077148438e+00) (8, 4.99556350708007812500e+00) (9, 1.50162816047668457031e+00) (10, 4.54315423965454101562e+00) (11, 4.62549304962158203125e+00) (12, -3.70527911186218261719e+00) 
