FANN_FLO_2.1
num_layers=3
learning_rate=0.400000
connection_rate=1.000000
network_type=0
learning_momentum=0.000000
training_algorithm=2
train_error_function=1
train_stop_function=0
cascade_output_change_fraction=0.010000
quickprop_decay=-0.000100
quickprop_mu=1.750000
rprop_increase_factor=1.200000
rprop_decrease_factor=0.500000
rprop_delta_min=0.000000
rprop_delta_max=50.000000
rprop_delta_zero=0.100000
cascade_output_stagnation_epochs=12
cascade_candidate_change_fraction=0.010000
cascade_candidate_stagnation_epochs=12
cascade_max_out_epochs=150
cascade_min_out_epochs=50
cascade_max_cand_epochs=150
cascade_min_cand_epochs=50
cascade_num_candidate_groups=2
bit_fail_limit=3.49999994039535522461e-01
cascade_candidate_limit=1.00000000000000000000e+03
cascade_weight_multiplier=4.00000005960464477539e-01
cascade_activation_functions_count=10
cascade_activation_functions=3 5 7 8 10 11 14 15 16 17 
cascade_activation_steepnesses_count=4
cascade_activation_steepnesses=2.50000000000000000000e-01 5.00000000000000000000e-01 7.50000000000000000000e-01 1.00000000000000000000e+00 
layer_sizes=7 9 2 
scale_included=0
neurons (num_inputs, activation_function, activation_steepness)=(0, 0, 0.00000000000000000000e+00) (0, 0, 0.00000000000000000000e+00) (0, 0, 0.00000000000000000000e+00) (0, 0, 0.00000000000000000000e+00) (0, 0, 0.00000000000000000000e+00) (0, 0, 0.00000000000000000000e+00) (0, 0, 0.00000000000000000000e+00) (7, 3, 5.00000000000000000000e-01) (7, 3, 5.00000000000000000000e-01) (7, 3, 5.00000000000000000000e-01) (7, 3, 5.00000000000000000000e-01) (7, 3, 5.00000000000000000000e-01) (7, 3, 5.00000000000000000000e-01) (7, 3, 5.00000000000000000000e-01) (7, 3, 5.00000000000000000000e-01) (0, 3, 0.00000000000000000000e+00) (9, 3, 5.00000000000000000000e-01) (0, 3, 0.00000000000000000000e+00) 
connections (connected_to_neuron, weight)=(0, -4.92544621229171752930e-01) (1, 3.19762206077575683594e+00) (2, 8.72136306762695312500e+00) (3, 7.03912401199340820312e+00) (4, -6.16042995452880859375e+00) (5, 1.38366794586181640625e+01) (6, -3.91969442367553710938e+00) (0, -3.13373595476150512695e-01) (1, -1.37164866924285888672e+00) (2, 4.19523906707763671875e+00) (3, -2.99408125877380371094e+00) (4, -8.95279049873352050781e-01) (5, 9.02820682525634765625e+00) (6, -2.86909556388854980469e+00) (0, -5.70498371124267578125e+00) (1, 6.67885828018188476562e+00) (2, -6.19827461242675781250e+00) (3, -2.07756114006042480469e+00) (4, -3.13694387674331665039e-01) (5, -4.12652540206909179688e+00) (6, -1.41022074222564697266e+00) (0, -6.55609512329101562500e+00) (1, -8.20536136627197265625e+00) (2, 5.56118965148925781250e+00) (3, 4.72430080175399780273e-01) (4, -3.05816382169723510742e-02) (5, 9.68193244934082031250e+00) (6, 1.02805166244506835938e+01) (0, 1.69868316650390625000e+01) (1, -1.83382873535156250000e+01) (2, 4.80248880386352539062e+00) (3, -2.76359844207763671875e+00) (4, -4.62806850671768188477e-01) (5, -1.11039533615112304688e+01) (6, 1.23070182800292968750e+01) (0, -1.45070981979370117188e+00) (1, 7.74213969707489013672e-01) (2, -6.97867822647094726562e+00) (3, -2.60324048995971679688e+00) (4, -1.61529466509819030762e-01) (5, 1.03210515975952148438e+01) (6, -4.98608207702636718750e+00) (0, -4.83777427673339843750e+00) (1, 1.88151729106903076172e+00) (2, 4.13101005554199218750e+01) (3, -2.74288487434387207031e+00) (4, -2.46501827239990234375e+00) (5, 6.41923046112060546875e+00) (6, -1.36503994464874267578e+00) (0, -2.75075650215148925781e+00) (1, 1.32017683982849121094e+00) (2, 1.23624296188354492188e+01) (3, -4.98299360275268554688e+00) (4, -2.24718165397644042969e+00) (5, 7.75485801696777343750e+00) (6, -2.29578566551208496094e+00) (7, -8.24171602725982666016e-01) (8, -8.71804177761077880859e-01) (9, -1.20661954879760742188e+01) (10, -1.30598437786102294922e+00) (11, -2.91379022598266601562e+00) (12, -1.39601737260818481445e-01) (13, -1.11462569236755371094e+00) (14, -5.55508852005004882812e-01) (15, 2.81437468528747558594e+00) 
