FANN_FLO_2.1
num_layers=3
learning_rate=0.400000
connection_rate=1.000000
network_type=0
learning_momentum=0.000000
training_algorithm=2
train_error_function=1
train_stop_function=0
cascade_output_change_fraction=0.010000
quickprop_decay=-0.000100
quickprop_mu=1.750000
rprop_increase_factor=1.200000
rprop_decrease_factor=0.500000
rprop_delta_min=0.000000
rprop_delta_max=50.000000
rprop_delta_zero=0.100000
cascade_output_stagnation_epochs=12
cascade_candidate_change_fraction=0.010000
cascade_candidate_stagnation_epochs=12
cascade_max_out_epochs=150
cascade_min_out_epochs=50
cascade_max_cand_epochs=150
cascade_min_cand_epochs=50
cascade_num_candidate_groups=2
bit_fail_limit=3.49999994039535522461e-01
cascade_candidate_limit=1.00000000000000000000e+03
cascade_weight_multiplier=4.00000005960464477539e-01
cascade_activation_functions_count=10
cascade_activation_functions=3 5 7 8 10 11 14 15 16 17 
cascade_activation_steepnesses_count=4
cascade_activation_steepnesses=2.50000000000000000000e-01 5.00000000000000000000e-01 7.50000000000000000000e-01 1.00000000000000000000e+00 
layer_sizes=7 9 2 
scale_included=0
neurons (num_inputs, activation_function, activation_steepness)=(0, 0, 0.00000000000000000000e+00) (0, 0, 0.00000000000000000000e+00) (0, 0, 0.00000000000000000000e+00) (0, 0, 0.00000000000000000000e+00) (0, 0, 0.00000000000000000000e+00) (0, 0, 0.00000000000000000000e+00) (0, 0, 0.00000000000000000000e+00) (7, 3, 5.00000000000000000000e-01) (7, 3, 5.00000000000000000000e-01) (7, 3, 5.00000000000000000000e-01) (7, 3, 5.00000000000000000000e-01) (7, 3, 5.00000000000000000000e-01) (7, 3, 5.00000000000000000000e-01) (7, 3, 5.00000000000000000000e-01) (7, 3, 5.00000000000000000000e-01) (0, 3, 0.00000000000000000000e+00) (9, 3, 5.00000000000000000000e-01) (0, 3, 0.00000000000000000000e+00) 
connections (connected_to_neuron, weight)=(0, -2.05379295349121093750e+00) (1, -5.48400521278381347656e-01) (2, 1.23446844518184661865e-02) (3, -1.50244736671447753906e+00) (4, 8.07122886180877685547e-03) (5, 6.40269160270690917969e-01) (6, 1.21396076679229736328e+00) (0, -2.74798011779785156250e+00) (1, -1.35313522815704345703e+00) (2, 4.65995168685913085938e+00) (3, 9.74097251892089843750e-01) (4, 1.22404432296752929688e+00) (5, -4.19404315948486328125e+00) (6, -1.58151888847351074219e+00) (0, -3.29488444328308105469e+00) (1, -3.35508990287780761719e+00) (2, -4.76685285568237304688e+00) (3, 8.35968196392059326172e-01) (4, 9.79577958583831787109e-01) (5, 6.49201774597167968750e+00) (6, -9.58651006221771240234e-02) (0, -1.40507373809814453125e+01) (1, -2.21605563163757324219e+00) (2, -1.78241646289825439453e+00) (3, -2.08157324790954589844e+00) (4, 7.82809317111968994141e-01) (5, 5.10607433319091796875e+00) (6, -3.12252974510192871094e+00) (0, -3.34297347068786621094e+00) (1, -2.06660151481628417969e+00) (2, -1.74124109745025634766e+00) (3, -1.64343643188476562500e+00) (4, 1.35441815853118896484e+00) (5, -1.16865806281566619873e-01) (6, -1.89489096403121948242e-01) (0, -4.35905694961547851562e+00) (1, -2.53547596931457519531e+00) (2, -2.65990829467773437500e+00) (3, 1.33155143260955810547e+00) (4, 2.73926377296447753906e+00) (5, 2.21760511398315429688e+00) (6, -2.27646613121032714844e+00) (0, -5.58069896697998046875e+00) (1, -2.56974601745605468750e+00) (2, -1.84639620780944824219e+00) (3, -3.12626385688781738281e+00) (4, -8.49549412727355957031e-01) (5, 1.34834184646606445312e+01) (6, 2.36924737691879272461e-01) (0, -2.57295417785644531250e+00) (1, -2.61572527885437011719e+00) (2, -2.43256855010986328125e+00) (3, 4.25669860839843750000e+00) (4, -3.82950615882873535156e+00) (5, 1.87183380126953125000e+01) (6, -1.02864904403686523438e+01) (7, -1.94525790214538574219e+00) (8, 1.46928608417510986328e+00) (9, 1.28753638267517089844e+00) (10, -2.58532595634460449219e+00) (11, 2.26351404190063476562e+00) (12, 4.23182201385498046875e+00) (13, -1.98597455024719238281e+00) (14, 1.58895158767700195312e+00) (15, -6.12462498247623443604e-02) 
