FANN_FLO_2.1
num_layers=3
learning_rate=0.500000
connection_rate=1.000000
network_type=0
learning_momentum=0.000000
training_algorithm=2
train_error_function=1
train_stop_function=0
cascade_output_change_fraction=0.010000
quickprop_decay=-0.000100
quickprop_mu=1.750000
rprop_increase_factor=1.200000
rprop_decrease_factor=0.500000
rprop_delta_min=0.000000
rprop_delta_max=50.000000
rprop_delta_zero=0.100000
cascade_output_stagnation_epochs=12
cascade_candidate_change_fraction=0.010000
cascade_candidate_stagnation_epochs=12
cascade_max_out_epochs=150
cascade_min_out_epochs=50
cascade_max_cand_epochs=150
cascade_min_cand_epochs=50
cascade_num_candidate_groups=2
bit_fail_limit=3.49999994039535522461e-01
cascade_candidate_limit=1.00000000000000000000e+03
cascade_weight_multiplier=4.00000005960464477539e-01
cascade_activation_functions_count=10
cascade_activation_functions=3 5 7 8 10 11 14 15 16 17 
cascade_activation_steepnesses_count=4
cascade_activation_steepnesses=2.50000000000000000000e-01 5.00000000000000000000e-01 7.50000000000000000000e-01 1.00000000000000000000e+00 
layer_sizes=10 3 2 
scale_included=0
neurons (num_inputs, activation_function, activation_steepness)=(0, 0, 0.00000000000000000000e+00) (0, 0, 0.00000000000000000000e+00) (0, 0, 0.00000000000000000000e+00) (0, 0, 0.00000000000000000000e+00) (0, 0, 0.00000000000000000000e+00) (0, 0, 0.00000000000000000000e+00) (0, 0, 0.00000000000000000000e+00) (0, 0, 0.00000000000000000000e+00) (0, 0, 0.00000000000000000000e+00) (0, 0, 0.00000000000000000000e+00) (10, 3, 5.00000000000000000000e-01) (10, 3, 5.00000000000000000000e-01) (0, 3, 0.00000000000000000000e+00) (3, 3, 5.00000000000000000000e-01) (0, 3, 0.00000000000000000000e+00) 
connections (connected_to_neuron, weight)=(0, 2.53960108757019042969e+00) (1, -2.53154582977294921875e+01) (2, -6.68093204498291015625e-01) (3, 1.39632005691528320312e+01) (4, -1.07827835083007812500e+01) (5, -2.55670046806335449219e+00) (6, 1.52363097667694091797e+00) (7, 1.07983875274658203125e+01) (8, 1.59480457305908203125e+01) (9, 6.13866925239562988281e-01) (0, -5.56458139419555664062e+00) (1, 2.32228589057922363281e+00) (2, -5.30458021163940429688e+00) (3, -4.50355339050292968750e+00) (4, 3.18856549263000488281e+00) (5, 7.09746837615966796875e+00) (6, 8.86712741851806640625e+00) (7, -4.79761123657226562500e+00) (8, -6.68345117568969726562e+00) (9, 2.17809605598449707031e+00) (10, -3.44658970832824707031e+00) (11, -2.75869894027709960938e+00) (12, 3.07467555999755859375e+00) 
