FANN_FLO_2.1
num_layers=4
learning_rate=0.400000
connection_rate=1.000000
network_type=0
learning_momentum=0.000000
training_algorithm=2
train_error_function=1
train_stop_function=0
cascade_output_change_fraction=0.010000
quickprop_decay=-0.000100
quickprop_mu=1.750000
rprop_increase_factor=1.200000
rprop_decrease_factor=0.500000
rprop_delta_min=0.000000
rprop_delta_max=50.000000
rprop_delta_zero=0.100000
cascade_output_stagnation_epochs=12
cascade_candidate_change_fraction=0.010000
cascade_candidate_stagnation_epochs=12
cascade_max_out_epochs=150
cascade_min_out_epochs=50
cascade_max_cand_epochs=150
cascade_min_cand_epochs=50
cascade_num_candidate_groups=2
bit_fail_limit=3.49999994039535522461e-01
cascade_candidate_limit=1.00000000000000000000e+03
cascade_weight_multiplier=4.00000005960464477539e-01
cascade_activation_functions_count=10
cascade_activation_functions=3 5 7 8 10 11 14 15 16 17 
cascade_activation_steepnesses_count=4
cascade_activation_steepnesses=2.50000000000000000000e-01 5.00000000000000000000e-01 7.50000000000000000000e-01 1.00000000000000000000e+00 
layer_sizes=7 5 5 2 
scale_included=0
neurons (num_inputs, activation_function, activation_steepness)=(0, 0, 0.00000000000000000000e+00) (0, 0, 0.00000000000000000000e+00) (0, 0, 0.00000000000000000000e+00) (0, 0, 0.00000000000000000000e+00) (0, 0, 0.00000000000000000000e+00) (0, 0, 0.00000000000000000000e+00) (0, 0, 0.00000000000000000000e+00) (7, 3, 5.00000000000000000000e-01) (7, 3, 5.00000000000000000000e-01) (7, 3, 5.00000000000000000000e-01) (7, 3, 5.00000000000000000000e-01) (0, 3, 0.00000000000000000000e+00) (5, 3, 5.00000000000000000000e-01) (5, 3, 5.00000000000000000000e-01) (5, 3, 5.00000000000000000000e-01) (5, 3, 5.00000000000000000000e-01) (0, 3, 0.00000000000000000000e+00) (5, 3, 5.00000000000000000000e-01) (0, 3, 0.00000000000000000000e+00) 
connections (connected_to_neuron, weight)=(0, 1.50000000000000000000e+03) (1, 1.50000000000000000000e+03) (2, 1.50000000000000000000e+03) (3, 1.50000000000000000000e+03) (4, 1.50000000000000000000e+03) (5, -9.47287109375000000000e+02) (6, -1.91413070678710937500e+02) (0, 2.68847579956054687500e+01) (1, -2.20795702934265136719e+00) (2, 8.34673023223876953125e+00) (3, 3.70034851074218750000e+02) (4, -2.21696289062500000000e+02) (5, -9.36354293823242187500e+01) (6, 2.74778099060058593750e+01) (0, 4.49068794250488281250e+01) (1, -8.17051696777343750000e+00) (2, 6.59105348587036132812e+00) (3, -1.96574829101562500000e+02) (4, -1.22105636596679687500e+01) (5, 5.20409011840820312500e+01) (6, 4.52375450134277343750e+01) (0, -1.50000000000000000000e+03) (1, -1.50000000000000000000e+03) (2, -1.48875781250000000000e+03) (3, -1.48875781250000000000e+03) (4, -1.50000000000000000000e+03) (5, 1.49976977539062500000e+03) (6, 1.11419140625000000000e+03) (7, -1.23369433593750000000e+03) (8, 1.50000000000000000000e+03) (9, 1.49872875976562500000e+03) (10, 1.50000000000000000000e+03) (11, -2.87502803802490234375e+01) (7, -1.29536816406250000000e+03) (8, 1.28866076660156250000e+03) (9, 1.45398278808593750000e+03) (10, 1.50000000000000000000e+03) (11, 2.24813413619995117188e+00) (7, -1.36104809570312500000e+03) (8, 1.35613195800781250000e+03) (9, 1.49350109863281250000e+03) (10, 1.50000000000000000000e+03) (11, 1.04976904392242431641e+00) (7, -1.35558117675781250000e+03) (8, 1.35103051757812500000e+03) (9, 1.47895117187500000000e+03) (10, 1.50000000000000000000e+03) (11, 7.83084750175476074219e-01) (12, -1.09799313545227050781e+00) (13, -4.53483104705810546875e-01) (14, -3.40855479240417480469e-01) (15, -3.24722617864608764648e-01) (16, -9.70800042152404785156e-01) 
