FANN_FLO_2.1
num_layers=3
learning_rate=0.400000
connection_rate=1.000000
network_type=0
learning_momentum=0.000000
training_algorithm=2
train_error_function=1
train_stop_function=0
cascade_output_change_fraction=0.010000
quickprop_decay=-0.000100
quickprop_mu=1.750000
rprop_increase_factor=1.200000
rprop_decrease_factor=0.500000
rprop_delta_min=0.000000
rprop_delta_max=50.000000
rprop_delta_zero=0.100000
cascade_output_stagnation_epochs=12
cascade_candidate_change_fraction=0.010000
cascade_candidate_stagnation_epochs=12
cascade_max_out_epochs=150
cascade_min_out_epochs=50
cascade_max_cand_epochs=150
cascade_min_cand_epochs=50
cascade_num_candidate_groups=2
bit_fail_limit=3.49999994039535522461e-01
cascade_candidate_limit=1.00000000000000000000e+03
cascade_weight_multiplier=4.00000005960464477539e-01
cascade_activation_functions_count=10
cascade_activation_functions=3 5 7 8 10 11 14 15 16 17 
cascade_activation_steepnesses_count=4
cascade_activation_steepnesses=2.50000000000000000000e-01 5.00000000000000000000e-01 7.50000000000000000000e-01 1.00000000000000000000e+00 
layer_sizes=7 9 2 
scale_included=0
neurons (num_inputs, activation_function, activation_steepness)=(0, 0, 0.00000000000000000000e+00) (0, 0, 0.00000000000000000000e+00) (0, 0, 0.00000000000000000000e+00) (0, 0, 0.00000000000000000000e+00) (0, 0, 0.00000000000000000000e+00) (0, 0, 0.00000000000000000000e+00) (0, 0, 0.00000000000000000000e+00) (7, 3, 5.00000000000000000000e-01) (7, 3, 5.00000000000000000000e-01) (7, 3, 5.00000000000000000000e-01) (7, 3, 5.00000000000000000000e-01) (7, 3, 5.00000000000000000000e-01) (7, 3, 5.00000000000000000000e-01) (7, 3, 5.00000000000000000000e-01) (7, 3, 5.00000000000000000000e-01) (0, 3, 0.00000000000000000000e+00) (9, 3, 5.00000000000000000000e-01) (0, 3, 0.00000000000000000000e+00) 
connections (connected_to_neuron, weight)=(0, -9.51896572113037109375e+00) (1, -2.65787929296493530273e-01) (2, 1.63002476096153259277e-01) (3, 1.52689113616943359375e+01) (4, -3.38184928894042968750e+00) (5, 4.11204814910888671875e-01) (6, 1.71433794498443603516e+00) (0, -4.09164619445800781250e+00) (1, 3.83220720291137695312e+00) (2, 2.50251865386962890625e+00) (3, -1.93244528770446777344e+00) (4, 7.89192962646484375000e+00) (5, -9.45306587219238281250e+00) (6, 3.03159475326538085938e+00) (0, -5.20353174209594726562e+00) (1, -4.55932426452636718750e+00) (2, 3.83356511592864990234e-01) (3, 9.90983784198760986328e-01) (4, 1.58205199241638183594e+00) (5, 1.27952206134796142578e+00) (6, -7.62514650821685791016e-01) (0, -6.35013055801391601562e+00) (1, 6.74146592617034912109e-01) (2, 1.27045857906341552734e+00) (3, -3.33387613296508789062e+00) (4, -9.38498497009277343750e-01) (5, 1.45315480232238769531e+00) (6, 1.61837697029113769531e+00) (0, -1.66798770427703857422e+00) (1, -4.34989094734191894531e-01) (2, 2.05344274640083312988e-01) (3, 1.28527438640594482422e+00) (4, -3.47580838203430175781e+00) (5, 8.80280077457427978516e-01) (6, 6.87274634838104248047e-01) (0, 3.25746798515319824219e+00) (1, -1.55031836032867431641e+00) (2, -7.44002759456634521484e-01) (3, 4.16936814785003662109e-01) (4, 3.92013359069824218750e+00) (5, 6.57084107398986816406e-01) (6, 1.64228230714797973633e-01) (0, -1.49282562732696533203e+00) (1, -2.08629083633422851562e+00) (2, -5.20062148571014404297e-01) (3, -1.60986888408660888672e+00) (4, 6.23844861984252929688e+00) (5, -1.25267767906188964844e+00) (6, 4.87625062465667724609e-01) (0, 3.66917729377746582031e+00) (1, 1.82024216651916503906e+00) (2, -5.29227638244628906250e+00) (3, -9.76109695434570312500e+00) (4, -1.16477560997009277344e+00) (5, 9.05387306213378906250e+00) (6, 2.78116655349731445312e+00) (7, -7.23993003368377685547e-01) (8, -2.42492079734802246094e+00) (9, 4.20511484146118164062e+00) (10, -1.41964340209960937500e+00) (11, -1.82541817426681518555e-01) (12, 1.46904218196868896484e+00) (13, 1.94928288459777832031e+00) (14, -1.46128416061401367188e+00) (15, 3.32561224699020385742e-01) 
