FANN_FLO_2.1
num_layers=4
learning_rate=0.400000
connection_rate=1.000000
network_type=0
learning_momentum=0.000000
training_algorithm=2
train_error_function=1
train_stop_function=0
cascade_output_change_fraction=0.010000
quickprop_decay=-0.000100
quickprop_mu=1.750000
rprop_increase_factor=1.200000
rprop_decrease_factor=0.500000
rprop_delta_min=0.000000
rprop_delta_max=50.000000
rprop_delta_zero=0.100000
cascade_output_stagnation_epochs=12
cascade_candidate_change_fraction=0.010000
cascade_candidate_stagnation_epochs=12
cascade_max_out_epochs=150
cascade_min_out_epochs=50
cascade_max_cand_epochs=150
cascade_min_cand_epochs=50
cascade_num_candidate_groups=2
bit_fail_limit=3.49999994039535522461e-01
cascade_candidate_limit=1.00000000000000000000e+03
cascade_weight_multiplier=4.00000005960464477539e-01
cascade_activation_functions_count=10
cascade_activation_functions=3 5 7 8 10 11 14 15 16 17 
cascade_activation_steepnesses_count=4
cascade_activation_steepnesses=2.50000000000000000000e-01 5.00000000000000000000e-01 7.50000000000000000000e-01 1.00000000000000000000e+00 
layer_sizes=7 5 5 2 
scale_included=0
neurons (num_inputs, activation_function, activation_steepness)=(0, 0, 0.00000000000000000000e+00) (0, 0, 0.00000000000000000000e+00) (0, 0, 0.00000000000000000000e+00) (0, 0, 0.00000000000000000000e+00) (0, 0, 0.00000000000000000000e+00) (0, 0, 0.00000000000000000000e+00) (0, 0, 0.00000000000000000000e+00) (7, 3, 5.00000000000000000000e-01) (7, 3, 5.00000000000000000000e-01) (7, 3, 5.00000000000000000000e-01) (7, 3, 5.00000000000000000000e-01) (0, 3, 0.00000000000000000000e+00) (5, 3, 5.00000000000000000000e-01) (5, 3, 5.00000000000000000000e-01) (5, 3, 5.00000000000000000000e-01) (5, 3, 5.00000000000000000000e-01) (0, 3, 0.00000000000000000000e+00) (5, 3, 5.00000000000000000000e-01) (0, 3, 0.00000000000000000000e+00) 
connections (connected_to_neuron, weight)=(0, -4.42617559432983398438e+00) (1, 2.58403450250625610352e-01) (2, -4.18028116226196289062e+00) (3, -4.08186244964599609375e+00) (4, -1.02889382839202880859e+00) (5, 8.68984520435333251953e-01) (6, 2.16028904914855957031e+00) (0, -6.29685831069946289062e+00) (1, 4.27585887908935546875e+00) (2, -1.64547359943389892578e+00) (3, -2.26687479019165039062e+00) (4, -7.82574594020843505859e-01) (5, -8.57519958496093750000e+02) (6, 1.18788194656372070312e+00) (0, -1.08096276855468750000e+03) (1, -8.32851791381835937500e+00) (2, 3.92940673828125000000e+02) (3, -5.33356018066406250000e+02) (4, 3.61349151611328125000e+02) (5, 9.68680297851562500000e+02) (6, 1.41438317298889160156e+00) (0, 9.11484286189079284668e-02) (1, -4.43648815155029296875e+00) (2, -2.69335007667541503906e+00) (3, -4.92213249206542968750e+00) (4, -9.65210855007171630859e-01) (5, 3.12576103210449218750e+00) (6, 7.41808116436004638672e-01) (7, -5.30104637145996093750e+00) (8, -2.43288917541503906250e+01) (9, -2.30096387863159179688e+00) (10, 8.09616851806640625000e+00) (11, -2.35930967330932617188e+00) (7, 2.94049224853515625000e+01) (8, 4.09981536865234375000e+01) (9, 7.33613371849060058594e-02) (10, 4.82601394653320312500e+01) (11, -3.26614356040954589844e+00) (7, 3.94589042663574218750e+01) (8, 2.22299423217773437500e+01) (9, -3.52701711654663085938e+00) (10, 2.51379413604736328125e+01) (11, -2.06549024581909179688e+00) (7, -8.07551956176757812500e+00) (8, 9.68697738647460937500e+00) (9, 1.39847183227539062500e+00) (10, 5.76116275787353515625e+00) (11, -3.43891406059265136719e+00) (12, -1.20716667175292968750e+01) (13, -5.65272748470306396484e-01) (14, -3.64396363496780395508e-01) (15, -1.46944370269775390625e+01) (16, 9.28844511508941650391e-02) 
