FANN_FLO_2.1
num_layers=3
learning_rate=0.400000
connection_rate=1.000000
network_type=0
learning_momentum=0.000000
training_algorithm=2
train_error_function=1
train_stop_function=0
cascade_output_change_fraction=0.010000
quickprop_decay=-0.000100
quickprop_mu=1.750000
rprop_increase_factor=1.200000
rprop_decrease_factor=0.500000
rprop_delta_min=0.000000
rprop_delta_max=50.000000
rprop_delta_zero=0.100000
cascade_output_stagnation_epochs=12
cascade_candidate_change_fraction=0.010000
cascade_candidate_stagnation_epochs=12
cascade_max_out_epochs=150
cascade_min_out_epochs=50
cascade_max_cand_epochs=150
cascade_min_cand_epochs=50
cascade_num_candidate_groups=2
bit_fail_limit=3.49999994039535522461e-01
cascade_candidate_limit=1.00000000000000000000e+03
cascade_weight_multiplier=4.00000005960464477539e-01
cascade_activation_functions_count=10
cascade_activation_functions=3 5 7 8 10 11 14 15 16 17 
cascade_activation_steepnesses_count=4
cascade_activation_steepnesses=2.50000000000000000000e-01 5.00000000000000000000e-01 7.50000000000000000000e-01 1.00000000000000000000e+00 
layer_sizes=7 5 2 
scale_included=0
neurons (num_inputs, activation_function, activation_steepness)=(0, 0, 0.00000000000000000000e+00) (0, 0, 0.00000000000000000000e+00) (0, 0, 0.00000000000000000000e+00) (0, 0, 0.00000000000000000000e+00) (0, 0, 0.00000000000000000000e+00) (0, 0, 0.00000000000000000000e+00) (0, 0, 0.00000000000000000000e+00) (7, 3, 5.00000000000000000000e-01) (7, 3, 5.00000000000000000000e-01) (7, 3, 5.00000000000000000000e-01) (7, 3, 5.00000000000000000000e-01) (0, 3, 0.00000000000000000000e+00) (5, 3, 5.00000000000000000000e-01) (0, 3, 0.00000000000000000000e+00) 
connections (connected_to_neuron, weight)=(0, 3.59418569132685661316e-03) (1, -2.42980885505676269531e+00) (2, -2.72429656982421875000e+00) (3, 3.21815800666809082031e+00) (4, -1.61016130447387695312e+00) (5, 8.21118545532226562500e+00) (6, -4.08058643341064453125e+00) (0, -2.12212634086608886719e+00) (1, -2.52129435539245605469e+00) (2, 6.05395078659057617188e+00) (3, 3.82855486869812011719e+00) (4, 5.75165653228759765625e+00) (5, -1.30822029113769531250e+01) (6, -1.09491991996765136719e+00) (0, -6.01052236557006835938e+00) (1, -2.44026875495910644531e+00) (2, -2.51828908920288085938e+00) (3, 2.00017857551574707031e+00) (4, 3.05426955223083496094e+00) (5, 2.18315553665161132812e+00) (6, -2.45548224449157714844e+00) (0, -3.90843629837036132812e+00) (1, -2.51560807228088378906e+00) (2, 6.96254301071166992188e+00) (3, 2.25421023368835449219e+00) (4, 8.53603959083557128906e-01) (5, -5.53700685501098632812e+00) (6, -2.19300723075866699219e+00) (7, 2.92341375350952148438e+00) (8, 2.30286550521850585938e+00) (9, 3.82423520088195800781e+00) (10, 1.48150479793548583984e+00) (11, -2.74381208419799804688e+00) 
