FANN_FLO_2.1
num_layers=3
learning_rate=0.400000
connection_rate=1.000000
network_type=0
learning_momentum=0.000000
training_algorithm=2
train_error_function=1
train_stop_function=0
cascade_output_change_fraction=0.010000
quickprop_decay=-0.000100
quickprop_mu=1.750000
rprop_increase_factor=1.200000
rprop_decrease_factor=0.500000
rprop_delta_min=0.000000
rprop_delta_max=50.000000
rprop_delta_zero=0.100000
cascade_output_stagnation_epochs=12
cascade_candidate_change_fraction=0.010000
cascade_candidate_stagnation_epochs=12
cascade_max_out_epochs=150
cascade_min_out_epochs=50
cascade_max_cand_epochs=150
cascade_min_cand_epochs=50
cascade_num_candidate_groups=2
bit_fail_limit=3.49999994039535522461e-01
cascade_candidate_limit=1.00000000000000000000e+03
cascade_weight_multiplier=4.00000005960464477539e-01
cascade_activation_functions_count=10
cascade_activation_functions=3 5 7 8 10 11 14 15 16 17 
cascade_activation_steepnesses_count=4
cascade_activation_steepnesses=2.50000000000000000000e-01 5.00000000000000000000e-01 7.50000000000000000000e-01 1.00000000000000000000e+00 
layer_sizes=7 5 2 
scale_included=0
neurons (num_inputs, activation_function, activation_steepness)=(0, 0, 0.00000000000000000000e+00) (0, 0, 0.00000000000000000000e+00) (0, 0, 0.00000000000000000000e+00) (0, 0, 0.00000000000000000000e+00) (0, 0, 0.00000000000000000000e+00) (0, 0, 0.00000000000000000000e+00) (0, 0, 0.00000000000000000000e+00) (7, 3, 5.00000000000000000000e-01) (7, 3, 5.00000000000000000000e-01) (7, 3, 5.00000000000000000000e-01) (7, 3, 5.00000000000000000000e-01) (0, 3, 0.00000000000000000000e+00) (5, 3, 5.00000000000000000000e-01) (0, 3, 0.00000000000000000000e+00) 
connections (connected_to_neuron, weight)=(0, 1.07951864600181579590e-01) (1, -4.45916938781738281250e+00) (2, -5.00443339347839355469e-01) (3, 3.02402544021606445312e+00) (4, 1.42070844769477844238e-01) (5, 7.26172208786010742188e+00) (6, -4.94301128387451171875e+00) (0, 1.86894381046295166016e+00) (1, 1.55346083641052246094e+00) (2, -1.05067238211631774902e-01) (3, -3.69574785232543945312e+00) (4, -1.05339658260345458984e+00) (5, 1.48925817012786865234e+00) (6, 3.28218197822570800781e+00) (0, 4.82535183429718017578e-01) (1, -3.78843605518341064453e-01) (2, 4.23646402359008789062e+00) (3, -1.75108623504638671875e+00) (4, 3.58291769027709960938e+00) (5, -1.10272474288940429688e+01) (6, -1.00682628154754638672e+00) (0, -6.44099664688110351562e+00) (1, -2.62401366233825683594e+00) (2, -8.64009618759155273438e-01) (3, 1.08540785312652587891e+00) (4, 2.48806810379028320312e+00) (5, 6.19627237319946289062e-01) (6, -1.00189602375030517578e+00) (7, 2.64420032501220703125e+00) (8, -1.91878294944763183594e+00) (9, 2.65857219696044921875e+00) (10, 4.18894577026367187500e+00) (11, -2.97302514314651489258e-01) 
