FANN_FLO_2.1
num_layers=4
learning_rate=0.500000
connection_rate=1.000000
network_type=0
learning_momentum=0.000000
training_algorithm=2
train_error_function=1
train_stop_function=0
cascade_output_change_fraction=0.010000
quickprop_decay=-0.000100
quickprop_mu=1.750000
rprop_increase_factor=1.200000
rprop_decrease_factor=0.500000
rprop_delta_min=0.000000
rprop_delta_max=50.000000
rprop_delta_zero=0.100000
cascade_output_stagnation_epochs=12
cascade_candidate_change_fraction=0.010000
cascade_candidate_stagnation_epochs=12
cascade_max_out_epochs=150
cascade_min_out_epochs=50
cascade_max_cand_epochs=150
cascade_min_cand_epochs=50
cascade_num_candidate_groups=2
bit_fail_limit=3.49999994039535522461e-01
cascade_candidate_limit=1.00000000000000000000e+03
cascade_weight_multiplier=4.00000005960464477539e-01
cascade_activation_functions_count=10
cascade_activation_functions=3 5 7 8 10 11 14 15 16 17 
cascade_activation_steepnesses_count=4
cascade_activation_steepnesses=2.50000000000000000000e-01 5.00000000000000000000e-01 7.50000000000000000000e-01 1.00000000000000000000e+00 
layer_sizes=2 5 3 3 
scale_included=0
neurons (num_inputs, activation_function, activation_steepness)=(0, 0, 0.00000000000000000000e+00) (0, 0, 0.00000000000000000000e+00) (2, 3, 5.00000000000000000000e-01) (2, 3, 5.00000000000000000000e-01) (2, 3, 5.00000000000000000000e-01) (2, 3, 5.00000000000000000000e-01) (0, 3, 0.00000000000000000000e+00) (5, 3, 5.00000000000000000000e-01) (5, 3, 5.00000000000000000000e-01) (0, 3, 0.00000000000000000000e+00) (3, 0, 5.00000000000000000000e-01) (3, 0, 5.00000000000000000000e-01) (0, 0, 0.00000000000000000000e+00) 
connections (connected_to_neuron, weight)=(0, 1.50000000000000000000e+03) (1, -8.60538768768310546875e+00) (0, -3.10270019531250000000e+02) (1, 8.25958862304687500000e+01) (0, 1.42587219238281250000e+03) (1, -2.12586959838867187500e+02) (0, 1.50000000000000000000e+03) (1, -8.17515014648437500000e+02) (2, 1.42500000000000000000e+03) (3, 1.47624359130859375000e+01) (4, 1.50000000000000000000e+03) (5, -1.50000000000000000000e+03) (6, -1.41124582290649414062e+01) (2, -3.83074523925781250000e+02) (3, 3.84738525390625000000e+02) (4, -1.67899727821350097656e+00) (5, -1.50000000000000000000e+03) (6, 3.44087153673171997070e-01) (7, -2.84699177742004394531e+00) (8, 5.21357536315917968750e-01) (9, 1.35832810401916503906e+00) (7, -1.29940283298492431641e+00) (8, 2.84773492813110351562e+00) (9, 2.71069675683975219727e-01) 
