FANN_FLO_2.1
num_layers=4
learning_rate=0.500000
connection_rate=1.000000
network_type=0
learning_momentum=0.000000
training_algorithm=2
train_error_function=1
train_stop_function=0
cascade_output_change_fraction=0.010000
quickprop_decay=-0.000100
quickprop_mu=1.750000
rprop_increase_factor=1.200000
rprop_decrease_factor=0.500000
rprop_delta_min=0.000000
rprop_delta_max=50.000000
rprop_delta_zero=0.100000
cascade_output_stagnation_epochs=12
cascade_candidate_change_fraction=0.010000
cascade_candidate_stagnation_epochs=12
cascade_max_out_epochs=150
cascade_min_out_epochs=50
cascade_max_cand_epochs=150
cascade_min_cand_epochs=50
cascade_num_candidate_groups=2
bit_fail_limit=3.49999994039535522461e-01
cascade_candidate_limit=1.00000000000000000000e+03
cascade_weight_multiplier=4.00000005960464477539e-01
cascade_activation_functions_count=10
cascade_activation_functions=3 5 7 8 10 11 14 15 16 17 
cascade_activation_steepnesses_count=4
cascade_activation_steepnesses=2.50000000000000000000e-01 5.00000000000000000000e-01 7.50000000000000000000e-01 1.00000000000000000000e+00 
layer_sizes=10 3 3 2 
scale_included=0
neurons (num_inputs, activation_function, activation_steepness)=(0, 0, 0.00000000000000000000e+00) (0, 0, 0.00000000000000000000e+00) (0, 0, 0.00000000000000000000e+00) (0, 0, 0.00000000000000000000e+00) (0, 0, 0.00000000000000000000e+00) (0, 0, 0.00000000000000000000e+00) (0, 0, 0.00000000000000000000e+00) (0, 0, 0.00000000000000000000e+00) (0, 0, 0.00000000000000000000e+00) (0, 0, 0.00000000000000000000e+00) (10, 3, 5.00000000000000000000e-01) (10, 3, 5.00000000000000000000e-01) (0, 3, 0.00000000000000000000e+00) (3, 3, 5.00000000000000000000e-01) (3, 3, 5.00000000000000000000e-01) (0, 3, 0.00000000000000000000e+00) (3, 3, 5.00000000000000000000e-01) (0, 3, 0.00000000000000000000e+00) 
connections (connected_to_neuron, weight)=(0, 3.24586257934570312500e+01) (1, 3.53941178321838378906e+00) (2, 5.79237031936645507812e+00) (3, 8.47871017456054687500e+00) (4, -2.92971706390380859375e+01) (5, -8.36820755004882812500e+01) (6, 3.59769706726074218750e+01) (7, 4.36982231140136718750e+01) (8, -1.79545459747314453125e+01) (9, -2.13393497467041015625e+00) (0, 1.76319732666015625000e+01) (1, -1.59967765808105468750e+01) (2, 1.39537799358367919922e+00) (3, 1.20813167095184326172e+00) (4, -1.18184270858764648438e+01) (5, -1.02707929611206054688e+01) (6, -2.42915213108062744141e-01) (7, 2.79647388458251953125e+01) (8, -1.35335121154785156250e+01) (9, 6.23633146286010742188e-01) (10, 1.10948371887207031250e+01) (11, -1.12025260925292968750e+01) (12, -2.84156847000122070312e+00) (10, -4.75731849670410156250e+00) (11, 3.29892234802246093750e+01) (12, -3.72157931327819824219e+00) (13, 1.08378314971923828125e+01) (14, -3.20655918121337890625e+00) (15, 5.19744515419006347656e-01) 
