FANN_FLO_2.1
num_layers=3
learning_rate=0.400000
connection_rate=1.000000
network_type=0
learning_momentum=0.000000
training_algorithm=2
train_error_function=1
train_stop_function=0
cascade_output_change_fraction=0.010000
quickprop_decay=-0.000100
quickprop_mu=1.750000
rprop_increase_factor=1.200000
rprop_decrease_factor=0.500000
rprop_delta_min=0.000000
rprop_delta_max=50.000000
rprop_delta_zero=0.100000
cascade_output_stagnation_epochs=12
cascade_candidate_change_fraction=0.010000
cascade_candidate_stagnation_epochs=12
cascade_max_out_epochs=150
cascade_min_out_epochs=50
cascade_max_cand_epochs=150
cascade_min_cand_epochs=50
cascade_num_candidate_groups=2
bit_fail_limit=3.49999994039535522461e-01
cascade_candidate_limit=1.00000000000000000000e+03
cascade_weight_multiplier=4.00000005960464477539e-01
cascade_activation_functions_count=10
cascade_activation_functions=3 5 7 8 10 11 14 15 16 17 
cascade_activation_steepnesses_count=4
cascade_activation_steepnesses=2.50000000000000000000e-01 5.00000000000000000000e-01 7.50000000000000000000e-01 1.00000000000000000000e+00 
layer_sizes=7 9 2 
scale_included=0
neurons (num_inputs, activation_function, activation_steepness)=(0, 0, 0.00000000000000000000e+00) (0, 0, 0.00000000000000000000e+00) (0, 0, 0.00000000000000000000e+00) (0, 0, 0.00000000000000000000e+00) (0, 0, 0.00000000000000000000e+00) (0, 0, 0.00000000000000000000e+00) (0, 0, 0.00000000000000000000e+00) (7, 3, 5.00000000000000000000e-01) (7, 3, 5.00000000000000000000e-01) (7, 3, 5.00000000000000000000e-01) (7, 3, 5.00000000000000000000e-01) (7, 3, 5.00000000000000000000e-01) (7, 3, 5.00000000000000000000e-01) (7, 3, 5.00000000000000000000e-01) (7, 3, 5.00000000000000000000e-01) (0, 3, 0.00000000000000000000e+00) (9, 3, 5.00000000000000000000e-01) (0, 3, 0.00000000000000000000e+00) 
connections (connected_to_neuron, weight)=(0, -3.29679727554321289062e+00) (1, -1.19120073318481445312e+00) (2, 2.68124270439147949219e+00) (3, -1.65981495380401611328e+00) (4, -9.69802081584930419922e-01) (5, 6.43800720572471618652e-02) (6, 5.67838382720947265625e+00) (0, 8.65516376495361328125e+00) (1, -1.06161193847656250000e+01) (2, -4.75565099716186523438e+00) (3, -4.91388893127441406250e+00) (4, -1.46110641956329345703e+00) (5, 4.81174373626708984375e+00) (6, -2.41717100143432617188e+00) (0, -8.20407390594482421875e+00) (1, 7.39814758300781250000e+00) (2, -1.81924934387207031250e+01) (3, -6.31621170043945312500e+00) (4, 8.56315717101097106934e-02) (5, -3.03568124771118164062e+00) (6, -1.68693549931049346924e-02) (0, 6.13444149494171142578e-01) (1, -1.03008620440959930420e-01) (2, 3.67765045166015625000e+01) (3, -1.12595815658569335938e+01) (4, -2.52388262748718261719e+00) (5, -2.54376053810119628906e+00) (6, 5.41049766540527343750e+00) (0, -1.18351507186889648438e+01) (1, 4.47508335113525390625e+00) (2, -3.32130775451660156250e+01) (3, 4.01967191696166992188e+00) (4, 3.62900114059448242188e+00) (5, 1.50000000000000000000e+03) (6, 1.08322060108184814453e+00) (0, -9.84803676605224609375e+00) (1, 8.53542518615722656250e+00) (2, 5.87821841239929199219e-01) (3, -2.90734815597534179688e+00) (4, -2.02803730964660644531e+00) (5, -4.13330411911010742188e+00) (6, 2.33289927244186401367e-01) (0, -1.94304096698760986328e+00) (1, 7.74105370044708251953e-01) (2, -1.36345157623291015625e+01) (3, -5.22815179824829101562e+00) (4, -2.86651062965393066406e+00) (5, 5.99773705005645751953e-01) (6, 5.48120832443237304688e+00) (0, -4.82751816511154174805e-01) (1, -1.36637806892395019531e+00) (2, -5.08113241195678710938e+00) (3, -4.75663328170776367188e+00) (4, -1.65645754337310791016e+00) (5, 1.04239654541015625000e+00) (6, 5.67976355552673339844e-01) (7, -8.20723712444305419922e-01) (8, -1.05431518554687500000e+01) (9, -5.66923952102661132812e+00) (10, -4.92472290992736816406e-01) (11, -6.32876157760620117188e-01) (12, -1.32954463958740234375e+01) (13, -4.54889237880706787109e-01) (14, 1.14563302993774414062e+01) (15, -3.76736372709274291992e-01) 
