FANN_FLO_2.1
num_layers=3
learning_rate=0.500000
connection_rate=1.000000
network_type=0
learning_momentum=0.000000
training_algorithm=2
train_error_function=1
train_stop_function=0
cascade_output_change_fraction=0.010000
quickprop_decay=-0.000100
quickprop_mu=1.750000
rprop_increase_factor=1.200000
rprop_decrease_factor=0.500000
rprop_delta_min=0.000000
rprop_delta_max=50.000000
rprop_delta_zero=0.100000
cascade_output_stagnation_epochs=12
cascade_candidate_change_fraction=0.010000
cascade_candidate_stagnation_epochs=12
cascade_max_out_epochs=150
cascade_min_out_epochs=50
cascade_max_cand_epochs=150
cascade_min_cand_epochs=50
cascade_num_candidate_groups=2
bit_fail_limit=3.49999994039535522461e-01
cascade_candidate_limit=1.00000000000000000000e+03
cascade_weight_multiplier=4.00000005960464477539e-01
cascade_activation_functions_count=10
cascade_activation_functions=3 5 7 8 10 11 14 15 16 17 
cascade_activation_steepnesses_count=4
cascade_activation_steepnesses=2.50000000000000000000e-01 5.00000000000000000000e-01 7.50000000000000000000e-01 1.00000000000000000000e+00 
layer_sizes=10 5 2 
scale_included=0
neurons (num_inputs, activation_function, activation_steepness)=(0, 0, 0.00000000000000000000e+00) (0, 0, 0.00000000000000000000e+00) (0, 0, 0.00000000000000000000e+00) (0, 0, 0.00000000000000000000e+00) (0, 0, 0.00000000000000000000e+00) (0, 0, 0.00000000000000000000e+00) (0, 0, 0.00000000000000000000e+00) (0, 0, 0.00000000000000000000e+00) (0, 0, 0.00000000000000000000e+00) (0, 0, 0.00000000000000000000e+00) (10, 3, 5.00000000000000000000e-01) (10, 3, 5.00000000000000000000e-01) (10, 3, 5.00000000000000000000e-01) (10, 3, 5.00000000000000000000e-01) (0, 3, 0.00000000000000000000e+00) (5, 3, 5.00000000000000000000e-01) (0, 3, 0.00000000000000000000e+00) 
connections (connected_to_neuron, weight)=(0, 1.96673893928527832031e+00) (1, -5.68529558181762695312e+00) (2, 5.51007652282714843750e+01) (3, 2.57650279998779296875e+00) (4, 7.39821745082736015320e-03) (5, -3.61951613426208496094e+00) (6, -5.42053070068359375000e+01) (7, 2.35852050781250000000e+00) (8, 5.30731618404388427734e-01) (9, 8.78372639417648315430e-02) (0, -2.75556874275207519531e+00) (1, 1.76966838836669921875e+01) (2, 2.77115368843078613281e+00) (3, -3.88197159767150878906e+00) (4, 6.56966447830200195312e-01) (5, 1.29116678237915039062e+00) (6, -3.62468576431274414062e+00) (7, -9.65751934051513671875e+00) (8, -6.37376737594604492188e+00) (9, -2.25735977292060852051e-01) (0, 3.71445608139038085938e+00) (1, 1.20395764708518981934e-01) (2, 8.76116847991943359375e+00) (3, 1.25696969032287597656e+00) (4, 4.41209363937377929688e+00) (5, -7.66627788543701171875e+00) (6, -1.38045282363891601562e+01) (7, 9.69652235507965087891e-01) (8, 2.14714121818542480469e+00) (9, 3.32452356815338134766e-01) (0, -3.38851630687713623047e-01) (1, 9.11545467376708984375e+00) (2, 3.57471323013305664062e+00) (3, 9.54730749130249023438e-01) (4, 6.29463374614715576172e-01) (5, 4.41702693700790405273e-01) (6, -2.28443927764892578125e+01) (7, 5.88207912445068359375e+00) (8, -4.12175035476684570312e+00) (9, -1.20967936515808105469e+00) (10, -1.08697247505187988281e+00) (11, 2.64066839218139648438e+00) (12, -3.10476160049438476562e+00) (13, 1.56168115139007568359e+00) (14, 9.23382759094238281250e-01) 
