FANN_FLO_2.1
num_layers=4
learning_rate=0.500000
connection_rate=1.000000
network_type=0
learning_momentum=0.000000
training_algorithm=2
train_error_function=1
train_stop_function=0
cascade_output_change_fraction=0.010000
quickprop_decay=-0.000100
quickprop_mu=1.750000
rprop_increase_factor=1.200000
rprop_decrease_factor=0.500000
rprop_delta_min=0.000000
rprop_delta_max=50.000000
rprop_delta_zero=0.100000
cascade_output_stagnation_epochs=12
cascade_candidate_change_fraction=0.010000
cascade_candidate_stagnation_epochs=12
cascade_max_out_epochs=150
cascade_min_out_epochs=50
cascade_max_cand_epochs=150
cascade_min_cand_epochs=50
cascade_num_candidate_groups=2
bit_fail_limit=3.49999994039535522461e-01
cascade_candidate_limit=1.00000000000000000000e+03
cascade_weight_multiplier=4.00000005960464477539e-01
cascade_activation_functions_count=10
cascade_activation_functions=3 5 7 8 10 11 14 15 16 17 
cascade_activation_steepnesses_count=4
cascade_activation_steepnesses=2.50000000000000000000e-01 5.00000000000000000000e-01 7.50000000000000000000e-01 1.00000000000000000000e+00 
layer_sizes=2 5 5 3 
scale_included=0
neurons (num_inputs, activation_function, activation_steepness)=(0, 0, 0.00000000000000000000e+00) (0, 0, 0.00000000000000000000e+00) (2, 3, 5.00000000000000000000e-01) (2, 3, 5.00000000000000000000e-01) (2, 3, 5.00000000000000000000e-01) (2, 3, 5.00000000000000000000e-01) (0, 3, 0.00000000000000000000e+00) (5, 3, 5.00000000000000000000e-01) (5, 3, 5.00000000000000000000e-01) (5, 3, 5.00000000000000000000e-01) (5, 3, 5.00000000000000000000e-01) (0, 3, 0.00000000000000000000e+00) (5, 0, 5.00000000000000000000e-01) (5, 0, 5.00000000000000000000e-01) (0, 0, 0.00000000000000000000e+00) 
connections (connected_to_neuron, weight)=(0, 7.51387119293212890625e+00) (1, 7.27264024317264556885e-03) (0, 1.14870672225952148438e+01) (1, -3.98443341255187988281e+00) (0, 3.03761272430419921875e+01) (1, -5.60726404190063476562e-01) (0, 6.23644781112670898438e+00) (1, 1.11178636550903320312e-01) (2, 2.31226110458374023438e+00) (3, -1.03592939376831054688e+01) (4, 2.11568021774291992188e+00) (5, 2.29444146156311035156e+00) (6, 1.50289344787597656250e+00) (2, -4.69802916049957275391e-01) (3, -1.10259170532226562500e+01) (4, -2.61235475540161132812e-01) (5, -5.14410972595214843750e-01) (6, -3.76207709312438964844e-01) (2, 1.50000000000000000000e+03) (3, 1.50000000000000000000e+03) (4, 3.62743854522705078125e-01) (5, 1.50000000000000000000e+03) (6, 1.61095314025878906250e+01) (2, -3.50021660327911376953e-01) (3, -3.89492201805114746094e+00) (4, 7.28214621543884277344e-01) (5, -3.59357953071594238281e-01) (6, 5.71191310882568359375e-01) (7, -2.02907443046569824219e+00) (8, 1.04120893478393554688e+01) (9, 5.03621041774749755859e-01) (10, -1.78593409061431884766e+00) (11, 1.24726071953773498535e-01) (7, 2.18109473586082458496e-01) (8, 5.34176635742187500000e+00) (9, -2.17284798622131347656e+00) (10, 4.94423246383666992188e+00) (11, -2.54981666803359985352e-01) 
