FANN_FLO_2.1
num_layers=3
learning_rate=0.400000
connection_rate=1.000000
network_type=0
learning_momentum=0.000000
training_algorithm=2
train_error_function=1
train_stop_function=0
cascade_output_change_fraction=0.010000
quickprop_decay=-0.000100
quickprop_mu=1.750000
rprop_increase_factor=1.200000
rprop_decrease_factor=0.500000
rprop_delta_min=0.000000
rprop_delta_max=50.000000
rprop_delta_zero=0.100000
cascade_output_stagnation_epochs=12
cascade_candidate_change_fraction=0.010000
cascade_candidate_stagnation_epochs=12
cascade_max_out_epochs=150
cascade_min_out_epochs=50
cascade_max_cand_epochs=150
cascade_min_cand_epochs=50
cascade_num_candidate_groups=2
bit_fail_limit=3.49999994039535522461e-01
cascade_candidate_limit=1.00000000000000000000e+03
cascade_weight_multiplier=4.00000005960464477539e-01
cascade_activation_functions_count=10
cascade_activation_functions=3 5 7 8 10 11 14 15 16 17 
cascade_activation_steepnesses_count=4
cascade_activation_steepnesses=2.50000000000000000000e-01 5.00000000000000000000e-01 7.50000000000000000000e-01 1.00000000000000000000e+00 
layer_sizes=7 9 2 
scale_included=0
neurons (num_inputs, activation_function, activation_steepness)=(0, 0, 0.00000000000000000000e+00) (0, 0, 0.00000000000000000000e+00) (0, 0, 0.00000000000000000000e+00) (0, 0, 0.00000000000000000000e+00) (0, 0, 0.00000000000000000000e+00) (0, 0, 0.00000000000000000000e+00) (0, 0, 0.00000000000000000000e+00) (7, 3, 5.00000000000000000000e-01) (7, 3, 5.00000000000000000000e-01) (7, 3, 5.00000000000000000000e-01) (7, 3, 5.00000000000000000000e-01) (7, 3, 5.00000000000000000000e-01) (7, 3, 5.00000000000000000000e-01) (7, 3, 5.00000000000000000000e-01) (7, 3, 5.00000000000000000000e-01) (0, 3, 0.00000000000000000000e+00) (9, 3, 5.00000000000000000000e-01) (0, 3, 0.00000000000000000000e+00) 
connections (connected_to_neuron, weight)=(0, 1.82643151283264160156e+00) (1, 8.31380307674407958984e-01) (2, 3.59608143568038940430e-01) (3, -3.07588768005371093750e+00) (4, 1.68945622444152832031e+00) (5, 3.62215965986251831055e-01) (6, 2.52860236167907714844e+00) (0, 2.43676811456680297852e-01) (1, 3.76201093196868896484e-01) (2, 3.25281119346618652344e+00) (3, -2.52058720588684082031e+00) (4, 6.96274757385253906250e+00) (5, -9.33644199371337890625e+00) (6, -3.63638401031494140625e+00) (0, -2.69006657600402832031e+00) (1, -2.43021965026855468750e+00) (2, -5.12024593353271484375e+00) (3, 2.68754422664642333984e-01) (4, 5.67949628829956054688e+00) (5, 1.96634995937347412109e+00) (6, -2.72768664360046386719e+00) (0, 5.22470831871032714844e-01) (1, 6.35629713535308837891e-01) (2, -1.04584693908691406250e+00) (3, -5.20952522754669189453e-01) (4, -1.76331090927124023438e+00) (5, 1.63925158977508544922e+00) (6, 1.04943442344665527344e+00) (0, -1.20184838771820068359e+00) (1, -1.36272609233856201172e+00) (2, -1.53440833091735839844e+00) (3, 2.35095667839050292969e+00) (4, -2.60278642177581787109e-01) (5, 7.28138494491577148438e+00) (6, -4.04355478286743164062e+00) (0, -2.96789813041687011719e+00) (1, -1.65266871452331542969e+00) (2, -9.92136478424072265625e-01) (3, 3.45987939834594726562e+00) (4, -5.19404113292694091797e-01) (5, 1.07813596725463867188e+00) (6, -2.65804100036621093750e+00) (0, 9.97970640659332275391e-01) (1, 9.90824878215789794922e-01) (2, 4.61265683174133300781e-01) (3, -3.09165334701538085938e+00) (4, 3.32537388801574707031e+00) (5, 5.90052723884582519531e-01) (6, 1.86081457138061523438e+00) (0, 4.54151344299316406250e+00) (1, 1.04856407642364501953e+00) (2, -2.16927081346511840820e-01) (3, -2.76779341697692871094e+00) (4, -9.18610274791717529297e-01) (5, 6.74881994724273681641e-01) (6, 2.00187444686889648438e+00) (7, -6.62469983100891113281e-01) (8, 3.22842478752136230469e+00) (9, 2.77856326103210449219e+00) (10, -9.50641155242919921875e-01) (11, 2.80014705657958984375e+00) (12, 1.84803557395935058594e+00) (13, -6.39816880226135253906e-01) (14, -6.50352835655212402344e-01) (15, -1.45595684647560119629e-01) 
