FANN_FLO_2.1
num_layers=3
learning_rate=0.400000
connection_rate=1.000000
network_type=0
learning_momentum=0.000000
training_algorithm=2
train_error_function=1
train_stop_function=0
cascade_output_change_fraction=0.010000
quickprop_decay=-0.000100
quickprop_mu=1.750000
rprop_increase_factor=1.200000
rprop_decrease_factor=0.500000
rprop_delta_min=0.000000
rprop_delta_max=50.000000
rprop_delta_zero=0.100000
cascade_output_stagnation_epochs=12
cascade_candidate_change_fraction=0.010000
cascade_candidate_stagnation_epochs=12
cascade_max_out_epochs=150
cascade_min_out_epochs=50
cascade_max_cand_epochs=150
cascade_min_cand_epochs=50
cascade_num_candidate_groups=2
bit_fail_limit=3.49999994039535522461e-01
cascade_candidate_limit=1.00000000000000000000e+03
cascade_weight_multiplier=4.00000005960464477539e-01
cascade_activation_functions_count=10
cascade_activation_functions=3 5 7 8 10 11 14 15 16 17 
cascade_activation_steepnesses_count=4
cascade_activation_steepnesses=2.50000000000000000000e-01 5.00000000000000000000e-01 7.50000000000000000000e-01 1.00000000000000000000e+00 
layer_sizes=7 9 2 
scale_included=0
neurons (num_inputs, activation_function, activation_steepness)=(0, 0, 0.00000000000000000000e+00) (0, 0, 0.00000000000000000000e+00) (0, 0, 0.00000000000000000000e+00) (0, 0, 0.00000000000000000000e+00) (0, 0, 0.00000000000000000000e+00) (0, 0, 0.00000000000000000000e+00) (0, 0, 0.00000000000000000000e+00) (7, 3, 5.00000000000000000000e-01) (7, 3, 5.00000000000000000000e-01) (7, 3, 5.00000000000000000000e-01) (7, 3, 5.00000000000000000000e-01) (7, 3, 5.00000000000000000000e-01) (7, 3, 5.00000000000000000000e-01) (7, 3, 5.00000000000000000000e-01) (7, 3, 5.00000000000000000000e-01) (0, 3, 0.00000000000000000000e+00) (9, 3, 5.00000000000000000000e-01) (0, 3, 0.00000000000000000000e+00) 
connections (connected_to_neuron, weight)=(0, -3.97590138018131256104e-02) (1, -1.06025564670562744141e+00) (2, -4.25599765777587890625e+00) (3, 1.97690463066101074219e+00) (4, -1.43312323093414306641e+00) (5, 5.31771230697631835938e+00) (6, -1.22320878505706787109e+00) (0, -8.58392639160156250000e+01) (1, 4.42273187637329101562e+00) (2, 9.62320041656494140625e+00) (3, -1.93901515007019042969e+00) (4, -2.59444975852966308594e+00) (5, -8.87897014617919921875e+00) (6, 2.29524821043014526367e-01) (0, 2.98486083745956420898e-01) (1, 6.95867836475372314453e-01) (2, -2.10160183906555175781e+00) (3, -9.84480500221252441406e-01) (4, -2.02011752128601074219e+00) (5, -1.61598122119903564453e+00) (6, 2.33938741683959960938e+00) (0, 1.50000000000000000000e+03) (1, 1.50000000000000000000e+03) (2, 1.50000000000000000000e+03) (3, 9.37880694866180419922e-01) (4, 3.44619822502136230469e+00) (5, 3.24802541732788085938e+00) (6, -3.49196106195449829102e-01) (0, 1.15004217624664306641e+00) (1, 9.18411493301391601562e-01) (2, -3.87564468383789062500e+00) (3, 2.07536077499389648438e+00) (4, -4.47573947906494140625e+00) (5, 1.03625488281250000000e+01) (6, 2.94439196586608886719e-01) (0, -4.37314701080322265625e+00) (1, -2.50436520576477050781e+00) (2, -1.45409440994262695312e+00) (3, 1.21279215812683105469e+00) (4, 1.04314374923706054688e+00) (5, 9.68026399612426757812e-01) (6, -1.77212858200073242188e+00) (0, 6.13390028476715087891e-01) (1, 6.19403302669525146484e-01) (2, -2.42360758781433105469e+00) (3, -1.33590090274810791016e+00) (4, -2.95615839958190917969e+00) (5, -1.58543276786804199219e+00) (6, 1.58881044387817382812e+00) (0, -2.28457474708557128906e+00) (1, 8.25846672058105468750e-01) (2, -3.07688975334167480469e+00) (3, 1.61501371860504150391e+00) (4, -8.12769985198974609375e+00) (5, 1.45251045227050781250e+01) (6, 1.15599250793457031250e+00) (7, 2.75675034523010253906e+00) (8, -9.21850646972656250000e+02) (9, -3.10260438919067382812e+00) (10, 1.00372362136840820312e+00) (11, -6.16609275341033935547e-01) (12, 1.07222604751586914062e+01) (13, -4.59611606597900390625e+00) (14, -2.01516747474670410156e+00) (15, 1.83831065893173217773e-01) 
