FANN_FLO_2.1
num_layers=4
learning_rate=0.500000
connection_rate=1.000000
network_type=0
learning_momentum=0.000000
training_algorithm=2
train_error_function=1
train_stop_function=0
cascade_output_change_fraction=0.010000
quickprop_decay=-0.000100
quickprop_mu=1.750000
rprop_increase_factor=1.200000
rprop_decrease_factor=0.500000
rprop_delta_min=0.000000
rprop_delta_max=50.000000
rprop_delta_zero=0.100000
cascade_output_stagnation_epochs=12
cascade_candidate_change_fraction=0.010000
cascade_candidate_stagnation_epochs=12
cascade_max_out_epochs=150
cascade_min_out_epochs=50
cascade_max_cand_epochs=150
cascade_min_cand_epochs=50
cascade_num_candidate_groups=2
bit_fail_limit=3.49999994039535522461e-01
cascade_candidate_limit=1.00000000000000000000e+03
cascade_weight_multiplier=4.00000005960464477539e-01
cascade_activation_functions_count=10
cascade_activation_functions=3 5 7 8 10 11 14 15 16 17 
cascade_activation_steepnesses_count=4
cascade_activation_steepnesses=2.50000000000000000000e-01 5.00000000000000000000e-01 7.50000000000000000000e-01 1.00000000000000000000e+00 
layer_sizes=2 5 5 3 
scale_included=0
neurons (num_inputs, activation_function, activation_steepness)=(0, 0, 0.00000000000000000000e+00) (0, 0, 0.00000000000000000000e+00) (2, 3, 5.00000000000000000000e-01) (2, 3, 5.00000000000000000000e-01) (2, 3, 5.00000000000000000000e-01) (2, 3, 5.00000000000000000000e-01) (0, 3, 0.00000000000000000000e+00) (5, 3, 5.00000000000000000000e-01) (5, 3, 5.00000000000000000000e-01) (5, 3, 5.00000000000000000000e-01) (5, 3, 5.00000000000000000000e-01) (0, 3, 0.00000000000000000000e+00) (5, 0, 5.00000000000000000000e-01) (5, 0, 5.00000000000000000000e-01) (0, 0, 0.00000000000000000000e+00) 
connections (connected_to_neuron, weight)=(0, -3.98004074096679687500e+01) (1, 1.18539352416992187500e+01) (0, -1.50000000000000000000e+03) (1, -8.94286651611328125000e+01) (0, 6.24680376052856445312e+00) (1, -4.79415321350097656250e+00) (0, -1.50000000000000000000e+03) (1, 6.42150497436523437500e+01) (2, 1.49999938964843750000e+03) (3, -1.50000000000000000000e+03) (4, -1.41690905761718750000e+03) (5, -1.43645886230468750000e+03) (6, 5.87502365112304687500e+01) (2, 1.48642614746093750000e+03) (3, -1.50000000000000000000e+03) (4, -4.86264266967773437500e+01) (5, -1.49159765625000000000e+03) (6, 7.40615224838256835938e+00) (2, -6.72632074356079101562e+00) (3, -1.50000000000000000000e+03) (4, 1.27204421997070312500e+02) (5, -1.35653233528137207031e+00) (6, 4.46868610382080078125e+00) (2, -4.23882484436035156250e+00) (3, 1.50000000000000000000e+03) (4, 1.05952539443969726562e+01) (5, 2.00465726852416992188e+00) (6, 1.21682846546173095703e+00) (7, -6.79453969001770019531e-01) (8, -1.46112787723541259766e+00) (9, -1.80658900737762451172e+00) (10, 8.85927438735961914062e-01) (11, 1.72564280033111572266e+00) (7, 3.34755927324295043945e-01) (8, 1.32961094379425048828e+00) (9, -2.72127485275268554688e+00) (10, -1.70678079128265380859e+00) (11, 1.19297254085540771484e+00) 
