FANN_FLO_2.1
num_layers=4
learning_rate=0.500000
connection_rate=1.000000
network_type=0
learning_momentum=0.000000
training_algorithm=2
train_error_function=1
train_stop_function=0
cascade_output_change_fraction=0.010000
quickprop_decay=-0.000100
quickprop_mu=1.750000
rprop_increase_factor=1.200000
rprop_decrease_factor=0.500000
rprop_delta_min=0.000000
rprop_delta_max=50.000000
rprop_delta_zero=0.100000
cascade_output_stagnation_epochs=12
cascade_candidate_change_fraction=0.010000
cascade_candidate_stagnation_epochs=12
cascade_max_out_epochs=150
cascade_min_out_epochs=50
cascade_max_cand_epochs=150
cascade_min_cand_epochs=50
cascade_num_candidate_groups=2
bit_fail_limit=3.49999994039535522461e-01
cascade_candidate_limit=1.00000000000000000000e+03
cascade_weight_multiplier=4.00000005960464477539e-01
cascade_activation_functions_count=10
cascade_activation_functions=3 5 7 8 10 11 14 15 16 17 
cascade_activation_steepnesses_count=4
cascade_activation_steepnesses=2.50000000000000000000e-01 5.00000000000000000000e-01 7.50000000000000000000e-01 1.00000000000000000000e+00 
layer_sizes=2 5 3 3 
scale_included=0
neurons (num_inputs, activation_function, activation_steepness)=(0, 0, 0.00000000000000000000e+00) (0, 0, 0.00000000000000000000e+00) (2, 3, 5.00000000000000000000e-01) (2, 3, 5.00000000000000000000e-01) (2, 3, 5.00000000000000000000e-01) (2, 3, 5.00000000000000000000e-01) (0, 3, 0.00000000000000000000e+00) (5, 3, 5.00000000000000000000e-01) (5, 3, 5.00000000000000000000e-01) (0, 3, 0.00000000000000000000e+00) (3, 0, 5.00000000000000000000e-01) (3, 0, 5.00000000000000000000e-01) (0, 0, 0.00000000000000000000e+00) 
connections (connected_to_neuron, weight)=(0, -1.68975772857666015625e+01) (1, 3.74590086936950683594e+00) (0, -9.14784240722656250000e+00) (1, 2.41098427772521972656e+00) (0, -9.30503654479980468750e+00) (1, 1.30882847309112548828e+00) (0, -7.81539154052734375000e+00) (1, -1.45829007029533386230e-01) (2, 9.02183890342712402344e-01) (3, -2.31227684020996093750e+00) (4, -2.66557836532592773438e+00) (5, -4.08120870590209960938e+00) (6, 1.59384727478027343750e+00) (2, -7.28140687942504882812e+00) (3, 1.44461317062377929688e+01) (4, 1.35865354537963867188e+00) (5, -1.52920465469360351562e+01) (6, -1.55320632457733154297e+00) (7, 8.48218202590942382812e-01) (8, -3.33342456817626953125e+00) (9, 6.19342088699340820312e-01) (7, -5.50930643081665039062e+00) (8, -1.88779132440686225891e-03) (9, 2.14982724189758300781e+00) 
