FANN_FLO_2.1
num_layers=3
learning_rate=0.400000
connection_rate=1.000000
network_type=0
learning_momentum=0.000000
training_algorithm=2
train_error_function=1
train_stop_function=0
cascade_output_change_fraction=0.010000
quickprop_decay=-0.000100
quickprop_mu=1.750000
rprop_increase_factor=1.200000
rprop_decrease_factor=0.500000
rprop_delta_min=0.000000
rprop_delta_max=50.000000
rprop_delta_zero=0.100000
cascade_output_stagnation_epochs=12
cascade_candidate_change_fraction=0.010000
cascade_candidate_stagnation_epochs=12
cascade_max_out_epochs=150
cascade_min_out_epochs=50
cascade_max_cand_epochs=150
cascade_min_cand_epochs=50
cascade_num_candidate_groups=2
bit_fail_limit=3.49999994039535522461e-01
cascade_candidate_limit=1.00000000000000000000e+03
cascade_weight_multiplier=4.00000005960464477539e-01
cascade_activation_functions_count=10
cascade_activation_functions=3 5 7 8 10 11 14 15 16 17 
cascade_activation_steepnesses_count=4
cascade_activation_steepnesses=2.50000000000000000000e-01 5.00000000000000000000e-01 7.50000000000000000000e-01 1.00000000000000000000e+00 
layer_sizes=7 9 2 
scale_included=0
neurons (num_inputs, activation_function, activation_steepness)=(0, 0, 0.00000000000000000000e+00) (0, 0, 0.00000000000000000000e+00) (0, 0, 0.00000000000000000000e+00) (0, 0, 0.00000000000000000000e+00) (0, 0, 0.00000000000000000000e+00) (0, 0, 0.00000000000000000000e+00) (0, 0, 0.00000000000000000000e+00) (7, 3, 5.00000000000000000000e-01) (7, 3, 5.00000000000000000000e-01) (7, 3, 5.00000000000000000000e-01) (7, 3, 5.00000000000000000000e-01) (7, 3, 5.00000000000000000000e-01) (7, 3, 5.00000000000000000000e-01) (7, 3, 5.00000000000000000000e-01) (7, 3, 5.00000000000000000000e-01) (0, 3, 0.00000000000000000000e+00) (9, 3, 5.00000000000000000000e-01) (0, 3, 0.00000000000000000000e+00) 
connections (connected_to_neuron, weight)=(0, -2.95503497123718261719e+00) (1, -1.75238716602325439453e+00) (2, -1.36070504784584045410e-01) (3, 3.14526081085205078125e+00) (4, -1.79165804386138916016e+00) (5, 5.93258321285247802734e-01) (6, -1.85992336273193359375e+00) (0, 1.17042551040649414062e+01) (1, 7.96484649181365966797e-01) (2, -1.02859029769897460938e+01) (3, -2.52394056320190429688e+00) (4, -2.22763204574584960938e+00) (5, 4.40784692764282226562e+00) (6, 1.72809970378875732422e+00) (0, -4.91242265701293945312e+00) (1, 4.99548733234405517578e-01) (2, 1.04573166370391845703e+00) (3, -1.37570977210998535156e+00) (4, -1.48379576206207275391e+00) (5, 1.22887051105499267578e+00) (6, 9.41655039787292480469e-01) (0, -2.00116419792175292969e+00) (1, -2.14905285835266113281e+00) (2, -3.07497215270996093750e+00) (3, 1.07135820388793945312e+00) (4, 7.80906617641448974609e-01) (5, 3.96366477012634277344e+00) (6, -2.14225840568542480469e+00) (0, 6.85794174671173095703e-01) (1, 6.36310219764709472656e-01) (2, -4.83139562606811523438e+00) (3, -5.00284957885742187500e+00) (4, -4.43968534469604492188e+00) (5, 1.63966770172119140625e+01) (6, 7.34083890914916992188e-01) (0, -5.50294113159179687500e+00) (1, -2.77382111549377441406e+00) (2, -7.00291097164154052734e-01) (3, 3.23766112327575683594e-01) (4, 2.44882154464721679688e+00) (5, 1.26668405532836914062e+00) (6, -1.19374144077301025391e+00) (0, 3.62464880943298339844e+00) (1, -1.11577463150024414062e+00) (2, 3.33053678274154663086e-01) (3, 1.00228714942932128906e+00) (4, 1.48862969875335693359e+00) (5, 2.99047824228182435036e-04) (6, -9.65607643127441406250e-01) (0, 2.80107885599136352539e-01) (1, -2.09926795959472656250e+00) (2, -2.63932275772094726562e+00) (3, 1.55475032329559326172e+00) (4, -1.37630069255828857422e+00) (5, 1.11860609054565429688e+01) (6, -5.33716583251953125000e+00) (7, 1.11488068103790283203e+00) (8, -7.17920184135437011719e-01) (9, -2.51733756065368652344e+00) (10, 1.89211583137512207031e+00) (11, -2.04765510559082031250e+00) (12, 3.98320055007934570312e+00) (13, 7.35277175903320312500e-01) (14, 2.31769537925720214844e+00) (15, -1.13606676459312438965e-01) 
