FANN_FLO_2.1
num_layers=3
learning_rate=0.400000
connection_rate=1.000000
network_type=0
learning_momentum=0.000000
training_algorithm=2
train_error_function=1
train_stop_function=0
cascade_output_change_fraction=0.010000
quickprop_decay=-0.000100
quickprop_mu=1.750000
rprop_increase_factor=1.200000
rprop_decrease_factor=0.500000
rprop_delta_min=0.000000
rprop_delta_max=50.000000
rprop_delta_zero=0.100000
cascade_output_stagnation_epochs=12
cascade_candidate_change_fraction=0.010000
cascade_candidate_stagnation_epochs=12
cascade_max_out_epochs=150
cascade_min_out_epochs=50
cascade_max_cand_epochs=150
cascade_min_cand_epochs=50
cascade_num_candidate_groups=2
bit_fail_limit=3.49999994039535522461e-01
cascade_candidate_limit=1.00000000000000000000e+03
cascade_weight_multiplier=4.00000005960464477539e-01
cascade_activation_functions_count=10
cascade_activation_functions=3 5 7 8 10 11 14 15 16 17 
cascade_activation_steepnesses_count=4
cascade_activation_steepnesses=2.50000000000000000000e-01 5.00000000000000000000e-01 7.50000000000000000000e-01 1.00000000000000000000e+00 
layer_sizes=7 9 2 
scale_included=0
neurons (num_inputs, activation_function, activation_steepness)=(0, 0, 0.00000000000000000000e+00) (0, 0, 0.00000000000000000000e+00) (0, 0, 0.00000000000000000000e+00) (0, 0, 0.00000000000000000000e+00) (0, 0, 0.00000000000000000000e+00) (0, 0, 0.00000000000000000000e+00) (0, 0, 0.00000000000000000000e+00) (7, 3, 5.00000000000000000000e-01) (7, 3, 5.00000000000000000000e-01) (7, 3, 5.00000000000000000000e-01) (7, 3, 5.00000000000000000000e-01) (7, 3, 5.00000000000000000000e-01) (7, 3, 5.00000000000000000000e-01) (7, 3, 5.00000000000000000000e-01) (7, 3, 5.00000000000000000000e-01) (0, 3, 0.00000000000000000000e+00) (9, 3, 5.00000000000000000000e-01) (0, 3, 0.00000000000000000000e+00) 
connections (connected_to_neuron, weight)=(0, 1.39675951004028320312e+00) (1, 1.33644843101501464844e+00) (2, 1.31824350357055664062e+00) (3, -7.51395797729492187500e+00) (4, 9.67927217483520507812e-01) (5, -8.31647157669067382812e-01) (6, 3.32878875732421875000e+00) (0, -8.07933449745178222656e-01) (1, 2.25999307632446289062e+00) (2, 1.91246676445007324219e+00) (3, -3.22226428985595703125e+00) (4, 1.35724534988403320312e+01) (5, -1.44565172195434570312e+01) (6, 4.42985486984252929688e+00) (0, -1.56288874149322509766e+00) (1, -1.47872340679168701172e+00) (2, -1.51806163787841796875e+00) (3, -5.36029517650604248047e-01) (4, 9.07884693145751953125e+00) (5, -1.16540622711181640625e+00) (6, -1.48442959785461425781e+00) (0, 1.21317329406738281250e+01) (1, 4.81816196441650390625e+00) (2, 2.02406668663024902344e+00) (3, -5.77440786361694335938e+00) (4, -2.19095802307128906250e+00) (5, 1.28198122978210449219e+00) (6, 5.21610856056213378906e-01) (0, -5.61152100563049316406e-01) (1, -7.76511192321777343750e-01) (2, -3.43803554773330688477e-01) (3, -5.00105738639831542969e-01) (4, 4.75271844863891601562e+00) (5, -1.91674697399139404297e+00) (6, -6.50795698165893554688e-01) (0, 1.04153692722320556641e+00) (1, -4.10425513982772827148e-02) (2, 6.08350560069084167480e-02) (3, 1.77475583553314208984e+00) (4, 4.12587690353393554688e+00) (5, 1.03938353061676025391e+00) (6, -3.33916604518890380859e-01) (0, 7.15770006179809570312e-01) (1, 3.28773617744445800781e-01) (2, 1.91947975158691406250e+01) (3, -2.59395718574523925781e-01) (4, -4.17016124725341796875e+00) (5, -6.79059076309204101562e+00) (6, -5.32487332820892333984e-01) (0, 7.96702802181243896484e-01) (1, 6.68706536293029785156e-01) (2, -3.37367415428161621094e+00) (3, -1.58459770679473876953e+00) (4, -2.28219613432884216309e-01) (5, -1.10272228717803955078e+00) (6, 7.82961547374725341797e-01) (7, -1.02651071548461914062e+00) (8, -1.76487123966217041016e+00) (9, 2.03313875198364257812e+00) (10, -8.74114036560058593750e-01) (11, 1.53491163253784179688e+00) (12, 1.07714009284973144531e+00) (13, -7.24644839763641357422e-01) (14, -2.81486749649047851562e+00) (15, 3.31618160009384155273e-01) 
