FANN_FLO_2.1
num_layers=4
learning_rate=0.500000
connection_rate=1.000000
network_type=0
learning_momentum=0.000000
training_algorithm=2
train_error_function=1
train_stop_function=0
cascade_output_change_fraction=0.010000
quickprop_decay=-0.000100
quickprop_mu=1.750000
rprop_increase_factor=1.200000
rprop_decrease_factor=0.500000
rprop_delta_min=0.000000
rprop_delta_max=50.000000
rprop_delta_zero=0.100000
cascade_output_stagnation_epochs=12
cascade_candidate_change_fraction=0.010000
cascade_candidate_stagnation_epochs=12
cascade_max_out_epochs=150
cascade_min_out_epochs=50
cascade_max_cand_epochs=150
cascade_min_cand_epochs=50
cascade_num_candidate_groups=2
bit_fail_limit=3.49999994039535522461e-01
cascade_candidate_limit=1.00000000000000000000e+03
cascade_weight_multiplier=4.00000005960464477539e-01
cascade_activation_functions_count=10
cascade_activation_functions=3 5 7 8 10 11 14 15 16 17 
cascade_activation_steepnesses_count=4
cascade_activation_steepnesses=2.50000000000000000000e-01 5.00000000000000000000e-01 7.50000000000000000000e-01 1.00000000000000000000e+00 
layer_sizes=2 5 3 3 
scale_included=0
neurons (num_inputs, activation_function, activation_steepness)=(0, 0, 0.00000000000000000000e+00) (0, 0, 0.00000000000000000000e+00) (2, 3, 5.00000000000000000000e-01) (2, 3, 5.00000000000000000000e-01) (2, 3, 5.00000000000000000000e-01) (2, 3, 5.00000000000000000000e-01) (0, 3, 0.00000000000000000000e+00) (5, 3, 5.00000000000000000000e-01) (5, 3, 5.00000000000000000000e-01) (0, 3, 0.00000000000000000000e+00) (3, 0, 5.00000000000000000000e-01) (3, 0, 5.00000000000000000000e-01) (0, 0, 0.00000000000000000000e+00) 
connections (connected_to_neuron, weight)=(0, 1.50000000000000000000e+03) (1, 2.41804885864257812500e+01) (0, 1.50000000000000000000e+03) (1, 2.19030284881591796875e+01) (0, 1.50000000000000000000e+03) (1, 2.10385341644287109375e+01) (0, 1.50000000000000000000e+03) (1, 4.83735618591308593750e+01) (2, -6.71136169433593750000e+02) (3, -1.47716638183593750000e+03) (4, -1.48026855468750000000e+03) (5, -2.49237847328186035156e+00) (6, -2.17197856903076171875e+01) (2, 6.87451940029859542847e-03) (3, -9.37214076519012451172e-01) (4, -5.43475341796875000000e+00) (5, 3.07915568351745605469e+00) (6, 2.57304692268371582031e+00) (7, 1.50000000000000000000e+03) (8, 8.78414988517761230469e-01) (9, -1.40073060989379882812e+00) (7, 1.50000000000000000000e+03) (8, -4.87437152862548828125e+00) (9, 1.65041041374206542969e+00) 
