FANN_FLO_2.1
num_layers=3
learning_rate=0.400000
connection_rate=1.000000
network_type=0
learning_momentum=0.000000
training_algorithm=2
train_error_function=1
train_stop_function=0
cascade_output_change_fraction=0.010000
quickprop_decay=-0.000100
quickprop_mu=1.750000
rprop_increase_factor=1.200000
rprop_decrease_factor=0.500000
rprop_delta_min=0.000000
rprop_delta_max=50.000000
rprop_delta_zero=0.100000
cascade_output_stagnation_epochs=12
cascade_candidate_change_fraction=0.010000
cascade_candidate_stagnation_epochs=12
cascade_max_out_epochs=150
cascade_min_out_epochs=50
cascade_max_cand_epochs=150
cascade_min_cand_epochs=50
cascade_num_candidate_groups=2
bit_fail_limit=3.49999994039535522461e-01
cascade_candidate_limit=1.00000000000000000000e+03
cascade_weight_multiplier=4.00000005960464477539e-01
cascade_activation_functions_count=10
cascade_activation_functions=3 5 7 8 10 11 14 15 16 17 
cascade_activation_steepnesses_count=4
cascade_activation_steepnesses=2.50000000000000000000e-01 5.00000000000000000000e-01 7.50000000000000000000e-01 1.00000000000000000000e+00 
layer_sizes=7 9 2 
scale_included=0
neurons (num_inputs, activation_function, activation_steepness)=(0, 0, 0.00000000000000000000e+00) (0, 0, 0.00000000000000000000e+00) (0, 0, 0.00000000000000000000e+00) (0, 0, 0.00000000000000000000e+00) (0, 0, 0.00000000000000000000e+00) (0, 0, 0.00000000000000000000e+00) (0, 0, 0.00000000000000000000e+00) (7, 3, 5.00000000000000000000e-01) (7, 3, 5.00000000000000000000e-01) (7, 3, 5.00000000000000000000e-01) (7, 3, 5.00000000000000000000e-01) (7, 3, 5.00000000000000000000e-01) (7, 3, 5.00000000000000000000e-01) (7, 3, 5.00000000000000000000e-01) (7, 3, 5.00000000000000000000e-01) (0, 3, 0.00000000000000000000e+00) (9, 3, 5.00000000000000000000e-01) (0, 3, 0.00000000000000000000e+00) 
connections (connected_to_neuron, weight)=(0, -4.95185422897338867188e+00) (1, -2.74876594543457031250e+00) (2, 4.10479068756103515625e+00) (3, -2.75544929504394531250e+00) (4, -5.30311393737792968750e+00) (5, 1.80346548557281494141e+00) (6, 9.39064121246337890625e+00) (0, 3.41388702392578125000e-01) (1, 7.89824575185775756836e-02) (2, 2.27865646362304687500e+02) (3, -2.65519599914550781250e+01) (4, -3.38700531005859375000e+02) (5, 1.60093271732330322266e+00) (6, -4.36464905738830566406e-01) (0, -4.73293423652648925781e-01) (1, 9.12597775459289550781e-01) (2, -9.90948104858398437500e+00) (3, -1.67789897918701171875e+01) (4, 9.13083362579345703125e+00) (5, -4.10811841487884521484e-01) (6, -1.28469562530517578125e+00) (0, -4.86459541320800781250e+00) (1, -2.38176369667053222656e+00) (2, 6.37942016124725341797e-01) (3, -2.41701030731201171875e+00) (4, -5.28923797607421875000e+00) (5, 1.91740560531616210938e+00) (6, 9.07393360137939453125e+00) (0, -1.64463539123535156250e+01) (1, 1.39564666748046875000e+01) (2, -3.97948789596557617188e+00) (3, -2.32742834091186523438e+00) (4, -1.95376157760620117188e+00) (5, 6.97705841064453125000e+00) (6, 2.44766378402709960938e+00) (0, 7.66168260574340820312e+00) (1, -1.09351587295532226562e+01) (2, 6.69933853149414062500e+01) (3, -4.70851087570190429688e+00) (4, -3.30991792678833007812e+00) (5, -4.92715024948120117188e+00) (6, 7.31199121475219726562e+00) (0, -1.07052755355834960938e+01) (1, -2.35159754753112792969e+00) (2, -9.66649150848388671875e+00) (3, -8.82196807861328125000e+00) (4, -2.41096782684326171875e+00) (5, 5.61294734477996826172e-01) (6, 7.03882646560668945312e+00) (0, 1.21812286376953125000e+01) (1, -1.42612447738647460938e+01) (2, -6.40260124206542968750e+00) (3, -3.13862943649291992188e+00) (4, -8.77369642257690429688e-01) (5, -5.64118719100952148438e+00) (6, 8.07047080993652343750e+00) (7, -2.13031902909278869629e-01) (8, -8.96158447265625000000e+01) (9, -5.67817032337188720703e-01) (10, -1.55426949262619018555e-01) (11, -4.10287761688232421875e+00) (12, -5.74822127819061279297e-01) (13, 1.87152755260467529297e+00) (14, -3.71854710578918457031e+00) (15, 2.92582726478576660156e+00) 
