FANN_FLO_2.1
num_layers=3
learning_rate=0.500000
connection_rate=1.000000
network_type=0
learning_momentum=0.000000
training_algorithm=2
train_error_function=1
train_stop_function=0
cascade_output_change_fraction=0.010000
quickprop_decay=-0.000100
quickprop_mu=1.750000
rprop_increase_factor=1.200000
rprop_decrease_factor=0.500000
rprop_delta_min=0.000000
rprop_delta_max=50.000000
rprop_delta_zero=0.100000
cascade_output_stagnation_epochs=12
cascade_candidate_change_fraction=0.010000
cascade_candidate_stagnation_epochs=12
cascade_max_out_epochs=150
cascade_min_out_epochs=50
cascade_max_cand_epochs=150
cascade_min_cand_epochs=50
cascade_num_candidate_groups=2
bit_fail_limit=3.49999994039535522461e-01
cascade_candidate_limit=1.00000000000000000000e+03
cascade_weight_multiplier=4.00000005960464477539e-01
cascade_activation_functions_count=10
cascade_activation_functions=3 5 7 8 10 11 14 15 16 17 
cascade_activation_steepnesses_count=4
cascade_activation_steepnesses=2.50000000000000000000e-01 5.00000000000000000000e-01 7.50000000000000000000e-01 1.00000000000000000000e+00 
layer_sizes=10 3 2 
scale_included=0
neurons (num_inputs, activation_function, activation_steepness)=(0, 0, 0.00000000000000000000e+00) (0, 0, 0.00000000000000000000e+00) (0, 0, 0.00000000000000000000e+00) (0, 0, 0.00000000000000000000e+00) (0, 0, 0.00000000000000000000e+00) (0, 0, 0.00000000000000000000e+00) (0, 0, 0.00000000000000000000e+00) (0, 0, 0.00000000000000000000e+00) (0, 0, 0.00000000000000000000e+00) (0, 0, 0.00000000000000000000e+00) (10, 3, 5.00000000000000000000e-01) (10, 3, 5.00000000000000000000e-01) (0, 3, 0.00000000000000000000e+00) (3, 3, 5.00000000000000000000e-01) (0, 3, 0.00000000000000000000e+00) 
connections (connected_to_neuron, weight)=(0, -3.91494059562683105469e+00) (1, 7.16294765472412109375e+00) (2, 4.57670974731445312500e+00) (3, -5.22407293319702148438e-01) (4, 6.52409172058105468750e+00) (5, 9.87107753753662109375e+00) (6, 1.44809424877166748047e+00) (7, -2.39491119384765625000e+01) (8, -2.04700663685798645020e-01) (9, 1.51662290096282958984e-01) (0, -1.51294624805450439453e+00) (1, -2.01985669136047363281e+00) (2, -1.50000000000000000000e+03) (3, 9.45289134979248046875e-01) (4, 1.37203299999237060547e+00) (5, -1.21001565456390380859e+00) (6, 2.78695464134216308594e+00) (7, -2.09575843811035156250e+00) (8, -1.61166918277740478516e+00) (9, 1.15517330169677734375e+00) (10, 5.29681205749511718750e+00) (11, 6.62295722961425781250e+00) (12, -4.36317539215087890625e+00) 
