FANN_FLO_2.1
num_layers=3
learning_rate=0.500000
connection_rate=1.000000
network_type=0
learning_momentum=0.000000
training_algorithm=2
train_error_function=1
train_stop_function=0
cascade_output_change_fraction=0.010000
quickprop_decay=-0.000100
quickprop_mu=1.750000
rprop_increase_factor=1.200000
rprop_decrease_factor=0.500000
rprop_delta_min=0.000000
rprop_delta_max=50.000000
rprop_delta_zero=0.100000
cascade_output_stagnation_epochs=12
cascade_candidate_change_fraction=0.010000
cascade_candidate_stagnation_epochs=12
cascade_max_out_epochs=150
cascade_min_out_epochs=50
cascade_max_cand_epochs=150
cascade_min_cand_epochs=50
cascade_num_candidate_groups=2
bit_fail_limit=3.49999994039535522461e-01
cascade_candidate_limit=1.00000000000000000000e+03
cascade_weight_multiplier=4.00000005960464477539e-01
cascade_activation_functions_count=10
cascade_activation_functions=3 5 7 8 10 11 14 15 16 17 
cascade_activation_steepnesses_count=4
cascade_activation_steepnesses=2.50000000000000000000e-01 5.00000000000000000000e-01 7.50000000000000000000e-01 1.00000000000000000000e+00 
layer_sizes=10 3 2 
scale_included=0
neurons (num_inputs, activation_function, activation_steepness)=(0, 0, 0.00000000000000000000e+00) (0, 0, 0.00000000000000000000e+00) (0, 0, 0.00000000000000000000e+00) (0, 0, 0.00000000000000000000e+00) (0, 0, 0.00000000000000000000e+00) (0, 0, 0.00000000000000000000e+00) (0, 0, 0.00000000000000000000e+00) (0, 0, 0.00000000000000000000e+00) (0, 0, 0.00000000000000000000e+00) (0, 0, 0.00000000000000000000e+00) (10, 3, 5.00000000000000000000e-01) (10, 3, 5.00000000000000000000e-01) (0, 3, 0.00000000000000000000e+00) (3, 3, 5.00000000000000000000e-01) (0, 3, 0.00000000000000000000e+00) 
connections (connected_to_neuron, weight)=(0, 5.21922707557678222656e-01) (1, -1.73525190353393554688e+00) (2, 1.72588729858398437500e+01) (3, 1.27135157585144042969e+00) (4, 2.25635552406311035156e+00) (5, 7.41597509384155273438e+00) (6, -1.04310264587402343750e+01) (7, -2.65589313507080078125e+01) (8, -1.26630425453186035156e+00) (9, 2.30647611618041992188e+00) (0, 7.90677642822265625000e+00) (1, 3.51427936553955078125e+00) (2, -3.21570167541503906250e+01) (3, -4.39943695068359375000e+00) (4, 2.89232587814331054688e+00) (5, -1.05084264278411865234e+00) (6, 7.46118164062500000000e+00) (7, 2.07158899307250976562e+00) (8, 9.63672161102294921875e+00) (9, -1.80047488212585449219e+00) (10, 4.07232904434204101562e+00) (11, 4.05698108673095703125e+00) (12, -3.18812704086303710938e+00) 
