FANN_FLO_2.1
num_layers=4
learning_rate=0.500000
connection_rate=1.000000
network_type=0
learning_momentum=0.000000
training_algorithm=2
train_error_function=1
train_stop_function=0
cascade_output_change_fraction=0.010000
quickprop_decay=-0.000100
quickprop_mu=1.750000
rprop_increase_factor=1.200000
rprop_decrease_factor=0.500000
rprop_delta_min=0.000000
rprop_delta_max=50.000000
rprop_delta_zero=0.100000
cascade_output_stagnation_epochs=12
cascade_candidate_change_fraction=0.010000
cascade_candidate_stagnation_epochs=12
cascade_max_out_epochs=150
cascade_min_out_epochs=50
cascade_max_cand_epochs=150
cascade_min_cand_epochs=50
cascade_num_candidate_groups=2
bit_fail_limit=3.49999994039535522461e-01
cascade_candidate_limit=1.00000000000000000000e+03
cascade_weight_multiplier=4.00000005960464477539e-01
cascade_activation_functions_count=10
cascade_activation_functions=3 5 7 8 10 11 14 15 16 17 
cascade_activation_steepnesses_count=4
cascade_activation_steepnesses=2.50000000000000000000e-01 5.00000000000000000000e-01 7.50000000000000000000e-01 1.00000000000000000000e+00 
layer_sizes=10 3 3 2 
scale_included=0
neurons (num_inputs, activation_function, activation_steepness)=(0, 0, 0.00000000000000000000e+00) (0, 0, 0.00000000000000000000e+00) (0, 0, 0.00000000000000000000e+00) (0, 0, 0.00000000000000000000e+00) (0, 0, 0.00000000000000000000e+00) (0, 0, 0.00000000000000000000e+00) (0, 0, 0.00000000000000000000e+00) (0, 0, 0.00000000000000000000e+00) (0, 0, 0.00000000000000000000e+00) (0, 0, 0.00000000000000000000e+00) (10, 3, 5.00000000000000000000e-01) (10, 3, 5.00000000000000000000e-01) (0, 3, 0.00000000000000000000e+00) (3, 3, 5.00000000000000000000e-01) (3, 3, 5.00000000000000000000e-01) (0, 3, 0.00000000000000000000e+00) (3, 3, 5.00000000000000000000e-01) (0, 3, 0.00000000000000000000e+00) 
connections (connected_to_neuron, weight)=(0, -1.07520780563354492188e+01) (1, 1.99978187680244445801e-01) (2, 6.84919178485870361328e-01) (3, -8.40609192848205566406e-01) (4, 3.97125267982482910156e+00) (5, 3.01481032371520996094e+00) (6, -6.00202083587646484375e+00) (7, 2.01972454786300659180e-01) (8, -5.69340288639068603516e-01) (9, 3.83823990821838378906e+00) (0, -2.01493263244628906250e+00) (1, 3.01688700914382934570e-01) (2, 1.25599950551986694336e-01) (3, -3.58323782682418823242e-01) (4, 3.28730177879333496094e+00) (5, -1.09353995323181152344e+00) (6, -1.67115581035614013672e+00) (7, -5.37258088588714599609e-01) (8, -5.26957845687866210938e+00) (9, 3.19480538368225097656e+00) (10, -3.12248516082763671875e+00) (11, -6.57593727111816406250e+00) (12, 1.89053869247436523438e+00) (10, 5.60771608352661132812e+00) (11, 1.17505035400390625000e+01) (12, -6.31809329986572265625e+00) (13, -8.01288986206054687500e+00) (14, 1.28939390182495117188e+00) (15, -3.25140058994293212891e-01) 
