FANN_FLO_2.1
num_layers=3
learning_rate=0.400000
connection_rate=1.000000
network_type=0
learning_momentum=0.000000
training_algorithm=2
train_error_function=1
train_stop_function=0
cascade_output_change_fraction=0.010000
quickprop_decay=-0.000100
quickprop_mu=1.750000
rprop_increase_factor=1.200000
rprop_decrease_factor=0.500000
rprop_delta_min=0.000000
rprop_delta_max=50.000000
rprop_delta_zero=0.100000
cascade_output_stagnation_epochs=12
cascade_candidate_change_fraction=0.010000
cascade_candidate_stagnation_epochs=12
cascade_max_out_epochs=150
cascade_min_out_epochs=50
cascade_max_cand_epochs=150
cascade_min_cand_epochs=50
cascade_num_candidate_groups=2
bit_fail_limit=3.49999994039535522461e-01
cascade_candidate_limit=1.00000000000000000000e+03
cascade_weight_multiplier=4.00000005960464477539e-01
cascade_activation_functions_count=10
cascade_activation_functions=3 5 7 8 10 11 14 15 16 17 
cascade_activation_steepnesses_count=4
cascade_activation_steepnesses=2.50000000000000000000e-01 5.00000000000000000000e-01 7.50000000000000000000e-01 1.00000000000000000000e+00 
layer_sizes=7 9 2 
scale_included=0
neurons (num_inputs, activation_function, activation_steepness)=(0, 0, 0.00000000000000000000e+00) (0, 0, 0.00000000000000000000e+00) (0, 0, 0.00000000000000000000e+00) (0, 0, 0.00000000000000000000e+00) (0, 0, 0.00000000000000000000e+00) (0, 0, 0.00000000000000000000e+00) (0, 0, 0.00000000000000000000e+00) (7, 3, 5.00000000000000000000e-01) (7, 3, 5.00000000000000000000e-01) (7, 3, 5.00000000000000000000e-01) (7, 3, 5.00000000000000000000e-01) (7, 3, 5.00000000000000000000e-01) (7, 3, 5.00000000000000000000e-01) (7, 3, 5.00000000000000000000e-01) (7, 3, 5.00000000000000000000e-01) (0, 3, 0.00000000000000000000e+00) (9, 3, 5.00000000000000000000e-01) (0, 3, 0.00000000000000000000e+00) 
connections (connected_to_neuron, weight)=(0, -9.24548268318176269531e-01) (1, 5.46436786651611328125e-01) (2, 2.96834230422973632812e+00) (3, -1.67309546470642089844e+00) (4, -1.04024243354797363281e+00) (5, 8.29487562179565429688e-01) (6, 9.89629209041595458984e-01) (0, -2.16237759590148925781e+00) (1, 2.19817113876342773438e+00) (2, -5.33411979675292968750e+00) (3, 9.23522377014160156250e+00) (4, -1.96412677764892578125e+01) (5, 1.39618444442749023438e+00) (6, -2.08206820487976074219e+00) (0, -3.32016158103942871094e+00) (1, -1.05946350097656250000e+01) (2, -2.35129451751708984375e+00) (3, -1.79776704311370849609e+00) (4, 1.75485253334045410156e+00) (5, -3.19736623764038085938e+00) (6, 1.71918354034423828125e+01) (0, -3.27366679906845092773e-01) (1, 1.34197890758514404297e+00) (2, 4.77659845352172851562e+00) (3, -3.35637855529785156250e+00) (4, -2.95049262046813964844e+00) (5, 1.66714441776275634766e+00) (6, 3.73012214899063110352e-01) (0, 2.65499234199523925781e+00) (1, -5.38473939895629882812e+00) (2, -2.76571106910705566406e+00) (3, -6.12682056427001953125e+00) (4, -7.15082705020904541016e-01) (5, 5.72453165054321289062e+00) (6, -2.42439746856689453125e+00) (0, -3.05180549621582031250e+00) (1, 1.12463869154453277588e-01) (2, -4.14061689376831054688e+00) (3, -5.79338884353637695312e+00) (4, -9.18331563472747802734e-01) (5, 2.02726745605468750000e+00) (6, 8.44835937023162841797e-01) (0, -6.65127098560333251953e-01) (1, -2.75433564186096191406e+00) (2, 1.73367667198181152344e+00) (3, 4.64549750089645385742e-01) (4, 1.44436478614807128906e-01) (5, -1.61973029375076293945e-01) (6, 8.15471231937408447266e-01) (0, -1.36266832351684570312e+01) (1, 1.15529489517211914062e+01) (2, -7.07435703277587890625e+00) (3, -4.58527231216430664062e+00) (4, -7.48906791210174560547e-01) (5, -5.92039346694946289062e+00) (6, 1.80009543895721435547e+00) (7, -9.40808892250061035156e-01) (8, -5.47424674034118652344e-01) (9, -1.67317724227905273438e+00) (10, -8.31578731536865234375e-01) (11, -1.13954420089721679688e+01) (12, 1.21866149902343750000e+01) (13, -1.23764193058013916016e+00) (14, -8.24915027618408203125e+00) (15, 8.41359257698059082031e-01) 
