FANN_FLO_2.1
num_layers=3
learning_rate=0.400000
connection_rate=1.000000
network_type=0
learning_momentum=0.000000
training_algorithm=2
train_error_function=1
train_stop_function=0
cascade_output_change_fraction=0.010000
quickprop_decay=-0.000100
quickprop_mu=1.750000
rprop_increase_factor=1.200000
rprop_decrease_factor=0.500000
rprop_delta_min=0.000000
rprop_delta_max=50.000000
rprop_delta_zero=0.100000
cascade_output_stagnation_epochs=12
cascade_candidate_change_fraction=0.010000
cascade_candidate_stagnation_epochs=12
cascade_max_out_epochs=150
cascade_min_out_epochs=50
cascade_max_cand_epochs=150
cascade_min_cand_epochs=50
cascade_num_candidate_groups=2
bit_fail_limit=3.49999994039535522461e-01
cascade_candidate_limit=1.00000000000000000000e+03
cascade_weight_multiplier=4.00000005960464477539e-01
cascade_activation_functions_count=10
cascade_activation_functions=3 5 7 8 10 11 14 15 16 17 
cascade_activation_steepnesses_count=4
cascade_activation_steepnesses=2.50000000000000000000e-01 5.00000000000000000000e-01 7.50000000000000000000e-01 1.00000000000000000000e+00 
layer_sizes=7 5 2 
scale_included=0
neurons (num_inputs, activation_function, activation_steepness)=(0, 0, 0.00000000000000000000e+00) (0, 0, 0.00000000000000000000e+00) (0, 0, 0.00000000000000000000e+00) (0, 0, 0.00000000000000000000e+00) (0, 0, 0.00000000000000000000e+00) (0, 0, 0.00000000000000000000e+00) (0, 0, 0.00000000000000000000e+00) (7, 3, 5.00000000000000000000e-01) (7, 3, 5.00000000000000000000e-01) (7, 3, 5.00000000000000000000e-01) (7, 3, 5.00000000000000000000e-01) (0, 3, 0.00000000000000000000e+00) (5, 3, 5.00000000000000000000e-01) (0, 3, 0.00000000000000000000e+00) 
connections (connected_to_neuron, weight)=(0, 2.89100468158721923828e-01) (1, -1.35121846199035644531e+00) (2, 1.05679836273193359375e+01) (3, -5.61471939086914062500e+00) (4, -2.68800306320190429688e+00) (5, -2.74280279874801635742e-01) (6, 5.71024179458618164062e+00) (0, -9.36747741699218750000e+00) (1, 8.66855525970458984375e+00) (2, -2.43821215629577636719e+00) (3, -1.26645314693450927734e+00) (4, -6.89538300037384033203e-01) (5, -1.47637402343750000000e+03) (6, -2.35632479190826416016e-01) (0, -5.09588241577148437500e+00) (1, -2.29656162261962890625e+01) (2, 1.25960588455200195312e+01) (3, 4.30355930328369140625e+00) (4, 4.10587161779403686523e-01) (5, 4.81515598297119140625e+00) (6, 5.34497070312500000000e+00) (0, 6.32267856597900390625e+00) (1, -5.70248985290527343750e+00) (2, 4.73499417304992675781e-01) (3, -1.96968436241149902344e+00) (4, -4.47292514145374298096e-02) (5, 4.65102481842041015625e+00) (6, -6.09256553649902343750e+00) (7, -8.96669209003448486328e-01) (8, -8.98302078247070312500e+00) (9, -1.73409378528594970703e+00) (10, -9.55114841461181640625e+00) (11, -3.24788123369216918945e-01) 
