FANN_FLO_2.1
num_layers=4
learning_rate=0.500000
connection_rate=1.000000
network_type=0
learning_momentum=0.000000
training_algorithm=2
train_error_function=1
train_stop_function=0
cascade_output_change_fraction=0.010000
quickprop_decay=-0.000100
quickprop_mu=1.750000
rprop_increase_factor=1.200000
rprop_decrease_factor=0.500000
rprop_delta_min=0.000000
rprop_delta_max=50.000000
rprop_delta_zero=0.100000
cascade_output_stagnation_epochs=12
cascade_candidate_change_fraction=0.010000
cascade_candidate_stagnation_epochs=12
cascade_max_out_epochs=150
cascade_min_out_epochs=50
cascade_max_cand_epochs=150
cascade_min_cand_epochs=50
cascade_num_candidate_groups=2
bit_fail_limit=3.49999994039535522461e-01
cascade_candidate_limit=1.00000000000000000000e+03
cascade_weight_multiplier=4.00000005960464477539e-01
cascade_activation_functions_count=10
cascade_activation_functions=3 5 7 8 10 11 14 15 16 17 
cascade_activation_steepnesses_count=4
cascade_activation_steepnesses=2.50000000000000000000e-01 5.00000000000000000000e-01 7.50000000000000000000e-01 1.00000000000000000000e+00 
layer_sizes=10 5 3 2 
scale_included=0
neurons (num_inputs, activation_function, activation_steepness)=(0, 0, 0.00000000000000000000e+00) (0, 0, 0.00000000000000000000e+00) (0, 0, 0.00000000000000000000e+00) (0, 0, 0.00000000000000000000e+00) (0, 0, 0.00000000000000000000e+00) (0, 0, 0.00000000000000000000e+00) (0, 0, 0.00000000000000000000e+00) (0, 0, 0.00000000000000000000e+00) (0, 0, 0.00000000000000000000e+00) (0, 0, 0.00000000000000000000e+00) (10, 3, 5.00000000000000000000e-01) (10, 3, 5.00000000000000000000e-01) (10, 3, 5.00000000000000000000e-01) (10, 3, 5.00000000000000000000e-01) (0, 3, 0.00000000000000000000e+00) (5, 3, 5.00000000000000000000e-01) (5, 3, 5.00000000000000000000e-01) (0, 3, 0.00000000000000000000e+00) (3, 3, 5.00000000000000000000e-01) (0, 3, 0.00000000000000000000e+00) 
connections (connected_to_neuron, weight)=(0, -6.99715471267700195312e+00) (1, 3.14540386199951171875e+00) (2, 2.00949311256408691406e+00) (3, -3.93562650680541992188e+00) (4, 2.88437223434448242188e+00) (5, 1.65388131141662597656e+00) (6, -1.02015132904052734375e+01) (7, -1.08739353716373443604e-01) (8, 2.18543505668640136719e+00) (9, 3.44765067100524902344e-01) (0, -4.17006552219390869141e-01) (1, -4.11627233028411865234e-01) (2, -1.44655764102935791016e+00) (3, -2.00962066650390625000e+00) (4, 1.06881543993949890137e-01) (5, -3.17547130584716796875e+00) (6, -8.65240216255187988281e-01) (7, 2.33140185475349426270e-01) (8, -5.36930382251739501953e-01) (9, 3.49365258216857910156e+00) (0, 2.49905548989772796631e-02) (1, 1.09328150749206542969e+00) (2, 3.27703404426574707031e+00) (3, -1.86035144329071044922e+00) (4, 8.65204513072967529297e-01) (5, 8.23122799396514892578e-01) (6, -1.02675704956054687500e+01) (7, 8.22687268257141113281e-01) (8, 1.57073640823364257812e+00) (9, 1.44511651992797851562e+00) (0, 2.40991443395614624023e-01) (1, 2.04981374740600585938e+00) (2, 1.08616948127746582031e+00) (3, -1.26199722290039062500e+00) (4, 9.48309123516082763672e-01) (5, 6.73550367355346679688e-01) (6, -1.06028184890747070312e+01) (7, 5.16100190579891204834e-02) (8, 1.08191132545471191406e+00) (9, 2.32486963272094726562e+00) (10, 1.50000000000000000000e+03) (11, 2.99590396881103515625e+01) (12, -2.10026206970214843750e+01) (13, -5.93070220947265625000e+00) (14, -4.75467538833618164062e+00) (10, 1.50000000000000000000e+03) (11, 3.78100204467773437500e+01) (12, -3.06323680877685546875e+01) (13, -1.22381782531738281250e+00) (14, -7.93421316146850585938e+00) (15, 5.31362950801849365234e-01) (16, 2.99564814567565917969e+00) (17, -2.66804790496826171875e+00) 
