FANN_FLO_2.1
num_layers=3
learning_rate=0.400000
connection_rate=1.000000
network_type=0
learning_momentum=0.000000
training_algorithm=2
train_error_function=1
train_stop_function=0
cascade_output_change_fraction=0.010000
quickprop_decay=-0.000100
quickprop_mu=1.750000
rprop_increase_factor=1.200000
rprop_decrease_factor=0.500000
rprop_delta_min=0.000000
rprop_delta_max=50.000000
rprop_delta_zero=0.100000
cascade_output_stagnation_epochs=12
cascade_candidate_change_fraction=0.010000
cascade_candidate_stagnation_epochs=12
cascade_max_out_epochs=150
cascade_min_out_epochs=50
cascade_max_cand_epochs=150
cascade_min_cand_epochs=50
cascade_num_candidate_groups=2
bit_fail_limit=3.49999994039535522461e-01
cascade_candidate_limit=1.00000000000000000000e+03
cascade_weight_multiplier=4.00000005960464477539e-01
cascade_activation_functions_count=10
cascade_activation_functions=3 5 7 8 10 11 14 15 16 17 
cascade_activation_steepnesses_count=4
cascade_activation_steepnesses=2.50000000000000000000e-01 5.00000000000000000000e-01 7.50000000000000000000e-01 1.00000000000000000000e+00 
layer_sizes=7 5 2 
scale_included=0
neurons (num_inputs, activation_function, activation_steepness)=(0, 0, 0.00000000000000000000e+00) (0, 0, 0.00000000000000000000e+00) (0, 0, 0.00000000000000000000e+00) (0, 0, 0.00000000000000000000e+00) (0, 0, 0.00000000000000000000e+00) (0, 0, 0.00000000000000000000e+00) (0, 0, 0.00000000000000000000e+00) (7, 3, 5.00000000000000000000e-01) (7, 3, 5.00000000000000000000e-01) (7, 3, 5.00000000000000000000e-01) (7, 3, 5.00000000000000000000e-01) (0, 3, 0.00000000000000000000e+00) (5, 3, 5.00000000000000000000e-01) (0, 3, 0.00000000000000000000e+00) 
connections (connected_to_neuron, weight)=(0, 4.17444080114364624023e-01) (1, -4.99421954154968261719e-01) (2, -4.16088402271270751953e-01) (3, 1.24657559394836425781e+00) (4, 3.51174306869506835938e+00) (5, 1.24780082702636718750e+00) (6, -1.56950914859771728516e+00) (0, -4.10437774658203125000e+00) (1, -2.33800053596496582031e+00) (2, -2.97904086112976074219e+00) (3, 2.01078677177429199219e+00) (4, 2.26800417900085449219e+00) (5, 2.18105030059814453125e+00) (6, -2.74748873710632324219e+00) (0, 7.98839747905731201172e-01) (1, 2.23328614234924316406e+00) (2, -4.17784118652343750000e+00) (3, -2.47531962394714355469e+00) (4, -5.11606931686401367188e+00) (5, 1.19366836547851562500e+01) (6, 1.05399107933044433594e+00) (0, 3.05410790443420410156e+00) (1, 1.88236117362976074219e+00) (2, 1.25772023200988769531e+00) (3, -3.84526205062866210938e+00) (4, 3.05668640136718750000e+00) (5, -9.04264259338378906250e+00) (6, 3.99318933486938476562e+00) (7, 2.62859106063842773438e+00) (8, 4.92353200912475585938e+00) (9, -2.61419296264648437500e+00) (10, -2.38939905166625976562e+00) (11, 4.02522504329681396484e-01) 
