FANN_FLO_2.1
num_layers=3
learning_rate=0.400000
connection_rate=1.000000
network_type=0
learning_momentum=0.000000
training_algorithm=2
train_error_function=1
train_stop_function=0
cascade_output_change_fraction=0.010000
quickprop_decay=-0.000100
quickprop_mu=1.750000
rprop_increase_factor=1.200000
rprop_decrease_factor=0.500000
rprop_delta_min=0.000000
rprop_delta_max=50.000000
rprop_delta_zero=0.100000
cascade_output_stagnation_epochs=12
cascade_candidate_change_fraction=0.010000
cascade_candidate_stagnation_epochs=12
cascade_max_out_epochs=150
cascade_min_out_epochs=50
cascade_max_cand_epochs=150
cascade_min_cand_epochs=50
cascade_num_candidate_groups=2
bit_fail_limit=3.49999994039535522461e-01
cascade_candidate_limit=1.00000000000000000000e+03
cascade_weight_multiplier=4.00000005960464477539e-01
cascade_activation_functions_count=10
cascade_activation_functions=3 5 7 8 10 11 14 15 16 17 
cascade_activation_steepnesses_count=4
cascade_activation_steepnesses=2.50000000000000000000e-01 5.00000000000000000000e-01 7.50000000000000000000e-01 1.00000000000000000000e+00 
layer_sizes=7 9 2 
scale_included=0
neurons (num_inputs, activation_function, activation_steepness)=(0, 0, 0.00000000000000000000e+00) (0, 0, 0.00000000000000000000e+00) (0, 0, 0.00000000000000000000e+00) (0, 0, 0.00000000000000000000e+00) (0, 0, 0.00000000000000000000e+00) (0, 0, 0.00000000000000000000e+00) (0, 0, 0.00000000000000000000e+00) (7, 3, 5.00000000000000000000e-01) (7, 3, 5.00000000000000000000e-01) (7, 3, 5.00000000000000000000e-01) (7, 3, 5.00000000000000000000e-01) (7, 3, 5.00000000000000000000e-01) (7, 3, 5.00000000000000000000e-01) (7, 3, 5.00000000000000000000e-01) (7, 3, 5.00000000000000000000e-01) (0, 3, 0.00000000000000000000e+00) (9, 3, 5.00000000000000000000e-01) (0, 3, 0.00000000000000000000e+00) 
connections (connected_to_neuron, weight)=(0, 6.98724806308746337891e-01) (1, -1.04719381332397460938e+01) (2, 1.40111379623413085938e+01) (3, -4.30905485153198242188e+00) (4, -9.02796328067779541016e-01) (5, 1.55467271804809570312e-01) (6, 1.08782041072845458984e+00) (0, -4.93964147567749023438e+00) (1, 4.15782880783081054688e+00) (2, -6.21623458862304687500e+01) (3, -7.94542646408081054688e+00) (4, -4.27298307418823242188e+00) (5, 3.52439451217651367188e+00) (6, 1.28474464416503906250e+01) (0, 2.28141114115715026855e-01) (1, 8.98028850555419921875e+00) (2, 1.63114814758300781250e+01) (3, -4.81830501556396484375e+00) (4, 4.52169036865234375000e+00) (5, -1.10273933410644531250e+01) (6, -2.51729154586791992188e+00) (0, -2.64108619689941406250e+01) (1, 1.96597652435302734375e+01) (2, 4.51062250137329101562e+00) (3, -3.15644478797912597656e+00) (4, -4.21161413192749023438e+00) (5, 6.25923967361450195312e+00) (6, 6.71399974822998046875e+00) (0, -7.06469058990478515625e+00) (1, 4.14636945724487304688e+00) (2, -5.50969696044921875000e+00) (3, -5.13024759292602539062e+00) (4, 3.27004051208496093750e+00) (5, -3.15205383300781250000e+00) (6, 1.02917063236236572266e+00) (0, -1.48520505428314208984e+00) (1, -5.07342720031738281250e+00) (2, -1.15502201020717620850e-01) (3, -1.42235078811645507812e+01) (4, -5.64907073974609375000e+00) (5, -9.83496904373168945312e-01) (6, 1.47447957992553710938e+01) (0, 1.27821655273437500000e+01) (1, -1.41992521286010742188e+01) (2, 4.17946910858154296875e+00) (3, -2.32670807838439941406e+00) (4, -5.22658348083496093750e-01) (5, 4.34415674209594726562e+00) (6, -4.20734262466430664062e+00) (0, 5.45702648162841796875e+00) (1, -8.88694572448730468750e+00) (2, 1.31021461486816406250e+01) (3, -6.49391031265258789062e+00) (4, -4.42631626129150390625e+00) (5, -1.50000000000000000000e+03) (6, 1.19386053085327148438e+01) (7, 1.22753009796142578125e+01) (8, -3.44102352857589721680e-01) (9, -1.03058207035064697266e+00) (10, -2.29924631118774414062e+00) (11, -8.21183919906616210938e-01) (12, -3.49943637847900390625e-01) (13, -8.67010211944580078125e+00) (14, -1.36438810825347900391e+00) (15, 1.21293151378631591797e+00) 
