FANN_FLO_2.1
num_layers=4
learning_rate=0.400000
connection_rate=1.000000
network_type=0
learning_momentum=0.000000
training_algorithm=2
train_error_function=1
train_stop_function=0
cascade_output_change_fraction=0.010000
quickprop_decay=-0.000100
quickprop_mu=1.750000
rprop_increase_factor=1.200000
rprop_decrease_factor=0.500000
rprop_delta_min=0.000000
rprop_delta_max=50.000000
rprop_delta_zero=0.100000
cascade_output_stagnation_epochs=12
cascade_candidate_change_fraction=0.010000
cascade_candidate_stagnation_epochs=12
cascade_max_out_epochs=150
cascade_min_out_epochs=50
cascade_max_cand_epochs=150
cascade_min_cand_epochs=50
cascade_num_candidate_groups=2
bit_fail_limit=3.49999994039535522461e-01
cascade_candidate_limit=1.00000000000000000000e+03
cascade_weight_multiplier=4.00000005960464477539e-01
cascade_activation_functions_count=10
cascade_activation_functions=3 5 7 8 10 11 14 15 16 17 
cascade_activation_steepnesses_count=4
cascade_activation_steepnesses=2.50000000000000000000e-01 5.00000000000000000000e-01 7.50000000000000000000e-01 1.00000000000000000000e+00 
layer_sizes=7 5 3 2 
scale_included=0
neurons (num_inputs, activation_function, activation_steepness)=(0, 0, 0.00000000000000000000e+00) (0, 0, 0.00000000000000000000e+00) (0, 0, 0.00000000000000000000e+00) (0, 0, 0.00000000000000000000e+00) (0, 0, 0.00000000000000000000e+00) (0, 0, 0.00000000000000000000e+00) (0, 0, 0.00000000000000000000e+00) (7, 3, 5.00000000000000000000e-01) (7, 3, 5.00000000000000000000e-01) (7, 3, 5.00000000000000000000e-01) (7, 3, 5.00000000000000000000e-01) (0, 3, 0.00000000000000000000e+00) (5, 3, 5.00000000000000000000e-01) (5, 3, 5.00000000000000000000e-01) (0, 3, 0.00000000000000000000e+00) (3, 3, 5.00000000000000000000e-01) (0, 3, 0.00000000000000000000e+00) 
connections (connected_to_neuron, weight)=(0, 3.20036721229553222656e+00) (1, 1.31116533279418945312e+00) (2, -8.63935394287109375000e+01) (3, -9.23856925964355468750e+00) (4, 2.62866353988647460938e+00) (5, 5.64697933197021484375e+00) (6, 2.01729565858840942383e-01) (0, -7.55801439285278320312e+00) (1, -2.45575070381164550781e-01) (2, 1.25498933792114257812e+01) (3, -1.38451776504516601562e+01) (4, -4.53781747817993164062e+00) (5, 1.42704486846923828125e+01) (6, 5.57011723518371582031e-01) (0, -6.07286548614501953125e+00) (1, 4.91259098052978515625e+00) (2, 1.80541777610778808594e+00) (3, -8.60261678695678710938e-01) (4, -6.95734798908233642578e-01) (5, -1.50000000000000000000e+03) (6, 8.28269124031066894531e-01) (0, 7.78336191177368164062e+00) (1, -8.50049114227294921875e+00) (2, 1.19093637466430664062e+01) (3, -6.25773310661315917969e-01) (4, -4.45592731237411499023e-01) (5, 4.67828083038330078125e+00) (6, -5.29667663574218750000e+00) (7, 7.55093872547149658203e-01) (8, 7.83304631710052490234e-01) (9, 5.11361742019653320312e+00) (10, 4.23614835739135742188e+00) (11, -3.53210067749023437500e+00) (7, 2.88767516613006591797e-01) (8, 1.11925470829010009766e+00) (9, 6.57299137115478515625e+00) (10, 2.78902983665466308594e+00) (11, -2.50769090652465820312e+00) (12, -7.10790157318115234375e+00) (13, -1.55527651309967041016e+00) (14, -4.73099797964096069336e-01) 
