FANN_FLO_2.1
num_layers=3
learning_rate=0.400000
connection_rate=1.000000
network_type=0
learning_momentum=0.000000
training_algorithm=2
train_error_function=1
train_stop_function=0
cascade_output_change_fraction=0.010000
quickprop_decay=-0.000100
quickprop_mu=1.750000
rprop_increase_factor=1.200000
rprop_decrease_factor=0.500000
rprop_delta_min=0.000000
rprop_delta_max=50.000000
rprop_delta_zero=0.100000
cascade_output_stagnation_epochs=12
cascade_candidate_change_fraction=0.010000
cascade_candidate_stagnation_epochs=12
cascade_max_out_epochs=150
cascade_min_out_epochs=50
cascade_max_cand_epochs=150
cascade_min_cand_epochs=50
cascade_num_candidate_groups=2
bit_fail_limit=3.49999994039535522461e-01
cascade_candidate_limit=1.00000000000000000000e+03
cascade_weight_multiplier=4.00000005960464477539e-01
cascade_activation_functions_count=10
cascade_activation_functions=3 5 7 8 10 11 14 15 16 17 
cascade_activation_steepnesses_count=4
cascade_activation_steepnesses=2.50000000000000000000e-01 5.00000000000000000000e-01 7.50000000000000000000e-01 1.00000000000000000000e+00 
layer_sizes=7 5 2 
scale_included=0
neurons (num_inputs, activation_function, activation_steepness)=(0, 0, 0.00000000000000000000e+00) (0, 0, 0.00000000000000000000e+00) (0, 0, 0.00000000000000000000e+00) (0, 0, 0.00000000000000000000e+00) (0, 0, 0.00000000000000000000e+00) (0, 0, 0.00000000000000000000e+00) (0, 0, 0.00000000000000000000e+00) (7, 3, 5.00000000000000000000e-01) (7, 3, 5.00000000000000000000e-01) (7, 3, 5.00000000000000000000e-01) (7, 3, 5.00000000000000000000e-01) (0, 3, 0.00000000000000000000e+00) (5, 3, 5.00000000000000000000e-01) (0, 3, 0.00000000000000000000e+00) 
connections (connected_to_neuron, weight)=(0, -5.08680057525634765625e+00) (1, -2.53041291236877441406e+00) (2, -1.24807906150817871094e+00) (3, 1.59799921512603759766e+00) (4, 2.63092494010925292969e+00) (5, 1.25312173366546630859e+00) (6, -1.20333325862884521484e+00) (0, -1.58344304561614990234e+00) (1, -1.77030110359191894531e+00) (2, -1.84746181964874267578e+00) (3, 1.10356473922729492188e+00) (4, -5.56430387496948242188e+00) (5, 1.01422605514526367188e+01) (6, 2.39116406440734863281e+00) (0, 2.68125462532043457031e+00) (1, -7.02479243278503417969e-01) (2, 1.80756402015686035156e+00) (3, 8.15603733062744140625e-01) (4, 1.99617475271224975586e-01) (5, 2.34159874916076660156e+00) (6, -4.90190744400024414062e+00) (0, -2.26590228080749511719e+00) (1, -2.06352710723876953125e+00) (2, -4.33712911605834960938e+00) (3, 2.32989025115966796875e+00) (4, -4.33939069509506225586e-01) (5, 4.19315910339355468750e+00) (6, -7.46347248554229736328e-01) (7, 3.29866909980773925781e+00) (8, -2.79594945907592773438e+00) (9, 4.51664495468139648438e+00) (10, 2.59852766990661621094e+00) (11, -6.31900131702423095703e-01) 
