FANN_FLO_2.1
num_layers=3
learning_rate=0.500000
connection_rate=1.000000
network_type=0
learning_momentum=0.000000
training_algorithm=2
train_error_function=1
train_stop_function=0
cascade_output_change_fraction=0.010000
quickprop_decay=-0.000100
quickprop_mu=1.750000
rprop_increase_factor=1.200000
rprop_decrease_factor=0.500000
rprop_delta_min=0.000000
rprop_delta_max=50.000000
rprop_delta_zero=0.100000
cascade_output_stagnation_epochs=12
cascade_candidate_change_fraction=0.010000
cascade_candidate_stagnation_epochs=12
cascade_max_out_epochs=150
cascade_min_out_epochs=50
cascade_max_cand_epochs=150
cascade_min_cand_epochs=50
cascade_num_candidate_groups=2
bit_fail_limit=3.49999994039535522461e-01
cascade_candidate_limit=1.00000000000000000000e+03
cascade_weight_multiplier=4.00000005960464477539e-01
cascade_activation_functions_count=10
cascade_activation_functions=3 5 7 8 10 11 14 15 16 17 
cascade_activation_steepnesses_count=4
cascade_activation_steepnesses=2.50000000000000000000e-01 5.00000000000000000000e-01 7.50000000000000000000e-01 1.00000000000000000000e+00 
layer_sizes=10 5 2 
scale_included=0
neurons (num_inputs, activation_function, activation_steepness)=(0, 0, 0.00000000000000000000e+00) (0, 0, 0.00000000000000000000e+00) (0, 0, 0.00000000000000000000e+00) (0, 0, 0.00000000000000000000e+00) (0, 0, 0.00000000000000000000e+00) (0, 0, 0.00000000000000000000e+00) (0, 0, 0.00000000000000000000e+00) (0, 0, 0.00000000000000000000e+00) (0, 0, 0.00000000000000000000e+00) (0, 0, 0.00000000000000000000e+00) (10, 3, 5.00000000000000000000e-01) (10, 3, 5.00000000000000000000e-01) (10, 3, 5.00000000000000000000e-01) (10, 3, 5.00000000000000000000e-01) (0, 3, 0.00000000000000000000e+00) (5, 3, 5.00000000000000000000e-01) (0, 3, 0.00000000000000000000e+00) 
connections (connected_to_neuron, weight)=(0, -1.47785663604736328125e+00) (1, -5.14663338661193847656e-01) (2, 1.49173641204833984375e+00) (3, -1.48594424128532409668e-01) (4, -2.84756004810333251953e-01) (5, -2.28521004319190979004e-01) (6, -1.07110178470611572266e+00) (7, 2.56427454948425292969e+00) (8, 2.37949013710021972656e-01) (9, 4.19195830821990966797e-01) (0, -6.62557983398437500000e+00) (1, 1.51047599315643310547e+00) (2, -1.20551466941833496094e+00) (3, -5.05193889141082763672e-01) (4, -8.85983753204345703125e+00) (5, -1.01460349559783935547e+00) (6, 4.68966388702392578125e+00) (7, 5.97877979278564453125e+00) (8, 1.09742259979248046875e+00) (9, 1.28478884696960449219e+00) (0, 7.86744534969329833984e-01) (1, 9.18570384383201599121e-02) (2, 3.90633344650268554688e-02) (3, 8.79228401184082031250e+00) (4, -3.51291775703430175781e+00) (5, -2.91178607940673828125e+00) (6, -3.25811910629272460938e+00) (7, 1.03721834719181060791e-01) (8, -3.41686755418777465820e-01) (9, -5.09228229522705078125e-01) (0, 3.63542199134826660156e+00) (1, 5.51719808578491210938e+00) (2, 3.87485980987548828125e+00) (3, 3.07858514785766601562e+00) (4, -1.76486003398895263672e+00) (5, -1.62939488887786865234e+00) (6, -1.45723676681518554688e+01) (7, 4.88824769854545593262e-02) (8, -1.32644367218017578125e+00) (9, 3.76379996538162231445e-01) (10, -1.39737868309020996094e+00) (11, 4.23252916336059570312e+00) (12, 1.83249711990356445312e+00) (13, 2.68630862236022949219e+00) (14, -2.30941343307495117188e+00) 
