FANN_FLO_2.1
num_layers=3
learning_rate=0.500000
connection_rate=1.000000
network_type=0
learning_momentum=0.000000
training_algorithm=2
train_error_function=1
train_stop_function=0
cascade_output_change_fraction=0.010000
quickprop_decay=-0.000100
quickprop_mu=1.750000
rprop_increase_factor=1.200000
rprop_decrease_factor=0.500000
rprop_delta_min=0.000000
rprop_delta_max=50.000000
rprop_delta_zero=0.100000
cascade_output_stagnation_epochs=12
cascade_candidate_change_fraction=0.010000
cascade_candidate_stagnation_epochs=12
cascade_max_out_epochs=150
cascade_min_out_epochs=50
cascade_max_cand_epochs=150
cascade_min_cand_epochs=50
cascade_num_candidate_groups=2
bit_fail_limit=3.49999994039535522461e-01
cascade_candidate_limit=1.00000000000000000000e+03
cascade_weight_multiplier=4.00000005960464477539e-01
cascade_activation_functions_count=10
cascade_activation_functions=3 5 7 8 10 11 14 15 16 17 
cascade_activation_steepnesses_count=4
cascade_activation_steepnesses=2.50000000000000000000e-01 5.00000000000000000000e-01 7.50000000000000000000e-01 1.00000000000000000000e+00 
layer_sizes=10 5 2 
scale_included=0
neurons (num_inputs, activation_function, activation_steepness)=(0, 0, 0.00000000000000000000e+00) (0, 0, 0.00000000000000000000e+00) (0, 0, 0.00000000000000000000e+00) (0, 0, 0.00000000000000000000e+00) (0, 0, 0.00000000000000000000e+00) (0, 0, 0.00000000000000000000e+00) (0, 0, 0.00000000000000000000e+00) (0, 0, 0.00000000000000000000e+00) (0, 0, 0.00000000000000000000e+00) (0, 0, 0.00000000000000000000e+00) (10, 3, 5.00000000000000000000e-01) (10, 3, 5.00000000000000000000e-01) (10, 3, 5.00000000000000000000e-01) (10, 3, 5.00000000000000000000e-01) (0, 3, 0.00000000000000000000e+00) (5, 3, 5.00000000000000000000e-01) (0, 3, 0.00000000000000000000e+00) 
connections (connected_to_neuron, weight)=(0, -2.32713770866394042969e+00) (1, 5.57526350021362304688e-01) (2, 2.65640234947204589844e+00) (3, -5.56155872344970703125e+00) (4, 1.77862346172332763672e+00) (5, 2.89170017242431640625e+01) (6, -8.98671150207519531250e+00) (7, -1.26209907531738281250e+01) (8, -2.88843178749084472656e+00) (9, -2.79442977905273437500e+00) (0, 5.15716981887817382812e+00) (1, 6.73053860664367675781e-01) (2, 5.56139767169952392578e-01) (3, -3.81911307573318481445e-01) (4, 1.26277503967285156250e+01) (5, 6.72367572784423828125e+00) (6, 1.58039689064025878906e+00) (7, -3.44788217544555664062e+00) (8, -6.60018157958984375000e+00) (9, -4.08246660232543945312e+00) (0, -7.16272115707397460938e+00) (1, -1.68486690521240234375e+01) (2, -1.20214614868164062500e+01) (3, 2.86065101623535156250e+00) (4, 8.88184666633605957031e-01) (5, 3.90263944864273071289e-01) (6, 1.47857179641723632812e+01) (7, 6.00654506683349609375e+00) (8, -6.07609115540981292725e-02) (9, 1.34017205238342285156e+00) (0, -6.55258417129516601562e-01) (1, -1.53181326389312744141e+00) (2, 6.03294014930725097656e-01) (3, -4.17366951704025268555e-01) (4, 1.68289775848388671875e+01) (5, 4.60422039031982421875e+00) (6, -1.11293661594390869141e+00) (7, -3.78996729850769042969e-02) (8, -3.88484621047973632812e+00) (9, -2.84670472145080566406e+00) (10, 1.96555721759796142578e+00) (11, 5.85853695869445800781e-01) (12, 2.03167510032653808594e+00) (13, 6.52377665042877197266e-01) (14, -2.28139281272888183594e+00) 
