FANN_FLO_2.1
num_layers=4
learning_rate=0.500000
connection_rate=1.000000
network_type=0
learning_momentum=0.000000
training_algorithm=2
train_error_function=1
train_stop_function=0
cascade_output_change_fraction=0.010000
quickprop_decay=-0.000100
quickprop_mu=1.750000
rprop_increase_factor=1.200000
rprop_decrease_factor=0.500000
rprop_delta_min=0.000000
rprop_delta_max=50.000000
rprop_delta_zero=0.100000
cascade_output_stagnation_epochs=12
cascade_candidate_change_fraction=0.010000
cascade_candidate_stagnation_epochs=12
cascade_max_out_epochs=150
cascade_min_out_epochs=50
cascade_max_cand_epochs=150
cascade_min_cand_epochs=50
cascade_num_candidate_groups=2
bit_fail_limit=3.49999994039535522461e-01
cascade_candidate_limit=1.00000000000000000000e+03
cascade_weight_multiplier=4.00000005960464477539e-01
cascade_activation_functions_count=10
cascade_activation_functions=3 5 7 8 10 11 14 15 16 17 
cascade_activation_steepnesses_count=4
cascade_activation_steepnesses=2.50000000000000000000e-01 5.00000000000000000000e-01 7.50000000000000000000e-01 1.00000000000000000000e+00 
layer_sizes=2 5 5 3 
scale_included=0
neurons (num_inputs, activation_function, activation_steepness)=(0, 0, 0.00000000000000000000e+00) (0, 0, 0.00000000000000000000e+00) (2, 3, 5.00000000000000000000e-01) (2, 3, 5.00000000000000000000e-01) (2, 3, 5.00000000000000000000e-01) (2, 3, 5.00000000000000000000e-01) (0, 3, 0.00000000000000000000e+00) (5, 3, 5.00000000000000000000e-01) (5, 3, 5.00000000000000000000e-01) (5, 3, 5.00000000000000000000e-01) (5, 3, 5.00000000000000000000e-01) (0, 3, 0.00000000000000000000e+00) (5, 0, 5.00000000000000000000e-01) (5, 0, 5.00000000000000000000e-01) (0, 0, 0.00000000000000000000e+00) 
connections (connected_to_neuron, weight)=(0, 5.81799964904785156250e+01) (1, -1.49360132217407226562e+01) (0, 2.37505020141601562500e+02) (1, -7.50880050659179687500e+01) (0, 1.50000000000000000000e+03) (1, 5.08536682128906250000e+01) (0, -1.26999557495117187500e+02) (1, 6.85808486938476562500e+01) (2, -1.42307901382446289062e+00) (3, -2.21894979476928710938e-01) (4, -1.19531989097595214844e+00) (5, -6.62314593791961669922e-01) (6, 1.12313246726989746094e+00) (2, -8.75500411987304687500e+01) (3, 7.16216430664062500000e+02) (4, 1.45819079589843750000e+03) (5, -7.14177368164062500000e+02) (6, 1.25755384564399719238e-01) (2, 1.80428657531738281250e+01) (3, 7.68194274902343750000e+02) (4, -9.90580081939697265625e+00) (5, -7.76180053710937500000e+02) (6, -6.24484777450561523438e+00) (2, -5.37457824707031250000e+02) (3, 1.44194335937500000000e+03) (4, -1.00467871093750000000e+03) (5, 8.29003295898437500000e+01) (6, -8.04062461853027343750e+00) (7, 5.44480752944946289062e+00) (8, -1.89655041694641113281e+00) (9, 5.61434211730957031250e+01) (10, 1.18526473641395568848e-01) (11, -5.90785980224609375000e-01) (7, 9.35556316375732421875e+00) (8, -1.90097963809967041016e+00) (9, -6.68345718383789062500e+01) (10, 7.41888046264648437500e-01) (11, 2.30808794498443603516e-01) 
