FANN_FLO_2.1
num_layers=3
learning_rate=0.400000
connection_rate=1.000000
network_type=0
learning_momentum=0.000000
training_algorithm=2
train_error_function=1
train_stop_function=0
cascade_output_change_fraction=0.010000
quickprop_decay=-0.000100
quickprop_mu=1.750000
rprop_increase_factor=1.200000
rprop_decrease_factor=0.500000
rprop_delta_min=0.000000
rprop_delta_max=50.000000
rprop_delta_zero=0.100000
cascade_output_stagnation_epochs=12
cascade_candidate_change_fraction=0.010000
cascade_candidate_stagnation_epochs=12
cascade_max_out_epochs=150
cascade_min_out_epochs=50
cascade_max_cand_epochs=150
cascade_min_cand_epochs=50
cascade_num_candidate_groups=2
bit_fail_limit=3.49999994039535522461e-01
cascade_candidate_limit=1.00000000000000000000e+03
cascade_weight_multiplier=4.00000005960464477539e-01
cascade_activation_functions_count=10
cascade_activation_functions=3 5 7 8 10 11 14 15 16 17 
cascade_activation_steepnesses_count=4
cascade_activation_steepnesses=2.50000000000000000000e-01 5.00000000000000000000e-01 7.50000000000000000000e-01 1.00000000000000000000e+00 
layer_sizes=19 3 3 
scale_included=0
neurons (num_inputs, activation_function, activation_steepness)=(0, 0, 0.00000000000000000000e+00) (0, 0, 0.00000000000000000000e+00) (0, 0, 0.00000000000000000000e+00) (0, 0, 0.00000000000000000000e+00) (0, 0, 0.00000000000000000000e+00) (0, 0, 0.00000000000000000000e+00) (0, 0, 0.00000000000000000000e+00) (0, 0, 0.00000000000000000000e+00) (0, 0, 0.00000000000000000000e+00) (0, 0, 0.00000000000000000000e+00) (0, 0, 0.00000000000000000000e+00) (0, 0, 0.00000000000000000000e+00) (0, 0, 0.00000000000000000000e+00) (0, 0, 0.00000000000000000000e+00) (0, 0, 0.00000000000000000000e+00) (0, 0, 0.00000000000000000000e+00) (0, 0, 0.00000000000000000000e+00) (0, 0, 0.00000000000000000000e+00) (0, 0, 0.00000000000000000000e+00) (19, 3, 5.00000000000000000000e-01) (19, 3, 5.00000000000000000000e-01) (0, 3, 0.00000000000000000000e+00) (3, 3, 5.00000000000000000000e-01) (3, 3, 5.00000000000000000000e-01) (0, 3, 0.00000000000000000000e+00) 
connections (connected_to_neuron, weight)=(0, -4.57409948110580444336e-01) (1, -4.02861833572387695312e+00) (2, -5.30951166152954101562e+00) (3, 3.65706157684326171875e+00) (4, 3.41475605964660644531e+00) (5, 4.94102478027343750000e+00) (6, 5.49452662467956542969e-01) (7, 1.34343516826629638672e+00) (8, 2.70228443145751953125e+01) (9, 6.03251814842224121094e-01) (10, -1.32489633560180664062e+01) (11, 7.72099351882934570312e+00) (12, 4.62759351730346679688e+00) (13, -1.22955703735351562500e+00) (14, 1.98624229431152343750e+01) (15, 6.41476058959960937500e+00) (16, -3.25974798202514648438e+00) (17, -9.45357704162597656250e+00) (18, -1.11355581283569335938e+01) (0, 2.24280166625976562500e+00) (1, 3.08612275123596191406e+00) (2, -7.56691551208496093750e+00) (3, -1.44365644454956054688e+00) (4, 9.60787010192871093750e+00) (5, -8.82762145996093750000e+00) (6, -8.09137344360351562500e-01) (7, -1.41662731170654296875e+01) (8, -1.65952503681182861328e-01) (9, 1.78743851184844970703e+00) (10, 8.08997726440429687500e+00) (11, -1.11850299835205078125e+01) (12, -8.58304277062416076660e-02) (13, -4.27796840667724609375e+00) (14, 1.57895851135253906250e+00) (15, 2.86065840721130371094e+00) (16, -4.50880193710327148438e+00) (17, -1.18888688087463378906e+00) (18, 2.15849189758300781250e+01) (19, -5.10486245155334472656e-01) (20, -7.91853427886962890625e-01) (21, 5.19217491149902343750e-01) (19, 5.10449290275573730469e-01) (20, 7.91817069053649902344e-01) (21, -5.18885552883148193359e-01) 
