FANN_FLO_2.1
num_layers=4
learning_rate=0.500000
connection_rate=1.000000
network_type=0
learning_momentum=0.000000
training_algorithm=2
train_error_function=1
train_stop_function=0
cascade_output_change_fraction=0.010000
quickprop_decay=-0.000100
quickprop_mu=1.750000
rprop_increase_factor=1.200000
rprop_decrease_factor=0.500000
rprop_delta_min=0.000000
rprop_delta_max=50.000000
rprop_delta_zero=0.100000
cascade_output_stagnation_epochs=12
cascade_candidate_change_fraction=0.010000
cascade_candidate_stagnation_epochs=12
cascade_max_out_epochs=150
cascade_min_out_epochs=50
cascade_max_cand_epochs=150
cascade_min_cand_epochs=50
cascade_num_candidate_groups=2
bit_fail_limit=3.49999994039535522461e-01
cascade_candidate_limit=1.00000000000000000000e+03
cascade_weight_multiplier=4.00000005960464477539e-01
cascade_activation_functions_count=10
cascade_activation_functions=3 5 7 8 10 11 14 15 16 17 
cascade_activation_steepnesses_count=4
cascade_activation_steepnesses=2.50000000000000000000e-01 5.00000000000000000000e-01 7.50000000000000000000e-01 1.00000000000000000000e+00 
layer_sizes=2 5 5 3 
scale_included=0
neurons (num_inputs, activation_function, activation_steepness)=(0, 0, 0.00000000000000000000e+00) (0, 0, 0.00000000000000000000e+00) (2, 3, 5.00000000000000000000e-01) (2, 3, 5.00000000000000000000e-01) (2, 3, 5.00000000000000000000e-01) (2, 3, 5.00000000000000000000e-01) (0, 3, 0.00000000000000000000e+00) (5, 3, 5.00000000000000000000e-01) (5, 3, 5.00000000000000000000e-01) (5, 3, 5.00000000000000000000e-01) (5, 3, 5.00000000000000000000e-01) (0, 3, 0.00000000000000000000e+00) (5, 0, 5.00000000000000000000e-01) (5, 0, 5.00000000000000000000e-01) (0, 0, 0.00000000000000000000e+00) 
connections (connected_to_neuron, weight)=(0, 1.51822967529296875000e+01) (1, -6.01598119735717773438e+00) (0, 9.94902610778808593750e+00) (1, -2.61997389793395996094e+00) (0, 2.42648563385009765625e+01) (1, -1.18393135070800781250e+00) (0, 1.04526662826538085938e+01) (1, -3.35299444198608398438e+00) (2, 7.52008676528930664062e+00) (3, -3.54802107810974121094e+00) (4, -4.08382654190063476562e-01) (5, -5.44878959655761718750e+00) (6, 3.57245206832885742188e-01) (2, -5.37414598464965820312e+00) (3, -7.06562161445617675781e-01) (4, 5.74869155883789062500e+00) (5, -2.31091451644897460938e+00) (6, -9.74048227071762084961e-02) (2, -9.08523025512695312500e+01) (3, 1.23192763328552246094e+00) (4, 3.10610866546630859375e+00) (5, -1.32880198955535888672e+00) (6, -1.55889824032783508301e-01) (2, -3.05919909477233886719e+00) (3, -1.05528759956359863281e+00) (4, -2.59807258844375610352e-01) (5, -2.08062362670898437500e+00) (6, 1.53890967369079589844e+00) (7, 5.40886402130126953125e+00) (8, -1.11321568489074707031e+00) (9, -7.36576505005359649658e-03) (10, -1.28066384792327880859e+00) (11, -6.54880344867706298828e-01) (7, 1.91812920570373535156e+00) (8, 7.27587401866912841797e-01) (9, 2.98146218061447143555e-01) (10, 3.61587166786193847656e+00) (11, -2.47288179397583007812e+00) 
