FANN_FLO_2.1
num_layers=4
learning_rate=0.400000
connection_rate=1.000000
network_type=0
learning_momentum=0.000000
training_algorithm=2
train_error_function=1
train_stop_function=0
cascade_output_change_fraction=0.010000
quickprop_decay=-0.000100
quickprop_mu=1.750000
rprop_increase_factor=1.200000
rprop_decrease_factor=0.500000
rprop_delta_min=0.000000
rprop_delta_max=50.000000
rprop_delta_zero=0.100000
cascade_output_stagnation_epochs=12
cascade_candidate_change_fraction=0.010000
cascade_candidate_stagnation_epochs=12
cascade_max_out_epochs=150
cascade_min_out_epochs=50
cascade_max_cand_epochs=150
cascade_min_cand_epochs=50
cascade_num_candidate_groups=2
bit_fail_limit=3.49999994039535522461e-01
cascade_candidate_limit=1.00000000000000000000e+03
cascade_weight_multiplier=4.00000005960464477539e-01
cascade_activation_functions_count=10
cascade_activation_functions=3 5 7 8 10 11 14 15 16 17 
cascade_activation_steepnesses_count=4
cascade_activation_steepnesses=2.50000000000000000000e-01 5.00000000000000000000e-01 7.50000000000000000000e-01 1.00000000000000000000e+00 
layer_sizes=7 5 3 2 
scale_included=0
neurons (num_inputs, activation_function, activation_steepness)=(0, 0, 0.00000000000000000000e+00) (0, 0, 0.00000000000000000000e+00) (0, 0, 0.00000000000000000000e+00) (0, 0, 0.00000000000000000000e+00) (0, 0, 0.00000000000000000000e+00) (0, 0, 0.00000000000000000000e+00) (0, 0, 0.00000000000000000000e+00) (7, 3, 5.00000000000000000000e-01) (7, 3, 5.00000000000000000000e-01) (7, 3, 5.00000000000000000000e-01) (7, 3, 5.00000000000000000000e-01) (0, 3, 0.00000000000000000000e+00) (5, 3, 5.00000000000000000000e-01) (5, 3, 5.00000000000000000000e-01) (0, 3, 0.00000000000000000000e+00) (3, 3, 5.00000000000000000000e-01) (0, 3, 0.00000000000000000000e+00) 
connections (connected_to_neuron, weight)=(0, 1.82309913635253906250e+00) (1, -4.46673440933227539062e+00) (2, 1.20176208019256591797e+00) (3, 5.63469409942626953125e+00) (4, -3.23670935630798339844e+00) (5, -3.41347098350524902344e-01) (6, 1.43683701753616333008e-01) (0, -4.94800354003906250000e+02) (1, 1.49815246582031250000e+03) (2, 1.29303454589843750000e+03) (3, 1.49864184570312500000e+03) (4, -1.50000000000000000000e+03) (5, 1.50000000000000000000e+03) (6, 5.71932971477508544922e-01) (0, 6.72819948196411132812e+00) (1, -6.82754325866699218750e+00) (2, -2.17680215835571289062e-01) (3, -2.81986951828002929688e+00) (4, 1.03251338005065917969e-01) (5, 4.11126422882080078125e+00) (6, -4.41456937789916992188e+00) (0, -1.26913261413574218750e+01) (1, 1.21708650588989257812e+01) (2, -3.90696620941162109375e+00) (3, -4.57948017120361328125e+00) (4, -9.07266914844512939453e-01) (5, -1.41621191406250000000e+03) (6, 2.01008248329162597656e+00) (7, 5.14271795749664306641e-01) (8, 4.62260723114013671875e-01) (9, 6.54534387588500976562e+00) (10, 2.74792551994323730469e+00) (11, -2.68250823020935058594e+00) (7, 2.08282995223999023438e+00) (8, -9.67546164989471435547e-01) (9, 7.06456279754638671875e+00) (10, 3.18275046348571777344e+00) (11, -1.55746459960937500000e+00) (12, -4.23041915893554687500e+00) (13, -2.95054149627685546875e+00) (14, -4.11792784929275512695e-01) 
