FANN_FLO_2.1
num_layers=4
learning_rate=0.500000
connection_rate=1.000000
network_type=0
learning_momentum=0.000000
training_algorithm=2
train_error_function=1
train_stop_function=0
cascade_output_change_fraction=0.010000
quickprop_decay=-0.000100
quickprop_mu=1.750000
rprop_increase_factor=1.200000
rprop_decrease_factor=0.500000
rprop_delta_min=0.000000
rprop_delta_max=50.000000
rprop_delta_zero=0.100000
cascade_output_stagnation_epochs=12
cascade_candidate_change_fraction=0.010000
cascade_candidate_stagnation_epochs=12
cascade_max_out_epochs=150
cascade_min_out_epochs=50
cascade_max_cand_epochs=150
cascade_min_cand_epochs=50
cascade_num_candidate_groups=2
bit_fail_limit=3.49999994039535522461e-01
cascade_candidate_limit=1.00000000000000000000e+03
cascade_weight_multiplier=4.00000005960464477539e-01
cascade_activation_functions_count=10
cascade_activation_functions=3 5 7 8 10 11 14 15 16 17 
cascade_activation_steepnesses_count=4
cascade_activation_steepnesses=2.50000000000000000000e-01 5.00000000000000000000e-01 7.50000000000000000000e-01 1.00000000000000000000e+00 
layer_sizes=10 3 3 2 
scale_included=0
neurons (num_inputs, activation_function, activation_steepness)=(0, 0, 0.00000000000000000000e+00) (0, 0, 0.00000000000000000000e+00) (0, 0, 0.00000000000000000000e+00) (0, 0, 0.00000000000000000000e+00) (0, 0, 0.00000000000000000000e+00) (0, 0, 0.00000000000000000000e+00) (0, 0, 0.00000000000000000000e+00) (0, 0, 0.00000000000000000000e+00) (0, 0, 0.00000000000000000000e+00) (0, 0, 0.00000000000000000000e+00) (10, 3, 5.00000000000000000000e-01) (10, 3, 5.00000000000000000000e-01) (0, 3, 0.00000000000000000000e+00) (3, 3, 5.00000000000000000000e-01) (3, 3, 5.00000000000000000000e-01) (0, 3, 0.00000000000000000000e+00) (3, 3, 5.00000000000000000000e-01) (0, 3, 0.00000000000000000000e+00) 
connections (connected_to_neuron, weight)=(0, -5.13746213912963867188e+00) (1, -4.05224990844726562500e+00) (2, -4.63614940643310546875e+00) (3, -2.64636635780334472656e+00) (4, 4.28079271316528320312e+00) (5, 1.96298182010650634766e+00) (6, -2.34554886817932128906e+00) (7, 1.00707950592041015625e+01) (8, 1.26780891418457031250e+00) (9, 1.18260550498962402344e+00) (0, -5.43133926391601562500e+00) (1, -1.65175449848175048828e+00) (2, -5.16478300094604492188e-01) (3, -4.80629253387451171875e+00) (4, 4.14918613433837890625e+00) (5, 6.33856534957885742188e+00) (6, -6.69558763504028320312e+00) (7, -8.36161255836486816406e-01) (8, 6.62919759750366210938e+00) (9, -5.88477432727813720703e-01) (10, 8.26968860626220703125e+00) (11, -9.85630607604980468750e+00) (12, -2.81907939910888671875e+00) (10, 3.08735489845275878906e+00) (11, 1.88767647743225097656e+00) (12, -2.18201780319213867188e+00) (13, -4.37529659271240234375e+00) (14, -3.62735480070114135742e-01) (15, 1.29245483875274658203e+00) 
