FANN_FLO_2.1
num_layers=3
learning_rate=0.400000
connection_rate=1.000000
network_type=0
learning_momentum=0.000000
training_algorithm=2
train_error_function=1
train_stop_function=0
cascade_output_change_fraction=0.010000
quickprop_decay=-0.000100
quickprop_mu=1.750000
rprop_increase_factor=1.200000
rprop_decrease_factor=0.500000
rprop_delta_min=0.000000
rprop_delta_max=50.000000
rprop_delta_zero=0.100000
cascade_output_stagnation_epochs=12
cascade_candidate_change_fraction=0.010000
cascade_candidate_stagnation_epochs=12
cascade_max_out_epochs=150
cascade_min_out_epochs=50
cascade_max_cand_epochs=150
cascade_min_cand_epochs=50
cascade_num_candidate_groups=2
bit_fail_limit=3.49999994039535522461e-01
cascade_candidate_limit=1.00000000000000000000e+03
cascade_weight_multiplier=4.00000005960464477539e-01
cascade_activation_functions_count=10
cascade_activation_functions=3 5 7 8 10 11 14 15 16 17 
cascade_activation_steepnesses_count=4
cascade_activation_steepnesses=2.50000000000000000000e-01 5.00000000000000000000e-01 7.50000000000000000000e-01 1.00000000000000000000e+00 
layer_sizes=7 9 2 
scale_included=0
neurons (num_inputs, activation_function, activation_steepness)=(0, 0, 0.00000000000000000000e+00) (0, 0, 0.00000000000000000000e+00) (0, 0, 0.00000000000000000000e+00) (0, 0, 0.00000000000000000000e+00) (0, 0, 0.00000000000000000000e+00) (0, 0, 0.00000000000000000000e+00) (0, 0, 0.00000000000000000000e+00) (7, 3, 5.00000000000000000000e-01) (7, 3, 5.00000000000000000000e-01) (7, 3, 5.00000000000000000000e-01) (7, 3, 5.00000000000000000000e-01) (7, 3, 5.00000000000000000000e-01) (7, 3, 5.00000000000000000000e-01) (7, 3, 5.00000000000000000000e-01) (7, 3, 5.00000000000000000000e-01) (0, 3, 0.00000000000000000000e+00) (9, 3, 5.00000000000000000000e-01) (0, 3, 0.00000000000000000000e+00) 
connections (connected_to_neuron, weight)=(0, 2.11259746551513671875e+00) (1, 1.19175225496292114258e-01) (2, -3.46942043304443359375e+00) (3, -2.48599910736083984375e+00) (4, -2.32725620269775390625e+00) (5, -1.86994445323944091797e+00) (6, 1.22570717334747314453e+00) (0, -1.54588022232055664062e+01) (1, 3.30112934112548828125e+00) (2, 1.74258003234863281250e+01) (3, -1.35515737533569335938e+00) (4, 8.11386013031005859375e+00) (5, 1.01292781829833984375e+01) (6, 2.31571412086486816406e+00) (0, -2.78051567077636718750e+00) (1, 2.25748687982559204102e-01) (2, -4.02132606506347656250e+00) (3, -3.50386834144592285156e+00) (4, -1.47245371341705322266e+00) (5, 1.04642248153686523438e+00) (6, 6.89938843250274658203e-01) (0, -1.33386886119842529297e+00) (1, -1.98503598570823669434e-01) (2, -1.25362367630004882812e+01) (3, -6.93877887725830078125e+00) (4, 3.30228281021118164062e+00) (5, 3.68612468242645263672e-01) (6, 1.76804751157760620117e-01) (0, -9.53867626190185546875e+00) (1, 7.80792760848999023438e+00) (2, -2.07004094123840332031e+00) (3, -2.25239133834838867188e+00) (4, -1.44602680206298828125e+00) (5, -1.14911511230468750000e+03) (6, 5.94306647777557373047e-01) (0, -1.42581996917724609375e+01) (1, 1.82062160968780517578e+00) (2, -1.97441806793212890625e+01) (3, 6.17497301101684570312e+00) (4, 3.12618184089660644531e+00) (5, 1.23655061721801757812e+01) (6, 2.88516354560852050781e+00) (0, 8.59797656536102294922e-01) (1, -1.03188586235046386719e+00) (2, 1.28541965484619140625e+01) (3, -2.12556838989257812500e+00) (4, -1.60048115253448486328e+00) (5, 1.18277919292449951172e+00) (6, 7.64877647161483764648e-02) (0, 3.38236808776855468750e+00) (1, -6.71065235137939453125e+00) (2, -3.26849699020385742188e+00) (3, -3.55625486373901367188e+00) (4, -1.56681752204895019531e+00) (5, 4.17038011550903320312e+00) (6, -1.04725384712219238281e+00) (7, -1.15935170650482177734e+00) (8, -3.44816669821739196777e-02) (9, 1.35581493377685546875e+01) (10, -9.55786287784576416016e-01) (11, -1.37157983779907226562e+01) (12, -8.35362970829010009766e-01) (13, -8.90738725662231445312e-01) (14, -1.05927248001098632812e+01) (15, -3.73415052890777587891e-01) 
