FANN_FLO_2.1
num_layers=4
learning_rate=0.400000
connection_rate=1.000000
network_type=0
learning_momentum=0.000000
training_algorithm=2
train_error_function=1
train_stop_function=0
cascade_output_change_fraction=0.010000
quickprop_decay=-0.000100
quickprop_mu=1.750000
rprop_increase_factor=1.200000
rprop_decrease_factor=0.500000
rprop_delta_min=0.000000
rprop_delta_max=50.000000
rprop_delta_zero=0.100000
cascade_output_stagnation_epochs=12
cascade_candidate_change_fraction=0.010000
cascade_candidate_stagnation_epochs=12
cascade_max_out_epochs=150
cascade_min_out_epochs=50
cascade_max_cand_epochs=150
cascade_min_cand_epochs=50
cascade_num_candidate_groups=2
bit_fail_limit=3.49999994039535522461e-01
cascade_candidate_limit=1.00000000000000000000e+03
cascade_weight_multiplier=4.00000005960464477539e-01
cascade_activation_functions_count=10
cascade_activation_functions=3 5 7 8 10 11 14 15 16 17 
cascade_activation_steepnesses_count=4
cascade_activation_steepnesses=2.50000000000000000000e-01 5.00000000000000000000e-01 7.50000000000000000000e-01 1.00000000000000000000e+00 
layer_sizes=7 5 5 2 
scale_included=0
neurons (num_inputs, activation_function, activation_steepness)=(0, 0, 0.00000000000000000000e+00) (0, 0, 0.00000000000000000000e+00) (0, 0, 0.00000000000000000000e+00) (0, 0, 0.00000000000000000000e+00) (0, 0, 0.00000000000000000000e+00) (0, 0, 0.00000000000000000000e+00) (0, 0, 0.00000000000000000000e+00) (7, 3, 5.00000000000000000000e-01) (7, 3, 5.00000000000000000000e-01) (7, 3, 5.00000000000000000000e-01) (7, 3, 5.00000000000000000000e-01) (0, 3, 0.00000000000000000000e+00) (5, 3, 5.00000000000000000000e-01) (5, 3, 5.00000000000000000000e-01) (5, 3, 5.00000000000000000000e-01) (5, 3, 5.00000000000000000000e-01) (0, 3, 0.00000000000000000000e+00) (5, 3, 5.00000000000000000000e-01) (0, 3, 0.00000000000000000000e+00) 
connections (connected_to_neuron, weight)=(0, -1.25995266437530517578e+00) (1, 1.48437004089355468750e+01) (2, -1.13390551757812500000e+03) (3, 1.78068733215332031250e+00) (4, -2.53075046539306640625e+01) (5, 4.36698036193847656250e+01) (6, -4.28386390209197998047e-01) (0, -7.17554092407226562500e-01) (1, 1.42554101943969726562e+01) (2, 2.84445285797119140625e+01) (3, -2.26088237762451171875e+01) (4, -5.49337244033813476562e+00) (5, -1.21372277832031250000e+03) (6, 6.19398260116577148438e+00) (0, -7.75104045867919921875e+00) (1, 6.57228517532348632812e+00) (2, -1.27631887793540954590e-01) (3, -2.25301170349121093750e+00) (4, -1.13581907749176025391e+00) (5, -5.83615875244140625000e+00) (6, 1.77584087848663330078e+00) (0, 8.67509460449218750000e+00) (1, -9.40158748626708984375e+00) (2, 5.40909886360168457031e-01) (3, -2.72186017036437988281e+00) (4, -5.34566164016723632812e-01) (5, 4.93292951583862304688e+00) (6, -4.31310987472534179688e+00) (7, -1.17080062866210937500e+02) (8, 1.39038190841674804688e+01) (9, 5.27653579711914062500e+01) (10, 1.31657482910156250000e+03) (11, -3.01292667388916015625e+01) (7, 1.91398000717163085938e+00) (8, -1.89057445526123046875e+00) (9, 8.30864143371582031250e+00) (10, 9.81895446777343750000e+00) (11, -1.58454871177673339844e+00) (7, -4.24702117919921875000e+02) (8, -1.88079254150390625000e+02) (9, 1.49852697753906250000e+03) (10, 1.49708984375000000000e+03) (11, -5.29624748229980468750e+00) (7, -7.61570096015930175781e-01) (8, -1.69767260551452636719e+00) (9, 1.16519556045532226562e+01) (10, 1.50756044387817382812e+01) (11, -7.41708517074584960938e+00) (12, -4.39932972192764282227e-01) (13, -1.38787841796875000000e+00) (14, -5.74200391769409179688e-01) (15, -7.56543827056884765625e+00) (16, -5.90449035167694091797e-01) 
