FANN_FLO_2.1
num_layers=3
learning_rate=0.500000
connection_rate=1.000000
network_type=0
learning_momentum=0.000000
training_algorithm=2
train_error_function=1
train_stop_function=0
cascade_output_change_fraction=0.010000
quickprop_decay=-0.000100
quickprop_mu=1.750000
rprop_increase_factor=1.200000
rprop_decrease_factor=0.500000
rprop_delta_min=0.000000
rprop_delta_max=50.000000
rprop_delta_zero=0.100000
cascade_output_stagnation_epochs=12
cascade_candidate_change_fraction=0.010000
cascade_candidate_stagnation_epochs=12
cascade_max_out_epochs=150
cascade_min_out_epochs=50
cascade_max_cand_epochs=150
cascade_min_cand_epochs=50
cascade_num_candidate_groups=2
bit_fail_limit=3.49999994039535522461e-01
cascade_candidate_limit=1.00000000000000000000e+03
cascade_weight_multiplier=4.00000005960464477539e-01
cascade_activation_functions_count=10
cascade_activation_functions=3 5 7 8 10 11 14 15 16 17 
cascade_activation_steepnesses_count=4
cascade_activation_steepnesses=2.50000000000000000000e-01 5.00000000000000000000e-01 7.50000000000000000000e-01 1.00000000000000000000e+00 
layer_sizes=10 3 2 
scale_included=0
neurons (num_inputs, activation_function, activation_steepness)=(0, 0, 0.00000000000000000000e+00) (0, 0, 0.00000000000000000000e+00) (0, 0, 0.00000000000000000000e+00) (0, 0, 0.00000000000000000000e+00) (0, 0, 0.00000000000000000000e+00) (0, 0, 0.00000000000000000000e+00) (0, 0, 0.00000000000000000000e+00) (0, 0, 0.00000000000000000000e+00) (0, 0, 0.00000000000000000000e+00) (0, 0, 0.00000000000000000000e+00) (10, 3, 5.00000000000000000000e-01) (10, 3, 5.00000000000000000000e-01) (0, 3, 0.00000000000000000000e+00) (3, 3, 5.00000000000000000000e-01) (0, 3, 0.00000000000000000000e+00) 
connections (connected_to_neuron, weight)=(0, -1.10093021392822265625e+01) (1, -1.32592010498046875000e+01) (2, -1.57668094635009765625e+01) (3, 2.39208549261093139648e-01) (4, 1.12072265148162841797e+00) (5, 1.30320501327514648438e+00) (6, 1.35858459472656250000e+01) (7, 1.63092060089111328125e+01) (8, 9.35657119750976562500e+00) (9, 2.31907296180725097656e+00) (0, 1.78340969085693359375e+01) (1, 1.85459232330322265625e+00) (2, 1.20681619644165039062e+01) (3, 7.37401723861694335938e-01) (4, -2.61614704132080078125e+00) (5, -1.23583221435546875000e+01) (6, -8.03290843963623046875e+00) (7, 1.96359276771545410156e+00) (8, -3.30406856536865234375e+00) (9, 1.99749007821083068848e-01) (10, -3.17471408843994140625e+00) (11, -3.17244267463684082031e+00) (12, 4.03092050552368164062e+00) 
