FANN_FLO_2.1
num_layers=4
learning_rate=0.500000
connection_rate=1.000000
network_type=0
learning_momentum=0.000000
training_algorithm=2
train_error_function=1
train_stop_function=0
cascade_output_change_fraction=0.010000
quickprop_decay=-0.000100
quickprop_mu=1.750000
rprop_increase_factor=1.200000
rprop_decrease_factor=0.500000
rprop_delta_min=0.000000
rprop_delta_max=50.000000
rprop_delta_zero=0.100000
cascade_output_stagnation_epochs=12
cascade_candidate_change_fraction=0.010000
cascade_candidate_stagnation_epochs=12
cascade_max_out_epochs=150
cascade_min_out_epochs=50
cascade_max_cand_epochs=150
cascade_min_cand_epochs=50
cascade_num_candidate_groups=2
bit_fail_limit=3.49999994039535522461e-01
cascade_candidate_limit=1.00000000000000000000e+03
cascade_weight_multiplier=4.00000005960464477539e-01
cascade_activation_functions_count=10
cascade_activation_functions=3 5 7 8 10 11 14 15 16 17 
cascade_activation_steepnesses_count=4
cascade_activation_steepnesses=2.50000000000000000000e-01 5.00000000000000000000e-01 7.50000000000000000000e-01 1.00000000000000000000e+00 
layer_sizes=10 5 3 2 
scale_included=0
neurons (num_inputs, activation_function, activation_steepness)=(0, 0, 0.00000000000000000000e+00) (0, 0, 0.00000000000000000000e+00) (0, 0, 0.00000000000000000000e+00) (0, 0, 0.00000000000000000000e+00) (0, 0, 0.00000000000000000000e+00) (0, 0, 0.00000000000000000000e+00) (0, 0, 0.00000000000000000000e+00) (0, 0, 0.00000000000000000000e+00) (0, 0, 0.00000000000000000000e+00) (0, 0, 0.00000000000000000000e+00) (10, 3, 5.00000000000000000000e-01) (10, 3, 5.00000000000000000000e-01) (10, 3, 5.00000000000000000000e-01) (10, 3, 5.00000000000000000000e-01) (0, 3, 0.00000000000000000000e+00) (5, 3, 5.00000000000000000000e-01) (5, 3, 5.00000000000000000000e-01) (0, 3, 0.00000000000000000000e+00) (3, 3, 5.00000000000000000000e-01) (0, 3, 0.00000000000000000000e+00) 
connections (connected_to_neuron, weight)=(0, -3.91384582519531250000e+02) (1, -3.03067016601562500000e+02) (2, -4.60794189453125000000e+02) (3, -1.43920001983642578125e+01) (4, -3.61407592773437500000e+02) (5, 4.53814119100570678711e-02) (6, 1.32393762207031250000e+03) (7, 7.00447540283203125000e+01) (8, -3.24788331985473632812e+00) (9, 3.54525387287139892578e-01) (0, -1.44133734703063964844e+00) (1, 3.78890347480773925781e+00) (2, 2.75920534133911132812e+00) (3, -2.20641279220581054688e+00) (4, -2.25211405754089355469e+00) (5, -1.60381066799163818359e+00) (6, 3.14533519744873046875e+00) (7, -4.40459632873535156250e+00) (8, -1.48960914611816406250e+01) (9, 6.54155206680297851562e+00) (0, 2.12712693214416503906e+00) (1, 6.97661519050598144531e-01) (2, 7.23267221450805664062e+00) (3, -2.14513683319091796875e+00) (4, -3.85934859514236450195e-02) (5, -1.59415221214294433594e+00) (6, -1.51715068817138671875e+01) (7, -4.91190052032470703125e+00) (8, -1.67872476577758789062e+00) (9, 3.10813832283020019531e+00) (0, -2.75534987449645996094e+00) (1, 3.06441605091094970703e-01) (2, -2.27353019714355468750e+01) (3, -1.53190529346466064453e+00) (4, -2.43746995925903320312e+00) (5, 3.23125576972961425781e+00) (6, 3.29247589111328125000e+01) (7, 3.55781269073486328125e+00) (8, -1.93533115386962890625e+01) (9, 9.75525751709938049316e-02) (10, -5.32483530044555664062e+00) (11, 5.61178541183471679688e+00) (12, 9.27225875854492187500e+00) (13, 3.74159622192382812500e+01) (14, -3.59965181350708007812e+00) (10, -2.00421762466430664062e+00) (11, 5.58337545394897460938e+00) (12, 1.00043659210205078125e+01) (13, 1.03275060653686523438e+01) (14, -3.90125918388366699219e+00) (15, 1.32319355010986328125e+00) (16, 5.33375859260559082031e-01) (17, -9.82610464096069335938e-01) 
