FANN_FLO_2.1
num_layers=4
learning_rate=0.500000
connection_rate=1.000000
network_type=0
learning_momentum=0.000000
training_algorithm=2
train_error_function=1
train_stop_function=0
cascade_output_change_fraction=0.010000
quickprop_decay=-0.000100
quickprop_mu=1.750000
rprop_increase_factor=1.200000
rprop_decrease_factor=0.500000
rprop_delta_min=0.000000
rprop_delta_max=50.000000
rprop_delta_zero=0.100000
cascade_output_stagnation_epochs=12
cascade_candidate_change_fraction=0.010000
cascade_candidate_stagnation_epochs=12
cascade_max_out_epochs=150
cascade_min_out_epochs=50
cascade_max_cand_epochs=150
cascade_min_cand_epochs=50
cascade_num_candidate_groups=2
bit_fail_limit=3.49999994039535522461e-01
cascade_candidate_limit=1.00000000000000000000e+03
cascade_weight_multiplier=4.00000005960464477539e-01
cascade_activation_functions_count=10
cascade_activation_functions=3 5 7 8 10 11 14 15 16 17 
cascade_activation_steepnesses_count=4
cascade_activation_steepnesses=2.50000000000000000000e-01 5.00000000000000000000e-01 7.50000000000000000000e-01 1.00000000000000000000e+00 
layer_sizes=2 5 5 3 
scale_included=0
neurons (num_inputs, activation_function, activation_steepness)=(0, 0, 0.00000000000000000000e+00) (0, 0, 0.00000000000000000000e+00) (2, 3, 5.00000000000000000000e-01) (2, 3, 5.00000000000000000000e-01) (2, 3, 5.00000000000000000000e-01) (2, 3, 5.00000000000000000000e-01) (0, 3, 0.00000000000000000000e+00) (5, 3, 5.00000000000000000000e-01) (5, 3, 5.00000000000000000000e-01) (5, 3, 5.00000000000000000000e-01) (5, 3, 5.00000000000000000000e-01) (0, 3, 0.00000000000000000000e+00) (5, 0, 5.00000000000000000000e-01) (5, 0, 5.00000000000000000000e-01) (0, 0, 0.00000000000000000000e+00) 
connections (connected_to_neuron, weight)=(0, 5.24461021423339843750e+01) (1, -7.17682242393493652344e-01) (0, 5.65105438232421875000e+00) (1, -2.21067190170288085938e+00) (0, 1.01487894058227539062e+01) (1, -3.87675285339355468750e+00) (0, 2.82086734771728515625e+01) (1, -5.74918174743652343750e+00) (2, 1.58271551132202148438e+01) (3, 4.46238547563552856445e-01) (4, -1.05584582519531250000e+03) (5, 7.75688415527343750000e+02) (6, 1.11480388641357421875e+01) (2, 4.16975450515747070312e+00) (3, 1.12001931667327880859e+00) (4, -1.67734413146972656250e+01) (5, 1.09277801513671875000e+01) (6, -5.46116638183593750000e+00) (2, -8.55820715427398681641e-01) (3, -2.41832062602043151855e-01) (4, -5.01245641708374023438e+00) (5, -8.82534801959991455078e-01) (6, 3.70386266708374023438e+00) (2, 3.72772425413131713867e-01) (3, 1.91873893141746520996e-01) (4, 8.99405975341796875000e+01) (5, -1.90864151000976562500e+02) (6, -6.65788841247558593750e+00) (7, -1.06842541694641113281e+00) (8, -1.10364794731140136719e+00) (9, -1.12709641456604003906e+00) (10, 3.11114730834960937500e+01) (11, 9.99801039695739746094e-01) (7, -2.18279451131820678711e-01) (8, -7.93529212474822998047e-01) (9, 4.36378669738769531250e+00) (10, 5.08454942703247070312e+00) (11, -2.17784404754638671875e+00) 
