FANN_FLO_2.1
num_layers=4
learning_rate=0.500000
connection_rate=1.000000
network_type=0
learning_momentum=0.000000
training_algorithm=2
train_error_function=1
train_stop_function=0
cascade_output_change_fraction=0.010000
quickprop_decay=-0.000100
quickprop_mu=1.750000
rprop_increase_factor=1.200000
rprop_decrease_factor=0.500000
rprop_delta_min=0.000000
rprop_delta_max=50.000000
rprop_delta_zero=0.100000
cascade_output_stagnation_epochs=12
cascade_candidate_change_fraction=0.010000
cascade_candidate_stagnation_epochs=12
cascade_max_out_epochs=150
cascade_min_out_epochs=50
cascade_max_cand_epochs=150
cascade_min_cand_epochs=50
cascade_num_candidate_groups=2
bit_fail_limit=3.49999994039535522461e-01
cascade_candidate_limit=1.00000000000000000000e+03
cascade_weight_multiplier=4.00000005960464477539e-01
cascade_activation_functions_count=10
cascade_activation_functions=3 5 7 8 10 11 14 15 16 17 
cascade_activation_steepnesses_count=4
cascade_activation_steepnesses=2.50000000000000000000e-01 5.00000000000000000000e-01 7.50000000000000000000e-01 1.00000000000000000000e+00 
layer_sizes=2 5 3 3 
scale_included=0
neurons (num_inputs, activation_function, activation_steepness)=(0, 0, 0.00000000000000000000e+00) (0, 0, 0.00000000000000000000e+00) (2, 3, 5.00000000000000000000e-01) (2, 3, 5.00000000000000000000e-01) (2, 3, 5.00000000000000000000e-01) (2, 3, 5.00000000000000000000e-01) (0, 3, 0.00000000000000000000e+00) (5, 3, 5.00000000000000000000e-01) (5, 3, 5.00000000000000000000e-01) (0, 3, 0.00000000000000000000e+00) (3, 0, 5.00000000000000000000e-01) (3, 0, 5.00000000000000000000e-01) (0, 0, 0.00000000000000000000e+00) 
connections (connected_to_neuron, weight)=(0, 2.13708133697509765625e+01) (1, -3.71278691291809082031e+00) (0, 3.75425224304199218750e+01) (1, -1.00277161598205566406e+00) (0, 1.33345651626586914062e+01) (1, -5.79975938796997070312e+00) (0, 1.20249519348144531250e+01) (1, -3.18173170089721679688e+00) (2, 1.72675228118896484375e+00) (3, 1.72517526149749755859e+00) (4, -4.68767786026000976562e+00) (5, 2.40646839141845703125e+00) (6, -2.21241021156311035156e+00) (2, -1.88373100757598876953e+00) (3, 7.23422646522521972656e-01) (4, -4.29713249206542968750e+00) (5, -4.53628242015838623047e-01) (6, 1.91730093955993652344e+00) (7, -3.57008910179138183594e+00) (8, -1.68161761760711669922e+00) (9, 2.06646323204040527344e+00) (7, -1.41463840007781982422e+00) (8, 4.13469123840332031250e+00) (9, -1.41570973396301269531e+00) 
