FANN_FLO_2.1
num_layers=4
learning_rate=0.500000
connection_rate=1.000000
network_type=0
learning_momentum=0.000000
training_algorithm=2
train_error_function=1
train_stop_function=0
cascade_output_change_fraction=0.010000
quickprop_decay=-0.000100
quickprop_mu=1.750000
rprop_increase_factor=1.200000
rprop_decrease_factor=0.500000
rprop_delta_min=0.000000
rprop_delta_max=50.000000
rprop_delta_zero=0.100000
cascade_output_stagnation_epochs=12
cascade_candidate_change_fraction=0.010000
cascade_candidate_stagnation_epochs=12
cascade_max_out_epochs=150
cascade_min_out_epochs=50
cascade_max_cand_epochs=150
cascade_min_cand_epochs=50
cascade_num_candidate_groups=2
bit_fail_limit=3.49999994039535522461e-01
cascade_candidate_limit=1.00000000000000000000e+03
cascade_weight_multiplier=4.00000005960464477539e-01
cascade_activation_functions_count=10
cascade_activation_functions=3 5 7 8 10 11 14 15 16 17 
cascade_activation_steepnesses_count=4
cascade_activation_steepnesses=2.50000000000000000000e-01 5.00000000000000000000e-01 7.50000000000000000000e-01 1.00000000000000000000e+00 
layer_sizes=10 3 3 2 
scale_included=0
neurons (num_inputs, activation_function, activation_steepness)=(0, 0, 0.00000000000000000000e+00) (0, 0, 0.00000000000000000000e+00) (0, 0, 0.00000000000000000000e+00) (0, 0, 0.00000000000000000000e+00) (0, 0, 0.00000000000000000000e+00) (0, 0, 0.00000000000000000000e+00) (0, 0, 0.00000000000000000000e+00) (0, 0, 0.00000000000000000000e+00) (0, 0, 0.00000000000000000000e+00) (0, 0, 0.00000000000000000000e+00) (10, 3, 5.00000000000000000000e-01) (10, 3, 5.00000000000000000000e-01) (0, 3, 0.00000000000000000000e+00) (3, 3, 5.00000000000000000000e-01) (3, 3, 5.00000000000000000000e-01) (0, 3, 0.00000000000000000000e+00) (3, 3, 5.00000000000000000000e-01) (0, 3, 0.00000000000000000000e+00) 
connections (connected_to_neuron, weight)=(0, -3.87320113182067871094e+00) (1, 8.24706256389617919922e-01) (2, -8.68804264068603515625e+00) (3, -9.54206645488739013672e-01) (4, 3.13696575164794921875e+00) (5, 1.95620834827423095703e+00) (6, 7.67576277256011962891e-01) (7, -6.92645597457885742188e+00) (8, -2.47831082344055175781e+00) (9, 5.85063028335571289062e+00) (0, -7.54156827926635742188e+00) (1, 1.12089872360229492188e+00) (2, -1.52086048126220703125e+01) (3, -7.27742373943328857422e-01) (4, 2.69524993896484375000e+01) (5, 1.08780412673950195312e+01) (6, -1.79859864711761474609e+00) (7, -3.00317192077636718750e+01) (8, -6.62407255172729492188e+00) (9, 6.24650287628173828125e+00) (10, 1.50000000000000000000e+03) (11, 1.50000000000000000000e+03) (12, -8.84960479736328125000e+01) (10, 1.50000000000000000000e+03) (11, 1.50000000000000000000e+03) (12, -2.59259243011474609375e+01) (13, 1.61827600002288818359e+00) (14, 9.79647159576416015625e-01) (15, -1.93120384216308593750e+00) 
