FANN_FLO_2.1
num_layers=3
learning_rate=0.400000
connection_rate=1.000000
network_type=0
learning_momentum=0.000000
training_algorithm=2
train_error_function=1
train_stop_function=0
cascade_output_change_fraction=0.010000
quickprop_decay=-0.000100
quickprop_mu=1.750000
rprop_increase_factor=1.200000
rprop_decrease_factor=0.500000
rprop_delta_min=0.000000
rprop_delta_max=50.000000
rprop_delta_zero=0.100000
cascade_output_stagnation_epochs=12
cascade_candidate_change_fraction=0.010000
cascade_candidate_stagnation_epochs=12
cascade_max_out_epochs=150
cascade_min_out_epochs=50
cascade_max_cand_epochs=150
cascade_min_cand_epochs=50
cascade_num_candidate_groups=2
bit_fail_limit=3.49999994039535522461e-01
cascade_candidate_limit=1.00000000000000000000e+03
cascade_weight_multiplier=4.00000005960464477539e-01
cascade_activation_functions_count=10
cascade_activation_functions=3 5 7 8 10 11 14 15 16 17 
cascade_activation_steepnesses_count=4
cascade_activation_steepnesses=2.50000000000000000000e-01 5.00000000000000000000e-01 7.50000000000000000000e-01 1.00000000000000000000e+00 
layer_sizes=7 9 2 
scale_included=0
neurons (num_inputs, activation_function, activation_steepness)=(0, 0, 0.00000000000000000000e+00) (0, 0, 0.00000000000000000000e+00) (0, 0, 0.00000000000000000000e+00) (0, 0, 0.00000000000000000000e+00) (0, 0, 0.00000000000000000000e+00) (0, 0, 0.00000000000000000000e+00) (0, 0, 0.00000000000000000000e+00) (7, 3, 5.00000000000000000000e-01) (7, 3, 5.00000000000000000000e-01) (7, 3, 5.00000000000000000000e-01) (7, 3, 5.00000000000000000000e-01) (7, 3, 5.00000000000000000000e-01) (7, 3, 5.00000000000000000000e-01) (7, 3, 5.00000000000000000000e-01) (7, 3, 5.00000000000000000000e-01) (0, 3, 0.00000000000000000000e+00) (9, 3, 5.00000000000000000000e-01) (0, 3, 0.00000000000000000000e+00) 
connections (connected_to_neuron, weight)=(0, -8.15643429756164550781e-01) (1, 6.52300596237182617188e+00) (2, -4.43098592758178710938e+00) (3, -2.82758140563964843750e+00) (4, -2.97713298797607421875e+01) (5, -1.09549915790557861328e+00) (6, -1.07976961135864257812e+00) (0, -4.91686433553695678711e-01) (1, 6.64137303829193115234e-01) (2, 3.33353209495544433594e+00) (3, -1.03293240070343017578e+00) (4, -2.02435779571533203125e+00) (5, -2.51260414123535156250e+01) (6, 4.18570101261138916016e-01) (0, -1.45686805248260498047e+00) (1, 2.01228052377700805664e-01) (2, 1.00897625088691711426e-01) (3, -5.77050566673278808594e-01) (4, -7.03550755977630615234e-01) (5, 1.19233238697052001953e+00) (6, 3.69799137115478515625e-01) (0, 1.27511053085327148438e+01) (1, -1.32902250289916992188e+01) (2, 1.25533056259155273438e+00) (3, -2.13207483291625976562e+00) (4, -2.47551918029785156250e-01) (5, -4.10397911071777343750e+00) (6, 4.71406364440917968750e+00) (0, -7.18730688095092773438e-01) (1, 4.13733625411987304688e+00) (2, -1.07160043716430664062e+01) (3, -7.44013118743896484375e+00) (4, -8.13130319118499755859e-01) (5, -1.69562358856201171875e+01) (6, -7.72567018866539001465e-02) (0, 8.14300775527954101562e-02) (1, 2.71111994981765747070e-01) (2, -3.57800636291503906250e+01) (3, 2.04769158363342285156e+00) (4, -1.85744404792785644531e+00) (5, 2.80206274986267089844e+00) (6, 6.27366125583648681641e-01) (0, -9.65284156799316406250e+00) (1, 5.50420141220092773438e+00) (2, -8.74611282348632812500e+00) (3, -3.21697640419006347656e+00) (4, -1.27807235717773437500e+00) (5, 3.72150897979736328125e+00) (6, 4.56411743164062500000e+00) (0, 2.66427540779113769531e+00) (1, -3.20344781875610351562e+00) (2, -3.43164944648742675781e+00) (3, -2.26945257186889648438e+00) (4, -7.92268633842468261719e-01) (5, -4.20682668685913085938e+00) (6, 4.35921370983123779297e-01) (7, -2.19308400154113769531e+00) (8, -1.74106538295745849609e+00) (9, -6.13481581211090087891e-01) (10, -4.08429718017578125000e+00) (11, -2.34595513343811035156e+00) (12, 5.53227484226226806641e-01) (13, -3.76734113693237304688e+00) (14, 9.23390293121337890625e+00) (15, 2.07395815849304199219e+00) 
