FANN_FLO_2.1
num_layers=3
learning_rate=0.500000
connection_rate=1.000000
network_type=0
learning_momentum=0.000000
training_algorithm=2
train_error_function=1
train_stop_function=0
cascade_output_change_fraction=0.010000
quickprop_decay=-0.000100
quickprop_mu=1.750000
rprop_increase_factor=1.200000
rprop_decrease_factor=0.500000
rprop_delta_min=0.000000
rprop_delta_max=50.000000
rprop_delta_zero=0.100000
cascade_output_stagnation_epochs=12
cascade_candidate_change_fraction=0.010000
cascade_candidate_stagnation_epochs=12
cascade_max_out_epochs=150
cascade_min_out_epochs=50
cascade_max_cand_epochs=150
cascade_min_cand_epochs=50
cascade_num_candidate_groups=2
bit_fail_limit=3.49999994039535522461e-01
cascade_candidate_limit=1.00000000000000000000e+03
cascade_weight_multiplier=4.00000005960464477539e-01
cascade_activation_functions_count=10
cascade_activation_functions=3 5 7 8 10 11 14 15 16 17 
cascade_activation_steepnesses_count=4
cascade_activation_steepnesses=2.50000000000000000000e-01 5.00000000000000000000e-01 7.50000000000000000000e-01 1.00000000000000000000e+00 
layer_sizes=10 5 2 
scale_included=0
neurons (num_inputs, activation_function, activation_steepness)=(0, 0, 0.00000000000000000000e+00) (0, 0, 0.00000000000000000000e+00) (0, 0, 0.00000000000000000000e+00) (0, 0, 0.00000000000000000000e+00) (0, 0, 0.00000000000000000000e+00) (0, 0, 0.00000000000000000000e+00) (0, 0, 0.00000000000000000000e+00) (0, 0, 0.00000000000000000000e+00) (0, 0, 0.00000000000000000000e+00) (0, 0, 0.00000000000000000000e+00) (10, 3, 5.00000000000000000000e-01) (10, 3, 5.00000000000000000000e-01) (10, 3, 5.00000000000000000000e-01) (10, 3, 5.00000000000000000000e-01) (0, 3, 0.00000000000000000000e+00) (5, 3, 5.00000000000000000000e-01) (0, 3, 0.00000000000000000000e+00) 
connections (connected_to_neuron, weight)=(0, 1.18440024554729461670e-01) (1, 7.91776925325393676758e-02) (2, -4.91214323043823242188e+00) (3, -1.89087367057800292969e+00) (4, 1.23638427257537841797e+00) (5, -6.36141359806060791016e-01) (6, 2.22893744707107543945e-01) (7, -6.45675039291381835938e+00) (8, -6.30889475345611572266e-01) (9, 6.41304874420166015625e+00) (0, -4.08206731081008911133e-01) (1, -4.70868736505508422852e-01) (2, -2.51835012435913085938e+00) (3, -5.19805669784545898438e-01) (4, -2.32483714818954467773e-01) (5, -9.17953014373779296875e+00) (6, 1.85477180480957031250e+01) (7, -5.17942857742309570312e+00) (8, -2.30922296643257141113e-01) (9, 1.02399551868438720703e+00) (0, -2.18451306223869323730e-01) (1, -4.45056930184364318848e-02) (2, -7.65123033523559570312e+00) (3, 1.11794745922088623047e+00) (4, 9.00625050067901611328e-01) (5, 2.35977554321289062500e+00) (6, 1.17910423278808593750e+01) (7, 5.93550014495849609375e+00) (8, -9.74073123931884765625e+00) (9, -5.05229949951171875000e-01) (0, 4.47345197200775146484e-01) (1, 8.28678667545318603516e-01) (2, 1.51874709129333496094e+00) (3, 1.39816319942474365234e+00) (4, 5.24618625640869140625e-01) (5, 8.45670878887176513672e-01) (6, -3.82171064615249633789e-01) (7, 4.04947400093078613281e-01) (8, -1.93578267097473144531e+00) (9, -1.49504530429840087891e+00) (10, 2.55671119689941406250e+00) (11, 2.74605107307434082031e+00) (12, -3.12792181968688964844e+00) (13, -1.51378893852233886719e+00) (14, -3.38398575782775878906e-01) 
