FANN_FLO_2.1
num_layers=3
learning_rate=0.400000
connection_rate=1.000000
network_type=0
learning_momentum=0.000000
training_algorithm=2
train_error_function=1
train_stop_function=0
cascade_output_change_fraction=0.010000
quickprop_decay=-0.000100
quickprop_mu=1.750000
rprop_increase_factor=1.200000
rprop_decrease_factor=0.500000
rprop_delta_min=0.000000
rprop_delta_max=50.000000
rprop_delta_zero=0.100000
cascade_output_stagnation_epochs=12
cascade_candidate_change_fraction=0.010000
cascade_candidate_stagnation_epochs=12
cascade_max_out_epochs=150
cascade_min_out_epochs=50
cascade_max_cand_epochs=150
cascade_min_cand_epochs=50
cascade_num_candidate_groups=2
bit_fail_limit=3.49999994039535522461e-01
cascade_candidate_limit=1.00000000000000000000e+03
cascade_weight_multiplier=4.00000005960464477539e-01
cascade_activation_functions_count=10
cascade_activation_functions=3 5 7 8 10 11 14 15 16 17 
cascade_activation_steepnesses_count=4
cascade_activation_steepnesses=2.50000000000000000000e-01 5.00000000000000000000e-01 7.50000000000000000000e-01 1.00000000000000000000e+00 
layer_sizes=19 3 3 
scale_included=0
neurons (num_inputs, activation_function, activation_steepness)=(0, 0, 0.00000000000000000000e+00) (0, 0, 0.00000000000000000000e+00) (0, 0, 0.00000000000000000000e+00) (0, 0, 0.00000000000000000000e+00) (0, 0, 0.00000000000000000000e+00) (0, 0, 0.00000000000000000000e+00) (0, 0, 0.00000000000000000000e+00) (0, 0, 0.00000000000000000000e+00) (0, 0, 0.00000000000000000000e+00) (0, 0, 0.00000000000000000000e+00) (0, 0, 0.00000000000000000000e+00) (0, 0, 0.00000000000000000000e+00) (0, 0, 0.00000000000000000000e+00) (0, 0, 0.00000000000000000000e+00) (0, 0, 0.00000000000000000000e+00) (0, 0, 0.00000000000000000000e+00) (0, 0, 0.00000000000000000000e+00) (0, 0, 0.00000000000000000000e+00) (0, 0, 0.00000000000000000000e+00) (19, 3, 5.00000000000000000000e-01) (19, 3, 5.00000000000000000000e-01) (0, 3, 0.00000000000000000000e+00) (3, 3, 5.00000000000000000000e-01) (3, 3, 5.00000000000000000000e-01) (0, 3, 0.00000000000000000000e+00) 
connections (connected_to_neuron, weight)=(0, -4.37943649291992187500e+00) (1, -5.29610776901245117188e+00) (2, -4.44760704040527343750e+00) (3, 8.26304531097412109375e+00) (4, 2.53111696243286132812e+00) (5, 2.57389354705810546875e+00) (6, -3.15769314765930175781e+00) (7, -2.24613113403320312500e+01) (8, -1.02602500915527343750e+01) (9, 6.26126623153686523438e+00) (10, 2.86232519149780273438e+00) (11, -3.85354948043823242188e+00) (12, 3.57219552993774414062e+00) (13, 2.08562254905700683594e+00) (14, 3.49895405769348144531e+00) (15, -3.00333333015441894531e+00) (16, 1.34745764732360839844e+00) (17, 9.13468360900878906250e+00) (18, 3.73165154457092285156e+00) (0, 4.54542070627212524414e-01) (1, -1.59457409381866455078e+00) (2, 3.57048249244689941406e+00) (3, -4.69741964340209960938e+00) (4, -8.21164989471435546875e+00) (5, 4.90770483016967773438e+00) (6, 9.76827383041381835938e-01) (7, 1.58039493560791015625e+01) (8, 9.54990768432617187500e+00) (9, -2.42837429046630859375e+00) (10, -1.18997945785522460938e+01) (11, 5.33901548385620117188e+00) (12, -6.73621225357055664062e+00) (13, 8.10531997680664062500e+00) (14, 1.53379440307617187500e+00) (15, 1.56636166572570800781e+00) (16, 3.06000471115112304688e+00) (17, -7.50297880172729492188e+00) (18, 2.15665602684020996094e+00) (19, -9.18336927890777587891e-01) (20, -1.30997800827026367188e+00) (21, 8.51195335388183593750e-01) (19, 9.19712781906127929688e-01) (20, 1.31214678287506103516e+00) (21, -8.52888822555541992188e-01) 
