FANN_FLO_2.1
num_layers=4
learning_rate=0.500000
connection_rate=1.000000
network_type=0
learning_momentum=0.000000
training_algorithm=2
train_error_function=1
train_stop_function=0
cascade_output_change_fraction=0.010000
quickprop_decay=-0.000100
quickprop_mu=1.750000
rprop_increase_factor=1.200000
rprop_decrease_factor=0.500000
rprop_delta_min=0.000000
rprop_delta_max=50.000000
rprop_delta_zero=0.100000
cascade_output_stagnation_epochs=12
cascade_candidate_change_fraction=0.010000
cascade_candidate_stagnation_epochs=12
cascade_max_out_epochs=150
cascade_min_out_epochs=50
cascade_max_cand_epochs=150
cascade_min_cand_epochs=50
cascade_num_candidate_groups=2
bit_fail_limit=3.49999994039535522461e-01
cascade_candidate_limit=1.00000000000000000000e+03
cascade_weight_multiplier=4.00000005960464477539e-01
cascade_activation_functions_count=10
cascade_activation_functions=3 5 7 8 10 11 14 15 16 17 
cascade_activation_steepnesses_count=4
cascade_activation_steepnesses=2.50000000000000000000e-01 5.00000000000000000000e-01 7.50000000000000000000e-01 1.00000000000000000000e+00 
layer_sizes=2 5 3 3 
scale_included=0
neurons (num_inputs, activation_function, activation_steepness)=(0, 0, 0.00000000000000000000e+00) (0, 0, 0.00000000000000000000e+00) (2, 3, 5.00000000000000000000e-01) (2, 3, 5.00000000000000000000e-01) (2, 3, 5.00000000000000000000e-01) (2, 3, 5.00000000000000000000e-01) (0, 3, 0.00000000000000000000e+00) (5, 3, 5.00000000000000000000e-01) (5, 3, 5.00000000000000000000e-01) (0, 3, 0.00000000000000000000e+00) (3, 0, 5.00000000000000000000e-01) (3, 0, 5.00000000000000000000e-01) (0, 0, 0.00000000000000000000e+00) 
connections (connected_to_neuron, weight)=(0, 1.67119636535644531250e+01) (1, -6.42752504348754882812e+00) (0, 1.55437517166137695312e+01) (1, -2.62960290908813476562e+00) (0, 1.58193788528442382812e+01) (1, -1.24412071704864501953e+00) (0, 1.97906742095947265625e+01) (1, -2.67763805389404296875e+00) (2, -4.18743371963500976562e+00) (3, 5.35177516937255859375e+00) (4, 4.01190805435180664062e+00) (5, -3.88453745841979980469e+00) (6, -1.89299130439758300781e+00) (2, -3.08240699768066406250e+00) (3, -1.21450841426849365234e+00) (4, 3.49176913499832153320e-01) (5, -1.27587831020355224609e+00) (6, 2.03535819053649902344e+00) (7, -3.73888421058654785156e+00) (8, -7.38562405109405517578e-01) (9, 1.72187709808349609375e+00) (7, -2.65958636999130249023e-01) (8, 4.81447839736938476562e+00) (9, -2.13026905059814453125e+00) 
