FANN_FLO_2.1
num_layers=4
learning_rate=0.500000
connection_rate=1.000000
network_type=0
learning_momentum=0.000000
training_algorithm=2
train_error_function=1
train_stop_function=0
cascade_output_change_fraction=0.010000
quickprop_decay=-0.000100
quickprop_mu=1.750000
rprop_increase_factor=1.200000
rprop_decrease_factor=0.500000
rprop_delta_min=0.000000
rprop_delta_max=50.000000
rprop_delta_zero=0.100000
cascade_output_stagnation_epochs=12
cascade_candidate_change_fraction=0.010000
cascade_candidate_stagnation_epochs=12
cascade_max_out_epochs=150
cascade_min_out_epochs=50
cascade_max_cand_epochs=150
cascade_min_cand_epochs=50
cascade_num_candidate_groups=2
bit_fail_limit=3.49999994039535522461e-01
cascade_candidate_limit=1.00000000000000000000e+03
cascade_weight_multiplier=4.00000005960464477539e-01
cascade_activation_functions_count=10
cascade_activation_functions=3 5 7 8 10 11 14 15 16 17 
cascade_activation_steepnesses_count=4
cascade_activation_steepnesses=2.50000000000000000000e-01 5.00000000000000000000e-01 7.50000000000000000000e-01 1.00000000000000000000e+00 
layer_sizes=2 5 3 3 
scale_included=0
neurons (num_inputs, activation_function, activation_steepness)=(0, 0, 0.00000000000000000000e+00) (0, 0, 0.00000000000000000000e+00) (2, 3, 5.00000000000000000000e-01) (2, 3, 5.00000000000000000000e-01) (2, 3, 5.00000000000000000000e-01) (2, 3, 5.00000000000000000000e-01) (0, 3, 0.00000000000000000000e+00) (5, 3, 5.00000000000000000000e-01) (5, 3, 5.00000000000000000000e-01) (0, 3, 0.00000000000000000000e+00) (3, 0, 5.00000000000000000000e-01) (3, 0, 5.00000000000000000000e-01) (0, 0, 0.00000000000000000000e+00) 
connections (connected_to_neuron, weight)=(0, 4.68911590576171875000e+01) (1, -1.22338449954986572266e+00) (0, 8.53731536865234375000e+00) (1, -4.11355972290039062500e+00) (0, 1.29451961517333984375e+01) (1, -5.32428216934204101562e+00) (0, 1.39507780075073242188e+01) (1, -3.10164356231689453125e+00) (2, 1.65812575817108154297e+00) (3, 6.70797443389892578125e+00) (4, -1.09534196853637695312e+01) (5, 6.10733604431152343750e+00) (6, -2.63374042510986328125e+00) (2, 1.00374186038970947266e+00) (3, -1.51839160919189453125e+00) (4, -2.20749306678771972656e+00) (5, -1.71254026889801025391e+00) (6, 1.23848426342010498047e+00) (7, -2.81542325019836425781e+00) (8, -1.79667556285858154297e+00) (9, 1.76985228061676025391e+00) (7, -1.90964877605438232422e+00) (8, 4.52463245391845703125e+00) (9, -1.36696398258209228516e+00) 
