FANN_FLO_2.1
num_layers=3
learning_rate=0.500000
connection_rate=1.000000
network_type=0
learning_momentum=0.000000
training_algorithm=2
train_error_function=1
train_stop_function=0
cascade_output_change_fraction=0.010000
quickprop_decay=-0.000100
quickprop_mu=1.750000
rprop_increase_factor=1.200000
rprop_decrease_factor=0.500000
rprop_delta_min=0.000000
rprop_delta_max=50.000000
rprop_delta_zero=0.100000
cascade_output_stagnation_epochs=12
cascade_candidate_change_fraction=0.010000
cascade_candidate_stagnation_epochs=12
cascade_max_out_epochs=150
cascade_min_out_epochs=50
cascade_max_cand_epochs=150
cascade_min_cand_epochs=50
cascade_num_candidate_groups=2
bit_fail_limit=3.49999994039535522461e-01
cascade_candidate_limit=1.00000000000000000000e+03
cascade_weight_multiplier=4.00000005960464477539e-01
cascade_activation_functions_count=10
cascade_activation_functions=3 5 7 8 10 11 14 15 16 17 
cascade_activation_steepnesses_count=4
cascade_activation_steepnesses=2.50000000000000000000e-01 5.00000000000000000000e-01 7.50000000000000000000e-01 1.00000000000000000000e+00 
layer_sizes=10 3 2 
scale_included=0
neurons (num_inputs, activation_function, activation_steepness)=(0, 0, 0.00000000000000000000e+00) (0, 0, 0.00000000000000000000e+00) (0, 0, 0.00000000000000000000e+00) (0, 0, 0.00000000000000000000e+00) (0, 0, 0.00000000000000000000e+00) (0, 0, 0.00000000000000000000e+00) (0, 0, 0.00000000000000000000e+00) (0, 0, 0.00000000000000000000e+00) (0, 0, 0.00000000000000000000e+00) (0, 0, 0.00000000000000000000e+00) (10, 3, 5.00000000000000000000e-01) (10, 3, 5.00000000000000000000e-01) (0, 3, 0.00000000000000000000e+00) (3, 3, 5.00000000000000000000e-01) (0, 3, 0.00000000000000000000e+00) 
connections (connected_to_neuron, weight)=(0, -2.76058673858642578125e-01) (1, -1.45162224769592285156e+00) (2, -7.61672115325927734375e+00) (3, -7.60670602321624755859e-01) (4, -2.25908184051513671875e+00) (5, 7.81498432159423828125e+00) (6, 1.25457792282104492188e+01) (7, 1.56224668025970458984e+00) (8, -2.61708259582519531250e+00) (9, -3.44213032722473144531e+00) (0, -1.60619175434112548828e+00) (1, -1.25095205307006835938e+01) (2, 4.69177246093750000000e+00) (3, -1.93966150283813476562e+00) (4, -7.97680187225341796875e+00) (5, -7.99311113357543945312e+00) (6, 3.02800083160400390625e+01) (7, 3.45320081710815429688e+00) (8, 3.39458703994750976562e+00) (9, 6.59538924694061279297e-01) (10, 3.35339975357055664062e+00) (11, -3.14560842514038085938e+00) (12, 8.33548665046691894531e-01) 
