FANN_FLO_2.1
num_layers=4
learning_rate=0.400000
connection_rate=1.000000
network_type=0
learning_momentum=0.000000
training_algorithm=2
train_error_function=1
train_stop_function=0
cascade_output_change_fraction=0.010000
quickprop_decay=-0.000100
quickprop_mu=1.750000
rprop_increase_factor=1.200000
rprop_decrease_factor=0.500000
rprop_delta_min=0.000000
rprop_delta_max=50.000000
rprop_delta_zero=0.100000
cascade_output_stagnation_epochs=12
cascade_candidate_change_fraction=0.010000
cascade_candidate_stagnation_epochs=12
cascade_max_out_epochs=150
cascade_min_out_epochs=50
cascade_max_cand_epochs=150
cascade_min_cand_epochs=50
cascade_num_candidate_groups=2
bit_fail_limit=3.49999994039535522461e-01
cascade_candidate_limit=1.00000000000000000000e+03
cascade_weight_multiplier=4.00000005960464477539e-01
cascade_activation_functions_count=10
cascade_activation_functions=3 5 7 8 10 11 14 15 16 17 
cascade_activation_steepnesses_count=4
cascade_activation_steepnesses=2.50000000000000000000e-01 5.00000000000000000000e-01 7.50000000000000000000e-01 1.00000000000000000000e+00 
layer_sizes=7 5 3 2 
scale_included=0
neurons (num_inputs, activation_function, activation_steepness)=(0, 0, 0.00000000000000000000e+00) (0, 0, 0.00000000000000000000e+00) (0, 0, 0.00000000000000000000e+00) (0, 0, 0.00000000000000000000e+00) (0, 0, 0.00000000000000000000e+00) (0, 0, 0.00000000000000000000e+00) (0, 0, 0.00000000000000000000e+00) (7, 3, 5.00000000000000000000e-01) (7, 3, 5.00000000000000000000e-01) (7, 3, 5.00000000000000000000e-01) (7, 3, 5.00000000000000000000e-01) (0, 3, 0.00000000000000000000e+00) (5, 3, 5.00000000000000000000e-01) (5, 3, 5.00000000000000000000e-01) (0, 3, 0.00000000000000000000e+00) (3, 3, 5.00000000000000000000e-01) (0, 3, 0.00000000000000000000e+00) 
connections (connected_to_neuron, weight)=(0, -9.49654674530029296875e+00) (1, 7.88322877883911132812e+00) (2, 9.21171128749847412109e-01) (3, -1.36760199069976806641e+00) (4, -9.78964269161224365234e-01) (5, -1.49974841308593750000e+03) (6, 6.65252625942230224609e-01) (0, 2.02214121818542480469e+00) (1, -1.65259933471679687500e+00) (2, -4.53561258316040039062e+00) (3, 1.46589827537536621094e+00) (4, -5.23392200469970703125e+00) (5, 1.38422954082489013672e+00) (6, -1.04722104966640472412e-01) (0, 7.65785169601440429688e+00) (1, -3.01171374320983886719e+00) (2, -1.78120359778404235840e-01) (3, -5.42495632171630859375e+00) (4, 6.61998510360717773438e-01) (5, 2.02815628051757812500e+00) (6, -4.73936843872070312500e+00) (0, 5.28512334823608398438e+00) (1, -8.33806705474853515625e+00) (2, 5.24130535125732421875e+00) (3, -7.46290802955627441406e-01) (4, 5.95553182065486907959e-02) (5, 4.46179151535034179688e+00) (6, -3.03336691856384277344e+00) (7, 1.60465526580810546875e+01) (8, 3.55045127868652343750e+00) (9, -1.29351392388343811035e-01) (10, 3.61041474342346191406e+00) (11, -1.97147500514984130859e+00) (7, 6.89864587783813476562e+00) (8, -7.64243304729461669922e-02) (9, 2.62325215339660644531e+00) (10, 4.06485319137573242188e+00) (11, -3.60611391067504882812e+00) (12, -1.22470712661743164062e+00) (13, -6.51107311248779296875e+00) (14, -6.83767259120941162109e-01) 
