FANN_FLO_2.1
num_layers=3
learning_rate=0.400000
connection_rate=1.000000
network_type=0
learning_momentum=0.000000
training_algorithm=2
train_error_function=1
train_stop_function=0
cascade_output_change_fraction=0.010000
quickprop_decay=-0.000100
quickprop_mu=1.750000
rprop_increase_factor=1.200000
rprop_decrease_factor=0.500000
rprop_delta_min=0.000000
rprop_delta_max=50.000000
rprop_delta_zero=0.100000
cascade_output_stagnation_epochs=12
cascade_candidate_change_fraction=0.010000
cascade_candidate_stagnation_epochs=12
cascade_max_out_epochs=150
cascade_min_out_epochs=50
cascade_max_cand_epochs=150
cascade_min_cand_epochs=50
cascade_num_candidate_groups=2
bit_fail_limit=3.49999994039535522461e-01
cascade_candidate_limit=1.00000000000000000000e+03
cascade_weight_multiplier=4.00000005960464477539e-01
cascade_activation_functions_count=10
cascade_activation_functions=3 5 7 8 10 11 14 15 16 17 
cascade_activation_steepnesses_count=4
cascade_activation_steepnesses=2.50000000000000000000e-01 5.00000000000000000000e-01 7.50000000000000000000e-01 1.00000000000000000000e+00 
layer_sizes=7 9 2 
scale_included=0
neurons (num_inputs, activation_function, activation_steepness)=(0, 0, 0.00000000000000000000e+00) (0, 0, 0.00000000000000000000e+00) (0, 0, 0.00000000000000000000e+00) (0, 0, 0.00000000000000000000e+00) (0, 0, 0.00000000000000000000e+00) (0, 0, 0.00000000000000000000e+00) (0, 0, 0.00000000000000000000e+00) (7, 3, 5.00000000000000000000e-01) (7, 3, 5.00000000000000000000e-01) (7, 3, 5.00000000000000000000e-01) (7, 3, 5.00000000000000000000e-01) (7, 3, 5.00000000000000000000e-01) (7, 3, 5.00000000000000000000e-01) (7, 3, 5.00000000000000000000e-01) (7, 3, 5.00000000000000000000e-01) (0, 3, 0.00000000000000000000e+00) (9, 3, 5.00000000000000000000e-01) (0, 3, 0.00000000000000000000e+00) 
connections (connected_to_neuron, weight)=(0, 1.31063976287841796875e+01) (1, 1.11183130741119384766e+00) (2, 1.28487610816955566406e+00) (3, 4.79708880186080932617e-01) (4, -7.78733491897583007812e+00) (5, -2.30821275711059570312e+00) (6, 1.66850566864013671875e+00) (0, 2.03626346588134765625e+00) (1, 2.15645387768745422363e-01) (2, -2.19882130622863769531e-01) (3, 7.74937450885772705078e-01) (4, 2.10559844970703125000e+00) (5, 1.26704752445220947266e+00) (6, -1.98291707038879394531e+00) (0, 1.23473310470581054688e+00) (1, 7.81680196523666381836e-02) (2, 8.40518176555633544922e-01) (3, 6.06467425823211669922e-01) (4, 1.15728843212127685547e+00) (5, 6.31032705307006835938e-01) (6, -1.02682089805603027344e+00) (0, -3.12656140327453613281e+00) (1, -1.70095980167388916016e+00) (2, -4.77438402175903320312e+00) (3, 1.09671318531036376953e+00) (4, 1.27164602279663085938e+00) (5, 1.83167621493339538574e-01) (6, -4.05385792255401611328e-01) (0, 6.94398880004882812500e+00) (1, 2.04829049110412597656e+00) (2, 1.62783062458038330078e+00) (3, -1.20681037902832031250e+01) (4, 7.38849973678588867188e+00) (5, -2.34111857414245605469e+00) (6, 1.73756468296051025391e+00) (0, 9.90700066089630126953e-01) (1, -4.53260004520416259766e-01) (2, -3.54727721214294433594e+00) (3, -8.01670610904693603516e-01) (4, -1.06389789581298828125e+01) (5, 8.76473712921142578125e+00) (6, 6.30487823486328125000e+00) (0, 1.23580253124237060547e+00) (1, 4.86867713928222656250e+00) (2, 1.69188904762268066406e+00) (3, -9.07655477523803710938e-01) (4, 1.63223341107368469238e-01) (5, -7.52932548522949218750e+00) (6, 3.15272045135498046875e+00) (0, 1.29137706756591796875e+00) (1, 1.16185152530670166016e+00) (2, -1.73103064298629760742e-01) (3, 8.95542562007904052734e-01) (4, 2.26961421966552734375e+00) (5, 1.35170090198516845703e+00) (6, -2.33791327476501464844e+00) (7, -8.87717068195343017578e-01) (8, 1.17994761466979980469e+00) (9, 1.15808105468750000000e+00) (10, 3.19348692893981933594e+00) (11, -8.40177953243255615234e-01) (12, -1.77987825870513916016e+00) (13, -2.26024413108825683594e+00) (14, 2.63206195831298828125e+00) (15, -2.98945661634206771851e-02) 
