FANN_FLO_2.1
num_layers=3
learning_rate=0.400000
connection_rate=1.000000
network_type=0
learning_momentum=0.000000
training_algorithm=2
train_error_function=1
train_stop_function=0
cascade_output_change_fraction=0.010000
quickprop_decay=-0.000100
quickprop_mu=1.750000
rprop_increase_factor=1.200000
rprop_decrease_factor=0.500000
rprop_delta_min=0.000000
rprop_delta_max=50.000000
rprop_delta_zero=0.100000
cascade_output_stagnation_epochs=12
cascade_candidate_change_fraction=0.010000
cascade_candidate_stagnation_epochs=12
cascade_max_out_epochs=150
cascade_min_out_epochs=50
cascade_max_cand_epochs=150
cascade_min_cand_epochs=50
cascade_num_candidate_groups=2
bit_fail_limit=3.49999994039535522461e-01
cascade_candidate_limit=1.00000000000000000000e+03
cascade_weight_multiplier=4.00000005960464477539e-01
cascade_activation_functions_count=10
cascade_activation_functions=3 5 7 8 10 11 14 15 16 17 
cascade_activation_steepnesses_count=4
cascade_activation_steepnesses=2.50000000000000000000e-01 5.00000000000000000000e-01 7.50000000000000000000e-01 1.00000000000000000000e+00 
layer_sizes=7 9 2 
scale_included=0
neurons (num_inputs, activation_function, activation_steepness)=(0, 0, 0.00000000000000000000e+00) (0, 0, 0.00000000000000000000e+00) (0, 0, 0.00000000000000000000e+00) (0, 0, 0.00000000000000000000e+00) (0, 0, 0.00000000000000000000e+00) (0, 0, 0.00000000000000000000e+00) (0, 0, 0.00000000000000000000e+00) (7, 3, 5.00000000000000000000e-01) (7, 3, 5.00000000000000000000e-01) (7, 3, 5.00000000000000000000e-01) (7, 3, 5.00000000000000000000e-01) (7, 3, 5.00000000000000000000e-01) (7, 3, 5.00000000000000000000e-01) (7, 3, 5.00000000000000000000e-01) (7, 3, 5.00000000000000000000e-01) (0, 3, 0.00000000000000000000e+00) (9, 3, 5.00000000000000000000e-01) (0, 3, 0.00000000000000000000e+00) 
connections (connected_to_neuron, weight)=(0, -5.27767419815063476562e+00) (1, -2.23140525817871093750e+00) (2, -1.80115675926208496094e+00) (3, 1.93054687976837158203e+00) (4, 1.52678883075714111328e+00) (5, 2.42104306817054748535e-02) (6, -9.43089485168457031250e-01) (0, 5.45131635665893554688e+00) (1, 5.99862098693847656250e-01) (2, -7.95074653625488281250e+00) (3, 1.46420896053314208984e+00) (4, -5.50904083251953125000e+00) (5, 2.50016713142395019531e+00) (6, 5.05334043502807617188e+00) (0, -8.65885674953460693359e-01) (1, -7.36264279112219810486e-04) (2, -1.06388103961944580078e+00) (3, -1.53243815898895263672e+00) (4, -2.33867430686950683594e+00) (5, -7.08598375320434570312e-01) (6, 1.89503443241119384766e+00) (0, -1.19268834590911865234e+00) (1, -2.29370549321174621582e-01) (2, -5.78956343233585357666e-02) (3, -1.68722271919250488281e+00) (4, -2.55002260208129882812e+00) (5, -1.15509974956512451172e+00) (6, 2.12877345085144042969e+00) (0, -1.11747741699218750000e+01) (1, -2.67905330657958984375e+00) (2, -4.19564151763916015625e+00) (3, 4.34539079666137695312e+00) (4, -1.14296207427978515625e+01) (5, 1.90427875518798828125e+01) (6, 3.11678528785705566406e+00) (0, -2.11606621742248535156e+00) (1, -2.38967561721801757812e+00) (2, -4.27568817138671875000e+00) (3, -1.79914161562919616699e-01) (4, 2.93892562389373779297e-01) (5, 3.97261047363281250000e+00) (6, -9.77415204048156738281e-01) (0, -4.96558368206024169922e-01) (1, 1.25881299376487731934e-01) (2, -4.87464487552642822266e-01) (3, -7.87831306457519531250e-01) (4, -2.05030393600463867188e+00) (5, -1.26180088520050048828e+00) (6, 2.02155709266662597656e-01) (0, -1.29834556579589843750e+00) (1, -2.30296206474304199219e+00) (2, -3.74908638000488281250e+00) (3, 2.93164253234863281250e+00) (4, -2.86544418334960937500e+00) (5, 8.10532855987548828125e+00) (6, -1.73097276687622070312e+00) (7, 3.97085213661193847656e+00) (8, -7.93693244457244873047e-01) (9, -2.86718583106994628906e+00) (10, -2.18631815910339355469e+00) (11, -2.31338071823120117188e+00) (12, 1.93187451362609863281e+00) (13, -3.46010899543762207031e+00) (14, 2.73727226257324218750e+00) (15, 1.14539575576782226562e+00) 
