FANN_FLO_2.1
num_layers=4
learning_rate=0.500000
connection_rate=1.000000
network_type=0
learning_momentum=0.000000
training_algorithm=2
train_error_function=1
train_stop_function=0
cascade_output_change_fraction=0.010000
quickprop_decay=-0.000100
quickprop_mu=1.750000
rprop_increase_factor=1.200000
rprop_decrease_factor=0.500000
rprop_delta_min=0.000000
rprop_delta_max=50.000000
rprop_delta_zero=0.100000
cascade_output_stagnation_epochs=12
cascade_candidate_change_fraction=0.010000
cascade_candidate_stagnation_epochs=12
cascade_max_out_epochs=150
cascade_min_out_epochs=50
cascade_max_cand_epochs=150
cascade_min_cand_epochs=50
cascade_num_candidate_groups=2
bit_fail_limit=3.49999994039535522461e-01
cascade_candidate_limit=1.00000000000000000000e+03
cascade_weight_multiplier=4.00000005960464477539e-01
cascade_activation_functions_count=10
cascade_activation_functions=3 5 7 8 10 11 14 15 16 17 
cascade_activation_steepnesses_count=4
cascade_activation_steepnesses=2.50000000000000000000e-01 5.00000000000000000000e-01 7.50000000000000000000e-01 1.00000000000000000000e+00 
layer_sizes=2 5 3 3 
scale_included=0
neurons (num_inputs, activation_function, activation_steepness)=(0, 0, 0.00000000000000000000e+00) (0, 0, 0.00000000000000000000e+00) (2, 3, 5.00000000000000000000e-01) (2, 3, 5.00000000000000000000e-01) (2, 3, 5.00000000000000000000e-01) (2, 3, 5.00000000000000000000e-01) (0, 3, 0.00000000000000000000e+00) (5, 3, 5.00000000000000000000e-01) (5, 3, 5.00000000000000000000e-01) (0, 3, 0.00000000000000000000e+00) (3, 0, 5.00000000000000000000e-01) (3, 0, 5.00000000000000000000e-01) (0, 0, 0.00000000000000000000e+00) 
connections (connected_to_neuron, weight)=(0, 1.50000000000000000000e+03) (1, -4.30322360992431640625e+00) (0, 1.24340805053710937500e+02) (1, -2.07486400604248046875e+01) (0, 1.21164192199707031250e+02) (1, -2.01800918579101562500e+01) (0, -1.71667404174804687500e+01) (1, 3.40398812294006347656e+00) (2, 3.03332031250000000000e+02) (3, 1.50000000000000000000e+03) (4, 1.50000000000000000000e+03) (5, -3.40350677490234375000e+02) (6, -1.67065656185150146484e+00) (2, 4.64335680007934570312e+00) (3, 2.16594879150390625000e+02) (4, 2.14937072753906250000e+02) (5, -1.50000000000000000000e+03) (6, 7.14583456516265869141e-01) (7, -1.57735073566436767578e+00) (8, 4.79479998350143432617e-01) (9, -1.88188567757606506348e-01) (7, -1.04387402534484863281e+00) (8, -2.25285124778747558594e+00) (9, 1.97739398479461669922e+00) 
