FANN_FLO_2.1
num_layers=3
learning_rate=0.500000
connection_rate=1.000000
network_type=0
learning_momentum=0.000000
training_algorithm=2
train_error_function=1
train_stop_function=0
cascade_output_change_fraction=0.010000
quickprop_decay=-0.000100
quickprop_mu=1.750000
rprop_increase_factor=1.200000
rprop_decrease_factor=0.500000
rprop_delta_min=0.000000
rprop_delta_max=50.000000
rprop_delta_zero=0.100000
cascade_output_stagnation_epochs=12
cascade_candidate_change_fraction=0.010000
cascade_candidate_stagnation_epochs=12
cascade_max_out_epochs=150
cascade_min_out_epochs=50
cascade_max_cand_epochs=150
cascade_min_cand_epochs=50
cascade_num_candidate_groups=2
bit_fail_limit=3.49999994039535522461e-01
cascade_candidate_limit=1.00000000000000000000e+03
cascade_weight_multiplier=4.00000005960464477539e-01
cascade_activation_functions_count=10
cascade_activation_functions=3 5 7 8 10 11 14 15 16 17 
cascade_activation_steepnesses_count=4
cascade_activation_steepnesses=2.50000000000000000000e-01 5.00000000000000000000e-01 7.50000000000000000000e-01 1.00000000000000000000e+00 
layer_sizes=10 5 2 
scale_included=0
neurons (num_inputs, activation_function, activation_steepness)=(0, 0, 0.00000000000000000000e+00) (0, 0, 0.00000000000000000000e+00) (0, 0, 0.00000000000000000000e+00) (0, 0, 0.00000000000000000000e+00) (0, 0, 0.00000000000000000000e+00) (0, 0, 0.00000000000000000000e+00) (0, 0, 0.00000000000000000000e+00) (0, 0, 0.00000000000000000000e+00) (0, 0, 0.00000000000000000000e+00) (0, 0, 0.00000000000000000000e+00) (10, 3, 5.00000000000000000000e-01) (10, 3, 5.00000000000000000000e-01) (10, 3, 5.00000000000000000000e-01) (10, 3, 5.00000000000000000000e-01) (0, 3, 0.00000000000000000000e+00) (5, 3, 5.00000000000000000000e-01) (0, 3, 0.00000000000000000000e+00) 
connections (connected_to_neuron, weight)=(0, -8.62436056137084960938e-01) (1, -1.42348885536193847656e+00) (2, -1.57309284210205078125e+01) (3, -8.93371677398681640625e+00) (4, 4.38417387008666992188e+00) (5, 8.33438301086425781250e+00) (6, -1.44656658172607421875e+00) (7, 5.07116094231605529785e-02) (8, 5.07487106323242187500e+00) (9, 6.55685901641845703125e-01) (0, -1.89522206783294677734e-01) (1, -1.78871542215347290039e-01) (2, -3.36233544349670410156e+00) (3, 9.81889218091964721680e-02) (4, 5.04623556137084960938e+00) (5, 2.46612834930419921875e+00) (6, -2.04871416091918945312e+00) (7, -4.79550695419311523438e+00) (8, 1.44997620582580566406e+00) (9, 1.34769093990325927734e+00) (0, 1.48401141166687011719e+00) (1, 3.58283162117004394531e+00) (2, -1.85586124658584594727e-01) (3, 1.48381710052490234375e-01) (4, -1.90975391864776611328e+00) (5, -1.12636663019657135010e-01) (6, -2.09658384323120117188e-01) (7, -1.04135112762451171875e+01) (8, -4.48585128784179687500e+00) (9, 6.64046955108642578125e+00) (0, -1.49406051635742187500e+00) (1, -5.50363731384277343750e+00) (2, -7.35478687286376953125e+00) (3, -3.18600386381149291992e-01) (4, -1.68265998363494873047e-01) (5, 1.28259253501892089844e+00) (6, 5.41540384292602539062e+00) (7, -1.32047557830810546875e+00) (8, 8.12631726264953613281e-01) (9, 3.83556962013244628906e-01) (10, 1.99677860736846923828e+00) (11, -1.06447553634643554688e+00) (12, 5.42668247222900390625e+00) (13, 3.51978898048400878906e+00) (14, -3.75256180763244628906e+00) 
