FANN_FLO_2.1
num_layers=4
learning_rate=0.500000
connection_rate=1.000000
network_type=0
learning_momentum=0.000000
training_algorithm=2
train_error_function=1
train_stop_function=0
cascade_output_change_fraction=0.010000
quickprop_decay=-0.000100
quickprop_mu=1.750000
rprop_increase_factor=1.200000
rprop_decrease_factor=0.500000
rprop_delta_min=0.000000
rprop_delta_max=50.000000
rprop_delta_zero=0.100000
cascade_output_stagnation_epochs=12
cascade_candidate_change_fraction=0.010000
cascade_candidate_stagnation_epochs=12
cascade_max_out_epochs=150
cascade_min_out_epochs=50
cascade_max_cand_epochs=150
cascade_min_cand_epochs=50
cascade_num_candidate_groups=2
bit_fail_limit=3.49999994039535522461e-01
cascade_candidate_limit=1.00000000000000000000e+03
cascade_weight_multiplier=4.00000005960464477539e-01
cascade_activation_functions_count=10
cascade_activation_functions=3 5 7 8 10 11 14 15 16 17 
cascade_activation_steepnesses_count=4
cascade_activation_steepnesses=2.50000000000000000000e-01 5.00000000000000000000e-01 7.50000000000000000000e-01 1.00000000000000000000e+00 
layer_sizes=10 3 3 2 
scale_included=0
neurons (num_inputs, activation_function, activation_steepness)=(0, 0, 0.00000000000000000000e+00) (0, 0, 0.00000000000000000000e+00) (0, 0, 0.00000000000000000000e+00) (0, 0, 0.00000000000000000000e+00) (0, 0, 0.00000000000000000000e+00) (0, 0, 0.00000000000000000000e+00) (0, 0, 0.00000000000000000000e+00) (0, 0, 0.00000000000000000000e+00) (0, 0, 0.00000000000000000000e+00) (0, 0, 0.00000000000000000000e+00) (10, 3, 5.00000000000000000000e-01) (10, 3, 5.00000000000000000000e-01) (0, 3, 0.00000000000000000000e+00) (3, 3, 5.00000000000000000000e-01) (3, 3, 5.00000000000000000000e-01) (0, 3, 0.00000000000000000000e+00) (3, 3, 5.00000000000000000000e-01) (0, 3, 0.00000000000000000000e+00) 
connections (connected_to_neuron, weight)=(0, 1.15780273437500000000e+02) (1, -4.93746299743652343750e+01) (2, -2.22719841003417968750e+01) (3, 1.76907253265380859375e+01) (4, -1.92337875366210937500e+01) (5, -7.61084365844726562500e+01) (6, 4.71018600463867187500e+01) (7, 3.48428878784179687500e+01) (8, -2.39745368957519531250e+01) (9, -3.46994209289550781250e+00) (0, 7.70774765014648437500e+01) (1, -3.80574836730957031250e+01) (2, 5.75222349166870117188e+00) (3, 5.72205018997192382812e+00) (4, -1.31037689208984375000e+02) (5, -3.01785488128662109375e+01) (6, 1.08522232055664062500e+02) (7, 3.35424575805664062500e+01) (8, -1.33424110412597656250e+01) (9, 1.04548435211181640625e+01) (10, 1.11714038085937500000e+03) (11, 3.70767478942871093750e+01) (12, -3.06354007720947265625e+01) (10, 1.06577221679687500000e+03) (11, -1.80653945922851562500e+02) (12, -7.75287475585937500000e+01) (13, -1.24947643280029296875e+00) (14, -7.18016743659973144531e-01) (15, 8.64719033241271972656e-01) 
