FANN_FLO_2.1
num_layers=4
learning_rate=0.500000
connection_rate=1.000000
network_type=0
learning_momentum=0.000000
training_algorithm=2
train_error_function=1
train_stop_function=0
cascade_output_change_fraction=0.010000
quickprop_decay=-0.000100
quickprop_mu=1.750000
rprop_increase_factor=1.200000
rprop_decrease_factor=0.500000
rprop_delta_min=0.000000
rprop_delta_max=50.000000
rprop_delta_zero=0.100000
cascade_output_stagnation_epochs=12
cascade_candidate_change_fraction=0.010000
cascade_candidate_stagnation_epochs=12
cascade_max_out_epochs=150
cascade_min_out_epochs=50
cascade_max_cand_epochs=150
cascade_min_cand_epochs=50
cascade_num_candidate_groups=2
bit_fail_limit=3.49999994039535522461e-01
cascade_candidate_limit=1.00000000000000000000e+03
cascade_weight_multiplier=4.00000005960464477539e-01
cascade_activation_functions_count=10
cascade_activation_functions=3 5 7 8 10 11 14 15 16 17 
cascade_activation_steepnesses_count=4
cascade_activation_steepnesses=2.50000000000000000000e-01 5.00000000000000000000e-01 7.50000000000000000000e-01 1.00000000000000000000e+00 
layer_sizes=2 5 3 3 
scale_included=0
neurons (num_inputs, activation_function, activation_steepness)=(0, 0, 0.00000000000000000000e+00) (0, 0, 0.00000000000000000000e+00) (2, 3, 5.00000000000000000000e-01) (2, 3, 5.00000000000000000000e-01) (2, 3, 5.00000000000000000000e-01) (2, 3, 5.00000000000000000000e-01) (0, 3, 0.00000000000000000000e+00) (5, 3, 5.00000000000000000000e-01) (5, 3, 5.00000000000000000000e-01) (0, 3, 0.00000000000000000000e+00) (3, 0, 5.00000000000000000000e-01) (3, 0, 5.00000000000000000000e-01) (0, 0, 0.00000000000000000000e+00) 
connections (connected_to_neuron, weight)=(0, -1.50000000000000000000e+03) (1, -3.83002685546875000000e+02) (0, 1.50000000000000000000e+03) (1, -5.20222511291503906250e+01) (0, -1.50000000000000000000e+03) (1, -5.92762390136718750000e+02) (0, 1.50000000000000000000e+03) (1, 4.58127021789550781250e+01) (2, 1.50000000000000000000e+03) (3, 9.46839618682861328125e+00) (4, 1.50000000000000000000e+03) (5, -6.53615379333496093750e+00) (6, -2.28099060058593750000e+00) (2, 1.50000000000000000000e+03) (3, -1.43150988769531250000e+03) (4, 1.50000000000000000000e+03) (5, -1.19199804687500000000e+03) (6, -1.45210456848144531250e+00) (7, -2.11481952667236328125e+00) (8, 1.50000000000000000000e+03) (9, -7.74864405393600463867e-02) (7, -3.18079257011413574219e+00) (8, 1.50000000000000000000e+03) (9, 1.99911332130432128906e+00) 
