FANN_FLO_2.1
num_layers=3
learning_rate=0.400000
connection_rate=1.000000
network_type=0
learning_momentum=0.000000
training_algorithm=2
train_error_function=1
train_stop_function=0
cascade_output_change_fraction=0.010000
quickprop_decay=-0.000100
quickprop_mu=1.750000
rprop_increase_factor=1.200000
rprop_decrease_factor=0.500000
rprop_delta_min=0.000000
rprop_delta_max=50.000000
rprop_delta_zero=0.100000
cascade_output_stagnation_epochs=12
cascade_candidate_change_fraction=0.010000
cascade_candidate_stagnation_epochs=12
cascade_max_out_epochs=150
cascade_min_out_epochs=50
cascade_max_cand_epochs=150
cascade_min_cand_epochs=50
cascade_num_candidate_groups=2
bit_fail_limit=3.49999994039535522461e-01
cascade_candidate_limit=1.00000000000000000000e+03
cascade_weight_multiplier=4.00000005960464477539e-01
cascade_activation_functions_count=10
cascade_activation_functions=3 5 7 8 10 11 14 15 16 17 
cascade_activation_steepnesses_count=4
cascade_activation_steepnesses=2.50000000000000000000e-01 5.00000000000000000000e-01 7.50000000000000000000e-01 1.00000000000000000000e+00 
layer_sizes=19 3 3 
scale_included=0
neurons (num_inputs, activation_function, activation_steepness)=(0, 0, 0.00000000000000000000e+00) (0, 0, 0.00000000000000000000e+00) (0, 0, 0.00000000000000000000e+00) (0, 0, 0.00000000000000000000e+00) (0, 0, 0.00000000000000000000e+00) (0, 0, 0.00000000000000000000e+00) (0, 0, 0.00000000000000000000e+00) (0, 0, 0.00000000000000000000e+00) (0, 0, 0.00000000000000000000e+00) (0, 0, 0.00000000000000000000e+00) (0, 0, 0.00000000000000000000e+00) (0, 0, 0.00000000000000000000e+00) (0, 0, 0.00000000000000000000e+00) (0, 0, 0.00000000000000000000e+00) (0, 0, 0.00000000000000000000e+00) (0, 0, 0.00000000000000000000e+00) (0, 0, 0.00000000000000000000e+00) (0, 0, 0.00000000000000000000e+00) (0, 0, 0.00000000000000000000e+00) (19, 3, 5.00000000000000000000e-01) (19, 3, 5.00000000000000000000e-01) (0, 3, 0.00000000000000000000e+00) (3, 3, 5.00000000000000000000e-01) (3, 3, 5.00000000000000000000e-01) (0, 3, 0.00000000000000000000e+00) 
connections (connected_to_neuron, weight)=(0, 1.49888757324218750000e+03) (1, -4.14460693359375000000e+02) (2, 1.08715002441406250000e+03) (3, 6.96315231323242187500e+01) (4, -5.72145805358886718750e+01) (5, -4.55073432922363281250e+01) (6, 1.87737827301025390625e+01) (7, 1.93695510864257812500e+02) (8, -1.48704003906250000000e+03) (9, -1.38396569824218750000e+03) (10, -3.05814758300781250000e+02) (11, -6.56613779067993164062e+00) (12, 6.91215133666992187500e+01) (13, 7.85477539062500000000e+02) (14, -1.50000000000000000000e+03) (15, 2.09081506729125976562e+00) (16, 3.80164604187011718750e+01) (17, -1.76027450561523437500e+01) (18, -1.57290405273437500000e+02) (0, -1.44128646850585937500e+01) (1, -5.54015207290649414062e+00) (2, -3.25972056388854980469e+00) (3, 4.32903003692626953125e+00) (4, 3.10118937492370605469e+00) (5, 2.50029683113098144531e+00) (6, -7.01058864593505859375e-01) (7, -1.22389287948608398438e+01) (8, 1.94660491943359375000e+01) (9, -2.95334339141845703125e+00) (10, 6.96687173843383789062e+00) (11, 9.20027136802673339844e-01) (12, -2.95033049583435058594e+00) (13, -7.84662389755249023438e+00) (14, 1.14155635833740234375e+01) (15, 2.54790472984313964844e+00) (16, -5.73223733901977539062e+00) (17, 7.26682329177856445312e+00) (18, 4.69397306442260742188e+00) (19, -3.33195656538009643555e-01) (20, -6.78537905216217041016e-01) (21, 5.41135147213935852051e-02) (19, 3.33914399147033691406e-01) (20, 6.79042518138885498047e-01) (21, -5.43300472199916839600e-02) 
