FANN_FLO_2.1
num_layers=4
learning_rate=0.500000
connection_rate=1.000000
network_type=0
learning_momentum=0.000000
training_algorithm=2
train_error_function=1
train_stop_function=0
cascade_output_change_fraction=0.010000
quickprop_decay=-0.000100
quickprop_mu=1.750000
rprop_increase_factor=1.200000
rprop_decrease_factor=0.500000
rprop_delta_min=0.000000
rprop_delta_max=50.000000
rprop_delta_zero=0.100000
cascade_output_stagnation_epochs=12
cascade_candidate_change_fraction=0.010000
cascade_candidate_stagnation_epochs=12
cascade_max_out_epochs=150
cascade_min_out_epochs=50
cascade_max_cand_epochs=150
cascade_min_cand_epochs=50
cascade_num_candidate_groups=2
bit_fail_limit=3.49999994039535522461e-01
cascade_candidate_limit=1.00000000000000000000e+03
cascade_weight_multiplier=4.00000005960464477539e-01
cascade_activation_functions_count=10
cascade_activation_functions=3 5 7 8 10 11 14 15 16 17 
cascade_activation_steepnesses_count=4
cascade_activation_steepnesses=2.50000000000000000000e-01 5.00000000000000000000e-01 7.50000000000000000000e-01 1.00000000000000000000e+00 
layer_sizes=10 5 3 2 
scale_included=0
neurons (num_inputs, activation_function, activation_steepness)=(0, 0, 0.00000000000000000000e+00) (0, 0, 0.00000000000000000000e+00) (0, 0, 0.00000000000000000000e+00) (0, 0, 0.00000000000000000000e+00) (0, 0, 0.00000000000000000000e+00) (0, 0, 0.00000000000000000000e+00) (0, 0, 0.00000000000000000000e+00) (0, 0, 0.00000000000000000000e+00) (0, 0, 0.00000000000000000000e+00) (0, 0, 0.00000000000000000000e+00) (10, 3, 5.00000000000000000000e-01) (10, 3, 5.00000000000000000000e-01) (10, 3, 5.00000000000000000000e-01) (10, 3, 5.00000000000000000000e-01) (0, 3, 0.00000000000000000000e+00) (5, 3, 5.00000000000000000000e-01) (5, 3, 5.00000000000000000000e-01) (0, 3, 0.00000000000000000000e+00) (3, 3, 5.00000000000000000000e-01) (0, 3, 0.00000000000000000000e+00) 
connections (connected_to_neuron, weight)=(0, 3.32838273048400878906e+00) (1, -1.18566036224365234375e+01) (2, 2.46602967381477355957e-01) (3, 4.46209478378295898438e+00) (4, -2.16121220588684082031e+00) (5, -9.86449062824249267578e-01) (6, 1.86468946933746337891e+00) (7, 9.88450431823730468750e+00) (8, 3.04851007461547851562e+00) (9, -2.71484494209289550781e+00) (0, 5.21454811096191406250e+00) (1, -1.04580945968627929688e+01) (2, 6.95931768417358398438e+00) (3, 3.63422894477844238281e+00) (4, -2.69748330116271972656e+00) (5, 2.17585444450378417969e+00) (6, 2.25220274925231933594e+00) (7, 5.50899863243103027344e-01) (8, -2.64613389968872070312e+00) (9, -2.70054268836975097656e+00) (0, 2.94480013847351074219e+00) (1, -1.05747375488281250000e+01) (2, 6.49736583232879638672e-01) (3, 3.60815429687500000000e+00) (4, -2.89603447914123535156e+00) (5, 1.62437736988067626953e+00) (6, -4.42424774169921875000e+00) (7, 4.68158388137817382812e+00) (8, 1.81744709014892578125e+01) (9, -3.02343416213989257812e+00) (0, -4.37208032608032226562e+00) (1, 1.77525830268859863281e+00) (2, -3.94860434532165527344e+00) (3, -3.50352716445922851562e+00) (4, 1.65880978107452392578e+00) (5, 2.44917845726013183594e+00) (6, -8.76166045665740966797e-01) (7, -1.31693437695503234863e-01) (8, 6.19638562202453613281e-01) (9, 4.11910581588745117188e+00) (10, -3.75271749496459960938e+00) (11, -4.71550083160400390625e+00) (12, -2.51266121864318847656e+00) (13, 1.25187301635742187500e+01) (14, -1.17911860346794128418e-01) (10, -4.04408693313598632812e+00) (11, -4.64699935913085937500e+00) (12, -1.88406467437744140625e+00) (13, 1.20174598693847656250e+01) (14, -2.06360444426536560059e-02) (15, 7.86849915981292724609e-01) (16, 1.67420983314514160156e+00) (17, -1.57920324802398681641e+00) 
