FANN_FLO_2.1
num_layers=3
learning_rate=0.500000
connection_rate=1.000000
network_type=0
learning_momentum=0.000000
training_algorithm=2
train_error_function=1
train_stop_function=0
cascade_output_change_fraction=0.010000
quickprop_decay=-0.000100
quickprop_mu=1.750000
rprop_increase_factor=1.200000
rprop_decrease_factor=0.500000
rprop_delta_min=0.000000
rprop_delta_max=50.000000
rprop_delta_zero=0.100000
cascade_output_stagnation_epochs=12
cascade_candidate_change_fraction=0.010000
cascade_candidate_stagnation_epochs=12
cascade_max_out_epochs=150
cascade_min_out_epochs=50
cascade_max_cand_epochs=150
cascade_min_cand_epochs=50
cascade_num_candidate_groups=2
bit_fail_limit=3.49999994039535522461e-01
cascade_candidate_limit=1.00000000000000000000e+03
cascade_weight_multiplier=4.00000005960464477539e-01
cascade_activation_functions_count=10
cascade_activation_functions=3 5 7 8 10 11 14 15 16 17 
cascade_activation_steepnesses_count=4
cascade_activation_steepnesses=2.50000000000000000000e-01 5.00000000000000000000e-01 7.50000000000000000000e-01 1.00000000000000000000e+00 
layer_sizes=10 5 2 
scale_included=0
neurons (num_inputs, activation_function, activation_steepness)=(0, 0, 0.00000000000000000000e+00) (0, 0, 0.00000000000000000000e+00) (0, 0, 0.00000000000000000000e+00) (0, 0, 0.00000000000000000000e+00) (0, 0, 0.00000000000000000000e+00) (0, 0, 0.00000000000000000000e+00) (0, 0, 0.00000000000000000000e+00) (0, 0, 0.00000000000000000000e+00) (0, 0, 0.00000000000000000000e+00) (0, 0, 0.00000000000000000000e+00) (10, 3, 5.00000000000000000000e-01) (10, 3, 5.00000000000000000000e-01) (10, 3, 5.00000000000000000000e-01) (10, 3, 5.00000000000000000000e-01) (0, 3, 0.00000000000000000000e+00) (5, 3, 5.00000000000000000000e-01) (0, 3, 0.00000000000000000000e+00) 
connections (connected_to_neuron, weight)=(0, -7.36044597625732421875e+00) (1, -4.63657259941101074219e-01) (2, -1.20030773925781250000e+03) (3, 6.96447432041168212891e-01) (4, -1.39870233535766601562e+01) (5, 1.14320456981658935547e+00) (6, 9.51961100101470947266e-01) (7, 9.07510340213775634766e-01) (8, 1.00340295410156250000e+03) (9, -1.31100931167602539062e+01) (0, 9.21053314208984375000e+00) (1, 1.08278503417968750000e+01) (2, 7.95035743713378906250e+00) (3, 6.83882296085357666016e-01) (4, 1.55185091495513916016e+00) (5, 1.75335559844970703125e+01) (6, -6.79888606071472167969e-01) (7, -1.12948303222656250000e+01) (8, -3.08100261688232421875e+01) (9, -3.38704872131347656250e+00) (0, -1.78520059585571289062e+00) (1, -4.82814645767211914062e+00) (2, -1.13203239440917968750e+01) (3, 8.66403102874755859375e-01) (4, 1.20660603046417236328e-01) (5, 1.82346105575561523438e-01) (6, 9.42377865314483642578e-01) (7, 2.98332273960113525391e-01) (8, 9.52574849128723144531e-01) (9, 2.58791565895080566406e-01) (0, -3.51749706268310546875e+00) (1, 8.94760799407958984375e+00) (2, 3.71579551696777343750e+00) (3, 1.05856291949748992920e-01) (4, 1.51619796752929687500e+01) (5, 6.38157665729522705078e-01) (6, -1.58760750293731689453e+00) (7, -1.50642383098602294922e+00) (8, -5.26016044616699218750e+00) (9, -4.54635524749755859375e+00) (10, 1.10291886329650878906e+00) (11, 2.68339991569519042969e+00) (12, 1.96285438537597656250e+00) (13, 3.50341439247131347656e-01) (14, -2.14432072639465332031e+00) 
