FANN_FLO_2.1
num_layers=3
learning_rate=0.400000
connection_rate=1.000000
network_type=0
learning_momentum=0.000000
training_algorithm=2
train_error_function=1
train_stop_function=0
cascade_output_change_fraction=0.010000
quickprop_decay=-0.000100
quickprop_mu=1.750000
rprop_increase_factor=1.200000
rprop_decrease_factor=0.500000
rprop_delta_min=0.000000
rprop_delta_max=50.000000
rprop_delta_zero=0.100000
cascade_output_stagnation_epochs=12
cascade_candidate_change_fraction=0.010000
cascade_candidate_stagnation_epochs=12
cascade_max_out_epochs=150
cascade_min_out_epochs=50
cascade_max_cand_epochs=150
cascade_min_cand_epochs=50
cascade_num_candidate_groups=2
bit_fail_limit=3.49999994039535522461e-01
cascade_candidate_limit=1.00000000000000000000e+03
cascade_weight_multiplier=4.00000005960464477539e-01
cascade_activation_functions_count=10
cascade_activation_functions=3 5 7 8 10 11 14 15 16 17 
cascade_activation_steepnesses_count=4
cascade_activation_steepnesses=2.50000000000000000000e-01 5.00000000000000000000e-01 7.50000000000000000000e-01 1.00000000000000000000e+00 
layer_sizes=19 3 3 
scale_included=0
neurons (num_inputs, activation_function, activation_steepness)=(0, 0, 0.00000000000000000000e+00) (0, 0, 0.00000000000000000000e+00) (0, 0, 0.00000000000000000000e+00) (0, 0, 0.00000000000000000000e+00) (0, 0, 0.00000000000000000000e+00) (0, 0, 0.00000000000000000000e+00) (0, 0, 0.00000000000000000000e+00) (0, 0, 0.00000000000000000000e+00) (0, 0, 0.00000000000000000000e+00) (0, 0, 0.00000000000000000000e+00) (0, 0, 0.00000000000000000000e+00) (0, 0, 0.00000000000000000000e+00) (0, 0, 0.00000000000000000000e+00) (0, 0, 0.00000000000000000000e+00) (0, 0, 0.00000000000000000000e+00) (0, 0, 0.00000000000000000000e+00) (0, 0, 0.00000000000000000000e+00) (0, 0, 0.00000000000000000000e+00) (0, 0, 0.00000000000000000000e+00) (19, 3, 5.00000000000000000000e-01) (19, 3, 5.00000000000000000000e-01) (0, 3, 0.00000000000000000000e+00) (3, 3, 5.00000000000000000000e-01) (3, 3, 5.00000000000000000000e-01) (0, 3, 0.00000000000000000000e+00) 
connections (connected_to_neuron, weight)=(0, 5.09095048904418945312e+00) (1, -9.34156608581542968750e+00) (2, 2.87138015031814575195e-01) (3, 3.97574090957641601562e+00) (4, 5.87293863296508789062e+00) (5, -1.25657844543457031250e+01) (6, 2.54600715637207031250e+00) (7, 3.86501550674438476562e+00) (8, -5.11485755443572998047e-01) (9, -9.55202388763427734375e+00) (10, 4.11702728271484375000e+00) (11, -6.99650478363037109375e+00) (12, 2.15743923187255859375e+01) (13, 5.83455181121826171875e+00) (14, 7.12319421768188476562e+00) (15, -4.82726001739501953125e+00) (16, -1.81952488422393798828e+00) (17, -2.67258191108703613281e+00) (18, 3.03657408803701400757e-02) (0, -6.31463050842285156250e+00) (1, 3.44748234748840332031e+00) (2, 9.36268806457519531250e+00) (3, -9.62146091461181640625e+00) (4, -9.41284751892089843750e+00) (5, 9.08200073242187500000e+00) (6, 8.07768821716308593750e+00) (7, 5.65005207061767578125e+00) (8, 2.01097083091735839844e+00) (9, 3.50555133819580078125e+00) (10, -1.15039014816284179688e+01) (11, 8.43616867065429687500e+00) (12, -4.21132946014404296875e+00) (13, 1.60605735778808593750e+01) (14, -1.69101467132568359375e+01) (15, 1.96009755134582519531e-01) (16, 9.98796343803405761719e-01) (17, 6.13304138183593750000e+00) (18, 1.92420768737792968750e+00) (19, -6.80936217308044433594e-01) (20, -8.31172227859497070312e-01) (21, 6.49534106254577636719e-01) (19, 6.80480003356933593750e-01) (20, 8.30684125423431396484e-01) (21, -6.47989869117736816406e-01) 
