FANN_FLO_2.1
num_layers=3
learning_rate=0.400000
connection_rate=1.000000
network_type=0
learning_momentum=0.000000
training_algorithm=2
train_error_function=1
train_stop_function=0
cascade_output_change_fraction=0.010000
quickprop_decay=-0.000100
quickprop_mu=1.750000
rprop_increase_factor=1.200000
rprop_decrease_factor=0.500000
rprop_delta_min=0.000000
rprop_delta_max=50.000000
rprop_delta_zero=0.100000
cascade_output_stagnation_epochs=12
cascade_candidate_change_fraction=0.010000
cascade_candidate_stagnation_epochs=12
cascade_max_out_epochs=150
cascade_min_out_epochs=50
cascade_max_cand_epochs=150
cascade_min_cand_epochs=50
cascade_num_candidate_groups=2
bit_fail_limit=3.49999994039535522461e-01
cascade_candidate_limit=1.00000000000000000000e+03
cascade_weight_multiplier=4.00000005960464477539e-01
cascade_activation_functions_count=10
cascade_activation_functions=3 5 7 8 10 11 14 15 16 17 
cascade_activation_steepnesses_count=4
cascade_activation_steepnesses=2.50000000000000000000e-01 5.00000000000000000000e-01 7.50000000000000000000e-01 1.00000000000000000000e+00 
layer_sizes=7 5 2 
scale_included=0
neurons (num_inputs, activation_function, activation_steepness)=(0, 0, 0.00000000000000000000e+00) (0, 0, 0.00000000000000000000e+00) (0, 0, 0.00000000000000000000e+00) (0, 0, 0.00000000000000000000e+00) (0, 0, 0.00000000000000000000e+00) (0, 0, 0.00000000000000000000e+00) (0, 0, 0.00000000000000000000e+00) (7, 3, 5.00000000000000000000e-01) (7, 3, 5.00000000000000000000e-01) (7, 3, 5.00000000000000000000e-01) (7, 3, 5.00000000000000000000e-01) (0, 3, 0.00000000000000000000e+00) (5, 3, 5.00000000000000000000e-01) (0, 3, 0.00000000000000000000e+00) 
connections (connected_to_neuron, weight)=(0, -6.65306472778320312500e+00) (1, 3.32200908660888671875e+00) (2, -1.21884560585021972656e+00) (3, -2.95129704475402832031e+00) (4, -1.33241176605224609375e+00) (5, -1.50000000000000000000e+03) (6, 3.50261974334716796875e+00) (0, -3.85832715034484863281e+00) (1, 1.29015970230102539062e+00) (2, 8.65005207061767578125e+00) (3, -4.77835750579833984375e+00) (4, -2.05113506317138671875e+00) (5, 1.89637899398803710938e+00) (6, 3.67529082298278808594e+00) (0, 1.27601635456085205078e+00) (1, -5.80191230773925781250e+00) (2, 1.06795990467071533203e+00) (3, -3.98566365242004394531e+00) (4, -1.60816049575805664062e+00) (5, -1.09699094295501708984e+00) (6, 3.47288799285888671875e+00) (0, 7.18152379989624023438e+00) (1, -9.03166866302490234375e+00) (2, 1.84454667568206787109e+00) (3, -2.54053521156311035156e+00) (4, -5.42698383331298828125e-01) (5, 3.88590192794799804688e+00) (6, -3.51156520843505859375e+00) (7, -7.54908704757690429688e+00) (8, -8.36744844913482666016e-01) (9, 6.45359945297241210938e+00) (10, -1.63727264404296875000e+01) (11, -7.33834743499755859375e-01) 
