FANN_FLO_2.1
num_layers=3
learning_rate=0.400000
connection_rate=1.000000
network_type=0
learning_momentum=0.000000
training_algorithm=2
train_error_function=1
train_stop_function=0
cascade_output_change_fraction=0.010000
quickprop_decay=-0.000100
quickprop_mu=1.750000
rprop_increase_factor=1.200000
rprop_decrease_factor=0.500000
rprop_delta_min=0.000000
rprop_delta_max=50.000000
rprop_delta_zero=0.100000
cascade_output_stagnation_epochs=12
cascade_candidate_change_fraction=0.010000
cascade_candidate_stagnation_epochs=12
cascade_max_out_epochs=150
cascade_min_out_epochs=50
cascade_max_cand_epochs=150
cascade_min_cand_epochs=50
cascade_num_candidate_groups=2
bit_fail_limit=3.49999994039535522461e-01
cascade_candidate_limit=1.00000000000000000000e+03
cascade_weight_multiplier=4.00000005960464477539e-01
cascade_activation_functions_count=10
cascade_activation_functions=3 5 7 8 10 11 14 15 16 17 
cascade_activation_steepnesses_count=4
cascade_activation_steepnesses=2.50000000000000000000e-01 5.00000000000000000000e-01 7.50000000000000000000e-01 1.00000000000000000000e+00 
layer_sizes=7 9 2 
scale_included=0
neurons (num_inputs, activation_function, activation_steepness)=(0, 0, 0.00000000000000000000e+00) (0, 0, 0.00000000000000000000e+00) (0, 0, 0.00000000000000000000e+00) (0, 0, 0.00000000000000000000e+00) (0, 0, 0.00000000000000000000e+00) (0, 0, 0.00000000000000000000e+00) (0, 0, 0.00000000000000000000e+00) (7, 3, 5.00000000000000000000e-01) (7, 3, 5.00000000000000000000e-01) (7, 3, 5.00000000000000000000e-01) (7, 3, 5.00000000000000000000e-01) (7, 3, 5.00000000000000000000e-01) (7, 3, 5.00000000000000000000e-01) (7, 3, 5.00000000000000000000e-01) (7, 3, 5.00000000000000000000e-01) (0, 3, 0.00000000000000000000e+00) (9, 3, 5.00000000000000000000e-01) (0, 3, 0.00000000000000000000e+00) 
connections (connected_to_neuron, weight)=(0, 1.80862474441528320312e+00) (1, 4.45679575204849243164e-01) (2, -3.02078456878662109375e+01) (3, 1.54041564941406250000e+02) (4, -7.67794067382812500000e+02) (5, -1.06533968448638916016e+00) (6, 1.00876700878143310547e+00) (0, 1.37339472770690917969e+00) (1, 4.96105909347534179688e+00) (2, -2.28606319427490234375e+00) (3, -4.59636831283569335938e+00) (4, -4.39004707336425781250e+00) (5, -2.66300797462463378906e+00) (6, -1.97939962148666381836e-01) (0, 2.19533133506774902344e+00) (1, -3.97992229461669921875e+00) (2, 1.13047809600830078125e+01) (3, -1.09644925594329833984e+00) (4, 1.49999243164062500000e+03) (5, 7.06485595703125000000e+01) (6, 1.30893432617187500000e+02) (0, -5.29365301132202148438e-01) (1, 4.40242290496826171875e+00) (2, 1.55633773803710937500e+01) (3, -1.83869247436523437500e+01) (4, 6.46526956558227539062e+00) (5, 2.28970959782600402832e-01) (6, -3.87294244766235351562e+00) (0, -9.15145301818847656250e+00) (1, 8.42520618438720703125e+00) (2, -1.82909500598907470703e+00) (3, -8.84191572666168212891e-01) (4, -9.60698962211608886719e-01) (5, 3.87376785278320312500e+01) (6, 7.08434045314788818359e-01) (0, -4.17687511444091796875e+00) (1, 7.37850618362426757812e+00) (2, -1.99741500854492187500e+02) (3, -2.93126916885375976562e+00) (4, 7.58393466472625732422e-01) (5, -5.34286403656005859375e+00) (6, 6.72627687454223632812e-01) (0, 1.16122617721557617188e+01) (1, -1.32059583663940429688e+01) (2, 1.26763069629669189453e+00) (3, -2.41098189353942871094e+00) (4, -5.38728952407836914062e-01) (5, -5.10478782653808593750e+00) (6, 6.47648906707763671875e+00) (0, -5.18733978271484375000e+00) (1, -7.33198451995849609375e+00) (2, 4.46562957763671875000e+00) (3, -7.70910203456878662109e-01) (4, -2.60869431495666503906e+00) (5, 3.36185050010681152344e+00) (6, 1.04042186737060546875e+01) (7, -1.70528292655944824219e+00) (8, -1.98098123073577880859e-01) (9, 2.49597096443176269531e+00) (10, -6.99396669864654541016e-01) (11, -3.78918981552124023438e+00) (12, -4.81983375549316406250e+00) (13, -3.55573987960815429688e+00) (14, -7.34963178634643554688e-01) (15, 4.53508675098419189453e-01) 
