FANN_FLO_2.1
num_layers=4
learning_rate=0.500000
connection_rate=1.000000
network_type=0
learning_momentum=0.000000
training_algorithm=2
train_error_function=1
train_stop_function=0
cascade_output_change_fraction=0.010000
quickprop_decay=-0.000100
quickprop_mu=1.750000
rprop_increase_factor=1.200000
rprop_decrease_factor=0.500000
rprop_delta_min=0.000000
rprop_delta_max=50.000000
rprop_delta_zero=0.100000
cascade_output_stagnation_epochs=12
cascade_candidate_change_fraction=0.010000
cascade_candidate_stagnation_epochs=12
cascade_max_out_epochs=150
cascade_min_out_epochs=50
cascade_max_cand_epochs=150
cascade_min_cand_epochs=50
cascade_num_candidate_groups=2
bit_fail_limit=3.49999994039535522461e-01
cascade_candidate_limit=1.00000000000000000000e+03
cascade_weight_multiplier=4.00000005960464477539e-01
cascade_activation_functions_count=10
cascade_activation_functions=3 5 7 8 10 11 14 15 16 17 
cascade_activation_steepnesses_count=4
cascade_activation_steepnesses=2.50000000000000000000e-01 5.00000000000000000000e-01 7.50000000000000000000e-01 1.00000000000000000000e+00 
layer_sizes=10 3 3 2 
scale_included=0
neurons (num_inputs, activation_function, activation_steepness)=(0, 0, 0.00000000000000000000e+00) (0, 0, 0.00000000000000000000e+00) (0, 0, 0.00000000000000000000e+00) (0, 0, 0.00000000000000000000e+00) (0, 0, 0.00000000000000000000e+00) (0, 0, 0.00000000000000000000e+00) (0, 0, 0.00000000000000000000e+00) (0, 0, 0.00000000000000000000e+00) (0, 0, 0.00000000000000000000e+00) (0, 0, 0.00000000000000000000e+00) (10, 3, 5.00000000000000000000e-01) (10, 3, 5.00000000000000000000e-01) (0, 3, 0.00000000000000000000e+00) (3, 3, 5.00000000000000000000e-01) (3, 3, 5.00000000000000000000e-01) (0, 3, 0.00000000000000000000e+00) (3, 3, 5.00000000000000000000e-01) (0, 3, 0.00000000000000000000e+00) 
connections (connected_to_neuron, weight)=(0, -1.49961071777343750000e+03) (1, -1.49635168457031250000e+03) (2, -4.91555877685546875000e+02) (3, -6.24894714355468750000e+02) (4, 4.95944137573242187500e+01) (5, -2.56296325683593750000e+02) (6, 1.45291979980468750000e+03) (7, 1.47708142089843750000e+03) (8, 1.22467211914062500000e+03) (9, -3.73911170959472656250e+01) (0, 6.07520103454589843750e-01) (1, -3.15661144256591796875e+01) (2, -1.02736673355102539062e+01) (3, 9.82952213287353515625e+00) (4, -1.94939079284667968750e+01) (5, 2.35741138458251953125e+00) (6, 3.28481712341308593750e+01) (7, 8.28810882568359375000e+00) (8, 2.48376464843750000000e+01) (9, -4.04297494888305664062e+00) (10, -1.33144995117187500000e+03) (11, 1.50000000000000000000e+03) (12, 5.63762512207031250000e+01) (10, 1.49557226562500000000e+03) (11, -1.49716333007812500000e+03) (12, 3.94131994247436523438e+00) (13, -8.15403878688812255859e-01) (14, 1.01770114898681640625e+00) (15, 5.57512819766998291016e-01) 
