FANN_FLO_2.1
num_layers=3
learning_rate=0.500000
connection_rate=1.000000
network_type=0
learning_momentum=0.000000
training_algorithm=2
train_error_function=1
train_stop_function=0
cascade_output_change_fraction=0.010000
quickprop_decay=-0.000100
quickprop_mu=1.750000
rprop_increase_factor=1.200000
rprop_decrease_factor=0.500000
rprop_delta_min=0.000000
rprop_delta_max=50.000000
rprop_delta_zero=0.100000
cascade_output_stagnation_epochs=12
cascade_candidate_change_fraction=0.010000
cascade_candidate_stagnation_epochs=12
cascade_max_out_epochs=150
cascade_min_out_epochs=50
cascade_max_cand_epochs=150
cascade_min_cand_epochs=50
cascade_num_candidate_groups=2
bit_fail_limit=3.49999994039535522461e-01
cascade_candidate_limit=1.00000000000000000000e+03
cascade_weight_multiplier=4.00000005960464477539e-01
cascade_activation_functions_count=10
cascade_activation_functions=3 5 7 8 10 11 14 15 16 17 
cascade_activation_steepnesses_count=4
cascade_activation_steepnesses=2.50000000000000000000e-01 5.00000000000000000000e-01 7.50000000000000000000e-01 1.00000000000000000000e+00 
layer_sizes=10 3 2 
scale_included=0
neurons (num_inputs, activation_function, activation_steepness)=(0, 0, 0.00000000000000000000e+00) (0, 0, 0.00000000000000000000e+00) (0, 0, 0.00000000000000000000e+00) (0, 0, 0.00000000000000000000e+00) (0, 0, 0.00000000000000000000e+00) (0, 0, 0.00000000000000000000e+00) (0, 0, 0.00000000000000000000e+00) (0, 0, 0.00000000000000000000e+00) (0, 0, 0.00000000000000000000e+00) (0, 0, 0.00000000000000000000e+00) (10, 3, 5.00000000000000000000e-01) (10, 3, 5.00000000000000000000e-01) (0, 3, 0.00000000000000000000e+00) (3, 3, 5.00000000000000000000e-01) (0, 3, 0.00000000000000000000e+00) 
connections (connected_to_neuron, weight)=(0, 1.73893177509307861328e+00) (1, 4.36253118515014648438e+00) (2, 9.02523994445800781250e-01) (3, 9.45345115661621093750e+00) (4, 4.52086925506591796875e+00) (5, -2.62661218643188476562e+00) (6, 1.77170205116271972656e+00) (7, -4.52457094192504882812e+00) (8, -2.11153583526611328125e+01) (9, -5.02374470233917236328e-01) (0, 3.87891918420791625977e-01) (1, 8.60820531845092773438e-01) (2, -5.81133127212524414062e+00) (3, -2.78598690032958984375e+00) (4, 5.01507282257080078125e+00) (5, -3.78853011131286621094e+00) (6, 5.06691098213195800781e-01) (7, -8.23614120483398437500e+00) (8, 1.87326469421386718750e+01) (9, -2.41557335853576660156e+00) (10, 4.43918371200561523438e+00) (11, 4.55905532836914062500e+00) (12, -3.59469676017761230469e+00) 
