FANN_FLO_2.1
num_layers=4
learning_rate=0.400000
connection_rate=1.000000
network_type=0
learning_momentum=0.000000
training_algorithm=2
train_error_function=1
train_stop_function=0
cascade_output_change_fraction=0.010000
quickprop_decay=-0.000100
quickprop_mu=1.750000
rprop_increase_factor=1.200000
rprop_decrease_factor=0.500000
rprop_delta_min=0.000000
rprop_delta_max=50.000000
rprop_delta_zero=0.100000
cascade_output_stagnation_epochs=12
cascade_candidate_change_fraction=0.010000
cascade_candidate_stagnation_epochs=12
cascade_max_out_epochs=150
cascade_min_out_epochs=50
cascade_max_cand_epochs=150
cascade_min_cand_epochs=50
cascade_num_candidate_groups=2
bit_fail_limit=3.49999994039535522461e-01
cascade_candidate_limit=1.00000000000000000000e+03
cascade_weight_multiplier=4.00000005960464477539e-01
cascade_activation_functions_count=10
cascade_activation_functions=3 5 7 8 10 11 14 15 16 17 
cascade_activation_steepnesses_count=4
cascade_activation_steepnesses=2.50000000000000000000e-01 5.00000000000000000000e-01 7.50000000000000000000e-01 1.00000000000000000000e+00 
layer_sizes=7 5 3 2 
scale_included=0
neurons (num_inputs, activation_function, activation_steepness)=(0, 0, 0.00000000000000000000e+00) (0, 0, 0.00000000000000000000e+00) (0, 0, 0.00000000000000000000e+00) (0, 0, 0.00000000000000000000e+00) (0, 0, 0.00000000000000000000e+00) (0, 0, 0.00000000000000000000e+00) (0, 0, 0.00000000000000000000e+00) (7, 3, 5.00000000000000000000e-01) (7, 3, 5.00000000000000000000e-01) (7, 3, 5.00000000000000000000e-01) (7, 3, 5.00000000000000000000e-01) (0, 3, 0.00000000000000000000e+00) (5, 3, 5.00000000000000000000e-01) (5, 3, 5.00000000000000000000e-01) (0, 3, 0.00000000000000000000e+00) (3, 3, 5.00000000000000000000e-01) (0, 3, 0.00000000000000000000e+00) 
connections (connected_to_neuron, weight)=(0, -2.19720001220703125000e+02) (1, -2.37703353881835937500e+02) (2, -8.30692443847656250000e+02) (3, 5.10014221191406250000e+02) (4, 5.05311279296875000000e+02) (5, -1.50000000000000000000e+03) (6, -1.09560778808593750000e+03) (0, -1.31848461914062500000e+03) (1, -1.31842871093750000000e+03) (2, 1.50000000000000000000e+03) (3, -1.50000000000000000000e+03) (4, -1.50000000000000000000e+03) (5, 1.50000000000000000000e+03) (6, 7.69817810058593750000e+01) (0, -1.75399215698242187500e+02) (1, 1.41334487915039062500e+02) (2, -8.30692443847656250000e+02) (3, 7.99361938476562500000e+02) (4, 6.90611389160156250000e+02) (5, -1.50000000000000000000e+03) (6, -1.04406994628906250000e+03) (0, 3.07604858398437500000e+02) (1, 1.41498611450195312500e+02) (2, -7.97731262207031250000e+02) (3, 2.99186981201171875000e+02) (4, 1.84725753784179687500e+02) (5, -1.50000000000000000000e+03) (6, -7.01130554199218750000e+02) (7, 1.50000000000000000000e+03) (8, 1.50000000000000000000e+03) (9, 1.50000000000000000000e+03) (10, 1.49993933105468750000e+03) (11, 9.35763955116271972656e-01) (7, 1.50000000000000000000e+03) (8, -1.50000000000000000000e+03) (9, 1.45619909667968750000e+03) (10, 1.42050732421875000000e+03) (11, -3.06519222259521484375e+01) (12, -2.23529481887817382812e+00) (13, 4.19287628173828125000e+02) (14, -1.15217804908752441406e+00) 
