FANN_FLO_2.1
num_layers=4
learning_rate=0.500000
connection_rate=1.000000
network_type=0
learning_momentum=0.000000
training_algorithm=2
train_error_function=1
train_stop_function=0
cascade_output_change_fraction=0.010000
quickprop_decay=-0.000100
quickprop_mu=1.750000
rprop_increase_factor=1.200000
rprop_decrease_factor=0.500000
rprop_delta_min=0.000000
rprop_delta_max=50.000000
rprop_delta_zero=0.100000
cascade_output_stagnation_epochs=12
cascade_candidate_change_fraction=0.010000
cascade_candidate_stagnation_epochs=12
cascade_max_out_epochs=150
cascade_min_out_epochs=50
cascade_max_cand_epochs=150
cascade_min_cand_epochs=50
cascade_num_candidate_groups=2
bit_fail_limit=3.49999994039535522461e-01
cascade_candidate_limit=1.00000000000000000000e+03
cascade_weight_multiplier=4.00000005960464477539e-01
cascade_activation_functions_count=10
cascade_activation_functions=3 5 7 8 10 11 14 15 16 17 
cascade_activation_steepnesses_count=4
cascade_activation_steepnesses=2.50000000000000000000e-01 5.00000000000000000000e-01 7.50000000000000000000e-01 1.00000000000000000000e+00 
layer_sizes=10 3 3 2 
scale_included=0
neurons (num_inputs, activation_function, activation_steepness)=(0, 0, 0.00000000000000000000e+00) (0, 0, 0.00000000000000000000e+00) (0, 0, 0.00000000000000000000e+00) (0, 0, 0.00000000000000000000e+00) (0, 0, 0.00000000000000000000e+00) (0, 0, 0.00000000000000000000e+00) (0, 0, 0.00000000000000000000e+00) (0, 0, 0.00000000000000000000e+00) (0, 0, 0.00000000000000000000e+00) (0, 0, 0.00000000000000000000e+00) (10, 3, 5.00000000000000000000e-01) (10, 3, 5.00000000000000000000e-01) (0, 3, 0.00000000000000000000e+00) (3, 3, 5.00000000000000000000e-01) (3, 3, 5.00000000000000000000e-01) (0, 3, 0.00000000000000000000e+00) (3, 3, 5.00000000000000000000e-01) (0, 3, 0.00000000000000000000e+00) 
connections (connected_to_neuron, weight)=(0, 1.00509667396545410156e+00) (1, 2.36601257324218750000e+00) (2, 9.16158974170684814453e-01) (3, -1.12852115631103515625e+01) (4, 1.76048433780670166016e+00) (5, 1.70462095737457275391e+00) (6, -2.95182013511657714844e+00) (7, -2.02049236297607421875e+01) (8, 1.25964412689208984375e+01) (9, 2.81959295272827148438e+00) (0, 9.34007465839385986328e-01) (1, 3.08415031433105468750e+00) (2, -1.44501164555549621582e-01) (3, -5.45475602149963378906e-01) (4, 4.86288690567016601562e+00) (5, -8.84705066680908203125e+00) (6, -3.13304662704467773438e-01) (7, -7.70634031295776367188e+00) (8, -5.22151184082031250000e+01) (9, 9.36138439178466796875e+00) (10, 1.50000000000000000000e+03) (11, 1.50000000000000000000e+03) (12, -1.08879232406616210938e+00) (10, 1.50000000000000000000e+03) (11, 1.50000000000000000000e+03) (12, -2.84195480346679687500e+01) (13, 1.09905397891998291016e+00) (14, 1.71375656127929687500e+00) (15, -2.02328610420227050781e+00) 
