FANN_FLO_2.1
num_layers=4
learning_rate=0.500000
connection_rate=1.000000
network_type=0
learning_momentum=0.000000
training_algorithm=2
train_error_function=1
train_stop_function=0
cascade_output_change_fraction=0.010000
quickprop_decay=-0.000100
quickprop_mu=1.750000
rprop_increase_factor=1.200000
rprop_decrease_factor=0.500000
rprop_delta_min=0.000000
rprop_delta_max=50.000000
rprop_delta_zero=0.100000
cascade_output_stagnation_epochs=12
cascade_candidate_change_fraction=0.010000
cascade_candidate_stagnation_epochs=12
cascade_max_out_epochs=150
cascade_min_out_epochs=50
cascade_max_cand_epochs=150
cascade_min_cand_epochs=50
cascade_num_candidate_groups=2
bit_fail_limit=3.49999994039535522461e-01
cascade_candidate_limit=1.00000000000000000000e+03
cascade_weight_multiplier=4.00000005960464477539e-01
cascade_activation_functions_count=10
cascade_activation_functions=3 5 7 8 10 11 14 15 16 17 
cascade_activation_steepnesses_count=4
cascade_activation_steepnesses=2.50000000000000000000e-01 5.00000000000000000000e-01 7.50000000000000000000e-01 1.00000000000000000000e+00 
layer_sizes=10 5 3 2 
scale_included=0
neurons (num_inputs, activation_function, activation_steepness)=(0, 0, 0.00000000000000000000e+00) (0, 0, 0.00000000000000000000e+00) (0, 0, 0.00000000000000000000e+00) (0, 0, 0.00000000000000000000e+00) (0, 0, 0.00000000000000000000e+00) (0, 0, 0.00000000000000000000e+00) (0, 0, 0.00000000000000000000e+00) (0, 0, 0.00000000000000000000e+00) (0, 0, 0.00000000000000000000e+00) (0, 0, 0.00000000000000000000e+00) (10, 3, 5.00000000000000000000e-01) (10, 3, 5.00000000000000000000e-01) (10, 3, 5.00000000000000000000e-01) (10, 3, 5.00000000000000000000e-01) (0, 3, 0.00000000000000000000e+00) (5, 3, 5.00000000000000000000e-01) (5, 3, 5.00000000000000000000e-01) (0, 3, 0.00000000000000000000e+00) (3, 3, 5.00000000000000000000e-01) (0, 3, 0.00000000000000000000e+00) 
connections (connected_to_neuron, weight)=(0, 1.91471683979034423828e+00) (1, 8.84002923965454101562e-01) (2, 4.87102794647216796875e+00) (3, -1.22747886180877685547e+00) (4, 1.95801243185997009277e-01) (5, -7.44544267654418945312e-01) (6, -5.57292604446411132812e+00) (7, -3.90216898918151855469e+00) (8, -2.43680453300476074219e+00) (9, 4.65543389320373535156e-01) (0, -1.40815417480468750000e+03) (1, -1.40821459960937500000e+03) (2, -1.24807104492187500000e+03) (3, -9.83303308486938476562e-01) (4, -2.35638141632080078125e+00) (5, -6.14096565246582031250e+01) (6, -8.23915600776672363281e-01) (7, -7.69266560673713684082e-02) (8, 5.82724533081054687500e+01) (9, 6.11487865447998046875e-01) (0, -1.40824987792968750000e+03) (1, -1.32018408203125000000e+03) (2, -1.24873974609375000000e+03) (3, -6.73743009567260742188e-01) (4, -3.96777033805847167969e-01) (5, -3.02055358886718750000e+01) (6, -8.67898046970367431641e-01) (7, -6.38224899768829345703e-01) (8, 2.07573642730712890625e+01) (9, 6.32045149803161621094e-01) (0, -7.61704444885253906250e-01) (1, -1.06986868381500244141e+00) (2, -5.77325773239135742188e+00) (3, -4.87997245788574218750e+00) (4, 2.01020288467407226562e+00) (5, -4.25467634201049804688e+00) (6, 1.52107143402099609375e+01) (7, 5.49152970314025878906e-01) (8, -6.45518207550048828125e+00) (9, 1.66712963581085205078e+00) (10, 1.83864173889160156250e+01) (11, 8.69364471435546875000e+01) (12, 1.24725982666015625000e+02) (13, 1.15919122695922851562e+01) (14, -5.53238296508789062500e+00) (10, 1.72063446044921875000e+01) (11, -1.89940128326416015625e+01) (12, -7.72831115722656250000e+01) (13, 1.01642875671386718750e+01) (14, -4.88480710983276367188e+00) (15, 1.19357609748840332031e+00) (16, 8.03260147571563720703e-01) (17, -1.11878943443298339844e+00) 
