FANN_FLO_2.1
num_layers=3
learning_rate=0.400000
connection_rate=1.000000
network_type=0
learning_momentum=0.000000
training_algorithm=2
train_error_function=1
train_stop_function=0
cascade_output_change_fraction=0.010000
quickprop_decay=-0.000100
quickprop_mu=1.750000
rprop_increase_factor=1.200000
rprop_decrease_factor=0.500000
rprop_delta_min=0.000000
rprop_delta_max=50.000000
rprop_delta_zero=0.100000
cascade_output_stagnation_epochs=12
cascade_candidate_change_fraction=0.010000
cascade_candidate_stagnation_epochs=12
cascade_max_out_epochs=150
cascade_min_out_epochs=50
cascade_max_cand_epochs=150
cascade_min_cand_epochs=50
cascade_num_candidate_groups=2
bit_fail_limit=3.49999994039535522461e-01
cascade_candidate_limit=1.00000000000000000000e+03
cascade_weight_multiplier=4.00000005960464477539e-01
cascade_activation_functions_count=10
cascade_activation_functions=3 5 7 8 10 11 14 15 16 17 
cascade_activation_steepnesses_count=4
cascade_activation_steepnesses=2.50000000000000000000e-01 5.00000000000000000000e-01 7.50000000000000000000e-01 1.00000000000000000000e+00 
layer_sizes=7 5 2 
scale_included=0
neurons (num_inputs, activation_function, activation_steepness)=(0, 0, 0.00000000000000000000e+00) (0, 0, 0.00000000000000000000e+00) (0, 0, 0.00000000000000000000e+00) (0, 0, 0.00000000000000000000e+00) (0, 0, 0.00000000000000000000e+00) (0, 0, 0.00000000000000000000e+00) (0, 0, 0.00000000000000000000e+00) (7, 3, 5.00000000000000000000e-01) (7, 3, 5.00000000000000000000e-01) (7, 3, 5.00000000000000000000e-01) (7, 3, 5.00000000000000000000e-01) (0, 3, 0.00000000000000000000e+00) (5, 3, 5.00000000000000000000e-01) (0, 3, 0.00000000000000000000e+00) 
connections (connected_to_neuron, weight)=(0, 7.64313840866088867188e+00) (1, -9.22255611419677734375e+00) (2, 2.85160589218139648438e+00) (3, -3.14943504333496093750e+00) (4, 1.08888617251068353653e-03) (5, 5.18206119537353515625e+00) (6, -4.72517108917236328125e+00) (0, -2.27811203002929687500e+01) (1, 1.47845730185508728027e-01) (2, 2.62068233489990234375e+01) (3, 1.16827659606933593750e+01) (4, 3.49172234535217285156e+00) (5, 1.33061552047729492188e+01) (6, 4.30354833602905273438e+00) (0, 1.57096397876739501953e+00) (1, 1.35544788837432861328e+00) (2, 7.97176666259765625000e+01) (3, -8.66255187988281250000e+00) (4, -1.82135467529296875000e+01) (5, 1.06544961929321289062e+01) (6, 1.32475173473358154297e+00) (0, -6.07173395156860351562e+00) (1, 6.09294414520263671875e+00) (2, -3.73259735107421875000e+00) (3, -1.55321681499481201172e+00) (4, -5.49426972866058349609e-01) (5, -4.28272857666015625000e+02) (6, -1.52422145009040832520e-01) (7, -8.43432521820068359375e+00) (8, -6.46256625652313232422e-01) (9, -3.92273932695388793945e-01) (10, -7.93497800827026367188e+00) (11, -4.20611888170242309570e-01) 
