FANN_FLO_2.1
num_layers=3
learning_rate=0.400000
connection_rate=1.000000
network_type=0
learning_momentum=0.000000
training_algorithm=2
train_error_function=1
train_stop_function=0
cascade_output_change_fraction=0.010000
quickprop_decay=-0.000100
quickprop_mu=1.750000
rprop_increase_factor=1.200000
rprop_decrease_factor=0.500000
rprop_delta_min=0.000000
rprop_delta_max=50.000000
rprop_delta_zero=0.100000
cascade_output_stagnation_epochs=12
cascade_candidate_change_fraction=0.010000
cascade_candidate_stagnation_epochs=12
cascade_max_out_epochs=150
cascade_min_out_epochs=50
cascade_max_cand_epochs=150
cascade_min_cand_epochs=50
cascade_num_candidate_groups=2
bit_fail_limit=3.49999994039535522461e-01
cascade_candidate_limit=1.00000000000000000000e+03
cascade_weight_multiplier=4.00000005960464477539e-01
cascade_activation_functions_count=10
cascade_activation_functions=3 5 7 8 10 11 14 15 16 17 
cascade_activation_steepnesses_count=4
cascade_activation_steepnesses=2.50000000000000000000e-01 5.00000000000000000000e-01 7.50000000000000000000e-01 1.00000000000000000000e+00 
layer_sizes=7 5 2 
scale_included=0
neurons (num_inputs, activation_function, activation_steepness)=(0, 0, 0.00000000000000000000e+00) (0, 0, 0.00000000000000000000e+00) (0, 0, 0.00000000000000000000e+00) (0, 0, 0.00000000000000000000e+00) (0, 0, 0.00000000000000000000e+00) (0, 0, 0.00000000000000000000e+00) (0, 0, 0.00000000000000000000e+00) (7, 3, 5.00000000000000000000e-01) (7, 3, 5.00000000000000000000e-01) (7, 3, 5.00000000000000000000e-01) (7, 3, 5.00000000000000000000e-01) (0, 3, 0.00000000000000000000e+00) (5, 3, 5.00000000000000000000e-01) (0, 3, 0.00000000000000000000e+00) 
connections (connected_to_neuron, weight)=(0, 4.39252042770385742188e+00) (1, -1.22299718856811523438e+00) (2, -1.89145588874816894531e+00) (3, 1.78067684173583984375e+00) (4, 4.23658990859985351562e+00) (5, -1.51004755496978759766e+00) (6, -9.34833288192749023438e-01) (0, 7.91503250598907470703e-01) (1, 7.87203192710876464844e-01) (2, -3.31761813163757324219e+00) (3, -1.14646208286285400391e+00) (4, -2.86411643028259277344e+00) (5, 6.49048614501953125000e+00) (6, 1.11762821674346923828e+00) (0, -1.54783129692077636719e+00) (1, -2.48598217964172363281e+00) (2, -1.56963312625885009766e+00) (3, 2.04244470596313476562e+00) (4, -1.32574033737182617188e+00) (5, 7.74248266220092773438e+00) (6, -3.42558813095092773438e+00) (0, 1.50001316070556640625e+01) (1, 1.46994638442993164062e+00) (2, 9.21630620956420898438e-01) (3, -1.97362303733825683594e+00) (4, -4.10270404815673828125e+00) (5, -1.68836116790771484375e+00) (6, 4.96842116117477416992e-01) (7, 2.07538962364196777344e+00) (8, -3.30741715431213378906e+00) (9, 3.68653750419616699219e+00) (10, -1.99819254875183105469e+00) (11, 6.94385886192321777344e-01) 
