FANN_FLO_2.1
num_layers=4
learning_rate=0.500000
connection_rate=1.000000
network_type=0
learning_momentum=0.000000
training_algorithm=2
train_error_function=1
train_stop_function=0
cascade_output_change_fraction=0.010000
quickprop_decay=-0.000100
quickprop_mu=1.750000
rprop_increase_factor=1.200000
rprop_decrease_factor=0.500000
rprop_delta_min=0.000000
rprop_delta_max=50.000000
rprop_delta_zero=0.100000
cascade_output_stagnation_epochs=12
cascade_candidate_change_fraction=0.010000
cascade_candidate_stagnation_epochs=12
cascade_max_out_epochs=150
cascade_min_out_epochs=50
cascade_max_cand_epochs=150
cascade_min_cand_epochs=50
cascade_num_candidate_groups=2
bit_fail_limit=3.49999994039535522461e-01
cascade_candidate_limit=1.00000000000000000000e+03
cascade_weight_multiplier=4.00000005960464477539e-01
cascade_activation_functions_count=10
cascade_activation_functions=3 5 7 8 10 11 14 15 16 17 
cascade_activation_steepnesses_count=4
cascade_activation_steepnesses=2.50000000000000000000e-01 5.00000000000000000000e-01 7.50000000000000000000e-01 1.00000000000000000000e+00 
layer_sizes=10 3 3 2 
scale_included=0
neurons (num_inputs, activation_function, activation_steepness)=(0, 0, 0.00000000000000000000e+00) (0, 0, 0.00000000000000000000e+00) (0, 0, 0.00000000000000000000e+00) (0, 0, 0.00000000000000000000e+00) (0, 0, 0.00000000000000000000e+00) (0, 0, 0.00000000000000000000e+00) (0, 0, 0.00000000000000000000e+00) (0, 0, 0.00000000000000000000e+00) (0, 0, 0.00000000000000000000e+00) (0, 0, 0.00000000000000000000e+00) (10, 3, 5.00000000000000000000e-01) (10, 3, 5.00000000000000000000e-01) (0, 3, 0.00000000000000000000e+00) (3, 3, 5.00000000000000000000e-01) (3, 3, 5.00000000000000000000e-01) (0, 3, 0.00000000000000000000e+00) (3, 3, 5.00000000000000000000e-01) (0, 3, 0.00000000000000000000e+00) 
connections (connected_to_neuron, weight)=(0, 2.54345148801803588867e-01) (1, 1.12716317176818847656e+00) (2, -4.45258617401123046875e+00) (3, -1.15256071090698242188e+01) (4, 2.06107306480407714844e+00) (5, 1.06026105880737304688e+01) (6, -2.74359726905822753906e+00) (7, -9.27619171142578125000e+00) (8, 1.93623578548431396484e+00) (9, 2.26647162437438964844e+00) (0, 3.41419458389282226562e-01) (1, 7.40053832530975341797e-01) (2, -6.44592046737670898438e+00) (3, -7.12558388710021972656e-01) (4, 4.45269298553466796875e+00) (5, -8.04837799072265625000e+00) (6, 1.26048457622528076172e+00) (7, -4.05763387680053710938e+00) (8, -4.44958925247192382812e+00) (9, 2.19817900657653808594e+00) (10, 1.50000000000000000000e+03) (11, 1.50000000000000000000e+03) (12, -1.04067707061767578125e+01) (10, 4.95318183898925781250e+01) (11, 1.50000000000000000000e+03) (12, -9.53159809112548828125e+00) (13, 1.55823719501495361328e+00) (14, 9.52649891376495361328e-01) (15, -1.65951597690582275391e+00) 
