FANN_FLO_2.1
num_layers=3
learning_rate=0.400000
connection_rate=1.000000
network_type=0
learning_momentum=0.000000
training_algorithm=2
train_error_function=1
train_stop_function=0
cascade_output_change_fraction=0.010000
quickprop_decay=-0.000100
quickprop_mu=1.750000
rprop_increase_factor=1.200000
rprop_decrease_factor=0.500000
rprop_delta_min=0.000000
rprop_delta_max=50.000000
rprop_delta_zero=0.100000
cascade_output_stagnation_epochs=12
cascade_candidate_change_fraction=0.010000
cascade_candidate_stagnation_epochs=12
cascade_max_out_epochs=150
cascade_min_out_epochs=50
cascade_max_cand_epochs=150
cascade_min_cand_epochs=50
cascade_num_candidate_groups=2
bit_fail_limit=3.49999994039535522461e-01
cascade_candidate_limit=1.00000000000000000000e+03
cascade_weight_multiplier=4.00000005960464477539e-01
cascade_activation_functions_count=10
cascade_activation_functions=3 5 7 8 10 11 14 15 16 17 
cascade_activation_steepnesses_count=4
cascade_activation_steepnesses=2.50000000000000000000e-01 5.00000000000000000000e-01 7.50000000000000000000e-01 1.00000000000000000000e+00 
layer_sizes=7 9 2 
scale_included=0
neurons (num_inputs, activation_function, activation_steepness)=(0, 0, 0.00000000000000000000e+00) (0, 0, 0.00000000000000000000e+00) (0, 0, 0.00000000000000000000e+00) (0, 0, 0.00000000000000000000e+00) (0, 0, 0.00000000000000000000e+00) (0, 0, 0.00000000000000000000e+00) (0, 0, 0.00000000000000000000e+00) (7, 3, 5.00000000000000000000e-01) (7, 3, 5.00000000000000000000e-01) (7, 3, 5.00000000000000000000e-01) (7, 3, 5.00000000000000000000e-01) (7, 3, 5.00000000000000000000e-01) (7, 3, 5.00000000000000000000e-01) (7, 3, 5.00000000000000000000e-01) (7, 3, 5.00000000000000000000e-01) (0, 3, 0.00000000000000000000e+00) (9, 3, 5.00000000000000000000e-01) (0, 3, 0.00000000000000000000e+00) 
connections (connected_to_neuron, weight)=(0, -4.94657516479492187500e+00) (1, 5.52166414260864257812e+00) (2, -3.11447548866271972656e+00) (3, -1.34700691699981689453e+00) (4, -4.34296339750289916992e-01) (5, -3.23057103157043457031e+00) (6, -1.92293536663055419922e+00) (0, -3.31144714355468750000e+00) (1, -1.13150167465209960938e+00) (2, -1.90817394256591796875e+01) (3, 4.88469064235687255859e-01) (4, -5.97436130046844482422e-01) (5, 1.49594238281250000000e+03) (6, 5.27394151687622070312e+00) (0, -3.01456999778747558594e+00) (1, 6.26709032058715820312e+00) (2, -1.21369371414184570312e+01) (3, 5.18933534622192382812e+00) (4, -1.02469797134399414062e+01) (5, -2.72975802421569824219e+00) (6, -2.90332984924316406250e+00) (0, -5.65169715881347656250e+00) (1, 3.87937694787979125977e-01) (2, -3.90896630287170410156e+00) (3, -1.62397849559783935547e+00) (4, -1.54684436321258544922e+00) (5, 1.29536636352539062500e+02) (6, 5.01336812973022460938e+00) (0, 1.38283133506774902344e-01) (1, -5.67381501197814941406e-01) (2, 5.10582983493804931641e-01) (3, -4.24577474594116210938e+00) (4, 2.28869140148162841797e-01) (5, 2.03867053985595703125e+00) (6, 9.17180538177490234375e-01) (0, -4.92167186737060546875e+00) (1, -1.49261069297790527344e+00) (2, 3.63269844055175781250e+01) (3, -1.49244773387908935547e+00) (4, 8.17629814147949218750e+00) (5, 2.14783920288085937500e+02) (6, -4.43163692951202392578e-01) (0, -4.70887136459350585938e+00) (1, -7.02849268913269042969e-01) (2, 4.78781509399414062500e+00) (3, -8.62733936309814453125e+00) (4, -1.42318975925445556641e+00) (5, 1.83638441562652587891e+00) (6, 8.01823234558105468750e+00) (0, 7.90999984741210937500e+00) (1, -8.35986804962158203125e+00) (2, 3.86232686042785644531e+00) (3, -2.01856827735900878906e+00) (4, -3.14013436436653137207e-02) (5, 3.84498500823974609375e+00) (6, -4.62245416641235351562e+00) (7, -1.81965980529785156250e+01) (8, -3.65963250398635864258e-01) (9, -1.61414694786071777344e+00) (10, -4.43462789058685302734e-01) (11, 1.92143130302429199219e+00) (12, -5.20521521568298339844e-01) (13, -1.20491826534271240234e+00) (14, -1.19432888031005859375e+01) (15, 4.56334128975868225098e-02) 
