FANN_FLO_2.1
num_layers=3
learning_rate=0.400000
connection_rate=1.000000
network_type=0
learning_momentum=0.000000
training_algorithm=2
train_error_function=1
train_stop_function=0
cascade_output_change_fraction=0.010000
quickprop_decay=-0.000100
quickprop_mu=1.750000
rprop_increase_factor=1.200000
rprop_decrease_factor=0.500000
rprop_delta_min=0.000000
rprop_delta_max=50.000000
rprop_delta_zero=0.100000
cascade_output_stagnation_epochs=12
cascade_candidate_change_fraction=0.010000
cascade_candidate_stagnation_epochs=12
cascade_max_out_epochs=150
cascade_min_out_epochs=50
cascade_max_cand_epochs=150
cascade_min_cand_epochs=50
cascade_num_candidate_groups=2
bit_fail_limit=3.49999994039535522461e-01
cascade_candidate_limit=1.00000000000000000000e+03
cascade_weight_multiplier=4.00000005960464477539e-01
cascade_activation_functions_count=10
cascade_activation_functions=3 5 7 8 10 11 14 15 16 17 
cascade_activation_steepnesses_count=4
cascade_activation_steepnesses=2.50000000000000000000e-01 5.00000000000000000000e-01 7.50000000000000000000e-01 1.00000000000000000000e+00 
layer_sizes=7 9 2 
scale_included=0
neurons (num_inputs, activation_function, activation_steepness)=(0, 0, 0.00000000000000000000e+00) (0, 0, 0.00000000000000000000e+00) (0, 0, 0.00000000000000000000e+00) (0, 0, 0.00000000000000000000e+00) (0, 0, 0.00000000000000000000e+00) (0, 0, 0.00000000000000000000e+00) (0, 0, 0.00000000000000000000e+00) (7, 3, 5.00000000000000000000e-01) (7, 3, 5.00000000000000000000e-01) (7, 3, 5.00000000000000000000e-01) (7, 3, 5.00000000000000000000e-01) (7, 3, 5.00000000000000000000e-01) (7, 3, 5.00000000000000000000e-01) (7, 3, 5.00000000000000000000e-01) (7, 3, 5.00000000000000000000e-01) (0, 3, 0.00000000000000000000e+00) (9, 3, 5.00000000000000000000e-01) (0, 3, 0.00000000000000000000e+00) 
connections (connected_to_neuron, weight)=(0, 2.58144640922546386719e+00) (1, 4.29626226425170898438e+00) (2, -8.12675237655639648438e-01) (3, -8.63909149169921875000e+00) (4, 1.42342462539672851562e+01) (5, -8.37949562072753906250e+00) (6, 1.55879712104797363281e+00) (0, -5.36509561538696289062e+00) (1, -1.91491067409515380859e+00) (2, -2.31241893768310546875e+00) (3, 3.61613035202026367188e+00) (4, 5.80568134784698486328e-01) (5, -9.96635258197784423828e-01) (6, -1.36457288265228271484e+00) (0, -1.36845171451568603516e+00) (1, -2.28555560111999511719e+00) (2, -1.81077432632446289062e+00) (3, 3.60185074806213378906e+00) (4, 7.63850736618041992188e+00) (5, -2.12418746948242187500e+00) (6, -1.76047742366790771484e+00) (0, -1.60048103332519531250e+00) (1, -1.66449964046478271484e+00) (2, -2.25307631492614746094e+00) (3, 6.05116224288940429688e+00) (4, 6.20265483856201171875e-01) (5, -2.57237911224365234375e+00) (6, -8.85563373565673828125e-01) (0, 5.75898313522338867188e+00) (1, 5.51103830337524414062e+00) (2, 3.94940368652343750000e+02) (3, -1.79714965820312500000e+00) (4, 5.42375040054321289062e+00) (5, -6.28500518798828125000e+01) (6, 2.59380507469177246094e+00) (0, -4.50511550903320312500e+00) (1, -1.77652275562286376953e+00) (2, -1.67941451072692871094e+00) (3, 3.05214452743530273438e+00) (4, 8.98909926414489746094e-01) (5, -1.80431723594665527344e+00) (6, -8.53767216205596923828e-01) (0, -1.27048265933990478516e+00) (1, -1.36381471157073974609e+00) (2, 4.87563514709472656250e+00) (3, -1.39628612995147705078e+00) (4, 3.06893444061279296875e+00) (5, -7.00988531112670898438e+00) (6, -1.90945208072662353516e+00) (0, 3.16698223352432250977e-01) (1, -1.38922846317291259766e+00) (2, -2.52014756202697753906e+00) (3, -1.31837062835693359375e+01) (4, 5.32145261764526367188e-01) (5, 8.43150615692138671875e+00) (6, -2.53990679979324340820e-01) (7, -1.74746203422546386719e+00) (8, 2.81911802291870117188e+00) (9, 1.44528830051422119141e+00) (10, 3.79289180040359497070e-01) (11, -5.77877104282379150391e-01) (12, 2.11754369735717773438e+00) (13, 2.59570336341857910156e+00) (14, 1.88134562969207763672e+00) (15, -4.57202643156051635742e-01) 
