FANN_FLO_2.1
num_layers=4
learning_rate=0.400000
connection_rate=1.000000
network_type=0
learning_momentum=0.000000
training_algorithm=2
train_error_function=1
train_stop_function=0
cascade_output_change_fraction=0.010000
quickprop_decay=-0.000100
quickprop_mu=1.750000
rprop_increase_factor=1.200000
rprop_decrease_factor=0.500000
rprop_delta_min=0.000000
rprop_delta_max=50.000000
rprop_delta_zero=0.100000
cascade_output_stagnation_epochs=12
cascade_candidate_change_fraction=0.010000
cascade_candidate_stagnation_epochs=12
cascade_max_out_epochs=150
cascade_min_out_epochs=50
cascade_max_cand_epochs=150
cascade_min_cand_epochs=50
cascade_num_candidate_groups=2
bit_fail_limit=3.49999994039535522461e-01
cascade_candidate_limit=1.00000000000000000000e+03
cascade_weight_multiplier=4.00000005960464477539e-01
cascade_activation_functions_count=10
cascade_activation_functions=3 5 7 8 10 11 14 15 16 17 
cascade_activation_steepnesses_count=4
cascade_activation_steepnesses=2.50000000000000000000e-01 5.00000000000000000000e-01 7.50000000000000000000e-01 1.00000000000000000000e+00 
layer_sizes=7 5 3 2 
scale_included=0
neurons (num_inputs, activation_function, activation_steepness)=(0, 0, 0.00000000000000000000e+00) (0, 0, 0.00000000000000000000e+00) (0, 0, 0.00000000000000000000e+00) (0, 0, 0.00000000000000000000e+00) (0, 0, 0.00000000000000000000e+00) (0, 0, 0.00000000000000000000e+00) (0, 0, 0.00000000000000000000e+00) (7, 3, 5.00000000000000000000e-01) (7, 3, 5.00000000000000000000e-01) (7, 3, 5.00000000000000000000e-01) (7, 3, 5.00000000000000000000e-01) (0, 3, 0.00000000000000000000e+00) (5, 3, 5.00000000000000000000e-01) (5, 3, 5.00000000000000000000e-01) (0, 3, 0.00000000000000000000e+00) (3, 3, 5.00000000000000000000e-01) (0, 3, 0.00000000000000000000e+00) 
connections (connected_to_neuron, weight)=(0, -6.89677429199218750000e+02) (1, -6.89857360839843750000e+02) (2, 1.50000000000000000000e+03) (3, 2.65495758056640625000e+02) (4, -1.04237048339843750000e+03) (5, 1.50000000000000000000e+03) (6, 2.13518390655517578125e+01) (0, 6.42380428314208984375e+00) (1, -7.62767648696899414062e+00) (2, 1.77492582798004150391e+00) (3, -3.14545297622680664062e+00) (4, -5.42406082153320312500e-01) (5, 6.25010204315185546875e+00) (6, -4.47598886489868164062e+00) (0, -6.67713117599487304688e+00) (1, 5.75816965103149414062e+00) (2, 3.06763410568237304688e-01) (3, -1.54031872749328613281e+00) (4, -8.79922151565551757812e-01) (5, -6.92999553680419921875e+00) (6, 1.03392076492309570312e+00) (0, 7.04674804687500000000e+02) (1, -1.22051611328125000000e+03) (2, 1.28337341308593750000e+03) (3, 6.01352355957031250000e+02) (4, 1.39340286254882812500e+02) (5, 1.12407287597656250000e+02) (6, 1.40803802013397216797e+00) (7, -4.11946922540664672852e-01) (8, 5.25177145004272460938e+00) (9, 6.60083246231079101562e+00) (10, 5.58949768543243408203e-01) (11, -3.76497340202331542969e+00) (7, 1.80733931064605712891e+00) (8, 1.17702388763427734375e+01) (9, 3.85781741142272949219e+00) (10, -2.20320177078247070312e+00) (11, -1.10191118717193603516e+00) (12, -5.19807481765747070312e+00) (13, -1.15702295303344726562e+00) (14, -8.15108060836791992188e-01) 
