FANN_FLO_2.1
num_layers=4
learning_rate=0.500000
connection_rate=1.000000
network_type=0
learning_momentum=0.000000
training_algorithm=2
train_error_function=1
train_stop_function=0
cascade_output_change_fraction=0.010000
quickprop_decay=-0.000100
quickprop_mu=1.750000
rprop_increase_factor=1.200000
rprop_decrease_factor=0.500000
rprop_delta_min=0.000000
rprop_delta_max=50.000000
rprop_delta_zero=0.100000
cascade_output_stagnation_epochs=12
cascade_candidate_change_fraction=0.010000
cascade_candidate_stagnation_epochs=12
cascade_max_out_epochs=150
cascade_min_out_epochs=50
cascade_max_cand_epochs=150
cascade_min_cand_epochs=50
cascade_num_candidate_groups=2
bit_fail_limit=3.49999994039535522461e-01
cascade_candidate_limit=1.00000000000000000000e+03
cascade_weight_multiplier=4.00000005960464477539e-01
cascade_activation_functions_count=10
cascade_activation_functions=3 5 7 8 10 11 14 15 16 17 
cascade_activation_steepnesses_count=4
cascade_activation_steepnesses=2.50000000000000000000e-01 5.00000000000000000000e-01 7.50000000000000000000e-01 1.00000000000000000000e+00 
layer_sizes=2 5 5 3 
scale_included=0
neurons (num_inputs, activation_function, activation_steepness)=(0, 0, 0.00000000000000000000e+00) (0, 0, 0.00000000000000000000e+00) (2, 3, 5.00000000000000000000e-01) (2, 3, 5.00000000000000000000e-01) (2, 3, 5.00000000000000000000e-01) (2, 3, 5.00000000000000000000e-01) (0, 3, 0.00000000000000000000e+00) (5, 3, 5.00000000000000000000e-01) (5, 3, 5.00000000000000000000e-01) (5, 3, 5.00000000000000000000e-01) (5, 3, 5.00000000000000000000e-01) (0, 3, 0.00000000000000000000e+00) (5, 0, 5.00000000000000000000e-01) (5, 0, 5.00000000000000000000e-01) (0, 0, 0.00000000000000000000e+00) 
connections (connected_to_neuron, weight)=(0, -1.18412666320800781250e+01) (1, 1.70953834056854248047e+00) (0, -1.34106998443603515625e+01) (1, 4.11016345024108886719e-01) (0, -7.13511466979980468750e+00) (1, 3.01945060491561889648e-01) (0, -7.80940914154052734375e+00) (1, 8.52923333644866943359e-01) (2, -5.52816390991210937500e-01) (3, -1.97799372673034667969e+00) (4, -7.17511892318725585938e-01) (5, -6.85143589973449707031e-01) (6, 8.06021749973297119141e-01) (2, 8.61330223083496093750e+00) (3, -5.30233078002929687500e+01) (4, 2.96997795104980468750e+01) (5, 1.96605148315429687500e+01) (6, -3.35276889801025390625e+00) (2, -2.74925380945205688477e-01) (3, -1.86437940597534179688e+00) (4, -1.13069069385528564453e+00) (5, -8.75290453433990478516e-01) (6, 9.83268439769744873047e-01) (2, 8.74796390533447265625e+00) (3, -1.92334613800048828125e+01) (4, 6.02635860443115234375e-01) (5, 1.19494428634643554688e+01) (6, -3.35132908821105957031e+00) (7, -2.28896808624267578125e+00) (8, -2.03710627555847167969e+00) (9, -2.38338112831115722656e+00) (10, -1.05792784690856933594e+00) (11, 3.47773385047912597656e+00) (7, -2.09276318550109863281e+00) (8, 7.00051724910736083984e-01) (9, -2.18256878852844238281e+00) (10, 1.79855823516845703125e+00) (11, 6.03596150875091552734e-01) 
