FANN_FLO_2.1
num_layers=4
learning_rate=0.500000
connection_rate=1.000000
network_type=0
learning_momentum=0.000000
training_algorithm=2
train_error_function=1
train_stop_function=0
cascade_output_change_fraction=0.010000
quickprop_decay=-0.000100
quickprop_mu=1.750000
rprop_increase_factor=1.200000
rprop_decrease_factor=0.500000
rprop_delta_min=0.000000
rprop_delta_max=50.000000
rprop_delta_zero=0.100000
cascade_output_stagnation_epochs=12
cascade_candidate_change_fraction=0.010000
cascade_candidate_stagnation_epochs=12
cascade_max_out_epochs=150
cascade_min_out_epochs=50
cascade_max_cand_epochs=150
cascade_min_cand_epochs=50
cascade_num_candidate_groups=2
bit_fail_limit=3.49999994039535522461e-01
cascade_candidate_limit=1.00000000000000000000e+03
cascade_weight_multiplier=4.00000005960464477539e-01
cascade_activation_functions_count=10
cascade_activation_functions=3 5 7 8 10 11 14 15 16 17 
cascade_activation_steepnesses_count=4
cascade_activation_steepnesses=2.50000000000000000000e-01 5.00000000000000000000e-01 7.50000000000000000000e-01 1.00000000000000000000e+00 
layer_sizes=10 5 3 2 
scale_included=0
neurons (num_inputs, activation_function, activation_steepness)=(0, 0, 0.00000000000000000000e+00) (0, 0, 0.00000000000000000000e+00) (0, 0, 0.00000000000000000000e+00) (0, 0, 0.00000000000000000000e+00) (0, 0, 0.00000000000000000000e+00) (0, 0, 0.00000000000000000000e+00) (0, 0, 0.00000000000000000000e+00) (0, 0, 0.00000000000000000000e+00) (0, 0, 0.00000000000000000000e+00) (0, 0, 0.00000000000000000000e+00) (10, 3, 5.00000000000000000000e-01) (10, 3, 5.00000000000000000000e-01) (10, 3, 5.00000000000000000000e-01) (10, 3, 5.00000000000000000000e-01) (0, 3, 0.00000000000000000000e+00) (5, 3, 5.00000000000000000000e-01) (5, 3, 5.00000000000000000000e-01) (0, 3, 0.00000000000000000000e+00) (3, 3, 5.00000000000000000000e-01) (0, 3, 0.00000000000000000000e+00) 
connections (connected_to_neuron, weight)=(0, -1.93122577667236328125e+00) (1, -6.67124700546264648438e+00) (2, 1.19943594932556152344e+00) (3, -3.07624131441116333008e-01) (4, -3.81810760498046875000e+00) (5, -3.39024454355239868164e-01) (6, 8.10952091217041015625e+00) (7, 2.56932735443115234375e+00) (8, 4.36452531814575195312e+00) (9, -8.79060208797454833984e-01) (0, -1.00660114288330078125e+01) (1, 5.85627222061157226562e+00) (2, 2.58550977706909179688e+00) (3, -2.71613621711730957031e+00) (4, -9.29792976379394531250e+00) (5, 1.48839342594146728516e+00) (6, 5.89973449707031250000e+00) (7, 8.65643310546875000000e+00) (8, 5.32531404495239257812e+00) (9, -2.73315286636352539062e+00) (0, -2.71009349822998046875e+00) (1, -1.57715883255004882812e+01) (2, 2.91279244422912597656e+00) (3, 1.76487815380096435547e+00) (4, -8.77901911735534667969e-02) (5, 4.11460542678833007812e+00) (6, 5.57587718963623046875e+00) (7, 6.26639318466186523438e+00) (8, 4.74464464187622070312e+00) (9, -4.64267551898956298828e-01) (0, -2.22475341796875000000e+02) (1, 2.31579895019531250000e+02) (2, 2.81474029541015625000e+02) (3, 1.60238325595855712891e+00) (4, -1.69793188571929931641e+00) (5, -1.63511322021484375000e+02) (6, 2.61928677558898925781e+00) (7, 2.75429153442382812500e+00) (8, -5.53958177566528320312e-01) (9, -4.16177415847778320312e+00) (10, 2.72326779365539550781e+00) (11, -3.44066405296325683594e+00) (12, -7.57250070571899414062e+00) (13, -1.19300007820129394531e+00) (14, 7.63655424118041992188e+00) (10, 1.48708028793334960938e+01) (11, 3.59678030014038085938e+00) (12, -7.23500537872314453125e+00) (13, -7.05892992019653320312e+00) (14, 8.84858965873718261719e-01) (15, 3.65208363533020019531e+00) (16, 2.28099846839904785156e+00) (17, -2.78443789482116699219e+00) 
