FANN_FLO_2.1
num_layers=3
learning_rate=0.500000
connection_rate=1.000000
network_type=0
learning_momentum=0.000000
training_algorithm=2
train_error_function=1
train_stop_function=0
cascade_output_change_fraction=0.010000
quickprop_decay=-0.000100
quickprop_mu=1.750000
rprop_increase_factor=1.200000
rprop_decrease_factor=0.500000
rprop_delta_min=0.000000
rprop_delta_max=50.000000
rprop_delta_zero=0.100000
cascade_output_stagnation_epochs=12
cascade_candidate_change_fraction=0.010000
cascade_candidate_stagnation_epochs=12
cascade_max_out_epochs=150
cascade_min_out_epochs=50
cascade_max_cand_epochs=150
cascade_min_cand_epochs=50
cascade_num_candidate_groups=2
bit_fail_limit=3.49999994039535522461e-01
cascade_candidate_limit=1.00000000000000000000e+03
cascade_weight_multiplier=4.00000005960464477539e-01
cascade_activation_functions_count=10
cascade_activation_functions=3 5 7 8 10 11 14 15 16 17 
cascade_activation_steepnesses_count=4
cascade_activation_steepnesses=2.50000000000000000000e-01 5.00000000000000000000e-01 7.50000000000000000000e-01 1.00000000000000000000e+00 
layer_sizes=10 5 2 
scale_included=0
neurons (num_inputs, activation_function, activation_steepness)=(0, 0, 0.00000000000000000000e+00) (0, 0, 0.00000000000000000000e+00) (0, 0, 0.00000000000000000000e+00) (0, 0, 0.00000000000000000000e+00) (0, 0, 0.00000000000000000000e+00) (0, 0, 0.00000000000000000000e+00) (0, 0, 0.00000000000000000000e+00) (0, 0, 0.00000000000000000000e+00) (0, 0, 0.00000000000000000000e+00) (0, 0, 0.00000000000000000000e+00) (10, 3, 5.00000000000000000000e-01) (10, 3, 5.00000000000000000000e-01) (10, 3, 5.00000000000000000000e-01) (10, 3, 5.00000000000000000000e-01) (0, 3, 0.00000000000000000000e+00) (5, 3, 5.00000000000000000000e-01) (0, 3, 0.00000000000000000000e+00) 
connections (connected_to_neuron, weight)=(0, 3.26193261146545410156e+00) (1, 1.59238791465759277344e+00) (2, 4.50681734085083007812e+00) (3, 9.23297286033630371094e-01) (4, -1.45875561237335205078e+00) (5, -1.43529021739959716797e+00) (6, -4.63724374771118164062e+00) (7, 4.07366931438446044922e-01) (8, 2.09261178970336914062e+00) (9, -9.66765224933624267578e-01) (0, -2.31434988975524902344e+00) (1, 2.25312023162841796875e+01) (2, 3.21000432968139648438e+00) (3, -4.00426340103149414062e+00) (4, 1.87826049327850341797e+00) (5, 4.39868450164794921875e+00) (6, -6.90278100967407226562e+00) (7, -1.04076271057128906250e+01) (8, -8.01224899291992187500e+00) (9, -2.97754740715026855469e+00) (0, 3.47829818725585937500e+00) (1, 1.24925613403320312500e+00) (2, -9.77484512329101562500e+00) (3, 5.29813826084136962891e-01) (4, 6.83923244476318359375e-01) (5, 2.26030445098876953125e+00) (6, 1.75370442867279052734e+00) (7, 3.80900293588638305664e-01) (8, 1.38094812631607055664e-01) (9, -3.77983927726745605469e+00) (0, 7.31913506984710693359e-01) (1, 2.68826961517333984375e-01) (2, 1.69399440288543701172e+00) (3, -1.40198869705200195312e+01) (4, -4.95800167322158813477e-01) (5, 2.36366786956787109375e+01) (6, 7.17727470397949218750e+00) (7, -1.12156028747558593750e+01) (8, 4.79998779296875000000e+00) (9, 1.17702176794409751892e-02) (10, -1.31698632240295410156e+00) (11, 2.91663169860839843750e+00) (12, 4.57701063156127929688e+00) (13, -1.07686197757720947266e+00) (14, 2.37884566187858581543e-01) 
