FANN_FLO_2.1
num_layers=4
learning_rate=0.500000
connection_rate=1.000000
network_type=0
learning_momentum=0.000000
training_algorithm=2
train_error_function=1
train_stop_function=0
cascade_output_change_fraction=0.010000
quickprop_decay=-0.000100
quickprop_mu=1.750000
rprop_increase_factor=1.200000
rprop_decrease_factor=0.500000
rprop_delta_min=0.000000
rprop_delta_max=50.000000
rprop_delta_zero=0.100000
cascade_output_stagnation_epochs=12
cascade_candidate_change_fraction=0.010000
cascade_candidate_stagnation_epochs=12
cascade_max_out_epochs=150
cascade_min_out_epochs=50
cascade_max_cand_epochs=150
cascade_min_cand_epochs=50
cascade_num_candidate_groups=2
bit_fail_limit=3.49999994039535522461e-01
cascade_candidate_limit=1.00000000000000000000e+03
cascade_weight_multiplier=4.00000005960464477539e-01
cascade_activation_functions_count=10
cascade_activation_functions=3 5 7 8 10 11 14 15 16 17 
cascade_activation_steepnesses_count=4
cascade_activation_steepnesses=2.50000000000000000000e-01 5.00000000000000000000e-01 7.50000000000000000000e-01 1.00000000000000000000e+00 
layer_sizes=2 5 5 3 
scale_included=0
neurons (num_inputs, activation_function, activation_steepness)=(0, 0, 0.00000000000000000000e+00) (0, 0, 0.00000000000000000000e+00) (2, 3, 5.00000000000000000000e-01) (2, 3, 5.00000000000000000000e-01) (2, 3, 5.00000000000000000000e-01) (2, 3, 5.00000000000000000000e-01) (0, 3, 0.00000000000000000000e+00) (5, 3, 5.00000000000000000000e-01) (5, 3, 5.00000000000000000000e-01) (5, 3, 5.00000000000000000000e-01) (5, 3, 5.00000000000000000000e-01) (0, 3, 0.00000000000000000000e+00) (5, 0, 5.00000000000000000000e-01) (5, 0, 5.00000000000000000000e-01) (0, 0, 0.00000000000000000000e+00) 
connections (connected_to_neuron, weight)=(0, 1.08738622665405273438e+01) (1, -2.83415055274963378906e+00) (0, 2.74353847503662109375e+01) (1, -5.12616813182830810547e-01) (0, 1.30163784027099609375e+01) (1, -1.00284492969512939453e+00) (0, 8.32252025604248046875e+00) (1, -4.05351161956787109375e+00) (2, 6.11252593994140625000e+00) (3, -1.08560073375701904297e+00) (4, 7.58361518383026123047e-01) (5, -1.05179986953735351562e+01) (6, -2.54683941602706909180e-02) (2, 6.27268266677856445312e+00) (3, 4.10459749400615692139e-02) (4, 5.17895340919494628906e-01) (5, -2.77971816062927246094e+00) (6, -2.56378102302551269531e+00) (2, -1.76901304721832275391e+00) (3, 4.13630902767181396484e-01) (4, 1.66621863842010498047e-01) (5, -4.13519048690795898438e+00) (6, 2.03335285186767578125e+00) (2, -5.15073585510253906250e+00) (3, -6.57423257827758789062e-01) (4, -7.79816091060638427734e-01) (5, 6.91548252105712890625e+00) (6, 3.94104003906250000000e-01) (7, -5.04645943641662597656e-01) (8, -1.66498303413391113281e-01) (9, -3.17104363441467285156e+00) (10, 5.74190282821655273438e+00) (11, 5.34503161907196044922e-01) (7, -1.00842511653900146484e+00) (8, -1.69498431682586669922e+00) (9, 3.40965557098388671875e+00) (10, 1.27620291709899902344e+00) (11, -9.11055386066436767578e-01) 
