FANN_FLO_2.1
num_layers=3
learning_rate=0.400000
connection_rate=1.000000
network_type=0
learning_momentum=0.000000
training_algorithm=2
train_error_function=1
train_stop_function=0
cascade_output_change_fraction=0.010000
quickprop_decay=-0.000100
quickprop_mu=1.750000
rprop_increase_factor=1.200000
rprop_decrease_factor=0.500000
rprop_delta_min=0.000000
rprop_delta_max=50.000000
rprop_delta_zero=0.100000
cascade_output_stagnation_epochs=12
cascade_candidate_change_fraction=0.010000
cascade_candidate_stagnation_epochs=12
cascade_max_out_epochs=150
cascade_min_out_epochs=50
cascade_max_cand_epochs=150
cascade_min_cand_epochs=50
cascade_num_candidate_groups=2
bit_fail_limit=3.49999994039535522461e-01
cascade_candidate_limit=1.00000000000000000000e+03
cascade_weight_multiplier=4.00000005960464477539e-01
cascade_activation_functions_count=10
cascade_activation_functions=3 5 7 8 10 11 14 15 16 17 
cascade_activation_steepnesses_count=4
cascade_activation_steepnesses=2.50000000000000000000e-01 5.00000000000000000000e-01 7.50000000000000000000e-01 1.00000000000000000000e+00 
layer_sizes=7 9 2 
scale_included=0
neurons (num_inputs, activation_function, activation_steepness)=(0, 0, 0.00000000000000000000e+00) (0, 0, 0.00000000000000000000e+00) (0, 0, 0.00000000000000000000e+00) (0, 0, 0.00000000000000000000e+00) (0, 0, 0.00000000000000000000e+00) (0, 0, 0.00000000000000000000e+00) (0, 0, 0.00000000000000000000e+00) (7, 3, 5.00000000000000000000e-01) (7, 3, 5.00000000000000000000e-01) (7, 3, 5.00000000000000000000e-01) (7, 3, 5.00000000000000000000e-01) (7, 3, 5.00000000000000000000e-01) (7, 3, 5.00000000000000000000e-01) (7, 3, 5.00000000000000000000e-01) (7, 3, 5.00000000000000000000e-01) (0, 3, 0.00000000000000000000e+00) (9, 3, 5.00000000000000000000e-01) (0, 3, 0.00000000000000000000e+00) 
connections (connected_to_neuron, weight)=(0, -2.12528988718986511230e-01) (1, -4.17309552431106567383e-01) (2, 1.97846281528472900391e+00) (3, 4.51762348413467407227e-01) (4, 1.88451910018920898438e+00) (5, 2.13627266883850097656e+00) (6, -1.48704922199249267578e+00) (0, -1.91426527500152587891e+00) (1, 4.73125457763671875000e+00) (2, 2.46273827552795410156e+00) (3, -3.94199562072753906250e+00) (4, 1.11611623764038085938e+01) (5, -1.16447229385375976562e+01) (6, 2.38304615020751953125e+00) (0, -2.58646345138549804688e+00) (1, -1.54783296585083007812e+00) (2, -4.39534235000610351562e+00) (3, 1.40641069412231445312e+00) (4, 1.44286906719207763672e+00) (5, 2.14419960975646972656e+00) (6, -9.86420810222625732422e-01) (0, -2.61545157991349697113e-03) (1, 5.91423451900482177734e-01) (2, 1.30673503875732421875e+00) (3, 2.35871523618698120117e-01) (4, 4.15286493301391601562e+00) (5, -4.90871995687484741211e-01) (6, -3.91681098937988281250e+00) (0, 5.34974753856658935547e-01) (1, 2.73511737585067749023e-01) (2, -6.60525739192962646484e-01) (3, 5.58901846408843994141e-01) (4, -3.65763473510742187500e+00) (5, 2.63673329353332519531e+00) (6, 3.98411035537719726562e-01) (0, 5.75314640998840332031e-01) (1, 3.33213508129119873047e-01) (2, -6.94782674312591552734e-01) (3, 5.83677411079406738281e-01) (4, -3.68715453147888183594e+00) (5, 2.60236740112304687500e+00) (6, 3.86235535144805908203e-01) (0, 3.73765707015991210938e-01) (1, 3.24124813079833984375e-01) (2, -4.59428042173385620117e-01) (3, 3.55137491226196289062e+00) (4, -4.08025169372558593750e+00) (5, 2.00480246543884277344e+00) (6, 2.86674648523330688477e-01) (0, 6.65683937072753906250e+00) (1, 2.05299425125122070312e+00) (2, -2.89237117767333984375e+00) (3, -5.53226280212402343750e+00) (4, 5.85100948810577392578e-01) (5, 1.49062776565551757812e+00) (6, 1.90496969223022460938e+00) (7, 8.89731049537658691406e-01) (8, -1.90247952938079833984e+00) (9, 3.47329592704772949219e+00) (10, 3.33261275291442871094e+00) (11, -3.01868230104446411133e-01) (12, -5.63848853111267089844e-01) (13, -5.84529280662536621094e-01) (14, -1.10268139839172363281e+00) (15, 1.94831311702728271484e-01) 
