FANN_FLO_2.1
num_layers=3
learning_rate=0.400000
connection_rate=1.000000
network_type=0
learning_momentum=0.000000
training_algorithm=2
train_error_function=1
train_stop_function=0
cascade_output_change_fraction=0.010000
quickprop_decay=-0.000100
quickprop_mu=1.750000
rprop_increase_factor=1.200000
rprop_decrease_factor=0.500000
rprop_delta_min=0.000000
rprop_delta_max=50.000000
rprop_delta_zero=0.100000
cascade_output_stagnation_epochs=12
cascade_candidate_change_fraction=0.010000
cascade_candidate_stagnation_epochs=12
cascade_max_out_epochs=150
cascade_min_out_epochs=50
cascade_max_cand_epochs=150
cascade_min_cand_epochs=50
cascade_num_candidate_groups=2
bit_fail_limit=3.49999994039535522461e-01
cascade_candidate_limit=1.00000000000000000000e+03
cascade_weight_multiplier=4.00000005960464477539e-01
cascade_activation_functions_count=10
cascade_activation_functions=3 5 7 8 10 11 14 15 16 17 
cascade_activation_steepnesses_count=4
cascade_activation_steepnesses=2.50000000000000000000e-01 5.00000000000000000000e-01 7.50000000000000000000e-01 1.00000000000000000000e+00 
layer_sizes=19 3 3 
scale_included=0
neurons (num_inputs, activation_function, activation_steepness)=(0, 0, 0.00000000000000000000e+00) (0, 0, 0.00000000000000000000e+00) (0, 0, 0.00000000000000000000e+00) (0, 0, 0.00000000000000000000e+00) (0, 0, 0.00000000000000000000e+00) (0, 0, 0.00000000000000000000e+00) (0, 0, 0.00000000000000000000e+00) (0, 0, 0.00000000000000000000e+00) (0, 0, 0.00000000000000000000e+00) (0, 0, 0.00000000000000000000e+00) (0, 0, 0.00000000000000000000e+00) (0, 0, 0.00000000000000000000e+00) (0, 0, 0.00000000000000000000e+00) (0, 0, 0.00000000000000000000e+00) (0, 0, 0.00000000000000000000e+00) (0, 0, 0.00000000000000000000e+00) (0, 0, 0.00000000000000000000e+00) (0, 0, 0.00000000000000000000e+00) (0, 0, 0.00000000000000000000e+00) (19, 3, 5.00000000000000000000e-01) (19, 3, 5.00000000000000000000e-01) (0, 3, 0.00000000000000000000e+00) (3, 3, 5.00000000000000000000e-01) (3, 3, 5.00000000000000000000e-01) (0, 3, 0.00000000000000000000e+00) 
connections (connected_to_neuron, weight)=(0, 1.85926568508148193359e+00) (1, 1.71933925151824951172e+00) (2, -1.44393062591552734375e+00) (3, -1.30303792953491210938e+01) (4, -8.58241748809814453125e+00) (5, -2.38173651695251464844e+00) (6, 1.98263301849365234375e+01) (7, 9.84906578063964843750e+00) (8, 1.67159533500671386719e+00) (9, 3.59849929809570312500e+00) (10, 4.70567560195922851562e+00) (11, -2.29726529121398925781e+00) (12, 2.88070380687713623047e-01) (13, 1.16507101058959960938e+00) (14, -2.07572603225708007812e+00) (15, 5.55056142807006835938e+00) (16, -6.72308731079101562500e+00) (17, 8.82784724235534667969e-01) (18, 3.14922046661376953125e+00) (0, -5.72279119491577148438e+00) (1, 2.34631800651550292969e+00) (2, 1.46781883239746093750e+01) (3, 4.74569416046142578125e+00) (4, 8.39899301528930664062e-01) (5, -1.37023341655731201172e+00) (6, -2.96309709548950195312e+00) (7, 3.32310628890991210938e+00) (8, 5.61468362808227539062e+00) (9, -1.41509571075439453125e+01) (10, -3.38703632354736328125e+00) (11, 5.33015346527099609375e+00) (12, 3.74338674545288085938e+00) (13, 2.06390781402587890625e+01) (14, 2.76724958419799804688e+00) (15, 9.10721111297607421875e+00) (16, -9.44950389862060546875e+00) (17, 1.81855547428131103516e+00) (18, -6.04901981353759765625e+00) (19, -8.47634434700012207031e-01) (20, -7.89745151996612548828e-01) (21, 9.08535718917846679688e-01) (19, 8.47931921482086181641e-01) (20, 7.89461910724639892578e-01) (21, -9.08626854419708251953e-01) 
