FANN_FLO_2.1
num_layers=3
learning_rate=0.400000
connection_rate=1.000000
network_type=0
learning_momentum=0.000000
training_algorithm=2
train_error_function=1
train_stop_function=0
cascade_output_change_fraction=0.010000
quickprop_decay=-0.000100
quickprop_mu=1.750000
rprop_increase_factor=1.200000
rprop_decrease_factor=0.500000
rprop_delta_min=0.000000
rprop_delta_max=50.000000
rprop_delta_zero=0.100000
cascade_output_stagnation_epochs=12
cascade_candidate_change_fraction=0.010000
cascade_candidate_stagnation_epochs=12
cascade_max_out_epochs=150
cascade_min_out_epochs=50
cascade_max_cand_epochs=150
cascade_min_cand_epochs=50
cascade_num_candidate_groups=2
bit_fail_limit=3.49999994039535522461e-01
cascade_candidate_limit=1.00000000000000000000e+03
cascade_weight_multiplier=4.00000005960464477539e-01
cascade_activation_functions_count=10
cascade_activation_functions=3 5 7 8 10 11 14 15 16 17 
cascade_activation_steepnesses_count=4
cascade_activation_steepnesses=2.50000000000000000000e-01 5.00000000000000000000e-01 7.50000000000000000000e-01 1.00000000000000000000e+00 
layer_sizes=7 5 2 
scale_included=0
neurons (num_inputs, activation_function, activation_steepness)=(0, 0, 0.00000000000000000000e+00) (0, 0, 0.00000000000000000000e+00) (0, 0, 0.00000000000000000000e+00) (0, 0, 0.00000000000000000000e+00) (0, 0, 0.00000000000000000000e+00) (0, 0, 0.00000000000000000000e+00) (0, 0, 0.00000000000000000000e+00) (7, 3, 5.00000000000000000000e-01) (7, 3, 5.00000000000000000000e-01) (7, 3, 5.00000000000000000000e-01) (7, 3, 5.00000000000000000000e-01) (0, 3, 0.00000000000000000000e+00) (5, 3, 5.00000000000000000000e-01) (0, 3, 0.00000000000000000000e+00) 
connections (connected_to_neuron, weight)=(0, -1.81405514478683471680e-01) (1, -1.11351613998413085938e+01) (2, 1.47885255813598632812e+01) (3, 5.02640724182128906250e+00) (4, 1.21656513214111328125e+00) (5, 8.18684101104736328125e+00) (6, 2.29344248771667480469e+00) (0, 1.36675870418548583984e+00) (1, -2.15703868865966796875e+00) (2, -2.80001068115234375000e+00) (3, -3.66558885574340820312e+00) (4, -1.15823173522949218750e+00) (5, 8.79714414477348327637e-02) (6, 4.32389640808105468750e+00) (0, -9.99884986877441406250e+00) (1, 9.76421070098876953125e+00) (2, -3.69235873222351074219e+00) (3, -1.78171670436859130859e+00) (4, -7.06499993801116943359e-01) (5, -6.47545242309570312500e+00) (6, -3.45429144799709320068e-02) (0, 8.19752407073974609375e+00) (1, -9.66337203979492187500e+00) (2, 4.94769287109375000000e+00) (3, -2.96912097930908203125e+00) (4, -1.29400476813316345215e-01) (5, 5.48521184921264648438e+00) (6, -4.39992713928222656250e+00) (7, -5.40882349014282226562e-01) (8, -1.24731111526489257812e+00) (9, -7.63963651657104492188e+00) (10, -4.17764711380004882812e+00) (11, 1.19118288159370422363e-01) 
