FANN_FLO_2.1
num_layers=3
learning_rate=0.400000
connection_rate=1.000000
network_type=0
learning_momentum=0.000000
training_algorithm=2
train_error_function=1
train_stop_function=0
cascade_output_change_fraction=0.010000
quickprop_decay=-0.000100
quickprop_mu=1.750000
rprop_increase_factor=1.200000
rprop_decrease_factor=0.500000
rprop_delta_min=0.000000
rprop_delta_max=50.000000
rprop_delta_zero=0.100000
cascade_output_stagnation_epochs=12
cascade_candidate_change_fraction=0.010000
cascade_candidate_stagnation_epochs=12
cascade_max_out_epochs=150
cascade_min_out_epochs=50
cascade_max_cand_epochs=150
cascade_min_cand_epochs=50
cascade_num_candidate_groups=2
bit_fail_limit=3.49999994039535522461e-01
cascade_candidate_limit=1.00000000000000000000e+03
cascade_weight_multiplier=4.00000005960464477539e-01
cascade_activation_functions_count=10
cascade_activation_functions=3 5 7 8 10 11 14 15 16 17 
cascade_activation_steepnesses_count=4
cascade_activation_steepnesses=2.50000000000000000000e-01 5.00000000000000000000e-01 7.50000000000000000000e-01 1.00000000000000000000e+00 
layer_sizes=7 5 2 
scale_included=0
neurons (num_inputs, activation_function, activation_steepness)=(0, 0, 0.00000000000000000000e+00) (0, 0, 0.00000000000000000000e+00) (0, 0, 0.00000000000000000000e+00) (0, 0, 0.00000000000000000000e+00) (0, 0, 0.00000000000000000000e+00) (0, 0, 0.00000000000000000000e+00) (0, 0, 0.00000000000000000000e+00) (7, 3, 5.00000000000000000000e-01) (7, 3, 5.00000000000000000000e-01) (7, 3, 5.00000000000000000000e-01) (7, 3, 5.00000000000000000000e-01) (0, 3, 0.00000000000000000000e+00) (5, 3, 5.00000000000000000000e-01) (0, 3, 0.00000000000000000000e+00) 
connections (connected_to_neuron, weight)=(0, -8.66313934326171875000e-01) (1, -2.70799446105957031250e+00) (2, -8.01470816135406494141e-01) (3, 1.98740839958190917969e+00) (4, -6.61928236484527587891e-01) (5, 6.25813484191894531250e+00) (6, -3.03925800323486328125e+00) (0, 1.63713037967681884766e+00) (1, 1.44021928310394287109e+00) (2, -5.10222005844116210938e+00) (3, -3.26599001884460449219e+00) (4, -6.04285717010498046875e+00) (5, 1.40591592788696289062e+01) (6, 1.86444079875946044922e+00) (0, -2.61939120292663574219e+00) (1, 4.40350532531738281250e-01) (2, -2.79202878475189208984e-01) (3, -1.78891324996948242188e+00) (4, -3.01394534111022949219e+00) (5, 7.06655263900756835938e-01) (6, 2.28986907005310058594e+00) (0, -4.36713171005249023438e+00) (1, -2.95911836624145507812e+00) (2, -2.83276915550231933594e+00) (3, 9.40494060516357421875e-01) (4, 1.60658192634582519531e+00) (5, 1.51977229118347167969e+00) (6, -7.79509365558624267578e-01) (7, 3.70664405822753906250e+00) (8, -2.82257270812988281250e+00) (9, -1.94714820384979248047e+00) (10, 4.19829797744750976562e+00) (11, 3.89216035604476928711e-01) 
