FANN_FLO_2.1
num_layers=4
learning_rate=0.500000
connection_rate=1.000000
network_type=0
learning_momentum=0.000000
training_algorithm=2
train_error_function=1
train_stop_function=0
cascade_output_change_fraction=0.010000
quickprop_decay=-0.000100
quickprop_mu=1.750000
rprop_increase_factor=1.200000
rprop_decrease_factor=0.500000
rprop_delta_min=0.000000
rprop_delta_max=50.000000
rprop_delta_zero=0.100000
cascade_output_stagnation_epochs=12
cascade_candidate_change_fraction=0.010000
cascade_candidate_stagnation_epochs=12
cascade_max_out_epochs=150
cascade_min_out_epochs=50
cascade_max_cand_epochs=150
cascade_min_cand_epochs=50
cascade_num_candidate_groups=2
bit_fail_limit=3.49999994039535522461e-01
cascade_candidate_limit=1.00000000000000000000e+03
cascade_weight_multiplier=4.00000005960464477539e-01
cascade_activation_functions_count=10
cascade_activation_functions=3 5 7 8 10 11 14 15 16 17 
cascade_activation_steepnesses_count=4
cascade_activation_steepnesses=2.50000000000000000000e-01 5.00000000000000000000e-01 7.50000000000000000000e-01 1.00000000000000000000e+00 
layer_sizes=2 5 3 3 
scale_included=0
neurons (num_inputs, activation_function, activation_steepness)=(0, 0, 0.00000000000000000000e+00) (0, 0, 0.00000000000000000000e+00) (2, 3, 5.00000000000000000000e-01) (2, 3, 5.00000000000000000000e-01) (2, 3, 5.00000000000000000000e-01) (2, 3, 5.00000000000000000000e-01) (0, 3, 0.00000000000000000000e+00) (5, 3, 5.00000000000000000000e-01) (5, 3, 5.00000000000000000000e-01) (0, 3, 0.00000000000000000000e+00) (3, 0, 5.00000000000000000000e-01) (3, 0, 5.00000000000000000000e-01) (0, 0, 0.00000000000000000000e+00) 
connections (connected_to_neuron, weight)=(0, 1.50000000000000000000e+03) (1, -2.00223587036132812500e+02) (0, -1.50000000000000000000e+03) (1, -1.49708485603332519531e+00) (0, -1.50000000000000000000e+03) (1, 1.99818771362304687500e+02) (0, -7.65233612060546875000e+01) (1, 3.07389926910400390625e+01) (2, -1.50000000000000000000e+03) (3, 6.07867660522460937500e+01) (4, 1.50000000000000000000e+03) (5, -1.50000000000000000000e+03) (6, -1.80040645599365234375e+01) (2, 4.89911222457885742188e+00) (3, -3.92073011398315429688e+00) (4, 2.62192320823669433594e+00) (5, -5.21335172653198242188e+00) (6, 2.28351309895515441895e-01) (7, 1.49999829101562500000e+03) (8, 4.05934333801269531250e-01) (9, -1.54531729221343994141e+00) (7, 1.69671829223632812500e+02) (8, -4.08730602264404296875e+00) (9, 2.00901794433593750000e+00) 
