FANN_FLO_2.1
num_layers=4
learning_rate=0.400000
connection_rate=1.000000
network_type=0
learning_momentum=0.000000
training_algorithm=2
train_error_function=1
train_stop_function=0
cascade_output_change_fraction=0.010000
quickprop_decay=-0.000100
quickprop_mu=1.750000
rprop_increase_factor=1.200000
rprop_decrease_factor=0.500000
rprop_delta_min=0.000000
rprop_delta_max=50.000000
rprop_delta_zero=0.100000
cascade_output_stagnation_epochs=12
cascade_candidate_change_fraction=0.010000
cascade_candidate_stagnation_epochs=12
cascade_max_out_epochs=150
cascade_min_out_epochs=50
cascade_max_cand_epochs=150
cascade_min_cand_epochs=50
cascade_num_candidate_groups=2
bit_fail_limit=3.49999994039535522461e-01
cascade_candidate_limit=1.00000000000000000000e+03
cascade_weight_multiplier=4.00000005960464477539e-01
cascade_activation_functions_count=10
cascade_activation_functions=3 5 7 8 10 11 14 15 16 17 
cascade_activation_steepnesses_count=4
cascade_activation_steepnesses=2.50000000000000000000e-01 5.00000000000000000000e-01 7.50000000000000000000e-01 1.00000000000000000000e+00 
layer_sizes=7 5 5 2 
scale_included=0
neurons (num_inputs, activation_function, activation_steepness)=(0, 0, 0.00000000000000000000e+00) (0, 0, 0.00000000000000000000e+00) (0, 0, 0.00000000000000000000e+00) (0, 0, 0.00000000000000000000e+00) (0, 0, 0.00000000000000000000e+00) (0, 0, 0.00000000000000000000e+00) (0, 0, 0.00000000000000000000e+00) (7, 3, 5.00000000000000000000e-01) (7, 3, 5.00000000000000000000e-01) (7, 3, 5.00000000000000000000e-01) (7, 3, 5.00000000000000000000e-01) (0, 3, 0.00000000000000000000e+00) (5, 3, 5.00000000000000000000e-01) (5, 3, 5.00000000000000000000e-01) (5, 3, 5.00000000000000000000e-01) (5, 3, 5.00000000000000000000e-01) (0, 3, 0.00000000000000000000e+00) (5, 3, 5.00000000000000000000e-01) (0, 3, 0.00000000000000000000e+00) 
connections (connected_to_neuron, weight)=(0, -4.54373776912689208984e-01) (1, -2.92191648483276367188e+00) (2, 3.45136451721191406250e+00) (3, -4.43052148818969726562e+00) (4, -9.66694772243499755859e-01) (5, 2.25364565849304199219e+00) (6, 3.03866803646087646484e-01) (0, 5.43931186199188232422e-01) (1, -2.28450417518615722656e+00) (2, 5.06862354278564453125e+00) (3, -9.78063642978668212891e-01) (4, -1.22889077663421630859e+00) (5, 2.29109144210815429688e+00) (6, 1.00744044780731201172e+00) (0, -3.38365650177001953125e+00) (1, 1.20606637001037597656e+00) (2, 1.93322391510009765625e+01) (3, -2.55618780851364135742e-01) (4, -9.82199668884277343750e+00) (5, 8.45146358013153076172e-01) (6, 2.78115510940551757812e+00) (0, -5.79684877395629882812e+00) (1, 2.36221289634704589844e+00) (2, 3.06489443778991699219e+00) (3, -3.48052501678466796875e+00) (4, -1.69694495201110839844e+00) (5, -1.01550245285034179688e+00) (6, 3.73172092437744140625e+00) (7, 8.70075607299804687500e+01) (8, 6.80585956573486328125e+00) (9, 1.50000000000000000000e+03) (10, 3.57085762023925781250e+01) (11, -9.61972236633300781250e+00) (7, 1.81942024230957031250e+01) (8, 1.87795436382293701172e+00) (9, 1.83345067501068115234e+00) (10, -1.78295059204101562500e+01) (11, -3.23600101470947265625e+00) (7, 3.41185226440429687500e+01) (8, 1.95861303806304931641e+00) (9, -1.79343044757843017578e+00) (10, 5.02619564533233642578e-01) (11, -4.72792291641235351562e+00) (7, -1.14204826354980468750e+01) (8, -8.25731658935546875000e+00) (9, 1.22307980060577392578e+00) (10, 6.74940299987792968750e+00) (11, -1.43461501598358154297e+00) (12, -6.51180982589721679688e-01) (13, -6.31824588775634765625e+00) (14, -8.85397076606750488281e-01) (15, -7.32628583908081054688e+00) (16, -4.79755580425262451172e-01) 
