FANN_FLO_2.1
num_layers=3
learning_rate=0.500000
connection_rate=1.000000
network_type=0
learning_momentum=0.000000
training_algorithm=2
train_error_function=1
train_stop_function=0
cascade_output_change_fraction=0.010000
quickprop_decay=-0.000100
quickprop_mu=1.750000
rprop_increase_factor=1.200000
rprop_decrease_factor=0.500000
rprop_delta_min=0.000000
rprop_delta_max=50.000000
rprop_delta_zero=0.100000
cascade_output_stagnation_epochs=12
cascade_candidate_change_fraction=0.010000
cascade_candidate_stagnation_epochs=12
cascade_max_out_epochs=150
cascade_min_out_epochs=50
cascade_max_cand_epochs=150
cascade_min_cand_epochs=50
cascade_num_candidate_groups=2
bit_fail_limit=3.49999994039535522461e-01
cascade_candidate_limit=1.00000000000000000000e+03
cascade_weight_multiplier=4.00000005960464477539e-01
cascade_activation_functions_count=10
cascade_activation_functions=3 5 7 8 10 11 14 15 16 17 
cascade_activation_steepnesses_count=4
cascade_activation_steepnesses=2.50000000000000000000e-01 5.00000000000000000000e-01 7.50000000000000000000e-01 1.00000000000000000000e+00 
layer_sizes=10 5 2 
scale_included=0
neurons (num_inputs, activation_function, activation_steepness)=(0, 0, 0.00000000000000000000e+00) (0, 0, 0.00000000000000000000e+00) (0, 0, 0.00000000000000000000e+00) (0, 0, 0.00000000000000000000e+00) (0, 0, 0.00000000000000000000e+00) (0, 0, 0.00000000000000000000e+00) (0, 0, 0.00000000000000000000e+00) (0, 0, 0.00000000000000000000e+00) (0, 0, 0.00000000000000000000e+00) (0, 0, 0.00000000000000000000e+00) (10, 3, 5.00000000000000000000e-01) (10, 3, 5.00000000000000000000e-01) (10, 3, 5.00000000000000000000e-01) (10, 3, 5.00000000000000000000e-01) (0, 3, 0.00000000000000000000e+00) (5, 3, 5.00000000000000000000e-01) (0, 3, 0.00000000000000000000e+00) 
connections (connected_to_neuron, weight)=(0, -1.48722529411315917969e+00) (1, -1.75240409374237060547e+00) (2, 1.22182731628417968750e+01) (3, 5.38253498077392578125e+00) (4, 4.57114601135253906250e+00) (5, -1.74734473228454589844e+00) (6, -1.00032558441162109375e+01) (7, 1.28318929672241210938e+01) (8, 2.49148607254028320312e+00) (9, -9.62505054473876953125e+00) (0, -2.23955249786376953125e+00) (1, -2.33756828308105468750e+00) (2, 4.73542602539062500000e+02) (3, -2.61195445060729980469e+00) (4, -4.33298187255859375000e+01) (5, -5.21476030349731445312e+00) (6, -1.50000000000000000000e+03) (7, 1.76086866855621337891e+00) (8, -1.77207812666893005371e-01) (9, 8.02754163742065429688e-01) (0, -1.62752163410186767578e+00) (1, -3.64921355247497558594e+00) (2, 1.87968635559082031250e+00) (3, -5.97232627868652343750e+00) (4, -2.56790876388549804688e+00) (5, -5.74883556365966796875e+00) (6, 4.16572141647338867188e+00) (7, 3.71026061475276947021e-02) (8, -2.55335152149200439453e-01) (9, 3.42764520645141601562e+00) (0, 1.50000000000000000000e+03) (1, 1.50000000000000000000e+03) (2, 1.50000000000000000000e+03) (3, -7.72141952514648437500e+01) (4, -1.49797338867187500000e+03) (5, -1.49897241210937500000e+03) (6, -1.50000000000000000000e+03) (7, -4.04302597045898437500e+01) (8, -1.14756439208984375000e+02) (9, 1.13788008689880371094e+00) (10, -2.54397177696228027344e+00) (11, 3.43877410888671875000e+00) (12, -1.06439161300659179688e+01) (13, 4.05890762805938720703e-01) (14, 2.03320956230163574219e+00) 
