FANN_FLO_2.1
num_layers=4
learning_rate=0.500000
connection_rate=1.000000
network_type=0
learning_momentum=0.000000
training_algorithm=2
train_error_function=1
train_stop_function=0
cascade_output_change_fraction=0.010000
quickprop_decay=-0.000100
quickprop_mu=1.750000
rprop_increase_factor=1.200000
rprop_decrease_factor=0.500000
rprop_delta_min=0.000000
rprop_delta_max=50.000000
rprop_delta_zero=0.100000
cascade_output_stagnation_epochs=12
cascade_candidate_change_fraction=0.010000
cascade_candidate_stagnation_epochs=12
cascade_max_out_epochs=150
cascade_min_out_epochs=50
cascade_max_cand_epochs=150
cascade_min_cand_epochs=50
cascade_num_candidate_groups=2
bit_fail_limit=3.49999994039535522461e-01
cascade_candidate_limit=1.00000000000000000000e+03
cascade_weight_multiplier=4.00000005960464477539e-01
cascade_activation_functions_count=10
cascade_activation_functions=3 5 7 8 10 11 14 15 16 17 
cascade_activation_steepnesses_count=4
cascade_activation_steepnesses=2.50000000000000000000e-01 5.00000000000000000000e-01 7.50000000000000000000e-01 1.00000000000000000000e+00 
layer_sizes=2 5 5 3 
scale_included=0
neurons (num_inputs, activation_function, activation_steepness)=(0, 0, 0.00000000000000000000e+00) (0, 0, 0.00000000000000000000e+00) (2, 3, 5.00000000000000000000e-01) (2, 3, 5.00000000000000000000e-01) (2, 3, 5.00000000000000000000e-01) (2, 3, 5.00000000000000000000e-01) (0, 3, 0.00000000000000000000e+00) (5, 3, 5.00000000000000000000e-01) (5, 3, 5.00000000000000000000e-01) (5, 3, 5.00000000000000000000e-01) (5, 3, 5.00000000000000000000e-01) (0, 3, 0.00000000000000000000e+00) (5, 0, 5.00000000000000000000e-01) (5, 0, 5.00000000000000000000e-01) (0, 0, 0.00000000000000000000e+00) 
connections (connected_to_neuron, weight)=(0, 1.20734529495239257812e+01) (1, -3.75122046470642089844e+00) (0, 1.65186862945556640625e+01) (1, -7.06419897079467773438e+00) (0, 1.31857976913452148438e+01) (1, -2.15447330474853515625e+00) (0, 2.05668163299560546875e+01) (1, -4.76948785781860351562e+00) (2, -6.15962207317352294922e-01) (3, -2.55705714225769042969e+00) (4, -6.58953130245208740234e-01) (5, -9.37883317470550537109e-01) (6, 1.50874555110931396484e+00) (2, 6.25956416130065917969e-01) (3, -5.48660802841186523438e+00) (4, 8.84509181976318359375e+00) (5, -1.20996725559234619141e+00) (6, -3.43298816680908203125e+00) (2, 1.50000000000000000000e+03) (3, 1.50000000000000000000e+03) (4, 1.50000000000000000000e+03) (5, 1.50000000000000000000e+03) (6, -1.48929615020751953125e+01) (2, -2.86175632476806640625e+00) (3, -4.23698186874389648438e+00) (4, 1.97020015716552734375e+01) (5, -1.31765003204345703125e+01) (6, -2.09582352638244628906e+00) (7, -1.07387468218803405762e-01) (8, -1.26250278949737548828e+00) (9, 1.16418376564979553223e-01) (10, -1.76246035099029541016e+00) (11, 8.44279766082763671875e-01) (7, 4.77551984786987304688e+00) (8, -8.16194534301757812500e-01) (9, -1.11095213890075683594e+00) (10, -6.10412470996379852295e-03) (11, -6.67859256267547607422e-01) 
