FANN_FLO_2.1
num_layers=3
learning_rate=0.400000
connection_rate=1.000000
network_type=0
learning_momentum=0.000000
training_algorithm=2
train_error_function=1
train_stop_function=0
cascade_output_change_fraction=0.010000
quickprop_decay=-0.000100
quickprop_mu=1.750000
rprop_increase_factor=1.200000
rprop_decrease_factor=0.500000
rprop_delta_min=0.000000
rprop_delta_max=50.000000
rprop_delta_zero=0.100000
cascade_output_stagnation_epochs=12
cascade_candidate_change_fraction=0.010000
cascade_candidate_stagnation_epochs=12
cascade_max_out_epochs=150
cascade_min_out_epochs=50
cascade_max_cand_epochs=150
cascade_min_cand_epochs=50
cascade_num_candidate_groups=2
bit_fail_limit=3.49999994039535522461e-01
cascade_candidate_limit=1.00000000000000000000e+03
cascade_weight_multiplier=4.00000005960464477539e-01
cascade_activation_functions_count=10
cascade_activation_functions=3 5 7 8 10 11 14 15 16 17 
cascade_activation_steepnesses_count=4
cascade_activation_steepnesses=2.50000000000000000000e-01 5.00000000000000000000e-01 7.50000000000000000000e-01 1.00000000000000000000e+00 
layer_sizes=7 9 2 
scale_included=0
neurons (num_inputs, activation_function, activation_steepness)=(0, 0, 0.00000000000000000000e+00) (0, 0, 0.00000000000000000000e+00) (0, 0, 0.00000000000000000000e+00) (0, 0, 0.00000000000000000000e+00) (0, 0, 0.00000000000000000000e+00) (0, 0, 0.00000000000000000000e+00) (0, 0, 0.00000000000000000000e+00) (7, 3, 5.00000000000000000000e-01) (7, 3, 5.00000000000000000000e-01) (7, 3, 5.00000000000000000000e-01) (7, 3, 5.00000000000000000000e-01) (7, 3, 5.00000000000000000000e-01) (7, 3, 5.00000000000000000000e-01) (7, 3, 5.00000000000000000000e-01) (7, 3, 5.00000000000000000000e-01) (0, 3, 0.00000000000000000000e+00) (9, 3, 5.00000000000000000000e-01) (0, 3, 0.00000000000000000000e+00) 
connections (connected_to_neuron, weight)=(0, 1.95142880082130432129e-01) (1, -6.23102486133575439453e-02) (2, 2.42860302329063415527e-01) (3, -1.84984564781188964844e+00) (4, 2.20839834213256835938e+00) (5, 1.85808134078979492188e+00) (6, 5.39132833480834960938e-01) (0, -5.93208551406860351562e+00) (1, -4.21180933713912963867e-01) (2, -2.07289714813232421875e+01) (3, -2.38370037078857421875e+00) (4, 7.16904687881469726562e+00) (5, 1.18163728713989257812e+00) (6, 2.27491483092308044434e-01) (0, -4.02198493480682373047e-01) (1, -3.44186872243881225586e-01) (2, -4.01818428039550781250e+01) (3, 1.66664791107177734375e+00) (4, -1.43529520034790039062e+01) (5, 4.36564064025878906250e+00) (6, -1.17716467380523681641e+00) (0, 1.23204767704010009766e+00) (1, -3.76359176635742187500e+00) (2, -5.84359550476074218750e+00) (3, -3.62976050376892089844e+00) (4, -9.75324869155883789062e-01) (5, -1.81720685958862304688e+00) (6, 7.24607229232788085938e-01) (0, -1.93738889694213867188e+00) (1, 5.48461318016052246094e-01) (2, -1.23582124710083007812e+01) (3, -2.83698058128356933594e+00) (4, 1.97653305530548095703e+00) (5, -2.15404534339904785156e+00) (6, -5.44585049152374267578e-01) (0, 1.65537223815917968750e+01) (1, -1.59939689636230468750e+01) (2, 5.79873514175415039062e+00) (3, -5.45473277568817138672e-01) (4, -1.70166879892349243164e-01) (5, -4.68782424926757812500e+00) (6, 4.24827432632446289062e+00) (0, -8.47124576568603515625e+00) (1, 6.77004051208496093750e+00) (2, -1.42765974998474121094e+00) (3, -3.18747496604919433594e+00) (4, -1.47425329685211181641e+00) (5, 2.38604474067687988281e+00) (6, 2.45239615440368652344e+00) (0, -5.87273180484771728516e-01) (1, 3.26443552970886230469e-01) (2, -1.61019372940063476562e+00) (3, -1.87836563587188720703e+00) (4, -6.72218441963195800781e-01) (5, 8.12969744205474853516e-01) (6, 3.91066223382949829102e-01) (7, 1.38048982620239257812e+00) (8, -6.76740825176239013672e-01) (9, -2.45165750384330749512e-01) (10, 6.34013795852661132812e+00) (11, -8.78813087940216064453e-01) (12, -4.14022159576416015625e+00) (13, -4.93636703491210937500e+00) (14, -4.85119491815567016602e-01) (15, 2.27870178222656250000e+00) 
