FANN_FLO_2.1
num_layers=3
learning_rate=0.500000
connection_rate=1.000000
network_type=0
learning_momentum=0.000000
training_algorithm=2
train_error_function=1
train_stop_function=0
cascade_output_change_fraction=0.010000
quickprop_decay=-0.000100
quickprop_mu=1.750000
rprop_increase_factor=1.200000
rprop_decrease_factor=0.500000
rprop_delta_min=0.000000
rprop_delta_max=50.000000
rprop_delta_zero=0.100000
cascade_output_stagnation_epochs=12
cascade_candidate_change_fraction=0.010000
cascade_candidate_stagnation_epochs=12
cascade_max_out_epochs=150
cascade_min_out_epochs=50
cascade_max_cand_epochs=150
cascade_min_cand_epochs=50
cascade_num_candidate_groups=2
bit_fail_limit=3.49999994039535522461e-01
cascade_candidate_limit=1.00000000000000000000e+03
cascade_weight_multiplier=4.00000005960464477539e-01
cascade_activation_functions_count=10
cascade_activation_functions=3 5 7 8 10 11 14 15 16 17 
cascade_activation_steepnesses_count=4
cascade_activation_steepnesses=2.50000000000000000000e-01 5.00000000000000000000e-01 7.50000000000000000000e-01 1.00000000000000000000e+00 
layer_sizes=10 5 2 
scale_included=0
neurons (num_inputs, activation_function, activation_steepness)=(0, 0, 0.00000000000000000000e+00) (0, 0, 0.00000000000000000000e+00) (0, 0, 0.00000000000000000000e+00) (0, 0, 0.00000000000000000000e+00) (0, 0, 0.00000000000000000000e+00) (0, 0, 0.00000000000000000000e+00) (0, 0, 0.00000000000000000000e+00) (0, 0, 0.00000000000000000000e+00) (0, 0, 0.00000000000000000000e+00) (0, 0, 0.00000000000000000000e+00) (10, 3, 5.00000000000000000000e-01) (10, 3, 5.00000000000000000000e-01) (10, 3, 5.00000000000000000000e-01) (10, 3, 5.00000000000000000000e-01) (0, 3, 0.00000000000000000000e+00) (5, 3, 5.00000000000000000000e-01) (0, 3, 0.00000000000000000000e+00) 
connections (connected_to_neuron, weight)=(0, -6.53598594665527343750e+00) (1, 3.57455539703369140625e+00) (2, 8.04334804415702819824e-02) (3, -2.47833251953125000000e+01) (4, 5.73594450950622558594e-01) (5, 5.09117794036865234375e+00) (6, -6.72329902648925781250e+00) (7, 1.19525456428527832031e+00) (8, 2.16040287017822265625e+01) (9, -3.72239381074905395508e-01) (0, 1.71131718158721923828e+00) (1, 1.40824871063232421875e+01) (2, 7.31207907199859619141e-01) (3, -1.81171441078186035156e+00) (4, 9.85090970993041992188e-01) (5, 2.36170515418052673340e-01) (6, -1.01790370941162109375e+01) (7, -5.70727491378784179688e+00) (8, -8.29239845275878906250e+00) (9, 2.70484542846679687500e+00) (0, -1.10702061653137207031e+00) (1, -5.42266225814819335938e+00) (2, -1.72523117065429687500e+01) (3, 6.38646185398101806641e-01) (4, 6.59970998764038085938e-01) (5, 2.02371072769165039062e+00) (6, 1.10895013809204101562e+01) (7, 1.23788738250732421875e+00) (8, 1.24785983562469482422e+00) (9, 7.59288251399993896484e-01) (0, 1.65501270294189453125e+01) (1, 5.91921687126159667969e-01) (2, -3.89653295278549194336e-01) (3, -4.03559952974319458008e-01) (4, -1.08607459068298339844e+00) (5, -1.68255650997161865234e+00) (6, -6.25866317749023437500e+00) (7, -2.51223635673522949219e+00) (8, -6.18532419204711914062e+00) (9, -7.19813287258148193359e-01) (10, 9.48273658752441406250e-01) (11, 2.18184947967529296875e+00) (12, 3.06857562065124511719e+00) (13, 9.17802274227142333984e-01) (14, -2.24674916267395019531e+00) 
