FANN_FLO_2.1
num_layers=3
learning_rate=0.500000
connection_rate=1.000000
network_type=0
learning_momentum=0.000000
training_algorithm=2
train_error_function=1
train_stop_function=0
cascade_output_change_fraction=0.010000
quickprop_decay=-0.000100
quickprop_mu=1.750000
rprop_increase_factor=1.200000
rprop_decrease_factor=0.500000
rprop_delta_min=0.000000
rprop_delta_max=50.000000
rprop_delta_zero=0.100000
cascade_output_stagnation_epochs=12
cascade_candidate_change_fraction=0.010000
cascade_candidate_stagnation_epochs=12
cascade_max_out_epochs=150
cascade_min_out_epochs=50
cascade_max_cand_epochs=150
cascade_min_cand_epochs=50
cascade_num_candidate_groups=2
bit_fail_limit=3.49999994039535522461e-01
cascade_candidate_limit=1.00000000000000000000e+03
cascade_weight_multiplier=4.00000005960464477539e-01
cascade_activation_functions_count=10
cascade_activation_functions=3 5 7 8 10 11 14 15 16 17 
cascade_activation_steepnesses_count=4
cascade_activation_steepnesses=2.50000000000000000000e-01 5.00000000000000000000e-01 7.50000000000000000000e-01 1.00000000000000000000e+00 
layer_sizes=10 3 2 
scale_included=0
neurons (num_inputs, activation_function, activation_steepness)=(0, 0, 0.00000000000000000000e+00) (0, 0, 0.00000000000000000000e+00) (0, 0, 0.00000000000000000000e+00) (0, 0, 0.00000000000000000000e+00) (0, 0, 0.00000000000000000000e+00) (0, 0, 0.00000000000000000000e+00) (0, 0, 0.00000000000000000000e+00) (0, 0, 0.00000000000000000000e+00) (0, 0, 0.00000000000000000000e+00) (0, 0, 0.00000000000000000000e+00) (10, 3, 5.00000000000000000000e-01) (10, 3, 5.00000000000000000000e-01) (0, 3, 0.00000000000000000000e+00) (3, 3, 5.00000000000000000000e-01) (0, 3, 0.00000000000000000000e+00) 
connections (connected_to_neuron, weight)=(0, -1.34278512001037597656e+00) (1, -4.16083383560180664062e+00) (2, -6.93624830245971679688e+00) (3, -3.50220739841461181641e-01) (4, 2.99115252494812011719e+00) (5, 2.03121805191040039062e+00) (6, 1.18431150913238525391e+00) (7, -1.93114459514617919922e+00) (8, 8.81742668151855468750e+00) (9, -2.00775408744812011719e+00) (0, 8.38465750217437744141e-01) (1, 3.08247051239013671875e+01) (2, -1.10175442695617675781e+00) (3, -4.95604467391967773438e+00) (4, 3.06781482696533203125e+00) (5, 2.02129268646240234375e+00) (6, -1.44122874736785888672e+00) (7, -8.68243503570556640625e+00) (8, -2.43080482482910156250e+01) (9, 4.95774954557418823242e-01) (10, 2.84458518028259277344e+00) (11, 2.78690671920776367188e+00) (12, -1.96398639678955078125e+00) 
