FANN_FLO_2.1
num_layers=4
learning_rate=0.400000
connection_rate=1.000000
network_type=0
learning_momentum=0.000000
training_algorithm=2
train_error_function=1
train_stop_function=0
cascade_output_change_fraction=0.010000
quickprop_decay=-0.000100
quickprop_mu=1.750000
rprop_increase_factor=1.200000
rprop_decrease_factor=0.500000
rprop_delta_min=0.000000
rprop_delta_max=50.000000
rprop_delta_zero=0.100000
cascade_output_stagnation_epochs=12
cascade_candidate_change_fraction=0.010000
cascade_candidate_stagnation_epochs=12
cascade_max_out_epochs=150
cascade_min_out_epochs=50
cascade_max_cand_epochs=150
cascade_min_cand_epochs=50
cascade_num_candidate_groups=2
bit_fail_limit=3.49999994039535522461e-01
cascade_candidate_limit=1.00000000000000000000e+03
cascade_weight_multiplier=4.00000005960464477539e-01
cascade_activation_functions_count=10
cascade_activation_functions=3 5 7 8 10 11 14 15 16 17 
cascade_activation_steepnesses_count=4
cascade_activation_steepnesses=2.50000000000000000000e-01 5.00000000000000000000e-01 7.50000000000000000000e-01 1.00000000000000000000e+00 
layer_sizes=7 3 3 2 
scale_included=0
neurons (num_inputs, activation_function, activation_steepness)=(0, 0, 0.00000000000000000000e+00) (0, 0, 0.00000000000000000000e+00) (0, 0, 0.00000000000000000000e+00) (0, 0, 0.00000000000000000000e+00) (0, 0, 0.00000000000000000000e+00) (0, 0, 0.00000000000000000000e+00) (0, 0, 0.00000000000000000000e+00) (7, 3, 5.00000000000000000000e-01) (7, 3, 5.00000000000000000000e-01) (0, 3, 0.00000000000000000000e+00) (3, 3, 5.00000000000000000000e-01) (3, 3, 5.00000000000000000000e-01) (0, 3, 0.00000000000000000000e+00) (3, 3, 5.00000000000000000000e-01) (0, 3, 0.00000000000000000000e+00) 
connections (connected_to_neuron, weight)=(0, -6.17158651351928710938e+00) (1, 4.28341484069824218750e+00) (2, -1.13293874263763427734e+00) (3, -3.52233433723449707031e+00) (4, -2.23232483863830566406e+00) (5, 9.05016958713531494141e-02) (6, 3.39083576202392578125e+00) (0, -3.30647349357604980469e+00) (1, -3.25650711059570312500e+01) (2, 1.12743139266967773438e+01) (3, -6.36670875549316406250e+01) (4, 7.98595368862152099609e-01) (5, 3.95427551269531250000e+01) (6, 4.20411348342895507812e+00) (7, 6.55228805541992187500e+00) (8, 4.29067325592041015625e+00) (9, -2.02911305427551269531e+00) (7, 4.31853532791137695312e+00) (8, 3.90567779541015625000e+00) (9, -1.48038578033447265625e+00) (10, -7.58535921573638916016e-01) (11, -2.00961422920227050781e+00) (12, -9.01975631713867187500e-01) 
