FANN_FLO_2.1
num_layers=3
learning_rate=0.400000
connection_rate=1.000000
network_type=0
learning_momentum=0.000000
training_algorithm=2
train_error_function=1
train_stop_function=0
cascade_output_change_fraction=0.010000
quickprop_decay=-0.000100
quickprop_mu=1.750000
rprop_increase_factor=1.200000
rprop_decrease_factor=0.500000
rprop_delta_min=0.000000
rprop_delta_max=50.000000
rprop_delta_zero=0.100000
cascade_output_stagnation_epochs=12
cascade_candidate_change_fraction=0.010000
cascade_candidate_stagnation_epochs=12
cascade_max_out_epochs=150
cascade_min_out_epochs=50
cascade_max_cand_epochs=150
cascade_min_cand_epochs=50
cascade_num_candidate_groups=2
bit_fail_limit=3.49999994039535522461e-01
cascade_candidate_limit=1.00000000000000000000e+03
cascade_weight_multiplier=4.00000005960464477539e-01
cascade_activation_functions_count=10
cascade_activation_functions=3 5 7 8 10 11 14 15 16 17 
cascade_activation_steepnesses_count=4
cascade_activation_steepnesses=2.50000000000000000000e-01 5.00000000000000000000e-01 7.50000000000000000000e-01 1.00000000000000000000e+00 
layer_sizes=7 5 2 
scale_included=0
neurons (num_inputs, activation_function, activation_steepness)=(0, 0, 0.00000000000000000000e+00) (0, 0, 0.00000000000000000000e+00) (0, 0, 0.00000000000000000000e+00) (0, 0, 0.00000000000000000000e+00) (0, 0, 0.00000000000000000000e+00) (0, 0, 0.00000000000000000000e+00) (0, 0, 0.00000000000000000000e+00) (7, 3, 5.00000000000000000000e-01) (7, 3, 5.00000000000000000000e-01) (7, 3, 5.00000000000000000000e-01) (7, 3, 5.00000000000000000000e-01) (0, 3, 0.00000000000000000000e+00) (5, 3, 5.00000000000000000000e-01) (0, 3, 0.00000000000000000000e+00) 
connections (connected_to_neuron, weight)=(0, -8.69179248809814453125e-01) (1, 3.57503914833068847656e+00) (2, -7.38292026519775390625e+00) (3, -3.20582604408264160156e+00) (4, -1.60888135433197021484e+00) (5, 1.36458051204681396484e+00) (6, 7.36635208129882812500e-01) (0, 1.66560974121093750000e+01) (1, -1.68123645782470703125e+01) (2, 4.36154365539550781250e+00) (3, -2.75617837905883789062e+00) (4, 7.35835265368223190308e-03) (5, -4.90150022506713867188e+00) (6, 5.59633970260620117188e+00) (0, -1.37001419067382812500e+01) (1, 1.10562610626220703125e+01) (2, -2.78057694435119628906e+00) (3, -3.58147168159484863281e+00) (4, -1.36255514621734619141e+00) (5, 3.18739891052246093750e+00) (6, 3.31107258796691894531e+00) (0, -8.10827541351318359375e+00) (1, -1.14259490966796875000e+01) (2, -8.24373126029968261719e-01) (3, 5.51012659072875976562e+00) (4, 9.59912002086639404297e-01) (5, 2.26958131790161132812e+00) (6, 3.95598721504211425781e+00) (7, -6.11184120178222656250e-01) (8, -3.46308398246765136719e+00) (9, -3.60129952430725097656e+00) (10, -7.26163983345031738281e-01) (11, 2.52950406074523925781e+00) 
