FANN_FLO_2.1
num_layers=3
learning_rate=0.500000
connection_rate=1.000000
network_type=0
learning_momentum=0.000000
training_algorithm=2
train_error_function=1
train_stop_function=0
cascade_output_change_fraction=0.010000
quickprop_decay=-0.000100
quickprop_mu=1.750000
rprop_increase_factor=1.200000
rprop_decrease_factor=0.500000
rprop_delta_min=0.000000
rprop_delta_max=50.000000
rprop_delta_zero=0.100000
cascade_output_stagnation_epochs=12
cascade_candidate_change_fraction=0.010000
cascade_candidate_stagnation_epochs=12
cascade_max_out_epochs=150
cascade_min_out_epochs=50
cascade_max_cand_epochs=150
cascade_min_cand_epochs=50
cascade_num_candidate_groups=2
bit_fail_limit=3.49999994039535522461e-01
cascade_candidate_limit=1.00000000000000000000e+03
cascade_weight_multiplier=4.00000005960464477539e-01
cascade_activation_functions_count=10
cascade_activation_functions=3 5 7 8 10 11 14 15 16 17 
cascade_activation_steepnesses_count=4
cascade_activation_steepnesses=2.50000000000000000000e-01 5.00000000000000000000e-01 7.50000000000000000000e-01 1.00000000000000000000e+00 
layer_sizes=10 5 2 
scale_included=0
neurons (num_inputs, activation_function, activation_steepness)=(0, 0, 0.00000000000000000000e+00) (0, 0, 0.00000000000000000000e+00) (0, 0, 0.00000000000000000000e+00) (0, 0, 0.00000000000000000000e+00) (0, 0, 0.00000000000000000000e+00) (0, 0, 0.00000000000000000000e+00) (0, 0, 0.00000000000000000000e+00) (0, 0, 0.00000000000000000000e+00) (0, 0, 0.00000000000000000000e+00) (0, 0, 0.00000000000000000000e+00) (10, 3, 5.00000000000000000000e-01) (10, 3, 5.00000000000000000000e-01) (10, 3, 5.00000000000000000000e-01) (10, 3, 5.00000000000000000000e-01) (0, 3, 0.00000000000000000000e+00) (5, 3, 5.00000000000000000000e-01) (0, 3, 0.00000000000000000000e+00) 
connections (connected_to_neuron, weight)=(0, -9.08134841918945312500e+01) (1, -3.29174957275390625000e+01) (2, 3.28318715095520019531e-01) (3, 1.16797888278961181641e+00) (4, 2.26230804443359375000e+02) (5, -6.22069168090820312500e+01) (6, -1.50000000000000000000e+03) (7, 1.50000000000000000000e+03) (8, 1.50000000000000000000e+03) (9, 2.71761703491210937500e+00) (0, 1.39831628799438476562e+01) (1, 1.50000000000000000000e+03) (2, 1.49866259765625000000e+03) (3, -3.01114058494567871094e+00) (4, -1.17573400878906250000e+03) (5, 1.50000000000000000000e+03) (6, 2.56808624267578125000e+01) (7, -1.45610266113281250000e+03) (8, -1.48531262207031250000e+03) (9, 8.88530313968658447266e-01) (0, 1.96418571472167968750e+00) (1, 4.80244398117065429688e+00) (2, 5.43320035934448242188e+00) (3, -5.19367647171020507812e+00) (4, -4.51593130826950073242e-01) (5, 3.96761631965637207031e+00) (6, -6.35229587554931640625e+00) (7, -9.68523025512695312500e+00) (8, 5.23108148574829101562e+00) (9, -3.42706918716430664062e-01) (0, 1.68346285820007324219e+00) (1, 6.99329566955566406250e+00) (2, 1.13976192474365234375e+01) (3, -2.68656516075134277344e+00) (4, -5.58250010013580322266e-01) (5, 2.90278148651123046875e+00) (6, -1.45793640613555908203e+00) (7, -2.11037998199462890625e+01) (8, 1.59784936904907226562e+00) (9, -2.39563100039958953857e-02) (10, 5.74017167091369628906e-01) (11, -3.87699317932128906250e+00) (12, 2.68461227416992187500e+00) (13, 1.27855968475341796875e+00) (14, 2.72760510444641113281e-01) 
