FANN_FLO_2.1
num_layers=3
learning_rate=0.400000
connection_rate=1.000000
network_type=0
learning_momentum=0.000000
training_algorithm=2
train_error_function=1
train_stop_function=0
cascade_output_change_fraction=0.010000
quickprop_decay=-0.000100
quickprop_mu=1.750000
rprop_increase_factor=1.200000
rprop_decrease_factor=0.500000
rprop_delta_min=0.000000
rprop_delta_max=50.000000
rprop_delta_zero=0.100000
cascade_output_stagnation_epochs=12
cascade_candidate_change_fraction=0.010000
cascade_candidate_stagnation_epochs=12
cascade_max_out_epochs=150
cascade_min_out_epochs=50
cascade_max_cand_epochs=150
cascade_min_cand_epochs=50
cascade_num_candidate_groups=2
bit_fail_limit=3.49999994039535522461e-01
cascade_candidate_limit=1.00000000000000000000e+03
cascade_weight_multiplier=4.00000005960464477539e-01
cascade_activation_functions_count=10
cascade_activation_functions=3 5 7 8 10 11 14 15 16 17 
cascade_activation_steepnesses_count=4
cascade_activation_steepnesses=2.50000000000000000000e-01 5.00000000000000000000e-01 7.50000000000000000000e-01 1.00000000000000000000e+00 
layer_sizes=7 5 2 
scale_included=0
neurons (num_inputs, activation_function, activation_steepness)=(0, 0, 0.00000000000000000000e+00) (0, 0, 0.00000000000000000000e+00) (0, 0, 0.00000000000000000000e+00) (0, 0, 0.00000000000000000000e+00) (0, 0, 0.00000000000000000000e+00) (0, 0, 0.00000000000000000000e+00) (0, 0, 0.00000000000000000000e+00) (7, 3, 5.00000000000000000000e-01) (7, 3, 5.00000000000000000000e-01) (7, 3, 5.00000000000000000000e-01) (7, 3, 5.00000000000000000000e-01) (0, 3, 0.00000000000000000000e+00) (5, 3, 5.00000000000000000000e-01) (0, 3, 0.00000000000000000000e+00) 
connections (connected_to_neuron, weight)=(0, 1.72693347930908203125e+01) (1, -1.68767280578613281250e+01) (2, 4.77067995071411132812e+00) (3, -7.30835533142089843750e+00) (4, 1.12439870834350585938e+00) (5, 4.86305952072143554688e+00) (6, -5.04124879837036132812e+00) (0, -1.73539543151855468750e+01) (1, 1.65494384765625000000e+01) (2, -5.21109485626220703125e+00) (3, -2.29274916648864746094e+00) (4, -1.20121443271636962891e+00) (5, -1.46555322265625000000e+03) (6, 8.10323834419250488281e-01) (0, -1.79784512519836425781e+00) (1, -2.21105170249938964844e+00) (2, 1.48869717121124267578e+00) (3, -2.70824551582336425781e+00) (4, -1.30103802680969238281e+00) (5, 1.16197884082794189453e+00) (6, 5.49771213531494140625e+00) (0, 6.93632030487060546875e+00) (1, -1.05064172744750976562e+01) (2, 4.62468624114990234375e+00) (3, 2.11228990554809570312e+00) (4, -2.86977624893188476562e+00) (5, 5.25422954559326171875e+00) (6, -5.56166124343872070312e+00) (7, -3.32802414894104003906e+00) (8, -5.09161138534545898438e+00) (9, -1.38628125190734863281e+00) (10, -6.09540081024169921875e+00) (11, -5.40257751941680908203e-01) 
