FANN_FLO_2.1
num_layers=4
learning_rate=0.400000
connection_rate=1.000000
network_type=0
learning_momentum=0.000000
training_algorithm=2
train_error_function=1
train_stop_function=0
cascade_output_change_fraction=0.010000
quickprop_decay=-0.000100
quickprop_mu=1.750000
rprop_increase_factor=1.200000
rprop_decrease_factor=0.500000
rprop_delta_min=0.000000
rprop_delta_max=50.000000
rprop_delta_zero=0.100000
cascade_output_stagnation_epochs=12
cascade_candidate_change_fraction=0.010000
cascade_candidate_stagnation_epochs=12
cascade_max_out_epochs=150
cascade_min_out_epochs=50
cascade_max_cand_epochs=150
cascade_min_cand_epochs=50
cascade_num_candidate_groups=2
bit_fail_limit=3.49999994039535522461e-01
cascade_candidate_limit=1.00000000000000000000e+03
cascade_weight_multiplier=4.00000005960464477539e-01
cascade_activation_functions_count=10
cascade_activation_functions=3 5 7 8 10 11 14 15 16 17 
cascade_activation_steepnesses_count=4
cascade_activation_steepnesses=2.50000000000000000000e-01 5.00000000000000000000e-01 7.50000000000000000000e-01 1.00000000000000000000e+00 
layer_sizes=7 3 3 2 
scale_included=0
neurons (num_inputs, activation_function, activation_steepness)=(0, 0, 0.00000000000000000000e+00) (0, 0, 0.00000000000000000000e+00) (0, 0, 0.00000000000000000000e+00) (0, 0, 0.00000000000000000000e+00) (0, 0, 0.00000000000000000000e+00) (0, 0, 0.00000000000000000000e+00) (0, 0, 0.00000000000000000000e+00) (7, 3, 5.00000000000000000000e-01) (7, 3, 5.00000000000000000000e-01) (0, 3, 0.00000000000000000000e+00) (3, 3, 5.00000000000000000000e-01) (3, 3, 5.00000000000000000000e-01) (0, 3, 0.00000000000000000000e+00) (3, 3, 5.00000000000000000000e-01) (0, 3, 0.00000000000000000000e+00) 
connections (connected_to_neuron, weight)=(0, -5.60922288894653320312e+00) (1, 3.04672789573669433594e+00) (2, 1.74962806701660156250e+01) (3, -2.44629077911376953125e+01) (4, -1.51888942718505859375e+00) (5, -6.02867424488067626953e-01) (6, 8.32351589202880859375e+00) (0, -9.03729629516601562500e+00) (1, 8.82806873321533203125e+00) (2, -1.76903648376464843750e+01) (3, 8.75394630432128906250e+00) (4, -9.87047016620635986328e-01) (5, 1.50000000000000000000e+03) (6, 2.16354168951511383057e-02) (7, 2.62476968765258789062e+00) (8, 3.27670693397521972656e+00) (9, -3.48622703552246093750e+00) (7, -1.40910632324218750000e+03) (8, -3.36352539062500000000e+01) (9, -2.45353412628173828125e+00) (10, -3.38658809661865234375e+00) (11, 1.50000000000000000000e+03) (12, -9.86814916133880615234e-01) 
