FANN_FLO_2.1
num_layers=4
learning_rate=0.500000
connection_rate=1.000000
network_type=0
learning_momentum=0.000000
training_algorithm=2
train_error_function=1
train_stop_function=0
cascade_output_change_fraction=0.010000
quickprop_decay=-0.000100
quickprop_mu=1.750000
rprop_increase_factor=1.200000
rprop_decrease_factor=0.500000
rprop_delta_min=0.000000
rprop_delta_max=50.000000
rprop_delta_zero=0.100000
cascade_output_stagnation_epochs=12
cascade_candidate_change_fraction=0.010000
cascade_candidate_stagnation_epochs=12
cascade_max_out_epochs=150
cascade_min_out_epochs=50
cascade_max_cand_epochs=150
cascade_min_cand_epochs=50
cascade_num_candidate_groups=2
bit_fail_limit=3.49999994039535522461e-01
cascade_candidate_limit=1.00000000000000000000e+03
cascade_weight_multiplier=4.00000005960464477539e-01
cascade_activation_functions_count=10
cascade_activation_functions=3 5 7 8 10 11 14 15 16 17 
cascade_activation_steepnesses_count=4
cascade_activation_steepnesses=2.50000000000000000000e-01 5.00000000000000000000e-01 7.50000000000000000000e-01 1.00000000000000000000e+00 
layer_sizes=2 5 5 3 
scale_included=0
neurons (num_inputs, activation_function, activation_steepness)=(0, 0, 0.00000000000000000000e+00) (0, 0, 0.00000000000000000000e+00) (2, 3, 5.00000000000000000000e-01) (2, 3, 5.00000000000000000000e-01) (2, 3, 5.00000000000000000000e-01) (2, 3, 5.00000000000000000000e-01) (0, 3, 0.00000000000000000000e+00) (5, 3, 5.00000000000000000000e-01) (5, 3, 5.00000000000000000000e-01) (5, 3, 5.00000000000000000000e-01) (5, 3, 5.00000000000000000000e-01) (0, 3, 0.00000000000000000000e+00) (5, 0, 5.00000000000000000000e-01) (5, 0, 5.00000000000000000000e-01) (0, 0, 0.00000000000000000000e+00) 
connections (connected_to_neuron, weight)=(0, 1.50000000000000000000e+03) (1, 2.55656814575195312500e+01) (0, 1.50000000000000000000e+03) (1, 1.05260248184204101562e+01) (0, 1.50000000000000000000e+03) (1, -4.97019916772842407227e-01) (0, -1.06580004882812500000e+03) (1, -1.94102745056152343750e+01) (2, 6.26906677246093750000e+02) (3, 1.37177050781250000000e+03) (4, 1.45863933563232421875e+01) (5, 1.50000000000000000000e+03) (6, -1.17608837890625000000e+03) (2, -3.63845705986022949219e+00) (3, -2.39539694786071777344e+00) (4, 5.22656059265136718750e+00) (5, -1.50000000000000000000e+03) (6, 1.11339581012725830078e+00) (2, -1.46347583007812500000e+03) (3, -1.08045263671875000000e+03) (4, -1.48277844238281250000e+03) (5, -3.86943359375000000000e+02) (6, 1.01459848880767822266e+00) (2, 1.21278894042968750000e+03) (3, 1.06867822265625000000e+03) (4, -8.13994824886322021484e-01) (5, 2.74699462890625000000e+02) (6, -2.76362514495849609375e+00) (7, -1.08410942554473876953e+00) (8, -2.55209612846374511719e+00) (9, 1.50000000000000000000e+03) (10, 8.61931979656219482422e-01) (11, 3.51182878017425537109e-01) (7, 3.44703853130340576172e-01) (8, -3.79716181755065917969e+00) (9, 1.50000000000000000000e+03) (10, 1.16666209697723388672e+00) (11, 6.79760754108428955078e-01) 
