FANN_FLO_2.1
num_layers=3
learning_rate=0.400000
connection_rate=1.000000
network_type=0
learning_momentum=0.000000
training_algorithm=2
train_error_function=1
train_stop_function=0
cascade_output_change_fraction=0.010000
quickprop_decay=-0.000100
quickprop_mu=1.750000
rprop_increase_factor=1.200000
rprop_decrease_factor=0.500000
rprop_delta_min=0.000000
rprop_delta_max=50.000000
rprop_delta_zero=0.100000
cascade_output_stagnation_epochs=12
cascade_candidate_change_fraction=0.010000
cascade_candidate_stagnation_epochs=12
cascade_max_out_epochs=150
cascade_min_out_epochs=50
cascade_max_cand_epochs=150
cascade_min_cand_epochs=50
cascade_num_candidate_groups=2
bit_fail_limit=3.49999994039535522461e-01
cascade_candidate_limit=1.00000000000000000000e+03
cascade_weight_multiplier=4.00000005960464477539e-01
cascade_activation_functions_count=10
cascade_activation_functions=3 5 7 8 10 11 14 15 16 17 
cascade_activation_steepnesses_count=4
cascade_activation_steepnesses=2.50000000000000000000e-01 5.00000000000000000000e-01 7.50000000000000000000e-01 1.00000000000000000000e+00 
layer_sizes=19 3 3 
scale_included=0
neurons (num_inputs, activation_function, activation_steepness)=(0, 0, 0.00000000000000000000e+00) (0, 0, 0.00000000000000000000e+00) (0, 0, 0.00000000000000000000e+00) (0, 0, 0.00000000000000000000e+00) (0, 0, 0.00000000000000000000e+00) (0, 0, 0.00000000000000000000e+00) (0, 0, 0.00000000000000000000e+00) (0, 0, 0.00000000000000000000e+00) (0, 0, 0.00000000000000000000e+00) (0, 0, 0.00000000000000000000e+00) (0, 0, 0.00000000000000000000e+00) (0, 0, 0.00000000000000000000e+00) (0, 0, 0.00000000000000000000e+00) (0, 0, 0.00000000000000000000e+00) (0, 0, 0.00000000000000000000e+00) (0, 0, 0.00000000000000000000e+00) (0, 0, 0.00000000000000000000e+00) (0, 0, 0.00000000000000000000e+00) (0, 0, 0.00000000000000000000e+00) (19, 3, 5.00000000000000000000e-01) (19, 3, 5.00000000000000000000e-01) (0, 3, 0.00000000000000000000e+00) (3, 3, 5.00000000000000000000e-01) (3, 3, 5.00000000000000000000e-01) (0, 3, 0.00000000000000000000e+00) 
connections (connected_to_neuron, weight)=(0, -4.63208198547363281250e+00) (1, -1.02501642704010009766e+00) (2, 4.16008281707763671875e+00) (3, -4.52351903915405273438e+00) (4, 3.85650324821472167969e+00) (5, 2.94485497474670410156e+00) (6, -3.07975912094116210938e+00) (7, 4.60175603628158569336e-01) (8, 3.70769906044006347656e+00) (9, 7.50598573684692382812e+00) (10, -9.64019298553466796875e-01) (11, -1.90738713741302490234e+00) (12, 5.53824281692504882812e+00) (13, -4.63598817586898803711e-01) (14, -3.33690857887268066406e+00) (15, 5.26722240447998046875e+00) (16, -4.88881409168243408203e-01) (17, 1.19533574581146240234e+00) (18, -7.57333517074584960938e+00) (0, 5.44586277008056640625e+00) (1, -2.50997096300125122070e-01) (2, -5.52390432357788085938e+00) (3, 4.75112247467041015625e+00) (4, -2.20172142982482910156e+00) (5, -2.91956591606140136719e+00) (6, 3.78963446617126464844e+00) (7, 1.50690779089927673340e-01) (8, -3.13473773002624511719e+00) (9, -7.55568742752075195312e+00) (10, 1.63861763477325439453e+00) (11, 2.66813611984252929688e+00) (12, -6.74621009826660156250e+00) (13, 7.82582283020019531250e-01) (14, 4.55421972274780273438e+00) (15, -3.52204489707946777344e+00) (16, 1.06339156627655029297e+00) (17, 4.08688277006149291992e-01) (18, 1.17592430114746093750e+00) (19, -1.74457061290740966797e+00) (20, -1.86353576183319091797e+00) (21, 8.83574366569519042969e-01) (19, 1.74880468845367431641e+00) (20, 1.86882352828979492188e+00) (21, -8.86975109577178955078e-01) 
