FANN_FLO_2.1
num_layers=3
learning_rate=0.400000
connection_rate=1.000000
network_type=0
learning_momentum=0.000000
training_algorithm=2
train_error_function=1
train_stop_function=0
cascade_output_change_fraction=0.010000
quickprop_decay=-0.000100
quickprop_mu=1.750000
rprop_increase_factor=1.200000
rprop_decrease_factor=0.500000
rprop_delta_min=0.000000
rprop_delta_max=50.000000
rprop_delta_zero=0.100000
cascade_output_stagnation_epochs=12
cascade_candidate_change_fraction=0.010000
cascade_candidate_stagnation_epochs=12
cascade_max_out_epochs=150
cascade_min_out_epochs=50
cascade_max_cand_epochs=150
cascade_min_cand_epochs=50
cascade_num_candidate_groups=2
bit_fail_limit=3.49999994039535522461e-01
cascade_candidate_limit=1.00000000000000000000e+03
cascade_weight_multiplier=4.00000005960464477539e-01
cascade_activation_functions_count=10
cascade_activation_functions=3 5 7 8 10 11 14 15 16 17 
cascade_activation_steepnesses_count=4
cascade_activation_steepnesses=2.50000000000000000000e-01 5.00000000000000000000e-01 7.50000000000000000000e-01 1.00000000000000000000e+00 
layer_sizes=19 3 3 
scale_included=0
neurons (num_inputs, activation_function, activation_steepness)=(0, 0, 0.00000000000000000000e+00) (0, 0, 0.00000000000000000000e+00) (0, 0, 0.00000000000000000000e+00) (0, 0, 0.00000000000000000000e+00) (0, 0, 0.00000000000000000000e+00) (0, 0, 0.00000000000000000000e+00) (0, 0, 0.00000000000000000000e+00) (0, 0, 0.00000000000000000000e+00) (0, 0, 0.00000000000000000000e+00) (0, 0, 0.00000000000000000000e+00) (0, 0, 0.00000000000000000000e+00) (0, 0, 0.00000000000000000000e+00) (0, 0, 0.00000000000000000000e+00) (0, 0, 0.00000000000000000000e+00) (0, 0, 0.00000000000000000000e+00) (0, 0, 0.00000000000000000000e+00) (0, 0, 0.00000000000000000000e+00) (0, 0, 0.00000000000000000000e+00) (0, 0, 0.00000000000000000000e+00) (19, 3, 5.00000000000000000000e-01) (19, 3, 5.00000000000000000000e-01) (0, 3, 0.00000000000000000000e+00) (3, 3, 5.00000000000000000000e-01) (3, 3, 5.00000000000000000000e-01) (0, 3, 0.00000000000000000000e+00) 
connections (connected_to_neuron, weight)=(0, 6.05807840824127197266e-01) (1, 2.51785683631896972656e+00) (2, 1.96807265281677246094e+00) (3, 8.40173482894897460938e-01) (4, 4.02821302413940429688e+00) (5, 3.55240726470947265625e+00) (6, 2.44361892342567443848e-01) (7, 3.55591201782226562500e+00) (8, 2.67275929450988769531e+00) (9, -7.47301578521728515625e-01) (10, -3.32668876647949218750e+00) (11, -3.68286776542663574219e+00) (12, -4.35228675603866577148e-01) (13, -4.76623487472534179688e+00) (14, -3.98670554161071777344e+00) (15, -8.92578542232513427734e-01) (16, -2.85230398178100585938e+00) (17, -3.44833970069885253906e+00) (18, 4.57500725984573364258e-01) (0, 7.08874911069869995117e-02) (1, -2.82256865501403808594e+00) (2, -3.11413335800170898438e+00) (3, -5.16537904739379882812e-01) (4, -4.14626359939575195312e+00) (5, -3.87659049034118652344e+00) (6, 1.12800456583499908447e-01) (7, -4.47485971450805664062e+00) (8, -2.84394693374633789062e+00) (9, 1.11736166477203369141e+00) (10, 1.56464934349060058594e+00) (11, 3.61924314498901367188e+00) (12, 6.28700971603393554688e-01) (13, 3.89885354042053222656e+00) (14, 4.68643474578857421875e+00) (15, 1.59219491481781005859e+00) (16, 2.16893100738525390625e+00) (17, 3.80964756011962890625e+00) (18, -2.10194802284240722656e+00) (19, -1.83321273326873779297e+00) (20, -1.82509398460388183594e+00) (21, 7.00687050819396972656e-01) (19, 1.83412539958953857422e+00) (20, 1.82608199119567871094e+00) (21, -7.01622009277343750000e-01) 
