FANN_FLO_2.1
num_layers=3
learning_rate=0.400000
connection_rate=1.000000
network_type=0
learning_momentum=0.000000
training_algorithm=2
train_error_function=1
train_stop_function=0
cascade_output_change_fraction=0.010000
quickprop_decay=-0.000100
quickprop_mu=1.750000
rprop_increase_factor=1.200000
rprop_decrease_factor=0.500000
rprop_delta_min=0.000000
rprop_delta_max=50.000000
rprop_delta_zero=0.100000
cascade_output_stagnation_epochs=12
cascade_candidate_change_fraction=0.010000
cascade_candidate_stagnation_epochs=12
cascade_max_out_epochs=150
cascade_min_out_epochs=50
cascade_max_cand_epochs=150
cascade_min_cand_epochs=50
cascade_num_candidate_groups=2
bit_fail_limit=3.49999994039535522461e-01
cascade_candidate_limit=1.00000000000000000000e+03
cascade_weight_multiplier=4.00000005960464477539e-01
cascade_activation_functions_count=10
cascade_activation_functions=3 5 7 8 10 11 14 15 16 17 
cascade_activation_steepnesses_count=4
cascade_activation_steepnesses=2.50000000000000000000e-01 5.00000000000000000000e-01 7.50000000000000000000e-01 1.00000000000000000000e+00 
layer_sizes=7 9 2 
scale_included=0
neurons (num_inputs, activation_function, activation_steepness)=(0, 0, 0.00000000000000000000e+00) (0, 0, 0.00000000000000000000e+00) (0, 0, 0.00000000000000000000e+00) (0, 0, 0.00000000000000000000e+00) (0, 0, 0.00000000000000000000e+00) (0, 0, 0.00000000000000000000e+00) (0, 0, 0.00000000000000000000e+00) (7, 3, 5.00000000000000000000e-01) (7, 3, 5.00000000000000000000e-01) (7, 3, 5.00000000000000000000e-01) (7, 3, 5.00000000000000000000e-01) (7, 3, 5.00000000000000000000e-01) (7, 3, 5.00000000000000000000e-01) (7, 3, 5.00000000000000000000e-01) (7, 3, 5.00000000000000000000e-01) (0, 3, 0.00000000000000000000e+00) (9, 3, 5.00000000000000000000e-01) (0, 3, 0.00000000000000000000e+00) 
connections (connected_to_neuron, weight)=(0, 2.48520925641059875488e-01) (1, 4.56488192081451416016e-01) (2, 4.70402568578720092773e-01) (3, 2.89558976888656616211e-01) (4, -2.87042498588562011719e+00) (5, 3.54891031980514526367e-01) (6, 5.69426953792572021484e-01) (0, 1.12114712595939636230e-01) (1, 1.79037058353424072266e+00) (2, 4.00616645812988281250e+00) (3, -3.21279191970825195312e+00) (4, 7.06109476089477539062e+00) (5, -2.02860202789306640625e+01) (6, -1.56023049354553222656e+00) (0, 2.37684583663940429688e+00) (1, -1.67804825305938720703e+00) (2, -5.27015876770019531250e+00) (3, -5.65055049955844879150e-02) (4, 1.11271262168884277344e+00) (5, 4.16278886795043945312e+00) (6, -2.58451890945434570312e+00) (0, -7.11560249328613281250e-01) (1, -1.80938673019409179688e+00) (2, -1.65168368816375732422e+00) (3, 1.85555148124694824219e+00) (4, -2.52451270818710327148e-01) (5, 6.63445281982421875000e+00) (6, -2.97577595710754394531e+00) (0, 1.31549417972564697266e+00) (1, -2.03688478469848632812e+00) (2, -1.85804200172424316406e+00) (3, 3.48650908470153808594e+00) (4, 4.91693210601806640625e+00) (5, -5.01512229442596435547e-01) (6, -4.76550912857055664062e+00) (0, 6.38147401809692382812e+00) (1, 2.08220791816711425781e+00) (2, -3.82551932334899902344e+00) (3, -1.31563596725463867188e+01) (4, 8.03475952148437500000e+00) (5, 3.96730422973632812500e+00) (6, 2.06537127494812011719e+00) (0, -1.02869663238525390625e+01) (1, -3.86783170700073242188e+00) (2, 3.45207273960113525391e-01) (3, 1.54810118675231933594e+00) (4, 4.55804061889648437500e+00) (5, 2.13123351335525512695e-01) (6, -1.24903142452239990234e+00) (0, -7.01990842819213867188e-01) (1, 5.01888096332550048828e-01) (2, 3.36648434400558471680e-01) (3, 5.91652691364288330078e-02) (4, -2.63255143165588378906e+00) (5, 2.98495948314666748047e-01) (6, 4.65135067701339721680e-01) (7, -1.22231185436248779297e+00) (8, 2.68408179283142089844e+00) (9, 1.81037080287933349609e+00) (10, 2.15417385101318359375e+00) (11, -4.56315964460372924805e-01) (12, -1.25158667564392089844e+00) (13, 2.66213178634643554688e+00) (14, -1.71471548080444335938e+00) (15, -1.59769654273986816406e-01) 
