FANN_FLO_2.1
num_layers=4
learning_rate=0.500000
connection_rate=1.000000
network_type=0
learning_momentum=0.000000
training_algorithm=2
train_error_function=1
train_stop_function=0
cascade_output_change_fraction=0.010000
quickprop_decay=-0.000100
quickprop_mu=1.750000
rprop_increase_factor=1.200000
rprop_decrease_factor=0.500000
rprop_delta_min=0.000000
rprop_delta_max=50.000000
rprop_delta_zero=0.100000
cascade_output_stagnation_epochs=12
cascade_candidate_change_fraction=0.010000
cascade_candidate_stagnation_epochs=12
cascade_max_out_epochs=150
cascade_min_out_epochs=50
cascade_max_cand_epochs=150
cascade_min_cand_epochs=50
cascade_num_candidate_groups=2
bit_fail_limit=3.49999994039535522461e-01
cascade_candidate_limit=1.00000000000000000000e+03
cascade_weight_multiplier=4.00000005960464477539e-01
cascade_activation_functions_count=10
cascade_activation_functions=3 5 7 8 10 11 14 15 16 17 
cascade_activation_steepnesses_count=4
cascade_activation_steepnesses=2.50000000000000000000e-01 5.00000000000000000000e-01 7.50000000000000000000e-01 1.00000000000000000000e+00 
layer_sizes=10 5 3 2 
scale_included=0
neurons (num_inputs, activation_function, activation_steepness)=(0, 0, 0.00000000000000000000e+00) (0, 0, 0.00000000000000000000e+00) (0, 0, 0.00000000000000000000e+00) (0, 0, 0.00000000000000000000e+00) (0, 0, 0.00000000000000000000e+00) (0, 0, 0.00000000000000000000e+00) (0, 0, 0.00000000000000000000e+00) (0, 0, 0.00000000000000000000e+00) (0, 0, 0.00000000000000000000e+00) (0, 0, 0.00000000000000000000e+00) (10, 3, 5.00000000000000000000e-01) (10, 3, 5.00000000000000000000e-01) (10, 3, 5.00000000000000000000e-01) (10, 3, 5.00000000000000000000e-01) (0, 3, 0.00000000000000000000e+00) (5, 3, 5.00000000000000000000e-01) (5, 3, 5.00000000000000000000e-01) (0, 3, 0.00000000000000000000e+00) (3, 3, 5.00000000000000000000e-01) (0, 3, 0.00000000000000000000e+00) 
connections (connected_to_neuron, weight)=(0, -4.23065471649169921875e+00) (1, 8.49915206432342529297e-01) (2, -4.16709470748901367188e+00) (3, 4.47080731391906738281e-01) (4, 2.26379990577697753906e+00) (5, 1.06215262413024902344e+00) (6, 2.39564585685729980469e+00) (7, -4.72328066825866699219e-01) (8, -4.68093067407608032227e-01) (9, 7.16854095458984375000e-01) (0, -4.01990175247192382812e+00) (1, 8.54118108749389648438e-01) (2, -6.95337486267089843750e+00) (3, -1.96485832333564758301e-01) (4, 2.21742916107177734375e+00) (5, 1.81405341625213623047e+00) (6, 5.56572055816650390625e+00) (7, -8.56593251228332519531e-01) (8, -7.04161226749420166016e-01) (9, 6.45454466342926025391e-01) (0, -3.91891717910766601562e+00) (1, 5.80743789672851562500e-01) (2, -6.34453916549682617188e+00) (3, 5.78905940055847167969e-01) (4, 2.34001898765563964844e+00) (5, 2.70124316215515136719e+00) (6, 2.09367775917053222656e+00) (7, -3.84822338819503784180e-01) (8, 9.63277146220207214355e-02) (9, 6.35418713092803955078e-01) (0, -1.48635551333427429199e-01) (1, 4.99119949340820312500e+00) (2, -2.33849143981933593750e+00) (3, -2.30769371986389160156e+00) (4, 2.57861900329589843750e+00) (5, 5.89724731445312500000e+00) (6, -1.04021043777465820312e+01) (7, -3.51376008987426757812e+00) (8, -3.74875473976135253906e+00) (9, 2.47308635711669921875e+00) (10, -1.12242555618286132812e+00) (11, -6.41243171691894531250e+00) (12, -1.20229661464691162109e+00) (13, -7.30404090881347656250e+00) (14, 2.48591518402099609375e+00) (10, 1.40930497646331787109e+00) (11, 1.14224457740783691406e+00) (12, 2.53839516639709472656e+00) (13, 4.04940319061279296875e+00) (14, 2.25853130221366882324e-01) (15, -1.45754604339599609375e+01) (16, 8.10136377811431884766e-01) (17, 1.05488568544387817383e-01) 
