FANN_FLO_2.1
num_layers=3
learning_rate=0.400000
connection_rate=1.000000
network_type=0
learning_momentum=0.000000
training_algorithm=2
train_error_function=1
train_stop_function=0
cascade_output_change_fraction=0.010000
quickprop_decay=-0.000100
quickprop_mu=1.750000
rprop_increase_factor=1.200000
rprop_decrease_factor=0.500000
rprop_delta_min=0.000000
rprop_delta_max=50.000000
rprop_delta_zero=0.100000
cascade_output_stagnation_epochs=12
cascade_candidate_change_fraction=0.010000
cascade_candidate_stagnation_epochs=12
cascade_max_out_epochs=150
cascade_min_out_epochs=50
cascade_max_cand_epochs=150
cascade_min_cand_epochs=50
cascade_num_candidate_groups=2
bit_fail_limit=3.49999994039535522461e-01
cascade_candidate_limit=1.00000000000000000000e+03
cascade_weight_multiplier=4.00000005960464477539e-01
cascade_activation_functions_count=10
cascade_activation_functions=3 5 7 8 10 11 14 15 16 17 
cascade_activation_steepnesses_count=4
cascade_activation_steepnesses=2.50000000000000000000e-01 5.00000000000000000000e-01 7.50000000000000000000e-01 1.00000000000000000000e+00 
layer_sizes=19 3 3 
scale_included=0
neurons (num_inputs, activation_function, activation_steepness)=(0, 0, 0.00000000000000000000e+00) (0, 0, 0.00000000000000000000e+00) (0, 0, 0.00000000000000000000e+00) (0, 0, 0.00000000000000000000e+00) (0, 0, 0.00000000000000000000e+00) (0, 0, 0.00000000000000000000e+00) (0, 0, 0.00000000000000000000e+00) (0, 0, 0.00000000000000000000e+00) (0, 0, 0.00000000000000000000e+00) (0, 0, 0.00000000000000000000e+00) (0, 0, 0.00000000000000000000e+00) (0, 0, 0.00000000000000000000e+00) (0, 0, 0.00000000000000000000e+00) (0, 0, 0.00000000000000000000e+00) (0, 0, 0.00000000000000000000e+00) (0, 0, 0.00000000000000000000e+00) (0, 0, 0.00000000000000000000e+00) (0, 0, 0.00000000000000000000e+00) (0, 0, 0.00000000000000000000e+00) (19, 3, 5.00000000000000000000e-01) (19, 3, 5.00000000000000000000e-01) (0, 3, 0.00000000000000000000e+00) (3, 3, 5.00000000000000000000e-01) (3, 3, 5.00000000000000000000e-01) (0, 3, 0.00000000000000000000e+00) 
connections (connected_to_neuron, weight)=(0, -1.31624376773834228516e+00) (1, 1.68568432331085205078e-01) (2, 2.51799464225769042969e+00) (3, -1.57645916938781738281e+00) (4, -3.84995728731155395508e-01) (5, 2.54785799980163574219e+00) (6, -9.65255677700042724609e-01) (7, -6.90096795558929443359e-01) (8, 3.09971094131469726562e+00) (9, 1.51239097118377685547e+00) (10, -7.05878496170043945312e-01) (11, -4.26938056945800781250e+00) (12, 7.23753929138183593750e-01) (13, -6.69931232929229736328e-01) (14, -3.39178752899169921875e+00) (15, -1.32167845964431762695e-01) (16, -3.49576950073242187500e-01) (17, -2.91498851776123046875e+00) (18, 1.62112307548522949219e+00) (0, 1.15635550022125244141e+00) (1, -2.64119052886962890625e+00) (2, -1.45590896606445312500e+01) (3, 5.57215881347656250000e+00) (4, 3.14652085304260253906e+00) (5, -2.03478221893310546875e+01) (6, 1.38720178604125976562e+00) (7, 2.38474798202514648438e+00) (8, -9.30687141418457031250e+00) (9, -6.55872440338134765625e+00) (10, 1.83128535747528076172e+00) (11, 1.19267148971557617188e+01) (12, -6.75762367248535156250e+00) (13, 2.16160440444946289062e+00) (14, 1.59127378463745117188e+01) (15, -7.79508018493652343750e+00) (16, -3.66449451446533203125e+00) (17, 9.27999019622802734375e+00) (18, -2.62576520442962646484e-01) (19, -1.37440824508666992188e+00) (20, -1.16814768314361572266e+00) (21, 1.60267904400825500488e-01) (19, 1.37487888336181640625e+00) (20, 1.16867411136627197266e+00) (21, -1.60706147551536560059e-01) 
