FANN_FLO_2.1
num_layers=4
learning_rate=0.400000
connection_rate=1.000000
network_type=0
learning_momentum=0.000000
training_algorithm=2
train_error_function=1
train_stop_function=0
cascade_output_change_fraction=0.010000
quickprop_decay=-0.000100
quickprop_mu=1.750000
rprop_increase_factor=1.200000
rprop_decrease_factor=0.500000
rprop_delta_min=0.000000
rprop_delta_max=50.000000
rprop_delta_zero=0.100000
cascade_output_stagnation_epochs=12
cascade_candidate_change_fraction=0.010000
cascade_candidate_stagnation_epochs=12
cascade_max_out_epochs=150
cascade_min_out_epochs=50
cascade_max_cand_epochs=150
cascade_min_cand_epochs=50
cascade_num_candidate_groups=2
bit_fail_limit=3.49999994039535522461e-01
cascade_candidate_limit=1.00000000000000000000e+03
cascade_weight_multiplier=4.00000005960464477539e-01
cascade_activation_functions_count=10
cascade_activation_functions=3 5 7 8 10 11 14 15 16 17 
cascade_activation_steepnesses_count=4
cascade_activation_steepnesses=2.50000000000000000000e-01 5.00000000000000000000e-01 7.50000000000000000000e-01 1.00000000000000000000e+00 
layer_sizes=7 5 5 2 
scale_included=0
neurons (num_inputs, activation_function, activation_steepness)=(0, 0, 0.00000000000000000000e+00) (0, 0, 0.00000000000000000000e+00) (0, 0, 0.00000000000000000000e+00) (0, 0, 0.00000000000000000000e+00) (0, 0, 0.00000000000000000000e+00) (0, 0, 0.00000000000000000000e+00) (0, 0, 0.00000000000000000000e+00) (7, 3, 5.00000000000000000000e-01) (7, 3, 5.00000000000000000000e-01) (7, 3, 5.00000000000000000000e-01) (7, 3, 5.00000000000000000000e-01) (0, 3, 0.00000000000000000000e+00) (5, 3, 5.00000000000000000000e-01) (5, 3, 5.00000000000000000000e-01) (5, 3, 5.00000000000000000000e-01) (5, 3, 5.00000000000000000000e-01) (0, 3, 0.00000000000000000000e+00) (5, 3, 5.00000000000000000000e-01) (0, 3, 0.00000000000000000000e+00) 
connections (connected_to_neuron, weight)=(0, -3.96165585517883300781e+00) (1, 1.73153722286224365234e+00) (2, 1.58320158720016479492e-01) (3, -3.92802739143371582031e+00) (4, -1.82179570198059082031e+00) (5, 1.46179640293121337891e+00) (6, 1.38309288024902343750e+00) (0, -9.42637026309967041016e-01) (1, -1.72392427921295166016e+00) (2, 3.38355469703674316406e+00) (3, -4.41065979003906250000e+00) (4, -1.52471172809600830078e+00) (5, 4.14349585771560668945e-01) (6, 3.38716816902160644531e+00) (0, 2.88972949981689453125e+00) (1, 1.50202012062072753906e+00) (2, 3.66987276077270507812e+00) (3, -5.82523345947265625000e+00) (4, -9.80481624603271484375e+00) (5, -2.98299026489257812500e+00) (6, 5.14056682586669921875e+00) (0, 1.23416638374328613281e+00) (1, -5.21789646148681640625e+00) (2, -6.27462863922119140625e+00) (3, -6.10444498062133789062e+00) (4, -2.51849365234375000000e+00) (5, 2.08667445182800292969e+00) (6, 3.45833230018615722656e+00) (7, -2.08767757415771484375e+01) (8, 1.40007190704345703125e+01) (9, 2.43741154670715332031e+00) (10, 3.48502469062805175781e+00) (11, -1.95654451847076416016e+00) (7, -3.66660952568054199219e+00) (8, -9.45516228675842285156e-01) (9, -8.97342681884765625000e-01) (10, 7.02344417572021484375e+00) (11, -2.78714632987976074219e+00) (7, 1.56893280029296875000e+02) (8, -2.57155742645263671875e+01) (9, -3.57082700729370117188e+00) (10, -5.25128326416015625000e+01) (11, 1.09296810626983642578e+00) (7, -1.94460716247558593750e+01) (8, 1.54849290847778320312e+01) (9, 8.40129911899566650391e-01) (10, 2.67939496040344238281e+00) (11, -1.87930667400360107422e+00) (12, -1.77442848682403564453e+00) (13, -2.33245539665222167969e+00) (14, -1.93560016155242919922e+00) (15, -1.16123664379119873047e+00) (16, 8.84319126605987548828e-01) 
