FANN_FLO_2.1
num_layers=4
learning_rate=0.500000
connection_rate=1.000000
network_type=0
learning_momentum=0.000000
training_algorithm=2
train_error_function=1
train_stop_function=0
cascade_output_change_fraction=0.010000
quickprop_decay=-0.000100
quickprop_mu=1.750000
rprop_increase_factor=1.200000
rprop_decrease_factor=0.500000
rprop_delta_min=0.000000
rprop_delta_max=50.000000
rprop_delta_zero=0.100000
cascade_output_stagnation_epochs=12
cascade_candidate_change_fraction=0.010000
cascade_candidate_stagnation_epochs=12
cascade_max_out_epochs=150
cascade_min_out_epochs=50
cascade_max_cand_epochs=150
cascade_min_cand_epochs=50
cascade_num_candidate_groups=2
bit_fail_limit=3.49999994039535522461e-01
cascade_candidate_limit=1.00000000000000000000e+03
cascade_weight_multiplier=4.00000005960464477539e-01
cascade_activation_functions_count=10
cascade_activation_functions=3 5 7 8 10 11 14 15 16 17 
cascade_activation_steepnesses_count=4
cascade_activation_steepnesses=2.50000000000000000000e-01 5.00000000000000000000e-01 7.50000000000000000000e-01 1.00000000000000000000e+00 
layer_sizes=2 5 3 3 
scale_included=0
neurons (num_inputs, activation_function, activation_steepness)=(0, 0, 0.00000000000000000000e+00) (0, 0, 0.00000000000000000000e+00) (2, 3, 5.00000000000000000000e-01) (2, 3, 5.00000000000000000000e-01) (2, 3, 5.00000000000000000000e-01) (2, 3, 5.00000000000000000000e-01) (0, 3, 0.00000000000000000000e+00) (5, 3, 5.00000000000000000000e-01) (5, 3, 5.00000000000000000000e-01) (0, 3, 0.00000000000000000000e+00) (3, 0, 5.00000000000000000000e-01) (3, 0, 5.00000000000000000000e-01) (0, 0, 0.00000000000000000000e+00) 
connections (connected_to_neuron, weight)=(0, 2.29606750488281250000e+02) (1, -8.99012069702148437500e+01) (0, 1.84531707763671875000e+02) (1, -7.18411483764648437500e+01) (0, -5.11015838623046875000e+02) (1, 9.62745819091796875000e+01) (0, -2.20474910736083984375e+01) (1, 6.42267048358917236328e-01) (2, -1.50000000000000000000e+03) (3, -1.50000000000000000000e+03) (4, 5.32795944213867187500e+01) (5, -8.01380081176757812500e+01) (6, 1.53125834465026855469e+00) (2, -3.80997390747070312500e+01) (3, 3.79148216247558593750e+01) (4, -1.90814137458801269531e+00) (5, -4.45409870147705078125e+00) (6, 2.45348048210144042969e+00) (7, -1.64728760719299316406e+00) (8, -2.66553807258605957031e+00) (9, 1.71628022193908691406e+00) (7, 1.98187506198883056641e+00) (8, -2.27474975585937500000e+00) (9, 4.17379200458526611328e-01) 
