FANN_FLO_2.1
num_layers=3
learning_rate=0.500000
connection_rate=1.000000
network_type=0
learning_momentum=0.000000
training_algorithm=2
train_error_function=1
train_stop_function=0
cascade_output_change_fraction=0.010000
quickprop_decay=-0.000100
quickprop_mu=1.750000
rprop_increase_factor=1.200000
rprop_decrease_factor=0.500000
rprop_delta_min=0.000000
rprop_delta_max=50.000000
rprop_delta_zero=0.100000
cascade_output_stagnation_epochs=12
cascade_candidate_change_fraction=0.010000
cascade_candidate_stagnation_epochs=12
cascade_max_out_epochs=150
cascade_min_out_epochs=50
cascade_max_cand_epochs=150
cascade_min_cand_epochs=50
cascade_num_candidate_groups=2
bit_fail_limit=3.49999994039535522461e-01
cascade_candidate_limit=1.00000000000000000000e+03
cascade_weight_multiplier=4.00000005960464477539e-01
cascade_activation_functions_count=10
cascade_activation_functions=3 5 7 8 10 11 14 15 16 17 
cascade_activation_steepnesses_count=4
cascade_activation_steepnesses=2.50000000000000000000e-01 5.00000000000000000000e-01 7.50000000000000000000e-01 1.00000000000000000000e+00 
layer_sizes=10 5 2 
scale_included=0
neurons (num_inputs, activation_function, activation_steepness)=(0, 0, 0.00000000000000000000e+00) (0, 0, 0.00000000000000000000e+00) (0, 0, 0.00000000000000000000e+00) (0, 0, 0.00000000000000000000e+00) (0, 0, 0.00000000000000000000e+00) (0, 0, 0.00000000000000000000e+00) (0, 0, 0.00000000000000000000e+00) (0, 0, 0.00000000000000000000e+00) (0, 0, 0.00000000000000000000e+00) (0, 0, 0.00000000000000000000e+00) (10, 3, 5.00000000000000000000e-01) (10, 3, 5.00000000000000000000e-01) (10, 3, 5.00000000000000000000e-01) (10, 3, 5.00000000000000000000e-01) (0, 3, 0.00000000000000000000e+00) (5, 3, 5.00000000000000000000e-01) (0, 3, 0.00000000000000000000e+00) 
connections (connected_to_neuron, weight)=(0, 1.97100985050201416016e+00) (1, 3.32746028900146484375e+00) (2, -6.96037828922271728516e-01) (3, 2.56690829992294311523e-01) (4, -7.34560728073120117188e+00) (5, 6.23814128339290618896e-02) (6, 3.22368431091308593750e+00) (7, -7.33423280715942382812e+00) (8, -6.81289386749267578125e+00) (9, 6.69738960266113281250e+00) (0, -1.47500000000000000000e+03) (1, 1.49980798339843750000e+03) (2, 1.49793359375000000000e+03) (3, 1.49982104492187500000e+03) (4, 1.50000000000000000000e+03) (5, 1.50000000000000000000e+03) (6, -1.50000000000000000000e+03) (7, -1.50000000000000000000e+03) (8, 2.69898712158203125000e+02) (9, 3.41012120246887207031e+00) (0, 9.15944099426269531250e-01) (1, -9.10875225067138671875e+00) (2, -8.01562786102294921875e+00) (3, -8.83407020568847656250e+00) (4, 7.71605396270751953125e+00) (5, 4.23785924911499023438e+00) (6, 6.95821952819824218750e+00) (7, -6.15715265274047851562e-01) (8, 9.22053575515747070312e-01) (9, -6.91763311624526977539e-02) (0, 1.03441774845123291016e+00) (1, 3.52080869674682617188e+00) (2, -3.05653762817382812500e+00) (3, 3.56067210435867309570e-01) (4, -2.95830559730529785156e+00) (5, -2.06156402826309204102e-01) (6, 3.33598941564559936523e-01) (7, -1.20923194885253906250e+01) (8, -4.36141109466552734375e+00) (9, 9.89308452606201171875e+00) (10, 1.46552944183349609375e+00) (11, -2.66427540779113769531e+00) (12, 3.89681458473205566406e+00) (13, 3.20636701583862304688e+00) (14, -1.10861194133758544922e+00) 
