FANN_FLO_2.1
num_layers=3
learning_rate=0.400000
connection_rate=1.000000
network_type=0
learning_momentum=0.000000
training_algorithm=2
train_error_function=1
train_stop_function=0
cascade_output_change_fraction=0.010000
quickprop_decay=-0.000100
quickprop_mu=1.750000
rprop_increase_factor=1.200000
rprop_decrease_factor=0.500000
rprop_delta_min=0.000000
rprop_delta_max=50.000000
rprop_delta_zero=0.100000
cascade_output_stagnation_epochs=12
cascade_candidate_change_fraction=0.010000
cascade_candidate_stagnation_epochs=12
cascade_max_out_epochs=150
cascade_min_out_epochs=50
cascade_max_cand_epochs=150
cascade_min_cand_epochs=50
cascade_num_candidate_groups=2
bit_fail_limit=3.49999994039535522461e-01
cascade_candidate_limit=1.00000000000000000000e+03
cascade_weight_multiplier=4.00000005960464477539e-01
cascade_activation_functions_count=10
cascade_activation_functions=3 5 7 8 10 11 14 15 16 17 
cascade_activation_steepnesses_count=4
cascade_activation_steepnesses=2.50000000000000000000e-01 5.00000000000000000000e-01 7.50000000000000000000e-01 1.00000000000000000000e+00 
layer_sizes=7 9 2 
scale_included=0
neurons (num_inputs, activation_function, activation_steepness)=(0, 0, 0.00000000000000000000e+00) (0, 0, 0.00000000000000000000e+00) (0, 0, 0.00000000000000000000e+00) (0, 0, 0.00000000000000000000e+00) (0, 0, 0.00000000000000000000e+00) (0, 0, 0.00000000000000000000e+00) (0, 0, 0.00000000000000000000e+00) (7, 3, 5.00000000000000000000e-01) (7, 3, 5.00000000000000000000e-01) (7, 3, 5.00000000000000000000e-01) (7, 3, 5.00000000000000000000e-01) (7, 3, 5.00000000000000000000e-01) (7, 3, 5.00000000000000000000e-01) (7, 3, 5.00000000000000000000e-01) (7, 3, 5.00000000000000000000e-01) (0, 3, 0.00000000000000000000e+00) (9, 3, 5.00000000000000000000e-01) (0, 3, 0.00000000000000000000e+00) 
connections (connected_to_neuron, weight)=(0, 1.44134540557861328125e+01) (1, -1.53130302429199218750e+01) (2, 5.62117695808410644531e-01) (3, -1.86848640441894531250e+00) (4, -4.74093586206436157227e-01) (5, 5.28447294235229492188e+00) (6, -4.05094194412231445312e+00) (0, 1.08655616641044616699e-01) (1, 2.88778233528137207031e+00) (2, -4.00480222702026367188e+00) (3, -3.74893188476562500000e+00) (4, -1.52039372920989990234e+00) (5, -1.49867724609375000000e+03) (6, -1.91600695252418518066e-01) (0, -4.85806655883789062500e+00) (1, 2.30412438511848449707e-01) (2, -3.60140085220336914062e+00) (3, -6.69946241378784179688e+00) (4, -3.39700126647949218750e+00) (5, -9.74238011986017227173e-03) (6, 8.41508865356445312500e+00) (0, -5.50373029708862304688e+00) (1, 1.25910651683807373047e+00) (2, -8.80477428436279296875e+00) (3, 1.75042545795440673828e+00) (4, -4.33988034725189208984e-01) (5, -5.10140869140625000000e+02) (6, 2.46881198883056640625e+00) (0, -3.00483870506286621094e+00) (1, -2.82459759712219238281e+00) (2, 5.78406600952148437500e+01) (3, -1.56442713737487792969e+00) (4, 1.95412743091583251953e+00) (5, -1.24811804199218750000e+03) (6, 3.02280378341674804688e+00) (0, -1.61476981639862060547e+00) (1, -9.44945752620697021484e-01) (2, -7.81586503982543945312e+00) (3, -2.87829542160034179688e+00) (4, -1.64935195446014404297e+00) (5, 2.92740082740783691406e+00) (6, 2.41223883628845214844e+00) (0, -1.32674045562744140625e+01) (1, 9.96735000610351562500e+00) (2, -7.35080194473266601562e+00) (3, -3.47147798538208007812e+00) (4, -1.78424966335296630859e+00) (5, 3.10154366493225097656e+00) (6, 3.29858899116516113281e+00) (0, -5.17887449264526367188e+00) (1, 4.08746272325515747070e-01) (2, 1.12757368087768554688e+01) (3, -3.03003239631652832031e+00) (4, -1.88394784927368164062e+00) (5, 4.17934685945510864258e-01) (6, 5.96496534347534179688e+00) (7, -5.27987527847290039062e+00) (8, -1.84837806224822998047e+00) (9, -8.36317718029022216797e-01) (10, -1.31731247901916503906e+00) (11, -3.41225355863571166992e-01) (12, 5.38880586624145507812e+00) (13, -4.69666337966918945312e+00) (14, -3.46270620822906494141e-01) (15, -2.58030235767364501953e-01) 
