FANN_FLO_2.1
num_layers=4
learning_rate=0.400000
connection_rate=1.000000
network_type=0
learning_momentum=0.000000
training_algorithm=2
train_error_function=1
train_stop_function=0
cascade_output_change_fraction=0.010000
quickprop_decay=-0.000100
quickprop_mu=1.750000
rprop_increase_factor=1.200000
rprop_decrease_factor=0.500000
rprop_delta_min=0.000000
rprop_delta_max=50.000000
rprop_delta_zero=0.100000
cascade_output_stagnation_epochs=12
cascade_candidate_change_fraction=0.010000
cascade_candidate_stagnation_epochs=12
cascade_max_out_epochs=150
cascade_min_out_epochs=50
cascade_max_cand_epochs=150
cascade_min_cand_epochs=50
cascade_num_candidate_groups=2
bit_fail_limit=3.49999994039535522461e-01
cascade_candidate_limit=1.00000000000000000000e+03
cascade_weight_multiplier=4.00000005960464477539e-01
cascade_activation_functions_count=10
cascade_activation_functions=3 5 7 8 10 11 14 15 16 17 
cascade_activation_steepnesses_count=4
cascade_activation_steepnesses=2.50000000000000000000e-01 5.00000000000000000000e-01 7.50000000000000000000e-01 1.00000000000000000000e+00 
layer_sizes=7 5 3 2 
scale_included=0
neurons (num_inputs, activation_function, activation_steepness)=(0, 0, 0.00000000000000000000e+00) (0, 0, 0.00000000000000000000e+00) (0, 0, 0.00000000000000000000e+00) (0, 0, 0.00000000000000000000e+00) (0, 0, 0.00000000000000000000e+00) (0, 0, 0.00000000000000000000e+00) (0, 0, 0.00000000000000000000e+00) (7, 3, 5.00000000000000000000e-01) (7, 3, 5.00000000000000000000e-01) (7, 3, 5.00000000000000000000e-01) (7, 3, 5.00000000000000000000e-01) (0, 3, 0.00000000000000000000e+00) (5, 3, 5.00000000000000000000e-01) (5, 3, 5.00000000000000000000e-01) (0, 3, 0.00000000000000000000e+00) (3, 3, 5.00000000000000000000e-01) (0, 3, 0.00000000000000000000e+00) 
connections (connected_to_neuron, weight)=(0, -4.63728515625000000000e+02) (1, -1.48304541015625000000e+03) (2, 9.94166660308837890625e+00) (3, -1.46983947753906250000e+01) (4, 1.06813726425170898438e+01) (5, 1.50000000000000000000e+03) (6, -6.14469814300537109375e+00) (0, -1.11618459224700927734e+00) (1, 9.26031494140625000000e+00) (2, 9.49359054565429687500e+01) (3, -1.06125892639160156250e+02) (4, -2.36562633514404296875e+01) (5, 3.19280796051025390625e+01) (6, 5.49103081226348876953e-01) (0, -1.08861486816406250000e+03) (1, -2.80875610351562500000e+02) (2, -2.91604492187500000000e+02) (3, -1.02040460205078125000e+03) (4, -1.34226255416870117188e+01) (5, 1.11461657714843750000e+03) (6, 1.61534378051757812500e+02) (0, -6.75056552886962890625e+00) (1, 5.22934341430664062500e+00) (2, -3.37904882431030273438e+00) (3, -2.82261633872985839844e+00) (4, -1.09700918197631835938e+00) (5, -4.27126049995422363281e-01) (6, 6.58593714237213134766e-01) (7, -5.81846084594726562500e+01) (8, 2.65257293701171875000e+02) (9, -1.90277526855468750000e+02) (10, 5.39821052551269531250e+01) (11, -1.15031700134277343750e+01) (7, 6.30832386016845703125e+00) (8, 5.17276906967163085938e+00) (9, -2.69314408302307128906e+00) (10, 2.56349868774414062500e+01) (11, -1.63831472396850585938e+00) (12, -1.12238383293151855469e+00) (13, -1.49497795104980468750e+00) (14, -1.28422844409942626953e+00) 
