FANN_FLO_2.1
num_layers=3
learning_rate=0.400000
connection_rate=1.000000
network_type=0
learning_momentum=0.000000
training_algorithm=2
train_error_function=1
train_stop_function=0
cascade_output_change_fraction=0.010000
quickprop_decay=-0.000100
quickprop_mu=1.750000
rprop_increase_factor=1.200000
rprop_decrease_factor=0.500000
rprop_delta_min=0.000000
rprop_delta_max=50.000000
rprop_delta_zero=0.100000
cascade_output_stagnation_epochs=12
cascade_candidate_change_fraction=0.010000
cascade_candidate_stagnation_epochs=12
cascade_max_out_epochs=150
cascade_min_out_epochs=50
cascade_max_cand_epochs=150
cascade_min_cand_epochs=50
cascade_num_candidate_groups=2
bit_fail_limit=3.49999994039535522461e-01
cascade_candidate_limit=1.00000000000000000000e+03
cascade_weight_multiplier=4.00000005960464477539e-01
cascade_activation_functions_count=10
cascade_activation_functions=3 5 7 8 10 11 14 15 16 17 
cascade_activation_steepnesses_count=4
cascade_activation_steepnesses=2.50000000000000000000e-01 5.00000000000000000000e-01 7.50000000000000000000e-01 1.00000000000000000000e+00 
layer_sizes=7 5 2 
scale_included=0
neurons (num_inputs, activation_function, activation_steepness)=(0, 0, 0.00000000000000000000e+00) (0, 0, 0.00000000000000000000e+00) (0, 0, 0.00000000000000000000e+00) (0, 0, 0.00000000000000000000e+00) (0, 0, 0.00000000000000000000e+00) (0, 0, 0.00000000000000000000e+00) (0, 0, 0.00000000000000000000e+00) (7, 3, 5.00000000000000000000e-01) (7, 3, 5.00000000000000000000e-01) (7, 3, 5.00000000000000000000e-01) (7, 3, 5.00000000000000000000e-01) (0, 3, 0.00000000000000000000e+00) (5, 3, 5.00000000000000000000e-01) (0, 3, 0.00000000000000000000e+00) 
connections (connected_to_neuron, weight)=(0, -7.50892734527587890625e+00) (1, 1.22576022148132324219e+00) (2, -3.97118139266967773438e+00) (3, -1.12336549758911132812e+01) (4, 1.56003904342651367188e+00) (5, 6.55046415328979492188e+00) (6, 7.87069559097290039062e+00) (0, -1.72105729579925537109e+00) (1, 1.00545430183410644531e+00) (2, -8.21680188179016113281e-01) (3, -7.41926193237304687500e-01) (4, -3.42188525199890136719e+00) (5, -2.43887925148010253906e+00) (6, 7.65690684318542480469e-01) (0, 4.16496372222900390625e+00) (1, 1.29052627086639404297e+00) (2, -3.82978677749633789062e-01) (3, 1.01420860290527343750e+01) (4, -1.28295183181762695312e+01) (5, -2.43451642990112304688e+00) (6, 1.01754212379455566406e+00) (0, -2.88367509841918945312e+00) (1, -4.81613397598266601562e+00) (2, -5.15270352363586425781e-01) (3, 3.11298871040344238281e+00) (4, -1.42821621894836425781e+00) (5, 1.45784676074981689453e+00) (6, -6.00924015045166015625e-01) (7, -1.70347404479980468750e+00) (8, -3.28810715675354003906e+00) (9, -2.05225849151611328125e+00) (10, 6.47003316879272460938e+00) (11, 1.24223554134368896484e+00) 
