FANN_FLO_2.1
num_layers=4
learning_rate=0.500000
connection_rate=1.000000
network_type=0
learning_momentum=0.000000
training_algorithm=2
train_error_function=1
train_stop_function=0
cascade_output_change_fraction=0.010000
quickprop_decay=-0.000100
quickprop_mu=1.750000
rprop_increase_factor=1.200000
rprop_decrease_factor=0.500000
rprop_delta_min=0.000000
rprop_delta_max=50.000000
rprop_delta_zero=0.100000
cascade_output_stagnation_epochs=12
cascade_candidate_change_fraction=0.010000
cascade_candidate_stagnation_epochs=12
cascade_max_out_epochs=150
cascade_min_out_epochs=50
cascade_max_cand_epochs=150
cascade_min_cand_epochs=50
cascade_num_candidate_groups=2
bit_fail_limit=3.49999994039535522461e-01
cascade_candidate_limit=1.00000000000000000000e+03
cascade_weight_multiplier=4.00000005960464477539e-01
cascade_activation_functions_count=10
cascade_activation_functions=3 5 7 8 10 11 14 15 16 17 
cascade_activation_steepnesses_count=4
cascade_activation_steepnesses=2.50000000000000000000e-01 5.00000000000000000000e-01 7.50000000000000000000e-01 1.00000000000000000000e+00 
layer_sizes=2 5 5 3 
scale_included=0
neurons (num_inputs, activation_function, activation_steepness)=(0, 0, 0.00000000000000000000e+00) (0, 0, 0.00000000000000000000e+00) (2, 3, 5.00000000000000000000e-01) (2, 3, 5.00000000000000000000e-01) (2, 3, 5.00000000000000000000e-01) (2, 3, 5.00000000000000000000e-01) (0, 3, 0.00000000000000000000e+00) (5, 3, 5.00000000000000000000e-01) (5, 3, 5.00000000000000000000e-01) (5, 3, 5.00000000000000000000e-01) (5, 3, 5.00000000000000000000e-01) (0, 3, 0.00000000000000000000e+00) (5, 0, 5.00000000000000000000e-01) (5, 0, 5.00000000000000000000e-01) (0, 0, 0.00000000000000000000e+00) 
connections (connected_to_neuron, weight)=(0, 1.50000000000000000000e+03) (1, 2.23083877563476562500e+02) (0, -1.63829936981201171875e+01) (1, 4.72568178176879882812e+00) (0, -8.18979187011718750000e+01) (1, 3.71472091674804687500e+01) (0, 1.50000000000000000000e+03) (1, 2.91997161865234375000e+02) (2, -3.41247863769531250000e+01) (3, 1.50000000000000000000e+03) (4, 1.50000000000000000000e+03) (5, 6.47469360351562500000e+02) (6, -4.26430358886718750000e+02) (2, 3.41194391250610351562e+00) (3, -1.50000000000000000000e+03) (4, -1.28406738281250000000e+03) (5, 1.34174011230468750000e+03) (6, 1.57579827308654785156e+00) (2, -8.17088222503662109375e+00) (3, 9.40835952758789062500e+00) (4, -1.76363825798034667969e+00) (5, -3.71791481971740722656e-01) (6, 4.01457361876964569092e-02) (2, 4.70668258666992187500e+01) (3, -3.03044586181640625000e+02) (4, -1.33531982421875000000e+03) (5, 1.47348657226562500000e+03) (6, 1.18451728820800781250e+01) (7, -1.33220303058624267578e+00) (8, 1.09654879570007324219e+00) (9, 8.31494331359863281250e+00) (10, 9.90525603294372558594e-01) (11, -1.25729930400848388672e+00) (7, 2.57043898105621337891e-01) (8, -8.35961401462554931641e-01) (9, 6.02754831314086914062e+00) (10, -1.38872742652893066406e+00) (11, 4.84532304108142852783e-02) 
