FANN_FLO_2.1
num_layers=3
learning_rate=0.400000
connection_rate=1.000000
network_type=0
learning_momentum=0.000000
training_algorithm=2
train_error_function=1
train_stop_function=0
cascade_output_change_fraction=0.010000
quickprop_decay=-0.000100
quickprop_mu=1.750000
rprop_increase_factor=1.200000
rprop_decrease_factor=0.500000
rprop_delta_min=0.000000
rprop_delta_max=50.000000
rprop_delta_zero=0.100000
cascade_output_stagnation_epochs=12
cascade_candidate_change_fraction=0.010000
cascade_candidate_stagnation_epochs=12
cascade_max_out_epochs=150
cascade_min_out_epochs=50
cascade_max_cand_epochs=150
cascade_min_cand_epochs=50
cascade_num_candidate_groups=2
bit_fail_limit=3.49999994039535522461e-01
cascade_candidate_limit=1.00000000000000000000e+03
cascade_weight_multiplier=4.00000005960464477539e-01
cascade_activation_functions_count=10
cascade_activation_functions=3 5 7 8 10 11 14 15 16 17 
cascade_activation_steepnesses_count=4
cascade_activation_steepnesses=2.50000000000000000000e-01 5.00000000000000000000e-01 7.50000000000000000000e-01 1.00000000000000000000e+00 
layer_sizes=7 9 2 
scale_included=0
neurons (num_inputs, activation_function, activation_steepness)=(0, 0, 0.00000000000000000000e+00) (0, 0, 0.00000000000000000000e+00) (0, 0, 0.00000000000000000000e+00) (0, 0, 0.00000000000000000000e+00) (0, 0, 0.00000000000000000000e+00) (0, 0, 0.00000000000000000000e+00) (0, 0, 0.00000000000000000000e+00) (7, 3, 5.00000000000000000000e-01) (7, 3, 5.00000000000000000000e-01) (7, 3, 5.00000000000000000000e-01) (7, 3, 5.00000000000000000000e-01) (7, 3, 5.00000000000000000000e-01) (7, 3, 5.00000000000000000000e-01) (7, 3, 5.00000000000000000000e-01) (7, 3, 5.00000000000000000000e-01) (0, 3, 0.00000000000000000000e+00) (9, 3, 5.00000000000000000000e-01) (0, 3, 0.00000000000000000000e+00) 
connections (connected_to_neuron, weight)=(0, 1.58103542327880859375e+01) (1, -1.68621501922607421875e+01) (2, 2.06145739555358886719e+00) (3, -4.23227930068969726562e+00) (4, -3.53354275226593017578e-01) (5, 4.86612272262573242188e+00) (6, -4.68259429931640625000e+00) (0, -1.06697666645050048828e+00) (1, -6.40019845962524414062e+00) (2, 3.10559797286987304688e+00) (3, -6.65367746353149414062e+00) (4, -3.17771744728088378906e+00) (5, 2.11022162437438964844e+00) (6, 1.13062744140625000000e+01) (0, -6.43948841094970703125e+00) (1, 6.08579444885253906250e+00) (2, -4.70080947875976562500e+00) (3, -1.64787423610687255859e+00) (4, -6.64592623710632324219e-01) (5, -1.47794116210937500000e+03) (6, -2.16522261500358581543e-01) (0, 1.61177182197570800781e+00) (1, 5.75362265110015869141e-01) (2, 5.48596024513244628906e-01) (3, 9.41114330291748046875e+00) (4, 1.58283412456512451172e+00) (5, 2.06101799011230468750e+00) (6, -4.83709955215454101562e+00) (0, -6.27110528945922851562e+00) (1, -1.04973042011260986328e+00) (2, 1.09717388153076171875e+01) (3, -2.34421658515930175781e+00) (4, 4.45062160491943359375e+00) (5, 1.02004318237304687500e+01) (6, 4.55326437950134277344e-01) (0, -2.54461288452148437500e+00) (1, 3.44150930643081665039e-01) (2, 6.88521575927734375000e+01) (3, -1.68877899646759033203e+00) (4, -5.45993947982788085938e+00) (5, 7.10194444656372070312e+00) (6, -2.74317121505737304688e+00) (0, -3.99328351020812988281e+00) (1, -4.19250583648681640625e+00) (2, 1.24705743789672851562e+01) (3, -9.07368373870849609375e+00) (4, -3.36746668815612792969e+00) (5, 7.75552392005920410156e-01) (6, 1.13076915740966796875e+01) (0, -2.93350505828857421875e+00) (1, -3.07761359214782714844e+00) (2, -1.01776580810546875000e+01) (3, -1.07556848526000976562e+01) (4, -3.35360622406005859375e+00) (5, 9.05137240886688232422e-01) (6, 1.13286972045898437500e+01) (7, -7.76559209823608398438e+00) (8, -3.72486650943756103516e-01) (9, -1.01307029724121093750e+01) (10, -7.17554628849029541016e-01) (11, -4.54052746295928955078e-01) (12, -5.65667331218719482422e-01) (13, -1.77504107356071472168e-01) (14, -2.49841034412384033203e-01) (15, 3.46240609884262084961e-01) 
