FANN_FLO_2.1
num_layers=3
learning_rate=0.400000
connection_rate=1.000000
network_type=0
learning_momentum=0.000000
training_algorithm=2
train_error_function=1
train_stop_function=0
cascade_output_change_fraction=0.010000
quickprop_decay=-0.000100
quickprop_mu=1.750000
rprop_increase_factor=1.200000
rprop_decrease_factor=0.500000
rprop_delta_min=0.000000
rprop_delta_max=50.000000
rprop_delta_zero=0.100000
cascade_output_stagnation_epochs=12
cascade_candidate_change_fraction=0.010000
cascade_candidate_stagnation_epochs=12
cascade_max_out_epochs=150
cascade_min_out_epochs=50
cascade_max_cand_epochs=150
cascade_min_cand_epochs=50
cascade_num_candidate_groups=2
bit_fail_limit=3.49999994039535522461e-01
cascade_candidate_limit=1.00000000000000000000e+03
cascade_weight_multiplier=4.00000005960464477539e-01
cascade_activation_functions_count=10
cascade_activation_functions=3 5 7 8 10 11 14 15 16 17 
cascade_activation_steepnesses_count=4
cascade_activation_steepnesses=2.50000000000000000000e-01 5.00000000000000000000e-01 7.50000000000000000000e-01 1.00000000000000000000e+00 
layer_sizes=7 5 2 
scale_included=0
neurons (num_inputs, activation_function, activation_steepness)=(0, 0, 0.00000000000000000000e+00) (0, 0, 0.00000000000000000000e+00) (0, 0, 0.00000000000000000000e+00) (0, 0, 0.00000000000000000000e+00) (0, 0, 0.00000000000000000000e+00) (0, 0, 0.00000000000000000000e+00) (0, 0, 0.00000000000000000000e+00) (7, 3, 5.00000000000000000000e-01) (7, 3, 5.00000000000000000000e-01) (7, 3, 5.00000000000000000000e-01) (7, 3, 5.00000000000000000000e-01) (0, 3, 0.00000000000000000000e+00) (5, 3, 5.00000000000000000000e-01) (0, 3, 0.00000000000000000000e+00) 
connections (connected_to_neuron, weight)=(0, 1.84508056640625000000e+01) (1, -2.02892532348632812500e+01) (2, 9.90716838836669921875e+00) (3, -5.77165079116821289062e+00) (4, 1.07945501804351806641e-01) (5, 8.49606418609619140625e+00) (6, -6.66557121276855468750e+00) (0, 3.48224663734436035156e+00) (1, -1.38195407390594482422e+00) (2, -2.01321554183959960938e+00) (3, 6.80230045318603515625e+00) (4, -5.90716886520385742188e+00) (5, 6.17480516433715820312e-01) (6, -5.92987155914306640625e+00) (0, -1.15044059753417968750e+01) (1, -6.04256570339202880859e-01) (2, 5.48488140106201171875e+00) (3, -6.81756114959716796875e+00) (4, -1.53165769577026367188e+00) (5, 1.29651319980621337891e+00) (6, 1.36239624023437500000e+01) (0, -1.06222991943359375000e+01) (1, 9.76980781555175781250e+00) (2, -3.52354884147644042969e+00) (3, -2.39444732666015625000e+00) (4, -7.57669627666473388672e-01) (5, -3.20688438415527343750e+00) (6, -5.23483693599700927734e-01) (7, -3.69099855422973632812e+00) (8, -2.76914167404174804688e+00) (9, -8.59421730041503906250e-01) (10, -1.16810865402221679688e+01) (11, -8.40679526329040527344e-01) 
