FANN_FLO_2.1
num_layers=4
learning_rate=0.500000
connection_rate=1.000000
network_type=0
learning_momentum=0.000000
training_algorithm=2
train_error_function=1
train_stop_function=0
cascade_output_change_fraction=0.010000
quickprop_decay=-0.000100
quickprop_mu=1.750000
rprop_increase_factor=1.200000
rprop_decrease_factor=0.500000
rprop_delta_min=0.000000
rprop_delta_max=50.000000
rprop_delta_zero=0.100000
cascade_output_stagnation_epochs=12
cascade_candidate_change_fraction=0.010000
cascade_candidate_stagnation_epochs=12
cascade_max_out_epochs=150
cascade_min_out_epochs=50
cascade_max_cand_epochs=150
cascade_min_cand_epochs=50
cascade_num_candidate_groups=2
bit_fail_limit=3.49999994039535522461e-01
cascade_candidate_limit=1.00000000000000000000e+03
cascade_weight_multiplier=4.00000005960464477539e-01
cascade_activation_functions_count=10
cascade_activation_functions=3 5 7 8 10 11 14 15 16 17 
cascade_activation_steepnesses_count=4
cascade_activation_steepnesses=2.50000000000000000000e-01 5.00000000000000000000e-01 7.50000000000000000000e-01 1.00000000000000000000e+00 
layer_sizes=2 5 5 3 
scale_included=0
neurons (num_inputs, activation_function, activation_steepness)=(0, 0, 0.00000000000000000000e+00) (0, 0, 0.00000000000000000000e+00) (2, 3, 5.00000000000000000000e-01) (2, 3, 5.00000000000000000000e-01) (2, 3, 5.00000000000000000000e-01) (2, 3, 5.00000000000000000000e-01) (0, 3, 0.00000000000000000000e+00) (5, 3, 5.00000000000000000000e-01) (5, 3, 5.00000000000000000000e-01) (5, 3, 5.00000000000000000000e-01) (5, 3, 5.00000000000000000000e-01) (0, 3, 0.00000000000000000000e+00) (5, 0, 5.00000000000000000000e-01) (5, 0, 5.00000000000000000000e-01) (0, 0, 0.00000000000000000000e+00) 
connections (connected_to_neuron, weight)=(0, 1.50000000000000000000e+03) (1, 9.75917518138885498047e-01) (0, -1.54283437728881835938e+01) (1, 6.96902036666870117188e+00) (0, -1.66560115814208984375e+01) (1, 6.12125778198242187500e+00) (0, -1.09317611694335937500e+02) (1, 1.82133426666259765625e+01) (2, 4.48170852661132812500e+01) (3, 6.75827087402343750000e+02) (4, 3.10912704467773437500e+01) (5, -7.33074401855468750000e+02) (6, 5.98215103149414062500e-01) (2, 1.43169093132019042969e+00) (3, 1.57867455482482910156e+00) (4, 5.55526924133300781250e+00) (5, 1.50000000000000000000e+03) (6, -4.58668231964111328125e+00) (2, -2.80537724494934082031e+00) (3, -7.86567687988281250000e-01) (4, -1.00129575729370117188e+01) (5, 1.11590948104858398438e+01) (6, 1.25921213626861572266e+00) (2, 4.68087166547775268555e-01) (3, 3.93512338399887084961e-01) (4, -4.09477281570434570312e+00) (5, -1.50000000000000000000e+03) (6, 2.02229499816894531250e+00) (7, -2.88246095180511474609e-01) (8, -1.81052148342132568359e+00) (9, 4.73565387725830078125e+00) (10, -1.33512154221534729004e-01) (11, 1.36506214737892150879e-01) (7, -3.16459447145462036133e-01) (8, 1.74403563141822814941e-01) (9, 3.15671968460083007812e+00) (10, -3.06517958641052246094e+00) (11, 9.52502667903900146484e-01) 
