FANN_FLO_2.1
num_layers=3
learning_rate=0.400000
connection_rate=1.000000
network_type=0
learning_momentum=0.000000
training_algorithm=2
train_error_function=1
train_stop_function=0
cascade_output_change_fraction=0.010000
quickprop_decay=-0.000100
quickprop_mu=1.750000
rprop_increase_factor=1.200000
rprop_decrease_factor=0.500000
rprop_delta_min=0.000000
rprop_delta_max=50.000000
rprop_delta_zero=0.100000
cascade_output_stagnation_epochs=12
cascade_candidate_change_fraction=0.010000
cascade_candidate_stagnation_epochs=12
cascade_max_out_epochs=150
cascade_min_out_epochs=50
cascade_max_cand_epochs=150
cascade_min_cand_epochs=50
cascade_num_candidate_groups=2
bit_fail_limit=3.49999994039535522461e-01
cascade_candidate_limit=1.00000000000000000000e+03
cascade_weight_multiplier=4.00000005960464477539e-01
cascade_activation_functions_count=10
cascade_activation_functions=3 5 7 8 10 11 14 15 16 17 
cascade_activation_steepnesses_count=4
cascade_activation_steepnesses=2.50000000000000000000e-01 5.00000000000000000000e-01 7.50000000000000000000e-01 1.00000000000000000000e+00 
layer_sizes=7 9 2 
scale_included=0
neurons (num_inputs, activation_function, activation_steepness)=(0, 0, 0.00000000000000000000e+00) (0, 0, 0.00000000000000000000e+00) (0, 0, 0.00000000000000000000e+00) (0, 0, 0.00000000000000000000e+00) (0, 0, 0.00000000000000000000e+00) (0, 0, 0.00000000000000000000e+00) (0, 0, 0.00000000000000000000e+00) (7, 3, 5.00000000000000000000e-01) (7, 3, 5.00000000000000000000e-01) (7, 3, 5.00000000000000000000e-01) (7, 3, 5.00000000000000000000e-01) (7, 3, 5.00000000000000000000e-01) (7, 3, 5.00000000000000000000e-01) (7, 3, 5.00000000000000000000e-01) (7, 3, 5.00000000000000000000e-01) (0, 3, 0.00000000000000000000e+00) (9, 3, 5.00000000000000000000e-01) (0, 3, 0.00000000000000000000e+00) 
connections (connected_to_neuron, weight)=(0, -7.01587009429931640625e+00) (1, 9.07338905334472656250e+00) (2, -1.55386856079101562500e+02) (3, -1.22674655914306640625e+00) (4, 3.33815646171569824219e+00) (5, -2.49935817718505859375e+00) (6, 3.67942333221435546875e-01) (0, -4.10493755340576171875e+00) (1, -2.03821048140525817871e-01) (2, 1.94137287139892578125e+01) (3, -2.30611324310302734375e+00) (4, -2.38003754615783691406e+00) (5, 9.61589515209197998047e-01) (6, 5.14138221740722656250e+00) (0, -2.79772043228149414062e-01) (1, -7.99758136272430419922e-02) (2, -2.04849891662597656250e+01) (3, 1.46793107986450195312e+01) (4, -3.78505935668945312500e+01) (5, -1.20664036273956298828e+00) (6, -1.65375089645385742188e+00) (0, -9.09172534942626953125e+00) (1, 8.26463699340820312500e+00) (2, -5.42775154113769531250e-01) (3, -3.57083272933959960938e+00) (4, 1.78028717637062072754e-01) (5, -4.47856187820434570312e+00) (6, -4.22650516033172607422e-01) (0, 1.62459068298339843750e+01) (1, -1.70044975280761718750e+01) (2, 6.69186019897460937500e+00) (3, -4.24270772933959960938e+00) (4, 4.32582423090934753418e-02) (5, 6.80854511260986328125e+00) (6, -6.64679813385009765625e+00) (0, -7.75658786296844482422e-01) (1, -1.65462827682495117188e+00) (2, -3.33226013183593750000e+01) (3, 5.08909893035888671875e+00) (4, -1.87076449394226074219e+00) (5, -4.79406261444091796875e+00) (6, 4.74763011932373046875e+00) (0, -1.81557536125183105469e+00) (1, -2.63305616378784179688e+00) (2, 1.79305877685546875000e+01) (3, -4.79782962799072265625e+00) (4, -1.30651879310607910156e+00) (5, 4.00405049324035644531e-01) (6, 6.04055500030517578125e+00) (0, -8.13374996185302734375e+00) (1, 5.10074186325073242188e+00) (2, -2.82781982421875000000e+00) (3, 9.62809249758720397949e-02) (4, -2.71332716941833496094e+00) (5, 2.01161813735961914062e+00) (6, 4.47775697708129882812e+00) (7, -1.61687481403350830078e+00) (8, -4.57393795251846313477e-01) (9, -2.19534134864807128906e+00) (10, -6.93628263473510742188e+00) (11, -5.74562120437622070312e+00) (12, -2.49118715524673461914e-01) (13, -3.76397669315338134766e-01) (14, -9.58979487419128417969e-01) (15, -8.15807282924652099609e-02) 
