FANN_FLO_2.1
num_layers=3
learning_rate=0.400000
connection_rate=1.000000
network_type=0
learning_momentum=0.000000
training_algorithm=2
train_error_function=1
train_stop_function=0
cascade_output_change_fraction=0.010000
quickprop_decay=-0.000100
quickprop_mu=1.750000
rprop_increase_factor=1.200000
rprop_decrease_factor=0.500000
rprop_delta_min=0.000000
rprop_delta_max=50.000000
rprop_delta_zero=0.100000
cascade_output_stagnation_epochs=12
cascade_candidate_change_fraction=0.010000
cascade_candidate_stagnation_epochs=12
cascade_max_out_epochs=150
cascade_min_out_epochs=50
cascade_max_cand_epochs=150
cascade_min_cand_epochs=50
cascade_num_candidate_groups=2
bit_fail_limit=3.49999994039535522461e-01
cascade_candidate_limit=1.00000000000000000000e+03
cascade_weight_multiplier=4.00000005960464477539e-01
cascade_activation_functions_count=10
cascade_activation_functions=3 5 7 8 10 11 14 15 16 17 
cascade_activation_steepnesses_count=4
cascade_activation_steepnesses=2.50000000000000000000e-01 5.00000000000000000000e-01 7.50000000000000000000e-01 1.00000000000000000000e+00 
layer_sizes=7 5 2 
scale_included=0
neurons (num_inputs, activation_function, activation_steepness)=(0, 0, 0.00000000000000000000e+00) (0, 0, 0.00000000000000000000e+00) (0, 0, 0.00000000000000000000e+00) (0, 0, 0.00000000000000000000e+00) (0, 0, 0.00000000000000000000e+00) (0, 0, 0.00000000000000000000e+00) (0, 0, 0.00000000000000000000e+00) (7, 3, 5.00000000000000000000e-01) (7, 3, 5.00000000000000000000e-01) (7, 3, 5.00000000000000000000e-01) (7, 3, 5.00000000000000000000e-01) (0, 3, 0.00000000000000000000e+00) (5, 3, 5.00000000000000000000e-01) (0, 3, 0.00000000000000000000e+00) 
connections (connected_to_neuron, weight)=(0, -6.04661750793457031250e+00) (1, -2.89847111701965332031e+00) (2, 4.76126766204833984375e+00) (3, 3.38339471817016601562e+00) (4, -9.25226330757141113281e-01) (5, 1.00808000564575195312e+01) (6, 5.63246393203735351562e+00) (0, -7.68935108184814453125e+00) (1, 7.99090290069580078125e+00) (2, -3.57115149497985839844e+00) (3, -1.70350539684295654297e+00) (4, -5.96560299396514892578e-01) (5, -3.29319534301757812500e+01) (6, -8.21430981159210205078e-01) (0, -3.18862724304199218750e+00) (1, -1.19058239459991455078e+00) (2, 4.92813825607299804688e+00) (3, -8.10424804687500000000e+00) (4, -2.53533697128295898438e+00) (5, 4.91251908242702484131e-02) (6, 9.19486331939697265625e+00) (0, 8.65244960784912109375e+00) (1, -9.85482597351074218750e+00) (2, 3.54197931289672851562e+00) (3, -2.77923750877380371094e+00) (4, -1.70494794845581054688e-01) (5, 6.26945590972900390625e+00) (6, -6.50672912597656250000e+00) (7, -7.78127610683441162109e-01) (8, -8.83622837066650390625e+00) (9, -7.70683586597442626953e-01) (10, -9.94704818725585937500e+00) (11, -1.31691396236419677734e-01) 
