FANN_FLO_2.1
num_layers=4
learning_rate=0.500000
connection_rate=1.000000
network_type=0
learning_momentum=0.000000
training_algorithm=2
train_error_function=1
train_stop_function=0
cascade_output_change_fraction=0.010000
quickprop_decay=-0.000100
quickprop_mu=1.750000
rprop_increase_factor=1.200000
rprop_decrease_factor=0.500000
rprop_delta_min=0.000000
rprop_delta_max=50.000000
rprop_delta_zero=0.100000
cascade_output_stagnation_epochs=12
cascade_candidate_change_fraction=0.010000
cascade_candidate_stagnation_epochs=12
cascade_max_out_epochs=150
cascade_min_out_epochs=50
cascade_max_cand_epochs=150
cascade_min_cand_epochs=50
cascade_num_candidate_groups=2
bit_fail_limit=3.49999994039535522461e-01
cascade_candidate_limit=1.00000000000000000000e+03
cascade_weight_multiplier=4.00000005960464477539e-01
cascade_activation_functions_count=10
cascade_activation_functions=3 5 7 8 10 11 14 15 16 17 
cascade_activation_steepnesses_count=4
cascade_activation_steepnesses=2.50000000000000000000e-01 5.00000000000000000000e-01 7.50000000000000000000e-01 1.00000000000000000000e+00 
layer_sizes=10 3 3 2 
scale_included=0
neurons (num_inputs, activation_function, activation_steepness)=(0, 0, 0.00000000000000000000e+00) (0, 0, 0.00000000000000000000e+00) (0, 0, 0.00000000000000000000e+00) (0, 0, 0.00000000000000000000e+00) (0, 0, 0.00000000000000000000e+00) (0, 0, 0.00000000000000000000e+00) (0, 0, 0.00000000000000000000e+00) (0, 0, 0.00000000000000000000e+00) (0, 0, 0.00000000000000000000e+00) (0, 0, 0.00000000000000000000e+00) (10, 3, 5.00000000000000000000e-01) (10, 3, 5.00000000000000000000e-01) (0, 3, 0.00000000000000000000e+00) (3, 3, 5.00000000000000000000e-01) (3, 3, 5.00000000000000000000e-01) (0, 3, 0.00000000000000000000e+00) (3, 3, 5.00000000000000000000e-01) (0, 3, 0.00000000000000000000e+00) 
connections (connected_to_neuron, weight)=(0, 6.87403619289398193359e-01) (1, 1.49527966976165771484e+00) (2, -4.57928323745727539062e+00) (3, -1.20478701591491699219e+00) (4, 2.97570252418518066406e+00) (5, -4.39335060119628906250e+00) (6, -4.26020294427871704102e-01) (7, -5.23008346557617187500e+00) (8, 4.73484420776367187500e+00) (9, 1.54523456096649169922e+00) (0, 3.83007526397705078125e-01) (1, 1.45300686359405517578e+00) (2, -3.93739581108093261719e-01) (3, -1.41173863410949707031e+00) (4, 1.97586143016815185547e+00) (5, 2.69341677427291870117e-01) (6, -7.98195078969001770020e-02) (7, -6.85830116271972656250e+00) (8, -1.13842797279357910156e+00) (9, 1.94354164600372314453e+00) (10, 8.50463485717773437500e+00) (11, 7.94948005676269531250e+00) (12, -3.96987986564636230469e+00) (10, 9.85949993133544921875e+00) (11, 8.38228416442871093750e+00) (12, -4.54374265670776367188e+00) (13, 1.45229983329772949219e+00) (14, 1.21461784839630126953e+00) (15, -1.78111648559570312500e+00) 
