FANN_FLO_2.1
num_layers=3
learning_rate=0.400000
connection_rate=1.000000
network_type=0
learning_momentum=0.000000
training_algorithm=2
train_error_function=1
train_stop_function=0
cascade_output_change_fraction=0.010000
quickprop_decay=-0.000100
quickprop_mu=1.750000
rprop_increase_factor=1.200000
rprop_decrease_factor=0.500000
rprop_delta_min=0.000000
rprop_delta_max=50.000000
rprop_delta_zero=0.100000
cascade_output_stagnation_epochs=12
cascade_candidate_change_fraction=0.010000
cascade_candidate_stagnation_epochs=12
cascade_max_out_epochs=150
cascade_min_out_epochs=50
cascade_max_cand_epochs=150
cascade_min_cand_epochs=50
cascade_num_candidate_groups=2
bit_fail_limit=3.49999994039535522461e-01
cascade_candidate_limit=1.00000000000000000000e+03
cascade_weight_multiplier=4.00000005960464477539e-01
cascade_activation_functions_count=10
cascade_activation_functions=3 5 7 8 10 11 14 15 16 17 
cascade_activation_steepnesses_count=4
cascade_activation_steepnesses=2.50000000000000000000e-01 5.00000000000000000000e-01 7.50000000000000000000e-01 1.00000000000000000000e+00 
layer_sizes=7 9 2 
scale_included=0
neurons (num_inputs, activation_function, activation_steepness)=(0, 0, 0.00000000000000000000e+00) (0, 0, 0.00000000000000000000e+00) (0, 0, 0.00000000000000000000e+00) (0, 0, 0.00000000000000000000e+00) (0, 0, 0.00000000000000000000e+00) (0, 0, 0.00000000000000000000e+00) (0, 0, 0.00000000000000000000e+00) (7, 3, 5.00000000000000000000e-01) (7, 3, 5.00000000000000000000e-01) (7, 3, 5.00000000000000000000e-01) (7, 3, 5.00000000000000000000e-01) (7, 3, 5.00000000000000000000e-01) (7, 3, 5.00000000000000000000e-01) (7, 3, 5.00000000000000000000e-01) (7, 3, 5.00000000000000000000e-01) (0, 3, 0.00000000000000000000e+00) (9, 3, 5.00000000000000000000e-01) (0, 3, 0.00000000000000000000e+00) 
connections (connected_to_neuron, weight)=(0, -3.82235145568847656250e+00) (1, -1.99158179759979248047e+00) (2, -3.00046753883361816406e+00) (3, 1.45738148689270019531e+00) (4, 9.95479285717010498047e-01) (5, 1.23692548274993896484e+00) (6, -1.36954820156097412109e+00) (0, 3.84452533721923828125e+00) (1, -1.46237838268280029297e+00) (2, 1.70598006248474121094e+00) (3, 9.44442898035049438477e-02) (4, -4.68432486057281494141e-01) (5, -1.04269064962863922119e-01) (6, -1.80075740814208984375e+00) (0, -2.55906796455383300781e+00) (1, 3.27746659517288208008e-01) (2, -1.78667679429054260254e-02) (3, -6.32966935634613037109e-01) (4, -2.03060126304626464844e+00) (5, 7.58353352546691894531e-01) (6, 4.69955503940582275391e-01) (0, -1.54146890640258789062e+01) (1, -1.88513815402984619141e+00) (2, 1.00906791687011718750e+01) (3, 2.89433097839355468750e+00) (4, 1.37011480331420898438e+00) (5, -1.86860275268554687500e+00) (6, -1.31546342372894287109e+00) (0, -2.45189476013183593750e+00) (1, -3.52925920486450195312e+00) (2, -3.66256856918334960938e+00) (3, 1.01419210433959960938e+00) (4, 1.72058308124542236328e+00) (5, 1.15746712684631347656e+00) (6, -9.87255811691284179688e-01) (0, -2.51276278495788574219e+00) (1, -1.64539253711700439453e+00) (2, 1.10989618301391601562e+00) (3, 2.36186766624450683594e+00) (4, 7.51805305480957031250e+00) (5, -8.03913497924804687500e+00) (6, -4.94384169578552246094e-01) (0, -5.66431820392608642578e-01) (1, -2.28770923614501953125e+00) (2, -1.53637003898620605469e+00) (3, 2.07881903648376464844e+00) (4, -1.00287163257598876953e+00) (5, 6.68266201019287109375e+00) (6, -3.39809799194335937500e+00) (0, 9.32850003242492675781e-01) (1, 3.10109287500381469727e-01) (2, -4.08458137512207031250e+00) (3, -9.72627937793731689453e-01) (4, -3.66185140609741210938e+00) (5, 1.14290180206298828125e+01) (6, 5.31868696212768554688e-01) (7, 6.48260176181793212891e-01) (8, 5.23028731346130371094e-01) (9, -2.77204561233520507812e+00) (10, 7.97133445739746093750e-01) (11, 4.47821521759033203125e+00) (12, 4.92885917425155639648e-01) (13, 3.63521671295166015625e+00) (14, -2.16487026214599609375e+00) (15, -4.42723095417022705078e-01) 
