FANN_FLO_2.1
num_layers=3
learning_rate=0.400000
connection_rate=1.000000
network_type=0
learning_momentum=0.000000
training_algorithm=2
train_error_function=1
train_stop_function=0
cascade_output_change_fraction=0.010000
quickprop_decay=-0.000100
quickprop_mu=1.750000
rprop_increase_factor=1.200000
rprop_decrease_factor=0.500000
rprop_delta_min=0.000000
rprop_delta_max=50.000000
rprop_delta_zero=0.100000
cascade_output_stagnation_epochs=12
cascade_candidate_change_fraction=0.010000
cascade_candidate_stagnation_epochs=12
cascade_max_out_epochs=150
cascade_min_out_epochs=50
cascade_max_cand_epochs=150
cascade_min_cand_epochs=50
cascade_num_candidate_groups=2
bit_fail_limit=3.49999994039535522461e-01
cascade_candidate_limit=1.00000000000000000000e+03
cascade_weight_multiplier=4.00000005960464477539e-01
cascade_activation_functions_count=10
cascade_activation_functions=3 5 7 8 10 11 14 15 16 17 
cascade_activation_steepnesses_count=4
cascade_activation_steepnesses=2.50000000000000000000e-01 5.00000000000000000000e-01 7.50000000000000000000e-01 1.00000000000000000000e+00 
layer_sizes=7 9 2 
scale_included=0
neurons (num_inputs, activation_function, activation_steepness)=(0, 0, 0.00000000000000000000e+00) (0, 0, 0.00000000000000000000e+00) (0, 0, 0.00000000000000000000e+00) (0, 0, 0.00000000000000000000e+00) (0, 0, 0.00000000000000000000e+00) (0, 0, 0.00000000000000000000e+00) (0, 0, 0.00000000000000000000e+00) (7, 3, 5.00000000000000000000e-01) (7, 3, 5.00000000000000000000e-01) (7, 3, 5.00000000000000000000e-01) (7, 3, 5.00000000000000000000e-01) (7, 3, 5.00000000000000000000e-01) (7, 3, 5.00000000000000000000e-01) (7, 3, 5.00000000000000000000e-01) (7, 3, 5.00000000000000000000e-01) (0, 3, 0.00000000000000000000e+00) (9, 3, 5.00000000000000000000e-01) (0, 3, 0.00000000000000000000e+00) 
connections (connected_to_neuron, weight)=(0, 5.98348081111907958984e-01) (1, 5.13215303421020507812e-01) (2, 1.10819928348064422607e-01) (3, -2.16721892356872558594e+00) (4, -7.90785360336303710938e+00) (5, 6.43560791015625000000e+01) (6, -4.80828781127929687500e+01) (0, -6.15464401245117187500e+00) (1, -3.26896739006042480469e+00) (2, 1.89093456268310546875e+01) (3, -3.10262262821197509766e-01) (4, -1.25602722167968750000e+00) (5, 3.82302999496459960938e+00) (6, 5.15756082534790039062e+00) (0, 6.21690750122070312500e+00) (1, -2.34733057022094726562e+00) (2, -2.41418433189392089844e+00) (3, 6.36871242523193359375e+00) (4, 1.01367485523223876953e+00) (5, 6.44489145278930664062e+00) (6, -9.09634017944335937500e+00) (0, -6.42477416992187500000e+00) (1, 6.55834341049194335938e+00) (2, -1.42335367202758789062e+00) (3, -7.35162794589996337891e-01) (4, -2.03197568655014038086e-01) (5, -4.46279382705688476562e+00) (6, -5.05938351154327392578e-01) (0, 1.21539268493652343750e+01) (1, -1.33541917800903320312e+01) (2, 5.33596611022949218750e+00) (3, -7.06542015075683593750e+00) (4, 1.05279672145843505859e+00) (5, 7.27909612655639648438e+00) (6, -6.24944114685058593750e+00) (0, 7.53182792663574218750e+00) (1, -1.00719146728515625000e+01) (2, 1.14226932525634765625e+01) (3, -6.28185176849365234375e+00) (4, -2.44786405563354492188e+00) (5, -1.21803832054138183594e+00) (6, 6.34184074401855468750e+00) (0, 1.99766397476196289062e-01) (1, -5.41076548397541046143e-02) (2, 3.44164073467254638672e-02) (3, -1.80172359943389892578e+00) (4, -8.89198970794677734375e+00) (5, 4.06169090270996093750e+01) (6, -2.92819862365722656250e+01) (0, 1.14840469360351562500e+01) (1, -1.44060363769531250000e+01) (2, 4.75582182407379150391e-01) (3, -2.30188250541687011719e+00) (4, -1.49358940124511718750e+00) (5, -3.54970359802246093750e+00) (6, 5.69208717346191406250e+00) (7, -7.95849323272705078125e-01) (8, -6.18617296218872070312e-01) (9, -2.41754245758056640625e+00) (10, -1.00857210159301757812e+01) (11, -3.07733774185180664062e+00) (12, -6.15024805068969726562e-01) (13, -1.34755289554595947266e+00) (14, -2.68041729927062988281e+00) (15, 3.48587822914123535156e+00) 
