FANN_FLO_2.1
num_layers=4
learning_rate=0.500000
connection_rate=1.000000
network_type=0
learning_momentum=0.000000
training_algorithm=2
train_error_function=1
train_stop_function=0
cascade_output_change_fraction=0.010000
quickprop_decay=-0.000100
quickprop_mu=1.750000
rprop_increase_factor=1.200000
rprop_decrease_factor=0.500000
rprop_delta_min=0.000000
rprop_delta_max=50.000000
rprop_delta_zero=0.100000
cascade_output_stagnation_epochs=12
cascade_candidate_change_fraction=0.010000
cascade_candidate_stagnation_epochs=12
cascade_max_out_epochs=150
cascade_min_out_epochs=50
cascade_max_cand_epochs=150
cascade_min_cand_epochs=50
cascade_num_candidate_groups=2
bit_fail_limit=3.49999994039535522461e-01
cascade_candidate_limit=1.00000000000000000000e+03
cascade_weight_multiplier=4.00000005960464477539e-01
cascade_activation_functions_count=10
cascade_activation_functions=3 5 7 8 10 11 14 15 16 17 
cascade_activation_steepnesses_count=4
cascade_activation_steepnesses=2.50000000000000000000e-01 5.00000000000000000000e-01 7.50000000000000000000e-01 1.00000000000000000000e+00 
layer_sizes=10 3 3 2 
scale_included=0
neurons (num_inputs, activation_function, activation_steepness)=(0, 0, 0.00000000000000000000e+00) (0, 0, 0.00000000000000000000e+00) (0, 0, 0.00000000000000000000e+00) (0, 0, 0.00000000000000000000e+00) (0, 0, 0.00000000000000000000e+00) (0, 0, 0.00000000000000000000e+00) (0, 0, 0.00000000000000000000e+00) (0, 0, 0.00000000000000000000e+00) (0, 0, 0.00000000000000000000e+00) (0, 0, 0.00000000000000000000e+00) (10, 3, 5.00000000000000000000e-01) (10, 3, 5.00000000000000000000e-01) (0, 3, 0.00000000000000000000e+00) (3, 3, 5.00000000000000000000e-01) (3, 3, 5.00000000000000000000e-01) (0, 3, 0.00000000000000000000e+00) (3, 3, 5.00000000000000000000e-01) (0, 3, 0.00000000000000000000e+00) 
connections (connected_to_neuron, weight)=(0, -3.59849500656127929688e+00) (1, 6.72960102558135986328e-01) (2, -2.08470273017883300781e+00) (3, -8.90463709831237792969e-01) (4, 4.40817737579345703125e+00) (5, -3.79808115959167480469e+00) (6, 1.53364765644073486328e+00) (7, -4.07974338531494140625e+00) (8, 2.33123034238815307617e-01) (9, 2.28798151016235351562e+00) (0, -4.10209274291992187500e+00) (1, 6.69055283069610595703e-02) (2, -6.88002482056617736816e-02) (3, -3.07384037971496582031e+00) (4, 2.48410725593566894531e+00) (5, -8.37865352630615234375e-01) (6, 1.91470134258270263672e+00) (7, -5.71703386306762695312e+00) (8, -1.20447599887847900391e+00) (9, 5.46427917480468750000e+00) (10, 1.66092205047607421875e+01) (11, 5.84821414947509765625e+00) (12, -6.28665971755981445312e+00) (10, 1.71473941802978515625e+01) (11, 5.54369831085205078125e+00) (12, -6.01376724243164062500e+00) (13, 1.07529199123382568359e+00) (14, 1.11848008632659912109e+00) (15, -1.35342824459075927734e+00) 
