FANN_FLO_2.1
num_layers=3
learning_rate=0.400000
connection_rate=1.000000
network_type=0
learning_momentum=0.000000
training_algorithm=2
train_error_function=1
train_stop_function=0
cascade_output_change_fraction=0.010000
quickprop_decay=-0.000100
quickprop_mu=1.750000
rprop_increase_factor=1.200000
rprop_decrease_factor=0.500000
rprop_delta_min=0.000000
rprop_delta_max=50.000000
rprop_delta_zero=0.100000
cascade_output_stagnation_epochs=12
cascade_candidate_change_fraction=0.010000
cascade_candidate_stagnation_epochs=12
cascade_max_out_epochs=150
cascade_min_out_epochs=50
cascade_max_cand_epochs=150
cascade_min_cand_epochs=50
cascade_num_candidate_groups=2
bit_fail_limit=3.49999994039535522461e-01
cascade_candidate_limit=1.00000000000000000000e+03
cascade_weight_multiplier=4.00000005960464477539e-01
cascade_activation_functions_count=10
cascade_activation_functions=3 5 7 8 10 11 14 15 16 17 
cascade_activation_steepnesses_count=4
cascade_activation_steepnesses=2.50000000000000000000e-01 5.00000000000000000000e-01 7.50000000000000000000e-01 1.00000000000000000000e+00 
layer_sizes=19 3 3 
scale_included=0
neurons (num_inputs, activation_function, activation_steepness)=(0, 0, 0.00000000000000000000e+00) (0, 0, 0.00000000000000000000e+00) (0, 0, 0.00000000000000000000e+00) (0, 0, 0.00000000000000000000e+00) (0, 0, 0.00000000000000000000e+00) (0, 0, 0.00000000000000000000e+00) (0, 0, 0.00000000000000000000e+00) (0, 0, 0.00000000000000000000e+00) (0, 0, 0.00000000000000000000e+00) (0, 0, 0.00000000000000000000e+00) (0, 0, 0.00000000000000000000e+00) (0, 0, 0.00000000000000000000e+00) (0, 0, 0.00000000000000000000e+00) (0, 0, 0.00000000000000000000e+00) (0, 0, 0.00000000000000000000e+00) (0, 0, 0.00000000000000000000e+00) (0, 0, 0.00000000000000000000e+00) (0, 0, 0.00000000000000000000e+00) (0, 0, 0.00000000000000000000e+00) (19, 3, 5.00000000000000000000e-01) (19, 3, 5.00000000000000000000e-01) (0, 3, 0.00000000000000000000e+00) (3, 3, 5.00000000000000000000e-01) (3, 3, 5.00000000000000000000e-01) (0, 3, 0.00000000000000000000e+00) 
connections (connected_to_neuron, weight)=(0, -3.38427901268005371094e+00) (1, 2.18682289123535156250e+00) (2, 2.42204737663269042969e+00) (3, 8.78557384014129638672e-01) (4, -1.27215313911437988281e+00) (5, 5.78296184539794921875e+00) (6, 1.08309960365295410156e+00) (7, -1.33610892295837402344e+00) (8, 5.02992534637451171875e+00) (9, -4.91501033306121826172e-01) (10, 6.55829235911369323730e-02) (11, -4.21006155014038085938e+00) (12, -7.57626116275787353516e-01) (13, -6.32167994976043701172e-01) (14, -2.62219762802124023438e+00) (15, 3.87058228254318237305e-01) (16, -1.50568112730979919434e-01) (17, -3.95580935478210449219e+00) (18, -3.82484245300292968750e+00) (0, 1.82702865600585937500e+01) (1, -8.95066356658935546875e+00) (2, 1.96790680289268493652e-01) (3, -9.90593719482421875000e+00) (4, 7.73664522171020507812e+00) (5, -1.24609203338623046875e+01) (6, -3.59955310821533203125e+00) (7, 5.65403032302856445312e+00) (8, -6.42589235305786132812e+00) (9, -1.27481079101562500000e+00) (10, -1.51111772283911705017e-02) (11, 8.41499996185302734375e+00) (12, 2.23970150947570800781e+00) (13, 2.36636376380920410156e+00) (14, 2.89449596405029296875e+00) (15, -7.67858028411865234375e-01) (16, 4.48637008666992187500e+00) (17, 8.54091644287109375000e+00) (18, 7.90112137794494628906e-01) (19, -2.55865287780761718750e+00) (20, -1.72457420825958251953e+00) (21, 1.21056199073791503906e+00) (19, 2.55383515357971191406e+00) (20, 1.72176432609558105469e+00) (21, -1.20767450332641601562e+00) 
