FANN_FLO_2.1
num_layers=4
learning_rate=0.500000
connection_rate=1.000000
network_type=0
learning_momentum=0.000000
training_algorithm=2
train_error_function=1
train_stop_function=0
cascade_output_change_fraction=0.010000
quickprop_decay=-0.000100
quickprop_mu=1.750000
rprop_increase_factor=1.200000
rprop_decrease_factor=0.500000
rprop_delta_min=0.000000
rprop_delta_max=50.000000
rprop_delta_zero=0.100000
cascade_output_stagnation_epochs=12
cascade_candidate_change_fraction=0.010000
cascade_candidate_stagnation_epochs=12
cascade_max_out_epochs=150
cascade_min_out_epochs=50
cascade_max_cand_epochs=150
cascade_min_cand_epochs=50
cascade_num_candidate_groups=2
bit_fail_limit=3.49999994039535522461e-01
cascade_candidate_limit=1.00000000000000000000e+03
cascade_weight_multiplier=4.00000005960464477539e-01
cascade_activation_functions_count=10
cascade_activation_functions=3 5 7 8 10 11 14 15 16 17 
cascade_activation_steepnesses_count=4
cascade_activation_steepnesses=2.50000000000000000000e-01 5.00000000000000000000e-01 7.50000000000000000000e-01 1.00000000000000000000e+00 
layer_sizes=2 5 5 3 
scale_included=0
neurons (num_inputs, activation_function, activation_steepness)=(0, 0, 0.00000000000000000000e+00) (0, 0, 0.00000000000000000000e+00) (2, 3, 5.00000000000000000000e-01) (2, 3, 5.00000000000000000000e-01) (2, 3, 5.00000000000000000000e-01) (2, 3, 5.00000000000000000000e-01) (0, 3, 0.00000000000000000000e+00) (5, 3, 5.00000000000000000000e-01) (5, 3, 5.00000000000000000000e-01) (5, 3, 5.00000000000000000000e-01) (5, 3, 5.00000000000000000000e-01) (0, 3, 0.00000000000000000000e+00) (5, 0, 5.00000000000000000000e-01) (5, 0, 5.00000000000000000000e-01) (0, 0, 0.00000000000000000000e+00) 
connections (connected_to_neuron, weight)=(0, 1.50000000000000000000e+03) (1, 2.57388324737548828125e+01) (0, 1.50000000000000000000e+03) (1, 3.57917175292968750000e+01) (0, 1.50000000000000000000e+03) (1, 3.40144714355468750000e+02) (0, -1.50000000000000000000e+03) (1, 1.62006843090057373047e+00) (2, -1.49020776367187500000e+03) (3, -1.49020776367187500000e+03) (4, -1.49020776367187500000e+03) (5, 9.03736267089843750000e+02) (6, -4.91366052627563476562e+00) (2, -1.45768823242187500000e+03) (3, 8.96643188476562500000e+02) (4, 1.03583215332031250000e+03) (5, 8.99908081054687500000e+02) (6, -1.77841961383819580078e+00) (2, -1.49020776367187500000e+03) (3, -2.99269046783447265625e+01) (4, -1.49020776367187500000e+03) (5, 9.87197952270507812500e+01) (6, 1.16864371299743652344e+00) (2, 6.30309104919433593750e+00) (3, -7.40954637527465820312e+00) (4, -8.07479190826416015625e+00) (5, 1.56512584686279296875e+01) (6, -1.94347310066223144531e+00) (7, 1.50000000000000000000e+03) (8, -2.41946086287498474121e-01) (9, 1.50000000000000000000e+03) (10, 1.53847575187683105469e+00) (11, -1.10300612449645996094e+00) (7, 1.50000000000000000000e+03) (8, 2.15286582708358764648e-01) (9, 1.50000000000000000000e+03) (10, 2.28673863410949707031e+00) (11, -2.15045481920242309570e-01) 
