FANN_FLO_2.1
num_layers=3
learning_rate=0.400000
connection_rate=1.000000
network_type=0
learning_momentum=0.000000
training_algorithm=2
train_error_function=1
train_stop_function=0
cascade_output_change_fraction=0.010000
quickprop_decay=-0.000100
quickprop_mu=1.750000
rprop_increase_factor=1.200000
rprop_decrease_factor=0.500000
rprop_delta_min=0.000000
rprop_delta_max=50.000000
rprop_delta_zero=0.100000
cascade_output_stagnation_epochs=12
cascade_candidate_change_fraction=0.010000
cascade_candidate_stagnation_epochs=12
cascade_max_out_epochs=150
cascade_min_out_epochs=50
cascade_max_cand_epochs=150
cascade_min_cand_epochs=50
cascade_num_candidate_groups=2
bit_fail_limit=3.49999994039535522461e-01
cascade_candidate_limit=1.00000000000000000000e+03
cascade_weight_multiplier=4.00000005960464477539e-01
cascade_activation_functions_count=10
cascade_activation_functions=3 5 7 8 10 11 14 15 16 17 
cascade_activation_steepnesses_count=4
cascade_activation_steepnesses=2.50000000000000000000e-01 5.00000000000000000000e-01 7.50000000000000000000e-01 1.00000000000000000000e+00 
layer_sizes=7 5 2 
scale_included=0
neurons (num_inputs, activation_function, activation_steepness)=(0, 0, 0.00000000000000000000e+00) (0, 0, 0.00000000000000000000e+00) (0, 0, 0.00000000000000000000e+00) (0, 0, 0.00000000000000000000e+00) (0, 0, 0.00000000000000000000e+00) (0, 0, 0.00000000000000000000e+00) (0, 0, 0.00000000000000000000e+00) (7, 3, 5.00000000000000000000e-01) (7, 3, 5.00000000000000000000e-01) (7, 3, 5.00000000000000000000e-01) (7, 3, 5.00000000000000000000e-01) (0, 3, 0.00000000000000000000e+00) (5, 3, 5.00000000000000000000e-01) (0, 3, 0.00000000000000000000e+00) 
connections (connected_to_neuron, weight)=(0, -3.92242789268493652344e+00) (1, -5.74027681350708007812e+00) (2, -5.94277811050415039062e+00) (3, 1.88411855697631835938e+00) (4, 1.64923644065856933594e+00) (5, 4.37794017791748046875e+00) (6, 8.69162678718566894531e-01) (0, -3.40244293212890625000e+00) (1, -8.84722137451171875000e+00) (2, -2.23928070068359375000e+00) (3, 2.39266896247863769531e+00) (4, 2.32269930839538574219e+00) (5, 2.22317552566528320312e+00) (6, -1.70470571517944335938e+00) (0, -2.68320417404174804688e+00) (1, -9.29415047168731689453e-01) (2, 4.56393718719482421875e+00) (3, 8.86799240112304687500e+00) (4, 1.31421351432800292969e+00) (5, -1.43726072311401367188e+01) (6, 9.71615388989448547363e-02) (0, 5.79010772705078125000e+00) (1, -4.40662717819213867188e+00) (2, -5.40534067153930664062e+00) (3, 1.85879051685333251953e+00) (4, -6.02381086349487304688e+00) (5, 1.10469150543212890625e+01) (6, -3.46199035644531250000e+00) (7, 9.04916644096374511719e-01) (8, 2.56095528602600097656e+00) (9, 3.04345273971557617188e+00) (10, 2.22800087928771972656e+00) (11, -2.50266504287719726562e+00) 
