FANN_FLO_2.1
num_layers=3
learning_rate=0.500000
connection_rate=1.000000
network_type=0
learning_momentum=0.000000
training_algorithm=2
train_error_function=1
train_stop_function=0
cascade_output_change_fraction=0.010000
quickprop_decay=-0.000100
quickprop_mu=1.750000
rprop_increase_factor=1.200000
rprop_decrease_factor=0.500000
rprop_delta_min=0.000000
rprop_delta_max=50.000000
rprop_delta_zero=0.100000
cascade_output_stagnation_epochs=12
cascade_candidate_change_fraction=0.010000
cascade_candidate_stagnation_epochs=12
cascade_max_out_epochs=150
cascade_min_out_epochs=50
cascade_max_cand_epochs=150
cascade_min_cand_epochs=50
cascade_num_candidate_groups=2
bit_fail_limit=3.49999994039535522461e-01
cascade_candidate_limit=1.00000000000000000000e+03
cascade_weight_multiplier=4.00000005960464477539e-01
cascade_activation_functions_count=10
cascade_activation_functions=3 5 7 8 10 11 14 15 16 17 
cascade_activation_steepnesses_count=4
cascade_activation_steepnesses=2.50000000000000000000e-01 5.00000000000000000000e-01 7.50000000000000000000e-01 1.00000000000000000000e+00 
layer_sizes=10 5 2 
scale_included=0
neurons (num_inputs, activation_function, activation_steepness)=(0, 0, 0.00000000000000000000e+00) (0, 0, 0.00000000000000000000e+00) (0, 0, 0.00000000000000000000e+00) (0, 0, 0.00000000000000000000e+00) (0, 0, 0.00000000000000000000e+00) (0, 0, 0.00000000000000000000e+00) (0, 0, 0.00000000000000000000e+00) (0, 0, 0.00000000000000000000e+00) (0, 0, 0.00000000000000000000e+00) (0, 0, 0.00000000000000000000e+00) (10, 3, 5.00000000000000000000e-01) (10, 3, 5.00000000000000000000e-01) (10, 3, 5.00000000000000000000e-01) (10, 3, 5.00000000000000000000e-01) (0, 3, 0.00000000000000000000e+00) (5, 3, 5.00000000000000000000e-01) (0, 3, 0.00000000000000000000e+00) 
connections (connected_to_neuron, weight)=(0, -2.93818593025207519531e-01) (1, -6.49894475936889648438e+00) (2, 3.63381791114807128906e+00) (3, -2.31526732444763183594e+00) (4, -9.39856147766113281250e+00) (5, 3.25612020492553710938e+00) (6, -3.17065978050231933594e+00) (7, 4.63798332214355468750e+00) (8, 2.96571159362792968750e+00) (9, 2.22770190238952636719e+00) (0, 3.96902418136596679688e+00) (1, -9.65522766113281250000e+00) (2, 5.95253038406372070312e+00) (3, -3.65512585639953613281e+00) (4, -5.19418478012084960938e+00) (5, -4.64184188842773437500e+00) (6, -3.23823046684265136719e+00) (7, 5.41642606258392333984e-01) (8, 3.00661206245422363281e-01) (9, 3.50125074386596679688e+00) (0, -1.40691051483154296875e+01) (1, -6.54230070114135742188e+00) (2, 1.07808008193969726562e+01) (3, -2.82475471496582031250e-01) (4, -1.65149784088134765625e+00) (5, -2.88033694028854370117e-01) (6, -1.22990787029266357422e+00) (7, 1.20403423309326171875e+01) (8, 1.66523361206054687500e+00) (9, 8.87378454208374023438e-01) (0, 1.24378859996795654297e+00) (1, -5.66091632843017578125e+00) (2, 5.96375417709350585938e+00) (3, -2.69751596450805664062e+00) (4, -6.08432579040527343750e+00) (5, -3.49843859672546386719e+00) (6, -6.72728657722473144531e-01) (7, -2.72919774055480957031e-01) (8, -2.60129153728485107422e-01) (9, 3.24887228012084960938e+00) (10, 7.85557699203491210938e+00) (11, -9.33351421356201171875e+00) (12, -4.15698099136352539062e+00) (13, -2.31597352027893066406e+00) (14, 9.20506775379180908203e-01) 
