FANN_FLO_2.1
num_layers=4
learning_rate=0.500000
connection_rate=1.000000
network_type=0
learning_momentum=0.000000
training_algorithm=2
train_error_function=1
train_stop_function=0
cascade_output_change_fraction=0.010000
quickprop_decay=-0.000100
quickprop_mu=1.750000
rprop_increase_factor=1.200000
rprop_decrease_factor=0.500000
rprop_delta_min=0.000000
rprop_delta_max=50.000000
rprop_delta_zero=0.100000
cascade_output_stagnation_epochs=12
cascade_candidate_change_fraction=0.010000
cascade_candidate_stagnation_epochs=12
cascade_max_out_epochs=150
cascade_min_out_epochs=50
cascade_max_cand_epochs=150
cascade_min_cand_epochs=50
cascade_num_candidate_groups=2
bit_fail_limit=3.49999994039535522461e-01
cascade_candidate_limit=1.00000000000000000000e+03
cascade_weight_multiplier=4.00000005960464477539e-01
cascade_activation_functions_count=10
cascade_activation_functions=3 5 7 8 10 11 14 15 16 17 
cascade_activation_steepnesses_count=4
cascade_activation_steepnesses=2.50000000000000000000e-01 5.00000000000000000000e-01 7.50000000000000000000e-01 1.00000000000000000000e+00 
layer_sizes=2 5 3 3 
scale_included=0
neurons (num_inputs, activation_function, activation_steepness)=(0, 0, 0.00000000000000000000e+00) (0, 0, 0.00000000000000000000e+00) (2, 3, 5.00000000000000000000e-01) (2, 3, 5.00000000000000000000e-01) (2, 3, 5.00000000000000000000e-01) (2, 3, 5.00000000000000000000e-01) (0, 3, 0.00000000000000000000e+00) (5, 3, 5.00000000000000000000e-01) (5, 3, 5.00000000000000000000e-01) (0, 3, 0.00000000000000000000e+00) (3, 0, 5.00000000000000000000e-01) (3, 0, 5.00000000000000000000e-01) (0, 0, 0.00000000000000000000e+00) 
connections (connected_to_neuron, weight)=(0, -7.40771245956420898438e+00) (1, 1.10071444511413574219e+00) (0, 7.39788675308227539062e+00) (1, -1.84269237518310546875e+00) (0, 8.06354045867919921875e+00) (1, -1.86839568614959716797e+00) (0, -9.98593078613281250000e+02) (1, 3.31905784606933593750e+01) (2, 1.98912048339843750000e+01) (3, -1.10758638381958007812e+00) (4, -1.61539542675018310547e+00) (5, -1.28555574417114257812e+01) (6, -9.39592003822326660156e-01) (2, -3.26407194137573242188e+00) (3, 1.69943737983703613281e+00) (4, 1.60585522651672363281e+00) (5, -3.47198188304901123047e-01) (6, 1.17673158645629882812e-01) (7, -2.47719073295593261719e+00) (8, -2.07448530197143554688e+00) (9, 1.84360909461975097656e+00) (7, 1.15817761421203613281e+00) (8, -4.07518196105957031250e+00) (9, 1.61641395092010498047e+00) 
