FANN_FLO_2.1
num_layers=4
learning_rate=0.500000
connection_rate=1.000000
network_type=0
learning_momentum=0.000000
training_algorithm=2
train_error_function=1
train_stop_function=0
cascade_output_change_fraction=0.010000
quickprop_decay=-0.000100
quickprop_mu=1.750000
rprop_increase_factor=1.200000
rprop_decrease_factor=0.500000
rprop_delta_min=0.000000
rprop_delta_max=50.000000
rprop_delta_zero=0.100000
cascade_output_stagnation_epochs=12
cascade_candidate_change_fraction=0.010000
cascade_candidate_stagnation_epochs=12
cascade_max_out_epochs=150
cascade_min_out_epochs=50
cascade_max_cand_epochs=150
cascade_min_cand_epochs=50
cascade_num_candidate_groups=2
bit_fail_limit=3.49999994039535522461e-01
cascade_candidate_limit=1.00000000000000000000e+03
cascade_weight_multiplier=4.00000005960464477539e-01
cascade_activation_functions_count=10
cascade_activation_functions=3 5 7 8 10 11 14 15 16 17 
cascade_activation_steepnesses_count=4
cascade_activation_steepnesses=2.50000000000000000000e-01 5.00000000000000000000e-01 7.50000000000000000000e-01 1.00000000000000000000e+00 
layer_sizes=10 5 3 2 
scale_included=0
neurons (num_inputs, activation_function, activation_steepness)=(0, 0, 0.00000000000000000000e+00) (0, 0, 0.00000000000000000000e+00) (0, 0, 0.00000000000000000000e+00) (0, 0, 0.00000000000000000000e+00) (0, 0, 0.00000000000000000000e+00) (0, 0, 0.00000000000000000000e+00) (0, 0, 0.00000000000000000000e+00) (0, 0, 0.00000000000000000000e+00) (0, 0, 0.00000000000000000000e+00) (0, 0, 0.00000000000000000000e+00) (10, 3, 5.00000000000000000000e-01) (10, 3, 5.00000000000000000000e-01) (10, 3, 5.00000000000000000000e-01) (10, 3, 5.00000000000000000000e-01) (0, 3, 0.00000000000000000000e+00) (5, 3, 5.00000000000000000000e-01) (5, 3, 5.00000000000000000000e-01) (0, 3, 0.00000000000000000000e+00) (3, 3, 5.00000000000000000000e-01) (0, 3, 0.00000000000000000000e+00) 
connections (connected_to_neuron, weight)=(0, -1.39284179687500000000e+02) (1, -9.17057454586029052734e-01) (2, 2.19491672515869140625e+00) (3, -2.03514518737792968750e+01) (4, -2.93598060607910156250e+01) (5, -1.10938053131103515625e+01) (6, 2.12829895019531250000e+02) (7, -4.63466495275497436523e-01) (8, 1.32764458656311035156e+00) (9, -5.03032255172729492188e+00) (0, 1.09366073608398437500e+01) (1, -6.15221881866455078125e+00) (2, -2.26430249214172363281e+00) (3, 5.66785693168640136719e-01) (4, -6.78991603851318359375e+00) (5, -2.24310874938964843750e+00) (6, -3.66305619478225708008e-01) (7, -6.64912581443786621094e-01) (8, 5.45345067977905273438e+00) (9, -1.17957681417465209961e-01) (0, 5.34644699096679687500e+01) (1, -6.73780822753906250000e+00) (2, -1.15392255783081054688e+00) (3, 1.10420707702636718750e+02) (4, -2.00723876953125000000e+02) (5, -3.37851166725158691406e+00) (6, 4.77049865722656250000e+01) (7, -9.15945291519165039062e-01) (8, -1.96885375976562500000e+01) (9, -2.15295600891113281250e+00) (0, 9.84222507476806640625e+00) (1, -7.34271860122680664062e+00) (2, 7.48067677021026611328e-01) (3, 4.32029306888580322266e-01) (4, -6.71379852294921875000e+00) (5, -4.18386840820312500000e+00) (6, -1.63804471492767333984e-01) (7, -9.35177683830261230469e-01) (8, 1.04961490631103515625e+01) (9, -7.21035599708557128906e-01) (10, 6.08391662597656250000e+02) (11, -1.03352603912353515625e+01) (12, 1.41901025390625000000e+03) (13, -3.66572235107421875000e+02) (14, 8.34974594116210937500e+01) (10, -2.59391045570373535156e+00) (11, -2.73502540588378906250e+00) (12, -1.19681043624877929688e+01) (13, 2.74223766326904296875e+01) (14, -1.11718492507934570312e+01) (15, 1.86249661445617675781e+00) (16, -3.72276753187179565430e-01) (17, -9.89876508712768554688e-01) 
