FANN_FLO_2.1
num_layers=4
learning_rate=0.500000
connection_rate=1.000000
network_type=0
learning_momentum=0.000000
training_algorithm=2
train_error_function=1
train_stop_function=0
cascade_output_change_fraction=0.010000
quickprop_decay=-0.000100
quickprop_mu=1.750000
rprop_increase_factor=1.200000
rprop_decrease_factor=0.500000
rprop_delta_min=0.000000
rprop_delta_max=50.000000
rprop_delta_zero=0.100000
cascade_output_stagnation_epochs=12
cascade_candidate_change_fraction=0.010000
cascade_candidate_stagnation_epochs=12
cascade_max_out_epochs=150
cascade_min_out_epochs=50
cascade_max_cand_epochs=150
cascade_min_cand_epochs=50
cascade_num_candidate_groups=2
bit_fail_limit=3.49999994039535522461e-01
cascade_candidate_limit=1.00000000000000000000e+03
cascade_weight_multiplier=4.00000005960464477539e-01
cascade_activation_functions_count=10
cascade_activation_functions=3 5 7 8 10 11 14 15 16 17 
cascade_activation_steepnesses_count=4
cascade_activation_steepnesses=2.50000000000000000000e-01 5.00000000000000000000e-01 7.50000000000000000000e-01 1.00000000000000000000e+00 
layer_sizes=2 5 5 3 
scale_included=0
neurons (num_inputs, activation_function, activation_steepness)=(0, 0, 0.00000000000000000000e+00) (0, 0, 0.00000000000000000000e+00) (2, 3, 5.00000000000000000000e-01) (2, 3, 5.00000000000000000000e-01) (2, 3, 5.00000000000000000000e-01) (2, 3, 5.00000000000000000000e-01) (0, 3, 0.00000000000000000000e+00) (5, 3, 5.00000000000000000000e-01) (5, 3, 5.00000000000000000000e-01) (5, 3, 5.00000000000000000000e-01) (5, 3, 5.00000000000000000000e-01) (0, 3, 0.00000000000000000000e+00) (5, 0, 5.00000000000000000000e-01) (5, 0, 5.00000000000000000000e-01) (0, 0, 0.00000000000000000000e+00) 
connections (connected_to_neuron, weight)=(0, -1.04121261596679687500e+02) (1, 2.82336444854736328125e+01) (0, 9.12959289550781250000e+01) (1, -2.49226112365722656250e+01) (0, -1.92549133300781250000e+02) (1, 5.17546119689941406250e+01) (0, 1.49692004394531250000e+03) (1, -1.02033538818359375000e+02) (2, 1.50000000000000000000e+03) (3, -1.50000000000000000000e+03) (4, 1.50000000000000000000e+03) (5, 1.44839880371093750000e+03) (6, 3.43295837402343750000e+02) (2, -5.65961790084838867188e+00) (3, 1.50000000000000000000e+03) (4, -4.44092655181884765625e+00) (5, 8.88422012329101562500e+00) (6, 1.08153903484344482422e+00) (2, -4.70041841268539428711e-01) (3, 1.47620568847656250000e+03) (4, -9.90160882472991943359e-01) (5, -1.47713000488281250000e+03) (6, 2.72490918636322021484e-01) (2, 1.50000000000000000000e+03) (3, -1.50000000000000000000e+03) (4, 1.50000000000000000000e+03) (5, 1.27827746582031250000e+03) (6, 2.22377883911132812500e+02) (7, -5.26237010955810546875e-01) (8, -1.12128508090972900391e+00) (9, 2.91071033477783203125e+00) (10, -3.91039729118347167969e-01) (11, 5.10901473462581634521e-02) (7, 1.39700734615325927734e+00) (8, -3.03284001350402832031e+00) (9, -3.42122173309326171875e+00) (10, 8.78816008567810058594e-01) (11, 4.86973404884338378906e-01) 
