FANN_FLO_2.1
num_layers=3
learning_rate=0.500000
connection_rate=1.000000
network_type=0
learning_momentum=0.000000
training_algorithm=2
train_error_function=1
train_stop_function=0
cascade_output_change_fraction=0.010000
quickprop_decay=-0.000100
quickprop_mu=1.750000
rprop_increase_factor=1.200000
rprop_decrease_factor=0.500000
rprop_delta_min=0.000000
rprop_delta_max=50.000000
rprop_delta_zero=0.100000
cascade_output_stagnation_epochs=12
cascade_candidate_change_fraction=0.010000
cascade_candidate_stagnation_epochs=12
cascade_max_out_epochs=150
cascade_min_out_epochs=50
cascade_max_cand_epochs=150
cascade_min_cand_epochs=50
cascade_num_candidate_groups=2
bit_fail_limit=3.49999994039535522461e-01
cascade_candidate_limit=1.00000000000000000000e+03
cascade_weight_multiplier=4.00000005960464477539e-01
cascade_activation_functions_count=10
cascade_activation_functions=3 5 7 8 10 11 14 15 16 17 
cascade_activation_steepnesses_count=4
cascade_activation_steepnesses=2.50000000000000000000e-01 5.00000000000000000000e-01 7.50000000000000000000e-01 1.00000000000000000000e+00 
layer_sizes=10 5 2 
scale_included=0
neurons (num_inputs, activation_function, activation_steepness)=(0, 0, 0.00000000000000000000e+00) (0, 0, 0.00000000000000000000e+00) (0, 0, 0.00000000000000000000e+00) (0, 0, 0.00000000000000000000e+00) (0, 0, 0.00000000000000000000e+00) (0, 0, 0.00000000000000000000e+00) (0, 0, 0.00000000000000000000e+00) (0, 0, 0.00000000000000000000e+00) (0, 0, 0.00000000000000000000e+00) (0, 0, 0.00000000000000000000e+00) (10, 3, 5.00000000000000000000e-01) (10, 3, 5.00000000000000000000e-01) (10, 3, 5.00000000000000000000e-01) (10, 3, 5.00000000000000000000e-01) (0, 3, 0.00000000000000000000e+00) (5, 3, 5.00000000000000000000e-01) (0, 3, 0.00000000000000000000e+00) 
connections (connected_to_neuron, weight)=(0, 1.37579667568206787109e+00) (1, -2.53050255775451660156e+00) (2, 4.49563711881637573242e-01) (3, 3.11505889892578125000e+00) (4, 2.24472236633300781250e+00) (5, 8.84685802459716796875e+00) (6, -2.59487485885620117188e+00) (7, 1.42191410064697265625e+00) (8, -8.54500484466552734375e+00) (9, -3.00049871206283569336e-01) (0, -8.34267973899841308594e-01) (1, 1.48468241095542907715e-01) (2, 1.02619385719299316406e+00) (3, -4.31705999374389648438e+00) (4, -1.78850877285003662109e+00) (5, -4.37402200698852539062e+00) (6, 1.94230663776397705078e+00) (7, -7.08465158939361572266e-01) (8, 8.06393861770629882812e-01) (9, 1.40913903713226318359e+00) (0, -1.68760490417480468750e+00) (1, -1.72567689418792724609e+00) (2, 5.73281908035278320312e+00) (3, 1.21238195896148681641e+00) (4, 6.19529247283935546875e+00) (5, -1.47496545314788818359e+00) (6, 2.24684429168701171875e+00) (7, 6.06737613677978515625e+00) (8, -8.07266116142272949219e-01) (9, -9.07829475402832031250e+00) (0, 5.17521440982818603516e-01) (1, -2.86607122421264648438e+00) (2, 1.59799218177795410156e+00) (3, -3.13930964469909667969e+00) (4, -1.76076579093933105469e+00) (5, -2.60632061958312988281e+00) (6, -6.14546179771423339844e-01) (7, -2.64088368415832519531e+00) (8, -1.79750591516494750977e-01) (9, 2.24873924255371093750e+00) (10, 3.03440833091735839844e+00) (11, -7.09281921386718750000e+00) (12, -1.26500806808471679688e+01) (13, -1.39532794952392578125e+01) (14, 1.17775046825408935547e+00) 
