FANN_FLO_2.1
num_layers=4
learning_rate=0.500000
connection_rate=1.000000
network_type=0
learning_momentum=0.000000
training_algorithm=2
train_error_function=1
train_stop_function=0
cascade_output_change_fraction=0.010000
quickprop_decay=-0.000100
quickprop_mu=1.750000
rprop_increase_factor=1.200000
rprop_decrease_factor=0.500000
rprop_delta_min=0.000000
rprop_delta_max=50.000000
rprop_delta_zero=0.100000
cascade_output_stagnation_epochs=12
cascade_candidate_change_fraction=0.010000
cascade_candidate_stagnation_epochs=12
cascade_max_out_epochs=150
cascade_min_out_epochs=50
cascade_max_cand_epochs=150
cascade_min_cand_epochs=50
cascade_num_candidate_groups=2
bit_fail_limit=3.49999994039535522461e-01
cascade_candidate_limit=1.00000000000000000000e+03
cascade_weight_multiplier=4.00000005960464477539e-01
cascade_activation_functions_count=10
cascade_activation_functions=3 5 7 8 10 11 14 15 16 17 
cascade_activation_steepnesses_count=4
cascade_activation_steepnesses=2.50000000000000000000e-01 5.00000000000000000000e-01 7.50000000000000000000e-01 1.00000000000000000000e+00 
layer_sizes=2 5 5 3 
scale_included=0
neurons (num_inputs, activation_function, activation_steepness)=(0, 0, 0.00000000000000000000e+00) (0, 0, 0.00000000000000000000e+00) (2, 3, 5.00000000000000000000e-01) (2, 3, 5.00000000000000000000e-01) (2, 3, 5.00000000000000000000e-01) (2, 3, 5.00000000000000000000e-01) (0, 3, 0.00000000000000000000e+00) (5, 3, 5.00000000000000000000e-01) (5, 3, 5.00000000000000000000e-01) (5, 3, 5.00000000000000000000e-01) (5, 3, 5.00000000000000000000e-01) (0, 3, 0.00000000000000000000e+00) (5, 0, 5.00000000000000000000e-01) (5, 0, 5.00000000000000000000e-01) (0, 0, 0.00000000000000000000e+00) 
connections (connected_to_neuron, weight)=(0, 1.34891347885131835938e+01) (1, 2.81853049993515014648e-01) (0, -8.40878295898437500000e+00) (1, 1.57319712638854980469e+00) (0, 4.48246994018554687500e+01) (1, 1.02192103862762451172e+00) (0, 2.03549785614013671875e+01) (1, -4.08194112777709960938e+00) (2, -3.31919550895690917969e-01) (3, 3.27569580078125000000e+01) (4, 4.72943112254142761230e-02) (5, -3.75764918327331542969e+00) (6, 5.83286523818969726562e-01) (2, -6.92229926586151123047e-01) (3, 1.47013587951660156250e+01) (4, -6.15544140338897705078e-01) (5, -3.88907361030578613281e+00) (6, 1.37003433704376220703e+00) (2, 1.95668756961822509766e+00) (3, -4.84229373931884765625e+00) (4, 1.99829995632171630859e+00) (5, 6.34433412551879882812e+00) (6, -6.33451901376247406006e-03) (2, -4.56155633926391601562e+00) (3, 1.24215154647827148438e+01) (4, -1.65119576454162597656e+00) (5, -1.38463795185089111328e-01) (6, 7.01926648616790771484e-02) (7, -1.75338995456695556641e+00) (8, -6.56733989715576171875e-01) (9, -2.11621332168579101562e+00) (10, 4.47264701128005981445e-01) (11, 2.39699554443359375000e+00) (7, 5.00224292278289794922e-01) (8, 1.55440962314605712891e+00) (9, -6.73819422721862792969e-01) (10, 1.70393717288970947266e+00) (11, -1.58409702777862548828e+00) 
