FANN_FLO_2.1
num_layers=4
learning_rate=0.400000
connection_rate=1.000000
network_type=0
learning_momentum=0.000000
training_algorithm=2
train_error_function=1
train_stop_function=0
cascade_output_change_fraction=0.010000
quickprop_decay=-0.000100
quickprop_mu=1.750000
rprop_increase_factor=1.200000
rprop_decrease_factor=0.500000
rprop_delta_min=0.000000
rprop_delta_max=50.000000
rprop_delta_zero=0.100000
cascade_output_stagnation_epochs=12
cascade_candidate_change_fraction=0.010000
cascade_candidate_stagnation_epochs=12
cascade_max_out_epochs=150
cascade_min_out_epochs=50
cascade_max_cand_epochs=150
cascade_min_cand_epochs=50
cascade_num_candidate_groups=2
bit_fail_limit=3.49999994039535522461e-01
cascade_candidate_limit=1.00000000000000000000e+03
cascade_weight_multiplier=4.00000005960464477539e-01
cascade_activation_functions_count=10
cascade_activation_functions=3 5 7 8 10 11 14 15 16 17 
cascade_activation_steepnesses_count=4
cascade_activation_steepnesses=2.50000000000000000000e-01 5.00000000000000000000e-01 7.50000000000000000000e-01 1.00000000000000000000e+00 
layer_sizes=7 3 3 2 
scale_included=0
neurons (num_inputs, activation_function, activation_steepness)=(0, 0, 0.00000000000000000000e+00) (0, 0, 0.00000000000000000000e+00) (0, 0, 0.00000000000000000000e+00) (0, 0, 0.00000000000000000000e+00) (0, 0, 0.00000000000000000000e+00) (0, 0, 0.00000000000000000000e+00) (0, 0, 0.00000000000000000000e+00) (7, 3, 5.00000000000000000000e-01) (7, 3, 5.00000000000000000000e-01) (0, 3, 0.00000000000000000000e+00) (3, 3, 5.00000000000000000000e-01) (3, 3, 5.00000000000000000000e-01) (0, 3, 0.00000000000000000000e+00) (3, 3, 5.00000000000000000000e-01) (0, 3, 0.00000000000000000000e+00) 
connections (connected_to_neuron, weight)=(0, -3.27671718597412109375e+00) (1, 1.59001246094703674316e-01) (2, 1.72733473777770996094e+00) (3, -3.12507176399230957031e+00) (4, -1.25332981348037719727e-01) (5, 5.48281252384185791016e-01) (6, 1.38284027576446533203e+00) (0, 2.87893533706665039062e-01) (1, 5.00518703460693359375e+00) (2, -8.71691513061523437500e+00) (3, -1.38079226016998291016e+00) (4, -8.31494712829589843750e+00) (5, 3.76361072063446044922e-01) (6, -8.39045226573944091797e-01) (7, 1.05155477523803710938e+01) (8, 2.09991431236267089844e+00) (9, -2.72478723526000976562e+00) (7, 4.22837562561035156250e+01) (8, 1.18054094314575195312e+01) (9, -1.96712315082550048828e+00) (10, -2.53204369544982910156e+00) (11, -1.13305771350860595703e+00) (12, -3.14090400934219360352e-01) 
