FANN_FLO_2.1
num_layers=4
learning_rate=0.500000
connection_rate=1.000000
network_type=0
learning_momentum=0.000000
training_algorithm=2
train_error_function=1
train_stop_function=0
cascade_output_change_fraction=0.010000
quickprop_decay=-0.000100
quickprop_mu=1.750000
rprop_increase_factor=1.200000
rprop_decrease_factor=0.500000
rprop_delta_min=0.000000
rprop_delta_max=50.000000
rprop_delta_zero=0.100000
cascade_output_stagnation_epochs=12
cascade_candidate_change_fraction=0.010000
cascade_candidate_stagnation_epochs=12
cascade_max_out_epochs=150
cascade_min_out_epochs=50
cascade_max_cand_epochs=150
cascade_min_cand_epochs=50
cascade_num_candidate_groups=2
bit_fail_limit=3.49999994039535522461e-01
cascade_candidate_limit=1.00000000000000000000e+03
cascade_weight_multiplier=4.00000005960464477539e-01
cascade_activation_functions_count=10
cascade_activation_functions=3 5 7 8 10 11 14 15 16 17 
cascade_activation_steepnesses_count=4
cascade_activation_steepnesses=2.50000000000000000000e-01 5.00000000000000000000e-01 7.50000000000000000000e-01 1.00000000000000000000e+00 
layer_sizes=2 5 5 3 
scale_included=0
neurons (num_inputs, activation_function, activation_steepness)=(0, 0, 0.00000000000000000000e+00) (0, 0, 0.00000000000000000000e+00) (2, 3, 5.00000000000000000000e-01) (2, 3, 5.00000000000000000000e-01) (2, 3, 5.00000000000000000000e-01) (2, 3, 5.00000000000000000000e-01) (0, 3, 0.00000000000000000000e+00) (5, 3, 5.00000000000000000000e-01) (5, 3, 5.00000000000000000000e-01) (5, 3, 5.00000000000000000000e-01) (5, 3, 5.00000000000000000000e-01) (0, 3, 0.00000000000000000000e+00) (5, 0, 5.00000000000000000000e-01) (5, 0, 5.00000000000000000000e-01) (0, 0, 0.00000000000000000000e+00) 
connections (connected_to_neuron, weight)=(0, 1.50000000000000000000e+03) (1, 4.16924057006835937500e+01) (0, 1.50000000000000000000e+03) (1, 1.61576137542724609375e+01) (0, 1.50000000000000000000e+03) (1, 7.11736583709716796875e+00) (0, 1.50000000000000000000e+03) (1, 7.36653900146484375000e+00) (2, 6.44837158203125000000e+02) (3, 1.43937182617187500000e+03) (4, 1.23826951980590820312e+01) (5, 1.86368012428283691406e+00) (6, -2.86661952733993530273e-01) (2, -1.38039428710937500000e+02) (3, -1.31867736816406250000e+03) (4, -1.47722061157226562500e+02) (5, -1.54933261871337890625e+00) (6, 1.38130593299865722656e+00) (2, 4.86242370605468750000e+02) (3, 1.43937292480468750000e+03) (4, 1.25329232215881347656e+00) (5, 1.40532064437866210938e+00) (6, -9.30505752563476562500e+00) (2, -5.05452752113342285156e-01) (3, -2.72582292556762695312e+00) (4, 1.95892810821533203125e+00) (5, 1.83683681488037109375e+00) (6, -1.74384438991546630859e+00) (7, -3.71419899165630340576e-02) (8, 1.50000000000000000000e+03) (9, -7.96788275241851806641e-01) (10, -2.23468589782714843750e+00) (11, 3.14220964908599853516e-01) (7, 2.61462241411209106445e-01) (8, 1.50000000000000000000e+03) (9, 1.88045430183410644531e+00) (10, -9.24059963226318359375e+00) (11, 2.01143294572830200195e-01) 
