FANN_FLO_2.1
num_layers=3
learning_rate=0.400000
connection_rate=1.000000
network_type=0
learning_momentum=0.000000
training_algorithm=2
train_error_function=1
train_stop_function=0
cascade_output_change_fraction=0.010000
quickprop_decay=-0.000100
quickprop_mu=1.750000
rprop_increase_factor=1.200000
rprop_decrease_factor=0.500000
rprop_delta_min=0.000000
rprop_delta_max=50.000000
rprop_delta_zero=0.100000
cascade_output_stagnation_epochs=12
cascade_candidate_change_fraction=0.010000
cascade_candidate_stagnation_epochs=12
cascade_max_out_epochs=150
cascade_min_out_epochs=50
cascade_max_cand_epochs=150
cascade_min_cand_epochs=50
cascade_num_candidate_groups=2
bit_fail_limit=3.49999994039535522461e-01
cascade_candidate_limit=1.00000000000000000000e+03
cascade_weight_multiplier=4.00000005960464477539e-01
cascade_activation_functions_count=10
cascade_activation_functions=3 5 7 8 10 11 14 15 16 17 
cascade_activation_steepnesses_count=4
cascade_activation_steepnesses=2.50000000000000000000e-01 5.00000000000000000000e-01 7.50000000000000000000e-01 1.00000000000000000000e+00 
layer_sizes=7 5 2 
scale_included=0
neurons (num_inputs, activation_function, activation_steepness)=(0, 0, 0.00000000000000000000e+00) (0, 0, 0.00000000000000000000e+00) (0, 0, 0.00000000000000000000e+00) (0, 0, 0.00000000000000000000e+00) (0, 0, 0.00000000000000000000e+00) (0, 0, 0.00000000000000000000e+00) (0, 0, 0.00000000000000000000e+00) (7, 3, 5.00000000000000000000e-01) (7, 3, 5.00000000000000000000e-01) (7, 3, 5.00000000000000000000e-01) (7, 3, 5.00000000000000000000e-01) (0, 3, 0.00000000000000000000e+00) (5, 3, 5.00000000000000000000e-01) (0, 3, 0.00000000000000000000e+00) 
connections (connected_to_neuron, weight)=(0, -7.74004340171813964844e-01) (1, 2.50193029642105102539e-01) (2, -1.34451484680175781250e+00) (3, -1.44424188137054443359e+00) (4, -1.06731027364730834961e-01) (5, 6.50992318987846374512e-02) (6, 1.86346924304962158203e+00) (0, 7.39396619796752929688e+00) (1, -8.54593467712402343750e+00) (2, 2.41780567169189453125e+00) (3, -1.92383420467376708984e+00) (4, -3.34359526634216308594e-01) (5, 4.05397748947143554688e+00) (6, -3.63596820831298828125e+00) (0, -1.55444671630859375000e+02) (1, 1.13387584686279296875e+01) (2, 8.98043884277343750000e+02) (3, -8.06997909545898437500e+01) (4, -1.17814709472656250000e+03) (5, 1.22191009521484375000e+02) (6, 1.04581534862518310547e+00) (0, -9.11642837524414062500e+00) (1, 7.10030317306518554688e+00) (2, -2.73778939247131347656e+00) (3, -2.26911234855651855469e+00) (4, -1.06027185916900634766e+00) (5, -5.75275135040283203125e+00) (6, 1.93291509151458740234e+00) (7, -1.28670537471771240234e+00) (8, -7.82860279083251953125e+00) (9, 7.94298231601715087891e-01) (10, -5.48795127868652343750e+00) (11, -5.81289045512676239014e-02) 
