FANN_FLO_2.1
num_layers=4
learning_rate=0.400000
connection_rate=1.000000
network_type=0
learning_momentum=0.000000
training_algorithm=2
train_error_function=1
train_stop_function=0
cascade_output_change_fraction=0.010000
quickprop_decay=-0.000100
quickprop_mu=1.750000
rprop_increase_factor=1.200000
rprop_decrease_factor=0.500000
rprop_delta_min=0.000000
rprop_delta_max=50.000000
rprop_delta_zero=0.100000
cascade_output_stagnation_epochs=12
cascade_candidate_change_fraction=0.010000
cascade_candidate_stagnation_epochs=12
cascade_max_out_epochs=150
cascade_min_out_epochs=50
cascade_max_cand_epochs=150
cascade_min_cand_epochs=50
cascade_num_candidate_groups=2
bit_fail_limit=3.49999994039535522461e-01
cascade_candidate_limit=1.00000000000000000000e+03
cascade_weight_multiplier=4.00000005960464477539e-01
cascade_activation_functions_count=10
cascade_activation_functions=3 5 7 8 10 11 14 15 16 17 
cascade_activation_steepnesses_count=4
cascade_activation_steepnesses=2.50000000000000000000e-01 5.00000000000000000000e-01 7.50000000000000000000e-01 1.00000000000000000000e+00 
layer_sizes=7 5 5 2 
scale_included=0
neurons (num_inputs, activation_function, activation_steepness)=(0, 0, 0.00000000000000000000e+00) (0, 0, 0.00000000000000000000e+00) (0, 0, 0.00000000000000000000e+00) (0, 0, 0.00000000000000000000e+00) (0, 0, 0.00000000000000000000e+00) (0, 0, 0.00000000000000000000e+00) (0, 0, 0.00000000000000000000e+00) (7, 3, 5.00000000000000000000e-01) (7, 3, 5.00000000000000000000e-01) (7, 3, 5.00000000000000000000e-01) (7, 3, 5.00000000000000000000e-01) (0, 3, 0.00000000000000000000e+00) (5, 3, 5.00000000000000000000e-01) (5, 3, 5.00000000000000000000e-01) (5, 3, 5.00000000000000000000e-01) (5, 3, 5.00000000000000000000e-01) (0, 3, 0.00000000000000000000e+00) (5, 3, 5.00000000000000000000e-01) (0, 3, 0.00000000000000000000e+00) 
connections (connected_to_neuron, weight)=(0, -5.07675361633300781250e+01) (1, 1.11763526916503906250e+02) (2, -3.22068603515625000000e+02) (3, 6.90289123535156250000e+02) (4, -3.56104309082031250000e+02) (5, -1.36763942241668701172e+00) (6, 2.22575831413269042969e+00) (0, -7.79352903366088867188e+00) (1, 6.28737020492553710938e+00) (2, -1.50799548625946044922e+00) (3, -1.43575429916381835938e+00) (4, -1.38040816783905029297e+00) (5, -8.00447559356689453125e+00) (6, 1.35321772098541259766e+00) (0, -1.44637487792968750000e+03) (1, -1.50000000000000000000e+03) (2, 1.33279516601562500000e+03) (3, -1.38742538452148437500e+02) (4, 3.45502349853515625000e+02) (5, 4.40611410140991210938e+00) (6, 1.22367691993713378906e+00) (0, -3.86170715093612670898e-01) (1, -6.13957548141479492188e+00) (2, 3.61492186784744262695e-01) (3, -8.23267269134521484375e+00) (4, -1.92416203022003173828e+00) (5, 8.86408138275146484375e+00) (6, 6.82178556919097900391e-01) (7, -1.22465372085571289062e+00) (8, 6.25162315368652343750e+00) (9, 1.50000000000000000000e+03) (10, 8.32038581371307373047e-01) (11, -1.98757457733154296875e+00) (7, -1.14836025238037109375e+00) (8, 6.45747280120849609375e+00) (9, 1.50000000000000000000e+03) (10, 2.29947137832641601562e+00) (11, -1.85319423675537109375e+00) (7, 1.42233610153198242188e+00) (8, 3.19390702247619628906e+00) (9, 1.50000000000000000000e+03) (10, 3.39716839790344238281e+00) (11, -1.61939358711242675781e+00) (7, -7.00825691223144531250e-01) (8, 7.46727371215820312500e+00) (9, 1.50000000000000000000e+03) (10, 2.48220062255859375000e+01) (11, -1.18873119354248046875e+00) (12, -1.58922481536865234375e+00) (13, -1.47702205181121826172e+00) (14, -1.22762429714202880859e+00) (15, -8.96009206771850585938e-01) (16, -3.84632736444473266602e-01) 
