FANN_FLO_2.1
num_layers=3
learning_rate=0.400000
connection_rate=1.000000
network_type=0
learning_momentum=0.000000
training_algorithm=2
train_error_function=1
train_stop_function=0
cascade_output_change_fraction=0.010000
quickprop_decay=-0.000100
quickprop_mu=1.750000
rprop_increase_factor=1.200000
rprop_decrease_factor=0.500000
rprop_delta_min=0.000000
rprop_delta_max=50.000000
rprop_delta_zero=0.100000
cascade_output_stagnation_epochs=12
cascade_candidate_change_fraction=0.010000
cascade_candidate_stagnation_epochs=12
cascade_max_out_epochs=150
cascade_min_out_epochs=50
cascade_max_cand_epochs=150
cascade_min_cand_epochs=50
cascade_num_candidate_groups=2
bit_fail_limit=3.49999994039535522461e-01
cascade_candidate_limit=1.00000000000000000000e+03
cascade_weight_multiplier=4.00000005960464477539e-01
cascade_activation_functions_count=10
cascade_activation_functions=3 5 7 8 10 11 14 15 16 17 
cascade_activation_steepnesses_count=4
cascade_activation_steepnesses=2.50000000000000000000e-01 5.00000000000000000000e-01 7.50000000000000000000e-01 1.00000000000000000000e+00 
layer_sizes=7 9 2 
scale_included=0
neurons (num_inputs, activation_function, activation_steepness)=(0, 0, 0.00000000000000000000e+00) (0, 0, 0.00000000000000000000e+00) (0, 0, 0.00000000000000000000e+00) (0, 0, 0.00000000000000000000e+00) (0, 0, 0.00000000000000000000e+00) (0, 0, 0.00000000000000000000e+00) (0, 0, 0.00000000000000000000e+00) (7, 3, 5.00000000000000000000e-01) (7, 3, 5.00000000000000000000e-01) (7, 3, 5.00000000000000000000e-01) (7, 3, 5.00000000000000000000e-01) (7, 3, 5.00000000000000000000e-01) (7, 3, 5.00000000000000000000e-01) (7, 3, 5.00000000000000000000e-01) (7, 3, 5.00000000000000000000e-01) (0, 3, 0.00000000000000000000e+00) (9, 3, 5.00000000000000000000e-01) (0, 3, 0.00000000000000000000e+00) 
connections (connected_to_neuron, weight)=(0, 1.25115242004394531250e+01) (1, -1.34696836471557617188e+01) (2, 1.25504687428474426270e-01) (3, -5.10898303985595703125e+00) (4, -1.58442825078964233398e-01) (5, 4.49695777893066406250e+00) (6, -4.13530874252319335938e+00) (0, -6.77290773391723632812e+00) (1, 2.12977433204650878906e+00) (2, -1.28950099945068359375e+01) (3, 6.03226348757743835449e-02) (4, -9.60473358631134033203e-01) (5, 1.46776401996612548828e+00) (6, 4.01322793960571289062e+00) (0, -1.67256317138671875000e+01) (1, 1.01242227554321289062e+01) (2, 3.89462804794311523438e+00) (3, -1.77342784404754638672e+00) (4, -2.39446550607681274414e-01) (5, 3.98128747940063476562e+00) (6, 2.78962564468383789062e+00) (0, -1.21458024978637695312e+01) (1, 5.22787427902221679688e+00) (2, -5.90720176696777343750e+01) (3, -3.32035207748413085938e+00) (4, 6.39425611495971679688e+00) (5, 1.06095399856567382812e+01) (6, 2.84369182586669921875e+00) (0, 9.57096099853515625000e+00) (1, -1.08851718902587890625e+01) (2, 3.39190530776977539062e+00) (3, 3.50108599662780761719e+00) (4, -5.20796966552734375000e+00) (5, 7.50835084915161132812e+00) (6, -9.39759540557861328125e+00) (0, 9.28056180477142333984e-01) (1, -5.08444881439208984375e+00) (2, 2.96172475814819335938e+00) (3, -4.85859155654907226562e+00) (4, -1.84905505180358886719e+00) (5, -2.81305170059204101562e+00) (6, 6.98514986038208007812e+00) (0, -7.74123370647430419922e-02) (1, 5.98811388015747070312e+00) (2, 4.71410036087036132812e+00) (3, 1.34590520858764648438e+01) (4, 4.27313947677612304688e+00) (5, -3.85808438062667846680e-01) (6, -6.55350351333618164062e+00) (0, -6.75221014022827148438e+00) (1, 6.15052795410156250000e+00) (2, -1.79948993027210235596e-02) (3, -1.80944597721099853516e+00) (4, -1.33061885833740234375e+00) (5, -1.50000000000000000000e+03) (6, -5.67266404628753662109e-01) (7, -8.20109176635742187500e+00) (8, 9.80982184410095214844e-02) (9, -7.59405016899108886719e-01) (10, -4.63002532720565795898e-01) (11, -5.28270196914672851562e+00) (12, -5.75638651847839355469e-01) (13, -1.31135690212249755859e+00) (14, -1.42976150512695312500e+01) (15, 6.77471160888671875000e-01) 
