FANN_FLO_2.1
num_layers=3
learning_rate=0.500000
connection_rate=1.000000
network_type=0
learning_momentum=0.000000
training_algorithm=2
train_error_function=1
train_stop_function=0
cascade_output_change_fraction=0.010000
quickprop_decay=-0.000100
quickprop_mu=1.750000
rprop_increase_factor=1.200000
rprop_decrease_factor=0.500000
rprop_delta_min=0.000000
rprop_delta_max=50.000000
rprop_delta_zero=0.100000
cascade_output_stagnation_epochs=12
cascade_candidate_change_fraction=0.010000
cascade_candidate_stagnation_epochs=12
cascade_max_out_epochs=150
cascade_min_out_epochs=50
cascade_max_cand_epochs=150
cascade_min_cand_epochs=50
cascade_num_candidate_groups=2
bit_fail_limit=3.49999994039535522461e-01
cascade_candidate_limit=1.00000000000000000000e+03
cascade_weight_multiplier=4.00000005960464477539e-01
cascade_activation_functions_count=10
cascade_activation_functions=3 5 7 8 10 11 14 15 16 17 
cascade_activation_steepnesses_count=4
cascade_activation_steepnesses=2.50000000000000000000e-01 5.00000000000000000000e-01 7.50000000000000000000e-01 1.00000000000000000000e+00 
layer_sizes=10 5 2 
scale_included=0
neurons (num_inputs, activation_function, activation_steepness)=(0, 0, 0.00000000000000000000e+00) (0, 0, 0.00000000000000000000e+00) (0, 0, 0.00000000000000000000e+00) (0, 0, 0.00000000000000000000e+00) (0, 0, 0.00000000000000000000e+00) (0, 0, 0.00000000000000000000e+00) (0, 0, 0.00000000000000000000e+00) (0, 0, 0.00000000000000000000e+00) (0, 0, 0.00000000000000000000e+00) (0, 0, 0.00000000000000000000e+00) (10, 3, 5.00000000000000000000e-01) (10, 3, 5.00000000000000000000e-01) (10, 3, 5.00000000000000000000e-01) (10, 3, 5.00000000000000000000e-01) (0, 3, 0.00000000000000000000e+00) (5, 3, 5.00000000000000000000e-01) (0, 3, 0.00000000000000000000e+00) 
connections (connected_to_neuron, weight)=(0, 9.72257912158966064453e-01) (1, 4.87261563539505004883e-01) (2, 1.99025106430053710938e+00) (3, -3.44865393638610839844e+00) (4, -4.55505371093750000000e+00) (5, 2.18952822685241699219e+00) (6, 7.31544733047485351562e+00) (7, -5.66561031341552734375e+00) (8, 4.94077742099761962891e-01) (9, 6.27844512462615966797e-01) (0, -3.23454916477203369141e-01) (1, -6.83939790725708007812e+00) (2, -1.27977447509765625000e+01) (3, -1.12091255187988281250e+00) (4, 7.73112773895263671875e-01) (5, 5.87734699249267578125e+00) (6, 2.15202903747558593750e+00) (7, -2.03820675611495971680e-01) (8, 3.43812417984008789062e+00) (9, 1.61221122741699218750e+00) (0, 1.10543832778930664062e+01) (1, 1.07414245605468750000e+00) (2, -1.70501601696014404297e+00) (3, -3.34435462951660156250e+00) (4, -3.59139680862426757812e+00) (5, -4.05596733093261718750e+00) (6, 3.71830254793167114258e-01) (7, -2.11293482780456542969e+00) (8, -4.59546518325805664062e+00) (9, 2.28652858734130859375e+00) (0, 6.27607643604278564453e-01) (1, 2.53330826759338378906e+00) (2, -9.59030985832214355469e-01) (3, 2.64622628688812255859e-01) (4, -1.56376373767852783203e+00) (5, 1.12789833545684814453e+00) (6, 3.27519989013671875000e+00) (7, -1.59017057418823242188e+01) (8, -6.27992916107177734375e+00) (9, 9.57068061828613281250e+00) (10, 9.42539691925048828125e-01) (11, 4.21541023254394531250e+00) (12, 1.08576691150665283203e+00) (13, 3.39212584495544433594e+00) (14, -4.04232263565063476562e+00) 
