FANN_FLO_2.1
num_layers=3
learning_rate=0.400000
connection_rate=1.000000
network_type=0
learning_momentum=0.000000
training_algorithm=2
train_error_function=1
train_stop_function=0
cascade_output_change_fraction=0.010000
quickprop_decay=-0.000100
quickprop_mu=1.750000
rprop_increase_factor=1.200000
rprop_decrease_factor=0.500000
rprop_delta_min=0.000000
rprop_delta_max=50.000000
rprop_delta_zero=0.100000
cascade_output_stagnation_epochs=12
cascade_candidate_change_fraction=0.010000
cascade_candidate_stagnation_epochs=12
cascade_max_out_epochs=150
cascade_min_out_epochs=50
cascade_max_cand_epochs=150
cascade_min_cand_epochs=50
cascade_num_candidate_groups=2
bit_fail_limit=3.49999994039535522461e-01
cascade_candidate_limit=1.00000000000000000000e+03
cascade_weight_multiplier=4.00000005960464477539e-01
cascade_activation_functions_count=10
cascade_activation_functions=3 5 7 8 10 11 14 15 16 17 
cascade_activation_steepnesses_count=4
cascade_activation_steepnesses=2.50000000000000000000e-01 5.00000000000000000000e-01 7.50000000000000000000e-01 1.00000000000000000000e+00 
layer_sizes=7 9 2 
scale_included=0
neurons (num_inputs, activation_function, activation_steepness)=(0, 0, 0.00000000000000000000e+00) (0, 0, 0.00000000000000000000e+00) (0, 0, 0.00000000000000000000e+00) (0, 0, 0.00000000000000000000e+00) (0, 0, 0.00000000000000000000e+00) (0, 0, 0.00000000000000000000e+00) (0, 0, 0.00000000000000000000e+00) (7, 3, 5.00000000000000000000e-01) (7, 3, 5.00000000000000000000e-01) (7, 3, 5.00000000000000000000e-01) (7, 3, 5.00000000000000000000e-01) (7, 3, 5.00000000000000000000e-01) (7, 3, 5.00000000000000000000e-01) (7, 3, 5.00000000000000000000e-01) (7, 3, 5.00000000000000000000e-01) (0, 3, 0.00000000000000000000e+00) (9, 3, 5.00000000000000000000e-01) (0, 3, 0.00000000000000000000e+00) 
connections (connected_to_neuron, weight)=(0, 1.99354767799377441406e+00) (1, -8.06809186935424804688e-01) (2, -5.67106485366821289062e-01) (3, 2.31965041160583496094e+00) (4, 4.13542413711547851562e+00) (5, 2.49785125255584716797e-01) (6, -1.49239093065261840820e-01) (0, -1.05927455425262451172e+00) (1, -7.41670906543731689453e-01) (2, 1.06081664562225341797e+00) (3, 4.21751886606216430664e-01) (4, 5.73383569717407226562e+00) (5, -1.64732360839843750000e+00) (6, -2.85243463516235351562e+00) (0, 8.30618095397949218750e+00) (1, 1.78735232353210449219e+00) (2, 2.46821761131286621094e-01) (3, -5.10306262969970703125e+00) (4, -1.88534855842590332031e-01) (5, -1.26102268695831298828e+00) (6, 1.94432163238525390625e+00) (0, 5.36047983169555664062e+00) (1, 3.17727351188659667969e+00) (2, 8.07915019989013671875e+00) (3, 6.85818791389465332031e-01) (4, -5.27980184555053710938e+00) (5, -4.52929067611694335938e+00) (6, 1.10996866226196289062e+00) (0, 2.41699695587158203125e+00) (1, -7.52711236476898193359e-01) (2, -1.08857309818267822266e+00) (3, 2.37907600402832031250e+00) (4, 4.13570213317871093750e+00) (5, 2.92833205312490463257e-02) (6, -1.72727853059768676758e-01) (0, 8.18146407604217529297e-01) (1, 1.60380220413208007812e+00) (2, -8.97663307189941406250e+00) (3, -4.48310613632202148438e+00) (4, -5.37682104110717773438e+00) (5, 2.38007335662841796875e+01) (6, 2.62560606002807617188e+00) (0, 7.37870502471923828125e+00) (1, -4.85851198434829711914e-01) (2, -5.91727972030639648438e+00) (3, 2.96371650695800781250e+00) (4, 4.05398130416870117188e+00) (5, -1.71262001991271972656e+00) (6, -4.68618839979171752930e-01) (0, 1.80602335929870605469e+00) (1, 1.82650494575500488281e+00) (2, 1.52226293087005615234e+00) (3, -2.33091378211975097656e+00) (4, 4.78969144821166992188e+00) (5, -1.30331726074218750000e+01) (6, 5.81571626663208007812e+00) (7, 1.03276121616363525391e+00) (8, 2.13729691505432128906e+00) (9, -1.35509026050567626953e+00) (10, -1.39270639419555664062e+00) (11, 1.12780284881591796875e+00) (12, -8.97473454475402832031e-01) (13, 1.25091922283172607422e+00) (14, -2.09140729904174804688e+00) (15, 2.66516376286745071411e-02) 
