FANN_FLO_2.1
num_layers=3
learning_rate=0.400000
connection_rate=1.000000
network_type=0
learning_momentum=0.000000
training_algorithm=2
train_error_function=1
train_stop_function=0
cascade_output_change_fraction=0.010000
quickprop_decay=-0.000100
quickprop_mu=1.750000
rprop_increase_factor=1.200000
rprop_decrease_factor=0.500000
rprop_delta_min=0.000000
rprop_delta_max=50.000000
rprop_delta_zero=0.100000
cascade_output_stagnation_epochs=12
cascade_candidate_change_fraction=0.010000
cascade_candidate_stagnation_epochs=12
cascade_max_out_epochs=150
cascade_min_out_epochs=50
cascade_max_cand_epochs=150
cascade_min_cand_epochs=50
cascade_num_candidate_groups=2
bit_fail_limit=3.49999994039535522461e-01
cascade_candidate_limit=1.00000000000000000000e+03
cascade_weight_multiplier=4.00000005960464477539e-01
cascade_activation_functions_count=10
cascade_activation_functions=3 5 7 8 10 11 14 15 16 17 
cascade_activation_steepnesses_count=4
cascade_activation_steepnesses=2.50000000000000000000e-01 5.00000000000000000000e-01 7.50000000000000000000e-01 1.00000000000000000000e+00 
layer_sizes=7 9 2 
scale_included=0
neurons (num_inputs, activation_function, activation_steepness)=(0, 0, 0.00000000000000000000e+00) (0, 0, 0.00000000000000000000e+00) (0, 0, 0.00000000000000000000e+00) (0, 0, 0.00000000000000000000e+00) (0, 0, 0.00000000000000000000e+00) (0, 0, 0.00000000000000000000e+00) (0, 0, 0.00000000000000000000e+00) (7, 3, 5.00000000000000000000e-01) (7, 3, 5.00000000000000000000e-01) (7, 3, 5.00000000000000000000e-01) (7, 3, 5.00000000000000000000e-01) (7, 3, 5.00000000000000000000e-01) (7, 3, 5.00000000000000000000e-01) (7, 3, 5.00000000000000000000e-01) (7, 3, 5.00000000000000000000e-01) (0, 3, 0.00000000000000000000e+00) (9, 3, 5.00000000000000000000e-01) (0, 3, 0.00000000000000000000e+00) 
connections (connected_to_neuron, weight)=(0, -6.90915346145629882812e-01) (1, -6.91417753696441650391e-02) (2, 1.60772979259490966797e-01) (3, -1.35606914758682250977e-01) (4, -7.15268087387084960938e+00) (5, 1.50000000000000000000e+03) (6, -3.47755050659179687500e+01) (0, -5.91628980636596679688e+00) (1, -3.82094192504882812500e+00) (2, 2.46956443786621093750e+00) (3, -3.88803817331790924072e-02) (4, -3.99369454383850097656e+00) (5, 9.53411193847656250000e+02) (6, 9.74792003631591796875e+00) (0, -9.79961013793945312500e+00) (1, -1.15773897171020507812e+01) (2, 1.36202869415283203125e+01) (3, 2.90848231315612792969e+00) (4, 2.50521016120910644531e+00) (5, 1.07898845672607421875e+01) (6, 9.66165542602539062500e+00) (0, 1.30482063293457031250e+01) (1, -1.47022132873535156250e+01) (2, 6.23735237121582031250e+00) (3, -2.67875719070434570312e+00) (4, -5.07867157459259033203e-01) (5, -4.08901929855346679688e+00) (6, 5.50973081588745117188e+00) (0, -3.87830805778503417969e+00) (1, -2.47844433784484863281e+00) (2, 7.26349868774414062500e+01) (3, -5.13430213928222656250e+00) (4, -6.76753282546997070312e+00) (5, 1.38985509872436523438e+01) (6, -1.28245055675506591797e+00) (0, -7.29061412811279296875e+00) (1, 7.57992172241210937500e+00) (2, -3.96498346328735351562e+00) (3, -1.73049747943878173828e+00) (4, -6.85439586639404296875e-01) (5, -4.42647027969360351562e+00) (6, -5.36779940128326416016e-01) (0, 1.58184647560119628906e+00) (1, -1.45388925075531005859e+00) (2, 2.11592674255371093750e+01) (3, -1.77928848266601562500e+01) (4, -7.91781949996948242188e+00) (5, 1.67497599124908447266e+00) (6, 9.70805263519287109375e+00) (0, -2.61584472656250000000e+00) (1, -3.84858345985412597656e+00) (2, 1.39648389816284179688e+01) (3, -8.18697166442871093750e+00) (4, -4.05791378021240234375e+00) (5, 8.81705474853515625000e+00) (6, 5.68566322326660156250e+00) (7, -1.43464767932891845703e+00) (8, -3.28227967023849487305e-01) (9, -5.96588075160980224609e-01) (10, -2.87665557861328125000e+00) (11, -2.34028434753417968750e+00) (12, -8.43091583251953125000e+00) (13, -2.40002468228340148926e-01) (14, 9.00960028171539306641e-01) (15, 2.21726870536804199219e+00) 
