FANN_FLO_2.1
num_layers=3
learning_rate=0.400000
connection_rate=1.000000
network_type=0
learning_momentum=0.000000
training_algorithm=2
train_error_function=1
train_stop_function=0
cascade_output_change_fraction=0.010000
quickprop_decay=-0.000100
quickprop_mu=1.750000
rprop_increase_factor=1.200000
rprop_decrease_factor=0.500000
rprop_delta_min=0.000000
rprop_delta_max=50.000000
rprop_delta_zero=0.100000
cascade_output_stagnation_epochs=12
cascade_candidate_change_fraction=0.010000
cascade_candidate_stagnation_epochs=12
cascade_max_out_epochs=150
cascade_min_out_epochs=50
cascade_max_cand_epochs=150
cascade_min_cand_epochs=50
cascade_num_candidate_groups=2
bit_fail_limit=3.49999994039535522461e-01
cascade_candidate_limit=1.00000000000000000000e+03
cascade_weight_multiplier=4.00000005960464477539e-01
cascade_activation_functions_count=10
cascade_activation_functions=3 5 7 8 10 11 14 15 16 17 
cascade_activation_steepnesses_count=4
cascade_activation_steepnesses=2.50000000000000000000e-01 5.00000000000000000000e-01 7.50000000000000000000e-01 1.00000000000000000000e+00 
layer_sizes=7 5 2 
scale_included=0
neurons (num_inputs, activation_function, activation_steepness)=(0, 0, 0.00000000000000000000e+00) (0, 0, 0.00000000000000000000e+00) (0, 0, 0.00000000000000000000e+00) (0, 0, 0.00000000000000000000e+00) (0, 0, 0.00000000000000000000e+00) (0, 0, 0.00000000000000000000e+00) (0, 0, 0.00000000000000000000e+00) (7, 3, 5.00000000000000000000e-01) (7, 3, 5.00000000000000000000e-01) (7, 3, 5.00000000000000000000e-01) (7, 3, 5.00000000000000000000e-01) (0, 3, 0.00000000000000000000e+00) (5, 3, 5.00000000000000000000e-01) (0, 3, 0.00000000000000000000e+00) 
connections (connected_to_neuron, weight)=(0, 2.10150909423828125000e+00) (1, 4.04430198669433593750e+00) (2, -2.17555068969726562500e+02) (3, -2.56470546722412109375e+01) (4, 1.72321758270263671875e+01) (5, 8.59817266464233398438e-01) (6, 3.01043820381164550781e+00) (0, -3.13824081420898437500e+01) (1, 2.51224079132080078125e+01) (2, 9.88640403747558593750e+00) (3, 2.29666004180908203125e+01) (4, -3.11094932556152343750e+01) (5, -6.31828069686889648438e+00) (6, 5.00454044342041015625e+00) (0, 9.43035697937011718750e+00) (1, -2.67543010711669921875e+01) (2, 5.91064147949218750000e+01) (3, -2.79559612274169921875e+01) (4, 7.60384023189544677734e-01) (5, 7.90237331390380859375e+00) (6, 7.64663934707641601562e+00) (0, -3.18007278442382812500e+00) (1, -1.51787996292114257812e+00) (2, 1.57907571792602539062e+01) (3, -3.20729279518127441406e+00) (4, -3.64848756790161132812e+00) (5, 6.22236013412475585938e-01) (6, 7.33080768585205078125e+00) (7, -7.22793459892272949219e-01) (8, -1.27393615245819091797e+00) (9, -1.09889853000640869141e+00) (10, -1.75406718254089355469e+00) (11, -6.89645111560821533203e-01) 
