FANN_FLO_2.1
num_layers=3
learning_rate=0.400000
connection_rate=1.000000
network_type=0
learning_momentum=0.000000
training_algorithm=2
train_error_function=1
train_stop_function=0
cascade_output_change_fraction=0.010000
quickprop_decay=-0.000100
quickprop_mu=1.750000
rprop_increase_factor=1.200000
rprop_decrease_factor=0.500000
rprop_delta_min=0.000000
rprop_delta_max=50.000000
rprop_delta_zero=0.100000
cascade_output_stagnation_epochs=12
cascade_candidate_change_fraction=0.010000
cascade_candidate_stagnation_epochs=12
cascade_max_out_epochs=150
cascade_min_out_epochs=50
cascade_max_cand_epochs=150
cascade_min_cand_epochs=50
cascade_num_candidate_groups=2
bit_fail_limit=3.49999994039535522461e-01
cascade_candidate_limit=1.00000000000000000000e+03
cascade_weight_multiplier=4.00000005960464477539e-01
cascade_activation_functions_count=10
cascade_activation_functions=3 5 7 8 10 11 14 15 16 17 
cascade_activation_steepnesses_count=4
cascade_activation_steepnesses=2.50000000000000000000e-01 5.00000000000000000000e-01 7.50000000000000000000e-01 1.00000000000000000000e+00 
layer_sizes=19 3 3 
scale_included=0
neurons (num_inputs, activation_function, activation_steepness)=(0, 0, 0.00000000000000000000e+00) (0, 0, 0.00000000000000000000e+00) (0, 0, 0.00000000000000000000e+00) (0, 0, 0.00000000000000000000e+00) (0, 0, 0.00000000000000000000e+00) (0, 0, 0.00000000000000000000e+00) (0, 0, 0.00000000000000000000e+00) (0, 0, 0.00000000000000000000e+00) (0, 0, 0.00000000000000000000e+00) (0, 0, 0.00000000000000000000e+00) (0, 0, 0.00000000000000000000e+00) (0, 0, 0.00000000000000000000e+00) (0, 0, 0.00000000000000000000e+00) (0, 0, 0.00000000000000000000e+00) (0, 0, 0.00000000000000000000e+00) (0, 0, 0.00000000000000000000e+00) (0, 0, 0.00000000000000000000e+00) (0, 0, 0.00000000000000000000e+00) (0, 0, 0.00000000000000000000e+00) (19, 3, 5.00000000000000000000e-01) (19, 3, 5.00000000000000000000e-01) (0, 3, 0.00000000000000000000e+00) (3, 3, 5.00000000000000000000e-01) (3, 3, 5.00000000000000000000e-01) (0, 3, 0.00000000000000000000e+00) 
connections (connected_to_neuron, weight)=(0, -1.16852009296417236328e+00) (1, 3.05778574943542480469e+00) (2, -3.27898097038269042969e+00) (3, -1.81536149978637695312e+00) (4, 3.91877198219299316406e+00) (5, -3.56022286415100097656e+00) (6, 3.84738057851791381836e-01) (7, 5.29686498641967773438e+00) (8, -3.04288268089294433594e+00) (9, 1.94105520844459533691e-01) (10, -4.53340101242065429688e+00) (11, 2.19521236419677734375e+00) (12, 7.99057111144065856934e-02) (13, -1.75485420227050781250e+00) (14, 2.89884781837463378906e+00) (15, 3.04507732391357421875e-01) (16, -5.94123220443725585938e+00) (17, 4.10775995254516601562e+00) (18, -6.08138561248779296875e-01) (0, 1.14818060398101806641e+00) (1, -2.46052312850952148438e+00) (2, 3.78572416305541992188e+00) (3, 6.72471940517425537109e-01) (4, -2.55159926414489746094e+00) (5, 3.12207412719726562500e+00) (6, 6.31195068359375000000e-01) (7, -4.07217311859130859375e+00) (8, 4.59834146499633789062e+00) (9, 1.84179902076721191406e-01) (10, 3.81492018699645996094e+00) (11, -2.40698647499084472656e+00) (12, 1.46380352973937988281e+00) (13, 2.54036068916320800781e+00) (14, -3.61951994895935058594e+00) (15, 2.87439286708831787109e-01) (16, 4.53257226943969726562e+00) (17, -3.49468874931335449219e+00) (18, -5.73915004730224609375e+00) (19, -1.60395097732543945312e+00) (20, -1.67361581325531005859e+00) (21, 5.55085659027099609375e-01) (19, 1.60353338718414306641e+00) (20, 1.67250788211822509766e+00) (21, -5.54843962192535400391e-01) 
