FANN_FLO_2.1
num_layers=3
learning_rate=0.400000
connection_rate=1.000000
network_type=0
learning_momentum=0.000000
training_algorithm=2
train_error_function=1
train_stop_function=0
cascade_output_change_fraction=0.010000
quickprop_decay=-0.000100
quickprop_mu=1.750000
rprop_increase_factor=1.200000
rprop_decrease_factor=0.500000
rprop_delta_min=0.000000
rprop_delta_max=50.000000
rprop_delta_zero=0.100000
cascade_output_stagnation_epochs=12
cascade_candidate_change_fraction=0.010000
cascade_candidate_stagnation_epochs=12
cascade_max_out_epochs=150
cascade_min_out_epochs=50
cascade_max_cand_epochs=150
cascade_min_cand_epochs=50
cascade_num_candidate_groups=2
bit_fail_limit=3.49999994039535522461e-01
cascade_candidate_limit=1.00000000000000000000e+03
cascade_weight_multiplier=4.00000005960464477539e-01
cascade_activation_functions_count=10
cascade_activation_functions=3 5 7 8 10 11 14 15 16 17 
cascade_activation_steepnesses_count=4
cascade_activation_steepnesses=2.50000000000000000000e-01 5.00000000000000000000e-01 7.50000000000000000000e-01 1.00000000000000000000e+00 
layer_sizes=7 9 2 
scale_included=0
neurons (num_inputs, activation_function, activation_steepness)=(0, 0, 0.00000000000000000000e+00) (0, 0, 0.00000000000000000000e+00) (0, 0, 0.00000000000000000000e+00) (0, 0, 0.00000000000000000000e+00) (0, 0, 0.00000000000000000000e+00) (0, 0, 0.00000000000000000000e+00) (0, 0, 0.00000000000000000000e+00) (7, 3, 5.00000000000000000000e-01) (7, 3, 5.00000000000000000000e-01) (7, 3, 5.00000000000000000000e-01) (7, 3, 5.00000000000000000000e-01) (7, 3, 5.00000000000000000000e-01) (7, 3, 5.00000000000000000000e-01) (7, 3, 5.00000000000000000000e-01) (7, 3, 5.00000000000000000000e-01) (0, 3, 0.00000000000000000000e+00) (9, 3, 5.00000000000000000000e-01) (0, 3, 0.00000000000000000000e+00) 
connections (connected_to_neuron, weight)=(0, 1.74236208200454711914e-01) (1, -4.27164047956466674805e-01) (2, -8.31106472015380859375e+00) (3, 5.93168318271636962891e-01) (4, 1.55753120779991149902e-01) (5, 7.16793954372406005859e-01) (6, 3.09272915124893188477e-01) (0, -7.82958388328552246094e-01) (1, -7.01451003551483154297e-01) (2, -5.96383428573608398438e+00) (3, -3.53931474685668945312e+00) (4, -1.68752074241638183594e+00) (5, 1.96366131305694580078e+00) (6, 4.19676095247268676758e-01) (0, 6.95491218566894531250e+00) (1, -7.85407829284667968750e+00) (2, -8.78958761692047119141e-01) (3, -3.09567713737487792969e+00) (4, -6.91102981567382812500e-01) (5, 4.13204479217529296875e+00) (6, -3.78180956840515136719e+00) (0, 2.56768703460693359375e-01) (1, 1.65043139457702636719e+00) (2, 2.81905612945556640625e+01) (3, 1.13241046667098999023e-01) (4, -1.13012828826904296875e+01) (5, 2.14613962173461914062e+00) (6, -8.04246008396148681641e-01) (0, 1.01111389696598052979e-01) (1, -4.81417512893676757812e+00) (2, 5.86126184463500976562e+00) (3, -6.70455646514892578125e+00) (4, -2.00759458541870117188e+00) (5, 9.16711926460266113281e-01) (6, 7.70704221725463867188e+00) (0, -1.32013893127441406250e+00) (1, -3.32704377174377441406e+00) (2, -1.92975349426269531250e+01) (3, -9.40871810913085937500e+00) (4, -5.31794929504394531250e+00) (5, 1.09032249450683593750e+01) (6, -9.12545979022979736328e-01) (0, -7.64779567718505859375e-01) (1, -5.85484862327575683594e-01) (2, -5.47128725051879882812e+00) (3, 3.19169974327087402344e+00) (4, 1.30247235298156738281e-01) (5, 2.22146272659301757812e+00) (6, 2.24727243185043334961e-01) (0, -9.38572692871093750000e+00) (1, 8.75349330902099609375e+00) (2, -3.80796694755554199219e+00) (3, -2.57284569740295410156e+00) (4, -9.99669790267944335938e-01) (5, -7.00475952148437500000e+02) (6, -7.88998529314994812012e-02) (7, -3.60578566789627075195e-01) (8, 5.89657974243164062500e+00) (9, -1.21546821594238281250e+01) (10, -3.62704008817672729492e-01) (11, -1.30050969123840332031e+00) (12, -1.20211338996887207031e+00) (13, -1.05069839954376220703e+00) (14, -1.18524780273437500000e+01) (15, 2.40688115358352661133e-01) 
