FANN_FLO_2.1
num_layers=4
learning_rate=0.400000
connection_rate=1.000000
network_type=0
learning_momentum=0.000000
training_algorithm=2
train_error_function=1
train_stop_function=0
cascade_output_change_fraction=0.010000
quickprop_decay=-0.000100
quickprop_mu=1.750000
rprop_increase_factor=1.200000
rprop_decrease_factor=0.500000
rprop_delta_min=0.000000
rprop_delta_max=50.000000
rprop_delta_zero=0.100000
cascade_output_stagnation_epochs=12
cascade_candidate_change_fraction=0.010000
cascade_candidate_stagnation_epochs=12
cascade_max_out_epochs=150
cascade_min_out_epochs=50
cascade_max_cand_epochs=150
cascade_min_cand_epochs=50
cascade_num_candidate_groups=2
bit_fail_limit=3.49999994039535522461e-01
cascade_candidate_limit=1.00000000000000000000e+03
cascade_weight_multiplier=4.00000005960464477539e-01
cascade_activation_functions_count=10
cascade_activation_functions=3 5 7 8 10 11 14 15 16 17 
cascade_activation_steepnesses_count=4
cascade_activation_steepnesses=2.50000000000000000000e-01 5.00000000000000000000e-01 7.50000000000000000000e-01 1.00000000000000000000e+00 
layer_sizes=7 5 3 2 
scale_included=0
neurons (num_inputs, activation_function, activation_steepness)=(0, 0, 0.00000000000000000000e+00) (0, 0, 0.00000000000000000000e+00) (0, 0, 0.00000000000000000000e+00) (0, 0, 0.00000000000000000000e+00) (0, 0, 0.00000000000000000000e+00) (0, 0, 0.00000000000000000000e+00) (0, 0, 0.00000000000000000000e+00) (7, 3, 5.00000000000000000000e-01) (7, 3, 5.00000000000000000000e-01) (7, 3, 5.00000000000000000000e-01) (7, 3, 5.00000000000000000000e-01) (0, 3, 0.00000000000000000000e+00) (5, 3, 5.00000000000000000000e-01) (5, 3, 5.00000000000000000000e-01) (0, 3, 0.00000000000000000000e+00) (3, 3, 5.00000000000000000000e-01) (0, 3, 0.00000000000000000000e+00) 
connections (connected_to_neuron, weight)=(0, -8.49981880187988281250e+00) (1, 6.18982982635498046875e+00) (2, 1.13775575160980224609e+00) (3, -3.26376581192016601562e+00) (4, -1.32357239723205566406e+00) (5, 1.21390199661254882812e+00) (6, 3.39791703224182128906e+00) (0, -6.93483495712280273438e+00) (1, 5.63957595825195312500e+01) (2, -1.50000000000000000000e+03) (3, -5.66745948791503906250e+00) (4, -1.50000000000000000000e+03) (5, 8.54463729858398437500e+01) (6, 1.45514879226684570312e+01) (0, 1.00373754501342773438e+01) (1, 2.47771816253662109375e+01) (2, -1.50000000000000000000e+03) (3, -2.85599765777587890625e+01) (4, -1.50000000000000000000e+03) (5, -5.85275146484375000000e+02) (6, -2.49187850952148437500e+00) (0, 1.20938653945922851562e+01) (1, 4.62673759460449218750e+00) (2, -1.50000000000000000000e+03) (3, -2.54387283325195312500e+01) (4, -1.98531509399414062500e+02) (5, 5.11774635314941406250e+01) (6, 1.07619190216064453125e+01) (7, 1.34799184799194335938e+01) (8, 1.50000000000000000000e+03) (9, 1.50000000000000000000e+03) (10, 1.50000000000000000000e+03) (11, -1.90284073352813720703e+00) (7, 1.38919801712036132812e+01) (8, 1.50000000000000000000e+03) (9, 1.50000000000000000000e+03) (10, 1.50000000000000000000e+03) (11, -7.25136566162109375000e+00) (12, -1.28379786014556884766e+00) (13, -1.31533181667327880859e+00) (14, -6.76328003406524658203e-01) 
