FANN_FLO_2.1
num_layers=4
learning_rate=0.500000
connection_rate=1.000000
network_type=0
learning_momentum=0.000000
training_algorithm=2
train_error_function=1
train_stop_function=0
cascade_output_change_fraction=0.010000
quickprop_decay=-0.000100
quickprop_mu=1.750000
rprop_increase_factor=1.200000
rprop_decrease_factor=0.500000
rprop_delta_min=0.000000
rprop_delta_max=50.000000
rprop_delta_zero=0.100000
cascade_output_stagnation_epochs=12
cascade_candidate_change_fraction=0.010000
cascade_candidate_stagnation_epochs=12
cascade_max_out_epochs=150
cascade_min_out_epochs=50
cascade_max_cand_epochs=150
cascade_min_cand_epochs=50
cascade_num_candidate_groups=2
bit_fail_limit=3.49999994039535522461e-01
cascade_candidate_limit=1.00000000000000000000e+03
cascade_weight_multiplier=4.00000005960464477539e-01
cascade_activation_functions_count=10
cascade_activation_functions=3 5 7 8 10 11 14 15 16 17 
cascade_activation_steepnesses_count=4
cascade_activation_steepnesses=2.50000000000000000000e-01 5.00000000000000000000e-01 7.50000000000000000000e-01 1.00000000000000000000e+00 
layer_sizes=10 5 3 2 
scale_included=0
neurons (num_inputs, activation_function, activation_steepness)=(0, 0, 0.00000000000000000000e+00) (0, 0, 0.00000000000000000000e+00) (0, 0, 0.00000000000000000000e+00) (0, 0, 0.00000000000000000000e+00) (0, 0, 0.00000000000000000000e+00) (0, 0, 0.00000000000000000000e+00) (0, 0, 0.00000000000000000000e+00) (0, 0, 0.00000000000000000000e+00) (0, 0, 0.00000000000000000000e+00) (0, 0, 0.00000000000000000000e+00) (10, 3, 5.00000000000000000000e-01) (10, 3, 5.00000000000000000000e-01) (10, 3, 5.00000000000000000000e-01) (10, 3, 5.00000000000000000000e-01) (0, 3, 0.00000000000000000000e+00) (5, 3, 5.00000000000000000000e-01) (5, 3, 5.00000000000000000000e-01) (0, 3, 0.00000000000000000000e+00) (3, 3, 5.00000000000000000000e-01) (0, 3, 0.00000000000000000000e+00) 
connections (connected_to_neuron, weight)=(0, 2.15614736080169677734e-01) (1, -7.65094184875488281250e+00) (2, 2.28308749198913574219e+00) (3, 1.23892629146575927734e+00) (4, -2.24004626274108886719e+00) (5, 1.61623263359069824219e+00) (6, 1.31162071228027343750e+00) (7, 8.16837406158447265625e+00) (8, 3.88320899009704589844e+00) (9, -4.20496225357055664062e+00) (0, 5.99440422058105468750e+01) (1, 3.56600713729858398438e+00) (2, 1.69990062713623046875e+01) (3, 1.50000000000000000000e+03) (4, 6.35752258300781250000e+01) (5, 7.07226037979125976562e-01) (6, 1.50000000000000000000e+03) (7, 1.50000000000000000000e+03) (8, 1.65800170898437500000e+01) (9, 3.06235551834106445312e+00) (0, -7.52761363983154296875e-01) (1, -8.83382415771484375000e+00) (2, -2.41964936256408691406e-01) (3, 2.17302370071411132812e+00) (4, -5.32319068908691406250e+00) (5, 8.68029236793518066406e-01) (6, 1.20184087753295898438e+00) (7, 1.84584217071533203125e+01) (8, 1.20463685989379882812e+01) (9, -1.14441785812377929688e+01) (0, 4.80952709913253784180e-01) (1, -9.83897304534912109375e+00) (2, 7.99022912979125976562e+00) (3, 1.77901995182037353516e+00) (4, -1.95287954807281494141e+00) (5, 1.90846526622772216797e+00) (6, 1.58766865730285644531e+00) (7, 9.86432933807373046875e+00) (8, -1.96554589271545410156e+00) (9, -4.90405941009521484375e+00) (10, -7.82975721359252929688e+00) (11, 2.60572266578674316406e+00) (12, 1.13401498794555664062e+01) (13, -3.85406589508056640625e+00) (14, 8.38923394680023193359e-01) (10, 5.51145505905151367188e+00) (11, -2.74871993064880371094e+00) (12, -4.43923263549804687500e+01) (13, 8.57901000976562500000e+00) (14, -1.64241206645965576172e+00) (15, 2.21716475486755371094e+00) (16, 5.68616271018981933594e-01) (17, -1.26924538612365722656e+00) 
