FANN_FLO_2.1
num_layers=3
learning_rate=0.400000
connection_rate=1.000000
network_type=0
learning_momentum=0.000000
training_algorithm=2
train_error_function=1
train_stop_function=0
cascade_output_change_fraction=0.010000
quickprop_decay=-0.000100
quickprop_mu=1.750000
rprop_increase_factor=1.200000
rprop_decrease_factor=0.500000
rprop_delta_min=0.000000
rprop_delta_max=50.000000
rprop_delta_zero=0.100000
cascade_output_stagnation_epochs=12
cascade_candidate_change_fraction=0.010000
cascade_candidate_stagnation_epochs=12
cascade_max_out_epochs=150
cascade_min_out_epochs=50
cascade_max_cand_epochs=150
cascade_min_cand_epochs=50
cascade_num_candidate_groups=2
bit_fail_limit=3.49999994039535522461e-01
cascade_candidate_limit=1.00000000000000000000e+03
cascade_weight_multiplier=4.00000005960464477539e-01
cascade_activation_functions_count=10
cascade_activation_functions=3 5 7 8 10 11 14 15 16 17 
cascade_activation_steepnesses_count=4
cascade_activation_steepnesses=2.50000000000000000000e-01 5.00000000000000000000e-01 7.50000000000000000000e-01 1.00000000000000000000e+00 
layer_sizes=7 9 2 
scale_included=0
neurons (num_inputs, activation_function, activation_steepness)=(0, 0, 0.00000000000000000000e+00) (0, 0, 0.00000000000000000000e+00) (0, 0, 0.00000000000000000000e+00) (0, 0, 0.00000000000000000000e+00) (0, 0, 0.00000000000000000000e+00) (0, 0, 0.00000000000000000000e+00) (0, 0, 0.00000000000000000000e+00) (7, 3, 5.00000000000000000000e-01) (7, 3, 5.00000000000000000000e-01) (7, 3, 5.00000000000000000000e-01) (7, 3, 5.00000000000000000000e-01) (7, 3, 5.00000000000000000000e-01) (7, 3, 5.00000000000000000000e-01) (7, 3, 5.00000000000000000000e-01) (7, 3, 5.00000000000000000000e-01) (0, 3, 0.00000000000000000000e+00) (9, 3, 5.00000000000000000000e-01) (0, 3, 0.00000000000000000000e+00) 
connections (connected_to_neuron, weight)=(0, -2.92397022247314453125e+00) (1, -8.72935414314270019531e-01) (2, 4.73637533187866210938e+00) (3, 5.44483852386474609375e+00) (4, -5.05047559738159179688e-01) (5, -6.77552461624145507812e-01) (6, -5.24678277969360351562e+00) (0, -2.21369767189025878906e+00) (1, -1.01080636978149414062e+01) (2, -3.69030267000198364258e-01) (3, 1.58806562423706054688e+00) (4, 8.27166843414306640625e+00) (5, 5.24891853332519531250e+00) (6, -7.07759523391723632812e+00) (0, 2.93334317207336425781e+00) (1, -1.22482728958129882812e+00) (2, -4.63584947586059570312e+00) (3, -4.80613136291503906250e+00) (4, -4.93785619735717773438e+00) (5, 1.80147323608398437500e+01) (6, 3.13629984855651855469e-01) (0, -1.81166720390319824219e+00) (1, -1.55245471000671386719e+00) (2, -4.10651636123657226562e+00) (3, 7.82765746116638183594e-01) (4, -1.44704086706042289734e-02) (5, 3.95175123214721679688e+00) (6, -9.25986230373382568359e-01) (0, -9.11674737930297851562e-01) (1, -7.86202549934387207031e-01) (2, 2.10539340972900390625e-01) (3, 5.46747386455535888672e-01) (4, 1.27597236633300781250e+00) (5, 1.76343202590942382812e+00) (6, -1.43516972661018371582e-01) (0, -7.31544923782348632812e+00) (1, -9.40122365951538085938e-01) (2, 5.10561764240264892578e-02) (3, 3.78556871414184570312e+00) (4, 6.54641866683959960938e-01) (5, -9.35190081596374511719e-01) (6, -2.17503142356872558594e+00) (0, -5.02406644821166992188e+00) (1, -9.82335090637207031250e-01) (2, -3.75960230827331542969e+00) (3, 1.97588825225830078125e+00) (4, 1.19632279872894287109e+00) (5, 1.12589693069458007812e+00) (6, -1.25344467163085937500e+00) (0, -8.62977206707000732422e-01) (1, -7.50616371631622314453e-01) (2, -3.67866086959838867188e+00) (3, 1.36423599720001220703e+00) (4, -7.99094215035438537598e-02) (5, 6.89443063735961914062e+00) (6, -2.63820242881774902344e+00) (7, 1.66875016689300537109e+00) (8, 1.18966245651245117188e+00) (9, -2.57589387893676757812e+00) (10, 9.59353446960449218750e-01) (11, 7.85631477832794189453e-01) (12, 3.90831142663955688477e-01) (13, 1.83767378330230712891e+00) (14, 2.36781787872314453125e+00) (15, -8.70876550674438476562e-01) 
