FANN_FLO_2.1
num_layers=3
learning_rate=0.400000
connection_rate=1.000000
network_type=0
learning_momentum=0.000000
training_algorithm=2
train_error_function=1
train_stop_function=0
cascade_output_change_fraction=0.010000
quickprop_decay=-0.000100
quickprop_mu=1.750000
rprop_increase_factor=1.200000
rprop_decrease_factor=0.500000
rprop_delta_min=0.000000
rprop_delta_max=50.000000
rprop_delta_zero=0.100000
cascade_output_stagnation_epochs=12
cascade_candidate_change_fraction=0.010000
cascade_candidate_stagnation_epochs=12
cascade_max_out_epochs=150
cascade_min_out_epochs=50
cascade_max_cand_epochs=150
cascade_min_cand_epochs=50
cascade_num_candidate_groups=2
bit_fail_limit=3.49999994039535522461e-01
cascade_candidate_limit=1.00000000000000000000e+03
cascade_weight_multiplier=4.00000005960464477539e-01
cascade_activation_functions_count=10
cascade_activation_functions=3 5 7 8 10 11 14 15 16 17 
cascade_activation_steepnesses_count=4
cascade_activation_steepnesses=2.50000000000000000000e-01 5.00000000000000000000e-01 7.50000000000000000000e-01 1.00000000000000000000e+00 
layer_sizes=7 5 2 
scale_included=0
neurons (num_inputs, activation_function, activation_steepness)=(0, 0, 0.00000000000000000000e+00) (0, 0, 0.00000000000000000000e+00) (0, 0, 0.00000000000000000000e+00) (0, 0, 0.00000000000000000000e+00) (0, 0, 0.00000000000000000000e+00) (0, 0, 0.00000000000000000000e+00) (0, 0, 0.00000000000000000000e+00) (7, 3, 5.00000000000000000000e-01) (7, 3, 5.00000000000000000000e-01) (7, 3, 5.00000000000000000000e-01) (7, 3, 5.00000000000000000000e-01) (0, 3, 0.00000000000000000000e+00) (5, 3, 5.00000000000000000000e-01) (0, 3, 0.00000000000000000000e+00) 
connections (connected_to_neuron, weight)=(0, -3.92848300933837890625e+00) (1, -4.01882743835449218750e+00) (2, 2.48759984970092773438e+00) (3, -3.41095209121704101562e+00) (4, 4.27554082870483398438e+00) (5, -9.40416038036346435547e-01) (6, -1.13900887966156005859e+00) (0, -5.65379428863525390625e+00) (1, 4.16640549898147583008e-01) (2, -1.71591198444366455078e+00) (3, -2.69984531402587890625e+00) (4, -1.44465851783752441406e+00) (5, 7.87692928314208984375e+00) (6, 2.75184679031372070312e+00) (0, -3.32774138450622558594e+00) (1, -2.76024532318115234375e+00) (2, -2.36321902275085449219e+00) (3, 2.75425720214843750000e+00) (4, 1.64997911453247070312e+00) (5, 1.46427285671234130859e+00) (6, -3.04518914222717285156e+00) (0, -1.37638628482818603516e+00) (1, -9.23136949539184570312e-01) (2, -2.26303362846374511719e+00) (3, 2.05362892150878906250e+00) (4, -1.31510376930236816406e+00) (5, 6.31333303451538085938e+00) (6, -2.65000176429748535156e+00) (7, 4.55532455444335937500e+00) (8, -3.47170758247375488281e+00) (9, 5.95582771301269531250e+00) (10, 3.50375127792358398438e+00) (11, 2.51319438219070434570e-01) 
