FANN_FLO_2.1
num_layers=3
learning_rate=0.400000
connection_rate=1.000000
network_type=0
learning_momentum=0.000000
training_algorithm=2
train_error_function=1
train_stop_function=0
cascade_output_change_fraction=0.010000
quickprop_decay=-0.000100
quickprop_mu=1.750000
rprop_increase_factor=1.200000
rprop_decrease_factor=0.500000
rprop_delta_min=0.000000
rprop_delta_max=50.000000
rprop_delta_zero=0.100000
cascade_output_stagnation_epochs=12
cascade_candidate_change_fraction=0.010000
cascade_candidate_stagnation_epochs=12
cascade_max_out_epochs=150
cascade_min_out_epochs=50
cascade_max_cand_epochs=150
cascade_min_cand_epochs=50
cascade_num_candidate_groups=2
bit_fail_limit=3.49999994039535522461e-01
cascade_candidate_limit=1.00000000000000000000e+03
cascade_weight_multiplier=4.00000005960464477539e-01
cascade_activation_functions_count=10
cascade_activation_functions=3 5 7 8 10 11 14 15 16 17 
cascade_activation_steepnesses_count=4
cascade_activation_steepnesses=2.50000000000000000000e-01 5.00000000000000000000e-01 7.50000000000000000000e-01 1.00000000000000000000e+00 
layer_sizes=7 5 2 
scale_included=0
neurons (num_inputs, activation_function, activation_steepness)=(0, 0, 0.00000000000000000000e+00) (0, 0, 0.00000000000000000000e+00) (0, 0, 0.00000000000000000000e+00) (0, 0, 0.00000000000000000000e+00) (0, 0, 0.00000000000000000000e+00) (0, 0, 0.00000000000000000000e+00) (0, 0, 0.00000000000000000000e+00) (7, 3, 5.00000000000000000000e-01) (7, 3, 5.00000000000000000000e-01) (7, 3, 5.00000000000000000000e-01) (7, 3, 5.00000000000000000000e-01) (0, 3, 0.00000000000000000000e+00) (5, 3, 5.00000000000000000000e-01) (0, 3, 0.00000000000000000000e+00) 
connections (connected_to_neuron, weight)=(0, -4.96958160400390625000e+00) (1, -2.17262172698974609375e+00) (2, -9.64826703071594238281e-01) (3, 1.23313522338867187500e+01) (4, -1.41555547714233398438e+00) (5, 1.87676906585693359375e+00) (6, -3.91697216033935546875e+00) (0, -4.90298128128051757812e+00) (1, -3.03935050964355468750e+00) (2, 1.18070758879184722900e-01) (3, 4.01381015777587890625e+00) (4, 1.28320205211639404297e+00) (5, -1.00209280848503112793e-01) (6, -2.92587518692016601562e+00) (0, -8.31175327301025390625e+00) (1, 1.04676020145416259766e+00) (2, -2.73409509658813476562e+00) (3, 1.29585065841674804688e+01) (4, -1.10620384216308593750e+01) (5, 5.99779748916625976562e+00) (6, 3.13230228424072265625e+00) (0, 2.65943479537963867188e+00) (1, -1.93589890003204345703e+00) (2, -3.12544751167297363281e+00) (3, -2.67555093765258789062e+00) (4, 1.62543982267379760742e-01) (5, 7.08272409439086914062e+00) (6, -4.08550262451171875000e+00) (7, 1.90420258045196533203e+00) (8, 6.64230298995971679688e+00) (9, -2.28856205940246582031e+00) (10, 3.57517409324645996094e+00) (11, -4.21550899744033813477e-01) 
