FANN_FLO_2.1
num_layers=3
learning_rate=0.400000
connection_rate=1.000000
network_type=0
learning_momentum=0.000000
training_algorithm=2
train_error_function=1
train_stop_function=0
cascade_output_change_fraction=0.010000
quickprop_decay=-0.000100
quickprop_mu=1.750000
rprop_increase_factor=1.200000
rprop_decrease_factor=0.500000
rprop_delta_min=0.000000
rprop_delta_max=50.000000
rprop_delta_zero=0.100000
cascade_output_stagnation_epochs=12
cascade_candidate_change_fraction=0.010000
cascade_candidate_stagnation_epochs=12
cascade_max_out_epochs=150
cascade_min_out_epochs=50
cascade_max_cand_epochs=150
cascade_min_cand_epochs=50
cascade_num_candidate_groups=2
bit_fail_limit=3.49999994039535522461e-01
cascade_candidate_limit=1.00000000000000000000e+03
cascade_weight_multiplier=4.00000005960464477539e-01
cascade_activation_functions_count=10
cascade_activation_functions=3 5 7 8 10 11 14 15 16 17 
cascade_activation_steepnesses_count=4
cascade_activation_steepnesses=2.50000000000000000000e-01 5.00000000000000000000e-01 7.50000000000000000000e-01 1.00000000000000000000e+00 
layer_sizes=7 9 2 
scale_included=0
neurons (num_inputs, activation_function, activation_steepness)=(0, 0, 0.00000000000000000000e+00) (0, 0, 0.00000000000000000000e+00) (0, 0, 0.00000000000000000000e+00) (0, 0, 0.00000000000000000000e+00) (0, 0, 0.00000000000000000000e+00) (0, 0, 0.00000000000000000000e+00) (0, 0, 0.00000000000000000000e+00) (7, 3, 5.00000000000000000000e-01) (7, 3, 5.00000000000000000000e-01) (7, 3, 5.00000000000000000000e-01) (7, 3, 5.00000000000000000000e-01) (7, 3, 5.00000000000000000000e-01) (7, 3, 5.00000000000000000000e-01) (7, 3, 5.00000000000000000000e-01) (7, 3, 5.00000000000000000000e-01) (0, 3, 0.00000000000000000000e+00) (9, 3, 5.00000000000000000000e-01) (0, 3, 0.00000000000000000000e+00) 
connections (connected_to_neuron, weight)=(0, -5.71015954017639160156e-01) (1, 4.45089459419250488281e-01) (2, 2.06513195037841796875e+01) (3, -5.26687335968017578125e+00) (4, -5.22221040725708007812e+00) (5, 1.21023595333099365234e+00) (6, 1.36339664459228515625e+00) (0, -2.12367868423461914062e+00) (1, -2.49744462966918945312e+00) (2, 1.18790340423583984375e+01) (3, -1.94574785232543945312e+00) (4, 1.16250967979431152344e+00) (5, 1.78457200527191162109e+00) (6, 8.09927359223365783691e-02) (0, -8.51671397686004638672e-01) (1, -1.11618959903717041016e+00) (2, 2.02412819862365722656e+00) (3, -4.22866249084472656250e+00) (4, -1.00260543823242187500e+00) (5, 7.48770236968994140625e-02) (6, 7.66875565052032470703e-01) (0, 1.09972982406616210938e+01) (1, -1.17766742706298828125e+01) (2, -9.23497438430786132812e-01) (3, -2.48549365997314453125e+00) (4, -4.97728437185287475586e-01) (5, -3.91571593284606933594e+00) (6, 5.03178310394287109375e+00) (0, -1.46646225452423095703e+00) (1, 1.22689342498779296875e+00) (2, 1.87044727802276611328e+00) (3, -5.31154727935791015625e+00) (4, -2.72849798202514648438e+00) (5, 1.65549480915069580078e+00) (6, 2.03915429115295410156e+00) (0, -1.20847597122192382812e+01) (1, 1.03730297088623046875e+01) (2, -4.90550041198730468750e+00) (3, -1.86092376708984375000e+00) (4, -1.24627912044525146484e+00) (5, 4.01144409179687500000e+00) (6, 2.09321165084838867188e+00) (0, -1.54151034355163574219e+00) (1, 6.02113008499145507812e-01) (2, 1.20422401428222656250e+01) (3, -2.83272457122802734375e+01) (4, 9.86689472198486328125e+00) (5, -2.23007678985595703125e+00) (6, 1.15194952487945556641e+00) (0, 1.11818618774414062500e+01) (1, -1.22560987472534179688e+01) (2, 3.46223902702331542969e+00) (3, -3.05984640121459960938e+00) (4, -4.20320332050323486328e-01) (5, -3.96521401405334472656e+00) (6, 5.10244941711425781250e+00) (7, -4.94994819164276123047e-01) (8, -1.02853894233703613281e+00) (9, 5.26123332977294921875e+00) (10, -1.39103507995605468750e+00) (11, -6.96295738220214843750e-01) (12, -4.47312164306640625000e+00) (13, -3.69901984930038452148e-01) (14, -3.24042892456054687500e+00) (15, 3.40102362632751464844e+00) 
