FANN_FLO_2.1
num_layers=4
learning_rate=0.400000
connection_rate=1.000000
network_type=0
learning_momentum=0.000000
training_algorithm=2
train_error_function=1
train_stop_function=0
cascade_output_change_fraction=0.010000
quickprop_decay=-0.000100
quickprop_mu=1.750000
rprop_increase_factor=1.200000
rprop_decrease_factor=0.500000
rprop_delta_min=0.000000
rprop_delta_max=50.000000
rprop_delta_zero=0.100000
cascade_output_stagnation_epochs=12
cascade_candidate_change_fraction=0.010000
cascade_candidate_stagnation_epochs=12
cascade_max_out_epochs=150
cascade_min_out_epochs=50
cascade_max_cand_epochs=150
cascade_min_cand_epochs=50
cascade_num_candidate_groups=2
bit_fail_limit=3.49999994039535522461e-01
cascade_candidate_limit=1.00000000000000000000e+03
cascade_weight_multiplier=4.00000005960464477539e-01
cascade_activation_functions_count=10
cascade_activation_functions=3 5 7 8 10 11 14 15 16 17 
cascade_activation_steepnesses_count=4
cascade_activation_steepnesses=2.50000000000000000000e-01 5.00000000000000000000e-01 7.50000000000000000000e-01 1.00000000000000000000e+00 
layer_sizes=7 5 3 2 
scale_included=0
neurons (num_inputs, activation_function, activation_steepness)=(0, 0, 0.00000000000000000000e+00) (0, 0, 0.00000000000000000000e+00) (0, 0, 0.00000000000000000000e+00) (0, 0, 0.00000000000000000000e+00) (0, 0, 0.00000000000000000000e+00) (0, 0, 0.00000000000000000000e+00) (0, 0, 0.00000000000000000000e+00) (7, 3, 5.00000000000000000000e-01) (7, 3, 5.00000000000000000000e-01) (7, 3, 5.00000000000000000000e-01) (7, 3, 5.00000000000000000000e-01) (0, 3, 0.00000000000000000000e+00) (5, 3, 5.00000000000000000000e-01) (5, 3, 5.00000000000000000000e-01) (0, 3, 0.00000000000000000000e+00) (3, 3, 5.00000000000000000000e-01) (0, 3, 0.00000000000000000000e+00) 
connections (connected_to_neuron, weight)=(0, -1.49995507812500000000e+03) (1, -1.14319201660156250000e+03) (2, -1.50000000000000000000e+03) (3, 1.50000000000000000000e+03) (4, 1.46163293457031250000e+03) (5, 5.24076538085937500000e+02) (6, 4.13979196548461914062e+00) (0, -1.20519360351562500000e+03) (1, 5.66107421875000000000e+02) (2, -1.30764916992187500000e+03) (3, 1.50000000000000000000e+03) (4, 1.49675695800781250000e+03) (5, 1.19187263488769531250e+02) (6, -3.63899230957031250000e+01) (0, -7.31897497177124023438e+00) (1, 6.68832015991210937500e+00) (2, 3.85402059555053710938e+00) (3, -3.37212967872619628906e+00) (4, -1.98950052261352539062e+00) (5, 2.44336438179016113281e+00) (6, 2.19374060630798339844e+00) (0, -9.20502014160156250000e+02) (1, 3.73331176757812500000e+02) (2, -1.50000000000000000000e+03) (3, 1.50000000000000000000e+03) (4, 3.88026062011718750000e+02) (5, 1.31086132812500000000e+03) (6, -6.42452026367187500000e+02) (7, -9.57306504249572753906e-01) (8, -3.78813743591308593750e-01) (9, 6.91148900985717773438e+00) (10, -4.35855722427368164062e+00) (11, -1.60265374183654785156e+00) (7, 1.98561620712280273438e+00) (8, -3.89528930187225341797e-01) (9, 5.97105789184570312500e+00) (10, 1.75404338836669921875e+01) (11, -3.50254225730895996094e+00) (12, -1.71420192718505859375e+00) (13, -1.43503248691558837891e+00) (14, -9.09144043922424316406e-01) 
