FANN_FLO_2.1
num_layers=4
learning_rate=0.500000
connection_rate=1.000000
network_type=0
learning_momentum=0.000000
training_algorithm=2
train_error_function=1
train_stop_function=0
cascade_output_change_fraction=0.010000
quickprop_decay=-0.000100
quickprop_mu=1.750000
rprop_increase_factor=1.200000
rprop_decrease_factor=0.500000
rprop_delta_min=0.000000
rprop_delta_max=50.000000
rprop_delta_zero=0.100000
cascade_output_stagnation_epochs=12
cascade_candidate_change_fraction=0.010000
cascade_candidate_stagnation_epochs=12
cascade_max_out_epochs=150
cascade_min_out_epochs=50
cascade_max_cand_epochs=150
cascade_min_cand_epochs=50
cascade_num_candidate_groups=2
bit_fail_limit=3.49999994039535522461e-01
cascade_candidate_limit=1.00000000000000000000e+03
cascade_weight_multiplier=4.00000005960464477539e-01
cascade_activation_functions_count=10
cascade_activation_functions=3 5 7 8 10 11 14 15 16 17 
cascade_activation_steepnesses_count=4
cascade_activation_steepnesses=2.50000000000000000000e-01 5.00000000000000000000e-01 7.50000000000000000000e-01 1.00000000000000000000e+00 
layer_sizes=2 5 5 3 
scale_included=0
neurons (num_inputs, activation_function, activation_steepness)=(0, 0, 0.00000000000000000000e+00) (0, 0, 0.00000000000000000000e+00) (2, 3, 5.00000000000000000000e-01) (2, 3, 5.00000000000000000000e-01) (2, 3, 5.00000000000000000000e-01) (2, 3, 5.00000000000000000000e-01) (0, 3, 0.00000000000000000000e+00) (5, 3, 5.00000000000000000000e-01) (5, 3, 5.00000000000000000000e-01) (5, 3, 5.00000000000000000000e-01) (5, 3, 5.00000000000000000000e-01) (0, 3, 0.00000000000000000000e+00) (5, 0, 5.00000000000000000000e-01) (5, 0, 5.00000000000000000000e-01) (0, 0, 0.00000000000000000000e+00) 
connections (connected_to_neuron, weight)=(0, -8.86523628234863281250e+00) (1, 1.96029603481292724609e+00) (0, -1.42697153091430664062e+01) (1, 1.61170673370361328125e+00) (0, -8.73658180236816406250e+00) (1, 1.84673821926116943359e+00) (0, -9.06702899932861328125e+00) (1, 1.85290336608886718750e+00) (2, 1.76149439811706542969e+00) (3, -6.74947738647460937500e+00) (4, 1.83664023876190185547e+00) (5, 1.67875456809997558594e+00) (6, -2.88693606853485107422e-01) (2, -2.35719442367553710938e+00) (3, -7.00795793533325195312e+00) (4, -1.01221036911010742188e+00) (5, -1.03616094589233398438e+00) (6, 1.77793276309967041016e+00) (2, 7.34121513366699218750e+00) (3, -1.86282234191894531250e+01) (4, 7.22450685501098632812e+00) (5, 7.25349998474121093750e+00) (6, -2.52485895156860351562e+00) (2, 1.50000000000000000000e+03) (3, 1.50000000000000000000e+03) (4, 1.50000000000000000000e+03) (5, 1.50000000000000000000e+03) (6, 3.07213926315307617188e+00) (7, -2.61518049240112304688e+00) (8, -2.23441198468208312988e-01) (9, -1.83456373214721679688e+00) (10, 2.28322312235832214355e-01) (11, 1.59841167926788330078e+00) (7, -2.45602679252624511719e+00) (8, -3.51381635665893554688e+00) (9, 1.07983505725860595703e+00) (10, 8.77423167228698730469e-01) (11, 8.65021467208862304688e-01) 
