FANN_FLO_2.1
num_layers=3
learning_rate=0.400000
connection_rate=1.000000
network_type=0
learning_momentum=0.000000
training_algorithm=2
train_error_function=1
train_stop_function=0
cascade_output_change_fraction=0.010000
quickprop_decay=-0.000100
quickprop_mu=1.750000
rprop_increase_factor=1.200000
rprop_decrease_factor=0.500000
rprop_delta_min=0.000000
rprop_delta_max=50.000000
rprop_delta_zero=0.100000
cascade_output_stagnation_epochs=12
cascade_candidate_change_fraction=0.010000
cascade_candidate_stagnation_epochs=12
cascade_max_out_epochs=150
cascade_min_out_epochs=50
cascade_max_cand_epochs=150
cascade_min_cand_epochs=50
cascade_num_candidate_groups=2
bit_fail_limit=3.49999994039535522461e-01
cascade_candidate_limit=1.00000000000000000000e+03
cascade_weight_multiplier=4.00000005960464477539e-01
cascade_activation_functions_count=10
cascade_activation_functions=3 5 7 8 10 11 14 15 16 17 
cascade_activation_steepnesses_count=4
cascade_activation_steepnesses=2.50000000000000000000e-01 5.00000000000000000000e-01 7.50000000000000000000e-01 1.00000000000000000000e+00 
layer_sizes=7 9 2 
scale_included=0
neurons (num_inputs, activation_function, activation_steepness)=(0, 0, 0.00000000000000000000e+00) (0, 0, 0.00000000000000000000e+00) (0, 0, 0.00000000000000000000e+00) (0, 0, 0.00000000000000000000e+00) (0, 0, 0.00000000000000000000e+00) (0, 0, 0.00000000000000000000e+00) (0, 0, 0.00000000000000000000e+00) (7, 3, 5.00000000000000000000e-01) (7, 3, 5.00000000000000000000e-01) (7, 3, 5.00000000000000000000e-01) (7, 3, 5.00000000000000000000e-01) (7, 3, 5.00000000000000000000e-01) (7, 3, 5.00000000000000000000e-01) (7, 3, 5.00000000000000000000e-01) (7, 3, 5.00000000000000000000e-01) (0, 3, 0.00000000000000000000e+00) (9, 3, 5.00000000000000000000e-01) (0, 3, 0.00000000000000000000e+00) 
connections (connected_to_neuron, weight)=(0, -1.31707935333251953125e+01) (1, 1.06994972229003906250e+01) (2, 5.22059392929077148438e+00) (3, -1.99529373645782470703e+00) (4, -1.67150378227233886719e+00) (5, 4.01008796691894531250e+00) (6, 1.52893817424774169922e+00) (0, -9.24877643585205078125e+00) (1, 9.02932929992675781250e+00) (2, 3.13628120422363281250e+01) (3, -6.18537902832031250000e-01) (4, -1.20946903228759765625e+01) (5, 3.57008719444274902344e+00) (6, -5.36345422267913818359e-01) (0, -4.77519178390502929688e+00) (1, 1.03432846069335937500e+00) (2, 1.57308101654052734375e+01) (3, 5.70267677307128906250e+00) (4, 8.69828462600708007812e-02) (5, -1.02295173645019531250e+02) (6, -1.58102422952651977539e-01) (0, -1.10348606109619140625e+00) (1, -4.16427180171012878418e-02) (2, -3.63519668579101562500e+00) (3, -2.31547379493713378906e+00) (4, -1.19403743743896484375e+00) (5, 1.31471824645996093750e+00) (6, 2.61236906051635742188e-01) (0, 1.55644226074218750000e+01) (1, -1.67787895202636718750e+01) (2, -2.53553962707519531250e+00) (3, -3.43947744369506835938e+00) (4, -3.46814841032028198242e-01) (5, 5.03727960586547851562e+00) (6, -3.67827343940734863281e+00) (0, -1.08780527114868164062e+00) (1, -2.74583435058593750000e+00) (2, -4.26359796524047851562e+00) (3, -6.29251813888549804688e+00) (4, -1.60318279266357421875e+00) (5, -1.10112690925598144531e+00) (6, 7.55374813079833984375e+00) (0, -3.81449484825134277344e+00) (1, 4.56569004058837890625e+00) (2, -9.80420875549316406250e+00) (3, -2.37273693084716796875e+00) (4, -3.50754231214523315430e-01) (5, -1.49557287597656250000e+03) (6, -7.97211766242980957031e-01) (0, 1.79568505287170410156e+00) (1, -2.78593349456787109375e+00) (2, -1.81966552734375000000e+01) (3, -2.11939406394958496094e+00) (4, -1.44163322448730468750e+00) (5, -1.27123391628265380859e+00) (6, 4.69478988647460937500e+00) (7, -2.67407202720642089844e+00) (8, -6.96180641651153564453e-01) (9, -1.10857498645782470703e+00) (10, 4.78019618988037109375e+00) (11, -5.37639856338500976562e+00) (12, -1.41555023193359375000e+00) (13, -8.56756114959716796875e+00) (14, -1.67224645614624023438e-01) (15, 6.06548607349395751953e-01) 
