FANN_FLO_2.1
num_layers=4
learning_rate=0.500000
connection_rate=1.000000
network_type=0
learning_momentum=0.000000
training_algorithm=2
train_error_function=1
train_stop_function=0
cascade_output_change_fraction=0.010000
quickprop_decay=-0.000100
quickprop_mu=1.750000
rprop_increase_factor=1.200000
rprop_decrease_factor=0.500000
rprop_delta_min=0.000000
rprop_delta_max=50.000000
rprop_delta_zero=0.100000
cascade_output_stagnation_epochs=12
cascade_candidate_change_fraction=0.010000
cascade_candidate_stagnation_epochs=12
cascade_max_out_epochs=150
cascade_min_out_epochs=50
cascade_max_cand_epochs=150
cascade_min_cand_epochs=50
cascade_num_candidate_groups=2
bit_fail_limit=3.49999994039535522461e-01
cascade_candidate_limit=1.00000000000000000000e+03
cascade_weight_multiplier=4.00000005960464477539e-01
cascade_activation_functions_count=10
cascade_activation_functions=3 5 7 8 10 11 14 15 16 17 
cascade_activation_steepnesses_count=4
cascade_activation_steepnesses=2.50000000000000000000e-01 5.00000000000000000000e-01 7.50000000000000000000e-01 1.00000000000000000000e+00 
layer_sizes=2 5 5 3 
scale_included=0
neurons (num_inputs, activation_function, activation_steepness)=(0, 0, 0.00000000000000000000e+00) (0, 0, 0.00000000000000000000e+00) (2, 3, 5.00000000000000000000e-01) (2, 3, 5.00000000000000000000e-01) (2, 3, 5.00000000000000000000e-01) (2, 3, 5.00000000000000000000e-01) (0, 3, 0.00000000000000000000e+00) (5, 3, 5.00000000000000000000e-01) (5, 3, 5.00000000000000000000e-01) (5, 3, 5.00000000000000000000e-01) (5, 3, 5.00000000000000000000e-01) (0, 3, 0.00000000000000000000e+00) (5, 0, 5.00000000000000000000e-01) (5, 0, 5.00000000000000000000e-01) (0, 0, 0.00000000000000000000e+00) 
connections (connected_to_neuron, weight)=(0, 1.50000000000000000000e+03) (1, 1.76449680328369140625e+01) (0, 1.50000000000000000000e+03) (1, 1.32782220840454101562e+00) (0, -1.50000000000000000000e+03) (1, 3.69094429016113281250e+01) (0, -1.50000000000000000000e+03) (1, 1.63999519348144531250e+01) (2, 1.53915695190429687500e+02) (3, -1.53177825927734375000e+02) (4, -5.83616065979003906250e+00) (5, -1.50000000000000000000e+03) (6, 1.97308707237243652344e+00) (2, -1.77378219604492187500e+02) (3, -1.70059555053710937500e+02) (4, 1.77524200439453125000e+02) (5, 1.29487411499023437500e+02) (6, 1.66676247119903564453e+00) (2, -1.31040173339843750000e+03) (3, -1.02155578613281250000e+03) (4, 3.06916961669921875000e+02) (5, 1.50000000000000000000e+03) (6, -2.58775043487548828125e+00) (2, -8.76805841922760009766e-01) (3, 7.64839231967926025391e-01) (4, 5.59384679794311523438e+00) (5, -5.95343112945556640625e-01) (6, -2.44373846054077148438e+00) (7, -1.67543756961822509766e+00) (8, 3.47140216827392578125e+00) (9, 1.50000000000000000000e+03) (10, -3.61424535512924194336e-01) (11, 1.83030903339385986328e-01) (7, -8.73411655426025390625e-01) (8, 7.48460888862609863281e-01) (9, 1.50000000000000000000e+03) (10, 1.37431073188781738281e+00) (11, 7.21719682216644287109e-01) 
