FANN_FLO_2.1
num_layers=3
learning_rate=0.500000
connection_rate=1.000000
network_type=0
learning_momentum=0.000000
training_algorithm=2
train_error_function=1
train_stop_function=0
cascade_output_change_fraction=0.010000
quickprop_decay=-0.000100
quickprop_mu=1.750000
rprop_increase_factor=1.200000
rprop_decrease_factor=0.500000
rprop_delta_min=0.000000
rprop_delta_max=50.000000
rprop_delta_zero=0.100000
cascade_output_stagnation_epochs=12
cascade_candidate_change_fraction=0.010000
cascade_candidate_stagnation_epochs=12
cascade_max_out_epochs=150
cascade_min_out_epochs=50
cascade_max_cand_epochs=150
cascade_min_cand_epochs=50
cascade_num_candidate_groups=2
bit_fail_limit=3.49999994039535522461e-01
cascade_candidate_limit=1.00000000000000000000e+03
cascade_weight_multiplier=4.00000005960464477539e-01
cascade_activation_functions_count=10
cascade_activation_functions=3 5 7 8 10 11 14 15 16 17 
cascade_activation_steepnesses_count=4
cascade_activation_steepnesses=2.50000000000000000000e-01 5.00000000000000000000e-01 7.50000000000000000000e-01 1.00000000000000000000e+00 
layer_sizes=10 3 2 
scale_included=0
neurons (num_inputs, activation_function, activation_steepness)=(0, 0, 0.00000000000000000000e+00) (0, 0, 0.00000000000000000000e+00) (0, 0, 0.00000000000000000000e+00) (0, 0, 0.00000000000000000000e+00) (0, 0, 0.00000000000000000000e+00) (0, 0, 0.00000000000000000000e+00) (0, 0, 0.00000000000000000000e+00) (0, 0, 0.00000000000000000000e+00) (0, 0, 0.00000000000000000000e+00) (0, 0, 0.00000000000000000000e+00) (10, 3, 5.00000000000000000000e-01) (10, 3, 5.00000000000000000000e-01) (0, 3, 0.00000000000000000000e+00) (3, 3, 5.00000000000000000000e-01) (0, 3, 0.00000000000000000000e+00) 
connections (connected_to_neuron, weight)=(0, 1.02679233551025390625e+01) (1, 2.13092021942138671875e+01) (2, -4.81967163085937500000e+00) (3, -4.45742011070251464844e-01) (4, 8.63224923610687255859e-01) (5, 1.76006197929382324219e+00) (6, -1.81308822631835937500e+01) (7, -5.92018508911132812500e+00) (8, -5.69719076156616210938e+00) (9, -1.42761588096618652344e+00) (0, -4.43018455505371093750e+01) (1, -9.91915416717529296875e+00) (2, -2.67899155616760253906e+00) (3, 5.06050729751586914062e+00) (4, 2.01231926679611206055e-01) (5, 5.85343074798583984375e+00) (6, 3.96738739013671875000e+01) (7, 5.29130687937140464783e-03) (8, -1.69679850339889526367e-01) (9, 9.05501097440719604492e-02) (10, 3.86845183372497558594e+00) (11, 3.67914485931396484375e+00) (12, -2.81975650787353515625e+00) 
