FANN_FLO_2.1
num_layers=4
learning_rate=0.400000
connection_rate=1.000000
network_type=0
learning_momentum=0.000000
training_algorithm=2
train_error_function=1
train_stop_function=0
cascade_output_change_fraction=0.010000
quickprop_decay=-0.000100
quickprop_mu=1.750000
rprop_increase_factor=1.200000
rprop_decrease_factor=0.500000
rprop_delta_min=0.000000
rprop_delta_max=50.000000
rprop_delta_zero=0.100000
cascade_output_stagnation_epochs=12
cascade_candidate_change_fraction=0.010000
cascade_candidate_stagnation_epochs=12
cascade_max_out_epochs=150
cascade_min_out_epochs=50
cascade_max_cand_epochs=150
cascade_min_cand_epochs=50
cascade_num_candidate_groups=2
bit_fail_limit=3.49999994039535522461e-01
cascade_candidate_limit=1.00000000000000000000e+03
cascade_weight_multiplier=4.00000005960464477539e-01
cascade_activation_functions_count=10
cascade_activation_functions=3 5 7 8 10 11 14 15 16 17 
cascade_activation_steepnesses_count=4
cascade_activation_steepnesses=2.50000000000000000000e-01 5.00000000000000000000e-01 7.50000000000000000000e-01 1.00000000000000000000e+00 
layer_sizes=7 5 5 2 
scale_included=0
neurons (num_inputs, activation_function, activation_steepness)=(0, 0, 0.00000000000000000000e+00) (0, 0, 0.00000000000000000000e+00) (0, 0, 0.00000000000000000000e+00) (0, 0, 0.00000000000000000000e+00) (0, 0, 0.00000000000000000000e+00) (0, 0, 0.00000000000000000000e+00) (0, 0, 0.00000000000000000000e+00) (7, 3, 5.00000000000000000000e-01) (7, 3, 5.00000000000000000000e-01) (7, 3, 5.00000000000000000000e-01) (7, 3, 5.00000000000000000000e-01) (0, 3, 0.00000000000000000000e+00) (5, 3, 5.00000000000000000000e-01) (5, 3, 5.00000000000000000000e-01) (5, 3, 5.00000000000000000000e-01) (5, 3, 5.00000000000000000000e-01) (0, 3, 0.00000000000000000000e+00) (5, 3, 5.00000000000000000000e-01) (0, 3, 0.00000000000000000000e+00) 
connections (connected_to_neuron, weight)=(0, -5.32348976135253906250e+01) (1, 2.76885108947753906250e+01) (2, 5.19773742675781250000e+02) (3, 6.37472839355468750000e+01) (4, -3.21268348693847656250e+01) (5, 1.36417968750000000000e+03) (6, -1.25229406356811523438e+00) (0, 3.98130679130554199219e+00) (1, -4.79773378372192382812e+00) (2, 1.64338672161102294922e+00) (3, -1.20347952842712402344e+00) (4, -6.01007699966430664062e-01) (5, 4.38852739334106445312e+00) (6, -3.63532257080078125000e+00) (0, -6.44727420806884765625e+00) (1, 5.16869735717773437500e+00) (2, -2.91097104549407958984e-01) (3, -5.09403526782989501953e-01) (4, -1.04455065727233886719e+00) (5, -1.50000000000000000000e+03) (6, 7.29198157787322998047e-01) (0, 9.69221532344818115234e-01) (1, 1.70785248279571533203e+00) (2, 9.10984230041503906250e+00) (3, -1.20221157073974609375e+01) (4, 5.57862615585327148438e+00) (5, -1.60194802284240722656e+00) (6, -3.63014864921569824219e+00) (7, -8.82742126464843750000e+02) (8, 5.97031116485595703125e+00) (9, 7.28119659423828125000e+00) (10, 4.27771759033203125000e+00) (11, -3.49742150306701660156e+00) (7, 1.37832031250000000000e+02) (8, 2.73511171340942382812e+00) (9, 6.50276470184326171875e+00) (10, 4.94316607713699340820e-01) (11, -1.26488006114959716797e+00) (7, -3.41654330492019653320e-01) (8, 6.22751379013061523438e+00) (9, 6.65266752243041992188e+00) (10, 8.36848437786102294922e-01) (11, -2.64548444747924804688e+00) (7, -1.36706152343750000000e+03) (8, 4.43406486511230468750e+00) (9, -1.44423973560333251953e+00) (10, 5.24996681213378906250e+01) (11, -1.55775892734527587891e+00) (12, -2.60508209466934204102e-01) (13, -5.82584500312805175781e-01) (14, -5.23380470275878906250e+00) (15, -3.68486121296882629395e-02) (16, -1.80736541748046875000e-01) 
