FANN_FLO_2.1
num_layers=4
learning_rate=0.400000
connection_rate=1.000000
network_type=0
learning_momentum=0.000000
training_algorithm=2
train_error_function=1
train_stop_function=0
cascade_output_change_fraction=0.010000
quickprop_decay=-0.000100
quickprop_mu=1.750000
rprop_increase_factor=1.200000
rprop_decrease_factor=0.500000
rprop_delta_min=0.000000
rprop_delta_max=50.000000
rprop_delta_zero=0.100000
cascade_output_stagnation_epochs=12
cascade_candidate_change_fraction=0.010000
cascade_candidate_stagnation_epochs=12
cascade_max_out_epochs=150
cascade_min_out_epochs=50
cascade_max_cand_epochs=150
cascade_min_cand_epochs=50
cascade_num_candidate_groups=2
bit_fail_limit=3.49999994039535522461e-01
cascade_candidate_limit=1.00000000000000000000e+03
cascade_weight_multiplier=4.00000005960464477539e-01
cascade_activation_functions_count=10
cascade_activation_functions=3 5 7 8 10 11 14 15 16 17 
cascade_activation_steepnesses_count=4
cascade_activation_steepnesses=2.50000000000000000000e-01 5.00000000000000000000e-01 7.50000000000000000000e-01 1.00000000000000000000e+00 
layer_sizes=7 5 5 2 
scale_included=0
neurons (num_inputs, activation_function, activation_steepness)=(0, 0, 0.00000000000000000000e+00) (0, 0, 0.00000000000000000000e+00) (0, 0, 0.00000000000000000000e+00) (0, 0, 0.00000000000000000000e+00) (0, 0, 0.00000000000000000000e+00) (0, 0, 0.00000000000000000000e+00) (0, 0, 0.00000000000000000000e+00) (7, 3, 5.00000000000000000000e-01) (7, 3, 5.00000000000000000000e-01) (7, 3, 5.00000000000000000000e-01) (7, 3, 5.00000000000000000000e-01) (0, 3, 0.00000000000000000000e+00) (5, 3, 5.00000000000000000000e-01) (5, 3, 5.00000000000000000000e-01) (5, 3, 5.00000000000000000000e-01) (5, 3, 5.00000000000000000000e-01) (0, 3, 0.00000000000000000000e+00) (5, 3, 5.00000000000000000000e-01) (0, 3, 0.00000000000000000000e+00) 
connections (connected_to_neuron, weight)=(0, 1.06026446819305419922e+00) (1, 1.99816074371337890625e+01) (2, -8.08743858337402343750e+00) (3, -7.79341354370117187500e+01) (4, 4.54740166664123535156e-01) (5, 2.62394022941589355469e+00) (6, -9.25072669982910156250e-01) (0, -4.86641597747802734375e+00) (1, 5.89914608001708984375e+00) (2, -2.10441551208496093750e+01) (3, -6.21444511413574218750e+00) (4, -1.65757160186767578125e+01) (5, -6.59886074066162109375e+00) (6, 4.01522350311279296875e+00) (0, 3.03551459312438964844e+00) (1, -7.23209238052368164062e+00) (2, 1.64440083503723144531e+00) (3, -6.05360078811645507812e+00) (4, -2.20771932601928710938e+00) (5, 6.49133682250976562500e+00) (6, -2.28267461061477661133e-01) (0, -6.74924325942993164062e+00) (1, 4.98079729080200195312e+00) (2, -1.32122159004211425781e+00) (3, -2.57753682136535644531e+00) (4, -8.85553240776062011719e-01) (5, -5.77853059768676757812e+00) (6, 1.77370107173919677734e+00) (7, -5.67818999290466308594e-01) (8, -1.23999941349029541016e+00) (9, 1.64838528633117675781e+00) (10, 6.54671478271484375000e+00) (11, -1.66403794288635253906e+00) (7, -3.51571846008300781250e+01) (8, 2.84700756072998046875e+01) (9, 3.34380416870117187500e+01) (10, 1.22818527221679687500e+01) (11, -1.81398379802703857422e+00) (7, 2.77049469947814941406e+00) (8, -7.92747676372528076172e-01) (9, 3.23948502540588378906e+00) (10, 2.27671241760253906250e+00) (11, -2.84448862075805664062e+00) (7, 1.37340972900390625000e+02) (8, 3.61451034545898437500e+01) (9, 3.03876476287841796875e+01) (10, 5.35471010208129882812e+00) (11, -1.02747068405151367188e+01) (12, -1.72747993469238281250e+00) (13, -9.97425138950347900391e-01) (14, -1.56268513202667236328e+00) (15, -8.57647240161895751953e-01) (16, -4.59178388118743896484e-01) 
