FANN_FLO_2.1
num_layers=4
learning_rate=0.400000
connection_rate=1.000000
network_type=0
learning_momentum=0.000000
training_algorithm=2
train_error_function=1
train_stop_function=0
cascade_output_change_fraction=0.010000
quickprop_decay=-0.000100
quickprop_mu=1.750000
rprop_increase_factor=1.200000
rprop_decrease_factor=0.500000
rprop_delta_min=0.000000
rprop_delta_max=50.000000
rprop_delta_zero=0.100000
cascade_output_stagnation_epochs=12
cascade_candidate_change_fraction=0.010000
cascade_candidate_stagnation_epochs=12
cascade_max_out_epochs=150
cascade_min_out_epochs=50
cascade_max_cand_epochs=150
cascade_min_cand_epochs=50
cascade_num_candidate_groups=2
bit_fail_limit=3.49999994039535522461e-01
cascade_candidate_limit=1.00000000000000000000e+03
cascade_weight_multiplier=4.00000005960464477539e-01
cascade_activation_functions_count=10
cascade_activation_functions=3 5 7 8 10 11 14 15 16 17 
cascade_activation_steepnesses_count=4
cascade_activation_steepnesses=2.50000000000000000000e-01 5.00000000000000000000e-01 7.50000000000000000000e-01 1.00000000000000000000e+00 
layer_sizes=7 5 3 2 
scale_included=0
neurons (num_inputs, activation_function, activation_steepness)=(0, 0, 0.00000000000000000000e+00) (0, 0, 0.00000000000000000000e+00) (0, 0, 0.00000000000000000000e+00) (0, 0, 0.00000000000000000000e+00) (0, 0, 0.00000000000000000000e+00) (0, 0, 0.00000000000000000000e+00) (0, 0, 0.00000000000000000000e+00) (7, 3, 5.00000000000000000000e-01) (7, 3, 5.00000000000000000000e-01) (7, 3, 5.00000000000000000000e-01) (7, 3, 5.00000000000000000000e-01) (0, 3, 0.00000000000000000000e+00) (5, 3, 5.00000000000000000000e-01) (5, 3, 5.00000000000000000000e-01) (0, 3, 0.00000000000000000000e+00) (3, 3, 5.00000000000000000000e-01) (0, 3, 0.00000000000000000000e+00) 
connections (connected_to_neuron, weight)=(0, -5.69538784027099609375e+00) (1, 4.42182970046997070312e+00) (2, -1.26529526710510253906e+00) (3, -2.23201441764831542969e+00) (4, -1.23857605457305908203e+00) (5, -5.43520784378051757812e+00) (6, 2.39835977554321289062e+00) (0, -2.04244112968444824219e+00) (1, -3.06001710891723632812e+00) (2, -2.06470737457275390625e+01) (3, -5.13342332839965820312e+00) (4, 5.35656785964965820312e+00) (5, 4.40307760238647460938e+00) (6, -3.57040143013000488281e+00) (0, -3.31995338201522827148e-01) (1, 5.28575479984283447266e-01) (2, 2.14385509490966796875e+01) (3, -2.93095016479492187500e+00) (4, -6.65268039703369140625e+00) (5, 4.73434305191040039062e+00) (6, -1.59978890419006347656e+00) (0, -1.48475573730468750000e+03) (1, -1.84947166442871093750e+01) (2, 2.32585563659667968750e+01) (3, -9.87749023437500000000e+01) (4, 1.10370817184448242188e+01) (5, 1.26677246093750000000e+03) (6, 2.10818457603454589844e+00) (7, 4.87288665771484375000e+00) (8, 1.22527122497558593750e+01) (9, 3.87318396568298339844e+00) (10, -4.67338413000106811523e-01) (11, -2.54172348976135253906e+00) (7, 8.84893608093261718750e+00) (8, 8.13551269531250000000e+02) (9, 6.59331703186035156250e+00) (10, -8.91270828247070312500e+00) (11, -1.85835027694702148438e+00) (12, -3.26261591911315917969e+00) (13, -6.58310592174530029297e-01) (14, -2.46546119451522827148e-01) 
