FANN_FLO_2.1
num_layers=3
learning_rate=0.400000
connection_rate=1.000000
network_type=0
learning_momentum=0.000000
training_algorithm=2
train_error_function=1
train_stop_function=0
cascade_output_change_fraction=0.010000
quickprop_decay=-0.000100
quickprop_mu=1.750000
rprop_increase_factor=1.200000
rprop_decrease_factor=0.500000
rprop_delta_min=0.000000
rprop_delta_max=50.000000
rprop_delta_zero=0.100000
cascade_output_stagnation_epochs=12
cascade_candidate_change_fraction=0.010000
cascade_candidate_stagnation_epochs=12
cascade_max_out_epochs=150
cascade_min_out_epochs=50
cascade_max_cand_epochs=150
cascade_min_cand_epochs=50
cascade_num_candidate_groups=2
bit_fail_limit=3.49999994039535522461e-01
cascade_candidate_limit=1.00000000000000000000e+03
cascade_weight_multiplier=4.00000005960464477539e-01
cascade_activation_functions_count=10
cascade_activation_functions=3 5 7 8 10 11 14 15 16 17 
cascade_activation_steepnesses_count=4
cascade_activation_steepnesses=2.50000000000000000000e-01 5.00000000000000000000e-01 7.50000000000000000000e-01 1.00000000000000000000e+00 
layer_sizes=7 5 2 
scale_included=0
neurons (num_inputs, activation_function, activation_steepness)=(0, 0, 0.00000000000000000000e+00) (0, 0, 0.00000000000000000000e+00) (0, 0, 0.00000000000000000000e+00) (0, 0, 0.00000000000000000000e+00) (0, 0, 0.00000000000000000000e+00) (0, 0, 0.00000000000000000000e+00) (0, 0, 0.00000000000000000000e+00) (7, 3, 5.00000000000000000000e-01) (7, 3, 5.00000000000000000000e-01) (7, 3, 5.00000000000000000000e-01) (7, 3, 5.00000000000000000000e-01) (0, 3, 0.00000000000000000000e+00) (5, 3, 5.00000000000000000000e-01) (0, 3, 0.00000000000000000000e+00) 
connections (connected_to_neuron, weight)=(0, -3.46723413467407226562e+00) (1, 7.73621916770935058594e-01) (2, 3.94039690494537353516e-01) (3, -1.61259520053863525391e+00) (4, -5.25484919548034667969e-01) (5, -1.53620493412017822266e+00) (6, 2.08282637596130371094e+00) (0, -4.26441907882690429688e+00) (1, -2.46922087669372558594e+00) (2, -1.85779726505279541016e+00) (3, 1.03057122230529785156e+00) (4, 8.47791373729705810547e-01) (5, 2.86501717567443847656e+00) (6, -7.93811559677124023438e-01) (0, -3.34244680404663085938e+00) (1, 5.43919920921325683594e-01) (2, 9.77833330631256103516e-01) (3, -1.79095411300659179688e+00) (4, -2.45614099502563476562e+00) (5, -1.89538383483886718750e+00) (6, 7.35793709754943847656e-01) (0, -2.48691916465759277344e+00) (1, 3.56978058815002441406e+00) (2, 6.47314190864562988281e-02) (3, 6.68821811676025390625e+00) (4, -1.00903034210205078125e+01) (5, 7.89483070373535156250e+00) (6, -7.33567893505096435547e-01) (7, -4.24308156967163085938e+00) (8, 4.98183536529541015625e+00) (9, -1.28043136596679687500e+01) (10, -2.16806697845458984375e+00) (11, 2.04358005523681640625e+00) 
