FANN_FLO_2.1
num_layers=4
learning_rate=0.500000
connection_rate=1.000000
network_type=0
learning_momentum=0.000000
training_algorithm=2
train_error_function=1
train_stop_function=0
cascade_output_change_fraction=0.010000
quickprop_decay=-0.000100
quickprop_mu=1.750000
rprop_increase_factor=1.200000
rprop_decrease_factor=0.500000
rprop_delta_min=0.000000
rprop_delta_max=50.000000
rprop_delta_zero=0.100000
cascade_output_stagnation_epochs=12
cascade_candidate_change_fraction=0.010000
cascade_candidate_stagnation_epochs=12
cascade_max_out_epochs=150
cascade_min_out_epochs=50
cascade_max_cand_epochs=150
cascade_min_cand_epochs=50
cascade_num_candidate_groups=2
bit_fail_limit=3.49999994039535522461e-01
cascade_candidate_limit=1.00000000000000000000e+03
cascade_weight_multiplier=4.00000005960464477539e-01
cascade_activation_functions_count=10
cascade_activation_functions=3 5 7 8 10 11 14 15 16 17 
cascade_activation_steepnesses_count=4
cascade_activation_steepnesses=2.50000000000000000000e-01 5.00000000000000000000e-01 7.50000000000000000000e-01 1.00000000000000000000e+00 
layer_sizes=10 3 3 2 
scale_included=0
neurons (num_inputs, activation_function, activation_steepness)=(0, 0, 0.00000000000000000000e+00) (0, 0, 0.00000000000000000000e+00) (0, 0, 0.00000000000000000000e+00) (0, 0, 0.00000000000000000000e+00) (0, 0, 0.00000000000000000000e+00) (0, 0, 0.00000000000000000000e+00) (0, 0, 0.00000000000000000000e+00) (0, 0, 0.00000000000000000000e+00) (0, 0, 0.00000000000000000000e+00) (0, 0, 0.00000000000000000000e+00) (10, 3, 5.00000000000000000000e-01) (10, 3, 5.00000000000000000000e-01) (0, 3, 0.00000000000000000000e+00) (3, 3, 5.00000000000000000000e-01) (3, 3, 5.00000000000000000000e-01) (0, 3, 0.00000000000000000000e+00) (3, 3, 5.00000000000000000000e-01) (0, 3, 0.00000000000000000000e+00) 
connections (connected_to_neuron, weight)=(0, -2.02082425355911254883e-01) (1, 1.28123016357421875000e+01) (2, -7.33261644840240478516e-01) (3, -1.18936119079589843750e+01) (4, 1.11684856414794921875e+01) (5, -2.43769120424985885620e-02) (6, -7.82770061492919921875e+00) (7, -5.99002122879028320312e-01) (8, -7.10178804397583007812e+00) (9, -9.52130183577537536621e-02) (0, 2.52843685150146484375e+01) (1, -7.80842781066894531250e+00) (2, -1.07821202278137207031e+00) (3, 1.74240899085998535156e+00) (4, 8.47435951232910156250e-01) (5, 1.00765476226806640625e+01) (6, -1.22799491882324218750e+01) (7, -3.08329143524169921875e+01) (8, 1.52837991714477539062e+01) (9, 5.82136154174804687500e-01) (10, 8.70956039428710937500e+00) (11, -8.24890518188476562500e+00) (12, 4.40790796279907226562e+00) (10, 7.33877038955688476562e+00) (11, -6.58568668365478515625e+00) (12, 3.97551083564758300781e+00) (13, 1.45073628425598144531e+00) (14, 1.16818141937255859375e+00) (15, -1.72950863838195800781e+00) 
