FANN_FLO_2.1
num_layers=3
learning_rate=0.500000
connection_rate=1.000000
network_type=0
learning_momentum=0.000000
training_algorithm=2
train_error_function=1
train_stop_function=0
cascade_output_change_fraction=0.010000
quickprop_decay=-0.000100
quickprop_mu=1.750000
rprop_increase_factor=1.200000
rprop_decrease_factor=0.500000
rprop_delta_min=0.000000
rprop_delta_max=50.000000
rprop_delta_zero=0.100000
cascade_output_stagnation_epochs=12
cascade_candidate_change_fraction=0.010000
cascade_candidate_stagnation_epochs=12
cascade_max_out_epochs=150
cascade_min_out_epochs=50
cascade_max_cand_epochs=150
cascade_min_cand_epochs=50
cascade_num_candidate_groups=2
bit_fail_limit=3.49999994039535522461e-01
cascade_candidate_limit=1.00000000000000000000e+03
cascade_weight_multiplier=4.00000005960464477539e-01
cascade_activation_functions_count=10
cascade_activation_functions=3 5 7 8 10 11 14 15 16 17 
cascade_activation_steepnesses_count=4
cascade_activation_steepnesses=2.50000000000000000000e-01 5.00000000000000000000e-01 7.50000000000000000000e-01 1.00000000000000000000e+00 
layer_sizes=10 3 2 
scale_included=0
neurons (num_inputs, activation_function, activation_steepness)=(0, 0, 0.00000000000000000000e+00) (0, 0, 0.00000000000000000000e+00) (0, 0, 0.00000000000000000000e+00) (0, 0, 0.00000000000000000000e+00) (0, 0, 0.00000000000000000000e+00) (0, 0, 0.00000000000000000000e+00) (0, 0, 0.00000000000000000000e+00) (0, 0, 0.00000000000000000000e+00) (0, 0, 0.00000000000000000000e+00) (0, 0, 0.00000000000000000000e+00) (10, 3, 5.00000000000000000000e-01) (10, 3, 5.00000000000000000000e-01) (0, 3, 0.00000000000000000000e+00) (3, 3, 5.00000000000000000000e-01) (0, 3, 0.00000000000000000000e+00) 
connections (connected_to_neuron, weight)=(0, -1.34962546825408935547e+00) (1, 9.51236724853515625000e+00) (2, -5.37925183773040771484e-01) (3, -4.01044702529907226562e+00) (4, 1.99666666984558105469e+00) (5, 7.10356521606445312500e+00) (6, -1.10278482437133789062e+01) (7, -1.32789793014526367188e+01) (8, -1.81546993553638458252e-02) (9, 3.54733538627624511719e+00) (0, -3.49729895591735839844e+00) (1, -1.33433699607849121094e+00) (2, -1.18975658416748046875e+01) (3, -5.32231032848358154297e-01) (4, 6.17905318737030029297e-01) (5, -1.43306517601013183594e+00) (6, 1.83213520050048828125e+01) (7, 4.31189656257629394531e-01) (8, -1.83709770441055297852e-01) (9, -1.82128989696502685547e+00) (10, 4.29173707962036132812e+00) (11, 4.29188299179077148438e+00) (12, -3.42530655860900878906e+00) 
