FANN_FLO_2.1
num_layers=3
learning_rate=0.500000
connection_rate=1.000000
network_type=0
learning_momentum=0.000000
training_algorithm=2
train_error_function=1
train_stop_function=0
cascade_output_change_fraction=0.010000
quickprop_decay=-0.000100
quickprop_mu=1.750000
rprop_increase_factor=1.200000
rprop_decrease_factor=0.500000
rprop_delta_min=0.000000
rprop_delta_max=50.000000
rprop_delta_zero=0.100000
cascade_output_stagnation_epochs=12
cascade_candidate_change_fraction=0.010000
cascade_candidate_stagnation_epochs=12
cascade_max_out_epochs=150
cascade_min_out_epochs=50
cascade_max_cand_epochs=150
cascade_min_cand_epochs=50
cascade_num_candidate_groups=2
bit_fail_limit=3.49999994039535522461e-01
cascade_candidate_limit=1.00000000000000000000e+03
cascade_weight_multiplier=4.00000005960464477539e-01
cascade_activation_functions_count=10
cascade_activation_functions=3 5 7 8 10 11 14 15 16 17 
cascade_activation_steepnesses_count=4
cascade_activation_steepnesses=2.50000000000000000000e-01 5.00000000000000000000e-01 7.50000000000000000000e-01 1.00000000000000000000e+00 
layer_sizes=10 5 2 
scale_included=0
neurons (num_inputs, activation_function, activation_steepness)=(0, 0, 0.00000000000000000000e+00) (0, 0, 0.00000000000000000000e+00) (0, 0, 0.00000000000000000000e+00) (0, 0, 0.00000000000000000000e+00) (0, 0, 0.00000000000000000000e+00) (0, 0, 0.00000000000000000000e+00) (0, 0, 0.00000000000000000000e+00) (0, 0, 0.00000000000000000000e+00) (0, 0, 0.00000000000000000000e+00) (0, 0, 0.00000000000000000000e+00) (10, 3, 5.00000000000000000000e-01) (10, 3, 5.00000000000000000000e-01) (10, 3, 5.00000000000000000000e-01) (10, 3, 5.00000000000000000000e-01) (0, 3, 0.00000000000000000000e+00) (5, 3, 5.00000000000000000000e-01) (0, 3, 0.00000000000000000000e+00) 
connections (connected_to_neuron, weight)=(0, -1.00642764568328857422e+00) (1, -2.19341754913330078125e+00) (2, -1.21252765655517578125e+01) (3, 7.25225508213043212891e-01) (4, 5.09677886962890625000e-01) (5, -1.62345242500305175781e+00) (6, 2.08340883255004882812e+00) (7, 7.60621070861816406250e-01) (8, 8.76843738555908203125e+00) (9, 6.24791204929351806641e-01) (0, 1.43940651416778564453e+00) (1, 6.16172599792480468750e+00) (2, 1.19915157556533813477e-01) (3, -4.19403362274169921875e+00) (4, 5.49102842807769775391e-01) (5, -1.39995729923248291016e+00) (6, -4.91805505752563476562e+00) (7, 1.92171037197113037109e-01) (8, -1.98609209060668945312e+00) (9, 1.07625520229339599609e+00) (0, 6.65591287612915039062e+00) (1, 1.74491004943847656250e+01) (2, 1.24655410647392272949e-01) (3, -2.36575913429260253906e+00) (4, 8.34044158458709716797e-01) (5, 3.49458754062652587891e-01) (6, -1.39443464279174804688e+01) (7, -4.61760044097900390625e+00) (8, -1.13342704772949218750e+01) (9, 1.46733570098876953125e+00) (0, 5.51255798339843750000e+00) (1, 3.58994698524475097656e+00) (2, 1.94595620036125183105e-01) (3, -1.20789837837219238281e+00) (4, 6.80213570594787597656e-01) (5, -6.70110940933227539062e-01) (6, -7.34190845489501953125e+00) (7, -2.29008483886718750000e+00) (8, -6.52135944366455078125e+00) (9, 3.83396148681640625000e+00) (10, 3.31316709518432617188e+00) (11, 8.15509557723999023438e-01) (12, 2.32351350784301757812e+00) (13, 1.53640061616897583008e-01) (14, -2.44201993942260742188e+00) 
