FANN_FLO_2.1
num_layers=3
learning_rate=0.500000
connection_rate=1.000000
network_type=0
learning_momentum=0.000000
training_algorithm=2
train_error_function=1
train_stop_function=0
cascade_output_change_fraction=0.010000
quickprop_decay=-0.000100
quickprop_mu=1.750000
rprop_increase_factor=1.200000
rprop_decrease_factor=0.500000
rprop_delta_min=0.000000
rprop_delta_max=50.000000
rprop_delta_zero=0.100000
cascade_output_stagnation_epochs=12
cascade_candidate_change_fraction=0.010000
cascade_candidate_stagnation_epochs=12
cascade_max_out_epochs=150
cascade_min_out_epochs=50
cascade_max_cand_epochs=150
cascade_min_cand_epochs=50
cascade_num_candidate_groups=2
bit_fail_limit=3.49999994039535522461e-01
cascade_candidate_limit=1.00000000000000000000e+03
cascade_weight_multiplier=4.00000005960464477539e-01
cascade_activation_functions_count=10
cascade_activation_functions=3 5 7 8 10 11 14 15 16 17 
cascade_activation_steepnesses_count=4
cascade_activation_steepnesses=2.50000000000000000000e-01 5.00000000000000000000e-01 7.50000000000000000000e-01 1.00000000000000000000e+00 
layer_sizes=10 3 2 
scale_included=0
neurons (num_inputs, activation_function, activation_steepness)=(0, 0, 0.00000000000000000000e+00) (0, 0, 0.00000000000000000000e+00) (0, 0, 0.00000000000000000000e+00) (0, 0, 0.00000000000000000000e+00) (0, 0, 0.00000000000000000000e+00) (0, 0, 0.00000000000000000000e+00) (0, 0, 0.00000000000000000000e+00) (0, 0, 0.00000000000000000000e+00) (0, 0, 0.00000000000000000000e+00) (0, 0, 0.00000000000000000000e+00) (10, 3, 5.00000000000000000000e-01) (10, 3, 5.00000000000000000000e-01) (0, 3, 0.00000000000000000000e+00) (3, 3, 5.00000000000000000000e-01) (0, 3, 0.00000000000000000000e+00) 
connections (connected_to_neuron, weight)=(0, -1.32958097457885742188e+01) (1, -2.43940620422363281250e+01) (2, 2.29071426391601562500e+01) (3, -8.09554862976074218750e+00) (4, 5.00108909606933593750e+01) (5, -7.15275335311889648438e+00) (6, 1.39532594680786132812e+01) (7, -3.82704544067382812500e+01) (8, -2.87098193168640136719e+00) (9, 1.37497913837432861328e+00) (0, -9.01779556274414062500e+00) (1, -5.13464117050170898438e+00) (2, 2.10093441009521484375e+01) (3, -2.57482433319091796875e+00) (4, 3.81525840759277343750e+01) (5, 1.08819847106933593750e+01) (6, -8.67956733703613281250e+00) (7, -4.51432762145996093750e+01) (8, -6.09477663040161132812e+00) (9, -8.23786735534667968750e-01) (10, 2.64343285560607910156e+00) (11, 1.33938059210777282715e-01) (12, -1.74358272552490234375e+00) 
