FANN_FLO_2.1
num_layers=4
learning_rate=0.500000
connection_rate=1.000000
network_type=0
learning_momentum=0.000000
training_algorithm=2
train_error_function=1
train_stop_function=0
cascade_output_change_fraction=0.010000
quickprop_decay=-0.000100
quickprop_mu=1.750000
rprop_increase_factor=1.200000
rprop_decrease_factor=0.500000
rprop_delta_min=0.000000
rprop_delta_max=50.000000
rprop_delta_zero=0.100000
cascade_output_stagnation_epochs=12
cascade_candidate_change_fraction=0.010000
cascade_candidate_stagnation_epochs=12
cascade_max_out_epochs=150
cascade_min_out_epochs=50
cascade_max_cand_epochs=150
cascade_min_cand_epochs=50
cascade_num_candidate_groups=2
bit_fail_limit=3.49999994039535522461e-01
cascade_candidate_limit=1.00000000000000000000e+03
cascade_weight_multiplier=4.00000005960464477539e-01
cascade_activation_functions_count=10
cascade_activation_functions=3 5 7 8 10 11 14 15 16 17 
cascade_activation_steepnesses_count=4
cascade_activation_steepnesses=2.50000000000000000000e-01 5.00000000000000000000e-01 7.50000000000000000000e-01 1.00000000000000000000e+00 
layer_sizes=2 5 5 3 
scale_included=0
neurons (num_inputs, activation_function, activation_steepness)=(0, 0, 0.00000000000000000000e+00) (0, 0, 0.00000000000000000000e+00) (2, 3, 5.00000000000000000000e-01) (2, 3, 5.00000000000000000000e-01) (2, 3, 5.00000000000000000000e-01) (2, 3, 5.00000000000000000000e-01) (0, 3, 0.00000000000000000000e+00) (5, 3, 5.00000000000000000000e-01) (5, 3, 5.00000000000000000000e-01) (5, 3, 5.00000000000000000000e-01) (5, 3, 5.00000000000000000000e-01) (0, 3, 0.00000000000000000000e+00) (5, 0, 5.00000000000000000000e-01) (5, 0, 5.00000000000000000000e-01) (0, 0, 0.00000000000000000000e+00) 
connections (connected_to_neuron, weight)=(0, -9.66734695434570312500e+00) (1, 2.42947805672883987427e-02) (0, -6.30560398101806640625e+00) (1, 3.27013760805130004883e-01) (0, -5.96051168441772460938e+00) (1, -1.86782523989677429199e-01) (0, 1.28546088933944702148e-01) (1, 8.80273953080177307129e-02) (2, 9.82879829406738281250e+00) (3, 4.31764984130859375000e+00) (4, 5.79124402999877929688e+00) (5, -2.50540947914123535156e+00) (6, -2.60387539863586425781e+00) (2, 3.86789131164550781250e+01) (3, 4.95199203491210937500e+00) (4, 5.10291767120361328125e+00) (5, -3.00118255615234375000e+00) (6, -1.99167454242706298828e+00) (2, -8.22233378887176513672e-01) (3, -4.47315645217895507812e+00) (4, -1.79278492927551269531e+00) (5, 1.16783654689788818359e+00) (6, 2.05675625801086425781e+00) (2, 1.37713699340820312500e+01) (3, -1.72236099243164062500e+01) (4, -1.64443343877792358398e-01) (5, 5.14156036078929901123e-02) (6, 3.77761632204055786133e-01) (7, 1.50064844638109207153e-02) (8, 4.67848747968673706055e-01) (9, -3.89704012870788574219e+00) (10, 9.17817211151123046875e+00) (11, -1.29929631948471069336e-01) (7, 1.24150502681732177734e+00) (8, 9.06692385673522949219e-01) (9, -1.41658902168273925781e+00) (10, -3.51356339454650878906e+00) (11, 4.19350177049636840820e-01) 
