FANN_FLO_2.1
num_layers=4
learning_rate=0.500000
connection_rate=1.000000
network_type=0
learning_momentum=0.000000
training_algorithm=2
train_error_function=1
train_stop_function=0
cascade_output_change_fraction=0.010000
quickprop_decay=-0.000100
quickprop_mu=1.750000
rprop_increase_factor=1.200000
rprop_decrease_factor=0.500000
rprop_delta_min=0.000000
rprop_delta_max=50.000000
rprop_delta_zero=0.100000
cascade_output_stagnation_epochs=12
cascade_candidate_change_fraction=0.010000
cascade_candidate_stagnation_epochs=12
cascade_max_out_epochs=150
cascade_min_out_epochs=50
cascade_max_cand_epochs=150
cascade_min_cand_epochs=50
cascade_num_candidate_groups=2
bit_fail_limit=3.49999994039535522461e-01
cascade_candidate_limit=1.00000000000000000000e+03
cascade_weight_multiplier=4.00000005960464477539e-01
cascade_activation_functions_count=10
cascade_activation_functions=3 5 7 8 10 11 14 15 16 17 
cascade_activation_steepnesses_count=4
cascade_activation_steepnesses=2.50000000000000000000e-01 5.00000000000000000000e-01 7.50000000000000000000e-01 1.00000000000000000000e+00 
layer_sizes=2 5 5 3 
scale_included=0
neurons (num_inputs, activation_function, activation_steepness)=(0, 0, 0.00000000000000000000e+00) (0, 0, 0.00000000000000000000e+00) (2, 3, 5.00000000000000000000e-01) (2, 3, 5.00000000000000000000e-01) (2, 3, 5.00000000000000000000e-01) (2, 3, 5.00000000000000000000e-01) (0, 3, 0.00000000000000000000e+00) (5, 3, 5.00000000000000000000e-01) (5, 3, 5.00000000000000000000e-01) (5, 3, 5.00000000000000000000e-01) (5, 3, 5.00000000000000000000e-01) (0, 3, 0.00000000000000000000e+00) (5, 0, 5.00000000000000000000e-01) (5, 0, 5.00000000000000000000e-01) (0, 0, 0.00000000000000000000e+00) 
connections (connected_to_neuron, weight)=(0, -7.45650339126586914062e+00) (1, 5.97049295902252197266e-01) (0, -5.51637485623359680176e-02) (1, 7.59580612182617187500e-01) (0, 8.44573020935058593750e+00) (1, 7.53518283367156982422e-01) (0, -4.61044597625732421875e+00) (1, 2.85606980323791503906e-01) (2, -9.92381572723388671875e+00) (3, -1.58867631107568740845e-02) (4, 3.22186064720153808594e+00) (5, 9.49178278446197509766e-01) (6, 2.20552659034729003906e+00) (2, 3.22593212127685546875e+00) (3, 1.27353155612945556641e+00) (4, -7.24222302436828613281e-01) (5, -6.11861467361450195312e-01) (6, -6.34346961975097656250e-01) (2, -1.08101873397827148438e+01) (3, -9.64000046253204345703e-01) (4, 4.53795999288558959961e-01) (5, 1.12797904014587402344e+00) (6, 2.07942533493041992188e+00) (2, 3.20367774963378906250e+01) (3, 2.34743881225585937500e+00) (4, 1.05673819780349731445e-01) (5, -8.67174938321113586426e-02) (6, -3.86311936378479003906e+00) (7, -2.25414252281188964844e+00) (8, 7.92492806911468505859e-01) (9, 6.43480941653251647949e-03) (10, -2.70133566856384277344e+00) (11, 2.46526050567626953125e+00) (7, -1.95387095212936401367e-01) (8, 9.22062814235687255859e-01) (9, -3.60998249053955078125e+00) (10, 9.53330516815185546875e-01) (11, 3.75168919563293457031e-01) 
