FANN_FLO_2.1
num_layers=3
learning_rate=0.400000
connection_rate=1.000000
network_type=0
learning_momentum=0.000000
training_algorithm=2
train_error_function=1
train_stop_function=0
cascade_output_change_fraction=0.010000
quickprop_decay=-0.000100
quickprop_mu=1.750000
rprop_increase_factor=1.200000
rprop_decrease_factor=0.500000
rprop_delta_min=0.000000
rprop_delta_max=50.000000
rprop_delta_zero=0.100000
cascade_output_stagnation_epochs=12
cascade_candidate_change_fraction=0.010000
cascade_candidate_stagnation_epochs=12
cascade_max_out_epochs=150
cascade_min_out_epochs=50
cascade_max_cand_epochs=150
cascade_min_cand_epochs=50
cascade_num_candidate_groups=2
bit_fail_limit=3.49999994039535522461e-01
cascade_candidate_limit=1.00000000000000000000e+03
cascade_weight_multiplier=4.00000005960464477539e-01
cascade_activation_functions_count=10
cascade_activation_functions=3 5 7 8 10 11 14 15 16 17 
cascade_activation_steepnesses_count=4
cascade_activation_steepnesses=2.50000000000000000000e-01 5.00000000000000000000e-01 7.50000000000000000000e-01 1.00000000000000000000e+00 
layer_sizes=7 9 2 
scale_included=0
neurons (num_inputs, activation_function, activation_steepness)=(0, 0, 0.00000000000000000000e+00) (0, 0, 0.00000000000000000000e+00) (0, 0, 0.00000000000000000000e+00) (0, 0, 0.00000000000000000000e+00) (0, 0, 0.00000000000000000000e+00) (0, 0, 0.00000000000000000000e+00) (0, 0, 0.00000000000000000000e+00) (7, 3, 5.00000000000000000000e-01) (7, 3, 5.00000000000000000000e-01) (7, 3, 5.00000000000000000000e-01) (7, 3, 5.00000000000000000000e-01) (7, 3, 5.00000000000000000000e-01) (7, 3, 5.00000000000000000000e-01) (7, 3, 5.00000000000000000000e-01) (7, 3, 5.00000000000000000000e-01) (0, 3, 0.00000000000000000000e+00) (9, 3, 5.00000000000000000000e-01) (0, 3, 0.00000000000000000000e+00) 
connections (connected_to_neuron, weight)=(0, -4.85510301589965820312e+00) (1, -1.21452581882476806641e+00) (2, -2.09576940536499023438e+00) (3, 1.56440854072570800781e+00) (4, 1.86074292659759521484e+00) (5, 1.31547236442565917969e+00) (6, -2.43163180351257324219e+00) (0, -4.97604012489318847656e-01) (1, -4.80464667081832885742e-01) (2, -9.80680048465728759766e-01) (3, 1.62779235839843750000e+00) (4, 1.22895228862762451172e+00) (5, 9.67981219291687011719e-01) (6, -1.38733208179473876953e+00) (0, 4.84331637620925903320e-01) (1, -3.34855794906616210938e+00) (2, -1.75847613811492919922e+00) (3, 2.55979061126708984375e+00) (4, -4.49638032913208007812e+00) (5, 9.21436786651611328125e+00) (6, -3.15001034736633300781e+00) (0, -4.47845125198364257812e+00) (1, -1.55438578128814697266e+00) (2, -2.12837052345275878906e+00) (3, 1.43296957015991210938e+00) (4, 1.43303763866424560547e+00) (5, 9.63627457618713378906e-01) (6, -1.87909460067749023438e+00) (0, 4.65282201766967773438e+00) (1, 2.36178898811340332031e+00) (2, 1.92181900143623352051e-01) (3, -2.92545366287231445312e+00) (4, -1.26418101787567138672e+00) (5, -9.55999553203582763672e-01) (6, 3.11759257316589355469e+00) (0, 5.68194341659545898438e+00) (1, 2.58551096916198730469e+00) (2, 3.22011613845825195312e+00) (3, 2.87149548530578613281e-01) (4, -4.00126791000366210938e+00) (5, -3.93218731880187988281e+00) (6, 1.38666737079620361328e+00) (0, -7.55240797996520996094e-01) (1, -1.40166652202606201172e+00) (2, -2.13733386993408203125e+00) (3, 3.75771641731262207031e+00) (4, -1.34098911285400390625e+00) (5, 1.74342274665832519531e+00) (6, -3.02180790901184082031e+00) (0, -8.53240311145782470703e-01) (1, 3.50253343582153320312e-01) (2, 2.05610036849975585938e+00) (3, 6.20752859115600585938e+00) (4, 1.96349179744720458984e+00) (5, -1.19581041336059570312e+01) (6, -2.88899064064025878906e-01) (7, 2.32801365852355957031e+00) (8, -9.53148126602172851562e-01) (9, 2.54343485832214355469e+00) (10, 4.10011023283004760742e-01) (11, -1.37565505504608154297e+00) (12, -1.22275280952453613281e+00) (13, 1.28628313541412353516e+00) (14, 3.36794352531433105469e+00) (15, 3.60957123339176177979e-02) 
