FANN_FLO_2.1
num_layers=3
learning_rate=0.500000
connection_rate=1.000000
network_type=0
learning_momentum=0.000000
training_algorithm=2
train_error_function=1
train_stop_function=0
cascade_output_change_fraction=0.010000
quickprop_decay=-0.000100
quickprop_mu=1.750000
rprop_increase_factor=1.200000
rprop_decrease_factor=0.500000
rprop_delta_min=0.000000
rprop_delta_max=50.000000
rprop_delta_zero=0.100000
cascade_output_stagnation_epochs=12
cascade_candidate_change_fraction=0.010000
cascade_candidate_stagnation_epochs=12
cascade_max_out_epochs=150
cascade_min_out_epochs=50
cascade_max_cand_epochs=150
cascade_min_cand_epochs=50
cascade_num_candidate_groups=2
bit_fail_limit=3.49999994039535522461e-01
cascade_candidate_limit=1.00000000000000000000e+03
cascade_weight_multiplier=4.00000005960464477539e-01
cascade_activation_functions_count=10
cascade_activation_functions=3 5 7 8 10 11 14 15 16 17 
cascade_activation_steepnesses_count=4
cascade_activation_steepnesses=2.50000000000000000000e-01 5.00000000000000000000e-01 7.50000000000000000000e-01 1.00000000000000000000e+00 
layer_sizes=10 5 2 
scale_included=0
neurons (num_inputs, activation_function, activation_steepness)=(0, 0, 0.00000000000000000000e+00) (0, 0, 0.00000000000000000000e+00) (0, 0, 0.00000000000000000000e+00) (0, 0, 0.00000000000000000000e+00) (0, 0, 0.00000000000000000000e+00) (0, 0, 0.00000000000000000000e+00) (0, 0, 0.00000000000000000000e+00) (0, 0, 0.00000000000000000000e+00) (0, 0, 0.00000000000000000000e+00) (0, 0, 0.00000000000000000000e+00) (10, 3, 5.00000000000000000000e-01) (10, 3, 5.00000000000000000000e-01) (10, 3, 5.00000000000000000000e-01) (10, 3, 5.00000000000000000000e-01) (0, 3, 0.00000000000000000000e+00) (5, 3, 5.00000000000000000000e-01) (0, 3, 0.00000000000000000000e+00) 
connections (connected_to_neuron, weight)=(0, 4.51843214035034179688e+00) (1, -3.70370292663574218750e+00) (2, -1.54276394844055175781e+00) (3, 5.30646204948425292969e-01) (4, 2.58178424835205078125e+00) (5, -1.49549448490142822266e+00) (6, 1.25649011230468750000e+03) (7, -1.04449491500854492188e+01) (8, -1.49406909179687500000e+03) (9, 1.93821918964385986328e+00) (0, 6.32613945007324218750e+00) (1, -4.35496997833251953125e+00) (2, 1.76391005516052246094e+00) (3, -7.23572158813476562500e+00) (4, 6.72553718090057373047e-01) (5, 4.99511146545410156250e+00) (6, 5.30116260051727294922e-01) (7, 6.41929954290390014648e-02) (8, 2.12549537420272827148e-01) (9, -1.33143985271453857422e+00) (0, -2.14577054977416992188e+00) (1, -3.09088397026062011719e+00) (2, 2.08636283874511718750e+00) (3, -1.62968654632568359375e+01) (4, 1.47220003604888916016e+00) (5, 1.41005029678344726562e+01) (6, -2.99576950073242187500e+00) (7, 1.93865787982940673828e+00) (8, 1.14695549011230468750e+01) (9, -2.50600981712341308594e+00) (0, -2.30389642715454101562e+00) (1, -2.62309098243713378906e+00) (2, 2.04620146751403808594e+00) (3, -9.00340843200683593750e+00) (4, 7.72958219051361083984e-01) (5, 3.90518760681152343750e+00) (6, -3.33322477340698242188e+00) (7, 1.19953525066375732422e+00) (8, 9.23078823089599609375e+00) (9, 4.94902610778808593750e-01) (10, 3.06504440307617187500e+00) (11, 5.33977687358856201172e-01) (12, 2.35517597198486328125e+00) (13, 4.08815890550613403320e-01) (14, -2.19539332389831542969e+00) 
