FANN_FLO_2.1
num_layers=3
learning_rate=0.400000
connection_rate=1.000000
network_type=0
learning_momentum=0.000000
training_algorithm=2
train_error_function=1
train_stop_function=0
cascade_output_change_fraction=0.010000
quickprop_decay=-0.000100
quickprop_mu=1.750000
rprop_increase_factor=1.200000
rprop_decrease_factor=0.500000
rprop_delta_min=0.000000
rprop_delta_max=50.000000
rprop_delta_zero=0.100000
cascade_output_stagnation_epochs=12
cascade_candidate_change_fraction=0.010000
cascade_candidate_stagnation_epochs=12
cascade_max_out_epochs=150
cascade_min_out_epochs=50
cascade_max_cand_epochs=150
cascade_min_cand_epochs=50
cascade_num_candidate_groups=2
bit_fail_limit=3.49999994039535522461e-01
cascade_candidate_limit=1.00000000000000000000e+03
cascade_weight_multiplier=4.00000005960464477539e-01
cascade_activation_functions_count=10
cascade_activation_functions=3 5 7 8 10 11 14 15 16 17 
cascade_activation_steepnesses_count=4
cascade_activation_steepnesses=2.50000000000000000000e-01 5.00000000000000000000e-01 7.50000000000000000000e-01 1.00000000000000000000e+00 
layer_sizes=7 5 2 
scale_included=0
neurons (num_inputs, activation_function, activation_steepness)=(0, 0, 0.00000000000000000000e+00) (0, 0, 0.00000000000000000000e+00) (0, 0, 0.00000000000000000000e+00) (0, 0, 0.00000000000000000000e+00) (0, 0, 0.00000000000000000000e+00) (0, 0, 0.00000000000000000000e+00) (0, 0, 0.00000000000000000000e+00) (7, 3, 5.00000000000000000000e-01) (7, 3, 5.00000000000000000000e-01) (7, 3, 5.00000000000000000000e-01) (7, 3, 5.00000000000000000000e-01) (0, 3, 0.00000000000000000000e+00) (5, 3, 5.00000000000000000000e-01) (0, 3, 0.00000000000000000000e+00) 
connections (connected_to_neuron, weight)=(0, 1.08381710052490234375e+01) (1, 3.07984209060668945312e+00) (2, -6.84019684791564941406e-01) (3, -7.29520368576049804688e+00) (4, -6.20173871517181396484e-01) (5, 2.46095752716064453125e+00) (6, 1.47845745086669921875e+00) (0, 1.12287914752960205078e+00) (1, -1.27613568305969238281e+00) (2, 6.87710940837860107422e-02) (3, 1.42904734611511230469e+00) (4, 4.06921434402465820312e+00) (5, 7.34546899795532226562e-01) (6, -2.36331295967102050781e+00) (0, 1.32329896092414855957e-01) (1, 4.97997379302978515625e+00) (2, 4.85703587532043457031e-01) (3, -3.78168869018554687500e+00) (4, 1.63229751586914062500e+01) (5, -1.35923929214477539062e+01) (6, 1.75764143466949462891e+00) (0, 2.19255781173706054688e+00) (1, 2.21642589569091796875e+00) (2, 2.13779973983764648438e+00) (3, -4.04707819223403930664e-01) (4, -1.00281934738159179688e+01) (5, 2.12393212318420410156e+00) (6, 8.51489722728729248047e-01) (7, -1.88543236255645751953e+00) (8, 3.57974123954772949219e+00) (9, -2.06348347663879394531e+00) (10, -1.97628533840179443359e+00) (11, 8.94878208637237548828e-01) 
