FANN_FLO_2.1
num_layers=3
learning_rate=0.500000
connection_rate=1.000000
network_type=0
learning_momentum=0.000000
training_algorithm=2
train_error_function=1
train_stop_function=0
cascade_output_change_fraction=0.010000
quickprop_decay=-0.000100
quickprop_mu=1.750000
rprop_increase_factor=1.200000
rprop_decrease_factor=0.500000
rprop_delta_min=0.000000
rprop_delta_max=50.000000
rprop_delta_zero=0.100000
cascade_output_stagnation_epochs=12
cascade_candidate_change_fraction=0.010000
cascade_candidate_stagnation_epochs=12
cascade_max_out_epochs=150
cascade_min_out_epochs=50
cascade_max_cand_epochs=150
cascade_min_cand_epochs=50
cascade_num_candidate_groups=2
bit_fail_limit=3.49999994039535522461e-01
cascade_candidate_limit=1.00000000000000000000e+03
cascade_weight_multiplier=4.00000005960464477539e-01
cascade_activation_functions_count=10
cascade_activation_functions=3 5 7 8 10 11 14 15 16 17 
cascade_activation_steepnesses_count=4
cascade_activation_steepnesses=2.50000000000000000000e-01 5.00000000000000000000e-01 7.50000000000000000000e-01 1.00000000000000000000e+00 
layer_sizes=10 3 2 
scale_included=0
neurons (num_inputs, activation_function, activation_steepness)=(0, 0, 0.00000000000000000000e+00) (0, 0, 0.00000000000000000000e+00) (0, 0, 0.00000000000000000000e+00) (0, 0, 0.00000000000000000000e+00) (0, 0, 0.00000000000000000000e+00) (0, 0, 0.00000000000000000000e+00) (0, 0, 0.00000000000000000000e+00) (0, 0, 0.00000000000000000000e+00) (0, 0, 0.00000000000000000000e+00) (0, 0, 0.00000000000000000000e+00) (10, 3, 5.00000000000000000000e-01) (10, 3, 5.00000000000000000000e-01) (0, 3, 0.00000000000000000000e+00) (3, 3, 5.00000000000000000000e-01) (0, 3, 0.00000000000000000000e+00) 
connections (connected_to_neuron, weight)=(0, 1.35210454463958740234e+00) (1, 8.87833595275878906250e+00) (2, -8.09030628204345703125e+00) (3, -1.16223936080932617188e+01) (4, 7.57127714157104492188e+00) (5, 1.77643890380859375000e+01) (6, 5.67585468292236328125e+00) (7, -4.55610513687133789062e+00) (8, -7.46416282653808593750e+00) (9, -1.44763636589050292969e+00) (0, 1.77895247936248779297e+00) (1, 1.63510417938232421875e+01) (2, -1.60159816741943359375e+01) (3, -1.16635465621948242188e+01) (4, 6.41963863372802734375e+00) (5, 2.03805332183837890625e+01) (6, 3.08007550239562988281e+00) (7, -4.52297067642211914062e+00) (8, -5.61466121673583984375e+00) (9, -1.85515165328979492188e+00) (10, 2.67704939842224121094e+00) (11, 2.16790008544921875000e+00) (12, -3.77907562255859375000e+00) 
