FANN_FLO_2.1
num_layers=3
learning_rate=0.500000
connection_rate=1.000000
network_type=0
learning_momentum=0.000000
training_algorithm=2
train_error_function=1
train_stop_function=0
cascade_output_change_fraction=0.010000
quickprop_decay=-0.000100
quickprop_mu=1.750000
rprop_increase_factor=1.200000
rprop_decrease_factor=0.500000
rprop_delta_min=0.000000
rprop_delta_max=50.000000
rprop_delta_zero=0.100000
cascade_output_stagnation_epochs=12
cascade_candidate_change_fraction=0.010000
cascade_candidate_stagnation_epochs=12
cascade_max_out_epochs=150
cascade_min_out_epochs=50
cascade_max_cand_epochs=150
cascade_min_cand_epochs=50
cascade_num_candidate_groups=2
bit_fail_limit=3.49999994039535522461e-01
cascade_candidate_limit=1.00000000000000000000e+03
cascade_weight_multiplier=4.00000005960464477539e-01
cascade_activation_functions_count=10
cascade_activation_functions=3 5 7 8 10 11 14 15 16 17 
cascade_activation_steepnesses_count=4
cascade_activation_steepnesses=2.50000000000000000000e-01 5.00000000000000000000e-01 7.50000000000000000000e-01 1.00000000000000000000e+00 
layer_sizes=10 5 2 
scale_included=0
neurons (num_inputs, activation_function, activation_steepness)=(0, 0, 0.00000000000000000000e+00) (0, 0, 0.00000000000000000000e+00) (0, 0, 0.00000000000000000000e+00) (0, 0, 0.00000000000000000000e+00) (0, 0, 0.00000000000000000000e+00) (0, 0, 0.00000000000000000000e+00) (0, 0, 0.00000000000000000000e+00) (0, 0, 0.00000000000000000000e+00) (0, 0, 0.00000000000000000000e+00) (0, 0, 0.00000000000000000000e+00) (10, 3, 5.00000000000000000000e-01) (10, 3, 5.00000000000000000000e-01) (10, 3, 5.00000000000000000000e-01) (10, 3, 5.00000000000000000000e-01) (0, 3, 0.00000000000000000000e+00) (5, 3, 5.00000000000000000000e-01) (0, 3, 0.00000000000000000000e+00) 
connections (connected_to_neuron, weight)=(0, -4.38595504760742187500e+01) (1, 1.55183553695678710938e+00) (2, 6.74076919555664062500e+01) (3, 2.99345612525939941406e+00) (4, 4.83073204755783081055e-01) (5, -1.23203971862792968750e+02) (6, 1.27181792259216308594e+00) (7, 8.72711896896362304688e-01) (8, 7.73321075439453125000e+01) (9, 2.74347133636474609375e+01) (0, -2.04012751579284667969e+00) (1, 6.12559914588928222656e-01) (2, -1.66247863769531250000e+01) (3, 1.19246292114257812500e+00) (4, -2.15548351407051086426e-01) (5, -5.57939004898071289062e+00) (6, 1.45137357711791992188e+00) (7, 5.28411722183227539062e+00) (8, 8.88003063201904296875e+00) (9, -2.50224601477384567261e-02) (0, -4.90097999572753906250e+00) (1, 8.81259202957153320312e-01) (2, -1.65301589965820312500e+01) (3, 4.80647754669189453125e+00) (4, 1.07869672775268554688e+00) (5, -3.19178986549377441406e+00) (6, 1.30370283126831054688e+00) (7, 1.38658475875854492188e+00) (8, 4.99899101257324218750e+00) (9, 1.49628424644470214844e+00) (0, -1.78281402587890625000e+00) (1, -2.96434640884399414062e+00) (2, -9.07875823974609375000e+00) (3, 3.89116525650024414062e-01) (4, 5.07266819477081298828e-01) (5, -7.10740280151367187500e+00) (6, 7.55150747299194335938e+00) (7, 1.12533626556396484375e+01) (8, -1.12579870223999023438e+00) (9, 1.60775256156921386719e+00) (10, 3.49650651216506958008e-01) (11, 2.35256600379943847656e+00) (12, 2.35001945495605468750e+00) (13, -4.64556598663330078125e+00) (14, 5.80954372882843017578e-01) 
