FANN_FLO_2.1
num_layers=4
learning_rate=0.500000
connection_rate=1.000000
network_type=0
learning_momentum=0.000000
training_algorithm=2
train_error_function=1
train_stop_function=0
cascade_output_change_fraction=0.010000
quickprop_decay=-0.000100
quickprop_mu=1.750000
rprop_increase_factor=1.200000
rprop_decrease_factor=0.500000
rprop_delta_min=0.000000
rprop_delta_max=50.000000
rprop_delta_zero=0.100000
cascade_output_stagnation_epochs=12
cascade_candidate_change_fraction=0.010000
cascade_candidate_stagnation_epochs=12
cascade_max_out_epochs=150
cascade_min_out_epochs=50
cascade_max_cand_epochs=150
cascade_min_cand_epochs=50
cascade_num_candidate_groups=2
bit_fail_limit=3.49999994039535522461e-01
cascade_candidate_limit=1.00000000000000000000e+03
cascade_weight_multiplier=4.00000005960464477539e-01
cascade_activation_functions_count=10
cascade_activation_functions=3 5 7 8 10 11 14 15 16 17 
cascade_activation_steepnesses_count=4
cascade_activation_steepnesses=2.50000000000000000000e-01 5.00000000000000000000e-01 7.50000000000000000000e-01 1.00000000000000000000e+00 
layer_sizes=2 5 5 3 
scale_included=0
neurons (num_inputs, activation_function, activation_steepness)=(0, 0, 0.00000000000000000000e+00) (0, 0, 0.00000000000000000000e+00) (2, 3, 5.00000000000000000000e-01) (2, 3, 5.00000000000000000000e-01) (2, 3, 5.00000000000000000000e-01) (2, 3, 5.00000000000000000000e-01) (0, 3, 0.00000000000000000000e+00) (5, 3, 5.00000000000000000000e-01) (5, 3, 5.00000000000000000000e-01) (5, 3, 5.00000000000000000000e-01) (5, 3, 5.00000000000000000000e-01) (0, 3, 0.00000000000000000000e+00) (5, 0, 5.00000000000000000000e-01) (5, 0, 5.00000000000000000000e-01) (0, 0, 0.00000000000000000000e+00) 
connections (connected_to_neuron, weight)=(0, 9.82454395294189453125e+00) (1, -3.09260034561157226562e+00) (0, -6.02770881652832031250e+01) (1, 1.07856309413909912109e+00) (0, 2.17979507446289062500e+01) (1, -3.25530862808227539062e+00) (0, -2.99342894554138183594e+00) (1, 4.68321859836578369141e-01) (2, -6.20380461215972900391e-01) (3, 1.39302641153335571289e-01) (4, 3.41103029251098632812e+00) (5, -2.62670278549194335938e+00) (6, -1.43892034888267517090e-01) (2, -8.26684284210205078125e+00) (3, -9.59782302379608154297e-01) (4, 6.19525575637817382812e+00) (5, 5.74597537517547607422e-01) (6, 1.82679250836372375488e-01) (2, -4.86702108383178710938e+00) (3, -1.50602310895919799805e-02) (4, -8.05152177810668945312e-01) (5, -1.83548271656036376953e+00) (6, 3.78673696517944335938e+00) (2, 1.50000000000000000000e+03) (3, 1.98892154693603515625e+01) (4, 1.50000000000000000000e+03) (5, -5.43948113918304443359e-01) (6, 4.62794154882431030273e-02) (7, -2.44725212454795837402e-01) (8, -3.27395915985107421875e+00) (9, 2.07676753401756286621e-01) (10, -2.61212795972824096680e-01) (11, 1.49911725521087646484e+00) (7, -9.56802606582641601562e-01) (8, -2.89824873208999633789e-01) (9, 4.42184591293334960938e+00) (10, -1.06118702888488769531e+00) (11, -7.02457010746002197266e-01) 
