FANN_FLO_2.1
num_layers=3
learning_rate=0.500000
connection_rate=1.000000
network_type=0
learning_momentum=0.000000
training_algorithm=2
train_error_function=1
train_stop_function=0
cascade_output_change_fraction=0.010000
quickprop_decay=-0.000100
quickprop_mu=1.750000
rprop_increase_factor=1.200000
rprop_decrease_factor=0.500000
rprop_delta_min=0.000000
rprop_delta_max=50.000000
rprop_delta_zero=0.100000
cascade_output_stagnation_epochs=12
cascade_candidate_change_fraction=0.010000
cascade_candidate_stagnation_epochs=12
cascade_max_out_epochs=150
cascade_min_out_epochs=50
cascade_max_cand_epochs=150
cascade_min_cand_epochs=50
cascade_num_candidate_groups=2
bit_fail_limit=3.49999994039535522461e-01
cascade_candidate_limit=1.00000000000000000000e+03
cascade_weight_multiplier=4.00000005960464477539e-01
cascade_activation_functions_count=10
cascade_activation_functions=3 5 7 8 10 11 14 15 16 17 
cascade_activation_steepnesses_count=4
cascade_activation_steepnesses=2.50000000000000000000e-01 5.00000000000000000000e-01 7.50000000000000000000e-01 1.00000000000000000000e+00 
layer_sizes=10 5 2 
scale_included=0
neurons (num_inputs, activation_function, activation_steepness)=(0, 0, 0.00000000000000000000e+00) (0, 0, 0.00000000000000000000e+00) (0, 0, 0.00000000000000000000e+00) (0, 0, 0.00000000000000000000e+00) (0, 0, 0.00000000000000000000e+00) (0, 0, 0.00000000000000000000e+00) (0, 0, 0.00000000000000000000e+00) (0, 0, 0.00000000000000000000e+00) (0, 0, 0.00000000000000000000e+00) (0, 0, 0.00000000000000000000e+00) (10, 3, 5.00000000000000000000e-01) (10, 3, 5.00000000000000000000e-01) (10, 3, 5.00000000000000000000e-01) (10, 3, 5.00000000000000000000e-01) (0, 3, 0.00000000000000000000e+00) (5, 3, 5.00000000000000000000e-01) (0, 3, 0.00000000000000000000e+00) 
connections (connected_to_neuron, weight)=(0, -5.72738707065582275391e-01) (1, 8.19818019866943359375e-01) (2, -6.03445243835449218750e+00) (3, 2.82223343849182128906e-01) (4, -3.71014654636383056641e-01) (5, 1.54741123318672180176e-01) (6, 2.39551961421966552734e-01) (7, 1.45708262920379638672e+00) (8, -5.07461011409759521484e-01) (9, 5.35676360130310058594e-01) (0, 6.67928397655487060547e-01) (1, -1.06653747558593750000e+01) (2, -5.84857285022735595703e-01) (3, 1.81679797172546386719e+00) (4, 3.31064033508300781250e+00) (5, 6.82494401931762695312e-01) (6, 7.04559087753295898438e-02) (7, 4.04588222503662109375e+00) (8, -1.00412286818027496338e-01) (9, -1.56655979156494140625e+00) (0, -1.81875491142272949219e+00) (1, -6.41020631790161132812e+00) (2, -8.94018554687500000000e+00) (3, 4.71252202987670898438e-01) (4, 9.06290829181671142578e-01) (5, -2.04904079437255859375e+00) (6, 9.58947086334228515625e+00) (7, 1.34990949630737304688e+01) (8, -3.86932349205017089844e+00) (9, 7.20448493957519531250e-01) (0, -6.54480993747711181641e-01) (1, -1.65304648876190185547e+00) (2, 1.75019371509552001953e+00) (3, -4.05398845672607421875e+00) (4, -1.56481325626373291016e+00) (5, -6.68697977066040039062e+00) (6, -1.27707436680793762207e-01) (7, 2.59325075149536132812e+00) (8, -4.42442297935485839844e-01) (9, 1.48005485534667968750e+00) (10, 6.39218139648437500000e+00) (11, -2.02848887443542480469e+00) (12, -2.67130398750305175781e+00) (13, -1.14102993011474609375e+01) (14, 6.43238484859466552734e-01) 
