FANN_FLO_2.1
num_layers=3
learning_rate=0.400000
connection_rate=1.000000
network_type=0
learning_momentum=0.000000
training_algorithm=2
train_error_function=1
train_stop_function=0
cascade_output_change_fraction=0.010000
quickprop_decay=-0.000100
quickprop_mu=1.750000
rprop_increase_factor=1.200000
rprop_decrease_factor=0.500000
rprop_delta_min=0.000000
rprop_delta_max=50.000000
rprop_delta_zero=0.100000
cascade_output_stagnation_epochs=12
cascade_candidate_change_fraction=0.010000
cascade_candidate_stagnation_epochs=12
cascade_max_out_epochs=150
cascade_min_out_epochs=50
cascade_max_cand_epochs=150
cascade_min_cand_epochs=50
cascade_num_candidate_groups=2
bit_fail_limit=3.49999994039535522461e-01
cascade_candidate_limit=1.00000000000000000000e+03
cascade_weight_multiplier=4.00000005960464477539e-01
cascade_activation_functions_count=10
cascade_activation_functions=3 5 7 8 10 11 14 15 16 17 
cascade_activation_steepnesses_count=4
cascade_activation_steepnesses=2.50000000000000000000e-01 5.00000000000000000000e-01 7.50000000000000000000e-01 1.00000000000000000000e+00 
layer_sizes=7 5 2 
scale_included=0
neurons (num_inputs, activation_function, activation_steepness)=(0, 0, 0.00000000000000000000e+00) (0, 0, 0.00000000000000000000e+00) (0, 0, 0.00000000000000000000e+00) (0, 0, 0.00000000000000000000e+00) (0, 0, 0.00000000000000000000e+00) (0, 0, 0.00000000000000000000e+00) (0, 0, 0.00000000000000000000e+00) (7, 3, 5.00000000000000000000e-01) (7, 3, 5.00000000000000000000e-01) (7, 3, 5.00000000000000000000e-01) (7, 3, 5.00000000000000000000e-01) (0, 3, 0.00000000000000000000e+00) (5, 3, 5.00000000000000000000e-01) (0, 3, 0.00000000000000000000e+00) 
connections (connected_to_neuron, weight)=(0, -2.47302126884460449219e+00) (1, -5.94080924987792968750e+00) (2, 3.84645152091979980469e+00) (3, -4.97244548797607421875e+00) (4, -1.69934868812561035156e+00) (5, 1.25364122390747070312e+01) (6, 3.38201761245727539062e-01) (0, -5.34664487838745117188e+00) (1, -4.06604909896850585938e+00) (2, -3.13440418243408203125e+01) (3, -2.53687644004821777344e+00) (4, 1.17635593414306640625e+01) (5, 1.50000000000000000000e+03) (6, -1.63481868803501129150e-02) (0, -7.71472263336181640625e+00) (1, 7.39245748519897460938e+00) (2, -1.54077517986297607422e+00) (3, -4.05037939548492431641e-01) (4, -9.59253191947937011719e-01) (5, -4.00297212600708007812e+00) (6, -5.95055937767028808594e-01) (0, 1.27752428054809570312e+01) (1, -1.39578742980957031250e+01) (2, 9.53301906585693359375e+00) (3, -4.39601802825927734375e+00) (4, -3.65115463733673095703e-01) (5, -2.69176411628723144531e+00) (6, 4.08046722412109375000e+00) (7, -3.02073216438293457031e+00) (8, -5.46676516532897949219e-01) (9, -1.13700237274169921875e+01) (10, -2.45416307449340820312e+00) (11, 1.69658780097961425781e+00) 
