FANN_FLO_2.1
num_layers=3
learning_rate=0.400000
connection_rate=1.000000
network_type=0
learning_momentum=0.000000
training_algorithm=2
train_error_function=1
train_stop_function=0
cascade_output_change_fraction=0.010000
quickprop_decay=-0.000100
quickprop_mu=1.750000
rprop_increase_factor=1.200000
rprop_decrease_factor=0.500000
rprop_delta_min=0.000000
rprop_delta_max=50.000000
rprop_delta_zero=0.100000
cascade_output_stagnation_epochs=12
cascade_candidate_change_fraction=0.010000
cascade_candidate_stagnation_epochs=12
cascade_max_out_epochs=150
cascade_min_out_epochs=50
cascade_max_cand_epochs=150
cascade_min_cand_epochs=50
cascade_num_candidate_groups=2
bit_fail_limit=3.49999994039535522461e-01
cascade_candidate_limit=1.00000000000000000000e+03
cascade_weight_multiplier=4.00000005960464477539e-01
cascade_activation_functions_count=10
cascade_activation_functions=3 5 7 8 10 11 14 15 16 17 
cascade_activation_steepnesses_count=4
cascade_activation_steepnesses=2.50000000000000000000e-01 5.00000000000000000000e-01 7.50000000000000000000e-01 1.00000000000000000000e+00 
layer_sizes=19 3 3 
scale_included=0
neurons (num_inputs, activation_function, activation_steepness)=(0, 0, 0.00000000000000000000e+00) (0, 0, 0.00000000000000000000e+00) (0, 0, 0.00000000000000000000e+00) (0, 0, 0.00000000000000000000e+00) (0, 0, 0.00000000000000000000e+00) (0, 0, 0.00000000000000000000e+00) (0, 0, 0.00000000000000000000e+00) (0, 0, 0.00000000000000000000e+00) (0, 0, 0.00000000000000000000e+00) (0, 0, 0.00000000000000000000e+00) (0, 0, 0.00000000000000000000e+00) (0, 0, 0.00000000000000000000e+00) (0, 0, 0.00000000000000000000e+00) (0, 0, 0.00000000000000000000e+00) (0, 0, 0.00000000000000000000e+00) (0, 0, 0.00000000000000000000e+00) (0, 0, 0.00000000000000000000e+00) (0, 0, 0.00000000000000000000e+00) (0, 0, 0.00000000000000000000e+00) (19, 3, 5.00000000000000000000e-01) (19, 3, 5.00000000000000000000e-01) (0, 3, 0.00000000000000000000e+00) (3, 3, 5.00000000000000000000e-01) (3, 3, 5.00000000000000000000e-01) (0, 3, 0.00000000000000000000e+00) 
connections (connected_to_neuron, weight)=(0, 8.81290510296821594238e-02) (1, 2.30992865562438964844e+00) (2, -1.16924276351928710938e+01) (3, 4.79497575759887695312e+00) (4, 1.32891511917114257812e+01) (5, -1.76976947784423828125e+01) (6, 5.79053223133087158203e-01) (7, 1.92117321491241455078e+00) (8, -8.26235711574554443359e-02) (9, -6.92560672760009765625e+00) (10, -2.40996718406677246094e+00) (11, 5.53650808334350585938e+00) (12, 1.04170787334442138672e+00) (13, 2.27828383445739746094e+00) (14, 1.00062360763549804688e+01) (15, 3.04765748977661132812e+00) (16, -1.61838092803955078125e+01) (17, 1.35655937194824218750e+01) (18, -1.41471731662750244141e+00) (0, -2.07703202962875366211e-01) (1, -3.11954808235168457031e+00) (2, 5.27166223526000976562e+00) (3, -1.40361166000366210938e+00) (4, -4.34044361114501953125e+00) (5, 7.02727413177490234375e+00) (6, -2.49182686209678649902e-01) (7, -2.19501829147338867188e+00) (8, 1.92404162883758544922e+00) (9, 9.54236030578613281250e-01) (10, 2.91160917282104492188e+00) (11, -3.34724473953247070312e+00) (12, -9.13065791130065917969e-01) (13, 2.00113177299499511719e+00) (14, -4.44917011260986328125e+00) (15, 1.36464023590087890625e+00) (16, 4.98638200759887695312e+00) (17, -5.69024181365966796875e+00) (18, -2.76050615310668945312e+00) (19, -1.36634802818298339844e+00) (20, -1.79008185863494873047e+00) (21, 6.69076383113861083984e-01) (19, 1.36572921276092529297e+00) (20, 1.78987121582031250000e+00) (21, -6.67985439300537109375e-01) 
