FANN_FLO_2.1
num_layers=3
learning_rate=0.400000
connection_rate=1.000000
network_type=0
learning_momentum=0.000000
training_algorithm=2
train_error_function=1
train_stop_function=0
cascade_output_change_fraction=0.010000
quickprop_decay=-0.000100
quickprop_mu=1.750000
rprop_increase_factor=1.200000
rprop_decrease_factor=0.500000
rprop_delta_min=0.000000
rprop_delta_max=50.000000
rprop_delta_zero=0.100000
cascade_output_stagnation_epochs=12
cascade_candidate_change_fraction=0.010000
cascade_candidate_stagnation_epochs=12
cascade_max_out_epochs=150
cascade_min_out_epochs=50
cascade_max_cand_epochs=150
cascade_min_cand_epochs=50
cascade_num_candidate_groups=2
bit_fail_limit=3.49999994039535522461e-01
cascade_candidate_limit=1.00000000000000000000e+03
cascade_weight_multiplier=4.00000005960464477539e-01
cascade_activation_functions_count=10
cascade_activation_functions=3 5 7 8 10 11 14 15 16 17 
cascade_activation_steepnesses_count=4
cascade_activation_steepnesses=2.50000000000000000000e-01 5.00000000000000000000e-01 7.50000000000000000000e-01 1.00000000000000000000e+00 
layer_sizes=7 9 2 
scale_included=0
neurons (num_inputs, activation_function, activation_steepness)=(0, 0, 0.00000000000000000000e+00) (0, 0, 0.00000000000000000000e+00) (0, 0, 0.00000000000000000000e+00) (0, 0, 0.00000000000000000000e+00) (0, 0, 0.00000000000000000000e+00) (0, 0, 0.00000000000000000000e+00) (0, 0, 0.00000000000000000000e+00) (7, 3, 5.00000000000000000000e-01) (7, 3, 5.00000000000000000000e-01) (7, 3, 5.00000000000000000000e-01) (7, 3, 5.00000000000000000000e-01) (7, 3, 5.00000000000000000000e-01) (7, 3, 5.00000000000000000000e-01) (7, 3, 5.00000000000000000000e-01) (7, 3, 5.00000000000000000000e-01) (0, 3, 0.00000000000000000000e+00) (9, 3, 5.00000000000000000000e-01) (0, 3, 0.00000000000000000000e+00) 
connections (connected_to_neuron, weight)=(0, -1.01961231231689453125e+00) (1, -1.13643312454223632812e+01) (2, 5.61763229370117187500e+01) (3, -1.87724990844726562500e+01) (4, -4.52741909027099609375e+00) (5, -9.01170158386230468750e+00) (6, 2.56518745422363281250e+01) (0, -7.41980838775634765625e+00) (1, -1.63926696777343750000e+01) (2, -4.07563447952270507812e-01) (3, 6.74055480957031250000e+00) (4, 5.93960952758789062500e+00) (5, -5.04139709472656250000e+00) (6, 2.44875087738037109375e+01) (0, -1.34005002975463867188e+01) (1, 1.27115230560302734375e+01) (2, -5.55805921554565429688e+00) (3, -2.32079792022705078125e+00) (4, -1.06828343868255615234e+00) (5, 6.77466249465942382812e+00) (6, 1.13926076889038085938e+00) (0, 8.72446537017822265625e-01) (1, 3.46199607849121093750e+00) (2, -2.90891609191894531250e+01) (3, -5.55822896957397460938e+00) (4, -1.51264858245849609375e+00) (5, -1.61217677593231201172e+00) (6, 8.26960027217864990234e-01) (0, 1.17626314163208007812e+01) (1, -1.32159337997436523438e+01) (2, 2.90512800216674804688e+00) (3, -2.80147838592529296875e+00) (4, -2.14243248105049133301e-01) (5, -9.19314002990722656250e+00) (6, 1.05815134048461914062e+01) (0, -1.73110258579254150391e+00) (1, 2.18604207038879394531e+00) (2, -4.77665710449218750000e+01) (3, 1.23610782623291015625e+01) (4, -2.20592746734619140625e+01) (5, -6.34138047695159912109e-01) (6, 9.02311980724334716797e-01) (0, 4.65269446372985839844e-01) (1, 4.50866270065307617188e+00) (2, -1.45019264221191406250e+01) (3, -1.06204624176025390625e+01) (4, 1.84857475757598876953e+00) (5, -2.80274510383605957031e-01) (6, -1.84736621379852294922e+00) (0, -1.00544519424438476562e+01) (1, -3.45808100700378417969e+00) (2, 4.41491508483886718750e+01) (3, -5.61642706394195556641e-01) (4, -2.41081666946411132812e+00) (5, 5.11496734619140625000e+00) (6, 7.95651197433471679688e+00) (7, -1.01417437195777893066e-01) (8, -5.60964941978454589844e-01) (9, -3.13676357269287109375e+00) (10, -4.25852566957473754883e-01) (11, -3.44687461853027343750e+00) (12, -4.96768921613693237305e-01) (13, -3.78662675619125366211e-01) (14, -9.13412690162658691406e-01) (15, 3.19760036468505859375e+00) 
