FANN_FLO_2.1
num_layers=3
learning_rate=0.500000
connection_rate=1.000000
network_type=0
learning_momentum=0.000000
training_algorithm=2
train_error_function=1
train_stop_function=0
cascade_output_change_fraction=0.010000
quickprop_decay=-0.000100
quickprop_mu=1.750000
rprop_increase_factor=1.200000
rprop_decrease_factor=0.500000
rprop_delta_min=0.000000
rprop_delta_max=50.000000
rprop_delta_zero=0.100000
cascade_output_stagnation_epochs=12
cascade_candidate_change_fraction=0.010000
cascade_candidate_stagnation_epochs=12
cascade_max_out_epochs=150
cascade_min_out_epochs=50
cascade_max_cand_epochs=150
cascade_min_cand_epochs=50
cascade_num_candidate_groups=2
bit_fail_limit=3.49999994039535522461e-01
cascade_candidate_limit=1.00000000000000000000e+03
cascade_weight_multiplier=4.00000005960464477539e-01
cascade_activation_functions_count=10
cascade_activation_functions=3 5 7 8 10 11 14 15 16 17 
cascade_activation_steepnesses_count=4
cascade_activation_steepnesses=2.50000000000000000000e-01 5.00000000000000000000e-01 7.50000000000000000000e-01 1.00000000000000000000e+00 
layer_sizes=10 5 2 
scale_included=0
neurons (num_inputs, activation_function, activation_steepness)=(0, 0, 0.00000000000000000000e+00) (0, 0, 0.00000000000000000000e+00) (0, 0, 0.00000000000000000000e+00) (0, 0, 0.00000000000000000000e+00) (0, 0, 0.00000000000000000000e+00) (0, 0, 0.00000000000000000000e+00) (0, 0, 0.00000000000000000000e+00) (0, 0, 0.00000000000000000000e+00) (0, 0, 0.00000000000000000000e+00) (0, 0, 0.00000000000000000000e+00) (10, 3, 5.00000000000000000000e-01) (10, 3, 5.00000000000000000000e-01) (10, 3, 5.00000000000000000000e-01) (10, 3, 5.00000000000000000000e-01) (0, 3, 0.00000000000000000000e+00) (5, 3, 5.00000000000000000000e-01) (0, 3, 0.00000000000000000000e+00) 
connections (connected_to_neuron, weight)=(0, -4.28196668624877929688e+00) (1, -8.80542087554931640625e+00) (2, -1.62230432033538818359e+00) (3, -8.58438968658447265625e+00) (4, 1.92095508575439453125e+01) (5, 1.86424579620361328125e+01) (6, -8.38118076324462890625e+00) (7, -4.11757230758666992188e-01) (8, -1.19733774662017822266e+00) (9, -1.06667363643646240234e+00) (0, 1.03819837570190429688e+01) (1, -1.28164550781250000000e+03) (2, -2.49752306938171386719e+00) (3, 8.81203114986419677734e-01) (4, 1.54106080532073974609e+00) (5, -2.08751511573791503906e+00) (6, 2.36182952880859375000e+02) (7, -3.89256000518798828125e-01) (8, 3.52799568176269531250e+01) (9, 1.22176742553710937500e+00) (0, -3.06934618949890136719e+00) (1, 2.32370638847351074219e+00) (2, 6.62854528427124023438e+00) (3, -3.06680917739868164062e+00) (4, 4.54153680801391601562e+00) (5, 2.77921676635742187500e+01) (6, -2.02250270843505859375e+01) (7, -7.93634843826293945312e+00) (8, -1.02448523044586181641e+00) (9, -5.28232717514038085938e+00) (0, 1.50000000000000000000e+03) (1, -1.47479992675781250000e+03) (2, -1.50000000000000000000e+03) (3, -1.36636579036712646484e+00) (4, 7.08060026168823242188e-01) (5, -1.50000000000000000000e+03) (6, 1.27261269092559814453e+00) (7, -4.10356903076171875000e+00) (8, -1.50000000000000000000e+03) (9, 4.00448769330978393555e-01) (10, 1.47642982006072998047e+00) (11, 1.86261641979217529297e+00) (12, 1.07898175716400146484e+00) (13, 8.07449579238891601562e-01) (14, -1.65953934192657470703e+00) 
