FANN_FLO_2.1
num_layers=4
learning_rate=0.400000
connection_rate=1.000000
network_type=0
learning_momentum=0.000000
training_algorithm=2
train_error_function=1
train_stop_function=0
cascade_output_change_fraction=0.010000
quickprop_decay=-0.000100
quickprop_mu=1.750000
rprop_increase_factor=1.200000
rprop_decrease_factor=0.500000
rprop_delta_min=0.000000
rprop_delta_max=50.000000
rprop_delta_zero=0.100000
cascade_output_stagnation_epochs=12
cascade_candidate_change_fraction=0.010000
cascade_candidate_stagnation_epochs=12
cascade_max_out_epochs=150
cascade_min_out_epochs=50
cascade_max_cand_epochs=150
cascade_min_cand_epochs=50
cascade_num_candidate_groups=2
bit_fail_limit=3.49999994039535522461e-01
cascade_candidate_limit=1.00000000000000000000e+03
cascade_weight_multiplier=4.00000005960464477539e-01
cascade_activation_functions_count=10
cascade_activation_functions=3 5 7 8 10 11 14 15 16 17 
cascade_activation_steepnesses_count=4
cascade_activation_steepnesses=2.50000000000000000000e-01 5.00000000000000000000e-01 7.50000000000000000000e-01 1.00000000000000000000e+00 
layer_sizes=7 5 5 2 
scale_included=0
neurons (num_inputs, activation_function, activation_steepness)=(0, 0, 0.00000000000000000000e+00) (0, 0, 0.00000000000000000000e+00) (0, 0, 0.00000000000000000000e+00) (0, 0, 0.00000000000000000000e+00) (0, 0, 0.00000000000000000000e+00) (0, 0, 0.00000000000000000000e+00) (0, 0, 0.00000000000000000000e+00) (7, 3, 5.00000000000000000000e-01) (7, 3, 5.00000000000000000000e-01) (7, 3, 5.00000000000000000000e-01) (7, 3, 5.00000000000000000000e-01) (0, 3, 0.00000000000000000000e+00) (5, 3, 5.00000000000000000000e-01) (5, 3, 5.00000000000000000000e-01) (5, 3, 5.00000000000000000000e-01) (5, 3, 5.00000000000000000000e-01) (0, 3, 0.00000000000000000000e+00) (5, 3, 5.00000000000000000000e-01) (0, 3, 0.00000000000000000000e+00) 
connections (connected_to_neuron, weight)=(0, -1.50000000000000000000e+03) (1, -1.50000000000000000000e+03) (2, -1.50000000000000000000e+03) (3, -1.49796228027343750000e+03) (4, -1.50000000000000000000e+03) (5, -1.23870642089843750000e+03) (6, -1.21053147315979003906e+00) (0, 6.52626562118530273438e+00) (1, -7.89373779296875000000e+00) (2, 4.94837427139282226562e+00) (3, -2.71298909187316894531e+00) (4, -6.35654568672180175781e-01) (5, 6.31581163406372070312e+00) (6, -4.06560087203979492188e+00) (0, -1.04825954437255859375e+01) (1, 8.53216838836669921875e+00) (2, -1.02926647663116455078e+00) (3, -3.30890727043151855469e+00) (4, -1.53761541843414306641e+00) (5, -1.44428894042968750000e+03) (6, 1.22817981243133544922e+00) (0, 1.24626874923706054688e+00) (1, -6.25624322891235351562e+00) (2, 1.29646718502044677734e+00) (3, -8.49075603485107421875e+00) (4, -3.19401407241821289062e+00) (5, 1.18458909988403320312e+01) (6, 4.19204521179199218750e+00) (7, 1.50000000000000000000e+03) (8, 3.49669599533081054688e+00) (9, -9.93697881698608398438e-01) (10, -4.03902977705001831055e-02) (11, -1.53426468372344970703e+00) (7, 1.50000000000000000000e+03) (8, 5.32643985748291015625e+00) (9, 8.59388160705566406250e+00) (10, -2.10583090782165527344e+00) (11, -2.97379231452941894531e+00) (7, 1.50000000000000000000e+03) (8, 3.66737985610961914062e+00) (9, 3.67622447013854980469e+00) (10, -1.65289163589477539062e+00) (11, -1.55136263370513916016e+00) (7, 1.50000000000000000000e+03) (8, 2.14352340698242187500e+01) (9, 7.67259140014648437500e+01) (10, -8.52991759777069091797e-01) (11, -2.66335988044738769531e+00) (12, -5.79731404781341552734e-01) (13, -8.77962493896484375000e+00) (14, -6.20685636997222900391e-01) (15, -9.15088236331939697266e-01) (16, -4.53095287084579467773e-01) 
