FANN_FLO_2.1
num_layers=3
learning_rate=0.400000
connection_rate=1.000000
network_type=0
learning_momentum=0.000000
training_algorithm=2
train_error_function=1
train_stop_function=0
cascade_output_change_fraction=0.010000
quickprop_decay=-0.000100
quickprop_mu=1.750000
rprop_increase_factor=1.200000
rprop_decrease_factor=0.500000
rprop_delta_min=0.000000
rprop_delta_max=50.000000
rprop_delta_zero=0.100000
cascade_output_stagnation_epochs=12
cascade_candidate_change_fraction=0.010000
cascade_candidate_stagnation_epochs=12
cascade_max_out_epochs=150
cascade_min_out_epochs=50
cascade_max_cand_epochs=150
cascade_min_cand_epochs=50
cascade_num_candidate_groups=2
bit_fail_limit=3.49999994039535522461e-01
cascade_candidate_limit=1.00000000000000000000e+03
cascade_weight_multiplier=4.00000005960464477539e-01
cascade_activation_functions_count=10
cascade_activation_functions=3 5 7 8 10 11 14 15 16 17 
cascade_activation_steepnesses_count=4
cascade_activation_steepnesses=2.50000000000000000000e-01 5.00000000000000000000e-01 7.50000000000000000000e-01 1.00000000000000000000e+00 
layer_sizes=7 9 2 
scale_included=0
neurons (num_inputs, activation_function, activation_steepness)=(0, 0, 0.00000000000000000000e+00) (0, 0, 0.00000000000000000000e+00) (0, 0, 0.00000000000000000000e+00) (0, 0, 0.00000000000000000000e+00) (0, 0, 0.00000000000000000000e+00) (0, 0, 0.00000000000000000000e+00) (0, 0, 0.00000000000000000000e+00) (7, 3, 5.00000000000000000000e-01) (7, 3, 5.00000000000000000000e-01) (7, 3, 5.00000000000000000000e-01) (7, 3, 5.00000000000000000000e-01) (7, 3, 5.00000000000000000000e-01) (7, 3, 5.00000000000000000000e-01) (7, 3, 5.00000000000000000000e-01) (7, 3, 5.00000000000000000000e-01) (0, 3, 0.00000000000000000000e+00) (9, 3, 5.00000000000000000000e-01) (0, 3, 0.00000000000000000000e+00) 
connections (connected_to_neuron, weight)=(0, -1.24678909778594970703e+00) (1, 6.84920847415924072266e-01) (2, 6.39753699302673339844e-01) (3, -2.86981368064880371094e+00) (4, -1.20179724693298339844e+00) (5, -1.14761816406250000000e+03) (6, 3.46893072128295898438e-01) (0, -9.11478519439697265625e+00) (1, 4.89547061920166015625e+00) (2, -1.50015246868133544922e+00) (3, -2.42462491989135742188e+00) (4, -3.25803208351135253906e+00) (5, 1.13469803333282470703e+00) (6, 5.94731235504150390625e+00) (0, 1.95429193973541259766e+00) (1, -4.24204444885253906250e+00) (2, 5.99102544784545898438e+00) (3, -6.63832283020019531250e+00) (4, -9.38791656494140625000e+00) (5, -9.07704010605812072754e-02) (6, 5.07620859146118164062e+00) (0, -3.39021158218383789062e+00) (1, 6.11205005645751953125e+00) (2, -6.46564483642578125000e+01) (3, 2.20622043609619140625e+01) (4, -6.69882965087890625000e+01) (5, -5.36121547222137451172e-01) (6, 6.46633625030517578125e+00) (0, 1.30182456970214843750e+01) (1, -1.40158815383911132812e+01) (2, 1.60790748596191406250e+01) (3, -6.33651673793792724609e-01) (4, 1.37932348251342773438e+00) (5, -4.93145275115966796875e+00) (6, 5.07409429550170898438e+00) (0, -4.78943288326263427734e-01) (1, -1.76696196198463439941e-01) (2, 2.05184578895568847656e+00) (3, -3.33503603935241699219e+00) (4, -8.69167864322662353516e-01) (5, 9.76456820964813232422e-01) (6, 1.73014327883720397949e-01) (0, 2.78144383430480957031e+00) (1, -3.30064320564270019531e+00) (2, -1.50227630138397216797e+00) (3, -1.06076002120971679688e+00) (4, -9.58790063858032226562e-01) (5, -4.39404916763305664062e+00) (6, 2.44239702820777893066e-01) (0, -2.07862305641174316406e+00) (1, 3.59219193458557128906e+00) (2, -3.85069999694824218750e+01) (3, -1.00374889373779296875e+01) (4, 1.85365176200866699219e+00) (5, 1.95808684825897216797e+00) (6, 1.33998799324035644531e+00) (7, -2.83536696434020996094e+00) (8, -2.56536364555358886719e+00) (9, 1.06956100463867187500e+00) (10, -8.85766267776489257812e-01) (11, -3.72517585754394531250e+00) (12, -8.84969413280487060547e-01) (13, 4.92602014541625976562e+00) (14, -1.29932630062103271484e+00) (15, 2.08834791183471679688e+00) 
