FANN_FLO_2.1
num_layers=3
learning_rate=0.500000
connection_rate=1.000000
network_type=0
learning_momentum=0.000000
training_algorithm=2
train_error_function=1
train_stop_function=0
cascade_output_change_fraction=0.010000
quickprop_decay=-0.000100
quickprop_mu=1.750000
rprop_increase_factor=1.200000
rprop_decrease_factor=0.500000
rprop_delta_min=0.000000
rprop_delta_max=50.000000
rprop_delta_zero=0.100000
cascade_output_stagnation_epochs=12
cascade_candidate_change_fraction=0.010000
cascade_candidate_stagnation_epochs=12
cascade_max_out_epochs=150
cascade_min_out_epochs=50
cascade_max_cand_epochs=150
cascade_min_cand_epochs=50
cascade_num_candidate_groups=2
bit_fail_limit=3.49999994039535522461e-01
cascade_candidate_limit=1.00000000000000000000e+03
cascade_weight_multiplier=4.00000005960464477539e-01
cascade_activation_functions_count=10
cascade_activation_functions=3 5 7 8 10 11 14 15 16 17 
cascade_activation_steepnesses_count=4
cascade_activation_steepnesses=2.50000000000000000000e-01 5.00000000000000000000e-01 7.50000000000000000000e-01 1.00000000000000000000e+00 
layer_sizes=10 5 2 
scale_included=0
neurons (num_inputs, activation_function, activation_steepness)=(0, 0, 0.00000000000000000000e+00) (0, 0, 0.00000000000000000000e+00) (0, 0, 0.00000000000000000000e+00) (0, 0, 0.00000000000000000000e+00) (0, 0, 0.00000000000000000000e+00) (0, 0, 0.00000000000000000000e+00) (0, 0, 0.00000000000000000000e+00) (0, 0, 0.00000000000000000000e+00) (0, 0, 0.00000000000000000000e+00) (0, 0, 0.00000000000000000000e+00) (10, 3, 5.00000000000000000000e-01) (10, 3, 5.00000000000000000000e-01) (10, 3, 5.00000000000000000000e-01) (10, 3, 5.00000000000000000000e-01) (0, 3, 0.00000000000000000000e+00) (5, 3, 5.00000000000000000000e-01) (0, 3, 0.00000000000000000000e+00) 
connections (connected_to_neuron, weight)=(0, 4.88338327407836914062e+00) (1, 4.07558345794677734375e+00) (2, -3.06682705879211425781e+00) (3, -5.12378835678100585938e+00) (4, -1.36343469619750976562e+01) (5, 8.15791034698486328125e+00) (6, -6.75671458244323730469e-01) (7, 1.50485253334045410156e+00) (8, 3.15680623054504394531e+00) (9, -4.16587948799133300781e-01) (0, 6.78488302230834960938e+00) (1, 9.12195682525634765625e+00) (2, -6.49281358718872070312e+00) (3, -3.00485253334045410156e+00) (4, -2.23319458961486816406e+00) (5, 6.29181206226348876953e-01) (6, -8.27912616729736328125e+00) (7, 4.85684061050415039062e+00) (8, -6.83216667175292968750e+00) (9, 2.39581561088562011719e+00) (0, -2.91333198547363281250e+00) (1, -3.79172348976135253906e+00) (2, -1.50000000000000000000e+03) (3, 1.57055234909057617188e+00) (4, -4.93130907416343688965e-02) (5, -1.43656530761718750000e+03) (6, -1.95724534988403320312e+00) (7, -2.14895820617675781250e+01) (8, -1.50000000000000000000e+03) (9, 2.19840988516807556152e-01) (0, -3.27464890480041503906e+00) (1, -4.10561990737915039062e+00) (2, -9.08781066894531250000e+02) (3, 2.74197268486022949219e+00) (4, 3.24025422334671020508e-01) (5, -1.43622741699218750000e+03) (6, -1.47271716594696044922e+00) (7, 3.32738429307937622070e-01) (8, 1.48800903320312500000e+03) (9, 1.71371921896934509277e-02) (10, 1.60758209228515625000e+00) (11, 5.13443851470947265625e+00) (12, -1.50000000000000000000e+03) (13, 6.93744540214538574219e-01) (14, -4.30502462387084960938e+00) 
