FANN_FLO_2.1
num_layers=4
learning_rate=0.400000
connection_rate=1.000000
network_type=0
learning_momentum=0.000000
training_algorithm=2
train_error_function=1
train_stop_function=0
cascade_output_change_fraction=0.010000
quickprop_decay=-0.000100
quickprop_mu=1.750000
rprop_increase_factor=1.200000
rprop_decrease_factor=0.500000
rprop_delta_min=0.000000
rprop_delta_max=50.000000
rprop_delta_zero=0.100000
cascade_output_stagnation_epochs=12
cascade_candidate_change_fraction=0.010000
cascade_candidate_stagnation_epochs=12
cascade_max_out_epochs=150
cascade_min_out_epochs=50
cascade_max_cand_epochs=150
cascade_min_cand_epochs=50
cascade_num_candidate_groups=2
bit_fail_limit=3.49999994039535522461e-01
cascade_candidate_limit=1.00000000000000000000e+03
cascade_weight_multiplier=4.00000005960464477539e-01
cascade_activation_functions_count=10
cascade_activation_functions=3 5 7 8 10 11 14 15 16 17 
cascade_activation_steepnesses_count=4
cascade_activation_steepnesses=2.50000000000000000000e-01 5.00000000000000000000e-01 7.50000000000000000000e-01 1.00000000000000000000e+00 
layer_sizes=7 5 5 2 
scale_included=0
neurons (num_inputs, activation_function, activation_steepness)=(0, 0, 0.00000000000000000000e+00) (0, 0, 0.00000000000000000000e+00) (0, 0, 0.00000000000000000000e+00) (0, 0, 0.00000000000000000000e+00) (0, 0, 0.00000000000000000000e+00) (0, 0, 0.00000000000000000000e+00) (0, 0, 0.00000000000000000000e+00) (7, 3, 5.00000000000000000000e-01) (7, 3, 5.00000000000000000000e-01) (7, 3, 5.00000000000000000000e-01) (7, 3, 5.00000000000000000000e-01) (0, 3, 0.00000000000000000000e+00) (5, 3, 5.00000000000000000000e-01) (5, 3, 5.00000000000000000000e-01) (5, 3, 5.00000000000000000000e-01) (5, 3, 5.00000000000000000000e-01) (0, 3, 0.00000000000000000000e+00) (5, 3, 5.00000000000000000000e-01) (0, 3, 0.00000000000000000000e+00) 
connections (connected_to_neuron, weight)=(0, -1.47309643554687500000e+03) (1, -1.50000000000000000000e+03) (2, -1.50000000000000000000e+03) (3, -1.50000000000000000000e+03) (4, -6.35814453125000000000e+02) (5, 1.37856469726562500000e+03) (6, 2.25992165505886077881e-02) (0, -4.47971200942993164062e+00) (1, 1.88993966579437255859e+00) (2, 4.86148595809936523438e+00) (3, -2.16876697540283203125e+00) (4, -3.61366891860961914062e+00) (5, 6.02756977081298828125e+00) (6, 3.26243782043457031250e+00) (0, -4.87263965606689453125e+00) (1, 2.13597607612609863281e+00) (2, -4.88856410980224609375e+00) (3, -4.48944664001464843750e+00) (4, -6.01639091968536376953e-01) (5, 3.47189116477966308594e+00) (6, 2.67567205429077148438e+00) (0, -2.35156536102294921875e+00) (1, -1.29537498950958251953e+00) (2, -2.78599047660827636719e+00) (3, -5.15902423858642578125e+00) (4, -1.91400408744812011719e+00) (5, 1.50000000000000000000e+03) (6, 3.43867087364196777344e+00) (7, 1.50000000000000000000e+03) (8, 5.70936250686645507812e+00) (9, 4.30183982849121093750e+00) (10, -4.39258766174316406250e+00) (11, -4.28225517272949218750e+00) (7, 1.50000000000000000000e+03) (8, 2.01217079162597656250e+00) (9, 2.07762956619262695312e+00) (10, 3.00911569595336914062e+00) (11, -3.59138798713684082031e+00) (7, 1.50000000000000000000e+03) (8, 6.74185633659362792969e-01) (9, 2.54627203941345214844e+00) (10, 3.43196082115173339844e+00) (11, -3.16066908836364746094e+00) (7, 1.50000000000000000000e+03) (8, 2.19112277030944824219e+00) (9, 7.65120315551757812500e+00) (10, -8.96185016632080078125e+00) (11, -2.07447767257690429688e+00) (12, -9.14089083671569824219e-01) (13, -8.06175231933593750000e-01) (14, -5.92137217521667480469e-01) (15, -7.70020389556884765625e+00) (16, -1.43156915903091430664e-01) 
