FANN_FLO_2.1
num_layers=4
learning_rate=0.500000
connection_rate=1.000000
network_type=0
learning_momentum=0.000000
training_algorithm=2
train_error_function=1
train_stop_function=0
cascade_output_change_fraction=0.010000
quickprop_decay=-0.000100
quickprop_mu=1.750000
rprop_increase_factor=1.200000
rprop_decrease_factor=0.500000
rprop_delta_min=0.000000
rprop_delta_max=50.000000
rprop_delta_zero=0.100000
cascade_output_stagnation_epochs=12
cascade_candidate_change_fraction=0.010000
cascade_candidate_stagnation_epochs=12
cascade_max_out_epochs=150
cascade_min_out_epochs=50
cascade_max_cand_epochs=150
cascade_min_cand_epochs=50
cascade_num_candidate_groups=2
bit_fail_limit=3.49999994039535522461e-01
cascade_candidate_limit=1.00000000000000000000e+03
cascade_weight_multiplier=4.00000005960464477539e-01
cascade_activation_functions_count=10
cascade_activation_functions=3 5 7 8 10 11 14 15 16 17 
cascade_activation_steepnesses_count=4
cascade_activation_steepnesses=2.50000000000000000000e-01 5.00000000000000000000e-01 7.50000000000000000000e-01 1.00000000000000000000e+00 
layer_sizes=2 5 3 3 
scale_included=0
neurons (num_inputs, activation_function, activation_steepness)=(0, 0, 0.00000000000000000000e+00) (0, 0, 0.00000000000000000000e+00) (2, 3, 5.00000000000000000000e-01) (2, 3, 5.00000000000000000000e-01) (2, 3, 5.00000000000000000000e-01) (2, 3, 5.00000000000000000000e-01) (0, 3, 0.00000000000000000000e+00) (5, 3, 5.00000000000000000000e-01) (5, 3, 5.00000000000000000000e-01) (0, 3, 0.00000000000000000000e+00) (3, 0, 5.00000000000000000000e-01) (3, 0, 5.00000000000000000000e-01) (0, 0, 0.00000000000000000000e+00) 
connections (connected_to_neuron, weight)=(0, -7.65083251953125000000e+02) (1, 5.47530555725097656250e+01) (0, -1.50000000000000000000e+03) (1, 3.81517295837402343750e+01) (0, -1.13975753784179687500e+01) (1, 3.79771423339843750000e+00) (0, 1.63684329986572265625e+01) (1, -1.51558327674865722656e+00) (2, -1.94095388054847717285e-01) (3, -9.54129099845886230469e-01) (4, -4.17451906204223632812e+00) (5, 2.62133073806762695312e+00) (6, 1.25795030593872070312e+00) (2, -2.13964724540710449219e+00) (3, -9.71599102020263671875e-01) (4, 5.77175045013427734375e+00) (5, -6.44548177719116210938e-01) (6, -1.29119646549224853516e+00) (7, -2.27961421012878417969e+00) (8, -3.57423543930053710938e+00) (9, 2.74314498901367187500e+00) (7, -3.53665947914123535156e+00) (8, 1.52682399749755859375e+00) (9, 9.52105879783630371094e-01) 
