FANN_FLO_2.1
num_layers=3
learning_rate=0.400000
connection_rate=1.000000
network_type=0
learning_momentum=0.000000
training_algorithm=2
train_error_function=1
train_stop_function=0
cascade_output_change_fraction=0.010000
quickprop_decay=-0.000100
quickprop_mu=1.750000
rprop_increase_factor=1.200000
rprop_decrease_factor=0.500000
rprop_delta_min=0.000000
rprop_delta_max=50.000000
rprop_delta_zero=0.100000
cascade_output_stagnation_epochs=12
cascade_candidate_change_fraction=0.010000
cascade_candidate_stagnation_epochs=12
cascade_max_out_epochs=150
cascade_min_out_epochs=50
cascade_max_cand_epochs=150
cascade_min_cand_epochs=50
cascade_num_candidate_groups=2
bit_fail_limit=3.49999994039535522461e-01
cascade_candidate_limit=1.00000000000000000000e+03
cascade_weight_multiplier=4.00000005960464477539e-01
cascade_activation_functions_count=10
cascade_activation_functions=3 5 7 8 10 11 14 15 16 17 
cascade_activation_steepnesses_count=4
cascade_activation_steepnesses=2.50000000000000000000e-01 5.00000000000000000000e-01 7.50000000000000000000e-01 1.00000000000000000000e+00 
layer_sizes=7 5 2 
scale_included=0
neurons (num_inputs, activation_function, activation_steepness)=(0, 0, 0.00000000000000000000e+00) (0, 0, 0.00000000000000000000e+00) (0, 0, 0.00000000000000000000e+00) (0, 0, 0.00000000000000000000e+00) (0, 0, 0.00000000000000000000e+00) (0, 0, 0.00000000000000000000e+00) (0, 0, 0.00000000000000000000e+00) (7, 3, 5.00000000000000000000e-01) (7, 3, 5.00000000000000000000e-01) (7, 3, 5.00000000000000000000e-01) (7, 3, 5.00000000000000000000e-01) (0, 3, 0.00000000000000000000e+00) (5, 3, 5.00000000000000000000e-01) (0, 3, 0.00000000000000000000e+00) 
connections (connected_to_neuron, weight)=(0, -3.08446049690246582031e+00) (1, 1.64042639732360839844e+00) (2, 7.74511003494262695312e+00) (3, -1.27547740936279296875e+01) (4, -8.90073585510253906250e+00) (5, 5.27432346343994140625e+00) (6, 1.40220510959625244141e+00) (0, 3.09605741500854492188e+00) (1, 4.55668497085571289062e+00) (2, -1.01510453224182128906e+00) (3, -1.63899898529052734375e+01) (4, 1.67957830429077148438e+00) (5, 4.20419502258300781250e+00) (6, 3.02152395248413085938e+00) (0, 6.39687776565551757812e+00) (1, 3.18986535072326660156e+00) (2, -2.68959879875183105469e-01) (3, -4.40585374832153320312e+00) (4, -2.92908847332000732422e-01) (5, 2.59890270233154296875e+00) (6, -1.55646800994873046875e+00) (0, 1.38376915454864501953e+00) (1, 9.61203336715698242188e-01) (2, 1.42594158649444580078e+00) (3, -1.74226455688476562500e+01) (4, 2.86027884483337402344e+00) (5, 5.90492773056030273438e+00) (6, -2.67319023609161376953e-01) (7, -2.81228065490722656250e+00) (8, -1.91692996025085449219e+00) (9, -2.57174921035766601562e+00) (10, 4.75305795669555664062e+00) (11, 1.78155505657196044922e+00) 
