FANN_FLO_2.1
num_layers=3
learning_rate=0.500000
connection_rate=1.000000
network_type=0
learning_momentum=0.000000
training_algorithm=2
train_error_function=1
train_stop_function=0
cascade_output_change_fraction=0.010000
quickprop_decay=-0.000100
quickprop_mu=1.750000
rprop_increase_factor=1.200000
rprop_decrease_factor=0.500000
rprop_delta_min=0.000000
rprop_delta_max=50.000000
rprop_delta_zero=0.100000
cascade_output_stagnation_epochs=12
cascade_candidate_change_fraction=0.010000
cascade_candidate_stagnation_epochs=12
cascade_max_out_epochs=150
cascade_min_out_epochs=50
cascade_max_cand_epochs=150
cascade_min_cand_epochs=50
cascade_num_candidate_groups=2
bit_fail_limit=3.49999994039535522461e-01
cascade_candidate_limit=1.00000000000000000000e+03
cascade_weight_multiplier=4.00000005960464477539e-01
cascade_activation_functions_count=10
cascade_activation_functions=3 5 7 8 10 11 14 15 16 17 
cascade_activation_steepnesses_count=4
cascade_activation_steepnesses=2.50000000000000000000e-01 5.00000000000000000000e-01 7.50000000000000000000e-01 1.00000000000000000000e+00 
layer_sizes=10 3 2 
scale_included=0
neurons (num_inputs, activation_function, activation_steepness)=(0, 0, 0.00000000000000000000e+00) (0, 0, 0.00000000000000000000e+00) (0, 0, 0.00000000000000000000e+00) (0, 0, 0.00000000000000000000e+00) (0, 0, 0.00000000000000000000e+00) (0, 0, 0.00000000000000000000e+00) (0, 0, 0.00000000000000000000e+00) (0, 0, 0.00000000000000000000e+00) (0, 0, 0.00000000000000000000e+00) (0, 0, 0.00000000000000000000e+00) (10, 3, 5.00000000000000000000e-01) (10, 3, 5.00000000000000000000e-01) (0, 3, 0.00000000000000000000e+00) (3, 3, 5.00000000000000000000e-01) (0, 3, 0.00000000000000000000e+00) 
connections (connected_to_neuron, weight)=(0, -3.93484473228454589844e+00) (1, 9.09496879577636718750e+00) (2, 1.45548257827758789062e+01) (3, 3.11279726028442382812e+00) (4, 8.44331550598144531250e+00) (5, 1.29887425899505615234e+00) (6, -1.05475139617919921875e+01) (7, -3.67888031005859375000e+01) (8, -1.25325477123260498047e+00) (9, 3.96643090248107910156e+00) (0, -3.15229535102844238281e+00) (1, 1.88344287872314453125e+00) (2, -1.48949047851562500000e+03) (3, 9.66350317001342773438e-01) (4, 2.95576310157775878906e+00) (5, 5.47896921634674072266e-01) (6, 5.02295076847076416016e-01) (7, -1.06503629684448242188e+00) (8, -1.35383725166320800781e+00) (9, 1.55006766319274902344e+00) (10, 4.03819417953491210938e+00) (11, 4.22764730453491210938e+00) (12, -3.15249848365783691406e+00) 
