FANN_FLO_2.1
num_layers=3
learning_rate=0.400000
connection_rate=1.000000
network_type=0
learning_momentum=0.000000
training_algorithm=2
train_error_function=1
train_stop_function=0
cascade_output_change_fraction=0.010000
quickprop_decay=-0.000100
quickprop_mu=1.750000
rprop_increase_factor=1.200000
rprop_decrease_factor=0.500000
rprop_delta_min=0.000000
rprop_delta_max=50.000000
rprop_delta_zero=0.100000
cascade_output_stagnation_epochs=12
cascade_candidate_change_fraction=0.010000
cascade_candidate_stagnation_epochs=12
cascade_max_out_epochs=150
cascade_min_out_epochs=50
cascade_max_cand_epochs=150
cascade_min_cand_epochs=50
cascade_num_candidate_groups=2
bit_fail_limit=3.49999994039535522461e-01
cascade_candidate_limit=1.00000000000000000000e+03
cascade_weight_multiplier=4.00000005960464477539e-01
cascade_activation_functions_count=10
cascade_activation_functions=3 5 7 8 10 11 14 15 16 17 
cascade_activation_steepnesses_count=4
cascade_activation_steepnesses=2.50000000000000000000e-01 5.00000000000000000000e-01 7.50000000000000000000e-01 1.00000000000000000000e+00 
layer_sizes=7 5 2 
scale_included=0
neurons (num_inputs, activation_function, activation_steepness)=(0, 0, 0.00000000000000000000e+00) (0, 0, 0.00000000000000000000e+00) (0, 0, 0.00000000000000000000e+00) (0, 0, 0.00000000000000000000e+00) (0, 0, 0.00000000000000000000e+00) (0, 0, 0.00000000000000000000e+00) (0, 0, 0.00000000000000000000e+00) (7, 3, 5.00000000000000000000e-01) (7, 3, 5.00000000000000000000e-01) (7, 3, 5.00000000000000000000e-01) (7, 3, 5.00000000000000000000e-01) (0, 3, 0.00000000000000000000e+00) (5, 3, 5.00000000000000000000e-01) (0, 3, 0.00000000000000000000e+00) 
connections (connected_to_neuron, weight)=(0, -9.17620301246643066406e-01) (1, 2.15739443898200988770e-01) (2, 5.52833709716796875000e+01) (3, -8.36652565002441406250e+00) (4, -4.66852664947509765625e+00) (5, 4.24087810516357421875e+00) (6, 2.30348014831542968750e+00) (0, -1.48126578330993652344e+00) (1, -4.37357759475708007812e+00) (2, -1.51244506835937500000e+01) (3, -5.47411537170410156250e+00) (4, -1.04377484321594238281e+00) (5, 1.19572362899780273438e+01) (6, -1.97504192590713500977e-01) (0, 1.07392940521240234375e+01) (1, -1.26779747009277343750e+01) (2, 1.43076229095458984375e+01) (3, -4.10310077667236328125e+00) (4, -8.18874001502990722656e-01) (5, -3.13971948623657226562e+00) (6, 4.91154766082763671875e+00) (0, -8.45255851745605468750e+00) (1, 7.77705860137939453125e+00) (2, -6.07483768463134765625e+00) (3, -5.45543491840362548828e-01) (4, -4.21842753887176513672e-01) (5, -5.04943943023681640625e+00) (6, 4.20996814966201782227e-01) (7, -3.90001565217971801758e-01) (8, -3.46132040023803710938e+00) (9, -2.45840692520141601562e+00) (10, -6.52229404449462890625e+00) (11, 1.83504712581634521484e+00) 
