FANN_FLO_2.1
num_layers=3
learning_rate=0.400000
connection_rate=1.000000
network_type=0
learning_momentum=0.000000
training_algorithm=2
train_error_function=1
train_stop_function=0
cascade_output_change_fraction=0.010000
quickprop_decay=-0.000100
quickprop_mu=1.750000
rprop_increase_factor=1.200000
rprop_decrease_factor=0.500000
rprop_delta_min=0.000000
rprop_delta_max=50.000000
rprop_delta_zero=0.100000
cascade_output_stagnation_epochs=12
cascade_candidate_change_fraction=0.010000
cascade_candidate_stagnation_epochs=12
cascade_max_out_epochs=150
cascade_min_out_epochs=50
cascade_max_cand_epochs=150
cascade_min_cand_epochs=50
cascade_num_candidate_groups=2
bit_fail_limit=3.49999994039535522461e-01
cascade_candidate_limit=1.00000000000000000000e+03
cascade_weight_multiplier=4.00000005960464477539e-01
cascade_activation_functions_count=10
cascade_activation_functions=3 5 7 8 10 11 14 15 16 17 
cascade_activation_steepnesses_count=4
cascade_activation_steepnesses=2.50000000000000000000e-01 5.00000000000000000000e-01 7.50000000000000000000e-01 1.00000000000000000000e+00 
layer_sizes=7 9 2 
scale_included=0
neurons (num_inputs, activation_function, activation_steepness)=(0, 0, 0.00000000000000000000e+00) (0, 0, 0.00000000000000000000e+00) (0, 0, 0.00000000000000000000e+00) (0, 0, 0.00000000000000000000e+00) (0, 0, 0.00000000000000000000e+00) (0, 0, 0.00000000000000000000e+00) (0, 0, 0.00000000000000000000e+00) (7, 3, 5.00000000000000000000e-01) (7, 3, 5.00000000000000000000e-01) (7, 3, 5.00000000000000000000e-01) (7, 3, 5.00000000000000000000e-01) (7, 3, 5.00000000000000000000e-01) (7, 3, 5.00000000000000000000e-01) (7, 3, 5.00000000000000000000e-01) (7, 3, 5.00000000000000000000e-01) (0, 3, 0.00000000000000000000e+00) (9, 3, 5.00000000000000000000e-01) (0, 3, 0.00000000000000000000e+00) 
connections (connected_to_neuron, weight)=(0, -2.23490405082702636719e+00) (1, -1.86027297973632812500e+01) (2, 6.36167001724243164062e+00) (3, -6.73720061779022216797e-01) (4, -6.15395605564117431641e-01) (5, 6.14059972763061523438e+00) (6, 1.29358015060424804688e+01) (0, 1.65511302947998046875e+01) (1, -2.01919727325439453125e+01) (2, 2.34126210212707519531e+00) (3, -3.95028519630432128906e+00) (4, -1.36634945869445800781e+00) (5, -2.03240547180175781250e+01) (6, 2.35550155639648437500e+01) (0, -1.96515047550201416016e+00) (1, -1.01788058876991271973e-01) (2, 8.97387981414794921875e-01) (3, -4.76947355270385742188e+00) (4, -1.51834690570831298828e+00) (5, 4.27113980054855346680e-01) (6, 4.82837915420532226562e-01) (0, -6.24188721179962158203e-01) (1, 1.88032066822052001953e+00) (2, 8.49207687377929687500e+00) (3, -2.10894947052001953125e+01) (4, 9.12613105773925781250e+00) (5, 6.58273816108703613281e-01) (6, -1.83748233318328857422e+00) (0, -1.57280843704938888550e-02) (1, -3.23002487421035766602e-01) (2, -1.63142085075378417969e+00) (3, 2.79449653625488281250e+00) (4, 1.77387750148773193359e+00) (5, -1.18675899505615234375e+00) (6, 2.21300387382507324219e+00) (0, -2.33268165588378906250e+00) (1, 7.03366613388061523438e+00) (2, -8.28861713409423828125e+00) (3, 3.54889243841171264648e-01) (4, -5.22484731674194335938e+00) (5, -3.79785108566284179688e+00) (6, -3.04544195532798767090e-02) (0, -1.73260486125946044922e+00) (1, 3.04652357101440429688e+00) (2, 7.67447724938392639160e-02) (3, -6.22453117370605468750e+00) (4, -1.62188684940338134766e+00) (5, 6.34965419769287109375e-01) (6, 8.02509963512420654297e-01) (0, -1.23532896041870117188e+01) (1, 1.11664428710937500000e+01) (2, 4.86340463161468505859e-01) (3, -3.01247811317443847656e+00) (4, -1.18115317821502685547e+00) (5, 4.84707069396972656250e+00) (6, 1.01712930202484130859e+00) (7, -1.12561941146850585938e+00) (8, -3.73365426063537597656e+00) (9, 6.42353343963623046875e+00) (10, -7.59606719017028808594e-01) (11, 2.35883331298828125000e+00) (12, -1.18999671936035156250e+00) (13, -5.72400629520416259766e-01) (14, -4.03147029876708984375e+00) (15, 7.56251215934753417969e-01) 
