FANN_FLO_2.1
num_layers=3
learning_rate=0.400000
connection_rate=1.000000
network_type=0
learning_momentum=0.000000
training_algorithm=2
train_error_function=1
train_stop_function=0
cascade_output_change_fraction=0.010000
quickprop_decay=-0.000100
quickprop_mu=1.750000
rprop_increase_factor=1.200000
rprop_decrease_factor=0.500000
rprop_delta_min=0.000000
rprop_delta_max=50.000000
rprop_delta_zero=0.100000
cascade_output_stagnation_epochs=12
cascade_candidate_change_fraction=0.010000
cascade_candidate_stagnation_epochs=12
cascade_max_out_epochs=150
cascade_min_out_epochs=50
cascade_max_cand_epochs=150
cascade_min_cand_epochs=50
cascade_num_candidate_groups=2
bit_fail_limit=3.49999994039535522461e-01
cascade_candidate_limit=1.00000000000000000000e+03
cascade_weight_multiplier=4.00000005960464477539e-01
cascade_activation_functions_count=10
cascade_activation_functions=3 5 7 8 10 11 14 15 16 17 
cascade_activation_steepnesses_count=4
cascade_activation_steepnesses=2.50000000000000000000e-01 5.00000000000000000000e-01 7.50000000000000000000e-01 1.00000000000000000000e+00 
layer_sizes=7 9 2 
scale_included=0
neurons (num_inputs, activation_function, activation_steepness)=(0, 0, 0.00000000000000000000e+00) (0, 0, 0.00000000000000000000e+00) (0, 0, 0.00000000000000000000e+00) (0, 0, 0.00000000000000000000e+00) (0, 0, 0.00000000000000000000e+00) (0, 0, 0.00000000000000000000e+00) (0, 0, 0.00000000000000000000e+00) (7, 3, 5.00000000000000000000e-01) (7, 3, 5.00000000000000000000e-01) (7, 3, 5.00000000000000000000e-01) (7, 3, 5.00000000000000000000e-01) (7, 3, 5.00000000000000000000e-01) (7, 3, 5.00000000000000000000e-01) (7, 3, 5.00000000000000000000e-01) (7, 3, 5.00000000000000000000e-01) (0, 3, 0.00000000000000000000e+00) (9, 3, 5.00000000000000000000e-01) (0, 3, 0.00000000000000000000e+00) 
connections (connected_to_neuron, weight)=(0, -1.36605942249298095703e+00) (1, -9.40789222717285156250e+00) (2, 2.93605895996093750000e+02) (3, 6.99363632202148437500e+01) (4, 1.71420021057128906250e+01) (5, -1.77824592590332031250e+01) (6, 6.67897462844848632812e+00) (0, -4.26408290863037109375e+00) (1, 1.91792458295822143555e-01) (2, -2.93995151519775390625e+01) (3, -8.60999703407287597656e-01) (4, -7.57089328765869140625e+00) (5, -1.63130223751068115234e+00) (6, 1.30005712509155273438e+01) (0, -1.15445632934570312500e+01) (1, 8.87247085571289062500e+00) (2, 6.05245113372802734375e+00) (3, -1.39104402065277099609e+00) (4, -9.03341352939605712891e-01) (5, -1.48712646484375000000e+03) (6, 5.51214873790740966797e-01) (0, 2.16526913642883300781e+00) (1, -3.34560227394104003906e+00) (2, -3.13193378448486328125e+01) (3, 8.38568496704101562500e+00) (4, -6.02152156829833984375e+00) (5, 1.55047047138214111328e+00) (6, -2.30036902427673339844e+00) (0, 7.65356016159057617188e+00) (1, 2.46891427040100097656e+00) (2, 5.51687145233154296875e+00) (3, -6.07227849960327148438e+00) (4, -2.17790985107421875000e+00) (5, 4.29220199584960937500e-01) (6, -5.91284132003784179688e+00) (0, -9.48400124907493591309e-02) (1, -3.65107440948486328125e+00) (2, 7.65305557250976562500e+01) (3, -5.32794046401977539062e+00) (4, -5.85572338104248046875e+00) (5, 8.10128555297851562500e+01) (6, 2.33327054977416992188e+00) (0, 5.76398372650146484375e+00) (1, 1.35020322799682617188e+01) (2, -7.00238494873046875000e+01) (3, 2.31382369995117187500e+02) (4, -1.67353096008300781250e+01) (5, -4.60804700851440429688e+00) (6, -8.00950050354003906250e+00) (0, 4.65513706207275390625e+00) (1, -6.38362836837768554688e+00) (2, 5.06342697143554687500e+00) (3, -1.65736389160156250000e+00) (4, 3.41868251562118530273e-01) (5, 3.08436346054077148438e+00) (6, -2.68813896179199218750e+00) (7, -4.75613504648208618164e-01) (8, -4.18395280838012695312e-01) (9, -8.56123065948486328125e+00) (10, -1.12707579135894775391e+00) (11, -1.22051489353179931641e+00) (12, 7.96049654483795166016e-01) (13, -1.75667464733123779297e-01) (14, -7.54321813583374023438e+00) (15, 2.47945189476013183594e-02) 
