FANN_FLO_2.1
num_layers=4
learning_rate=0.500000
connection_rate=1.000000
network_type=0
learning_momentum=0.000000
training_algorithm=2
train_error_function=1
train_stop_function=0
cascade_output_change_fraction=0.010000
quickprop_decay=-0.000100
quickprop_mu=1.750000
rprop_increase_factor=1.200000
rprop_decrease_factor=0.500000
rprop_delta_min=0.000000
rprop_delta_max=50.000000
rprop_delta_zero=0.100000
cascade_output_stagnation_epochs=12
cascade_candidate_change_fraction=0.010000
cascade_candidate_stagnation_epochs=12
cascade_max_out_epochs=150
cascade_min_out_epochs=50
cascade_max_cand_epochs=150
cascade_min_cand_epochs=50
cascade_num_candidate_groups=2
bit_fail_limit=3.49999994039535522461e-01
cascade_candidate_limit=1.00000000000000000000e+03
cascade_weight_multiplier=4.00000005960464477539e-01
cascade_activation_functions_count=10
cascade_activation_functions=3 5 7 8 10 11 14 15 16 17 
cascade_activation_steepnesses_count=4
cascade_activation_steepnesses=2.50000000000000000000e-01 5.00000000000000000000e-01 7.50000000000000000000e-01 1.00000000000000000000e+00 
layer_sizes=10 5 3 2 
scale_included=0
neurons (num_inputs, activation_function, activation_steepness)=(0, 0, 0.00000000000000000000e+00) (0, 0, 0.00000000000000000000e+00) (0, 0, 0.00000000000000000000e+00) (0, 0, 0.00000000000000000000e+00) (0, 0, 0.00000000000000000000e+00) (0, 0, 0.00000000000000000000e+00) (0, 0, 0.00000000000000000000e+00) (0, 0, 0.00000000000000000000e+00) (0, 0, 0.00000000000000000000e+00) (0, 0, 0.00000000000000000000e+00) (10, 3, 5.00000000000000000000e-01) (10, 3, 5.00000000000000000000e-01) (10, 3, 5.00000000000000000000e-01) (10, 3, 5.00000000000000000000e-01) (0, 3, 0.00000000000000000000e+00) (5, 3, 5.00000000000000000000e-01) (5, 3, 5.00000000000000000000e-01) (0, 3, 0.00000000000000000000e+00) (3, 3, 5.00000000000000000000e-01) (0, 3, 0.00000000000000000000e+00) 
connections (connected_to_neuron, weight)=(0, -2.07469910383224487305e-01) (1, -2.19348788261413574219e+00) (2, 3.70111577212810516357e-02) (3, 4.82280683517456054688e+00) (4, -3.33809435367584228516e-01) (5, 2.57064175605773925781e+00) (6, 1.89841613173484802246e-01) (7, 8.67290943861007690430e-02) (8, 1.53082752227783203125e+01) (9, -9.52456188201904296875e+00) (0, 3.53646469116210937500e+00) (1, 1.33940207958221435547e+00) (2, 1.06101016998291015625e+01) (3, 1.12226152420043945312e+00) (4, -5.25013589859008789062e+00) (5, 6.19630157947540283203e-01) (6, 1.97453546524047851562e+00) (7, 2.01703166961669921875e+00) (8, 6.20367813110351562500e+00) (9, -9.67658805847167968750e+00) (0, 4.23701852560043334961e-01) (1, -2.87012171745300292969e+00) (2, -2.21083730459213256836e-01) (3, -3.09291183948516845703e-01) (4, -9.79951620101928710938e-02) (5, 1.61254227161407470703e+00) (6, 4.60641011595726013184e-02) (7, -8.44516456127166748047e-01) (8, 1.05946865081787109375e+01) (9, -5.42822551727294921875e+00) (0, 7.12598724365234375000e+01) (1, 2.27646780014038085938e+00) (2, 1.50000000000000000000e+03) (3, 6.15663111209869384766e-01) (4, 1.47166061401367187500e+02) (5, 1.50000000000000000000e+03) (6, 4.97727602720260620117e-01) (7, -1.18775215148925781250e+02) (8, 1.15062704086303710938e+01) (9, -8.46083685755729675293e-02) (10, -1.60600814819335937500e+01) (11, 3.23605895042419433594e+00) (12, -3.94511127471923828125e+00) (13, 3.27792978286743164062e+00) (14, 4.19108629226684570312e+00) (10, -9.63188171386718750000e+00) (11, -2.34657382965087890625e+00) (12, 2.82159042358398437500e+01) (13, 5.65850615501403808594e-01) (14, 1.09433627128601074219e+00) (15, 1.47915470600128173828e+00) (16, 1.83294916152954101562e+00) (17, -2.15026164054870605469e+00) 
