FANN_FLO_2.1
num_layers=4
learning_rate=0.400000
connection_rate=1.000000
network_type=0
learning_momentum=0.000000
training_algorithm=2
train_error_function=1
train_stop_function=0
cascade_output_change_fraction=0.010000
quickprop_decay=-0.000100
quickprop_mu=1.750000
rprop_increase_factor=1.200000
rprop_decrease_factor=0.500000
rprop_delta_min=0.000000
rprop_delta_max=50.000000
rprop_delta_zero=0.100000
cascade_output_stagnation_epochs=12
cascade_candidate_change_fraction=0.010000
cascade_candidate_stagnation_epochs=12
cascade_max_out_epochs=150
cascade_min_out_epochs=50
cascade_max_cand_epochs=150
cascade_min_cand_epochs=50
cascade_num_candidate_groups=2
bit_fail_limit=3.49999994039535522461e-01
cascade_candidate_limit=1.00000000000000000000e+03
cascade_weight_multiplier=4.00000005960464477539e-01
cascade_activation_functions_count=10
cascade_activation_functions=3 5 7 8 10 11 14 15 16 17 
cascade_activation_steepnesses_count=4
cascade_activation_steepnesses=2.50000000000000000000e-01 5.00000000000000000000e-01 7.50000000000000000000e-01 1.00000000000000000000e+00 
layer_sizes=7 5 5 2 
scale_included=0
neurons (num_inputs, activation_function, activation_steepness)=(0, 0, 0.00000000000000000000e+00) (0, 0, 0.00000000000000000000e+00) (0, 0, 0.00000000000000000000e+00) (0, 0, 0.00000000000000000000e+00) (0, 0, 0.00000000000000000000e+00) (0, 0, 0.00000000000000000000e+00) (0, 0, 0.00000000000000000000e+00) (7, 3, 5.00000000000000000000e-01) (7, 3, 5.00000000000000000000e-01) (7, 3, 5.00000000000000000000e-01) (7, 3, 5.00000000000000000000e-01) (0, 3, 0.00000000000000000000e+00) (5, 3, 5.00000000000000000000e-01) (5, 3, 5.00000000000000000000e-01) (5, 3, 5.00000000000000000000e-01) (5, 3, 5.00000000000000000000e-01) (0, 3, 0.00000000000000000000e+00) (5, 3, 5.00000000000000000000e-01) (0, 3, 0.00000000000000000000e+00) 
connections (connected_to_neuron, weight)=(0, -5.91823577880859375000e+00) (1, 4.61628484725952148438e+00) (2, -1.42265403270721435547e+00) (3, -1.99203836917877197266e+00) (4, -6.68818652629852294922e-01) (5, -8.03828430175781250000e+00) (6, 1.09511852264404296875e+00) (0, -1.22796520996093750000e+03) (1, 7.19467163085937500000e+02) (2, 1.04607772827148437500e+02) (3, 1.50000000000000000000e+03) (4, 1.50000000000000000000e+03) (5, 1.49786486816406250000e+03) (6, -1.46946765136718750000e+03) (0, 3.30943036079406738281e+00) (1, -6.03428792953491210938e+00) (2, 3.25830721855163574219e+00) (3, -3.16093802452087402344e+00) (4, -4.29322093725204467773e-01) (5, 4.29061889648437500000e+00) (6, -2.44298815727233886719e+00) (0, 6.84550905227661132812e+00) (1, 3.86754870414733886719e-01) (2, -1.57968263626098632812e+01) (3, 2.66694831848144531250e+00) (4, -7.21651744842529296875e+00) (5, -1.12341356277465820312e+00) (6, -5.90638542175292968750e+00) (7, 8.14538574218750000000e+00) (8, -3.63644226074218750000e+02) (9, 1.93628273010253906250e+01) (10, 4.04860305786132812500e+00) (11, -3.74526858329772949219e+00) (7, 7.66922092437744140625e+00) (8, 4.69215118408203125000e+02) (9, 5.47169399261474609375e+00) (10, 3.04181480407714843750e+00) (11, -3.72058868408203125000e+00) (7, 7.37161684036254882812e+00) (8, 1.00873041152954101562e+00) (9, 7.39236593246459960938e+00) (10, 1.69327621459960937500e+01) (11, -2.67702317237854003906e+00) (7, 1.35633325576782226562e+01) (8, -9.22956562042236328125e+00) (9, 5.84730949401855468750e+01) (10, -1.82250270843505859375e+01) (11, -1.63075757026672363281e+00) (12, -7.47237741947174072266e-01) (13, -8.34803402423858642578e-01) (14, -1.47963988780975341797e+00) (15, -1.28551125526428222656e+00) (16, -3.83689105510711669922e-01) 
