FANN_FLO_2.1
num_layers=4
learning_rate=0.500000
connection_rate=1.000000
network_type=0
learning_momentum=0.000000
training_algorithm=2
train_error_function=1
train_stop_function=0
cascade_output_change_fraction=0.010000
quickprop_decay=-0.000100
quickprop_mu=1.750000
rprop_increase_factor=1.200000
rprop_decrease_factor=0.500000
rprop_delta_min=0.000000
rprop_delta_max=50.000000
rprop_delta_zero=0.100000
cascade_output_stagnation_epochs=12
cascade_candidate_change_fraction=0.010000
cascade_candidate_stagnation_epochs=12
cascade_max_out_epochs=150
cascade_min_out_epochs=50
cascade_max_cand_epochs=150
cascade_min_cand_epochs=50
cascade_num_candidate_groups=2
bit_fail_limit=3.49999994039535522461e-01
cascade_candidate_limit=1.00000000000000000000e+03
cascade_weight_multiplier=4.00000005960464477539e-01
cascade_activation_functions_count=10
cascade_activation_functions=3 5 7 8 10 11 14 15 16 17 
cascade_activation_steepnesses_count=4
cascade_activation_steepnesses=2.50000000000000000000e-01 5.00000000000000000000e-01 7.50000000000000000000e-01 1.00000000000000000000e+00 
layer_sizes=2 5 5 3 
scale_included=0
neurons (num_inputs, activation_function, activation_steepness)=(0, 0, 0.00000000000000000000e+00) (0, 0, 0.00000000000000000000e+00) (2, 3, 5.00000000000000000000e-01) (2, 3, 5.00000000000000000000e-01) (2, 3, 5.00000000000000000000e-01) (2, 3, 5.00000000000000000000e-01) (0, 3, 0.00000000000000000000e+00) (5, 3, 5.00000000000000000000e-01) (5, 3, 5.00000000000000000000e-01) (5, 3, 5.00000000000000000000e-01) (5, 3, 5.00000000000000000000e-01) (0, 3, 0.00000000000000000000e+00) (5, 0, 5.00000000000000000000e-01) (5, 0, 5.00000000000000000000e-01) (0, 0, 0.00000000000000000000e+00) 
connections (connected_to_neuron, weight)=(0, -6.00929784774780273438e+00) (1, 9.17637407779693603516e-01) (0, -6.75457906723022460938e+00) (1, 2.15722039341926574707e-01) (0, -4.59045267105102539062e+00) (1, 5.97552299499511718750e-01) (0, -6.00698900222778320312e+00) (1, 2.47845977544784545898e-01) (2, 3.27405005693435668945e-01) (3, -1.57688987255096435547e+00) (4, 1.76387846469879150391e-01) (5, -1.69543015956878662109e+00) (6, 5.73434531688690185547e-01) (2, 2.90930318832397460938e+00) (3, 1.36346399784088134766e+00) (4, -4.31350231170654296875e-01) (5, 1.48646154403686523438e+01) (6, -4.57648611068725585938e+00) (2, -4.70291852951049804688e+00) (3, -4.53450441360473632812e+00) (4, 1.38617444038391113281e+00) (5, -9.76902663707733154297e-01) (6, 4.77161455154418945312e+00) (2, -3.75848150253295898438e+00) (3, -6.86075925827026367188e-01) (4, -2.09127974510192871094e+00) (5, -7.99325883388519287109e-01) (6, 2.77555018663406372070e-01) (7, -3.00832569599151611328e-01) (8, 1.14361774921417236328e+00) (9, -3.74353647232055664062e+00) (10, 9.83822250366210937500e+00) (11, 2.85914950072765350342e-02) (7, 8.61764371395111083984e-01) (8, 1.74390804767608642578e+00) (9, -1.29558360576629638672e+00) (10, -5.49465036392211914062e+00) (11, 5.13009846210479736328e-01) 
