FANN_FLO_2.1
num_layers=3
learning_rate=0.400000
connection_rate=1.000000
network_type=0
learning_momentum=0.000000
training_algorithm=2
train_error_function=1
train_stop_function=0
cascade_output_change_fraction=0.010000
quickprop_decay=-0.000100
quickprop_mu=1.750000
rprop_increase_factor=1.200000
rprop_decrease_factor=0.500000
rprop_delta_min=0.000000
rprop_delta_max=50.000000
rprop_delta_zero=0.100000
cascade_output_stagnation_epochs=12
cascade_candidate_change_fraction=0.010000
cascade_candidate_stagnation_epochs=12
cascade_max_out_epochs=150
cascade_min_out_epochs=50
cascade_max_cand_epochs=150
cascade_min_cand_epochs=50
cascade_num_candidate_groups=2
bit_fail_limit=3.49999994039535522461e-01
cascade_candidate_limit=1.00000000000000000000e+03
cascade_weight_multiplier=4.00000005960464477539e-01
cascade_activation_functions_count=10
cascade_activation_functions=3 5 7 8 10 11 14 15 16 17 
cascade_activation_steepnesses_count=4
cascade_activation_steepnesses=2.50000000000000000000e-01 5.00000000000000000000e-01 7.50000000000000000000e-01 1.00000000000000000000e+00 
layer_sizes=7 9 2 
scale_included=0
neurons (num_inputs, activation_function, activation_steepness)=(0, 0, 0.00000000000000000000e+00) (0, 0, 0.00000000000000000000e+00) (0, 0, 0.00000000000000000000e+00) (0, 0, 0.00000000000000000000e+00) (0, 0, 0.00000000000000000000e+00) (0, 0, 0.00000000000000000000e+00) (0, 0, 0.00000000000000000000e+00) (7, 3, 5.00000000000000000000e-01) (7, 3, 5.00000000000000000000e-01) (7, 3, 5.00000000000000000000e-01) (7, 3, 5.00000000000000000000e-01) (7, 3, 5.00000000000000000000e-01) (7, 3, 5.00000000000000000000e-01) (7, 3, 5.00000000000000000000e-01) (7, 3, 5.00000000000000000000e-01) (0, 3, 0.00000000000000000000e+00) (9, 3, 5.00000000000000000000e-01) (0, 3, 0.00000000000000000000e+00) 
connections (connected_to_neuron, weight)=(0, -6.10482573509216308594e-01) (1, -4.72260522842407226562e+00) (2, -4.84305477142333984375e+00) (3, -2.21934437751770019531e+00) (4, 3.86562824249267578125e+00) (5, 9.46120071411132812500e+00) (6, -3.69977879524230957031e+00) (0, -5.20854139328002929688e+00) (1, -3.32605886459350585938e+00) (2, 1.90294921398162841797e-01) (3, 4.35875511169433593750e+00) (4, 2.57251930236816406250e+00) (5, -8.78756716847419738770e-02) (6, -4.06857442855834960938e+00) (0, -7.11614274978637695312e+00) (1, -3.70335602760314941406e+00) (2, -1.32662332057952880859e+00) (3, 2.47314262390136718750e+00) (4, 3.82429647445678710938e+00) (5, -2.03489208221435546875e+00) (6, -3.29187798500061035156e+00) (0, -2.76252818107604980469e+00) (1, -4.92811632156372070312e+00) (2, -4.91752290725708007812e+00) (3, 5.08814764022827148438e+00) (4, 1.70634341239929199219e+00) (5, 1.04846857488155364990e-01) (6, -3.21274876594543457031e+00) (0, -2.23787140846252441406e+00) (1, -4.89809274673461914062e+00) (2, -3.47691893577575683594e+00) (3, 2.76664257049560546875e+00) (4, -2.11465668678283691406e+00) (5, 9.68467521667480468750e+00) (6, -1.45393896102905273438e+00) (0, -4.16607666015625000000e+00) (1, -4.94014072418212890625e+00) (2, -1.03351402282714843750e+00) (3, -2.13502836227416992188e+00) (4, 5.10892033576965332031e-01) (5, 6.25420665740966796875e+00) (6, -4.55435228347778320312e+00) (0, -4.82105493545532226562e+00) (1, -1.65541350841522216797e+00) (2, 3.90123152732849121094e+00) (3, 1.08409776687622070312e+01) (4, -6.81069087982177734375e+00) (5, -2.24369764328002929688e+00) (6, -1.40024292469024658203e+00) (0, -2.07278537750244140625e+00) (1, -1.82371830940246582031e+00) (2, 3.86891674995422363281e+00) (3, 4.69099187850952148438e+00) (4, 5.93444490432739257812e+00) (5, -1.30901603698730468750e+01) (6, -9.66879904270172119141e-01) (7, 1.50504851341247558594e+00) (8, 8.79215300083160400391e-01) (9, 7.16795146465301513672e-01) (10, 1.67258620262145996094e+00) (11, 1.32582747936248779297e+00) (12, 5.43478822708129882812e+00) (13, 1.28161323070526123047e+00) (14, 2.58901238441467285156e+00) (15, -2.70638942718505859375e+00) 
