FANN_FLO_2.1
num_layers=3
learning_rate=0.400000
connection_rate=1.000000
network_type=0
learning_momentum=0.000000
training_algorithm=2
train_error_function=1
train_stop_function=0
cascade_output_change_fraction=0.010000
quickprop_decay=-0.000100
quickprop_mu=1.750000
rprop_increase_factor=1.200000
rprop_decrease_factor=0.500000
rprop_delta_min=0.000000
rprop_delta_max=50.000000
rprop_delta_zero=0.100000
cascade_output_stagnation_epochs=12
cascade_candidate_change_fraction=0.010000
cascade_candidate_stagnation_epochs=12
cascade_max_out_epochs=150
cascade_min_out_epochs=50
cascade_max_cand_epochs=150
cascade_min_cand_epochs=50
cascade_num_candidate_groups=2
bit_fail_limit=3.49999994039535522461e-01
cascade_candidate_limit=1.00000000000000000000e+03
cascade_weight_multiplier=4.00000005960464477539e-01
cascade_activation_functions_count=10
cascade_activation_functions=3 5 7 8 10 11 14 15 16 17 
cascade_activation_steepnesses_count=4
cascade_activation_steepnesses=2.50000000000000000000e-01 5.00000000000000000000e-01 7.50000000000000000000e-01 1.00000000000000000000e+00 
layer_sizes=19 3 3 
scale_included=0
neurons (num_inputs, activation_function, activation_steepness)=(0, 0, 0.00000000000000000000e+00) (0, 0, 0.00000000000000000000e+00) (0, 0, 0.00000000000000000000e+00) (0, 0, 0.00000000000000000000e+00) (0, 0, 0.00000000000000000000e+00) (0, 0, 0.00000000000000000000e+00) (0, 0, 0.00000000000000000000e+00) (0, 0, 0.00000000000000000000e+00) (0, 0, 0.00000000000000000000e+00) (0, 0, 0.00000000000000000000e+00) (0, 0, 0.00000000000000000000e+00) (0, 0, 0.00000000000000000000e+00) (0, 0, 0.00000000000000000000e+00) (0, 0, 0.00000000000000000000e+00) (0, 0, 0.00000000000000000000e+00) (0, 0, 0.00000000000000000000e+00) (0, 0, 0.00000000000000000000e+00) (0, 0, 0.00000000000000000000e+00) (0, 0, 0.00000000000000000000e+00) (19, 3, 5.00000000000000000000e-01) (19, 3, 5.00000000000000000000e-01) (0, 3, 0.00000000000000000000e+00) (3, 3, 5.00000000000000000000e-01) (3, 3, 5.00000000000000000000e-01) (0, 3, 0.00000000000000000000e+00) 
connections (connected_to_neuron, weight)=(0, 1.36155376434326171875e+01) (1, -7.76018190383911132812e+00) (2, -2.83057689666748046875e-01) (3, 8.76060771942138671875e+00) (4, -5.86077594757080078125e+00) (5, 4.03880453109741210938e+00) (6, 1.20628185272216796875e+01) (7, -9.01973438262939453125e+00) (8, 3.01511216163635253906e+00) (9, -1.10889930725097656250e+01) (10, 9.43976497650146484375e+00) (11, -3.73471951484680175781e+00) (12, -1.79544696807861328125e+01) (13, 2.92517685890197753906e+00) (14, -4.78376090526580810547e-01) (15, -1.61997909545898437500e+01) (16, 3.03789854049682617188e-01) (17, 1.12595891952514648438e+00) (18, 2.63542938232421875000e+00) (0, -3.99926805496215820312e+00) (1, 1.18829286098480224609e+00) (2, 2.97762695699930191040e-02) (3, -3.30056238174438476562e+00) (4, 6.81067407131195068359e-01) (5, -1.86844694614410400391e+00) (6, -3.21468424797058105469e+00) (7, 7.32910931110382080078e-01) (8, 6.37661218643188476562e-01) (9, 2.08295631408691406250e+00) (10, -1.49276947975158691406e+00) (11, -9.32321548461914062500e-01) (12, 3.67867112159729003906e+00) (13, -5.94120085239410400391e-01) (14, -1.26135438680648803711e-01) (15, 2.09885501861572265625e+00) (16, -1.14095711708068847656e+00) (17, -3.09098213911056518555e-01) (18, 8.62666785717010498047e-01) (19, -1.14706385135650634766e+00) (20, -1.64209198951721191406e+00) (21, 2.88860648870468139648e-01) (19, 1.14761352539062500000e+00) (20, 1.64285194873809814453e+00) (21, -2.89085537195205688477e-01) 
