FANN_FLO_2.1
num_layers=4
learning_rate=0.500000
connection_rate=1.000000
network_type=0
learning_momentum=0.000000
training_algorithm=2
train_error_function=1
train_stop_function=0
cascade_output_change_fraction=0.010000
quickprop_decay=-0.000100
quickprop_mu=1.750000
rprop_increase_factor=1.200000
rprop_decrease_factor=0.500000
rprop_delta_min=0.000000
rprop_delta_max=50.000000
rprop_delta_zero=0.100000
cascade_output_stagnation_epochs=12
cascade_candidate_change_fraction=0.010000
cascade_candidate_stagnation_epochs=12
cascade_max_out_epochs=150
cascade_min_out_epochs=50
cascade_max_cand_epochs=150
cascade_min_cand_epochs=50
cascade_num_candidate_groups=2
bit_fail_limit=3.49999994039535522461e-01
cascade_candidate_limit=1.00000000000000000000e+03
cascade_weight_multiplier=4.00000005960464477539e-01
cascade_activation_functions_count=10
cascade_activation_functions=3 5 7 8 10 11 14 15 16 17 
cascade_activation_steepnesses_count=4
cascade_activation_steepnesses=2.50000000000000000000e-01 5.00000000000000000000e-01 7.50000000000000000000e-01 1.00000000000000000000e+00 
layer_sizes=10 3 3 2 
scale_included=0
neurons (num_inputs, activation_function, activation_steepness)=(0, 0, 0.00000000000000000000e+00) (0, 0, 0.00000000000000000000e+00) (0, 0, 0.00000000000000000000e+00) (0, 0, 0.00000000000000000000e+00) (0, 0, 0.00000000000000000000e+00) (0, 0, 0.00000000000000000000e+00) (0, 0, 0.00000000000000000000e+00) (0, 0, 0.00000000000000000000e+00) (0, 0, 0.00000000000000000000e+00) (0, 0, 0.00000000000000000000e+00) (10, 3, 5.00000000000000000000e-01) (10, 3, 5.00000000000000000000e-01) (0, 3, 0.00000000000000000000e+00) (3, 3, 5.00000000000000000000e-01) (3, 3, 5.00000000000000000000e-01) (0, 3, 0.00000000000000000000e+00) (3, 3, 5.00000000000000000000e-01) (0, 3, 0.00000000000000000000e+00) 
connections (connected_to_neuron, weight)=(0, -1.02060943603515625000e+02) (1, -9.35078979492187500000e+02) (2, -7.71908386230468750000e+02) (3, 9.14734375000000000000e+02) (4, -2.09194442749023437500e+02) (5, -2.02482662200927734375e+01) (6, 1.50000000000000000000e+03) (7, 4.68317565917968750000e+02) (8, -1.94279312133789062500e+02) (9, -6.55462741851806640625e-01) (0, 1.55339372158050537109e+00) (1, 1.28779954910278320312e+01) (2, -2.44928379058837890625e+01) (3, -2.47846364974975585938e+00) (4, 3.18398094177246093750e+00) (5, 5.41093826293945312500e+00) (6, 2.72608642578125000000e+01) (7, -9.12152957916259765625e+00) (8, -2.40038967132568359375e+01) (9, 1.98129308223724365234e+00) (10, -1.02192527770996093750e+02) (11, 1.50000000000000000000e+03) (12, 2.83633160591125488281e+00) (10, -1.02738220214843750000e+02) (11, 1.50000000000000000000e+03) (12, 2.42195892333984375000e+00) (13, 1.43663346767425537109e+00) (14, 1.13903439044952392578e+00) (15, -1.73522329330444335938e+00) 
