FANN_FLO_2.1
num_layers=4
learning_rate=0.500000
connection_rate=1.000000
network_type=0
learning_momentum=0.000000
training_algorithm=2
train_error_function=1
train_stop_function=0
cascade_output_change_fraction=0.010000
quickprop_decay=-0.000100
quickprop_mu=1.750000
rprop_increase_factor=1.200000
rprop_decrease_factor=0.500000
rprop_delta_min=0.000000
rprop_delta_max=50.000000
rprop_delta_zero=0.100000
cascade_output_stagnation_epochs=12
cascade_candidate_change_fraction=0.010000
cascade_candidate_stagnation_epochs=12
cascade_max_out_epochs=150
cascade_min_out_epochs=50
cascade_max_cand_epochs=150
cascade_min_cand_epochs=50
cascade_num_candidate_groups=2
bit_fail_limit=3.49999994039535522461e-01
cascade_candidate_limit=1.00000000000000000000e+03
cascade_weight_multiplier=4.00000005960464477539e-01
cascade_activation_functions_count=10
cascade_activation_functions=3 5 7 8 10 11 14 15 16 17 
cascade_activation_steepnesses_count=4
cascade_activation_steepnesses=2.50000000000000000000e-01 5.00000000000000000000e-01 7.50000000000000000000e-01 1.00000000000000000000e+00 
layer_sizes=10 3 3 2 
scale_included=0
neurons (num_inputs, activation_function, activation_steepness)=(0, 0, 0.00000000000000000000e+00) (0, 0, 0.00000000000000000000e+00) (0, 0, 0.00000000000000000000e+00) (0, 0, 0.00000000000000000000e+00) (0, 0, 0.00000000000000000000e+00) (0, 0, 0.00000000000000000000e+00) (0, 0, 0.00000000000000000000e+00) (0, 0, 0.00000000000000000000e+00) (0, 0, 0.00000000000000000000e+00) (0, 0, 0.00000000000000000000e+00) (10, 3, 5.00000000000000000000e-01) (10, 3, 5.00000000000000000000e-01) (0, 3, 0.00000000000000000000e+00) (3, 3, 5.00000000000000000000e-01) (3, 3, 5.00000000000000000000e-01) (0, 3, 0.00000000000000000000e+00) (3, 3, 5.00000000000000000000e-01) (0, 3, 0.00000000000000000000e+00) 
connections (connected_to_neuron, weight)=(0, -4.45602625608444213867e-01) (1, -2.57923293113708496094e+00) (2, -2.10790705680847167969e+00) (3, -2.52898763865232467651e-02) (4, 2.75936985015869140625e+00) (5, 1.19166660308837890625e+00) (6, -9.22073900699615478516e-01) (7, -1.16460680961608886719e+00) (8, -2.20815372467041015625e+01) (9, 1.06632871627807617188e+01) (0, 5.47412061691284179688e+00) (1, 7.60346460342407226562e+00) (2, 1.36752662658691406250e+01) (3, 4.74361985921859741211e-01) (4, -1.25094389915466308594e+00) (5, 2.23054623603820800781e+00) (6, 6.56637716293334960938e+00) (7, -1.36700563430786132812e+01) (8, -3.75306663513183593750e+01) (9, 4.15425794199109077454e-03) (10, -6.38642158508300781250e+01) (11, 6.17301445007324218750e+01) (12, 9.33861923217773437500e+00) (10, -3.26807670593261718750e+01) (11, 3.26477241516113281250e+01) (12, 5.52001619338989257812e+00) (13, 1.18890821933746337891e+00) (14, 8.66376161575317382812e-01) (15, -1.17014396190643310547e+00) 
