FANN_FLO_2.1
num_layers=4
learning_rate=0.500000
connection_rate=1.000000
network_type=0
learning_momentum=0.000000
training_algorithm=2
train_error_function=1
train_stop_function=0
cascade_output_change_fraction=0.010000
quickprop_decay=-0.000100
quickprop_mu=1.750000
rprop_increase_factor=1.200000
rprop_decrease_factor=0.500000
rprop_delta_min=0.000000
rprop_delta_max=50.000000
rprop_delta_zero=0.100000
cascade_output_stagnation_epochs=12
cascade_candidate_change_fraction=0.010000
cascade_candidate_stagnation_epochs=12
cascade_max_out_epochs=150
cascade_min_out_epochs=50
cascade_max_cand_epochs=150
cascade_min_cand_epochs=50
cascade_num_candidate_groups=2
bit_fail_limit=3.49999994039535522461e-01
cascade_candidate_limit=1.00000000000000000000e+03
cascade_weight_multiplier=4.00000005960464477539e-01
cascade_activation_functions_count=10
cascade_activation_functions=3 5 7 8 10 11 14 15 16 17 
cascade_activation_steepnesses_count=4
cascade_activation_steepnesses=2.50000000000000000000e-01 5.00000000000000000000e-01 7.50000000000000000000e-01 1.00000000000000000000e+00 
layer_sizes=10 5 3 2 
scale_included=0
neurons (num_inputs, activation_function, activation_steepness)=(0, 0, 0.00000000000000000000e+00) (0, 0, 0.00000000000000000000e+00) (0, 0, 0.00000000000000000000e+00) (0, 0, 0.00000000000000000000e+00) (0, 0, 0.00000000000000000000e+00) (0, 0, 0.00000000000000000000e+00) (0, 0, 0.00000000000000000000e+00) (0, 0, 0.00000000000000000000e+00) (0, 0, 0.00000000000000000000e+00) (0, 0, 0.00000000000000000000e+00) (10, 3, 5.00000000000000000000e-01) (10, 3, 5.00000000000000000000e-01) (10, 3, 5.00000000000000000000e-01) (10, 3, 5.00000000000000000000e-01) (0, 3, 0.00000000000000000000e+00) (5, 3, 5.00000000000000000000e-01) (5, 3, 5.00000000000000000000e-01) (0, 3, 0.00000000000000000000e+00) (3, 3, 5.00000000000000000000e-01) (0, 3, 0.00000000000000000000e+00) 
connections (connected_to_neuron, weight)=(0, -5.50651133060455322266e-01) (1, 2.22471404075622558594e+00) (2, 6.66013807058334350586e-02) (3, -1.29197585582733154297e+00) (4, 1.39553761482238769531e+00) (5, -5.44920898973941802979e-02) (6, -9.54897689819335937500e+00) (7, -1.03603780269622802734e+00) (8, 8.56140017509460449219e-01) (9, 3.06744074821472167969e+00) (0, -1.96925982832908630371e-01) (1, -4.44342756271362304688e+00) (2, -2.18594312667846679688e+00) (3, -2.29276567697525024414e-01) (4, 8.56961727142333984375e-01) (5, -1.99646329879760742188e+00) (6, 4.65118139982223510742e-01) (7, 2.51742660999298095703e-01) (8, 7.12622284889221191406e-01) (9, 6.54407858848571777344e-01) (0, -4.35731410980224609375e+00) (1, 1.34006440639495849609e+00) (2, 2.61538457870483398438e+00) (3, -2.31103014945983886719e+00) (4, 1.74197089672088623047e+00) (5, 2.23610115051269531250e+00) (6, -1.50406332015991210938e+01) (7, -1.32809555530548095703e+00) (8, 1.95291280746459960938e+00) (9, 2.03042888641357421875e+00) (0, -2.81308412551879882812e-01) (1, -2.40281558036804199219e+00) (2, -2.11253166198730468750e+00) (3, -6.32636368274688720703e-01) (4, 5.90173065662384033203e-01) (5, -2.20371246337890625000e+00) (6, -2.24632069468498229980e-01) (7, -2.53735661506652832031e-01) (8, 4.03288811445236206055e-01) (9, 6.85660600662231445312e-01) (10, 1.89259433746337890625e+01) (11, 2.12092933654785156250e+01) (12, -1.04931745529174804688e+01) (13, 1.87785453796386718750e+01) (14, -6.25973272323608398438e+00) (10, -1.21049041748046875000e+01) (11, -1.18324441909790039062e+01) (12, 8.46676063537597656250e+00) (13, -1.34038507938385009766e+00) (14, 7.76512289047241210938e+00) (15, 3.28920221328735351562e+00) (16, 2.75984257459640502930e-01) (17, -2.63145470619201660156e+00) 
