FANN_FLO_2.1
num_layers=3
learning_rate=0.500000
connection_rate=1.000000
network_type=0
learning_momentum=0.000000
training_algorithm=2
train_error_function=1
train_stop_function=0
cascade_output_change_fraction=0.010000
quickprop_decay=-0.000100
quickprop_mu=1.750000
rprop_increase_factor=1.200000
rprop_decrease_factor=0.500000
rprop_delta_min=0.000000
rprop_delta_max=50.000000
rprop_delta_zero=0.100000
cascade_output_stagnation_epochs=12
cascade_candidate_change_fraction=0.010000
cascade_candidate_stagnation_epochs=12
cascade_max_out_epochs=150
cascade_min_out_epochs=50
cascade_max_cand_epochs=150
cascade_min_cand_epochs=50
cascade_num_candidate_groups=2
bit_fail_limit=3.49999994039535522461e-01
cascade_candidate_limit=1.00000000000000000000e+03
cascade_weight_multiplier=4.00000005960464477539e-01
cascade_activation_functions_count=10
cascade_activation_functions=3 5 7 8 10 11 14 15 16 17 
cascade_activation_steepnesses_count=4
cascade_activation_steepnesses=2.50000000000000000000e-01 5.00000000000000000000e-01 7.50000000000000000000e-01 1.00000000000000000000e+00 
layer_sizes=10 5 2 
scale_included=0
neurons (num_inputs, activation_function, activation_steepness)=(0, 0, 0.00000000000000000000e+00) (0, 0, 0.00000000000000000000e+00) (0, 0, 0.00000000000000000000e+00) (0, 0, 0.00000000000000000000e+00) (0, 0, 0.00000000000000000000e+00) (0, 0, 0.00000000000000000000e+00) (0, 0, 0.00000000000000000000e+00) (0, 0, 0.00000000000000000000e+00) (0, 0, 0.00000000000000000000e+00) (0, 0, 0.00000000000000000000e+00) (10, 3, 5.00000000000000000000e-01) (10, 3, 5.00000000000000000000e-01) (10, 3, 5.00000000000000000000e-01) (10, 3, 5.00000000000000000000e-01) (0, 3, 0.00000000000000000000e+00) (5, 3, 5.00000000000000000000e-01) (0, 3, 0.00000000000000000000e+00) 
connections (connected_to_neuron, weight)=(0, 5.25779647827148437500e+01) (1, 6.38832283020019531250e+01) (2, 1.26639915466308593750e+02) (3, -3.39727745056152343750e+01) (4, 8.78721809387207031250e+00) (5, 3.82302427291870117188e+00) (6, -3.21553840637207031250e+01) (7, -1.50693618774414062500e+02) (8, -7.62666854858398437500e+01) (9, 1.64343583583831787109e+00) (0, -1.48305944824218750000e+03) (1, 2.60916473388671875000e+02) (2, -1.47500000000000000000e+03) (3, -1.50000000000000000000e+03) (4, -1.50000000000000000000e+03) (5, -1.45633032226562500000e+03) (6, -1.50000000000000000000e+03) (7, -1.50000000000000000000e+03) (8, -1.50000000000000000000e+03) (9, -7.97270461916923522949e-02) (0, -1.48305944824218750000e+03) (1, -2.26153450012207031250e+01) (2, 3.96903381347656250000e+01) (3, -1.50000000000000000000e+03) (4, 1.26428294181823730469e+00) (5, 5.61902952194213867188e+00) (6, -1.50000000000000000000e+03) (7, -2.95607891082763671875e+01) (8, 9.59713459014892578125e-01) (9, 2.83536881208419799805e-01) (0, -5.31281250000000000000e+02) (1, 4.99650764465332031250e+01) (2, -1.47500000000000000000e+03) (3, -9.03334045410156250000e+00) (4, 4.71096181869506835938e+00) (5, 5.10019397735595703125e+00) (6, -1.24818372726440429688e+01) (7, -2.66971015930175781250e+01) (8, -3.60828094482421875000e+02) (9, 2.47094375610351562500e+02) (10, 1.76454555988311767578e+00) (11, 1.50000000000000000000e+03) (12, 3.79579722881317138672e-01) (13, 1.98625063896179199219e+00) (14, -1.10438239574432373047e+00) 
