FANN_FLO_2.1
num_layers=3
learning_rate=0.500000
connection_rate=1.000000
network_type=0
learning_momentum=0.000000
training_algorithm=2
train_error_function=1
train_stop_function=0
cascade_output_change_fraction=0.010000
quickprop_decay=-0.000100
quickprop_mu=1.750000
rprop_increase_factor=1.200000
rprop_decrease_factor=0.500000
rprop_delta_min=0.000000
rprop_delta_max=50.000000
rprop_delta_zero=0.100000
cascade_output_stagnation_epochs=12
cascade_candidate_change_fraction=0.010000
cascade_candidate_stagnation_epochs=12
cascade_max_out_epochs=150
cascade_min_out_epochs=50
cascade_max_cand_epochs=150
cascade_min_cand_epochs=50
cascade_num_candidate_groups=2
bit_fail_limit=3.49999994039535522461e-01
cascade_candidate_limit=1.00000000000000000000e+03
cascade_weight_multiplier=4.00000005960464477539e-01
cascade_activation_functions_count=10
cascade_activation_functions=3 5 7 8 10 11 14 15 16 17 
cascade_activation_steepnesses_count=4
cascade_activation_steepnesses=2.50000000000000000000e-01 5.00000000000000000000e-01 7.50000000000000000000e-01 1.00000000000000000000e+00 
layer_sizes=10 5 2 
scale_included=0
neurons (num_inputs, activation_function, activation_steepness)=(0, 0, 0.00000000000000000000e+00) (0, 0, 0.00000000000000000000e+00) (0, 0, 0.00000000000000000000e+00) (0, 0, 0.00000000000000000000e+00) (0, 0, 0.00000000000000000000e+00) (0, 0, 0.00000000000000000000e+00) (0, 0, 0.00000000000000000000e+00) (0, 0, 0.00000000000000000000e+00) (0, 0, 0.00000000000000000000e+00) (0, 0, 0.00000000000000000000e+00) (10, 3, 5.00000000000000000000e-01) (10, 3, 5.00000000000000000000e-01) (10, 3, 5.00000000000000000000e-01) (10, 3, 5.00000000000000000000e-01) (0, 3, 0.00000000000000000000e+00) (5, 3, 5.00000000000000000000e-01) (0, 3, 0.00000000000000000000e+00) 
connections (connected_to_neuron, weight)=(0, 8.59863281250000000000e+00) (1, -1.65519368648529052734e+00) (2, 9.99392890930175781250e+00) (3, 3.34488601684570312500e+01) (4, 5.51951587200164794922e-01) (5, -8.72231066226959228516e-01) (6, -2.57772636413574218750e+01) (7, 1.72341501712799072266e+00) (8, -3.80823364257812500000e+01) (9, -1.01990059018135070801e-01) (0, 1.64363765716552734375e+01) (1, -2.05213117599487304688e+00) (2, 4.74292421340942382812e+00) (3, 9.03813838958740234375e+00) (4, 1.53739619255065917969e+00) (5, 1.62947916984558105469e+00) (6, -2.26419401168823242188e+00) (7, -6.95125818252563476562e-01) (8, -3.52520866394042968750e+01) (9, -1.67862281203269958496e-01) (0, 5.81211566925048828125e+00) (1, 3.66050690412521362305e-01) (2, 8.50576686859130859375e+00) (3, 2.24018611907958984375e+01) (4, 6.14740192890167236328e-01) (5, 2.85661292076110839844e+00) (6, -1.71194229125976562500e+01) (7, 1.85731196403503417969e+00) (8, -3.35513153076171875000e+01) (9, -9.31405723094940185547e-02) (0, -1.06716527938842773438e+01) (1, -6.90569067001342773438e+00) (2, -1.29021644592285156250e+01) (3, -1.25732278823852539062e+01) (4, 2.76916146278381347656e-01) (5, -7.70773696899414062500e+00) (6, -1.72481656074523925781e+00) (7, 7.47443389892578125000e+00) (8, 3.84525756835937500000e+01) (9, -9.78432774543762207031e-01) (10, 6.83813214302062988281e-01) (11, 1.35819351673126220703e+00) (12, 6.04980409145355224609e-01) (13, 2.64637160301208496094e+00) (14, -1.77046906948089599609e+00) 
