FANN_FLO_2.1
num_layers=3
learning_rate=0.400000
connection_rate=1.000000
network_type=0
learning_momentum=0.000000
training_algorithm=2
train_error_function=1
train_stop_function=0
cascade_output_change_fraction=0.010000
quickprop_decay=-0.000100
quickprop_mu=1.750000
rprop_increase_factor=1.200000
rprop_decrease_factor=0.500000
rprop_delta_min=0.000000
rprop_delta_max=50.000000
rprop_delta_zero=0.100000
cascade_output_stagnation_epochs=12
cascade_candidate_change_fraction=0.010000
cascade_candidate_stagnation_epochs=12
cascade_max_out_epochs=150
cascade_min_out_epochs=50
cascade_max_cand_epochs=150
cascade_min_cand_epochs=50
cascade_num_candidate_groups=2
bit_fail_limit=3.49999994039535522461e-01
cascade_candidate_limit=1.00000000000000000000e+03
cascade_weight_multiplier=4.00000005960464477539e-01
cascade_activation_functions_count=10
cascade_activation_functions=3 5 7 8 10 11 14 15 16 17 
cascade_activation_steepnesses_count=4
cascade_activation_steepnesses=2.50000000000000000000e-01 5.00000000000000000000e-01 7.50000000000000000000e-01 1.00000000000000000000e+00 
layer_sizes=7 5 2 
scale_included=0
neurons (num_inputs, activation_function, activation_steepness)=(0, 0, 0.00000000000000000000e+00) (0, 0, 0.00000000000000000000e+00) (0, 0, 0.00000000000000000000e+00) (0, 0, 0.00000000000000000000e+00) (0, 0, 0.00000000000000000000e+00) (0, 0, 0.00000000000000000000e+00) (0, 0, 0.00000000000000000000e+00) (7, 3, 5.00000000000000000000e-01) (7, 3, 5.00000000000000000000e-01) (7, 3, 5.00000000000000000000e-01) (7, 3, 5.00000000000000000000e-01) (0, 3, 0.00000000000000000000e+00) (5, 3, 5.00000000000000000000e-01) (0, 3, 0.00000000000000000000e+00) 
connections (connected_to_neuron, weight)=(0, -4.36975288391113281250e+00) (1, -3.23476624488830566406e+00) (2, -1.81836521625518798828e+00) (3, 5.45662581920623779297e-01) (4, 3.99866318702697753906e+00) (5, 6.30966603755950927734e-01) (6, -1.84286594390869140625e+00) (0, 3.75962281227111816406e+00) (1, -1.41584718227386474609e+00) (2, 1.84860587120056152344e+00) (3, -2.59577536582946777344e+00) (4, 6.36130523681640625000e+00) (5, -9.38103485107421875000e+00) (6, -3.12931585311889648438e+00) (0, 2.95139741897583007812e+00) (1, -2.08148002624511718750e+00) (2, -2.57559514045715332031e+00) (3, 2.65809535980224609375e+00) (4, -5.26708722114562988281e-01) (5, 6.86499643325805664062e+00) (6, -4.90446186065673828125e+00) (0, -4.43555307388305664062e+00) (1, -3.41560316085815429688e+00) (2, 2.73233175277709960938e-01) (3, 2.01852655410766601562e+00) (4, 1.99240088462829589844e+00) (5, 9.81507122516632080078e-01) (6, -1.71024990081787109375e+00) (7, 2.21270012855529785156e+00) (8, 3.70155668258666992188e+00) (9, 2.91947579383850097656e+00) (10, 3.40699100494384765625e+00) (11, -2.84043955802917480469e+00) 
