FANN_FLO_2.1
num_layers=3
learning_rate=0.500000
connection_rate=1.000000
network_type=0
learning_momentum=0.000000
training_algorithm=2
train_error_function=1
train_stop_function=0
cascade_output_change_fraction=0.010000
quickprop_decay=-0.000100
quickprop_mu=1.750000
rprop_increase_factor=1.200000
rprop_decrease_factor=0.500000
rprop_delta_min=0.000000
rprop_delta_max=50.000000
rprop_delta_zero=0.100000
cascade_output_stagnation_epochs=12
cascade_candidate_change_fraction=0.010000
cascade_candidate_stagnation_epochs=12
cascade_max_out_epochs=150
cascade_min_out_epochs=50
cascade_max_cand_epochs=150
cascade_min_cand_epochs=50
cascade_num_candidate_groups=2
bit_fail_limit=3.49999994039535522461e-01
cascade_candidate_limit=1.00000000000000000000e+03
cascade_weight_multiplier=4.00000005960464477539e-01
cascade_activation_functions_count=10
cascade_activation_functions=3 5 7 8 10 11 14 15 16 17 
cascade_activation_steepnesses_count=4
cascade_activation_steepnesses=2.50000000000000000000e-01 5.00000000000000000000e-01 7.50000000000000000000e-01 1.00000000000000000000e+00 
layer_sizes=10 3 2 
scale_included=0
neurons (num_inputs, activation_function, activation_steepness)=(0, 0, 0.00000000000000000000e+00) (0, 0, 0.00000000000000000000e+00) (0, 0, 0.00000000000000000000e+00) (0, 0, 0.00000000000000000000e+00) (0, 0, 0.00000000000000000000e+00) (0, 0, 0.00000000000000000000e+00) (0, 0, 0.00000000000000000000e+00) (0, 0, 0.00000000000000000000e+00) (0, 0, 0.00000000000000000000e+00) (0, 0, 0.00000000000000000000e+00) (10, 3, 5.00000000000000000000e-01) (10, 3, 5.00000000000000000000e-01) (0, 3, 0.00000000000000000000e+00) (3, 3, 5.00000000000000000000e-01) (0, 3, 0.00000000000000000000e+00) 
connections (connected_to_neuron, weight)=(0, -3.20182967185974121094e+00) (1, 6.83414745330810546875e+00) (2, 1.06059265136718750000e+00) (3, -3.50692272186279296875e+00) (4, 1.15803134441375732422e+00) (5, 6.67896127700805664062e+00) (6, -1.02074403762817382812e+01) (7, -1.09056062698364257812e+01) (8, 9.23777759075164794922e-01) (9, 3.83794164657592773438e+00) (0, 3.07101464271545410156e+00) (1, 2.68189964294433593750e+01) (2, -4.53483001708984375000e+02) (3, 1.68936042785644531250e+01) (4, 1.06207919120788574219e+00) (5, -2.71247953176498413086e-01) (6, 3.34516204833984375000e+02) (7, 3.31307023763656616211e-01) (8, -1.48206543922424316406e+00) (9, 2.36497670412063598633e-01) (10, 4.11169290542602539062e+00) (11, 4.06689453125000000000e+00) (12, -3.21730279922485351562e+00) 
