FANN_FLO_2.1
num_layers=4
learning_rate=0.500000
connection_rate=1.000000
network_type=0
learning_momentum=0.000000
training_algorithm=2
train_error_function=1
train_stop_function=0
cascade_output_change_fraction=0.010000
quickprop_decay=-0.000100
quickprop_mu=1.750000
rprop_increase_factor=1.200000
rprop_decrease_factor=0.500000
rprop_delta_min=0.000000
rprop_delta_max=50.000000
rprop_delta_zero=0.100000
cascade_output_stagnation_epochs=12
cascade_candidate_change_fraction=0.010000
cascade_candidate_stagnation_epochs=12
cascade_max_out_epochs=150
cascade_min_out_epochs=50
cascade_max_cand_epochs=150
cascade_min_cand_epochs=50
cascade_num_candidate_groups=2
bit_fail_limit=3.49999994039535522461e-01
cascade_candidate_limit=1.00000000000000000000e+03
cascade_weight_multiplier=4.00000005960464477539e-01
cascade_activation_functions_count=10
cascade_activation_functions=3 5 7 8 10 11 14 15 16 17 
cascade_activation_steepnesses_count=4
cascade_activation_steepnesses=2.50000000000000000000e-01 5.00000000000000000000e-01 7.50000000000000000000e-01 1.00000000000000000000e+00 
layer_sizes=2 5 5 3 
scale_included=0
neurons (num_inputs, activation_function, activation_steepness)=(0, 0, 0.00000000000000000000e+00) (0, 0, 0.00000000000000000000e+00) (2, 3, 5.00000000000000000000e-01) (2, 3, 5.00000000000000000000e-01) (2, 3, 5.00000000000000000000e-01) (2, 3, 5.00000000000000000000e-01) (0, 3, 0.00000000000000000000e+00) (5, 3, 5.00000000000000000000e-01) (5, 3, 5.00000000000000000000e-01) (5, 3, 5.00000000000000000000e-01) (5, 3, 5.00000000000000000000e-01) (0, 3, 0.00000000000000000000e+00) (5, 0, 5.00000000000000000000e-01) (5, 0, 5.00000000000000000000e-01) (0, 0, 0.00000000000000000000e+00) 
connections (connected_to_neuron, weight)=(0, -1.01862087249755859375e+01) (1, 1.56310141086578369141e+00) (0, -6.98401021957397460938e+00) (1, 8.53392958641052246094e-01) (0, -1.07270021438598632812e+01) (1, 4.92625087499618530273e-01) (0, -3.47596478462219238281e+00) (1, 4.25265699625015258789e-01) (2, 2.63785052299499511719e+00) (3, 7.44474530220031738281e-01) (4, 1.45448417663574218750e+01) (5, -1.21311855316162109375e+00) (6, -2.64173841476440429688e+00) (2, -1.09473037719726562500e+00) (3, -5.08005380630493164062e+00) (4, -5.85923075675964355469e-01) (5, -1.01463139057159423828e+00) (6, 4.07455587387084960938e+00) (2, 4.14406061172485351562e+00) (3, 2.79380846023559570312e+00) (4, 4.05351104736328125000e+01) (5, -2.85319185256958007812e+00) (6, -2.29755115509033203125e+00) (2, -3.44741392135620117188e+00) (3, -1.18362407684326171875e+01) (4, 1.51728734970092773438e+01) (5, -2.34193825721740722656e+00) (6, 9.06923174858093261719e-01) (7, -1.14259190857410430908e-01) (8, -2.67464566230773925781e+00) (9, 2.69754141569137573242e-01) (10, 6.73310422897338867188e+00) (11, -2.59967148303985595703e-01) (7, 1.16004431247711181641e+00) (8, -1.89424002170562744141e+00) (9, 9.47000503540039062500e-01) (10, -2.29028606414794921875e+00) (11, 5.00684857368469238281e-01) 
