FANN_FLO_2.1
num_layers=3
learning_rate=0.500000
connection_rate=1.000000
network_type=0
learning_momentum=0.000000
training_algorithm=2
train_error_function=1
train_stop_function=0
cascade_output_change_fraction=0.010000
quickprop_decay=-0.000100
quickprop_mu=1.750000
rprop_increase_factor=1.200000
rprop_decrease_factor=0.500000
rprop_delta_min=0.000000
rprop_delta_max=50.000000
rprop_delta_zero=0.100000
cascade_output_stagnation_epochs=12
cascade_candidate_change_fraction=0.010000
cascade_candidate_stagnation_epochs=12
cascade_max_out_epochs=150
cascade_min_out_epochs=50
cascade_max_cand_epochs=150
cascade_min_cand_epochs=50
cascade_num_candidate_groups=2
bit_fail_limit=3.49999994039535522461e-01
cascade_candidate_limit=1.00000000000000000000e+03
cascade_weight_multiplier=4.00000005960464477539e-01
cascade_activation_functions_count=10
cascade_activation_functions=3 5 7 8 10 11 14 15 16 17 
cascade_activation_steepnesses_count=4
cascade_activation_steepnesses=2.50000000000000000000e-01 5.00000000000000000000e-01 7.50000000000000000000e-01 1.00000000000000000000e+00 
layer_sizes=10 5 2 
scale_included=0
neurons (num_inputs, activation_function, activation_steepness)=(0, 0, 0.00000000000000000000e+00) (0, 0, 0.00000000000000000000e+00) (0, 0, 0.00000000000000000000e+00) (0, 0, 0.00000000000000000000e+00) (0, 0, 0.00000000000000000000e+00) (0, 0, 0.00000000000000000000e+00) (0, 0, 0.00000000000000000000e+00) (0, 0, 0.00000000000000000000e+00) (0, 0, 0.00000000000000000000e+00) (0, 0, 0.00000000000000000000e+00) (10, 3, 5.00000000000000000000e-01) (10, 3, 5.00000000000000000000e-01) (10, 3, 5.00000000000000000000e-01) (10, 3, 5.00000000000000000000e-01) (0, 3, 0.00000000000000000000e+00) (5, 3, 5.00000000000000000000e-01) (0, 3, 0.00000000000000000000e+00) 
connections (connected_to_neuron, weight)=(0, 1.45773500204086303711e-01) (1, 1.27670753002166748047e+00) (2, -1.34028208255767822266e+00) (3, -3.99970710277557373047e-02) (4, -1.09513604640960693359e+00) (5, 2.31123089790344238281e-01) (6, -8.57983082532882690430e-02) (7, -1.23844299316406250000e+01) (8, -2.17841124534606933594e+00) (9, 8.20357227325439453125e+00) (0, -6.08143061399459838867e-02) (1, 6.60184860229492187500e+00) (2, -4.16561698913574218750e+00) (3, 8.68610084056854248047e-01) (4, 6.16108131408691406250e+00) (5, 9.97438430786132812500e-01) (6, 1.05922012329101562500e+01) (7, -1.84733085632324218750e+01) (8, -8.55696678161621093750e+00) (9, 1.09617817401885986328e+00) (0, 7.35543310642242431641e-01) (1, -1.18748903274536132812e+01) (2, -1.50000000000000000000e+03) (3, 3.80499511957168579102e-01) (4, 3.03260236978530883789e-01) (5, -2.01083350181579589844e+00) (6, 6.37340974807739257812e+00) (7, 1.62999629974365234375e+00) (8, -6.83615112304687500000e+00) (9, 1.07876873016357421875e+00) (0, 3.46740812063217163086e-01) (1, 1.58609235286712646484e+00) (2, -2.17470455169677734375e+00) (3, -5.05160927772521972656e-01) (4, 6.99392259120941162109e-01) (5, 3.76329159736633300781e+00) (6, 9.74530124664306640625e+00) (7, -8.99790000915527343750e+00) (8, -6.26285696029663085938e+00) (9, 1.66925954818725585938e+00) (10, 4.34410953521728515625e+00) (11, -1.45741152763366699219e+00) (12, 3.30046367645263671875e+00) (13, 2.07323670387268066406e+00) (14, -4.04323339462280273438e+00) 
