FANN_FLO_2.1
num_layers=3
learning_rate=0.500000
connection_rate=1.000000
network_type=0
learning_momentum=0.000000
training_algorithm=2
train_error_function=1
train_stop_function=0
cascade_output_change_fraction=0.010000
quickprop_decay=-0.000100
quickprop_mu=1.750000
rprop_increase_factor=1.200000
rprop_decrease_factor=0.500000
rprop_delta_min=0.000000
rprop_delta_max=50.000000
rprop_delta_zero=0.100000
cascade_output_stagnation_epochs=12
cascade_candidate_change_fraction=0.010000
cascade_candidate_stagnation_epochs=12
cascade_max_out_epochs=150
cascade_min_out_epochs=50
cascade_max_cand_epochs=150
cascade_min_cand_epochs=50
cascade_num_candidate_groups=2
bit_fail_limit=3.49999994039535522461e-01
cascade_candidate_limit=1.00000000000000000000e+03
cascade_weight_multiplier=4.00000005960464477539e-01
cascade_activation_functions_count=10
cascade_activation_functions=3 5 7 8 10 11 14 15 16 17 
cascade_activation_steepnesses_count=4
cascade_activation_steepnesses=2.50000000000000000000e-01 5.00000000000000000000e-01 7.50000000000000000000e-01 1.00000000000000000000e+00 
layer_sizes=10 5 2 
scale_included=0
neurons (num_inputs, activation_function, activation_steepness)=(0, 0, 0.00000000000000000000e+00) (0, 0, 0.00000000000000000000e+00) (0, 0, 0.00000000000000000000e+00) (0, 0, 0.00000000000000000000e+00) (0, 0, 0.00000000000000000000e+00) (0, 0, 0.00000000000000000000e+00) (0, 0, 0.00000000000000000000e+00) (0, 0, 0.00000000000000000000e+00) (0, 0, 0.00000000000000000000e+00) (0, 0, 0.00000000000000000000e+00) (10, 3, 5.00000000000000000000e-01) (10, 3, 5.00000000000000000000e-01) (10, 3, 5.00000000000000000000e-01) (10, 3, 5.00000000000000000000e-01) (0, 3, 0.00000000000000000000e+00) (5, 3, 5.00000000000000000000e-01) (0, 3, 0.00000000000000000000e+00) 
connections (connected_to_neuron, weight)=(0, -5.39497435092926025391e-01) (1, -1.79302787780761718750e+01) (2, -8.27015495300292968750e+00) (3, -1.37724673748016357422e+00) (4, 3.85150313377380371094e+00) (5, -1.90561950206756591797e-01) (6, 1.10941762924194335938e+01) (7, -3.79661798477172851562e-01) (8, 1.12188758850097656250e+01) (9, -1.16208422183990478516e+00) (0, 4.33316711425781250000e+02) (1, -1.49335937500000000000e+03) (2, -1.89031448364257812500e+01) (3, 8.20646728515625000000e+02) (4, 3.07104063034057617188e+00) (5, -8.12501335144042968750e+00) (6, 1.65617477416992187500e+02) (7, -2.77663373947143554688e+00) (8, 4.14566230773925781250e+00) (9, -9.21801757812500000000e+01) (0, -2.75546121597290039062e+00) (1, 1.97958040237426757812e+00) (2, 3.88483691215515136719e+00) (3, -3.72576689720153808594e+00) (4, 8.97379398345947265625e+00) (5, 2.39725017547607421875e+01) (6, -1.53984479904174804688e+01) (7, -1.13073039054870605469e+00) (8, -6.48007535934448242188e+00) (9, -5.24321413040161132812e+00) (0, -2.54872488975524902344e+00) (1, 5.63985824584960937500e+00) (2, 4.98137426376342773438e+00) (3, -9.32548236846923828125e+00) (4, 4.53629589080810546875e+00) (5, 1.98948898315429687500e+01) (6, -2.25102195739746093750e+01) (7, -2.01264071464538574219e+00) (8, -3.48120284080505371094e+00) (9, -2.57508540153503417969e+00) (10, 1.86526417732238769531e+00) (11, 3.17568898200988769531e-01) (12, 1.11200499534606933594e+00) (13, 1.08683741092681884766e+00) (14, -1.31385266780853271484e+00) 
