FANN_FLO_2.1
num_layers=4
learning_rate=0.500000
connection_rate=1.000000
network_type=0
learning_momentum=0.000000
training_algorithm=2
train_error_function=1
train_stop_function=0
cascade_output_change_fraction=0.010000
quickprop_decay=-0.000100
quickprop_mu=1.750000
rprop_increase_factor=1.200000
rprop_decrease_factor=0.500000
rprop_delta_min=0.000000
rprop_delta_max=50.000000
rprop_delta_zero=0.100000
cascade_output_stagnation_epochs=12
cascade_candidate_change_fraction=0.010000
cascade_candidate_stagnation_epochs=12
cascade_max_out_epochs=150
cascade_min_out_epochs=50
cascade_max_cand_epochs=150
cascade_min_cand_epochs=50
cascade_num_candidate_groups=2
bit_fail_limit=3.49999994039535522461e-01
cascade_candidate_limit=1.00000000000000000000e+03
cascade_weight_multiplier=4.00000005960464477539e-01
cascade_activation_functions_count=10
cascade_activation_functions=3 5 7 8 10 11 14 15 16 17 
cascade_activation_steepnesses_count=4
cascade_activation_steepnesses=2.50000000000000000000e-01 5.00000000000000000000e-01 7.50000000000000000000e-01 1.00000000000000000000e+00 
layer_sizes=2 5 3 3 
scale_included=0
neurons (num_inputs, activation_function, activation_steepness)=(0, 0, 0.00000000000000000000e+00) (0, 0, 0.00000000000000000000e+00) (2, 3, 5.00000000000000000000e-01) (2, 3, 5.00000000000000000000e-01) (2, 3, 5.00000000000000000000e-01) (2, 3, 5.00000000000000000000e-01) (0, 3, 0.00000000000000000000e+00) (5, 3, 5.00000000000000000000e-01) (5, 3, 5.00000000000000000000e-01) (0, 3, 0.00000000000000000000e+00) (3, 0, 5.00000000000000000000e-01) (3, 0, 5.00000000000000000000e-01) (0, 0, 0.00000000000000000000e+00) 
connections (connected_to_neuron, weight)=(0, 1.11280651092529296875e+01) (1, -3.65702366828918457031e+00) (0, 1.48541917800903320312e+01) (1, -1.73872828483581542969e+00) (0, 1.37145872116088867188e+01) (1, -5.29695892333984375000e+00) (0, 6.99963302612304687500e+01) (1, -7.33947455883026123047e-01) (2, 7.47938871383666992188e+00) (3, 3.37567591667175292969e+00) (4, -1.00039339065551757812e+01) (5, 2.37119722366333007812e+00) (6, -4.36422061920166015625e+00) (2, 2.04870676994323730469e+00) (3, 2.41261243820190429688e+00) (4, 7.00080215930938720703e-01) (5, -2.64882266521453857422e-01) (6, -2.89574146270751953125e+00) (7, -2.98383283615112304688e+00) (8, 1.29519116878509521484e+00) (9, 4.98760864138603210449e-02) (7, -2.74132192134857177734e-01) (8, -5.19574594497680664062e+00) (9, 2.39190268516540527344e+00) 
