FANN_FLO_2.1
num_layers=3
learning_rate=0.500000
connection_rate=1.000000
network_type=0
learning_momentum=0.000000
training_algorithm=2
train_error_function=1
train_stop_function=0
cascade_output_change_fraction=0.010000
quickprop_decay=-0.000100
quickprop_mu=1.750000
rprop_increase_factor=1.200000
rprop_decrease_factor=0.500000
rprop_delta_min=0.000000
rprop_delta_max=50.000000
rprop_delta_zero=0.100000
cascade_output_stagnation_epochs=12
cascade_candidate_change_fraction=0.010000
cascade_candidate_stagnation_epochs=12
cascade_max_out_epochs=150
cascade_min_out_epochs=50
cascade_max_cand_epochs=150
cascade_min_cand_epochs=50
cascade_num_candidate_groups=2
bit_fail_limit=3.49999994039535522461e-01
cascade_candidate_limit=1.00000000000000000000e+03
cascade_weight_multiplier=4.00000005960464477539e-01
cascade_activation_functions_count=10
cascade_activation_functions=3 5 7 8 10 11 14 15 16 17 
cascade_activation_steepnesses_count=4
cascade_activation_steepnesses=2.50000000000000000000e-01 5.00000000000000000000e-01 7.50000000000000000000e-01 1.00000000000000000000e+00 
layer_sizes=10 5 2 
scale_included=0
neurons (num_inputs, activation_function, activation_steepness)=(0, 0, 0.00000000000000000000e+00) (0, 0, 0.00000000000000000000e+00) (0, 0, 0.00000000000000000000e+00) (0, 0, 0.00000000000000000000e+00) (0, 0, 0.00000000000000000000e+00) (0, 0, 0.00000000000000000000e+00) (0, 0, 0.00000000000000000000e+00) (0, 0, 0.00000000000000000000e+00) (0, 0, 0.00000000000000000000e+00) (0, 0, 0.00000000000000000000e+00) (10, 3, 5.00000000000000000000e-01) (10, 3, 5.00000000000000000000e-01) (10, 3, 5.00000000000000000000e-01) (10, 3, 5.00000000000000000000e-01) (0, 3, 0.00000000000000000000e+00) (5, 3, 5.00000000000000000000e-01) (0, 3, 0.00000000000000000000e+00) 
connections (connected_to_neuron, weight)=(0, -7.11632061004638671875e+00) (1, -1.25694319605827331543e-01) (2, -3.92820334434509277344e+00) (3, -1.62582242488861083984e+00) (4, -2.33412981033325195312e+00) (5, -6.91275656223297119141e-01) (6, 5.57347345352172851562e+00) (7, 6.13696861267089843750e+00) (8, -1.04345884174108505249e-02) (9, 3.29369217157363891602e-01) (0, 1.74287319183349609375e-01) (1, 4.32282805442810058594e-01) (2, 3.31703352928161621094e+00) (3, 1.26033234596252441406e+00) (4, -4.07182359695434570312e+00) (5, -2.27868288755416870117e-01) (6, -1.26697349548339843750e+00) (7, 3.95465612411499023438e-01) (8, -2.55700135231018066406e+00) (9, -6.57496303319931030273e-02) (0, 1.74207359552383422852e-01) (1, 1.17524199187755584717e-01) (2, -1.56623885035514831543e-01) (3, 4.50478839874267578125e+00) (4, -4.00537347793579101562e+00) (5, -1.93579232692718505859e+00) (6, -4.42398190498352050781e-01) (7, 2.41294741630554199219e+00) (8, -9.33114051818847656250e-01) (9, -4.35220807790756225586e-01) (0, 8.19052314758300781250e+00) (1, 9.45682334899902343750e+00) (2, 7.87530422210693359375e-01) (3, -2.38102746009826660156e+00) (4, -6.02870512008666992188e+00) (5, -6.51254951953887939453e-02) (6, -2.12260818481445312500e+01) (7, 4.93063509464263916016e-01) (8, 2.34399485588073730469e+00) (9, 2.70773983001708984375e+00) (10, 3.11034512519836425781e+00) (11, 1.76520442962646484375e+00) (12, 2.09191393852233886719e+00) (13, 2.15058302879333496094e+00) (14, -2.95222473144531250000e+00) 
