FANN_FLO_2.1
num_layers=3
learning_rate=0.500000
connection_rate=1.000000
network_type=0
learning_momentum=0.000000
training_algorithm=2
train_error_function=1
train_stop_function=0
cascade_output_change_fraction=0.010000
quickprop_decay=-0.000100
quickprop_mu=1.750000
rprop_increase_factor=1.200000
rprop_decrease_factor=0.500000
rprop_delta_min=0.000000
rprop_delta_max=50.000000
rprop_delta_zero=0.100000
cascade_output_stagnation_epochs=12
cascade_candidate_change_fraction=0.010000
cascade_candidate_stagnation_epochs=12
cascade_max_out_epochs=150
cascade_min_out_epochs=50
cascade_max_cand_epochs=150
cascade_min_cand_epochs=50
cascade_num_candidate_groups=2
bit_fail_limit=3.49999994039535522461e-01
cascade_candidate_limit=1.00000000000000000000e+03
cascade_weight_multiplier=4.00000005960464477539e-01
cascade_activation_functions_count=10
cascade_activation_functions=3 5 7 8 10 11 14 15 16 17 
cascade_activation_steepnesses_count=4
cascade_activation_steepnesses=2.50000000000000000000e-01 5.00000000000000000000e-01 7.50000000000000000000e-01 1.00000000000000000000e+00 
layer_sizes=10 3 2 
scale_included=0
neurons (num_inputs, activation_function, activation_steepness)=(0, 0, 0.00000000000000000000e+00) (0, 0, 0.00000000000000000000e+00) (0, 0, 0.00000000000000000000e+00) (0, 0, 0.00000000000000000000e+00) (0, 0, 0.00000000000000000000e+00) (0, 0, 0.00000000000000000000e+00) (0, 0, 0.00000000000000000000e+00) (0, 0, 0.00000000000000000000e+00) (0, 0, 0.00000000000000000000e+00) (0, 0, 0.00000000000000000000e+00) (10, 3, 5.00000000000000000000e-01) (10, 3, 5.00000000000000000000e-01) (0, 3, 0.00000000000000000000e+00) (3, 3, 5.00000000000000000000e-01) (0, 3, 0.00000000000000000000e+00) 
connections (connected_to_neuron, weight)=(0, -1.24344885349273681641e+00) (1, 4.08198499679565429688e+00) (2, 7.75154209136962890625e+00) (3, -4.67236471176147460938e+00) (4, 3.40498471260070800781e+00) (5, 4.51645374298095703125e-01) (6, -2.03208994865417480469e+00) (7, -2.37706546783447265625e+01) (8, 7.93299293518066406250e+00) (9, 2.02203845977783203125e+00) (0, 8.29083633422851562500e+01) (1, -1.46271765136718750000e+03) (2, -1.49500256347656250000e+03) (3, -1.97759876251220703125e+01) (4, 1.50000000000000000000e+03) (5, -1.50000000000000000000e+03) (6, -8.19606304168701171875e+00) (7, 1.01715435791015625000e+03) (8, 1.48714916992187500000e+03) (9, -1.05075998306274414062e+01) (10, 4.20397377014160156250e+00) (11, 4.10157012939453125000e+00) (12, -3.23474431037902832031e+00) 
