FANN_FLO_2.1
num_layers=4
learning_rate=0.500000
connection_rate=1.000000
network_type=0
learning_momentum=0.000000
training_algorithm=2
train_error_function=1
train_stop_function=0
cascade_output_change_fraction=0.010000
quickprop_decay=-0.000100
quickprop_mu=1.750000
rprop_increase_factor=1.200000
rprop_decrease_factor=0.500000
rprop_delta_min=0.000000
rprop_delta_max=50.000000
rprop_delta_zero=0.100000
cascade_output_stagnation_epochs=12
cascade_candidate_change_fraction=0.010000
cascade_candidate_stagnation_epochs=12
cascade_max_out_epochs=150
cascade_min_out_epochs=50
cascade_max_cand_epochs=150
cascade_min_cand_epochs=50
cascade_num_candidate_groups=2
bit_fail_limit=3.49999994039535522461e-01
cascade_candidate_limit=1.00000000000000000000e+03
cascade_weight_multiplier=4.00000005960464477539e-01
cascade_activation_functions_count=10
cascade_activation_functions=3 5 7 8 10 11 14 15 16 17 
cascade_activation_steepnesses_count=4
cascade_activation_steepnesses=2.50000000000000000000e-01 5.00000000000000000000e-01 7.50000000000000000000e-01 1.00000000000000000000e+00 
layer_sizes=2 5 5 3 
scale_included=0
neurons (num_inputs, activation_function, activation_steepness)=(0, 0, 0.00000000000000000000e+00) (0, 0, 0.00000000000000000000e+00) (2, 3, 5.00000000000000000000e-01) (2, 3, 5.00000000000000000000e-01) (2, 3, 5.00000000000000000000e-01) (2, 3, 5.00000000000000000000e-01) (0, 3, 0.00000000000000000000e+00) (5, 3, 5.00000000000000000000e-01) (5, 3, 5.00000000000000000000e-01) (5, 3, 5.00000000000000000000e-01) (5, 3, 5.00000000000000000000e-01) (0, 3, 0.00000000000000000000e+00) (5, 0, 5.00000000000000000000e-01) (5, 0, 5.00000000000000000000e-01) (0, 0, 0.00000000000000000000e+00) 
connections (connected_to_neuron, weight)=(0, -1.45727262496948242188e+01) (1, 1.67515754699707031250e+00) (0, -4.99356842041015625000e+00) (1, -3.91420513391494750977e-01) (0, -1.19559249877929687500e+01) (1, 4.26771259307861328125e+00) (0, 2.59588909149169921875e+00) (1, -2.41039514541625976562e-01) (2, -9.30048179626464843750e+00) (3, -2.71052360534667968750e-01) (4, 1.05177869796752929688e+01) (5, -9.76007878780364990234e-01) (6, -2.50557851791381835938e+00) (2, 1.17274427413940429688e+01) (3, 2.02776312828063964844e+00) (4, 4.24231433868408203125e+00) (5, -4.27141189575195312500e+00) (6, -1.05635952949523925781e+00) (2, 4.77560281753540039062e-01) (3, 5.14517307281494140625e-01) (4, 6.58040821552276611328e-01) (5, -4.33810986578464508057e-02) (6, 2.64439642429351806641e-01) (2, -2.35503816604614257812e+00) (3, -8.53139519691467285156e-01) (4, -3.14017009735107421875e+00) (5, 2.67200827598571777344e+00) (6, 2.53688120841979980469e+00) (7, -1.81907403469085693359e+00) (8, -7.26340472698211669922e-01) (9, 1.12474620342254638672e-01) (10, -1.60499727725982666016e+00) (11, 1.55169701576232910156e+00) (7, 5.41137337684631347656e-01) (8, 1.14913952350616455078e+00) (9, 6.64744317531585693359e-01) (10, -3.23761391639709472656e+00) (11, 5.97972631454467773438e-01) 
