FANN_FLO_2.1
num_layers=3
learning_rate=0.400000
connection_rate=1.000000
network_type=0
learning_momentum=0.000000
training_algorithm=2
train_error_function=1
train_stop_function=0
cascade_output_change_fraction=0.010000
quickprop_decay=-0.000100
quickprop_mu=1.750000
rprop_increase_factor=1.200000
rprop_decrease_factor=0.500000
rprop_delta_min=0.000000
rprop_delta_max=50.000000
rprop_delta_zero=0.100000
cascade_output_stagnation_epochs=12
cascade_candidate_change_fraction=0.010000
cascade_candidate_stagnation_epochs=12
cascade_max_out_epochs=150
cascade_min_out_epochs=50
cascade_max_cand_epochs=150
cascade_min_cand_epochs=50
cascade_num_candidate_groups=2
bit_fail_limit=3.49999994039535522461e-01
cascade_candidate_limit=1.00000000000000000000e+03
cascade_weight_multiplier=4.00000005960464477539e-01
cascade_activation_functions_count=10
cascade_activation_functions=3 5 7 8 10 11 14 15 16 17 
cascade_activation_steepnesses_count=4
cascade_activation_steepnesses=2.50000000000000000000e-01 5.00000000000000000000e-01 7.50000000000000000000e-01 1.00000000000000000000e+00 
layer_sizes=19 3 3 
scale_included=0
neurons (num_inputs, activation_function, activation_steepness)=(0, 0, 0.00000000000000000000e+00) (0, 0, 0.00000000000000000000e+00) (0, 0, 0.00000000000000000000e+00) (0, 0, 0.00000000000000000000e+00) (0, 0, 0.00000000000000000000e+00) (0, 0, 0.00000000000000000000e+00) (0, 0, 0.00000000000000000000e+00) (0, 0, 0.00000000000000000000e+00) (0, 0, 0.00000000000000000000e+00) (0, 0, 0.00000000000000000000e+00) (0, 0, 0.00000000000000000000e+00) (0, 0, 0.00000000000000000000e+00) (0, 0, 0.00000000000000000000e+00) (0, 0, 0.00000000000000000000e+00) (0, 0, 0.00000000000000000000e+00) (0, 0, 0.00000000000000000000e+00) (0, 0, 0.00000000000000000000e+00) (0, 0, 0.00000000000000000000e+00) (0, 0, 0.00000000000000000000e+00) (19, 3, 5.00000000000000000000e-01) (19, 3, 5.00000000000000000000e-01) (0, 3, 0.00000000000000000000e+00) (3, 3, 5.00000000000000000000e-01) (3, 3, 5.00000000000000000000e-01) (0, 3, 0.00000000000000000000e+00) 
connections (connected_to_neuron, weight)=(0, -3.43497419357299804688e+00) (1, 1.11202824115753173828e+00) (2, 9.17569026350975036621e-02) (3, -2.96845579147338867188e+00) (4, 6.77048981189727783203e-01) (5, -1.78586924076080322266e+00) (6, -3.24791407585144042969e+00) (7, 9.84897911548614501953e-01) (8, 2.20443740487098693848e-01) (9, 2.00067043304443359375e+00) (10, -1.89603674411773681641e+00) (11, -7.31195926666259765625e-01) (12, 3.52569532394409179688e+00) (13, -6.65610849857330322266e-01) (14, 5.57906441390514373779e-02) (15, 2.28132772445678710938e+00) (16, -1.10722923278808593750e+00) (17, -1.97753518819808959961e-01) (18, 3.56225878000259399414e-01) (0, 6.30342578887939453125e+00) (1, -4.23470067977905273438e+00) (2, 2.36081719398498535156e-01) (3, 4.76135873794555664062e+00) (4, -3.44508123397827148438e+00) (5, 2.50208854675292968750e+00) (6, 6.91629314422607421875e+00) (7, -5.51183652877807617188e+00) (8, 2.97336220741271972656e+00) (9, -5.90021944046020507812e+00) (10, 6.42770719528198242188e+00) (11, -2.40363645553588867188e+00) (12, -9.52560043334960937500e+00) (13, 1.69440937042236328125e+00) (14, -4.21413630247116088867e-01) (15, -8.90883541107177734375e+00) (16, 3.99027824401855468750e-01) (17, 8.25832188129425048828e-01) (18, 4.71036046743392944336e-01) (19, -1.82124745845794677734e+00) (20, -1.23082613945007324219e+00) (21, 3.29909354448318481445e-01) (19, 1.82134652137756347656e+00) (20, 1.23054611682891845703e+00) (21, -3.29612344503402709961e-01) 
