FANN_FLO_2.1
num_layers=3
learning_rate=0.400000
connection_rate=1.000000
network_type=0
learning_momentum=0.000000
training_algorithm=2
train_error_function=1
train_stop_function=0
cascade_output_change_fraction=0.010000
quickprop_decay=-0.000100
quickprop_mu=1.750000
rprop_increase_factor=1.200000
rprop_decrease_factor=0.500000
rprop_delta_min=0.000000
rprop_delta_max=50.000000
rprop_delta_zero=0.100000
cascade_output_stagnation_epochs=12
cascade_candidate_change_fraction=0.010000
cascade_candidate_stagnation_epochs=12
cascade_max_out_epochs=150
cascade_min_out_epochs=50
cascade_max_cand_epochs=150
cascade_min_cand_epochs=50
cascade_num_candidate_groups=2
bit_fail_limit=3.49999994039535522461e-01
cascade_candidate_limit=1.00000000000000000000e+03
cascade_weight_multiplier=4.00000005960464477539e-01
cascade_activation_functions_count=10
cascade_activation_functions=3 5 7 8 10 11 14 15 16 17 
cascade_activation_steepnesses_count=4
cascade_activation_steepnesses=2.50000000000000000000e-01 5.00000000000000000000e-01 7.50000000000000000000e-01 1.00000000000000000000e+00 
layer_sizes=7 9 2 
scale_included=0
neurons (num_inputs, activation_function, activation_steepness)=(0, 0, 0.00000000000000000000e+00) (0, 0, 0.00000000000000000000e+00) (0, 0, 0.00000000000000000000e+00) (0, 0, 0.00000000000000000000e+00) (0, 0, 0.00000000000000000000e+00) (0, 0, 0.00000000000000000000e+00) (0, 0, 0.00000000000000000000e+00) (7, 3, 5.00000000000000000000e-01) (7, 3, 5.00000000000000000000e-01) (7, 3, 5.00000000000000000000e-01) (7, 3, 5.00000000000000000000e-01) (7, 3, 5.00000000000000000000e-01) (7, 3, 5.00000000000000000000e-01) (7, 3, 5.00000000000000000000e-01) (7, 3, 5.00000000000000000000e-01) (0, 3, 0.00000000000000000000e+00) (9, 3, 5.00000000000000000000e-01) (0, 3, 0.00000000000000000000e+00) 
connections (connected_to_neuron, weight)=(0, 1.35534667968750000000e+01) (1, -1.45588531494140625000e+01) (2, 9.03328895568847656250e+00) (3, -3.65890097618103027344e+00) (4, -3.16962033510208129883e-01) (5, 6.43803453445434570312e+00) (6, -7.06552362442016601562e+00) (0, -5.83223152160644531250e+00) (1, 5.43732261657714843750e+00) (2, -2.55543732643127441406e+00) (3, -1.88881933689117431641e+00) (4, -4.49593394994735717773e-01) (5, -4.53782510757446289062e+00) (6, -1.47717565298080444336e-01) (0, 1.94694653153419494629e-01) (1, -9.02307510375976562500e+00) (2, 1.83895812988281250000e+02) (3, -5.62127923965454101562e+00) (4, -1.06289362907409667969e+00) (5, 1.13900947570800781250e+00) (6, 7.00767707824707031250e+00) (0, -3.30435752868652343750e+00) (1, -1.50538527965545654297e+00) (2, 2.10583000183105468750e+01) (3, 8.71182441711425781250e+00) (4, -2.17841625213623046875e+00) (5, 1.06939992904663085938e+01) (6, -5.75508952140808105469e-01) (0, -2.37913918495178222656e+00) (1, -2.47630739212036132812e+00) (2, -6.92996025085449218750e+00) (3, -5.71035432815551757812e+00) (4, -2.45136189460754394531e+00) (5, 8.76888275146484375000e+00) (6, 3.96191813051700592041e-02) (0, 6.51422381401062011719e-01) (1, -4.10939359664916992188e+00) (2, 1.48979663848876953125e+00) (3, -4.76248884201049804688e+00) (4, -2.34172105789184570312e+00) (5, 9.66725349426269531250e+00) (6, -2.67829179763793945312e+00) (0, -3.45708727836608886719e+00) (1, -2.65431255102157592773e-01) (2, -1.17423763275146484375e+01) (3, -4.10455369949340820312e+00) (4, -1.98414564132690429688e+00) (5, 8.07682418823242187500e+00) (6, -5.04340648651123046875e-01) (0, 6.82723581790924072266e-01) (1, -4.77334356307983398438e+00) (2, -2.09688911437988281250e+01) (3, -4.44737529754638671875e+00) (4, -2.13565468788146972656e+00) (5, 2.04603290557861328125e+00) (6, 8.42372703552246093750e+00) (7, -8.99702739715576171875e+00) (8, -1.01907854080200195312e+01) (9, -7.04010784626007080078e-01) (10, -7.22174048423767089844e-01) (11, -4.96946513652801513672e-01) (12, -1.81832507252693176270e-01) (13, -2.27039948105812072754e-01) (14, -3.97480607032775878906e-01) (15, 6.64055705070495605469e-01) 
