FANN_FLO_2.1
num_layers=3
learning_rate=0.400000
connection_rate=1.000000
network_type=0
learning_momentum=0.000000
training_algorithm=2
train_error_function=1
train_stop_function=0
cascade_output_change_fraction=0.010000
quickprop_decay=-0.000100
quickprop_mu=1.750000
rprop_increase_factor=1.200000
rprop_decrease_factor=0.500000
rprop_delta_min=0.000000
rprop_delta_max=50.000000
rprop_delta_zero=0.100000
cascade_output_stagnation_epochs=12
cascade_candidate_change_fraction=0.010000
cascade_candidate_stagnation_epochs=12
cascade_max_out_epochs=150
cascade_min_out_epochs=50
cascade_max_cand_epochs=150
cascade_min_cand_epochs=50
cascade_num_candidate_groups=2
bit_fail_limit=3.49999994039535522461e-01
cascade_candidate_limit=1.00000000000000000000e+03
cascade_weight_multiplier=4.00000005960464477539e-01
cascade_activation_functions_count=10
cascade_activation_functions=3 5 7 8 10 11 14 15 16 17 
cascade_activation_steepnesses_count=4
cascade_activation_steepnesses=2.50000000000000000000e-01 5.00000000000000000000e-01 7.50000000000000000000e-01 1.00000000000000000000e+00 
layer_sizes=19 3 3 
scale_included=0
neurons (num_inputs, activation_function, activation_steepness)=(0, 0, 0.00000000000000000000e+00) (0, 0, 0.00000000000000000000e+00) (0, 0, 0.00000000000000000000e+00) (0, 0, 0.00000000000000000000e+00) (0, 0, 0.00000000000000000000e+00) (0, 0, 0.00000000000000000000e+00) (0, 0, 0.00000000000000000000e+00) (0, 0, 0.00000000000000000000e+00) (0, 0, 0.00000000000000000000e+00) (0, 0, 0.00000000000000000000e+00) (0, 0, 0.00000000000000000000e+00) (0, 0, 0.00000000000000000000e+00) (0, 0, 0.00000000000000000000e+00) (0, 0, 0.00000000000000000000e+00) (0, 0, 0.00000000000000000000e+00) (0, 0, 0.00000000000000000000e+00) (0, 0, 0.00000000000000000000e+00) (0, 0, 0.00000000000000000000e+00) (0, 0, 0.00000000000000000000e+00) (19, 3, 5.00000000000000000000e-01) (19, 3, 5.00000000000000000000e-01) (0, 3, 0.00000000000000000000e+00) (3, 3, 5.00000000000000000000e-01) (3, 3, 5.00000000000000000000e-01) (0, 3, 0.00000000000000000000e+00) 
connections (connected_to_neuron, weight)=(0, -2.72650790214538574219e+00) (1, 2.44676208496093750000e+00) (2, 9.21392500400543212891e-01) (3, -6.09109973907470703125e+00) (4, 2.39833688735961914062e+00) (5, -9.92275619506835937500e+00) (6, -4.32250261306762695312e+00) (7, 2.52726125717163085938e+00) (8, -1.14952838048338890076e-02) (9, 4.77649402618408203125e+00) (10, -3.36293816566467285156e+00) (11, 3.17845523357391357422e-01) (12, 6.24972772598266601562e+00) (13, -2.98384165763854980469e+00) (14, -1.05815410614013671875e-01) (15, 3.92593502998352050781e+00) (16, -4.92636108398437500000e+00) (17, -2.19729495048522949219e+00) (18, 7.05722987651824951172e-01) (0, 4.16729480028152465820e-01) (1, -1.02196063995361328125e+01) (2, -7.99608278274536132812e+00) (3, 7.93747282028198242188e+00) (4, -1.91411221027374267578e+00) (5, 2.59852256774902343750e+01) (6, 7.19339370727539062500e+00) (7, 5.94772219657897949219e-01) (8, -3.05750608444213867188e+00) (9, -4.00540733337402343750e+00) (10, 5.61785745620727539062e+00) (11, -1.62680840492248535156e+00) (12, -1.05783491134643554688e+01) (13, 6.94647932052612304688e+00) (14, 7.82292008399963378906e-01) (15, -8.13294696807861328125e+00) (16, 4.70376873016357421875e+00) (17, 5.67801618576049804688e+00) (18, 5.23230671882629394531e-01) (19, -2.17709541320800781250e+00) (20, -1.64356613159179687500e+00) (21, 1.12562513351440429688e+00) (19, 2.17473530769348144531e+00) (20, 1.64183366298675537109e+00) (21, -1.12356364727020263672e+00) 
