FANN_FLO_2.1
num_layers=3
learning_rate=0.400000
connection_rate=1.000000
network_type=0
learning_momentum=0.000000
training_algorithm=2
train_error_function=1
train_stop_function=0
cascade_output_change_fraction=0.010000
quickprop_decay=-0.000100
quickprop_mu=1.750000
rprop_increase_factor=1.200000
rprop_decrease_factor=0.500000
rprop_delta_min=0.000000
rprop_delta_max=50.000000
rprop_delta_zero=0.100000
cascade_output_stagnation_epochs=12
cascade_candidate_change_fraction=0.010000
cascade_candidate_stagnation_epochs=12
cascade_max_out_epochs=150
cascade_min_out_epochs=50
cascade_max_cand_epochs=150
cascade_min_cand_epochs=50
cascade_num_candidate_groups=2
bit_fail_limit=3.49999994039535522461e-01
cascade_candidate_limit=1.00000000000000000000e+03
cascade_weight_multiplier=4.00000005960464477539e-01
cascade_activation_functions_count=10
cascade_activation_functions=3 5 7 8 10 11 14 15 16 17 
cascade_activation_steepnesses_count=4
cascade_activation_steepnesses=2.50000000000000000000e-01 5.00000000000000000000e-01 7.50000000000000000000e-01 1.00000000000000000000e+00 
layer_sizes=7 5 2 
scale_included=0
neurons (num_inputs, activation_function, activation_steepness)=(0, 0, 0.00000000000000000000e+00) (0, 0, 0.00000000000000000000e+00) (0, 0, 0.00000000000000000000e+00) (0, 0, 0.00000000000000000000e+00) (0, 0, 0.00000000000000000000e+00) (0, 0, 0.00000000000000000000e+00) (0, 0, 0.00000000000000000000e+00) (7, 3, 5.00000000000000000000e-01) (7, 3, 5.00000000000000000000e-01) (7, 3, 5.00000000000000000000e-01) (7, 3, 5.00000000000000000000e-01) (0, 3, 0.00000000000000000000e+00) (5, 3, 5.00000000000000000000e-01) (0, 3, 0.00000000000000000000e+00) 
connections (connected_to_neuron, weight)=(0, 8.88247394561767578125e+00) (1, -9.34938335418701171875e+00) (2, 3.91459083557128906250e+00) (3, -1.94161391258239746094e+00) (4, -2.07097291946411132812e-01) (5, 4.80314111709594726562e+00) (6, -5.23855209350585937500e+00) (0, -1.19534194469451904297e+00) (1, -3.66842985153198242188e-01) (2, 7.67373800277709960938e+00) (3, 3.13652753829956054688e+00) (4, 1.54004800319671630859e+00) (5, 2.75044751167297363281e+00) (6, -1.62047517299652099609e+00) (0, -2.77843499183654785156e+00) (1, -2.06027960777282714844e+00) (2, -8.27265071868896484375e+00) (3, -7.79379653930664062500e+00) (4, -2.70727610588073730469e+00) (5, -5.45671116560697555542e-03) (6, 1.01000213623046875000e+01) (0, -7.74934577941894531250e+00) (1, 7.35679626464843750000e+00) (2, -2.10057425498962402344e+00) (3, -9.98086452484130859375e-01) (4, -8.87907505035400390625e-01) (5, -8.48050498962402343750e+00) (6, -1.62244826555252075195e-01) (7, -7.52936267852783203125e+00) (8, -7.66202151775360107422e-01) (9, -1.07529330253601074219e+00) (10, -7.21053600311279296875e+00) (11, 1.97529688477516174316e-01) 
