FANN_FLO_2.1
num_layers=3
learning_rate=0.400000
connection_rate=1.000000
network_type=0
learning_momentum=0.000000
training_algorithm=2
train_error_function=1
train_stop_function=0
cascade_output_change_fraction=0.010000
quickprop_decay=-0.000100
quickprop_mu=1.750000
rprop_increase_factor=1.200000
rprop_decrease_factor=0.500000
rprop_delta_min=0.000000
rprop_delta_max=50.000000
rprop_delta_zero=0.100000
cascade_output_stagnation_epochs=12
cascade_candidate_change_fraction=0.010000
cascade_candidate_stagnation_epochs=12
cascade_max_out_epochs=150
cascade_min_out_epochs=50
cascade_max_cand_epochs=150
cascade_min_cand_epochs=50
cascade_num_candidate_groups=2
bit_fail_limit=3.49999994039535522461e-01
cascade_candidate_limit=1.00000000000000000000e+03
cascade_weight_multiplier=4.00000005960464477539e-01
cascade_activation_functions_count=10
cascade_activation_functions=3 5 7 8 10 11 14 15 16 17 
cascade_activation_steepnesses_count=4
cascade_activation_steepnesses=2.50000000000000000000e-01 5.00000000000000000000e-01 7.50000000000000000000e-01 1.00000000000000000000e+00 
layer_sizes=19 3 3 
scale_included=0
neurons (num_inputs, activation_function, activation_steepness)=(0, 0, 0.00000000000000000000e+00) (0, 0, 0.00000000000000000000e+00) (0, 0, 0.00000000000000000000e+00) (0, 0, 0.00000000000000000000e+00) (0, 0, 0.00000000000000000000e+00) (0, 0, 0.00000000000000000000e+00) (0, 0, 0.00000000000000000000e+00) (0, 0, 0.00000000000000000000e+00) (0, 0, 0.00000000000000000000e+00) (0, 0, 0.00000000000000000000e+00) (0, 0, 0.00000000000000000000e+00) (0, 0, 0.00000000000000000000e+00) (0, 0, 0.00000000000000000000e+00) (0, 0, 0.00000000000000000000e+00) (0, 0, 0.00000000000000000000e+00) (0, 0, 0.00000000000000000000e+00) (0, 0, 0.00000000000000000000e+00) (0, 0, 0.00000000000000000000e+00) (0, 0, 0.00000000000000000000e+00) (19, 3, 5.00000000000000000000e-01) (19, 3, 5.00000000000000000000e-01) (0, 3, 0.00000000000000000000e+00) (3, 3, 5.00000000000000000000e-01) (3, 3, 5.00000000000000000000e-01) (0, 3, 0.00000000000000000000e+00) 
connections (connected_to_neuron, weight)=(0, -1.60560684204101562500e+01) (1, -1.61596000194549560547e+00) (2, 2.99077472686767578125e+01) (3, -1.16866874694824218750e+01) (4, 8.05085754394531250000e+00) (5, 7.74825429916381835938e+00) (6, -1.09536485671997070312e+01) (7, 7.78916215896606445312e+00) (8, 4.59042596817016601562e+00) (9, -3.15637350082397460938e+00) (10, -3.53769373893737792969e+00) (11, -3.36491775512695312500e+00) (12, 1.29282636642456054688e+01) (13, 1.86455650329589843750e+01) (14, -1.07616958618164062500e+01) (15, 2.22516098022460937500e+01) (16, -1.56861019134521484375e+01) (17, -3.57879662513732910156e+00) (18, -9.20245274901390075684e-02) (0, 4.78766918182373046875e+00) (1, -1.09144106507301330566e-01) (2, -5.32562923431396484375e+00) (3, 4.37590646743774414062e+00) (4, -2.89717149734497070312e+00) (5, -3.60903859138488769531e+00) (6, 3.61832189559936523438e+00) (7, -1.66674888134002685547e+00) (8, -1.98249936103820800781e+00) (9, -1.94452178478240966797e+00) (10, 2.04959750175476074219e+00) (11, 1.37236320972442626953e+00) (12, -5.22026109695434570312e+00) (13, -1.04332649707794189453e+00) (14, 4.65710544586181640625e+00) (15, -4.83272314071655273438e+00) (16, 1.34493231773376464844e+00) (17, 2.17364907264709472656e+00) (18, -2.96814465522766113281e+00) (19, -1.27036345005035400391e+00) (20, -2.41085648536682128906e+00) (21, 7.69877851009368896484e-01) (19, 1.26991999149322509766e+00) (20, 2.41117453575134277344e+00) (21, -7.69322097301483154297e-01) 
