FANN_FLO_2.1
num_layers=3
learning_rate=0.400000
connection_rate=1.000000
network_type=0
learning_momentum=0.000000
training_algorithm=2
train_error_function=1
train_stop_function=0
cascade_output_change_fraction=0.010000
quickprop_decay=-0.000100
quickprop_mu=1.750000
rprop_increase_factor=1.200000
rprop_decrease_factor=0.500000
rprop_delta_min=0.000000
rprop_delta_max=50.000000
rprop_delta_zero=0.100000
cascade_output_stagnation_epochs=12
cascade_candidate_change_fraction=0.010000
cascade_candidate_stagnation_epochs=12
cascade_max_out_epochs=150
cascade_min_out_epochs=50
cascade_max_cand_epochs=150
cascade_min_cand_epochs=50
cascade_num_candidate_groups=2
bit_fail_limit=3.49999994039535522461e-01
cascade_candidate_limit=1.00000000000000000000e+03
cascade_weight_multiplier=4.00000005960464477539e-01
cascade_activation_functions_count=10
cascade_activation_functions=3 5 7 8 10 11 14 15 16 17 
cascade_activation_steepnesses_count=4
cascade_activation_steepnesses=2.50000000000000000000e-01 5.00000000000000000000e-01 7.50000000000000000000e-01 1.00000000000000000000e+00 
layer_sizes=7 9 2 
scale_included=0
neurons (num_inputs, activation_function, activation_steepness)=(0, 0, 0.00000000000000000000e+00) (0, 0, 0.00000000000000000000e+00) (0, 0, 0.00000000000000000000e+00) (0, 0, 0.00000000000000000000e+00) (0, 0, 0.00000000000000000000e+00) (0, 0, 0.00000000000000000000e+00) (0, 0, 0.00000000000000000000e+00) (7, 3, 5.00000000000000000000e-01) (7, 3, 5.00000000000000000000e-01) (7, 3, 5.00000000000000000000e-01) (7, 3, 5.00000000000000000000e-01) (7, 3, 5.00000000000000000000e-01) (7, 3, 5.00000000000000000000e-01) (7, 3, 5.00000000000000000000e-01) (7, 3, 5.00000000000000000000e-01) (0, 3, 0.00000000000000000000e+00) (9, 3, 5.00000000000000000000e-01) (0, 3, 0.00000000000000000000e+00) 
connections (connected_to_neuron, weight)=(0, 1.22715985774993896484e+00) (1, -4.65013921260833740234e-01) (2, -3.75727772712707519531e-01) (3, 1.13164794445037841797e+00) (4, -6.69462203979492187500e-01) (5, 6.45183145999908447266e-01) (6, -3.64496082067489624023e-01) (0, 1.57381772994995117188e-01) (1, -4.90299046039581298828e-01) (2, 4.81652468442916870117e-01) (3, 9.29839968681335449219e-01) (4, 2.61092424392700195312e-01) (5, 8.84272158145904541016e-01) (6, 2.02025651931762695312e-01) (0, -2.19805091619491577148e-02) (1, -1.53734505176544189453e+00) (2, -1.72622191905975341797e+00) (3, -2.73821234703063964844e-01) (4, -1.96509987115859985352e-01) (5, 7.68975305557250976562e+00) (6, -4.58419132232666015625e+00) (0, 9.66848880052566528320e-02) (1, 1.00859963893890380859e+00) (2, -3.01220268011093139648e-01) (3, -4.29858922958374023438e+00) (4, -2.71391719579696655273e-02) (5, 1.16035652160644531250e+00) (6, 2.66654205322265625000e+00) (0, -3.25623273849487304688e+00) (1, -1.11283421516418457031e+00) (2, -2.26091027259826660156e+00) (3, -1.51258516311645507812e+00) (4, 1.25553436279296875000e+01) (5, -8.05725288391113281250e+00) (6, 1.23812806606292724609e+00) (0, 9.05516433715820312500e+00) (1, 3.38400554656982421875e+00) (2, 2.02072000503540039062e+00) (3, -1.99983751773834228516e+00) (4, -2.93952822685241699219e+00) (5, -7.67363190650939941406e-01) (6, -1.24613925814628601074e-01) (0, -1.25911843776702880859e+00) (1, -1.56163966655731201172e+00) (2, -3.70366883277893066406e+00) (3, 7.35464334487915039062e+00) (4, -1.58603000640869140625e+00) (5, 4.75441026687622070312e+00) (6, -2.89441561698913574219e+00) (0, -1.29676783084869384766e+00) (1, 9.54257786273956298828e-01) (2, 2.38084936141967773438e+00) (3, -3.91128015518188476562e+00) (4, 3.51880741119384765625e+00) (5, -9.63782119750976562500e+00) (6, 3.78856152296066284180e-01) (7, 5.56624710559844970703e-01) (8, 4.79692310094833374023e-01) (9, 2.83870983123779296875e+00) (10, -1.97015821933746337891e+00) (11, 9.24822151660919189453e-01) (12, -1.62115037441253662109e+00) (13, 1.09251534938812255859e+00) (14, 2.70907855033874511719e+00) (15, -2.14525267481803894043e-01) 
