FANN_FLO_2.1
num_layers=4
learning_rate=0.500000
connection_rate=1.000000
network_type=0
learning_momentum=0.000000
training_algorithm=2
train_error_function=1
train_stop_function=0
cascade_output_change_fraction=0.010000
quickprop_decay=-0.000100
quickprop_mu=1.750000
rprop_increase_factor=1.200000
rprop_decrease_factor=0.500000
rprop_delta_min=0.000000
rprop_delta_max=50.000000
rprop_delta_zero=0.100000
cascade_output_stagnation_epochs=12
cascade_candidate_change_fraction=0.010000
cascade_candidate_stagnation_epochs=12
cascade_max_out_epochs=150
cascade_min_out_epochs=50
cascade_max_cand_epochs=150
cascade_min_cand_epochs=50
cascade_num_candidate_groups=2
bit_fail_limit=3.49999994039535522461e-01
cascade_candidate_limit=1.00000000000000000000e+03
cascade_weight_multiplier=4.00000005960464477539e-01
cascade_activation_functions_count=10
cascade_activation_functions=3 5 7 8 10 11 14 15 16 17 
cascade_activation_steepnesses_count=4
cascade_activation_steepnesses=2.50000000000000000000e-01 5.00000000000000000000e-01 7.50000000000000000000e-01 1.00000000000000000000e+00 
layer_sizes=2 5 3 3 
scale_included=0
neurons (num_inputs, activation_function, activation_steepness)=(0, 0, 0.00000000000000000000e+00) (0, 0, 0.00000000000000000000e+00) (2, 3, 5.00000000000000000000e-01) (2, 3, 5.00000000000000000000e-01) (2, 3, 5.00000000000000000000e-01) (2, 3, 5.00000000000000000000e-01) (0, 3, 0.00000000000000000000e+00) (5, 3, 5.00000000000000000000e-01) (5, 3, 5.00000000000000000000e-01) (0, 3, 0.00000000000000000000e+00) (3, 0, 5.00000000000000000000e-01) (3, 0, 5.00000000000000000000e-01) (0, 0, 0.00000000000000000000e+00) 
connections (connected_to_neuron, weight)=(0, 1.08853063583374023438e+01) (1, -5.45918083190917968750e+00) (0, 1.21807632446289062500e+01) (1, -3.91528058052062988281e+00) (0, 2.90495071411132812500e+01) (1, -1.61403644084930419922e+00) (0, 2.26696262359619140625e+01) (1, -1.84242382645606994629e-01) (2, -1.41477270126342773438e+01) (3, 9.94407653808593750000e+00) (4, 3.48703980445861816406e-01) (5, 3.02263593673706054688e+00) (6, -3.94226646423339843750e+00) (2, -2.20110130310058593750e+00) (3, -2.78048968315124511719e+00) (4, 1.89468586444854736328e+00) (5, -1.12375281751155853271e-01) (6, 5.79434096813201904297e-01) (7, -2.19610762596130371094e+00) (8, -3.36922883987426757812e+00) (9, 2.48215603828430175781e+00) (7, -3.27700257301330566406e+00) (8, 3.28824448585510253906e+00) (9, 2.27344837039709091187e-02) 
