FANN_FLO_2.1
num_layers=3
learning_rate=0.400000
connection_rate=1.000000
network_type=0
learning_momentum=0.000000
training_algorithm=2
train_error_function=1
train_stop_function=0
cascade_output_change_fraction=0.010000
quickprop_decay=-0.000100
quickprop_mu=1.750000
rprop_increase_factor=1.200000
rprop_decrease_factor=0.500000
rprop_delta_min=0.000000
rprop_delta_max=50.000000
rprop_delta_zero=0.100000
cascade_output_stagnation_epochs=12
cascade_candidate_change_fraction=0.010000
cascade_candidate_stagnation_epochs=12
cascade_max_out_epochs=150
cascade_min_out_epochs=50
cascade_max_cand_epochs=150
cascade_min_cand_epochs=50
cascade_num_candidate_groups=2
bit_fail_limit=3.49999994039535522461e-01
cascade_candidate_limit=1.00000000000000000000e+03
cascade_weight_multiplier=4.00000005960464477539e-01
cascade_activation_functions_count=10
cascade_activation_functions=3 5 7 8 10 11 14 15 16 17 
cascade_activation_steepnesses_count=4
cascade_activation_steepnesses=2.50000000000000000000e-01 5.00000000000000000000e-01 7.50000000000000000000e-01 1.00000000000000000000e+00 
layer_sizes=7 5 2 
scale_included=0
neurons (num_inputs, activation_function, activation_steepness)=(0, 0, 0.00000000000000000000e+00) (0, 0, 0.00000000000000000000e+00) (0, 0, 0.00000000000000000000e+00) (0, 0, 0.00000000000000000000e+00) (0, 0, 0.00000000000000000000e+00) (0, 0, 0.00000000000000000000e+00) (0, 0, 0.00000000000000000000e+00) (7, 3, 5.00000000000000000000e-01) (7, 3, 5.00000000000000000000e-01) (7, 3, 5.00000000000000000000e-01) (7, 3, 5.00000000000000000000e-01) (0, 3, 0.00000000000000000000e+00) (5, 3, 5.00000000000000000000e-01) (0, 3, 0.00000000000000000000e+00) 
connections (connected_to_neuron, weight)=(0, 7.45861339569091796875e+00) (1, -8.04660415649414062500e+00) (2, 6.26870512962341308594e-01) (3, -1.94254958629608154297e+00) (4, -3.88306647539138793945e-01) (5, 3.30170369148254394531e+00) (6, -4.22179222106933593750e+00) (0, 3.58995884656906127930e-01) (1, -5.01984167098999023438e+00) (2, -4.76598834991455078125e+00) (3, -3.46164846420288085938e+00) (4, -1.62183010578155517578e+00) (5, 1.16695976257324218750e+00) (6, 7.96739149093627929688e+00) (0, -5.51969718933105468750e+00) (1, -6.28342628479003906250e-01) (2, 2.56099586486816406250e+01) (3, -3.48430156707763671875e+00) (4, -2.36515784263610839844e+00) (5, 2.14475750923156738281e+00) (6, 5.57013034820556640625e+00) (0, -9.03241348266601562500e+00) (1, 8.58993434906005859375e+00) (2, -5.70950794219970703125e+00) (3, -1.43980979919433593750e+00) (4, -6.54259145259857177734e-01) (5, -1.50000000000000000000e+03) (6, -5.47611176967620849609e-01) (7, -1.24599695205688476562e+01) (8, -6.77609026432037353516e-01) (9, -7.16323256492614746094e-01) (10, -1.03290901184082031250e+01) (11, -1.89541891217231750488e-01) 
