FANN_FLO_2.1
num_layers=4
learning_rate=0.500000
connection_rate=1.000000
network_type=0
learning_momentum=0.000000
training_algorithm=2
train_error_function=1
train_stop_function=0
cascade_output_change_fraction=0.010000
quickprop_decay=-0.000100
quickprop_mu=1.750000
rprop_increase_factor=1.200000
rprop_decrease_factor=0.500000
rprop_delta_min=0.000000
rprop_delta_max=50.000000
rprop_delta_zero=0.100000
cascade_output_stagnation_epochs=12
cascade_candidate_change_fraction=0.010000
cascade_candidate_stagnation_epochs=12
cascade_max_out_epochs=150
cascade_min_out_epochs=50
cascade_max_cand_epochs=150
cascade_min_cand_epochs=50
cascade_num_candidate_groups=2
bit_fail_limit=3.49999994039535522461e-01
cascade_candidate_limit=1.00000000000000000000e+03
cascade_weight_multiplier=4.00000005960464477539e-01
cascade_activation_functions_count=10
cascade_activation_functions=3 5 7 8 10 11 14 15 16 17 
cascade_activation_steepnesses_count=4
cascade_activation_steepnesses=2.50000000000000000000e-01 5.00000000000000000000e-01 7.50000000000000000000e-01 1.00000000000000000000e+00 
layer_sizes=2 5 3 3 
scale_included=0
neurons (num_inputs, activation_function, activation_steepness)=(0, 0, 0.00000000000000000000e+00) (0, 0, 0.00000000000000000000e+00) (2, 3, 5.00000000000000000000e-01) (2, 3, 5.00000000000000000000e-01) (2, 3, 5.00000000000000000000e-01) (2, 3, 5.00000000000000000000e-01) (0, 3, 0.00000000000000000000e+00) (5, 3, 5.00000000000000000000e-01) (5, 3, 5.00000000000000000000e-01) (0, 3, 0.00000000000000000000e+00) (3, 0, 5.00000000000000000000e-01) (3, 0, 5.00000000000000000000e-01) (0, 0, 0.00000000000000000000e+00) 
connections (connected_to_neuron, weight)=(0, -2.27889099121093750000e+01) (1, 1.74990272521972656250e+00) (0, -1.81639194488525390625e+01) (1, 5.29225778579711914062e+00) (0, -1.07255229949951171875e+01) (1, 2.64123487472534179688e+00) (0, -1.67043190002441406250e+01) (1, 3.73906493186950683594e+00) (2, -1.85752880573272705078e+00) (3, -7.58699655532836914062e-01) (4, -4.14054512977600097656e-01) (5, -8.76569330692291259766e-01) (6, 1.29082524776458740234e+00) (2, -5.79713249206542968750e+00) (3, -2.89795255661010742188e+00) (4, 1.40309057235717773438e+01) (5, -2.68507099151611328125e+00) (6, -1.65799975395202636719e+00) (7, -2.90916633605957031250e+00) (8, -4.00894546508789062500e+00) (9, 3.17463064193725585938e+00) (7, -4.92384099960327148438e+00) (8, 1.64860975742340087891e+00) (9, 1.22094094753265380859e+00) 
