FANN_FLO_2.1
num_layers=3
learning_rate=0.400000
connection_rate=1.000000
network_type=0
learning_momentum=0.000000
training_algorithm=2
train_error_function=1
train_stop_function=0
cascade_output_change_fraction=0.010000
quickprop_decay=-0.000100
quickprop_mu=1.750000
rprop_increase_factor=1.200000
rprop_decrease_factor=0.500000
rprop_delta_min=0.000000
rprop_delta_max=50.000000
rprop_delta_zero=0.100000
cascade_output_stagnation_epochs=12
cascade_candidate_change_fraction=0.010000
cascade_candidate_stagnation_epochs=12
cascade_max_out_epochs=150
cascade_min_out_epochs=50
cascade_max_cand_epochs=150
cascade_min_cand_epochs=50
cascade_num_candidate_groups=2
bit_fail_limit=3.49999994039535522461e-01
cascade_candidate_limit=1.00000000000000000000e+03
cascade_weight_multiplier=4.00000005960464477539e-01
cascade_activation_functions_count=10
cascade_activation_functions=3 5 7 8 10 11 14 15 16 17 
cascade_activation_steepnesses_count=4
cascade_activation_steepnesses=2.50000000000000000000e-01 5.00000000000000000000e-01 7.50000000000000000000e-01 1.00000000000000000000e+00 
layer_sizes=7 5 2 
scale_included=0
neurons (num_inputs, activation_function, activation_steepness)=(0, 0, 0.00000000000000000000e+00) (0, 0, 0.00000000000000000000e+00) (0, 0, 0.00000000000000000000e+00) (0, 0, 0.00000000000000000000e+00) (0, 0, 0.00000000000000000000e+00) (0, 0, 0.00000000000000000000e+00) (0, 0, 0.00000000000000000000e+00) (7, 3, 5.00000000000000000000e-01) (7, 3, 5.00000000000000000000e-01) (7, 3, 5.00000000000000000000e-01) (7, 3, 5.00000000000000000000e-01) (0, 3, 0.00000000000000000000e+00) (5, 3, 5.00000000000000000000e-01) (0, 3, 0.00000000000000000000e+00) 
connections (connected_to_neuron, weight)=(0, -2.65696406364440917969e+00) (1, -3.91292190551757812500e+00) (2, 2.51408123970031738281e+00) (3, -6.98654413223266601562e+00) (4, -2.81295990943908691406e+00) (5, 1.77236568927764892578e+00) (6, 1.04739866256713867188e+01) (0, 1.17360439300537109375e+01) (1, -7.92866849899291992188e+00) (2, -1.67917609214782714844e+00) (3, 7.96911287307739257812e+00) (4, 2.23129940032958984375e+00) (5, -4.18613290786743164062e+00) (6, 8.90009641647338867188e-01) (0, 7.07484245300292968750e+00) (1, -8.78217697143554687500e+00) (2, 3.35983824729919433594e+00) (3, -3.93446588516235351562e+00) (4, -8.23367118835449218750e-01) (5, 5.74599504470825195312e+00) (6, -3.27132940292358398438e+00) (0, -8.00423336029052734375e+00) (1, 7.24872541427612304688e+00) (2, -1.77249550819396972656e+00) (3, -1.66381347179412841797e+00) (4, -7.67531871795654296875e-01) (5, -4.16709899902343750000e+00) (6, -2.87749975919723510742e-01) (7, -6.06185197830200195312e-01) (8, -2.44598150253295898438e+00) (9, -4.69063711166381835938e+00) (10, -1.04870128631591796875e+01) (11, 1.82453167438507080078e+00) 
