FANN_FLO_2.1
num_layers=4
learning_rate=0.500000
connection_rate=1.000000
network_type=0
learning_momentum=0.000000
training_algorithm=2
train_error_function=1
train_stop_function=0
cascade_output_change_fraction=0.010000
quickprop_decay=-0.000100
quickprop_mu=1.750000
rprop_increase_factor=1.200000
rprop_decrease_factor=0.500000
rprop_delta_min=0.000000
rprop_delta_max=50.000000
rprop_delta_zero=0.100000
cascade_output_stagnation_epochs=12
cascade_candidate_change_fraction=0.010000
cascade_candidate_stagnation_epochs=12
cascade_max_out_epochs=150
cascade_min_out_epochs=50
cascade_max_cand_epochs=150
cascade_min_cand_epochs=50
cascade_num_candidate_groups=2
bit_fail_limit=3.49999994039535522461e-01
cascade_candidate_limit=1.00000000000000000000e+03
cascade_weight_multiplier=4.00000005960464477539e-01
cascade_activation_functions_count=10
cascade_activation_functions=3 5 7 8 10 11 14 15 16 17 
cascade_activation_steepnesses_count=4
cascade_activation_steepnesses=2.50000000000000000000e-01 5.00000000000000000000e-01 7.50000000000000000000e-01 1.00000000000000000000e+00 
layer_sizes=10 3 3 2 
scale_included=0
neurons (num_inputs, activation_function, activation_steepness)=(0, 0, 0.00000000000000000000e+00) (0, 0, 0.00000000000000000000e+00) (0, 0, 0.00000000000000000000e+00) (0, 0, 0.00000000000000000000e+00) (0, 0, 0.00000000000000000000e+00) (0, 0, 0.00000000000000000000e+00) (0, 0, 0.00000000000000000000e+00) (0, 0, 0.00000000000000000000e+00) (0, 0, 0.00000000000000000000e+00) (0, 0, 0.00000000000000000000e+00) (10, 3, 5.00000000000000000000e-01) (10, 3, 5.00000000000000000000e-01) (0, 3, 0.00000000000000000000e+00) (3, 3, 5.00000000000000000000e-01) (3, 3, 5.00000000000000000000e-01) (0, 3, 0.00000000000000000000e+00) (3, 3, 5.00000000000000000000e-01) (0, 3, 0.00000000000000000000e+00) 
connections (connected_to_neuron, weight)=(0, 3.91739439964294433594e+00) (1, 5.86516332626342773438e+00) (2, -6.45527458190917968750e+00) (3, -3.41359710693359375000e+00) (4, 7.40230894088745117188e+00) (5, -3.23781400918960571289e-01) (6, 4.90345001220703125000e+00) (7, -1.40591669082641601562e+01) (8, -1.27859458923339843750e+01) (9, 4.21808779239654541016e-01) (0, -8.61287231445312500000e+02) (1, -2.06955581665039062500e+02) (2, 4.53384494781494140625e+00) (3, -1.47500000000000000000e+03) (4, 1.49050854492187500000e+03) (5, 8.85900634765625000000e+02) (6, 1.31208190917968750000e+02) (7, -1.40218701171875000000e+03) (8, 1.49746276855468750000e+03) (9, 2.03346505761146545410e-01) (10, 1.50000000000000000000e+03) (11, -7.04993629455566406250e+00) (12, -2.21515560150146484375e+01) (10, 1.50000000000000000000e+03) (11, 1.42157348632812500000e+03) (12, -4.45786476135253906250e+00) (13, 6.62401258945465087891e-01) (14, 1.37886178493499755859e+00) (15, -1.20271205902099609375e+00) 
