FANN_FLO_2.1
num_layers=4
learning_rate=0.500000
connection_rate=1.000000
network_type=0
learning_momentum=0.000000
training_algorithm=2
train_error_function=1
train_stop_function=0
cascade_output_change_fraction=0.010000
quickprop_decay=-0.000100
quickprop_mu=1.750000
rprop_increase_factor=1.200000
rprop_decrease_factor=0.500000
rprop_delta_min=0.000000
rprop_delta_max=50.000000
rprop_delta_zero=0.100000
cascade_output_stagnation_epochs=12
cascade_candidate_change_fraction=0.010000
cascade_candidate_stagnation_epochs=12
cascade_max_out_epochs=150
cascade_min_out_epochs=50
cascade_max_cand_epochs=150
cascade_min_cand_epochs=50
cascade_num_candidate_groups=2
bit_fail_limit=3.49999994039535522461e-01
cascade_candidate_limit=1.00000000000000000000e+03
cascade_weight_multiplier=4.00000005960464477539e-01
cascade_activation_functions_count=10
cascade_activation_functions=3 5 7 8 10 11 14 15 16 17 
cascade_activation_steepnesses_count=4
cascade_activation_steepnesses=2.50000000000000000000e-01 5.00000000000000000000e-01 7.50000000000000000000e-01 1.00000000000000000000e+00 
layer_sizes=10 5 3 2 
scale_included=0
neurons (num_inputs, activation_function, activation_steepness)=(0, 0, 0.00000000000000000000e+00) (0, 0, 0.00000000000000000000e+00) (0, 0, 0.00000000000000000000e+00) (0, 0, 0.00000000000000000000e+00) (0, 0, 0.00000000000000000000e+00) (0, 0, 0.00000000000000000000e+00) (0, 0, 0.00000000000000000000e+00) (0, 0, 0.00000000000000000000e+00) (0, 0, 0.00000000000000000000e+00) (0, 0, 0.00000000000000000000e+00) (10, 3, 5.00000000000000000000e-01) (10, 3, 5.00000000000000000000e-01) (10, 3, 5.00000000000000000000e-01) (10, 3, 5.00000000000000000000e-01) (0, 3, 0.00000000000000000000e+00) (5, 3, 5.00000000000000000000e-01) (5, 3, 5.00000000000000000000e-01) (0, 3, 0.00000000000000000000e+00) (3, 3, 5.00000000000000000000e-01) (0, 3, 0.00000000000000000000e+00) 
connections (connected_to_neuron, weight)=(0, -1.10864839553833007812e+01) (1, -1.09758758544921875000e+01) (2, 2.38313937187194824219e+00) (3, -9.16609525680541992188e-01) (4, 7.98431098461151123047e-01) (5, 6.10684990882873535156e-01) (6, 6.51306629180908203125e+00) (7, 1.39896354675292968750e+01) (8, 6.74336814880371093750e+00) (9, -7.23353266716003417969e-01) (0, -4.88587427139282226562e+00) (1, -3.03607501983642578125e+01) (2, -1.50000000000000000000e+03) (3, -1.04871594905853271484e+00) (4, 3.69075536727905273438e+00) (5, 1.50000000000000000000e+03) (6, 2.70727348327636718750e+01) (7, 4.04890567064285278320e-01) (8, -1.48436547851562500000e+03) (9, 9.86878335475921630859e-01) (0, -9.82852649688720703125e+00) (1, -5.77220726013183593750e+00) (2, -3.32497291564941406250e+01) (3, 9.17247056961059570312e-01) (4, 4.01449813842773437500e+01) (5, -1.07127559185028076172e+00) (6, 2.60502552986145019531e+00) (7, 1.73693122863769531250e+01) (8, 2.01913619041442871094e+00) (9, -1.16137683391571044922e+00) (0, -1.85402877807617187500e+02) (1, -1.50000000000000000000e+03) (2, 6.33764587402343750000e+02) (3, 1.50000000000000000000e+03) (4, -3.04339771270751953125e+01) (5, 3.79601135253906250000e+02) (6, 1.50000000000000000000e+03) (7, -3.72531585693359375000e+02) (8, 2.14109878540039062500e+01) (9, 7.71613264083862304688e+00) (10, 4.17976093292236328125e+00) (11, -1.04257202148437500000e+01) (12, 2.62957668304443359375e+00) (13, -2.57157754898071289062e+00) (14, 3.81768614053726196289e-01) (10, 4.84778594970703125000e+00) (11, -7.44731140136718750000e+00) (12, 5.99958610534667968750e+00) (13, -5.34290647506713867188e+00) (14, -8.47189426422119140625e-01) (15, -7.60216474533081054688e-01) (16, -1.45384144783020019531e+00) (17, 9.61190879344940185547e-01) 
