FANN_FLO_2.1
num_layers=4
learning_rate=0.500000
connection_rate=1.000000
network_type=0
learning_momentum=0.000000
training_algorithm=2
train_error_function=1
train_stop_function=0
cascade_output_change_fraction=0.010000
quickprop_decay=-0.000100
quickprop_mu=1.750000
rprop_increase_factor=1.200000
rprop_decrease_factor=0.500000
rprop_delta_min=0.000000
rprop_delta_max=50.000000
rprop_delta_zero=0.100000
cascade_output_stagnation_epochs=12
cascade_candidate_change_fraction=0.010000
cascade_candidate_stagnation_epochs=12
cascade_max_out_epochs=150
cascade_min_out_epochs=50
cascade_max_cand_epochs=150
cascade_min_cand_epochs=50
cascade_num_candidate_groups=2
bit_fail_limit=3.49999994039535522461e-01
cascade_candidate_limit=1.00000000000000000000e+03
cascade_weight_multiplier=4.00000005960464477539e-01
cascade_activation_functions_count=10
cascade_activation_functions=3 5 7 8 10 11 14 15 16 17 
cascade_activation_steepnesses_count=4
cascade_activation_steepnesses=2.50000000000000000000e-01 5.00000000000000000000e-01 7.50000000000000000000e-01 1.00000000000000000000e+00 
layer_sizes=10 3 3 2 
scale_included=0
neurons (num_inputs, activation_function, activation_steepness)=(0, 0, 0.00000000000000000000e+00) (0, 0, 0.00000000000000000000e+00) (0, 0, 0.00000000000000000000e+00) (0, 0, 0.00000000000000000000e+00) (0, 0, 0.00000000000000000000e+00) (0, 0, 0.00000000000000000000e+00) (0, 0, 0.00000000000000000000e+00) (0, 0, 0.00000000000000000000e+00) (0, 0, 0.00000000000000000000e+00) (0, 0, 0.00000000000000000000e+00) (10, 3, 5.00000000000000000000e-01) (10, 3, 5.00000000000000000000e-01) (0, 3, 0.00000000000000000000e+00) (3, 3, 5.00000000000000000000e-01) (3, 3, 5.00000000000000000000e-01) (0, 3, 0.00000000000000000000e+00) (3, 3, 5.00000000000000000000e-01) (0, 3, 0.00000000000000000000e+00) 
connections (connected_to_neuron, weight)=(0, 5.49859497070312500000e+02) (1, 3.91595611572265625000e+01) (2, 1.11385217285156250000e+03) (3, -1.41411170959472656250e+01) (4, -2.86029937744140625000e+02) (5, 1.94060409545898437500e+02) (6, -1.27611059570312500000e+03) (7, -1.49777673339843750000e+03) (8, 1.27704956054687500000e+02) (9, -1.11822338104248046875e+01) (0, -1.73967313766479492188e+00) (1, -1.15259158611297607422e+00) (2, -1.88701534271240234375e+01) (3, 1.34788215160369873047e+00) (4, 8.07094669342041015625e+00) (5, 1.28258781433105468750e+01) (6, 4.40961390733718872070e-01) (7, 2.96749949455261230469e+00) (8, 1.39983713626861572266e-01) (9, -4.24059200286865234375e+00) (10, 1.15728004455566406250e+02) (11, 1.23621482849121093750e+01) (12, -5.69135189056396484375e+00) (10, 8.36610984802246093750e+00) (11, 1.33096027374267578125e+01) (12, -6.13702106475830078125e+00) (13, 1.08102309703826904297e+00) (14, 6.69532179832458496094e-01) (15, -8.65123450756072998047e-01) 
