FANN_FLO_2.1
num_layers=3
learning_rate=0.400000
connection_rate=1.000000
network_type=0
learning_momentum=0.000000
training_algorithm=2
train_error_function=1
train_stop_function=0
cascade_output_change_fraction=0.010000
quickprop_decay=-0.000100
quickprop_mu=1.750000
rprop_increase_factor=1.200000
rprop_decrease_factor=0.500000
rprop_delta_min=0.000000
rprop_delta_max=50.000000
rprop_delta_zero=0.100000
cascade_output_stagnation_epochs=12
cascade_candidate_change_fraction=0.010000
cascade_candidate_stagnation_epochs=12
cascade_max_out_epochs=150
cascade_min_out_epochs=50
cascade_max_cand_epochs=150
cascade_min_cand_epochs=50
cascade_num_candidate_groups=2
bit_fail_limit=3.49999994039535522461e-01
cascade_candidate_limit=1.00000000000000000000e+03
cascade_weight_multiplier=4.00000005960464477539e-01
cascade_activation_functions_count=10
cascade_activation_functions=3 5 7 8 10 11 14 15 16 17 
cascade_activation_steepnesses_count=4
cascade_activation_steepnesses=2.50000000000000000000e-01 5.00000000000000000000e-01 7.50000000000000000000e-01 1.00000000000000000000e+00 
layer_sizes=7 9 2 
scale_included=0
neurons (num_inputs, activation_function, activation_steepness)=(0, 0, 0.00000000000000000000e+00) (0, 0, 0.00000000000000000000e+00) (0, 0, 0.00000000000000000000e+00) (0, 0, 0.00000000000000000000e+00) (0, 0, 0.00000000000000000000e+00) (0, 0, 0.00000000000000000000e+00) (0, 0, 0.00000000000000000000e+00) (7, 3, 5.00000000000000000000e-01) (7, 3, 5.00000000000000000000e-01) (7, 3, 5.00000000000000000000e-01) (7, 3, 5.00000000000000000000e-01) (7, 3, 5.00000000000000000000e-01) (7, 3, 5.00000000000000000000e-01) (7, 3, 5.00000000000000000000e-01) (7, 3, 5.00000000000000000000e-01) (0, 3, 0.00000000000000000000e+00) (9, 3, 5.00000000000000000000e-01) (0, 3, 0.00000000000000000000e+00) 
connections (connected_to_neuron, weight)=(0, 1.54332792758941650391e+00) (1, 9.67973113059997558594e-01) (2, 8.99128615856170654297e-01) (3, -2.18654227256774902344e+00) (4, -8.57798218727111816406e-01) (5, 2.06341218948364257812e+00) (6, 1.26050400733947753906e+00) (0, -5.89822244644165039062e+00) (1, -1.51609396934509277344e+00) (2, -2.20971727371215820312e+00) (3, 1.14831626415252685547e+00) (4, 2.96491551399230957031e+00) (5, 1.71491730213165283203e+00) (6, -2.02196598052978515625e+00) (0, 1.78918644785881042480e-01) (1, 1.29190564155578613281e+00) (2, -4.59835290908813476562e+00) (3, -1.98082780838012695312e+00) (4, -5.51909971237182617188e+00) (5, 1.40285301208496093750e+01) (6, 5.69813787937164306641e-01) (0, 2.30932760238647460938e+00) (1, -1.02516078948974609375e+00) (2, 2.74376511573791503906e-01) (3, 1.03891479969024658203e+00) (4, 2.11515641212463378906e+00) (5, 6.77590429782867431641e-01) (6, -3.44337224960327148438e-01) (0, 1.94967091083526611328e-01) (1, 8.14908206462860107422e-01) (2, -1.71823287010192871094e+00) (3, -3.34863018989562988281e+00) (4, -5.81422507762908935547e-01) (5, 3.44125199317932128906e+00) (6, 8.17918360233306884766e-01) (0, -2.14069008827209472656e+00) (1, -7.73804128170013427734e-01) (2, -1.27636992931365966797e+00) (3, 1.96688365936279296875e+00) (4, -4.39516425132751464844e-01) (5, 7.22814273834228515625e+00) (6, -4.21313047409057617188e+00) (0, -7.13681340217590332031e-01) (1, 4.01056379079818725586e-01) (2, -1.17815464735031127930e-01) (3, -1.56721210479736328125e+00) (4, -1.00711441040039062500e+00) (5, 2.05101990699768066406e+00) (6, -1.29215449094772338867e-01) (0, 2.47623872756958007812e+00) (1, 1.44650244712829589844e+00) (2, -7.48757839202880859375e+00) (3, 1.65054953098297119141e+00) (4, -2.25221920013427734375e+00) (5, 1.18377246856689453125e+01) (6, 6.07710659503936767578e-01) (7, -5.67248582839965820312e-01) (8, 4.11674451828002929688e+00) (9, -1.62881612777709960938e+00) (10, 1.04803049564361572266e+00) (11, -8.31406056880950927734e-01) (12, 3.28459715843200683594e+00) (13, -4.70521926879882812500e-01) (14, -1.07369291782379150391e+00) (15, 2.93551534414291381836e-01) 
