FANN_FLO_2.1
num_layers=3
learning_rate=0.400000
connection_rate=1.000000
network_type=0
learning_momentum=0.000000
training_algorithm=2
train_error_function=1
train_stop_function=0
cascade_output_change_fraction=0.010000
quickprop_decay=-0.000100
quickprop_mu=1.750000
rprop_increase_factor=1.200000
rprop_decrease_factor=0.500000
rprop_delta_min=0.000000
rprop_delta_max=50.000000
rprop_delta_zero=0.100000
cascade_output_stagnation_epochs=12
cascade_candidate_change_fraction=0.010000
cascade_candidate_stagnation_epochs=12
cascade_max_out_epochs=150
cascade_min_out_epochs=50
cascade_max_cand_epochs=150
cascade_min_cand_epochs=50
cascade_num_candidate_groups=2
bit_fail_limit=3.49999994039535522461e-01
cascade_candidate_limit=1.00000000000000000000e+03
cascade_weight_multiplier=4.00000005960464477539e-01
cascade_activation_functions_count=10
cascade_activation_functions=3 5 7 8 10 11 14 15 16 17 
cascade_activation_steepnesses_count=4
cascade_activation_steepnesses=2.50000000000000000000e-01 5.00000000000000000000e-01 7.50000000000000000000e-01 1.00000000000000000000e+00 
layer_sizes=7 9 2 
scale_included=0
neurons (num_inputs, activation_function, activation_steepness)=(0, 0, 0.00000000000000000000e+00) (0, 0, 0.00000000000000000000e+00) (0, 0, 0.00000000000000000000e+00) (0, 0, 0.00000000000000000000e+00) (0, 0, 0.00000000000000000000e+00) (0, 0, 0.00000000000000000000e+00) (0, 0, 0.00000000000000000000e+00) (7, 3, 5.00000000000000000000e-01) (7, 3, 5.00000000000000000000e-01) (7, 3, 5.00000000000000000000e-01) (7, 3, 5.00000000000000000000e-01) (7, 3, 5.00000000000000000000e-01) (7, 3, 5.00000000000000000000e-01) (7, 3, 5.00000000000000000000e-01) (7, 3, 5.00000000000000000000e-01) (0, 3, 0.00000000000000000000e+00) (9, 3, 5.00000000000000000000e-01) (0, 3, 0.00000000000000000000e+00) 
connections (connected_to_neuron, weight)=(0, 1.17781047821044921875e+01) (1, -1.27991104125976562500e+01) (2, 5.52062809467315673828e-01) (3, -2.41916513442993164062e+00) (4, -2.74222820997238159180e-01) (5, -7.03066635131835937500e+00) (6, 8.12713432312011718750e+00) (0, -7.67424702644348144531e-02) (1, -5.68278741836547851562e+00) (2, 2.81598491668701171875e+01) (3, -2.90737152099609375000e+00) (4, -3.91552734375000000000e+00) (5, -1.21621914207935333252e-01) (6, 8.05486392974853515625e+00) (0, -1.61884224414825439453e+00) (1, -5.15837621688842773438e+00) (2, -2.43057212829589843750e+01) (3, -1.83707790374755859375e+01) (4, -4.62608909606933593750e+00) (5, -2.04859781265258789062e+00) (6, 8.05105590820312500000e+00) (0, -1.51963863372802734375e+01) (1, 1.28191919326782226562e+01) (2, -2.49916911125183105469e+00) (3, -3.27000284194946289062e+00) (4, -1.42629992961883544922e+00) (5, 4.78034019470214843750e+00) (6, 2.23662066459655761719e+00) (0, 6.44697010517120361328e-01) (1, -1.39768242835998535156e-01) (2, 2.45638675689697265625e+01) (3, -1.30160799026489257812e+01) (4, 5.90706253051757812500e+00) (5, 1.91687382757663726807e-02) (6, -2.42045569419860839844e+00) (0, 5.75367212295532226562e-01) (1, 8.12617969512939453125e+00) (2, -8.56963882446289062500e+01) (3, -1.70349617004394531250e+01) (4, 2.19539594650268554688e+00) (5, -1.26560842990875244141e+00) (6, -3.71581792831420898438e+00) (0, -1.02036666870117187500e+00) (1, -5.66224670410156250000e+00) (2, -4.69678649902343750000e+01) (3, 1.49275070190429687500e+02) (4, -5.06283630371093750000e+02) (5, -1.02733306884765625000e+01) (6, 8.78709506988525390625e+00) (0, -1.07958638668060302734e+00) (1, -5.25447177886962890625e+00) (2, -3.00474967956542968750e+01) (3, 1.67358145117759704590e-01) (4, -4.26758384704589843750e+00) (5, 7.63651323318481445312e+00) (6, 9.20399570465087890625e+00) (7, -4.42742729187011718750e+00) (8, -3.25549572706222534180e-01) (9, 1.16991090774536132812e+00) (10, -4.11145162582397460938e+00) (11, -3.67605179548263549805e-01) (12, -1.19401490688323974609e+00) (13, -4.69062566757202148438e-01) (14, -5.31022131443023681641e-01) (15, 3.51607012748718261719e+00) 
