FANN_FLO_2.1
num_layers=4
learning_rate=0.500000
connection_rate=1.000000
network_type=0
learning_momentum=0.000000
training_algorithm=2
train_error_function=1
train_stop_function=0
cascade_output_change_fraction=0.010000
quickprop_decay=-0.000100
quickprop_mu=1.750000
rprop_increase_factor=1.200000
rprop_decrease_factor=0.500000
rprop_delta_min=0.000000
rprop_delta_max=50.000000
rprop_delta_zero=0.100000
cascade_output_stagnation_epochs=12
cascade_candidate_change_fraction=0.010000
cascade_candidate_stagnation_epochs=12
cascade_max_out_epochs=150
cascade_min_out_epochs=50
cascade_max_cand_epochs=150
cascade_min_cand_epochs=50
cascade_num_candidate_groups=2
bit_fail_limit=3.49999994039535522461e-01
cascade_candidate_limit=1.00000000000000000000e+03
cascade_weight_multiplier=4.00000005960464477539e-01
cascade_activation_functions_count=10
cascade_activation_functions=3 5 7 8 10 11 14 15 16 17 
cascade_activation_steepnesses_count=4
cascade_activation_steepnesses=2.50000000000000000000e-01 5.00000000000000000000e-01 7.50000000000000000000e-01 1.00000000000000000000e+00 
layer_sizes=10 5 3 2 
scale_included=0
neurons (num_inputs, activation_function, activation_steepness)=(0, 0, 0.00000000000000000000e+00) (0, 0, 0.00000000000000000000e+00) (0, 0, 0.00000000000000000000e+00) (0, 0, 0.00000000000000000000e+00) (0, 0, 0.00000000000000000000e+00) (0, 0, 0.00000000000000000000e+00) (0, 0, 0.00000000000000000000e+00) (0, 0, 0.00000000000000000000e+00) (0, 0, 0.00000000000000000000e+00) (0, 0, 0.00000000000000000000e+00) (10, 3, 5.00000000000000000000e-01) (10, 3, 5.00000000000000000000e-01) (10, 3, 5.00000000000000000000e-01) (10, 3, 5.00000000000000000000e-01) (0, 3, 0.00000000000000000000e+00) (5, 3, 5.00000000000000000000e-01) (5, 3, 5.00000000000000000000e-01) (0, 3, 0.00000000000000000000e+00) (3, 3, 5.00000000000000000000e-01) (0, 3, 0.00000000000000000000e+00) 
connections (connected_to_neuron, weight)=(0, 1.78121912479400634766e+00) (1, -9.94601535797119140625e+00) (2, 3.77273988723754882812e+00) (3, 9.93809521198272705078e-01) (4, -2.79664826393127441406e+00) (5, 1.11515307426452636719e+00) (6, 1.45895690917968750000e+01) (7, -1.20656404495239257812e+01) (8, 7.00329780578613281250e-01) (9, -3.41407871246337890625e+00) (0, 7.85238790512084960938e+00) (1, -7.90795028209686279297e-01) (2, -1.87453770637512207031e+00) (3, 4.56492960453033447266e-01) (4, -5.48257207870483398438e+00) (5, 2.39773368835449218750e+00) (6, 1.14139375686645507812e+01) (7, -8.41410827636718750000e+00) (8, -1.27372002601623535156e+00) (9, -1.46822869777679443359e+00) (0, -2.95177817344665527344e+00) (1, -4.09724426269531250000e+00) (2, 8.85070323944091796875e+00) (3, 1.12047886848449707031e+00) (4, -2.60459947586059570312e+00) (5, -2.67288088798522949219e+00) (6, 1.44628286361694335938e+00) (7, 5.47241640090942382812e+00) (8, -4.03100937604904174805e-01) (9, -1.55922985076904296875e+00) (0, -1.88269543647766113281e+00) (1, -1.49974401855468750000e+03) (2, -1.87118743896484375000e+02) (3, 1.37401318550109863281e+00) (4, -9.21284914016723632812e-01) (5, -1.93600237369537353516e+00) (6, -1.66634953022003173828e+00) (7, 1.15464603900909423828e+00) (8, 1.19483146667480468750e+01) (9, -3.88468980789184570312e+00) (10, 9.06652164459228515625e+00) (11, 1.15612115859985351562e+01) (12, -1.43141355514526367188e+01) (13, 8.02835559844970703125e+00) (14, 1.27989125251770019531e+00) (10, 5.50247812271118164062e+00) (11, 6.91584730148315429688e+00) (12, -1.09252586364746093750e+01) (13, 4.84975433349609375000e+00) (14, 4.15774250030517578125e+00) (15, 1.80081236362457275391e+00) (16, 1.68406200408935546875e+00) (17, -2.60055470466613769531e+00) 
