FANN_FLO_2.1
num_layers=4
learning_rate=0.500000
connection_rate=1.000000
network_type=0
learning_momentum=0.000000
training_algorithm=2
train_error_function=1
train_stop_function=0
cascade_output_change_fraction=0.010000
quickprop_decay=-0.000100
quickprop_mu=1.750000
rprop_increase_factor=1.200000
rprop_decrease_factor=0.500000
rprop_delta_min=0.000000
rprop_delta_max=50.000000
rprop_delta_zero=0.100000
cascade_output_stagnation_epochs=12
cascade_candidate_change_fraction=0.010000
cascade_candidate_stagnation_epochs=12
cascade_max_out_epochs=150
cascade_min_out_epochs=50
cascade_max_cand_epochs=150
cascade_min_cand_epochs=50
cascade_num_candidate_groups=2
bit_fail_limit=3.49999994039535522461e-01
cascade_candidate_limit=1.00000000000000000000e+03
cascade_weight_multiplier=4.00000005960464477539e-01
cascade_activation_functions_count=10
cascade_activation_functions=3 5 7 8 10 11 14 15 16 17 
cascade_activation_steepnesses_count=4
cascade_activation_steepnesses=2.50000000000000000000e-01 5.00000000000000000000e-01 7.50000000000000000000e-01 1.00000000000000000000e+00 
layer_sizes=2 5 5 3 
scale_included=0
neurons (num_inputs, activation_function, activation_steepness)=(0, 0, 0.00000000000000000000e+00) (0, 0, 0.00000000000000000000e+00) (2, 3, 5.00000000000000000000e-01) (2, 3, 5.00000000000000000000e-01) (2, 3, 5.00000000000000000000e-01) (2, 3, 5.00000000000000000000e-01) (0, 3, 0.00000000000000000000e+00) (5, 3, 5.00000000000000000000e-01) (5, 3, 5.00000000000000000000e-01) (5, 3, 5.00000000000000000000e-01) (5, 3, 5.00000000000000000000e-01) (0, 3, 0.00000000000000000000e+00) (5, 0, 5.00000000000000000000e-01) (5, 0, 5.00000000000000000000e-01) (0, 0, 0.00000000000000000000e+00) 
connections (connected_to_neuron, weight)=(0, 7.26968669891357421875e+00) (1, -1.26196444034576416016e+00) (0, 1.34597711563110351562e+01) (1, -5.31231832504272460938e+00) (0, 7.52317857742309570312e+00) (1, -1.57647716999053955078e+00) (0, 1.13811588287353515625e+01) (1, -3.44515943527221679688e+00) (2, 7.39111661911010742188e-01) (3, 2.52366948127746582031e+00) (4, 4.02158826589584350586e-01) (5, 8.14441442489624023438e-01) (6, 1.73831954598426818848e-01) (2, -1.09819638729095458984e+00) (3, -1.65125632286071777344e+00) (4, -1.29900133609771728516e+00) (5, -3.31903338432312011719e+00) (6, 1.43976390361785888672e+00) (2, -3.74540591239929199219e+00) (3, 5.94286203384399414062e+00) (4, -3.71080422401428222656e+00) (5, -1.78720891475677490234e-01) (6, 1.17325890064239501953e+00) (2, -2.67015129327774047852e-01) (3, -1.02246701717376708984e+00) (4, -5.54910957813262939453e-01) (5, -1.52400863170623779297e+00) (6, 1.63855028152465820312e+00) (7, -8.84082496166229248047e-01) (8, 6.60542547702789306641e-01) (9, 5.38622522354125976562e+00) (10, -2.69699048995971679688e+00) (11, -9.05467644333839416504e-02) (7, -2.64964437484741210938e+00) (8, 2.42233443260192871094e+00) (9, -6.50271236896514892578e-01) (10, 2.61767101287841796875e+00) (11, 9.18659418821334838867e-02) 
