FANN_FLO_2.1
num_layers=3
learning_rate=0.400000
connection_rate=1.000000
network_type=0
learning_momentum=0.000000
training_algorithm=2
train_error_function=1
train_stop_function=0
cascade_output_change_fraction=0.010000
quickprop_decay=-0.000100
quickprop_mu=1.750000
rprop_increase_factor=1.200000
rprop_decrease_factor=0.500000
rprop_delta_min=0.000000
rprop_delta_max=50.000000
rprop_delta_zero=0.100000
cascade_output_stagnation_epochs=12
cascade_candidate_change_fraction=0.010000
cascade_candidate_stagnation_epochs=12
cascade_max_out_epochs=150
cascade_min_out_epochs=50
cascade_max_cand_epochs=150
cascade_min_cand_epochs=50
cascade_num_candidate_groups=2
bit_fail_limit=3.49999994039535522461e-01
cascade_candidate_limit=1.00000000000000000000e+03
cascade_weight_multiplier=4.00000005960464477539e-01
cascade_activation_functions_count=10
cascade_activation_functions=3 5 7 8 10 11 14 15 16 17 
cascade_activation_steepnesses_count=4
cascade_activation_steepnesses=2.50000000000000000000e-01 5.00000000000000000000e-01 7.50000000000000000000e-01 1.00000000000000000000e+00 
layer_sizes=7 9 2 
scale_included=0
neurons (num_inputs, activation_function, activation_steepness)=(0, 0, 0.00000000000000000000e+00) (0, 0, 0.00000000000000000000e+00) (0, 0, 0.00000000000000000000e+00) (0, 0, 0.00000000000000000000e+00) (0, 0, 0.00000000000000000000e+00) (0, 0, 0.00000000000000000000e+00) (0, 0, 0.00000000000000000000e+00) (7, 3, 5.00000000000000000000e-01) (7, 3, 5.00000000000000000000e-01) (7, 3, 5.00000000000000000000e-01) (7, 3, 5.00000000000000000000e-01) (7, 3, 5.00000000000000000000e-01) (7, 3, 5.00000000000000000000e-01) (7, 3, 5.00000000000000000000e-01) (7, 3, 5.00000000000000000000e-01) (0, 3, 0.00000000000000000000e+00) (9, 3, 5.00000000000000000000e-01) (0, 3, 0.00000000000000000000e+00) 
connections (connected_to_neuron, weight)=(0, 6.29559159278869628906e-01) (1, -2.05356374382972717285e-01) (2, -3.70389133691787719727e-01) (3, -4.59791719913482666016e-01) (4, 3.51578164100646972656e+00) (5, 2.06846058368682861328e-01) (6, -1.03781886398792266846e-01) (0, 3.03855991363525390625e+00) (1, 4.62353706359863281250e+00) (2, 1.33485794067382812500e+00) (3, -4.09938335418701171875e+00) (4, 1.17451372146606445312e+01) (5, -1.02554969787597656250e+01) (6, 7.80965447425842285156e-01) (0, 1.53594982624053955078e+00) (1, -5.02270936965942382812e-01) (2, -1.05320763587951660156e+00) (3, -3.45459073781967163086e-01) (4, 6.13435745239257812500e+00) (5, -1.44912183284759521484e-01) (6, -2.30441641807556152344e+00) (0, -1.72242939472198486328e-01) (1, 6.15426599979400634766e-01) (2, -1.10599327087402343750e+00) (3, -6.12609505653381347656e-01) (4, -2.55614113807678222656e+00) (5, -1.11013066768646240234e+00) (6, 3.66322815418243408203e-01) (0, 5.66809058189392089844e-01) (1, 7.11460830643773078918e-03) (2, -4.45290267467498779297e-01) (3, -1.55161857604980468750e-01) (4, 3.54073810577392578125e+00) (5, 2.41870820522308349609e-01) (6, -2.76946902275085449219e-01) (0, 1.22188644409179687500e+01) (1, 5.65659618377685546875e+00) (2, 5.65268158912658691406e-01) (3, -1.86802494525909423828e+00) (4, -1.94722342491149902344e+00) (5, -9.30910527706146240234e-01) (6, -1.12718975543975830078e+00) (0, 1.07430362701416015625e+01) (1, 1.73122274875640869141e+00) (2, -3.62832713127136230469e+00) (3, -7.91797590255737304688e+00) (4, 7.16178938746452331543e-02) (5, 2.05931067466735839844e+00) (6, 2.39732837677001953125e+00) (0, 1.52141618728637695312e+00) (1, -8.21061968803405761719e-01) (2, -6.92215502262115478516e-01) (3, -1.72366142272949218750e+00) (4, 3.98943352699279785156e+00) (5, -8.23424458503723144531e-01) (6, -1.60586372017860412598e-01) (7, 8.59220325946807861328e-01) (8, -2.25996136665344238281e+00) (9, 2.28467321395874023438e+00) (10, -1.55922245979309082031e+00) (11, 9.28123295307159423828e-01) (12, -8.11754882335662841797e-01) (13, -1.78577792644500732422e+00) (14, 9.90893661975860595703e-01) (15, 7.06558600068092346191e-02) 
