FANN_FLO_2.1
num_layers=4
learning_rate=0.500000
connection_rate=1.000000
network_type=0
learning_momentum=0.000000
training_algorithm=2
train_error_function=1
train_stop_function=0
cascade_output_change_fraction=0.010000
quickprop_decay=-0.000100
quickprop_mu=1.750000
rprop_increase_factor=1.200000
rprop_decrease_factor=0.500000
rprop_delta_min=0.000000
rprop_delta_max=50.000000
rprop_delta_zero=0.100000
cascade_output_stagnation_epochs=12
cascade_candidate_change_fraction=0.010000
cascade_candidate_stagnation_epochs=12
cascade_max_out_epochs=150
cascade_min_out_epochs=50
cascade_max_cand_epochs=150
cascade_min_cand_epochs=50
cascade_num_candidate_groups=2
bit_fail_limit=3.49999994039535522461e-01
cascade_candidate_limit=1.00000000000000000000e+03
cascade_weight_multiplier=4.00000005960464477539e-01
cascade_activation_functions_count=10
cascade_activation_functions=3 5 7 8 10 11 14 15 16 17 
cascade_activation_steepnesses_count=4
cascade_activation_steepnesses=2.50000000000000000000e-01 5.00000000000000000000e-01 7.50000000000000000000e-01 1.00000000000000000000e+00 
layer_sizes=10 5 3 2 
scale_included=0
neurons (num_inputs, activation_function, activation_steepness)=(0, 0, 0.00000000000000000000e+00) (0, 0, 0.00000000000000000000e+00) (0, 0, 0.00000000000000000000e+00) (0, 0, 0.00000000000000000000e+00) (0, 0, 0.00000000000000000000e+00) (0, 0, 0.00000000000000000000e+00) (0, 0, 0.00000000000000000000e+00) (0, 0, 0.00000000000000000000e+00) (0, 0, 0.00000000000000000000e+00) (0, 0, 0.00000000000000000000e+00) (10, 3, 5.00000000000000000000e-01) (10, 3, 5.00000000000000000000e-01) (10, 3, 5.00000000000000000000e-01) (10, 3, 5.00000000000000000000e-01) (0, 3, 0.00000000000000000000e+00) (5, 3, 5.00000000000000000000e-01) (5, 3, 5.00000000000000000000e-01) (0, 3, 0.00000000000000000000e+00) (3, 3, 5.00000000000000000000e-01) (0, 3, 0.00000000000000000000e+00) 
connections (connected_to_neuron, weight)=(0, -2.67651009559631347656e+00) (1, 1.21852600574493408203e+00) (2, 3.94028186798095703125e-01) (3, -2.27457809448242187500e+00) (4, 1.57894566655158996582e-01) (5, -2.54118800163269042969e+00) (6, -9.89993035793304443359e-01) (7, -5.10244488716125488281e-01) (8, -1.35015401840209960938e+01) (9, 8.59281158447265625000e+00) (0, -5.77487409114837646484e-01) (1, 1.37344896793365478516e+00) (2, 1.78449356555938720703e+00) (3, -2.41991448402404785156e+00) (4, -1.26345658302307128906e+00) (5, -3.37829256057739257812e+00) (6, 1.26554977893829345703e+00) (7, -5.90768337249755859375e-01) (8, -1.45842332839965820312e+01) (9, 7.68713951110839843750e+00) (0, 8.37419067382812500000e+02) (1, 2.01348543167114257812e-01) (2, 1.58560590744018554688e+01) (3, -1.00975018310546875000e+03) (4, 2.99225544929504394531e+00) (5, -6.79308223724365234375e+00) (6, -1.49930017089843750000e+03) (7, -1.67131257057189941406e+00) (8, 9.71018798828125000000e+02) (9, -1.59955739974975585938e+00) (0, 8.37419067382812500000e+02) (1, 2.32353672385215759277e-01) (2, 1.59277067184448242188e+01) (3, -1.00975018310546875000e+03) (4, 3.23679971694946289062e+00) (5, -8.00449943542480468750e+00) (6, -1.49930017089843750000e+03) (7, -1.54620051383972167969e+00) (8, 9.71260742187500000000e+02) (9, -1.68169128894805908203e+00) (10, 1.04477357864379882812e+01) (11, 9.57875537872314453125e+00) (12, 1.50000000000000000000e+03) (13, 1.50000000000000000000e+03) (14, -6.36436033248901367188e+00) (10, 1.18832607269287109375e+01) (11, 7.87526750564575195312e+00) (12, 1.50000000000000000000e+03) (13, 1.50000000000000000000e+03) (14, -6.34386587142944335938e+00) (15, 8.64443719387054443359e-01) (16, 9.22120451927185058594e-01) (17, -9.34936821460723876953e-01) 
