FANN_FLO_2.1
num_layers=4
learning_rate=0.500000
connection_rate=1.000000
network_type=0
learning_momentum=0.000000
training_algorithm=2
train_error_function=1
train_stop_function=0
cascade_output_change_fraction=0.010000
quickprop_decay=-0.000100
quickprop_mu=1.750000
rprop_increase_factor=1.200000
rprop_decrease_factor=0.500000
rprop_delta_min=0.000000
rprop_delta_max=50.000000
rprop_delta_zero=0.100000
cascade_output_stagnation_epochs=12
cascade_candidate_change_fraction=0.010000
cascade_candidate_stagnation_epochs=12
cascade_max_out_epochs=150
cascade_min_out_epochs=50
cascade_max_cand_epochs=150
cascade_min_cand_epochs=50
cascade_num_candidate_groups=2
bit_fail_limit=3.49999994039535522461e-01
cascade_candidate_limit=1.00000000000000000000e+03
cascade_weight_multiplier=4.00000005960464477539e-01
cascade_activation_functions_count=10
cascade_activation_functions=3 5 7 8 10 11 14 15 16 17 
cascade_activation_steepnesses_count=4
cascade_activation_steepnesses=2.50000000000000000000e-01 5.00000000000000000000e-01 7.50000000000000000000e-01 1.00000000000000000000e+00 
layer_sizes=2 5 5 3 
scale_included=0
neurons (num_inputs, activation_function, activation_steepness)=(0, 0, 0.00000000000000000000e+00) (0, 0, 0.00000000000000000000e+00) (2, 3, 5.00000000000000000000e-01) (2, 3, 5.00000000000000000000e-01) (2, 3, 5.00000000000000000000e-01) (2, 3, 5.00000000000000000000e-01) (0, 3, 0.00000000000000000000e+00) (5, 3, 5.00000000000000000000e-01) (5, 3, 5.00000000000000000000e-01) (5, 3, 5.00000000000000000000e-01) (5, 3, 5.00000000000000000000e-01) (0, 3, 0.00000000000000000000e+00) (5, 0, 5.00000000000000000000e-01) (5, 0, 5.00000000000000000000e-01) (0, 0, 0.00000000000000000000e+00) 
connections (connected_to_neuron, weight)=(0, -2.23093429565429687500e+02) (1, 9.25914306640625000000e+01) (0, -2.32766456604003906250e+01) (1, 1.39092864990234375000e+02) (0, 2.90458927154541015625e+01) (1, -3.18580961227416992188e+00) (0, 2.02070236206054687500e+01) (1, -3.09618592262268066406e+00) (2, 1.13054728507995605469e+00) (3, -3.43165206909179687500e+00) (4, -6.96965694427490234375e+00) (5, 2.82851308584213256836e-01) (6, 9.32105159759521484375e+00) (2, -8.57371765136718750000e+02) (3, 9.71292663574218750000e+02) (4, -1.46506823730468750000e+03) (5, -1.45140893554687500000e+03) (6, 3.04319739341735839844e+00) (2, -5.64014077186584472656e-01) (3, 1.01932020187377929688e+01) (4, 2.59773254394531250000e+00) (5, 8.88445568084716796875e+00) (6, -3.47332715988159179688e+00) (2, 2.26203979492187500000e+02) (3, -1.83118591308593750000e+02) (4, 1.90163249969482421875e+01) (5, -9.96901473999023437500e+01) (6, -5.75543224811553955078e-01) (7, -2.69191408157348632812e+00) (8, 1.45357263183593750000e+03) (9, -1.79961013793945312500e+00) (10, 1.40390515327453613281e+00) (11, 1.69419085979461669922e+00) (7, 5.30182886123657226562e+00) (8, 9.92599731445312500000e+02) (9, -9.43897545337677001953e-01) (10, 8.77333953976631164551e-02) (11, -2.66291975975036621094e+00) 
