FANN_FLO_2.1
num_layers=3
learning_rate=0.400000
connection_rate=1.000000
network_type=0
learning_momentum=0.000000
training_algorithm=2
train_error_function=1
train_stop_function=0
cascade_output_change_fraction=0.010000
quickprop_decay=-0.000100
quickprop_mu=1.750000
rprop_increase_factor=1.200000
rprop_decrease_factor=0.500000
rprop_delta_min=0.000000
rprop_delta_max=50.000000
rprop_delta_zero=0.100000
cascade_output_stagnation_epochs=12
cascade_candidate_change_fraction=0.010000
cascade_candidate_stagnation_epochs=12
cascade_max_out_epochs=150
cascade_min_out_epochs=50
cascade_max_cand_epochs=150
cascade_min_cand_epochs=50
cascade_num_candidate_groups=2
bit_fail_limit=3.49999994039535522461e-01
cascade_candidate_limit=1.00000000000000000000e+03
cascade_weight_multiplier=4.00000005960464477539e-01
cascade_activation_functions_count=10
cascade_activation_functions=3 5 7 8 10 11 14 15 16 17 
cascade_activation_steepnesses_count=4
cascade_activation_steepnesses=2.50000000000000000000e-01 5.00000000000000000000e-01 7.50000000000000000000e-01 1.00000000000000000000e+00 
layer_sizes=7 9 2 
scale_included=0
neurons (num_inputs, activation_function, activation_steepness)=(0, 0, 0.00000000000000000000e+00) (0, 0, 0.00000000000000000000e+00) (0, 0, 0.00000000000000000000e+00) (0, 0, 0.00000000000000000000e+00) (0, 0, 0.00000000000000000000e+00) (0, 0, 0.00000000000000000000e+00) (0, 0, 0.00000000000000000000e+00) (7, 3, 5.00000000000000000000e-01) (7, 3, 5.00000000000000000000e-01) (7, 3, 5.00000000000000000000e-01) (7, 3, 5.00000000000000000000e-01) (7, 3, 5.00000000000000000000e-01) (7, 3, 5.00000000000000000000e-01) (7, 3, 5.00000000000000000000e-01) (7, 3, 5.00000000000000000000e-01) (0, 3, 0.00000000000000000000e+00) (9, 3, 5.00000000000000000000e-01) (0, 3, 0.00000000000000000000e+00) 
connections (connected_to_neuron, weight)=(0, -2.50379333496093750000e+01) (1, 1.64206237792968750000e+01) (2, -7.14992380142211914062e+00) (3, 1.49800908565521240234e+00) (4, 5.99965631961822509766e-01) (5, 9.48510742187500000000e+00) (6, 3.83283019065856933594e+00) (0, 2.43841215968132019043e-01) (1, 3.43681097030639648438e-01) (2, 6.44813489913940429688e+00) (3, -4.15643167495727539062e+00) (4, 1.74450325965881347656e+00) (5, -1.90695750713348388672e+00) (6, 1.71321526169776916504e-01) (0, 3.57005739212036132812e+00) (1, 2.05160093307495117188e+00) (2, 1.28784236907958984375e+01) (3, 2.69556450843811035156e+00) (4, -9.05015850067138671875e+00) (5, -1.56762230396270751953e+00) (6, -4.21419668197631835938e+00) (0, -3.24864435195922851562e+00) (1, -9.55241584777832031250e+00) (2, 2.12332248687744140625e+01) (3, 3.12502884864807128906e+00) (4, -3.29292583465576171875e+00) (5, 6.08022975921630859375e+00) (6, 5.10004234313964843750e+00) (0, 1.61038756370544433594e-01) (1, -4.62519693374633789062e+00) (2, 1.11972360610961914062e+01) (3, 1.61007356643676757812e+00) (4, 7.68966436386108398438e-01) (5, 2.79875659942626953125e+01) (6, 2.35615158081054687500e+00) (0, 1.92168998718261718750e+00) (1, -1.20078239440917968750e+01) (2, 7.58465826511383056641e-02) (3, -6.13424420356750488281e-01) (4, -3.81014794111251831055e-01) (5, 3.59247660636901855469e+00) (6, -1.04812312126159667969e+00) (0, 9.57330322265625000000e+00) (1, -3.49761724472045898438e+00) (2, 1.36292064189910888672e+00) (3, -3.04537224769592285156e+00) (4, -9.46708798408508300781e-01) (5, -3.95185184478759765625e+00) (6, 1.77716866135597229004e-01) (0, -1.90225994586944580078e+00) (1, -3.99943733215332031250e+00) (2, 1.56160087585449218750e+01) (3, -4.32676458358764648438e+00) (4, -1.73896968364715576172e+00) (5, -1.01037645339965820312e+00) (6, 7.79534721374511718750e+00) (7, -3.52498722076416015625e+00) (8, -1.16969633102416992188e+00) (9, -1.62352287769317626953e+00) (10, -5.39298057556152343750e-01) (11, 3.13502907752990722656e+00) (12, -1.22254447937011718750e+01) (13, -2.60124301910400390625e+00) (14, -4.27391380071640014648e-01) (15, -7.20290392637252807617e-02) 
