FANN_FLO_2.1
num_layers=3
learning_rate=0.400000
connection_rate=1.000000
network_type=0
learning_momentum=0.000000
training_algorithm=2
train_error_function=1
train_stop_function=0
cascade_output_change_fraction=0.010000
quickprop_decay=-0.000100
quickprop_mu=1.750000
rprop_increase_factor=1.200000
rprop_decrease_factor=0.500000
rprop_delta_min=0.000000
rprop_delta_max=50.000000
rprop_delta_zero=0.100000
cascade_output_stagnation_epochs=12
cascade_candidate_change_fraction=0.010000
cascade_candidate_stagnation_epochs=12
cascade_max_out_epochs=150
cascade_min_out_epochs=50
cascade_max_cand_epochs=150
cascade_min_cand_epochs=50
cascade_num_candidate_groups=2
bit_fail_limit=3.49999994039535522461e-01
cascade_candidate_limit=1.00000000000000000000e+03
cascade_weight_multiplier=4.00000005960464477539e-01
cascade_activation_functions_count=10
cascade_activation_functions=3 5 7 8 10 11 14 15 16 17 
cascade_activation_steepnesses_count=4
cascade_activation_steepnesses=2.50000000000000000000e-01 5.00000000000000000000e-01 7.50000000000000000000e-01 1.00000000000000000000e+00 
layer_sizes=7 5 2 
scale_included=0
neurons (num_inputs, activation_function, activation_steepness)=(0, 0, 0.00000000000000000000e+00) (0, 0, 0.00000000000000000000e+00) (0, 0, 0.00000000000000000000e+00) (0, 0, 0.00000000000000000000e+00) (0, 0, 0.00000000000000000000e+00) (0, 0, 0.00000000000000000000e+00) (0, 0, 0.00000000000000000000e+00) (7, 3, 5.00000000000000000000e-01) (7, 3, 5.00000000000000000000e-01) (7, 3, 5.00000000000000000000e-01) (7, 3, 5.00000000000000000000e-01) (0, 3, 0.00000000000000000000e+00) (5, 3, 5.00000000000000000000e-01) (0, 3, 0.00000000000000000000e+00) 
connections (connected_to_neuron, weight)=(0, 1.54596834182739257812e+01) (1, -1.62981109619140625000e+01) (2, 5.62603473663330078125e+00) (3, -2.83377027511596679688e+00) (4, -4.88720268011093139648e-01) (5, -4.70787239074707031250e+00) (6, 5.82000112533569335938e+00) (0, -1.70433177947998046875e+01) (1, 1.54945755004882812500e+01) (2, -5.76887321472167968750e+00) (3, -2.82649445533752441406e+00) (4, -8.02051842212677001953e-01) (5, 4.68478536605834960938e+00) (6, 1.67883110046386718750e+00) (0, -4.43944787979125976562e+00) (1, -8.06232690811157226562e-01) (2, 1.18381631374359130859e+00) (3, -6.48835229873657226562e+00) (4, -2.33971548080444335938e+00) (5, 5.08945584297180175781e-01) (6, 8.71759128570556640625e+00) (0, 3.43003296852111816406e+00) (1, 6.64026260375976562500e+00) (2, 3.05104827880859375000e+00) (3, 1.80571689605712890625e+01) (4, -3.82215652465820312500e+01) (5, -1.49517541503906250000e+03) (6, -7.60333013534545898438e+00) (7, -3.49027419090270996094e+00) (8, -3.51611137390136718750e+00) (9, -8.19064974784851074219e-01) (10, -4.67663794755935668945e-01) (11, 2.50625848770141601562e+00) 
