FANN_FLO_2.1
num_layers=3
learning_rate=0.400000
connection_rate=1.000000
network_type=0
learning_momentum=0.000000
training_algorithm=2
train_error_function=1
train_stop_function=0
cascade_output_change_fraction=0.010000
quickprop_decay=-0.000100
quickprop_mu=1.750000
rprop_increase_factor=1.200000
rprop_decrease_factor=0.500000
rprop_delta_min=0.000000
rprop_delta_max=50.000000
rprop_delta_zero=0.100000
cascade_output_stagnation_epochs=12
cascade_candidate_change_fraction=0.010000
cascade_candidate_stagnation_epochs=12
cascade_max_out_epochs=150
cascade_min_out_epochs=50
cascade_max_cand_epochs=150
cascade_min_cand_epochs=50
cascade_num_candidate_groups=2
bit_fail_limit=3.49999994039535522461e-01
cascade_candidate_limit=1.00000000000000000000e+03
cascade_weight_multiplier=4.00000005960464477539e-01
cascade_activation_functions_count=10
cascade_activation_functions=3 5 7 8 10 11 14 15 16 17 
cascade_activation_steepnesses_count=4
cascade_activation_steepnesses=2.50000000000000000000e-01 5.00000000000000000000e-01 7.50000000000000000000e-01 1.00000000000000000000e+00 
layer_sizes=7 5 2 
scale_included=0
neurons (num_inputs, activation_function, activation_steepness)=(0, 0, 0.00000000000000000000e+00) (0, 0, 0.00000000000000000000e+00) (0, 0, 0.00000000000000000000e+00) (0, 0, 0.00000000000000000000e+00) (0, 0, 0.00000000000000000000e+00) (0, 0, 0.00000000000000000000e+00) (0, 0, 0.00000000000000000000e+00) (7, 3, 5.00000000000000000000e-01) (7, 3, 5.00000000000000000000e-01) (7, 3, 5.00000000000000000000e-01) (7, 3, 5.00000000000000000000e-01) (0, 3, 0.00000000000000000000e+00) (5, 3, 5.00000000000000000000e-01) (0, 3, 0.00000000000000000000e+00) 
connections (connected_to_neuron, weight)=(0, -7.87011003494262695312e+00) (1, 7.35937786102294921875e+00) (2, -9.85015296936035156250e+00) (3, 5.85609339177608489990e-02) (4, -3.69082421064376831055e-01) (5, -4.95737504959106445312e+00) (6, 3.12155574560165405273e-01) (0, -1.79190659523010253906e+00) (1, -4.64064741134643554688e+00) (2, -8.67717933654785156250e+00) (3, -3.34651994705200195312e+00) (4, -1.33967888355255126953e+00) (5, 1.09160661697387695312e+01) (6, -4.11776304244995117188e-01) (0, -1.12758564949035644531e+00) (1, -1.34532358497381210327e-02) (2, 1.64519119262695312500e+01) (3, -3.25367546081542968750e+00) (4, -1.26682424545288085938e+00) (5, 2.92377710342407226562e+00) (6, 1.39536464214324951172e+00) (0, 8.00411319732666015625e+00) (1, -9.80351257324218750000e+00) (2, 2.00269432067871093750e+01) (3, -4.27515459060668945312e+00) (4, -8.82407188415527343750e-01) (5, -2.25955677032470703125e+00) (6, 4.09899044036865234375e+00) (7, -5.95811557769775390625e+00) (8, -2.53632092475891113281e+00) (9, -1.14375376701354980469e+00) (10, -2.05867123603820800781e+00) (11, 1.60767900943756103516e+00) 
