FANN_FLO_2.1
num_layers=4
learning_rate=0.400000
connection_rate=1.000000
network_type=0
learning_momentum=0.000000
training_algorithm=2
train_error_function=1
train_stop_function=0
cascade_output_change_fraction=0.010000
quickprop_decay=-0.000100
quickprop_mu=1.750000
rprop_increase_factor=1.200000
rprop_decrease_factor=0.500000
rprop_delta_min=0.000000
rprop_delta_max=50.000000
rprop_delta_zero=0.100000
cascade_output_stagnation_epochs=12
cascade_candidate_change_fraction=0.010000
cascade_candidate_stagnation_epochs=12
cascade_max_out_epochs=150
cascade_min_out_epochs=50
cascade_max_cand_epochs=150
cascade_min_cand_epochs=50
cascade_num_candidate_groups=2
bit_fail_limit=3.49999994039535522461e-01
cascade_candidate_limit=1.00000000000000000000e+03
cascade_weight_multiplier=4.00000005960464477539e-01
cascade_activation_functions_count=10
cascade_activation_functions=3 5 7 8 10 11 14 15 16 17 
cascade_activation_steepnesses_count=4
cascade_activation_steepnesses=2.50000000000000000000e-01 5.00000000000000000000e-01 7.50000000000000000000e-01 1.00000000000000000000e+00 
layer_sizes=7 5 3 2 
scale_included=0
neurons (num_inputs, activation_function, activation_steepness)=(0, 0, 0.00000000000000000000e+00) (0, 0, 0.00000000000000000000e+00) (0, 0, 0.00000000000000000000e+00) (0, 0, 0.00000000000000000000e+00) (0, 0, 0.00000000000000000000e+00) (0, 0, 0.00000000000000000000e+00) (0, 0, 0.00000000000000000000e+00) (7, 3, 5.00000000000000000000e-01) (7, 3, 5.00000000000000000000e-01) (7, 3, 5.00000000000000000000e-01) (7, 3, 5.00000000000000000000e-01) (0, 3, 0.00000000000000000000e+00) (5, 3, 5.00000000000000000000e-01) (5, 3, 5.00000000000000000000e-01) (0, 3, 0.00000000000000000000e+00) (3, 3, 5.00000000000000000000e-01) (0, 3, 0.00000000000000000000e+00) 
connections (connected_to_neuron, weight)=(0, -4.07054805755615234375e+00) (1, -1.41466426849365234375e+00) (2, -4.32797050476074218750e+00) (3, -4.83829110860824584961e-01) (4, -1.66486024856567382812e+00) (5, -8.97046267986297607422e-01) (6, 5.03382205963134765625e+00) (0, 1.07649987792968750000e+03) (1, -1.47533850097656250000e+03) (2, -3.39682952880859375000e+02) (3, 7.24186523437500000000e+02) (4, -1.31521209716796875000e+02) (5, -1.50000000000000000000e+03) (6, 7.74477362632751464844e-01) (0, 9.92064208984375000000e+02) (1, -7.94369506835937500000e+02) (2, -6.58159301757812500000e+02) (3, 4.24064674377441406250e+01) (4, -5.42284729003906250000e+02) (5, 1.76237976074218750000e+02) (6, 6.05807495117187500000e+00) (0, -6.68126106262207031250e+00) (1, 2.19740796089172363281e+00) (2, -3.89506435394287109375e+00) (3, -1.80653743743896484375e+01) (4, -8.63188087940216064453e-01) (5, 2.93423485755920410156e+00) (6, 5.03306245803833007812e+00) (7, 3.00008106231689453125e+00) (8, -1.11015892028808593750e+00) (9, 9.95874822139739990234e-01) (10, 3.66662263870239257812e+00) (11, -1.62109756469726562500e+00) (7, -5.22906589508056640625e+00) (8, 9.08352088928222656250e+00) (9, -2.33102321624755859375e+01) (10, 5.78880691528320312500e+01) (11, -6.72086894512176513672e-01) (12, -2.82363200187683105469e+00) (13, -1.46565526723861694336e-01) (14, -9.62533175945281982422e-01) 
