FANN_FLO_2.1
num_layers=3
learning_rate=0.400000
connection_rate=1.000000
network_type=0
learning_momentum=0.000000
training_algorithm=2
train_error_function=1
train_stop_function=0
cascade_output_change_fraction=0.010000
quickprop_decay=-0.000100
quickprop_mu=1.750000
rprop_increase_factor=1.200000
rprop_decrease_factor=0.500000
rprop_delta_min=0.000000
rprop_delta_max=50.000000
rprop_delta_zero=0.100000
cascade_output_stagnation_epochs=12
cascade_candidate_change_fraction=0.010000
cascade_candidate_stagnation_epochs=12
cascade_max_out_epochs=150
cascade_min_out_epochs=50
cascade_max_cand_epochs=150
cascade_min_cand_epochs=50
cascade_num_candidate_groups=2
bit_fail_limit=3.49999994039535522461e-01
cascade_candidate_limit=1.00000000000000000000e+03
cascade_weight_multiplier=4.00000005960464477539e-01
cascade_activation_functions_count=10
cascade_activation_functions=3 5 7 8 10 11 14 15 16 17 
cascade_activation_steepnesses_count=4
cascade_activation_steepnesses=2.50000000000000000000e-01 5.00000000000000000000e-01 7.50000000000000000000e-01 1.00000000000000000000e+00 
layer_sizes=7 9 2 
scale_included=0
neurons (num_inputs, activation_function, activation_steepness)=(0, 0, 0.00000000000000000000e+00) (0, 0, 0.00000000000000000000e+00) (0, 0, 0.00000000000000000000e+00) (0, 0, 0.00000000000000000000e+00) (0, 0, 0.00000000000000000000e+00) (0, 0, 0.00000000000000000000e+00) (0, 0, 0.00000000000000000000e+00) (7, 3, 5.00000000000000000000e-01) (7, 3, 5.00000000000000000000e-01) (7, 3, 5.00000000000000000000e-01) (7, 3, 5.00000000000000000000e-01) (7, 3, 5.00000000000000000000e-01) (7, 3, 5.00000000000000000000e-01) (7, 3, 5.00000000000000000000e-01) (7, 3, 5.00000000000000000000e-01) (0, 3, 0.00000000000000000000e+00) (9, 3, 5.00000000000000000000e-01) (0, 3, 0.00000000000000000000e+00) 
connections (connected_to_neuron, weight)=(0, -1.06287536621093750000e+01) (1, 6.96053123474121093750e+00) (2, -1.96344776153564453125e+01) (3, -1.61547031402587890625e+01) (4, -2.80984711647033691406e+00) (5, -6.04279041290283203125e-01) (6, 1.34049081802368164062e+01) (0, -3.14939641952514648438e+00) (1, -6.76014518737792968750e+00) (2, 7.33186781406402587891e-01) (3, -5.84168148040771484375e+00) (4, -6.88108634948730468750e+00) (5, 1.42877376079559326172e+00) (6, 1.34464025497436523438e+01) (0, -3.83667635917663574219e+00) (1, -7.94069480895996093750e+00) (2, -1.10720653533935546875e+01) (3, -8.75912666320800781250e-01) (4, -5.38706254959106445312e+00) (5, -1.11345024108886718750e+01) (6, 1.38200149536132812500e+01) (0, -9.81326007843017578125e+00) (1, 1.01680345535278320312e+01) (2, 1.00734055042266845703e-01) (3, -2.15335631370544433594e+00) (4, -9.42612588405609130859e-01) (5, 3.95216846466064453125e+00) (6, 1.58064737915992736816e-01) (0, -7.53364741802215576172e-01) (1, 5.63713312149047851562e-01) (2, -3.58818435668945312500e+00) (3, -4.40291023254394531250e+00) (4, 6.31831789016723632812e+00) (5, 1.41900563240051269531e+00) (6, -4.17479419708251953125e+00) (0, -5.01093196868896484375e+00) (1, 4.30031120777130126953e-01) (2, -6.30544395446777343750e+01) (3, 3.68759584426879882812e+00) (4, 8.08445358276367187500e+00) (5, 7.53634595870971679688e+00) (6, 2.62212306261062622070e-01) (0, 1.67703914642333984375e+01) (1, -1.74348220825195312500e+01) (2, 9.23725414276123046875e+00) (3, -2.33913612365722656250e+00) (4, -1.01992058753967285156e+00) (5, -8.59685230255126953125e+00) (6, 9.30186176300048828125e+00) (0, 4.20416069030761718750e+00) (1, 5.53197920322418212891e-01) (2, -5.45930147171020507812e+00) (3, -8.54665565490722656250e+00) (4, 4.76368665695190429688e+00) (5, 7.17899084091186523438e-01) (6, 3.49471867084503173828e-01) (7, -3.27003717422485351562e-01) (8, -3.76934349536895751953e-01) (9, -4.15567904710769653320e-01) (10, -4.06574440002441406250e+00) (11, -5.94343125820159912109e-01) (12, -3.95891457796096801758e-01) (13, -3.50470066070556640625e+00) (14, 9.22725677490234375000e-01) (15, 2.50142383575439453125e+00) 
