FANN_FLO_2.1
num_layers=3
learning_rate=0.400000
connection_rate=1.000000
network_type=0
learning_momentum=0.000000
training_algorithm=2
train_error_function=1
train_stop_function=0
cascade_output_change_fraction=0.010000
quickprop_decay=-0.000100
quickprop_mu=1.750000
rprop_increase_factor=1.200000
rprop_decrease_factor=0.500000
rprop_delta_min=0.000000
rprop_delta_max=50.000000
rprop_delta_zero=0.100000
cascade_output_stagnation_epochs=12
cascade_candidate_change_fraction=0.010000
cascade_candidate_stagnation_epochs=12
cascade_max_out_epochs=150
cascade_min_out_epochs=50
cascade_max_cand_epochs=150
cascade_min_cand_epochs=50
cascade_num_candidate_groups=2
bit_fail_limit=3.49999994039535522461e-01
cascade_candidate_limit=1.00000000000000000000e+03
cascade_weight_multiplier=4.00000005960464477539e-01
cascade_activation_functions_count=10
cascade_activation_functions=3 5 7 8 10 11 14 15 16 17 
cascade_activation_steepnesses_count=4
cascade_activation_steepnesses=2.50000000000000000000e-01 5.00000000000000000000e-01 7.50000000000000000000e-01 1.00000000000000000000e+00 
layer_sizes=7 9 2 
scale_included=0
neurons (num_inputs, activation_function, activation_steepness)=(0, 0, 0.00000000000000000000e+00) (0, 0, 0.00000000000000000000e+00) (0, 0, 0.00000000000000000000e+00) (0, 0, 0.00000000000000000000e+00) (0, 0, 0.00000000000000000000e+00) (0, 0, 0.00000000000000000000e+00) (0, 0, 0.00000000000000000000e+00) (7, 3, 5.00000000000000000000e-01) (7, 3, 5.00000000000000000000e-01) (7, 3, 5.00000000000000000000e-01) (7, 3, 5.00000000000000000000e-01) (7, 3, 5.00000000000000000000e-01) (7, 3, 5.00000000000000000000e-01) (7, 3, 5.00000000000000000000e-01) (7, 3, 5.00000000000000000000e-01) (0, 3, 0.00000000000000000000e+00) (9, 3, 5.00000000000000000000e-01) (0, 3, 0.00000000000000000000e+00) 
connections (connected_to_neuron, weight)=(0, -2.65390253067016601562e+00) (1, 1.29486942291259765625e+00) (2, -1.80352439880371093750e+01) (3, -3.34506869316101074219e+00) (4, 3.12380325049161911011e-02) (5, 5.27377986907958984375e+00) (6, 8.93569067120552062988e-02) (0, -8.46478402614593505859e-01) (1, 2.35549736022949218750e+00) (2, 1.97043931484222412109e+00) (3, -6.60148906707763671875e+00) (4, 4.85272789001464843750e+00) (5, 1.23263575136661529541e-01) (6, -3.28341770172119140625e+00) (0, -4.66448694467544555664e-01) (1, 6.44170379638671875000e+00) (2, -3.57482051849365234375e+00) (3, -6.42373338341712951660e-02) (4, -1.35824179649353027344e+00) (5, -2.40443181991577148438e+00) (6, -4.51150989532470703125e+00) (0, 1.56776781082153320312e+01) (1, -1.71319656372070312500e+01) (2, 1.91223983764648437500e+01) (3, 2.81642466783523559570e-01) (4, -2.78252768516540527344e+00) (5, -8.13368606567382812500e+00) (6, 9.00501251220703125000e+00) (0, -4.54596996307373046875e+00) (1, 5.51768016815185546875e+00) (2, -9.93319702148437500000e+00) (3, -3.19759988784790039062e+00) (4, -5.16243815422058105469e-01) (5, 5.21559429168701171875e+00) (6, 2.31041058897972106934e-01) (0, -2.50363111495971679688e-01) (1, 2.33231472969055175781e+00) (2, 2.27409706115722656250e+01) (3, -1.23565472662448883057e-01) (4, -4.90790987014770507812e+00) (5, 4.41536855697631835938e+00) (6, -2.69118666648864746094e+00) (0, -1.21182370185852050781e+00) (1, 1.78014838695526123047e+00) (2, -1.13429594039916992188e+01) (3, -4.74865961074829101562e+00) (4, 1.43368041515350341797e+00) (5, 1.27217555046081542969e+00) (6, -1.02136623859405517578e+00) (0, -4.92367982864379882812e+00) (1, -1.58467912673950195312e+01) (2, -6.75500869750976562500e+00) (3, -4.12613511085510253906e-01) (4, 2.65926569700241088867e-01) (5, 5.81292724609375000000e+00) (6, 1.33421659469604492188e+01) (7, -5.22544384002685546875e-01) (8, -1.07417917251586914062e+00) (9, -4.85450506210327148438e+00) (10, -2.00611472129821777344e+00) (11, -6.50708019733428955078e-01) (12, -8.59735906124114990234e-01) (13, -5.08778691291809082031e-01) (14, -2.27470731735229492188e+00) (15, 2.30328941345214843750e+00) 
