FANN_FLO_2.1
num_layers=4
learning_rate=0.500000
connection_rate=1.000000
network_type=0
learning_momentum=0.000000
training_algorithm=2
train_error_function=1
train_stop_function=0
cascade_output_change_fraction=0.010000
quickprop_decay=-0.000100
quickprop_mu=1.750000
rprop_increase_factor=1.200000
rprop_decrease_factor=0.500000
rprop_delta_min=0.000000
rprop_delta_max=50.000000
rprop_delta_zero=0.100000
cascade_output_stagnation_epochs=12
cascade_candidate_change_fraction=0.010000
cascade_candidate_stagnation_epochs=12
cascade_max_out_epochs=150
cascade_min_out_epochs=50
cascade_max_cand_epochs=150
cascade_min_cand_epochs=50
cascade_num_candidate_groups=2
bit_fail_limit=3.49999994039535522461e-01
cascade_candidate_limit=1.00000000000000000000e+03
cascade_weight_multiplier=4.00000005960464477539e-01
cascade_activation_functions_count=10
cascade_activation_functions=3 5 7 8 10 11 14 15 16 17 
cascade_activation_steepnesses_count=4
cascade_activation_steepnesses=2.50000000000000000000e-01 5.00000000000000000000e-01 7.50000000000000000000e-01 1.00000000000000000000e+00 
layer_sizes=10 3 3 2 
scale_included=0
neurons (num_inputs, activation_function, activation_steepness)=(0, 0, 0.00000000000000000000e+00) (0, 0, 0.00000000000000000000e+00) (0, 0, 0.00000000000000000000e+00) (0, 0, 0.00000000000000000000e+00) (0, 0, 0.00000000000000000000e+00) (0, 0, 0.00000000000000000000e+00) (0, 0, 0.00000000000000000000e+00) (0, 0, 0.00000000000000000000e+00) (0, 0, 0.00000000000000000000e+00) (0, 0, 0.00000000000000000000e+00) (10, 3, 5.00000000000000000000e-01) (10, 3, 5.00000000000000000000e-01) (0, 3, 0.00000000000000000000e+00) (3, 3, 5.00000000000000000000e-01) (3, 3, 5.00000000000000000000e-01) (0, 3, 0.00000000000000000000e+00) (3, 3, 5.00000000000000000000e-01) (0, 3, 0.00000000000000000000e+00) 
connections (connected_to_neuron, weight)=(0, -1.70812129974365234375e+01) (1, 6.61018729209899902344e-01) (2, -2.10209086537361145020e-01) (3, -1.14365553855895996094e+00) (4, 1.35116701126098632812e+01) (5, 1.12862789630889892578e+00) (6, -1.37478170394897460938e+01) (7, -3.96435081958770751953e-01) (8, 5.17092466354370117188e+00) (9, 1.54288041591644287109e+00) (0, -1.54079675674438476562e+00) (1, 2.75438380241394042969e+00) (2, -4.01173305511474609375e+00) (3, -1.63786399364471435547e+00) (4, 1.21713275909423828125e+01) (5, 4.09299325942993164062e+00) (6, -5.44703578948974609375e+00) (7, -1.49900585412979125977e-01) (8, -7.53064107894897460938e+00) (9, 1.10846027731895446777e-01) (10, 1.15856969356536865234e+00) (11, 6.86605644226074218750e+00) (12, -1.60811066627502441406e+00) (10, 5.44503021240234375000e+00) (11, 1.15916233062744140625e+01) (12, -8.22267818450927734375e+00) (13, 1.76398944854736328125e+00) (14, 1.11318159103393554688e+00) (15, -1.98334336280822753906e+00) 
