FANN_FLO_2.1
num_layers=4
learning_rate=0.500000
connection_rate=1.000000
network_type=0
learning_momentum=0.000000
training_algorithm=2
train_error_function=1
train_stop_function=0
cascade_output_change_fraction=0.010000
quickprop_decay=-0.000100
quickprop_mu=1.750000
rprop_increase_factor=1.200000
rprop_decrease_factor=0.500000
rprop_delta_min=0.000000
rprop_delta_max=50.000000
rprop_delta_zero=0.100000
cascade_output_stagnation_epochs=12
cascade_candidate_change_fraction=0.010000
cascade_candidate_stagnation_epochs=12
cascade_max_out_epochs=150
cascade_min_out_epochs=50
cascade_max_cand_epochs=150
cascade_min_cand_epochs=50
cascade_num_candidate_groups=2
bit_fail_limit=3.49999994039535522461e-01
cascade_candidate_limit=1.00000000000000000000e+03
cascade_weight_multiplier=4.00000005960464477539e-01
cascade_activation_functions_count=10
cascade_activation_functions=3 5 7 8 10 11 14 15 16 17 
cascade_activation_steepnesses_count=4
cascade_activation_steepnesses=2.50000000000000000000e-01 5.00000000000000000000e-01 7.50000000000000000000e-01 1.00000000000000000000e+00 
layer_sizes=2 5 3 3 
scale_included=0
neurons (num_inputs, activation_function, activation_steepness)=(0, 0, 0.00000000000000000000e+00) (0, 0, 0.00000000000000000000e+00) (2, 3, 5.00000000000000000000e-01) (2, 3, 5.00000000000000000000e-01) (2, 3, 5.00000000000000000000e-01) (2, 3, 5.00000000000000000000e-01) (0, 3, 0.00000000000000000000e+00) (5, 3, 5.00000000000000000000e-01) (5, 3, 5.00000000000000000000e-01) (0, 3, 0.00000000000000000000e+00) (3, 0, 5.00000000000000000000e-01) (3, 0, 5.00000000000000000000e-01) (0, 0, 0.00000000000000000000e+00) 
connections (connected_to_neuron, weight)=(0, 1.74208755493164062500e+01) (1, -8.50077724456787109375e+00) (0, 1.50000000000000000000e+03) (1, -3.22386230468750000000e+02) (0, 1.50000000000000000000e+03) (1, -2.12529663085937500000e+02) (0, 1.50000000000000000000e+03) (1, -2.34101676940917968750e+01) (2, 5.84327316284179687500e+00) (3, 1.60431313514709472656e+00) (4, 8.36680352687835693359e-01) (5, -3.89393895864486694336e-01) (6, -2.80634498596191406250e+00) (2, -1.50000000000000000000e+03) (3, 1.50000000000000000000e+03) (4, 1.91389579772949218750e+01) (5, 5.07549381256103515625e+00) (6, -3.65980744361877441406e+00) (7, 2.03001165390014648438e+00) (8, -2.15749931335449218750e+00) (9, -1.59808158874511718750e-01) (7, -4.44083309173583984375e+00) (8, -1.05586707592010498047e+00) (9, 2.31080460548400878906e+00) 
