FANN_FLO_2.1
num_layers=4
learning_rate=0.500000
connection_rate=1.000000
network_type=0
learning_momentum=0.000000
training_algorithm=2
train_error_function=1
train_stop_function=0
cascade_output_change_fraction=0.010000
quickprop_decay=-0.000100
quickprop_mu=1.750000
rprop_increase_factor=1.200000
rprop_decrease_factor=0.500000
rprop_delta_min=0.000000
rprop_delta_max=50.000000
rprop_delta_zero=0.100000
cascade_output_stagnation_epochs=12
cascade_candidate_change_fraction=0.010000
cascade_candidate_stagnation_epochs=12
cascade_max_out_epochs=150
cascade_min_out_epochs=50
cascade_max_cand_epochs=150
cascade_min_cand_epochs=50
cascade_num_candidate_groups=2
bit_fail_limit=3.49999994039535522461e-01
cascade_candidate_limit=1.00000000000000000000e+03
cascade_weight_multiplier=4.00000005960464477539e-01
cascade_activation_functions_count=10
cascade_activation_functions=3 5 7 8 10 11 14 15 16 17 
cascade_activation_steepnesses_count=4
cascade_activation_steepnesses=2.50000000000000000000e-01 5.00000000000000000000e-01 7.50000000000000000000e-01 1.00000000000000000000e+00 
layer_sizes=10 5 3 2 
scale_included=0
neurons (num_inputs, activation_function, activation_steepness)=(0, 0, 0.00000000000000000000e+00) (0, 0, 0.00000000000000000000e+00) (0, 0, 0.00000000000000000000e+00) (0, 0, 0.00000000000000000000e+00) (0, 0, 0.00000000000000000000e+00) (0, 0, 0.00000000000000000000e+00) (0, 0, 0.00000000000000000000e+00) (0, 0, 0.00000000000000000000e+00) (0, 0, 0.00000000000000000000e+00) (0, 0, 0.00000000000000000000e+00) (10, 3, 5.00000000000000000000e-01) (10, 3, 5.00000000000000000000e-01) (10, 3, 5.00000000000000000000e-01) (10, 3, 5.00000000000000000000e-01) (0, 3, 0.00000000000000000000e+00) (5, 3, 5.00000000000000000000e-01) (5, 3, 5.00000000000000000000e-01) (0, 3, 0.00000000000000000000e+00) (3, 3, 5.00000000000000000000e-01) (0, 3, 0.00000000000000000000e+00) 
connections (connected_to_neuron, weight)=(0, -5.12979393005371093750e+01) (1, 7.83462524414062500000e+01) (2, 1.16828794479370117188e+01) (3, -1.84849429130554199219e+00) (4, -3.05929112434387207031e+00) (5, -3.73813539743423461914e-01) (6, -2.37272787094116210938e+00) (7, -1.07217712402343750000e+01) (8, -1.88657462596893310547e+00) (9, -3.19938845932483673096e-02) (0, -5.40468597412109375000e+01) (1, 8.16149978637695312500e+01) (2, -2.93911151885986328125e+01) (3, -1.18660819530487060547e+00) (4, 2.17591196298599243164e-01) (5, -4.70697492361068725586e-01) (6, -1.24004614353179931641e+00) (7, -4.34439563751220703125e+00) (8, 4.35205507278442382812e+00) (9, -1.90646612644195556641e+00) (0, -4.06210273504257202148e-01) (1, 6.83855438232421875000e+00) (2, 3.14320063591003417969e+00) (3, -6.79172420501708984375e+00) (4, 9.17355954647064208984e-01) (5, -1.28574419021606445312e+00) (6, -8.93861389160156250000e+00) (7, -3.88511395454406738281e+00) (8, -3.64218759536743164062e+00) (9, 3.00973701477050781250e+00) (0, -3.46630454063415527344e+00) (1, -8.31391334533691406250e+00) (2, -1.44088671875000000000e+03) (3, -2.76061058044433593750e-01) (4, 4.94837135076522827148e-01) (5, 7.80702948570251464844e-01) (6, 1.48532763671875000000e+03) (7, 5.39168823242187500000e+02) (8, 2.90817260742187500000e+00) (9, 2.11416530609130859375e+00) (10, -1.50000000000000000000e+03) (11, -1.50000000000000000000e+03) (12, 8.06600036621093750000e+02) (13, -3.63944519042968750000e+02) (14, -2.30835494995117187500e+01) (10, -2.34775009155273437500e+02) (11, -9.11871948242187500000e+02) (12, 1.41398571777343750000e+03) (13, 1.04592689514160156250e+02) (14, -1.16406078338623046875e+01) (15, 1.50000000000000000000e+03) (16, 1.43513274192810058594e+00) (17, -5.47513723373413085938e-01) 
