FANN_FLO_2.1
num_layers=3
learning_rate=0.400000
connection_rate=1.000000
network_type=0
learning_momentum=0.000000
training_algorithm=2
train_error_function=1
train_stop_function=0
cascade_output_change_fraction=0.010000
quickprop_decay=-0.000100
quickprop_mu=1.750000
rprop_increase_factor=1.200000
rprop_decrease_factor=0.500000
rprop_delta_min=0.000000
rprop_delta_max=50.000000
rprop_delta_zero=0.100000
cascade_output_stagnation_epochs=12
cascade_candidate_change_fraction=0.010000
cascade_candidate_stagnation_epochs=12
cascade_max_out_epochs=150
cascade_min_out_epochs=50
cascade_max_cand_epochs=150
cascade_min_cand_epochs=50
cascade_num_candidate_groups=2
bit_fail_limit=3.49999994039535522461e-01
cascade_candidate_limit=1.00000000000000000000e+03
cascade_weight_multiplier=4.00000005960464477539e-01
cascade_activation_functions_count=10
cascade_activation_functions=3 5 7 8 10 11 14 15 16 17 
cascade_activation_steepnesses_count=4
cascade_activation_steepnesses=2.50000000000000000000e-01 5.00000000000000000000e-01 7.50000000000000000000e-01 1.00000000000000000000e+00 
layer_sizes=7 9 2 
scale_included=0
neurons (num_inputs, activation_function, activation_steepness)=(0, 0, 0.00000000000000000000e+00) (0, 0, 0.00000000000000000000e+00) (0, 0, 0.00000000000000000000e+00) (0, 0, 0.00000000000000000000e+00) (0, 0, 0.00000000000000000000e+00) (0, 0, 0.00000000000000000000e+00) (0, 0, 0.00000000000000000000e+00) (7, 3, 5.00000000000000000000e-01) (7, 3, 5.00000000000000000000e-01) (7, 3, 5.00000000000000000000e-01) (7, 3, 5.00000000000000000000e-01) (7, 3, 5.00000000000000000000e-01) (7, 3, 5.00000000000000000000e-01) (7, 3, 5.00000000000000000000e-01) (7, 3, 5.00000000000000000000e-01) (0, 3, 0.00000000000000000000e+00) (9, 3, 5.00000000000000000000e-01) (0, 3, 0.00000000000000000000e+00) 
connections (connected_to_neuron, weight)=(0, 4.96052086353302001953e-01) (1, 8.57059299945831298828e-01) (2, -1.70723867416381835938e+00) (3, 5.05694031715393066406e-01) (4, -3.63485574722290039062e+00) (5, -1.60855090618133544922e+00) (6, 7.85267710685729980469e-01) (0, -4.06554555892944335938e+00) (1, -2.21262717247009277344e+00) (2, -2.65805792808532714844e+00) (3, 1.46537864208221435547e+00) (4, 2.10589575767517089844e+00) (5, 1.52812337875366210938e+00) (6, -2.29332756996154785156e+00) (0, 1.74292635917663574219e+00) (1, -3.85760724544525146484e-01) (2, -1.70429861545562744141e+00) (3, 6.93105638027191162109e-01) (4, 3.94803190231323242188e+00) (5, 2.00979083776473999023e-01) (6, -2.16581284999847412109e-01) (0, 1.33269882202148437500e+00) (1, 1.13725483417510986328e+00) (2, -2.80873465538024902344e+00) (3, -4.04039382934570312500e+00) (4, -1.10137307643890380859e+00) (5, 6.16495656967163085938e+00) (6, 5.91556549072265625000e-01) (0, 2.35089683532714843750e+00) (1, 3.57767343521118164062e+00) (2, -7.96432352066040039062e+00) (3, -8.29883098602294921875e+00) (4, -2.66580057144165039062e+00) (5, 1.69451828002929687500e+01) (6, 5.07793486118316650391e-01) (0, 2.36565685272216796875e+00) (1, -6.15787565708160400391e-01) (2, -1.99436545372009277344e+00) (3, 8.68566632270812988281e-01) (4, 4.26631402969360351562e+00) (5, -2.94109676033258438110e-02) (6, -7.26473093032836914062e-01) (0, 1.08332002162933349609e+00) (1, 2.13838195800781250000e+00) (2, 3.37392973899841308594e+00) (3, -3.63306760787963867188e+00) (4, 5.50143146514892578125e+00) (5, -1.14044342041015625000e+01) (6, 4.45376729965209960938e+00) (0, -1.62239527702331542969e+00) (1, -1.42919051647186279297e+00) (2, -1.41888880729675292969e+00) (3, 1.93165051937103271484e+00) (4, -1.03739779442548751831e-02) (5, 1.69252312183380126953e+00) (6, -2.60825204849243164062e+00) (7, -1.08443689346313476562e+00) (8, 5.18043279647827148438e+00) (9, 1.08781719207763671875e+00) (10, -5.24139821529388427734e-01) (11, -1.66936802864074707031e+00) (12, 1.19553625583648681641e+00) (13, -1.93736195564270019531e+00) (14, 1.80914258956909179688e+00) (15, 1.27553835511207580566e-01) 
