FANN_FLO_2.1
num_layers=4
learning_rate=0.400000
connection_rate=1.000000
network_type=0
learning_momentum=0.000000
training_algorithm=2
train_error_function=1
train_stop_function=0
cascade_output_change_fraction=0.010000
quickprop_decay=-0.000100
quickprop_mu=1.750000
rprop_increase_factor=1.200000
rprop_decrease_factor=0.500000
rprop_delta_min=0.000000
rprop_delta_max=50.000000
rprop_delta_zero=0.100000
cascade_output_stagnation_epochs=12
cascade_candidate_change_fraction=0.010000
cascade_candidate_stagnation_epochs=12
cascade_max_out_epochs=150
cascade_min_out_epochs=50
cascade_max_cand_epochs=150
cascade_min_cand_epochs=50
cascade_num_candidate_groups=2
bit_fail_limit=3.49999994039535522461e-01
cascade_candidate_limit=1.00000000000000000000e+03
cascade_weight_multiplier=4.00000005960464477539e-01
cascade_activation_functions_count=10
cascade_activation_functions=3 5 7 8 10 11 14 15 16 17 
cascade_activation_steepnesses_count=4
cascade_activation_steepnesses=2.50000000000000000000e-01 5.00000000000000000000e-01 7.50000000000000000000e-01 1.00000000000000000000e+00 
layer_sizes=7 3 3 2 
scale_included=0
neurons (num_inputs, activation_function, activation_steepness)=(0, 0, 0.00000000000000000000e+00) (0, 0, 0.00000000000000000000e+00) (0, 0, 0.00000000000000000000e+00) (0, 0, 0.00000000000000000000e+00) (0, 0, 0.00000000000000000000e+00) (0, 0, 0.00000000000000000000e+00) (0, 0, 0.00000000000000000000e+00) (7, 3, 5.00000000000000000000e-01) (7, 3, 5.00000000000000000000e-01) (0, 3, 0.00000000000000000000e+00) (3, 3, 5.00000000000000000000e-01) (3, 3, 5.00000000000000000000e-01) (0, 3, 0.00000000000000000000e+00) (3, 3, 5.00000000000000000000e-01) (0, 3, 0.00000000000000000000e+00) 
connections (connected_to_neuron, weight)=(0, -1.10335990905761718750e+02) (1, 1.04502914428710937500e+02) (2, 9.55289382934570312500e+01) (3, 2.44451492309570312500e+02) (4, -1.46185119628906250000e+03) (5, 6.63634765625000000000e+02) (6, 2.00513005256652832031e+00) (0, -2.84627842903137207031e+00) (1, 1.49555206298828125000e+00) (2, -2.71117299795150756836e-01) (3, -3.39492917060852050781e+00) (4, -1.74306428432464599609e+00) (5, 7.53446102142333984375e-01) (6, 2.21874308586120605469e+00) (7, -5.15967559814453125000e+00) (8, 3.31687259674072265625e+00) (9, -2.18016409873962402344e+00) (7, -4.30770576000213623047e-01) (8, 8.10374259948730468750e+00) (9, -2.07644653320312500000e+00) (10, -1.37090778350830078125e+00) (11, -2.38635373115539550781e+00) (12, -8.15238177776336669922e-01) 
