FANN_FLO_2.1
num_layers=4
learning_rate=0.500000
connection_rate=1.000000
network_type=0
learning_momentum=0.000000
training_algorithm=2
train_error_function=1
train_stop_function=0
cascade_output_change_fraction=0.010000
quickprop_decay=-0.000100
quickprop_mu=1.750000
rprop_increase_factor=1.200000
rprop_decrease_factor=0.500000
rprop_delta_min=0.000000
rprop_delta_max=50.000000
rprop_delta_zero=0.100000
cascade_output_stagnation_epochs=12
cascade_candidate_change_fraction=0.010000
cascade_candidate_stagnation_epochs=12
cascade_max_out_epochs=150
cascade_min_out_epochs=50
cascade_max_cand_epochs=150
cascade_min_cand_epochs=50
cascade_num_candidate_groups=2
bit_fail_limit=3.49999994039535522461e-01
cascade_candidate_limit=1.00000000000000000000e+03
cascade_weight_multiplier=4.00000005960464477539e-01
cascade_activation_functions_count=10
cascade_activation_functions=3 5 7 8 10 11 14 15 16 17 
cascade_activation_steepnesses_count=4
cascade_activation_steepnesses=2.50000000000000000000e-01 5.00000000000000000000e-01 7.50000000000000000000e-01 1.00000000000000000000e+00 
layer_sizes=10 3 3 2 
scale_included=0
neurons (num_inputs, activation_function, activation_steepness)=(0, 0, 0.00000000000000000000e+00) (0, 0, 0.00000000000000000000e+00) (0, 0, 0.00000000000000000000e+00) (0, 0, 0.00000000000000000000e+00) (0, 0, 0.00000000000000000000e+00) (0, 0, 0.00000000000000000000e+00) (0, 0, 0.00000000000000000000e+00) (0, 0, 0.00000000000000000000e+00) (0, 0, 0.00000000000000000000e+00) (0, 0, 0.00000000000000000000e+00) (10, 3, 5.00000000000000000000e-01) (10, 3, 5.00000000000000000000e-01) (0, 3, 0.00000000000000000000e+00) (3, 3, 5.00000000000000000000e-01) (3, 3, 5.00000000000000000000e-01) (0, 3, 0.00000000000000000000e+00) (3, 3, 5.00000000000000000000e-01) (0, 3, 0.00000000000000000000e+00) 
connections (connected_to_neuron, weight)=(0, 4.88118320703506469727e-01) (1, 2.02682373046875000000e+02) (2, 1.40437440872192382812e+01) (3, 5.07274047851562500000e+02) (4, 1.93964135646820068359e+00) (5, -9.22132059931755065918e-02) (6, 1.10076751708984375000e+01) (7, 3.40907714843750000000e+02) (8, -1.07325280761718750000e+03) (9, -2.03722906112670898438e+00) (0, 2.84283590316772460938e+00) (1, 1.45023565292358398438e+01) (2, -1.27388458251953125000e+01) (3, -1.16677439212799072266e+00) (4, 1.41804313659667968750e+01) (5, -1.57038450241088867188e+00) (6, 8.41429519653320312500e+00) (7, -7.07432699203491210938e+00) (8, -1.07656145095825195312e+01) (9, -1.38660216331481933594e+00) (10, -9.72056674957275390625e+00) (11, 1.86429958343505859375e+01) (12, -2.24835324287414550781e+00) (10, -2.15220565795898437500e+01) (11, 5.13019027709960937500e+01) (12, 7.86421224474906921387e-02) (13, 9.36131000518798828125e-01) (14, 1.54776275157928466797e+00) (15, -1.61249041557312011719e+00) 
