FANN_FLO_2.1
num_layers=3
learning_rate=0.400000
connection_rate=1.000000
network_type=0
learning_momentum=0.000000
training_algorithm=2
train_error_function=1
train_stop_function=0
cascade_output_change_fraction=0.010000
quickprop_decay=-0.000100
quickprop_mu=1.750000
rprop_increase_factor=1.200000
rprop_decrease_factor=0.500000
rprop_delta_min=0.000000
rprop_delta_max=50.000000
rprop_delta_zero=0.100000
cascade_output_stagnation_epochs=12
cascade_candidate_change_fraction=0.010000
cascade_candidate_stagnation_epochs=12
cascade_max_out_epochs=150
cascade_min_out_epochs=50
cascade_max_cand_epochs=150
cascade_min_cand_epochs=50
cascade_num_candidate_groups=2
bit_fail_limit=3.49999994039535522461e-01
cascade_candidate_limit=1.00000000000000000000e+03
cascade_weight_multiplier=4.00000005960464477539e-01
cascade_activation_functions_count=10
cascade_activation_functions=3 5 7 8 10 11 14 15 16 17 
cascade_activation_steepnesses_count=4
cascade_activation_steepnesses=2.50000000000000000000e-01 5.00000000000000000000e-01 7.50000000000000000000e-01 1.00000000000000000000e+00 
layer_sizes=7 5 2 
scale_included=0
neurons (num_inputs, activation_function, activation_steepness)=(0, 0, 0.00000000000000000000e+00) (0, 0, 0.00000000000000000000e+00) (0, 0, 0.00000000000000000000e+00) (0, 0, 0.00000000000000000000e+00) (0, 0, 0.00000000000000000000e+00) (0, 0, 0.00000000000000000000e+00) (0, 0, 0.00000000000000000000e+00) (7, 3, 5.00000000000000000000e-01) (7, 3, 5.00000000000000000000e-01) (7, 3, 5.00000000000000000000e-01) (7, 3, 5.00000000000000000000e-01) (0, 3, 0.00000000000000000000e+00) (5, 3, 5.00000000000000000000e-01) (0, 3, 0.00000000000000000000e+00) 
connections (connected_to_neuron, weight)=(0, 4.92488235235214233398e-01) (1, 1.15027844905853271484e+00) (2, -4.57834291458129882812e+00) (3, -1.83826518058776855469e+00) (4, -6.78150749206542968750e+00) (5, 1.20803384780883789062e+01) (6, 2.74225640296936035156e+00) (0, -5.17558670043945312500e+00) (1, -3.18401122093200683594e+00) (2, -1.93837320804595947266e+00) (3, 3.23756790161132812500e+00) (4, 3.30827683210372924805e-01) (5, 5.61568784713745117188e+00) (6, -2.44686818122863769531e+00) (0, 3.06572914123535156250e+00) (1, -8.06210994720458984375e-01) (2, 5.51735460758209228516e-01) (3, 2.90621250867843627930e-01) (4, 4.02120761573314666748e-02) (5, 1.18881916999816894531e+00) (6, -3.06638908386230468750e+00) (0, 1.10803136825561523438e+01) (1, 2.65098500251770019531e+00) (2, -1.14182627201080322266e+00) (3, -1.78699278831481933594e+00) (4, -4.72460031509399414062e+00) (5, 1.76483795046806335449e-01) (6, 6.60320460796356201172e-01) (7, -2.21299576759338378906e+00) (8, 3.17562365531921386719e+00) (9, 5.56028938293457031250e+00) (10, -1.87807488441467285156e+00) (11, 5.50268054008483886719e-01) 
