FANN_FLO_2.1
num_layers=4
learning_rate=0.500000
connection_rate=1.000000
network_type=0
learning_momentum=0.000000
training_algorithm=2
train_error_function=1
train_stop_function=0
cascade_output_change_fraction=0.010000
quickprop_decay=-0.000100
quickprop_mu=1.750000
rprop_increase_factor=1.200000
rprop_decrease_factor=0.500000
rprop_delta_min=0.000000
rprop_delta_max=50.000000
rprop_delta_zero=0.100000
cascade_output_stagnation_epochs=12
cascade_candidate_change_fraction=0.010000
cascade_candidate_stagnation_epochs=12
cascade_max_out_epochs=150
cascade_min_out_epochs=50
cascade_max_cand_epochs=150
cascade_min_cand_epochs=50
cascade_num_candidate_groups=2
bit_fail_limit=3.49999994039535522461e-01
cascade_candidate_limit=1.00000000000000000000e+03
cascade_weight_multiplier=4.00000005960464477539e-01
cascade_activation_functions_count=10
cascade_activation_functions=3 5 7 8 10 11 14 15 16 17 
cascade_activation_steepnesses_count=4
cascade_activation_steepnesses=2.50000000000000000000e-01 5.00000000000000000000e-01 7.50000000000000000000e-01 1.00000000000000000000e+00 
layer_sizes=2 5 5 3 
scale_included=0
neurons (num_inputs, activation_function, activation_steepness)=(0, 0, 0.00000000000000000000e+00) (0, 0, 0.00000000000000000000e+00) (2, 3, 5.00000000000000000000e-01) (2, 3, 5.00000000000000000000e-01) (2, 3, 5.00000000000000000000e-01) (2, 3, 5.00000000000000000000e-01) (0, 3, 0.00000000000000000000e+00) (5, 3, 5.00000000000000000000e-01) (5, 3, 5.00000000000000000000e-01) (5, 3, 5.00000000000000000000e-01) (5, 3, 5.00000000000000000000e-01) (0, 3, 0.00000000000000000000e+00) (5, 0, 5.00000000000000000000e-01) (5, 0, 5.00000000000000000000e-01) (0, 0, 0.00000000000000000000e+00) 
connections (connected_to_neuron, weight)=(0, -1.00341444015502929688e+01) (1, 3.93464589118957519531e+00) (0, -7.82785129547119140625e+00) (1, 5.60681104660034179688e-01) (0, -1.23485136032104492188e+01) (1, 6.10995709896087646484e-01) (0, -1.00628690719604492188e+01) (1, 1.96643900871276855469e+00) (2, -3.22186255455017089844e+00) (3, 1.22921578586101531982e-01) (4, 2.29746937751770019531e+00) (5, 2.59650683403015136719e+00) (6, 8.30512285232543945312e-01) (2, 4.25258207321166992188e+00) (3, 1.07534718513488769531e+00) (4, -4.33861207962036132812e+00) (5, -7.60565757751464843750e-01) (6, -9.56460773944854736328e-01) (2, -4.70751810073852539062e+00) (3, -2.84380125999450683594e+00) (4, -3.53767824172973632812e+00) (5, 1.11888957023620605469e+00) (6, 4.00189590454101562500e+00) (2, 4.00676965713500976562e+00) (3, 8.99918496608734130859e-01) (4, -3.75959563255310058594e+00) (5, -8.29404830932617187500e-01) (6, -8.76972734928131103516e-01) (7, 2.79807519912719726562e+00) (8, -1.93912327289581298828e+00) (9, 4.92933303117752075195e-01) (10, -1.29455327987670898438e+00) (11, -3.46840798854827880859e-01) (7, 1.26395845413208007812e+00) (8, 4.82773751020431518555e-01) (9, -3.95163917541503906250e+00) (10, 4.66674804687500000000e-01) (11, 4.78320956230163574219e-01) 
