FANN_FLO_2.1
num_layers=3
learning_rate=0.400000
connection_rate=1.000000
network_type=0
learning_momentum=0.000000
training_algorithm=2
train_error_function=1
train_stop_function=0
cascade_output_change_fraction=0.010000
quickprop_decay=-0.000100
quickprop_mu=1.750000
rprop_increase_factor=1.200000
rprop_decrease_factor=0.500000
rprop_delta_min=0.000000
rprop_delta_max=50.000000
rprop_delta_zero=0.100000
cascade_output_stagnation_epochs=12
cascade_candidate_change_fraction=0.010000
cascade_candidate_stagnation_epochs=12
cascade_max_out_epochs=150
cascade_min_out_epochs=50
cascade_max_cand_epochs=150
cascade_min_cand_epochs=50
cascade_num_candidate_groups=2
bit_fail_limit=3.49999994039535522461e-01
cascade_candidate_limit=1.00000000000000000000e+03
cascade_weight_multiplier=4.00000005960464477539e-01
cascade_activation_functions_count=10
cascade_activation_functions=3 5 7 8 10 11 14 15 16 17 
cascade_activation_steepnesses_count=4
cascade_activation_steepnesses=2.50000000000000000000e-01 5.00000000000000000000e-01 7.50000000000000000000e-01 1.00000000000000000000e+00 
layer_sizes=7 5 2 
scale_included=0
neurons (num_inputs, activation_function, activation_steepness)=(0, 0, 0.00000000000000000000e+00) (0, 0, 0.00000000000000000000e+00) (0, 0, 0.00000000000000000000e+00) (0, 0, 0.00000000000000000000e+00) (0, 0, 0.00000000000000000000e+00) (0, 0, 0.00000000000000000000e+00) (0, 0, 0.00000000000000000000e+00) (7, 3, 5.00000000000000000000e-01) (7, 3, 5.00000000000000000000e-01) (7, 3, 5.00000000000000000000e-01) (7, 3, 5.00000000000000000000e-01) (0, 3, 0.00000000000000000000e+00) (5, 3, 5.00000000000000000000e-01) (0, 3, 0.00000000000000000000e+00) 
connections (connected_to_neuron, weight)=(0, 7.21547842025756835938e+00) (1, 3.92097115516662597656e+00) (2, -1.63567006587982177734e+00) (3, -1.52241539955139160156e+00) (4, -5.02032995223999023438e+00) (5, 1.09495079517364501953e+00) (6, 2.01753163337707519531e+00) (0, 1.49575412273406982422e+00) (1, -1.76737928390502929688e+00) (2, -1.89709782600402832031e+00) (3, 2.61990141868591308594e+00) (4, -6.88545823097229003906e-01) (5, 6.30125808715820312500e+00) (6, -4.06218385696411132812e+00) (0, 4.23441028594970703125e+00) (1, 3.49652743339538574219e+00) (2, 3.28162956237792968750e+00) (3, -2.21227669715881347656e+00) (4, -1.99959766864776611328e+00) (5, -2.34770870208740234375e+00) (6, 9.43710565567016601562e-01) (0, 1.78304207324981689453e+00) (1, 3.16112935543060302734e-01) (2, 1.32983410358428955078e+00) (3, -1.95361471176147460938e+00) (4, 5.58516359329223632812e+00) (5, -3.43790197372436523438e+00) (6, -4.18666124343872070312e+00) (7, -2.26604652404785156250e+00) (8, 3.65942549705505371094e+00) (9, -2.01861548423767089844e+00) (10, 4.96581506729125976562e+00) (11, 7.77235686779022216797e-01) 
