FANN_FLO_2.1
num_layers=3
learning_rate=0.400000
connection_rate=1.000000
network_type=0
learning_momentum=0.000000
training_algorithm=2
train_error_function=1
train_stop_function=0
cascade_output_change_fraction=0.010000
quickprop_decay=-0.000100
quickprop_mu=1.750000
rprop_increase_factor=1.200000
rprop_decrease_factor=0.500000
rprop_delta_min=0.000000
rprop_delta_max=50.000000
rprop_delta_zero=0.100000
cascade_output_stagnation_epochs=12
cascade_candidate_change_fraction=0.010000
cascade_candidate_stagnation_epochs=12
cascade_max_out_epochs=150
cascade_min_out_epochs=50
cascade_max_cand_epochs=150
cascade_min_cand_epochs=50
cascade_num_candidate_groups=2
bit_fail_limit=3.49999994039535522461e-01
cascade_candidate_limit=1.00000000000000000000e+03
cascade_weight_multiplier=4.00000005960464477539e-01
cascade_activation_functions_count=10
cascade_activation_functions=3 5 7 8 10 11 14 15 16 17 
cascade_activation_steepnesses_count=4
cascade_activation_steepnesses=2.50000000000000000000e-01 5.00000000000000000000e-01 7.50000000000000000000e-01 1.00000000000000000000e+00 
layer_sizes=7 5 2 
scale_included=0
neurons (num_inputs, activation_function, activation_steepness)=(0, 0, 0.00000000000000000000e+00) (0, 0, 0.00000000000000000000e+00) (0, 0, 0.00000000000000000000e+00) (0, 0, 0.00000000000000000000e+00) (0, 0, 0.00000000000000000000e+00) (0, 0, 0.00000000000000000000e+00) (0, 0, 0.00000000000000000000e+00) (7, 3, 5.00000000000000000000e-01) (7, 3, 5.00000000000000000000e-01) (7, 3, 5.00000000000000000000e-01) (7, 3, 5.00000000000000000000e-01) (0, 3, 0.00000000000000000000e+00) (5, 3, 5.00000000000000000000e-01) (0, 3, 0.00000000000000000000e+00) 
connections (connected_to_neuron, weight)=(0, -3.47995710372924804688e+00) (1, -1.40982370376586914062e+01) (2, -5.26351833343505859375e+00) (3, -1.08392512798309326172e+00) (4, 2.68965673446655273438e+00) (5, 1.16978626251220703125e+01) (6, 3.49510645866394042969e+00) (0, 5.94346523284912109375e+00) (1, -9.93519201874732971191e-02) (2, 8.35050773620605468750e+00) (3, -5.64260101318359375000e+00) (4, -3.02993440628051757812e+00) (5, 1.11049972474575042725e-01) (6, -1.33611571788787841797e+00) (0, -1.24124593734741210938e+01) (1, 1.06395559310913085938e+01) (2, -7.47037935256958007812e+00) (3, -5.39977073669433593750e-01) (4, -5.38857400417327880859e-01) (5, -1.44500000000000000000e+03) (6, 1.17874920368194580078e+00) (0, 4.65949726104736328125e+00) (1, -6.52127075195312500000e+00) (2, 6.34982204437255859375e+00) (3, -1.79137945175170898438e+00) (4, -4.17354792356491088867e-01) (5, 1.92429864406585693359e+00) (6, -1.44926536083221435547e+00) (7, -8.28750729560852050781e-01) (8, -1.03294849395751953125e+00) (9, -5.14063549041748046875e+00) (10, -6.18854522705078125000e+00) (11, -3.35684776306152343750e-01) 
