FANN_FLO_2.1
num_layers=3
learning_rate=0.400000
connection_rate=1.000000
network_type=0
learning_momentum=0.000000
training_algorithm=2
train_error_function=1
train_stop_function=0
cascade_output_change_fraction=0.010000
quickprop_decay=-0.000100
quickprop_mu=1.750000
rprop_increase_factor=1.200000
rprop_decrease_factor=0.500000
rprop_delta_min=0.000000
rprop_delta_max=50.000000
rprop_delta_zero=0.100000
cascade_output_stagnation_epochs=12
cascade_candidate_change_fraction=0.010000
cascade_candidate_stagnation_epochs=12
cascade_max_out_epochs=150
cascade_min_out_epochs=50
cascade_max_cand_epochs=150
cascade_min_cand_epochs=50
cascade_num_candidate_groups=2
bit_fail_limit=3.49999994039535522461e-01
cascade_candidate_limit=1.00000000000000000000e+03
cascade_weight_multiplier=4.00000005960464477539e-01
cascade_activation_functions_count=10
cascade_activation_functions=3 5 7 8 10 11 14 15 16 17 
cascade_activation_steepnesses_count=4
cascade_activation_steepnesses=2.50000000000000000000e-01 5.00000000000000000000e-01 7.50000000000000000000e-01 1.00000000000000000000e+00 
layer_sizes=7 5 2 
scale_included=0
neurons (num_inputs, activation_function, activation_steepness)=(0, 0, 0.00000000000000000000e+00) (0, 0, 0.00000000000000000000e+00) (0, 0, 0.00000000000000000000e+00) (0, 0, 0.00000000000000000000e+00) (0, 0, 0.00000000000000000000e+00) (0, 0, 0.00000000000000000000e+00) (0, 0, 0.00000000000000000000e+00) (7, 3, 5.00000000000000000000e-01) (7, 3, 5.00000000000000000000e-01) (7, 3, 5.00000000000000000000e-01) (7, 3, 5.00000000000000000000e-01) (0, 3, 0.00000000000000000000e+00) (5, 3, 5.00000000000000000000e-01) (0, 3, 0.00000000000000000000e+00) 
connections (connected_to_neuron, weight)=(0, -4.65258455276489257812e+00) (1, -7.99484670162200927734e-01) (2, -1.47236561775207519531e+00) (3, 2.59513688087463378906e+00) (4, -7.53366574645042419434e-02) (5, 6.43968486785888671875e+00) (6, -3.44196128845214843750e+00) (0, -8.12595963478088378906e-01) (1, -1.10796189308166503906e+00) (2, 3.85630273818969726562e+00) (3, -2.37521219253540039062e+00) (4, 6.07568645477294921875e+00) (5, -1.24140806198120117188e+01) (6, -1.45585048198699951172e+00) (0, 5.09147310256958007812e+00) (1, -7.60666251182556152344e-01) (2, -1.32933402061462402344e+00) (3, 1.24946463108062744141e+00) (4, 2.23910474777221679688e+00) (5, -7.17452526092529296875e-01) (6, -2.28835511207580566406e+00) (0, 1.14952449798583984375e+01) (1, 2.92243194580078125000e+00) (2, 1.93968310952186584473e-01) (3, -2.05403733253479003906e+00) (4, -5.55938148498535156250e+00) (5, -1.67093944549560546875e+00) (6, 2.67847466468811035156e+00) (7, 3.13803815841674804688e+00) (8, 2.63924884796142578125e+00) (9, 1.20958983898162841797e+00) (10, -2.47506308555603027344e+00) (11, -2.00480774044990539551e-01) 
