FANN_FLO_2.1
num_layers=4
learning_rate=0.500000
connection_rate=1.000000
network_type=0
learning_momentum=0.000000
training_algorithm=2
train_error_function=1
train_stop_function=0
cascade_output_change_fraction=0.010000
quickprop_decay=-0.000100
quickprop_mu=1.750000
rprop_increase_factor=1.200000
rprop_decrease_factor=0.500000
rprop_delta_min=0.000000
rprop_delta_max=50.000000
rprop_delta_zero=0.100000
cascade_output_stagnation_epochs=12
cascade_candidate_change_fraction=0.010000
cascade_candidate_stagnation_epochs=12
cascade_max_out_epochs=150
cascade_min_out_epochs=50
cascade_max_cand_epochs=150
cascade_min_cand_epochs=50
cascade_num_candidate_groups=2
bit_fail_limit=3.49999994039535522461e-01
cascade_candidate_limit=1.00000000000000000000e+03
cascade_weight_multiplier=4.00000005960464477539e-01
cascade_activation_functions_count=10
cascade_activation_functions=3 5 7 8 10 11 14 15 16 17 
cascade_activation_steepnesses_count=4
cascade_activation_steepnesses=2.50000000000000000000e-01 5.00000000000000000000e-01 7.50000000000000000000e-01 1.00000000000000000000e+00 
layer_sizes=2 5 5 3 
scale_included=0
neurons (num_inputs, activation_function, activation_steepness)=(0, 0, 0.00000000000000000000e+00) (0, 0, 0.00000000000000000000e+00) (2, 3, 5.00000000000000000000e-01) (2, 3, 5.00000000000000000000e-01) (2, 3, 5.00000000000000000000e-01) (2, 3, 5.00000000000000000000e-01) (0, 3, 0.00000000000000000000e+00) (5, 3, 5.00000000000000000000e-01) (5, 3, 5.00000000000000000000e-01) (5, 3, 5.00000000000000000000e-01) (5, 3, 5.00000000000000000000e-01) (0, 3, 0.00000000000000000000e+00) (5, 0, 5.00000000000000000000e-01) (5, 0, 5.00000000000000000000e-01) (0, 0, 0.00000000000000000000e+00) 
connections (connected_to_neuron, weight)=(0, -1.77581520080566406250e+01) (1, 5.82313156127929687500e+00) (0, -2.23363208770751953125e+01) (1, 1.85104000568389892578e+00) (0, -1.68831539154052734375e+01) (1, 3.74881482124328613281e+00) (0, -3.76322875976562500000e+02) (1, 3.45505309104919433594e+00) (2, 3.88632726669311523438e+00) (3, -5.31877899169921875000e+00) (4, -2.67799228429794311523e-01) (5, 1.32132613658905029297e+00) (6, -2.09502053260803222656e+00) (2, 1.48880249023437500000e+03) (3, 1.48880249023437500000e+03) (4, 1.50000000000000000000e+03) (5, -9.72717651367187500000e+02) (6, 1.35826759338378906250e+01) (2, 1.64450187683105468750e+01) (3, -1.85285663604736328125e+01) (4, 1.81485784053802490234e+00) (5, -1.28730565309524536133e-01) (6, -2.15909838676452636719e+00) (2, -2.19602346420288085938e+00) (3, -2.72140622138977050781e+00) (4, -1.03068363666534423828e+00) (5, 1.46842654794454574585e-02) (6, 3.15408658981323242188e+00) (7, -1.48913204669952392578e+00) (8, 8.57949793338775634766e-01) (9, -1.30743026733398437500e+00) (10, -7.55342423915863037109e-01) (11, 2.68447007983922958374e-02) (7, 1.22330272197723388672e+00) (8, 9.39787745475769042969e-01) (9, 3.62470865249633789062e-01) (10, -4.50522470474243164062e+00) (11, 1.10004782676696777344e+00) 
