FANN_FLO_2.1
num_layers=3
learning_rate=0.400000
connection_rate=1.000000
network_type=0
learning_momentum=0.000000
training_algorithm=2
train_error_function=1
train_stop_function=0
cascade_output_change_fraction=0.010000
quickprop_decay=-0.000100
quickprop_mu=1.750000
rprop_increase_factor=1.200000
rprop_decrease_factor=0.500000
rprop_delta_min=0.000000
rprop_delta_max=50.000000
rprop_delta_zero=0.100000
cascade_output_stagnation_epochs=12
cascade_candidate_change_fraction=0.010000
cascade_candidate_stagnation_epochs=12
cascade_max_out_epochs=150
cascade_min_out_epochs=50
cascade_max_cand_epochs=150
cascade_min_cand_epochs=50
cascade_num_candidate_groups=2
bit_fail_limit=3.49999994039535522461e-01
cascade_candidate_limit=1.00000000000000000000e+03
cascade_weight_multiplier=4.00000005960464477539e-01
cascade_activation_functions_count=10
cascade_activation_functions=3 5 7 8 10 11 14 15 16 17 
cascade_activation_steepnesses_count=4
cascade_activation_steepnesses=2.50000000000000000000e-01 5.00000000000000000000e-01 7.50000000000000000000e-01 1.00000000000000000000e+00 
layer_sizes=7 5 2 
scale_included=0
neurons (num_inputs, activation_function, activation_steepness)=(0, 0, 0.00000000000000000000e+00) (0, 0, 0.00000000000000000000e+00) (0, 0, 0.00000000000000000000e+00) (0, 0, 0.00000000000000000000e+00) (0, 0, 0.00000000000000000000e+00) (0, 0, 0.00000000000000000000e+00) (0, 0, 0.00000000000000000000e+00) (7, 3, 5.00000000000000000000e-01) (7, 3, 5.00000000000000000000e-01) (7, 3, 5.00000000000000000000e-01) (7, 3, 5.00000000000000000000e-01) (0, 3, 0.00000000000000000000e+00) (5, 3, 5.00000000000000000000e-01) (0, 3, 0.00000000000000000000e+00) 
connections (connected_to_neuron, weight)=(0, -5.87587475776672363281e-01) (1, 2.38871145248413085938e+00) (2, 1.01470804214477539062e+01) (3, -6.86751937866210937500e+00) (4, 2.87326240539550781250e+00) (5, -7.40109777450561523438e+00) (6, 1.84309077262878417969e+00) (0, 4.30163472890853881836e-01) (1, 1.30329501628875732422e+00) (2, 1.65313637256622314453e+00) (3, 1.30831537246704101562e+01) (4, -1.59808397293090820312e+01) (5, 4.10260766744613647461e-01) (6, 1.12461440265178680420e-01) (0, -3.51531338691711425781e+00) (1, -2.82320165634155273438e+00) (2, -2.53189468383789062500e+00) (3, 2.99740529060363769531e+00) (4, 6.25687122344970703125e-01) (5, 1.50161886215209960938e+00) (6, -2.24458217620849609375e+00) (0, 3.28378558158874511719e-01) (1, 1.28274869918823242188e+00) (2, -3.81445574760437011719e+00) (3, -1.27695350646972656250e+01) (4, 1.99556839466094970703e+00) (5, 1.04012882709503173828e+00) (6, 8.77850341796875000000e+00) (7, -7.22900986671447753906e-01) (8, -1.85967361927032470703e+00) (9, 5.65015840530395507812e+00) (10, -1.34720468521118164062e+00) (11, 1.71538364887237548828e+00) 
