FANN_FLO_2.1
num_layers=3
learning_rate=0.400000
connection_rate=1.000000
network_type=0
learning_momentum=0.000000
training_algorithm=2
train_error_function=1
train_stop_function=0
cascade_output_change_fraction=0.010000
quickprop_decay=-0.000100
quickprop_mu=1.750000
rprop_increase_factor=1.200000
rprop_decrease_factor=0.500000
rprop_delta_min=0.000000
rprop_delta_max=50.000000
rprop_delta_zero=0.100000
cascade_output_stagnation_epochs=12
cascade_candidate_change_fraction=0.010000
cascade_candidate_stagnation_epochs=12
cascade_max_out_epochs=150
cascade_min_out_epochs=50
cascade_max_cand_epochs=150
cascade_min_cand_epochs=50
cascade_num_candidate_groups=2
bit_fail_limit=3.49999994039535522461e-01
cascade_candidate_limit=1.00000000000000000000e+03
cascade_weight_multiplier=4.00000005960464477539e-01
cascade_activation_functions_count=10
cascade_activation_functions=3 5 7 8 10 11 14 15 16 17 
cascade_activation_steepnesses_count=4
cascade_activation_steepnesses=2.50000000000000000000e-01 5.00000000000000000000e-01 7.50000000000000000000e-01 1.00000000000000000000e+00 
layer_sizes=19 3 3 
scale_included=0
neurons (num_inputs, activation_function, activation_steepness)=(0, 0, 0.00000000000000000000e+00) (0, 0, 0.00000000000000000000e+00) (0, 0, 0.00000000000000000000e+00) (0, 0, 0.00000000000000000000e+00) (0, 0, 0.00000000000000000000e+00) (0, 0, 0.00000000000000000000e+00) (0, 0, 0.00000000000000000000e+00) (0, 0, 0.00000000000000000000e+00) (0, 0, 0.00000000000000000000e+00) (0, 0, 0.00000000000000000000e+00) (0, 0, 0.00000000000000000000e+00) (0, 0, 0.00000000000000000000e+00) (0, 0, 0.00000000000000000000e+00) (0, 0, 0.00000000000000000000e+00) (0, 0, 0.00000000000000000000e+00) (0, 0, 0.00000000000000000000e+00) (0, 0, 0.00000000000000000000e+00) (0, 0, 0.00000000000000000000e+00) (0, 0, 0.00000000000000000000e+00) (19, 3, 5.00000000000000000000e-01) (19, 3, 5.00000000000000000000e-01) (0, 3, 0.00000000000000000000e+00) (3, 3, 5.00000000000000000000e-01) (3, 3, 5.00000000000000000000e-01) (0, 3, 0.00000000000000000000e+00) 
connections (connected_to_neuron, weight)=(0, 4.44376564025878906250e+00) (1, 8.24296283721923828125e+00) (2, -1.66805839538574218750e+01) (3, -8.20995140075683593750e+00) (4, 1.08576309680938720703e+00) (5, 2.35644893646240234375e+01) (6, -5.03789186477661132812e+00) (7, -1.55194365978240966797e+00) (8, -2.25515079498291015625e+00) (9, -4.29869174957275390625e+00) (10, 4.87449884414672851562e+00) (11, -1.68248200416564941406e+00) (12, 1.31617832183837890625e+00) (13, 6.56073045730590820312e+00) (14, 8.20012664794921875000e+00) (15, -9.46624565124511718750e+00) (16, 1.44975137710571289062e+00) (17, 1.77229654788970947266e+00) (18, 3.32104504108428955078e-01) (0, -1.16111593246459960938e+01) (1, 5.75607347488403320312e+00) (2, -1.22536432743072509766e+00) (3, -5.47504615783691406250e+00) (4, 4.80360364913940429688e+00) (5, -1.96888637542724609375e+01) (6, 3.02667751312255859375e+01) (7, 5.79113388061523437500e+00) (8, 1.19462881088256835938e+01) (9, 5.64031457901000976562e+00) (10, 2.10826918482780456543e-01) (11, -2.84828639030456542969e+00) (12, -5.85435688495635986328e-01) (13, 2.48252677917480468750e+00) (14, -7.58519649505615234375e+00) (15, -3.43978810310363769531e+00) (16, 3.59331464767456054688e+00) (17, 7.68464744091033935547e-01) (18, 4.46308517456054687500e+00) (19, -6.00759863853454589844e-01) (20, -9.39685642719268798828e-01) (21, 7.37041771411895751953e-01) (19, 6.00700855255126953125e-01) (20, 9.39765930175781250000e-01) (21, -7.37225234508514404297e-01) 
