FANN_FLO_2.1
num_layers=4
learning_rate=0.500000
connection_rate=1.000000
network_type=0
learning_momentum=0.000000
training_algorithm=2
train_error_function=1
train_stop_function=0
cascade_output_change_fraction=0.010000
quickprop_decay=-0.000100
quickprop_mu=1.750000
rprop_increase_factor=1.200000
rprop_decrease_factor=0.500000
rprop_delta_min=0.000000
rprop_delta_max=50.000000
rprop_delta_zero=0.100000
cascade_output_stagnation_epochs=12
cascade_candidate_change_fraction=0.010000
cascade_candidate_stagnation_epochs=12
cascade_max_out_epochs=150
cascade_min_out_epochs=50
cascade_max_cand_epochs=150
cascade_min_cand_epochs=50
cascade_num_candidate_groups=2
bit_fail_limit=3.49999994039535522461e-01
cascade_candidate_limit=1.00000000000000000000e+03
cascade_weight_multiplier=4.00000005960464477539e-01
cascade_activation_functions_count=10
cascade_activation_functions=3 5 7 8 10 11 14 15 16 17 
cascade_activation_steepnesses_count=4
cascade_activation_steepnesses=2.50000000000000000000e-01 5.00000000000000000000e-01 7.50000000000000000000e-01 1.00000000000000000000e+00 
layer_sizes=10 5 3 2 
scale_included=0
neurons (num_inputs, activation_function, activation_steepness)=(0, 0, 0.00000000000000000000e+00) (0, 0, 0.00000000000000000000e+00) (0, 0, 0.00000000000000000000e+00) (0, 0, 0.00000000000000000000e+00) (0, 0, 0.00000000000000000000e+00) (0, 0, 0.00000000000000000000e+00) (0, 0, 0.00000000000000000000e+00) (0, 0, 0.00000000000000000000e+00) (0, 0, 0.00000000000000000000e+00) (0, 0, 0.00000000000000000000e+00) (10, 3, 5.00000000000000000000e-01) (10, 3, 5.00000000000000000000e-01) (10, 3, 5.00000000000000000000e-01) (10, 3, 5.00000000000000000000e-01) (0, 3, 0.00000000000000000000e+00) (5, 3, 5.00000000000000000000e-01) (5, 3, 5.00000000000000000000e-01) (0, 3, 0.00000000000000000000e+00) (3, 3, 5.00000000000000000000e-01) (0, 3, 0.00000000000000000000e+00) 
connections (connected_to_neuron, weight)=(0, -3.18714714050292968750e+00) (1, 1.27529656887054443359e+00) (2, -3.89829492568969726562e+00) (3, -1.32561337947845458984e+00) (4, 4.71281349658966064453e-01) (5, 4.23060083389282226562e+00) (6, -6.74411892890930175781e-01) (7, 1.86315250396728515625e+00) (8, 1.57153248786926269531e-01) (9, 8.11360895633697509766e-01) (0, -1.42816758155822753906e+00) (1, 5.69702982902526855469e-01) (2, -6.43316924571990966797e-01) (3, -2.50894570350646972656e+00) (4, 5.37966787815093994141e-01) (5, 1.86423689126968383789e-01) (6, -2.68229651451110839844e+00) (7, -1.25268983840942382812e+00) (8, 2.09870028495788574219e+00) (9, 5.94234645366668701172e-01) (0, -3.81763696670532226562e+00) (1, 6.96419382095336914062e+00) (2, -1.18098282814025878906e+00) (3, -3.71972703933715820312e+00) (4, 2.17231249809265136719e+00) (5, 1.12633419036865234375e+00) (6, -3.90941691398620605469e+00) (7, -6.96096897125244140625e+00) (8, -9.70402181148529052734e-01) (9, 3.80159401893615722656e+00) (0, -3.56851339340209960938e+00) (1, 8.87030303478240966797e-01) (2, -9.33728408813476562500e+00) (3, -1.51216948032379150391e+00) (4, 2.25796604156494140625e+00) (5, 4.06791925430297851562e-01) (6, 1.41608882695436477661e-02) (7, -2.96756625175476074219e-01) (8, 9.26569998264312744141e-01) (9, 3.56371998786926269531e+00) (10, 1.42046356201171875000e+00) (11, -2.80530948638916015625e+01) (12, 2.46593513488769531250e+01) (13, 9.79681205749511718750e+00) (14, -2.94424343109130859375e+00) (10, 5.81770360469818115234e-01) (11, -1.28538951873779296875e+01) (12, 1.14280405044555664062e+01) (13, 9.70183849334716796875e+00) (14, -3.44634819030761718750e+00) (15, 8.47095668315887451172e-01) (16, 1.50111198425292968750e+00) (17, -1.45534741878509521484e+00) 
