FANN_FLO_2.1
num_layers=3
learning_rate=0.400000
connection_rate=1.000000
network_type=0
learning_momentum=0.000000
training_algorithm=2
train_error_function=1
train_stop_function=0
cascade_output_change_fraction=0.010000
quickprop_decay=-0.000100
quickprop_mu=1.750000
rprop_increase_factor=1.200000
rprop_decrease_factor=0.500000
rprop_delta_min=0.000000
rprop_delta_max=50.000000
rprop_delta_zero=0.100000
cascade_output_stagnation_epochs=12
cascade_candidate_change_fraction=0.010000
cascade_candidate_stagnation_epochs=12
cascade_max_out_epochs=150
cascade_min_out_epochs=50
cascade_max_cand_epochs=150
cascade_min_cand_epochs=50
cascade_num_candidate_groups=2
bit_fail_limit=3.49999994039535522461e-01
cascade_candidate_limit=1.00000000000000000000e+03
cascade_weight_multiplier=4.00000005960464477539e-01
cascade_activation_functions_count=10
cascade_activation_functions=3 5 7 8 10 11 14 15 16 17 
cascade_activation_steepnesses_count=4
cascade_activation_steepnesses=2.50000000000000000000e-01 5.00000000000000000000e-01 7.50000000000000000000e-01 1.00000000000000000000e+00 
layer_sizes=7 5 2 
scale_included=0
neurons (num_inputs, activation_function, activation_steepness)=(0, 0, 0.00000000000000000000e+00) (0, 0, 0.00000000000000000000e+00) (0, 0, 0.00000000000000000000e+00) (0, 0, 0.00000000000000000000e+00) (0, 0, 0.00000000000000000000e+00) (0, 0, 0.00000000000000000000e+00) (0, 0, 0.00000000000000000000e+00) (7, 3, 5.00000000000000000000e-01) (7, 3, 5.00000000000000000000e-01) (7, 3, 5.00000000000000000000e-01) (7, 3, 5.00000000000000000000e-01) (0, 3, 0.00000000000000000000e+00) (5, 3, 5.00000000000000000000e-01) (0, 3, 0.00000000000000000000e+00) 
connections (connected_to_neuron, weight)=(0, -4.16437959671020507812e+00) (1, -3.60595369338989257812e+00) (2, -3.05527758598327636719e+00) (3, 1.73432898521423339844e+00) (4, 1.88421046733856201172e+00) (5, 1.93802833557128906250e+00) (6, -1.07875013351440429688e+00) (0, 3.80696058273315429688e+00) (1, -2.10486793518066406250e+00) (2, -4.75836563110351562500e+00) (3, 2.46083736419677734375e+00) (4, -2.39108300209045410156e+00) (5, 8.46833419799804687500e+00) (6, -4.21771335601806640625e+00) (0, -2.14451241493225097656e+00) (1, -9.33148682117462158203e-01) (2, 4.76295089721679687500e+00) (3, 2.75642180442810058594e+00) (4, 4.36059951782226562500e+00) (5, -9.18566703796386718750e+00) (6, -1.49187624454498291016e+00) (0, -1.03433313369750976562e+01) (1, -1.15618574619293212891e+00) (2, 7.30240488052368164062e+00) (3, 3.27460289001464843750e+00) (4, 1.80384695529937744141e+00) (5, -1.29727482795715332031e+00) (6, -3.00788664817810058594e+00) (7, 3.19740533828735351562e+00) (8, 2.96897459030151367188e+00) (9, 3.10558676719665527344e+00) (10, 7.59657084941864013672e-01) (11, -2.96183395385742187500e+00) 
