FANN_FLO_2.1
num_layers=4
learning_rate=0.400000
connection_rate=1.000000
network_type=0
learning_momentum=0.000000
training_algorithm=2
train_error_function=1
train_stop_function=0
cascade_output_change_fraction=0.010000
quickprop_decay=-0.000100
quickprop_mu=1.750000
rprop_increase_factor=1.200000
rprop_decrease_factor=0.500000
rprop_delta_min=0.000000
rprop_delta_max=50.000000
rprop_delta_zero=0.100000
cascade_output_stagnation_epochs=12
cascade_candidate_change_fraction=0.010000
cascade_candidate_stagnation_epochs=12
cascade_max_out_epochs=150
cascade_min_out_epochs=50
cascade_max_cand_epochs=150
cascade_min_cand_epochs=50
cascade_num_candidate_groups=2
bit_fail_limit=3.49999994039535522461e-01
cascade_candidate_limit=1.00000000000000000000e+03
cascade_weight_multiplier=4.00000005960464477539e-01
cascade_activation_functions_count=10
cascade_activation_functions=3 5 7 8 10 11 14 15 16 17 
cascade_activation_steepnesses_count=4
cascade_activation_steepnesses=2.50000000000000000000e-01 5.00000000000000000000e-01 7.50000000000000000000e-01 1.00000000000000000000e+00 
layer_sizes=7 5 5 2 
scale_included=0
neurons (num_inputs, activation_function, activation_steepness)=(0, 0, 0.00000000000000000000e+00) (0, 0, 0.00000000000000000000e+00) (0, 0, 0.00000000000000000000e+00) (0, 0, 0.00000000000000000000e+00) (0, 0, 0.00000000000000000000e+00) (0, 0, 0.00000000000000000000e+00) (0, 0, 0.00000000000000000000e+00) (7, 3, 5.00000000000000000000e-01) (7, 3, 5.00000000000000000000e-01) (7, 3, 5.00000000000000000000e-01) (7, 3, 5.00000000000000000000e-01) (0, 3, 0.00000000000000000000e+00) (5, 3, 5.00000000000000000000e-01) (5, 3, 5.00000000000000000000e-01) (5, 3, 5.00000000000000000000e-01) (5, 3, 5.00000000000000000000e-01) (0, 3, 0.00000000000000000000e+00) (5, 3, 5.00000000000000000000e-01) (0, 3, 0.00000000000000000000e+00) 
connections (connected_to_neuron, weight)=(0, -1.48630712890625000000e+03) (1, -1.46727832031250000000e+03) (2, -1.50000000000000000000e+03) (3, -1.44122216796875000000e+03) (4, -1.42805041503906250000e+03) (5, -7.96945922851562500000e+02) (6, -2.25623489379882812500e+02) (0, -7.47512435913085937500e+00) (1, 1.53381288051605224609e+00) (2, 1.38417558670043945312e+01) (3, -1.01353988647460937500e+01) (4, -2.03403592109680175781e+00) (5, 1.46710288524627685547e+00) (6, 4.94029045104980468750e+00) (0, -1.34401782226562500000e+03) (1, 6.64584411621093750000e+02) (2, -1.50000000000000000000e+03) (3, 1.46521972656250000000e+03) (4, -1.42805041503906250000e+03) (5, -7.60800048828125000000e+02) (6, 1.58175544738769531250e+01) (0, -4.48638076782226562500e+01) (1, 7.81604385375976562500e+00) (2, -1.36960644531250000000e+03) (3, 9.83699462890625000000e+02) (4, -2.77612792968750000000e+02) (5, -1.50000000000000000000e+03) (6, 3.84327392578125000000e+01) (7, 1.50000000000000000000e+03) (8, 1.50000000000000000000e+03) (9, 7.54038452148437500000e+02) (10, -4.83735799789428710938e+00) (11, -9.56447184085845947266e-01) (7, 1.50000000000000000000e+03) (8, -1.50000000000000000000e+03) (9, -8.86381347656250000000e+02) (10, 1.50000000000000000000e+03) (11, -2.95865774154663085938e+00) (7, 1.50000000000000000000e+03) (8, 2.45993919372558593750e+01) (9, 7.54038452148437500000e+02) (10, 3.39178657531738281250e+00) (11, -3.41264343261718750000e+00) (7, 1.50000000000000000000e+03) (8, 1.50000000000000000000e+03) (9, 7.54038452148437500000e+02) (10, 2.02058482170104980469e+00) (11, -2.04887390136718750000e+00) (12, -7.97871649265289306641e-01) (13, 4.29991483688354492188e-01) (14, -1.59416651725769042969e+00) (15, -4.86042261123657226562e-01) (16, -7.01321482658386230469e-01) 
