FANN_FLO_2.1
num_layers=4
learning_rate=0.500000
connection_rate=1.000000
network_type=0
learning_momentum=0.000000
training_algorithm=2
train_error_function=1
train_stop_function=0
cascade_output_change_fraction=0.010000
quickprop_decay=-0.000100
quickprop_mu=1.750000
rprop_increase_factor=1.200000
rprop_decrease_factor=0.500000
rprop_delta_min=0.000000
rprop_delta_max=50.000000
rprop_delta_zero=0.100000
cascade_output_stagnation_epochs=12
cascade_candidate_change_fraction=0.010000
cascade_candidate_stagnation_epochs=12
cascade_max_out_epochs=150
cascade_min_out_epochs=50
cascade_max_cand_epochs=150
cascade_min_cand_epochs=50
cascade_num_candidate_groups=2
bit_fail_limit=3.49999994039535522461e-01
cascade_candidate_limit=1.00000000000000000000e+03
cascade_weight_multiplier=4.00000005960464477539e-01
cascade_activation_functions_count=10
cascade_activation_functions=3 5 7 8 10 11 14 15 16 17 
cascade_activation_steepnesses_count=4
cascade_activation_steepnesses=2.50000000000000000000e-01 5.00000000000000000000e-01 7.50000000000000000000e-01 1.00000000000000000000e+00 
layer_sizes=10 5 3 2 
scale_included=0
neurons (num_inputs, activation_function, activation_steepness)=(0, 0, 0.00000000000000000000e+00) (0, 0, 0.00000000000000000000e+00) (0, 0, 0.00000000000000000000e+00) (0, 0, 0.00000000000000000000e+00) (0, 0, 0.00000000000000000000e+00) (0, 0, 0.00000000000000000000e+00) (0, 0, 0.00000000000000000000e+00) (0, 0, 0.00000000000000000000e+00) (0, 0, 0.00000000000000000000e+00) (0, 0, 0.00000000000000000000e+00) (10, 3, 5.00000000000000000000e-01) (10, 3, 5.00000000000000000000e-01) (10, 3, 5.00000000000000000000e-01) (10, 3, 5.00000000000000000000e-01) (0, 3, 0.00000000000000000000e+00) (5, 3, 5.00000000000000000000e-01) (5, 3, 5.00000000000000000000e-01) (0, 3, 0.00000000000000000000e+00) (3, 3, 5.00000000000000000000e-01) (0, 3, 0.00000000000000000000e+00) 
connections (connected_to_neuron, weight)=(0, 5.17380905151367187500e+00) (1, -3.11306333541870117188e+00) (2, 2.08754367828369140625e+01) (3, 2.71227574348449707031e+00) (4, -5.65575063228607177734e-01) (5, 1.83933467864990234375e+01) (6, -1.39826917648315429688e+01) (7, -8.68103790283203125000e+00) (8, -1.48947658538818359375e+01) (9, -1.93263971805572509766e+00) (0, -2.95439696311950683594e+00) (1, -1.29815979003906250000e+01) (2, -9.52153873443603515625e+00) (3, 4.24554300308227539062e+00) (4, 9.70016121864318847656e-01) (5, 7.94932126998901367188e-01) (6, 3.72043347358703613281e+00) (7, 1.39176149368286132812e+01) (8, 6.75475311279296875000e+00) (9, -4.00973111391067504883e-01) (0, 5.77721786499023437500e+00) (1, -6.79097533226013183594e-01) (2, 8.29619693756103515625e+00) (3, 2.51927089691162109375e+00) (4, -1.39653241634368896484e+00) (5, 2.81338691711425781250e+00) (6, -1.52305781841278076172e+00) (7, -4.51557445526123046875e+00) (8, -6.55100440979003906250e+00) (9, -1.00066351890563964844e+00) (0, 4.01527404785156250000e+00) (1, -6.35957002639770507812e+00) (2, 4.03474617004394531250e+00) (3, 3.87338781356811523438e+00) (4, -8.00559699535369873047e-01) (5, 9.86374318599700927734e-01) (6, -5.03641510009765625000e+00) (7, 1.02303159236907958984e+00) (8, -8.19033503532409667969e-01) (9, -8.79439055919647216797e-01) (10, -2.47637104988098144531e+00) (11, -9.24117863178253173828e-01) (12, -1.22739171981811523438e+00) (13, -3.21661782264709472656e+00) (14, 1.88403344154357910156e+00) (10, 3.56508865952491760254e-02) (11, -5.25411605834960937500e+00) (12, -4.60002273321151733398e-01) (13, 2.36448884010314941406e+00) (14, 1.82672309875488281250e+00) (15, 4.98998069763183593750e+00) (16, 3.07661366462707519531e+00) (17, -2.16696000099182128906e+00) 
