FANN_FLO_2.1
num_layers=4
learning_rate=0.500000
connection_rate=1.000000
network_type=0
learning_momentum=0.000000
training_algorithm=2
train_error_function=1
train_stop_function=0
cascade_output_change_fraction=0.010000
quickprop_decay=-0.000100
quickprop_mu=1.750000
rprop_increase_factor=1.200000
rprop_decrease_factor=0.500000
rprop_delta_min=0.000000
rprop_delta_max=50.000000
rprop_delta_zero=0.100000
cascade_output_stagnation_epochs=12
cascade_candidate_change_fraction=0.010000
cascade_candidate_stagnation_epochs=12
cascade_max_out_epochs=150
cascade_min_out_epochs=50
cascade_max_cand_epochs=150
cascade_min_cand_epochs=50
cascade_num_candidate_groups=2
bit_fail_limit=3.49999994039535522461e-01
cascade_candidate_limit=1.00000000000000000000e+03
cascade_weight_multiplier=4.00000005960464477539e-01
cascade_activation_functions_count=10
cascade_activation_functions=3 5 7 8 10 11 14 15 16 17 
cascade_activation_steepnesses_count=4
cascade_activation_steepnesses=2.50000000000000000000e-01 5.00000000000000000000e-01 7.50000000000000000000e-01 1.00000000000000000000e+00 
layer_sizes=10 5 3 2 
scale_included=0
neurons (num_inputs, activation_function, activation_steepness)=(0, 0, 0.00000000000000000000e+00) (0, 0, 0.00000000000000000000e+00) (0, 0, 0.00000000000000000000e+00) (0, 0, 0.00000000000000000000e+00) (0, 0, 0.00000000000000000000e+00) (0, 0, 0.00000000000000000000e+00) (0, 0, 0.00000000000000000000e+00) (0, 0, 0.00000000000000000000e+00) (0, 0, 0.00000000000000000000e+00) (0, 0, 0.00000000000000000000e+00) (10, 3, 5.00000000000000000000e-01) (10, 3, 5.00000000000000000000e-01) (10, 3, 5.00000000000000000000e-01) (10, 3, 5.00000000000000000000e-01) (0, 3, 0.00000000000000000000e+00) (5, 3, 5.00000000000000000000e-01) (5, 3, 5.00000000000000000000e-01) (0, 3, 0.00000000000000000000e+00) (3, 3, 5.00000000000000000000e-01) (0, 3, 0.00000000000000000000e+00) 
connections (connected_to_neuron, weight)=(0, -6.33848094940185546875e+00) (1, 4.89793729782104492188e+00) (2, -2.08585662841796875000e+01) (3, -9.87280547618865966797e-01) (4, 2.93336105346679687500e+00) (5, -1.00745725631713867188e+00) (6, 1.40938997268676757812e+00) (7, 9.13601398468017578125e+00) (8, -6.04861617088317871094e-01) (9, 1.01262021064758300781e+00) (0, -2.61456298828125000000e+00) (1, -2.13110303878784179688e+00) (2, -6.77560806274414062500e+00) (3, 2.16077446937561035156e+00) (4, -5.92939853668212890625e+00) (5, -2.61485219001770019531e+00) (6, 4.70695781707763671875e+00) (7, 6.94251298904418945312e+00) (8, 4.97441339492797851562e+00) (9, 9.19658362865447998047e-01) (0, 1.20587805175781250000e+03) (1, 5.50182676315307617188e+00) (2, 4.70731658935546875000e+01) (3, -1.36229260253906250000e+03) (4, -2.55209898948669433594e+00) (5, 1.04092082977294921875e+01) (6, -8.24251403808593750000e+02) (7, 1.02165412902832031250e+00) (8, -2.86249904632568359375e+01) (9, -1.73254108428955078125e+01) (0, 1.50000000000000000000e+03) (1, 1.50000000000000000000e+03) (2, 1.50000000000000000000e+03) (3, 1.49997961425781250000e+03) (4, 1.50000000000000000000e+03) (5, 1.50000000000000000000e+03) (6, 1.49999621582031250000e+03) (7, 1.50000000000000000000e+03) (8, 1.50000000000000000000e+03) (9, 3.12165641784667968750e+01) (10, 9.60858726501464843750e+00) (11, -1.15448808670043945312e+01) (12, -2.22772288322448730469e+00) (13, 1.74030482769012451172e+00) (14, 3.25604414939880371094e+00) (10, 6.79829483032226562500e+01) (11, -6.96672058105468750000e+01) (12, -3.86737823486328125000e+00) (13, 3.48762965202331542969e+00) (14, 5.13402223587036132812e+00) (15, 1.47386574745178222656e+00) (16, 1.25780212879180908203e+00) (17, -1.79547572135925292969e+00) 
