FANN_FLO_2.1
num_layers=3
learning_rate=0.400000
connection_rate=1.000000
network_type=0
learning_momentum=0.000000
training_algorithm=2
train_error_function=1
train_stop_function=0
cascade_output_change_fraction=0.010000
quickprop_decay=-0.000100
quickprop_mu=1.750000
rprop_increase_factor=1.200000
rprop_decrease_factor=0.500000
rprop_delta_min=0.000000
rprop_delta_max=50.000000
rprop_delta_zero=0.100000
cascade_output_stagnation_epochs=12
cascade_candidate_change_fraction=0.010000
cascade_candidate_stagnation_epochs=12
cascade_max_out_epochs=150
cascade_min_out_epochs=50
cascade_max_cand_epochs=150
cascade_min_cand_epochs=50
cascade_num_candidate_groups=2
bit_fail_limit=3.49999994039535522461e-01
cascade_candidate_limit=1.00000000000000000000e+03
cascade_weight_multiplier=4.00000005960464477539e-01
cascade_activation_functions_count=10
cascade_activation_functions=3 5 7 8 10 11 14 15 16 17 
cascade_activation_steepnesses_count=4
cascade_activation_steepnesses=2.50000000000000000000e-01 5.00000000000000000000e-01 7.50000000000000000000e-01 1.00000000000000000000e+00 
layer_sizes=19 3 3 
scale_included=0
neurons (num_inputs, activation_function, activation_steepness)=(0, 0, 0.00000000000000000000e+00) (0, 0, 0.00000000000000000000e+00) (0, 0, 0.00000000000000000000e+00) (0, 0, 0.00000000000000000000e+00) (0, 0, 0.00000000000000000000e+00) (0, 0, 0.00000000000000000000e+00) (0, 0, 0.00000000000000000000e+00) (0, 0, 0.00000000000000000000e+00) (0, 0, 0.00000000000000000000e+00) (0, 0, 0.00000000000000000000e+00) (0, 0, 0.00000000000000000000e+00) (0, 0, 0.00000000000000000000e+00) (0, 0, 0.00000000000000000000e+00) (0, 0, 0.00000000000000000000e+00) (0, 0, 0.00000000000000000000e+00) (0, 0, 0.00000000000000000000e+00) (0, 0, 0.00000000000000000000e+00) (0, 0, 0.00000000000000000000e+00) (0, 0, 0.00000000000000000000e+00) (19, 3, 5.00000000000000000000e-01) (19, 3, 5.00000000000000000000e-01) (0, 3, 0.00000000000000000000e+00) (3, 3, 5.00000000000000000000e-01) (3, 3, 5.00000000000000000000e-01) (0, 3, 0.00000000000000000000e+00) 
connections (connected_to_neuron, weight)=(0, -6.47358798980712890625e+00) (1, -5.32293379306793212891e-01) (2, 4.26973402500152587891e-01) (3, -7.25715827941894531250e+00) (4, -3.87285053730010986328e-01) (5, 8.15796792507171630859e-01) (6, -6.85610151290893554688e+00) (7, 1.44067096710205078125e+00) (8, 1.34244465827941894531e+00) (9, 8.06520748138427734375e+00) (10, -6.14434361457824707031e-01) (11, 3.99038255214691162109e-01) (12, 6.82349538803100585938e+00) (13, -8.73482167720794677734e-01) (14, -2.46875071525573730469e+00) (15, 2.76253771781921386719e+00) (16, -4.60816681385040283203e-01) (17, 2.71034091711044311523e-01) (18, -2.14919686317443847656e+00) (0, 1.25805540084838867188e+01) (1, 1.08528447151184082031e+00) (2, -2.19680833816528320312e+00) (3, 2.00403213500976562500e+01) (4, -1.17748498916625976562e+00) (5, 9.97312927246093750000e+00) (6, 1.51738910675048828125e+01) (7, -5.65890598297119140625e+00) (8, -1.59111862182617187500e+01) (9, -2.28976230621337890625e+01) (10, 2.61921358108520507812e+00) (11, 1.83146870136260986328e+00) (12, -1.06950197219848632812e+01) (13, -7.39524006843566894531e-01) (14, 8.62840270996093750000e+00) (15, 5.42489910125732421875e+00) (16, -3.86518335342407226562e+00) (17, -4.62889719009399414062e+00) (18, -1.58278608322143554688e+00) (19, -1.71293067932128906250e+00) (20, -1.06886518001556396484e+00) (21, 5.05188822746276855469e-01) (19, 1.71281206607818603516e+00) (20, 1.06942224502563476562e+00) (21, -5.05152523517608642578e-01) 
