FANN_FLO_2.1
num_layers=4
learning_rate=0.400000
connection_rate=1.000000
network_type=0
learning_momentum=0.000000
training_algorithm=2
train_error_function=1
train_stop_function=0
cascade_output_change_fraction=0.010000
quickprop_decay=-0.000100
quickprop_mu=1.750000
rprop_increase_factor=1.200000
rprop_decrease_factor=0.500000
rprop_delta_min=0.000000
rprop_delta_max=50.000000
rprop_delta_zero=0.100000
cascade_output_stagnation_epochs=12
cascade_candidate_change_fraction=0.010000
cascade_candidate_stagnation_epochs=12
cascade_max_out_epochs=150
cascade_min_out_epochs=50
cascade_max_cand_epochs=150
cascade_min_cand_epochs=50
cascade_num_candidate_groups=2
bit_fail_limit=3.49999994039535522461e-01
cascade_candidate_limit=1.00000000000000000000e+03
cascade_weight_multiplier=4.00000005960464477539e-01
cascade_activation_functions_count=10
cascade_activation_functions=3 5 7 8 10 11 14 15 16 17 
cascade_activation_steepnesses_count=4
cascade_activation_steepnesses=2.50000000000000000000e-01 5.00000000000000000000e-01 7.50000000000000000000e-01 1.00000000000000000000e+00 
layer_sizes=7 5 5 2 
scale_included=0
neurons (num_inputs, activation_function, activation_steepness)=(0, 0, 0.00000000000000000000e+00) (0, 0, 0.00000000000000000000e+00) (0, 0, 0.00000000000000000000e+00) (0, 0, 0.00000000000000000000e+00) (0, 0, 0.00000000000000000000e+00) (0, 0, 0.00000000000000000000e+00) (0, 0, 0.00000000000000000000e+00) (7, 3, 5.00000000000000000000e-01) (7, 3, 5.00000000000000000000e-01) (7, 3, 5.00000000000000000000e-01) (7, 3, 5.00000000000000000000e-01) (0, 3, 0.00000000000000000000e+00) (5, 3, 5.00000000000000000000e-01) (5, 3, 5.00000000000000000000e-01) (5, 3, 5.00000000000000000000e-01) (5, 3, 5.00000000000000000000e-01) (0, 3, 0.00000000000000000000e+00) (5, 3, 5.00000000000000000000e-01) (0, 3, 0.00000000000000000000e+00) 
connections (connected_to_neuron, weight)=(0, -8.77016418457031250000e+02) (1, 8.21626831054687500000e+02) (2, -4.45671966552734375000e+02) (3, 1.45945419311523437500e+02) (4, 4.53192901611328125000e+02) (5, 1.49133215332031250000e+03) (6, 1.57331466674804687500e-01) (0, -1.75336515903472900391e+00) (1, -4.84893113374710083008e-01) (2, 2.41915869712829589844e+00) (3, -2.31150269508361816406e+00) (4, -9.22013998031616210938e-01) (5, 2.28433743119239807129e-01) (6, 2.55107975006103515625e+00) (0, -1.67692546844482421875e+01) (1, -1.36142822265625000000e+03) (2, 1.50000000000000000000e+03) (3, 9.29461425781250000000e+02) (4, -2.71515035629272460938e+00) (5, -1.50000000000000000000e+03) (6, 1.95278525352478027344e-01) (0, -2.13745653629302978516e-01) (1, 9.36190128326416015625e-01) (2, 3.36371192932128906250e+01) (3, 2.71132984161376953125e+01) (4, 2.26304960250854492188e+00) (5, -9.22859764099121093750e+00) (6, 3.95841658115386962891e-01) (7, 5.18771648406982421875e-01) (8, 3.17580509185791015625e+01) (9, 5.02494215965270996094e-01) (10, -1.15861625671386718750e+01) (11, -2.25671648979187011719e+00) (7, 4.55018959045410156250e+01) (8, 1.49894030761718750000e+03) (9, -1.02444995117187500000e+03) (10, -1.42735339355468750000e+03) (11, -1.11999905109405517578e+00) (7, -2.18825340270996093750e+00) (8, 3.50327606201171875000e+01) (9, -1.14036682128906250000e+03) (10, -4.83120632171630859375e+00) (11, -2.04503417015075683594e+00) (7, 1.34608117675781250000e+03) (8, 1.49962365722656250000e+03) (9, -1.18364746093750000000e+03) (10, -7.07732009887695312500e+01) (11, -1.41032099723815917969e+00) (12, -9.58699166774749755859e-01) (13, -1.05985689163208007812e+00) (14, -6.99189126491546630859e-01) (15, -8.13840568065643310547e-01) (16, -4.81430202722549438477e-01) 
