FANN_FLO_2.1
num_layers=4
learning_rate=0.500000
connection_rate=1.000000
network_type=0
learning_momentum=0.000000
training_algorithm=2
train_error_function=1
train_stop_function=0
cascade_output_change_fraction=0.010000
quickprop_decay=-0.000100
quickprop_mu=1.750000
rprop_increase_factor=1.200000
rprop_decrease_factor=0.500000
rprop_delta_min=0.000000
rprop_delta_max=50.000000
rprop_delta_zero=0.100000
cascade_output_stagnation_epochs=12
cascade_candidate_change_fraction=0.010000
cascade_candidate_stagnation_epochs=12
cascade_max_out_epochs=150
cascade_min_out_epochs=50
cascade_max_cand_epochs=150
cascade_min_cand_epochs=50
cascade_num_candidate_groups=2
bit_fail_limit=3.49999994039535522461e-01
cascade_candidate_limit=1.00000000000000000000e+03
cascade_weight_multiplier=4.00000005960464477539e-01
cascade_activation_functions_count=10
cascade_activation_functions=3 5 7 8 10 11 14 15 16 17 
cascade_activation_steepnesses_count=4
cascade_activation_steepnesses=2.50000000000000000000e-01 5.00000000000000000000e-01 7.50000000000000000000e-01 1.00000000000000000000e+00 
layer_sizes=10 3 3 2 
scale_included=0
neurons (num_inputs, activation_function, activation_steepness)=(0, 0, 0.00000000000000000000e+00) (0, 0, 0.00000000000000000000e+00) (0, 0, 0.00000000000000000000e+00) (0, 0, 0.00000000000000000000e+00) (0, 0, 0.00000000000000000000e+00) (0, 0, 0.00000000000000000000e+00) (0, 0, 0.00000000000000000000e+00) (0, 0, 0.00000000000000000000e+00) (0, 0, 0.00000000000000000000e+00) (0, 0, 0.00000000000000000000e+00) (10, 3, 5.00000000000000000000e-01) (10, 3, 5.00000000000000000000e-01) (0, 3, 0.00000000000000000000e+00) (3, 3, 5.00000000000000000000e-01) (3, 3, 5.00000000000000000000e-01) (0, 3, 0.00000000000000000000e+00) (3, 3, 5.00000000000000000000e-01) (0, 3, 0.00000000000000000000e+00) 
connections (connected_to_neuron, weight)=(0, 3.01422691345214843750e+00) (1, -2.33138990402221679688e+00) (2, 7.99931859970092773438e+00) (3, 1.49334943294525146484e+00) (4, -8.32917499542236328125e+00) (5, -1.03844285011291503906e+00) (6, 2.97358608245849609375e+00) (7, -1.00207400321960449219e+00) (8, -4.67647361755371093750e+00) (9, -1.11861132085323333740e-01) (0, 9.63569819927215576172e-01) (1, -9.04138851165771484375e+00) (2, 1.76600494384765625000e+01) (3, 4.89483737945556640625e+00) (4, -9.02680969238281250000e+00) (5, -3.53935408592224121094e+00) (6, 5.61130905151367187500e+00) (7, 6.11610189080238342285e-02) (8, -7.44345712661743164062e+00) (9, 1.26075339317321777344e+00) (10, 1.19379453659057617188e+01) (11, -7.61839342117309570312e+00) (12, 8.85999500751495361328e-01) (10, 3.37370800971984863281e+00) (11, -5.20816612243652343750e+00) (12, 7.80288428068161010742e-02) (13, 2.35877895355224609375e+00) (14, 1.79702246189117431641e+00) (15, -1.75686895847320556641e+00) 
