FANN_FLO_2.1
num_layers=3
learning_rate=0.400000
connection_rate=1.000000
network_type=0
learning_momentum=0.000000
training_algorithm=2
train_error_function=1
train_stop_function=0
cascade_output_change_fraction=0.010000
quickprop_decay=-0.000100
quickprop_mu=1.750000
rprop_increase_factor=1.200000
rprop_decrease_factor=0.500000
rprop_delta_min=0.000000
rprop_delta_max=50.000000
rprop_delta_zero=0.100000
cascade_output_stagnation_epochs=12
cascade_candidate_change_fraction=0.010000
cascade_candidate_stagnation_epochs=12
cascade_max_out_epochs=150
cascade_min_out_epochs=50
cascade_max_cand_epochs=150
cascade_min_cand_epochs=50
cascade_num_candidate_groups=2
bit_fail_limit=3.49999994039535522461e-01
cascade_candidate_limit=1.00000000000000000000e+03
cascade_weight_multiplier=4.00000005960464477539e-01
cascade_activation_functions_count=10
cascade_activation_functions=3 5 7 8 10 11 14 15 16 17 
cascade_activation_steepnesses_count=4
cascade_activation_steepnesses=2.50000000000000000000e-01 5.00000000000000000000e-01 7.50000000000000000000e-01 1.00000000000000000000e+00 
layer_sizes=7 5 2 
scale_included=0
neurons (num_inputs, activation_function, activation_steepness)=(0, 0, 0.00000000000000000000e+00) (0, 0, 0.00000000000000000000e+00) (0, 0, 0.00000000000000000000e+00) (0, 0, 0.00000000000000000000e+00) (0, 0, 0.00000000000000000000e+00) (0, 0, 0.00000000000000000000e+00) (0, 0, 0.00000000000000000000e+00) (7, 3, 5.00000000000000000000e-01) (7, 3, 5.00000000000000000000e-01) (7, 3, 5.00000000000000000000e-01) (7, 3, 5.00000000000000000000e-01) (0, 3, 0.00000000000000000000e+00) (5, 3, 5.00000000000000000000e-01) (0, 3, 0.00000000000000000000e+00) 
connections (connected_to_neuron, weight)=(0, 1.28040571212768554688e+01) (1, -1.32599220275878906250e+01) (2, 8.50467586517333984375e+00) (3, -2.09050226211547851562e+00) (4, -7.24883317947387695312e-01) (5, 5.21170043945312500000e+00) (6, -6.21678972244262695312e+00) (0, -8.89956283569335937500e+00) (1, 7.74639701843261718750e+00) (2, -9.91038322448730468750e-01) (3, -1.51975905895233154297e+00) (4, -1.16448163986206054688e+00) (5, -1.50000000000000000000e+03) (6, -3.14604341983795166016e-01) (0, -4.25678348541259765625e+00) (1, -2.05828642845153808594e+00) (2, -8.53914356231689453125e+00) (3, -7.43641185760498046875e+00) (4, -1.72847247123718261719e+00) (5, -3.06871861219406127930e-01) (6, 1.12422237396240234375e+01) (0, -7.21452808380126953125e+00) (1, -3.65013861656188964844e+00) (2, 8.78406982421875000000e+01) (3, -1.12891120910644531250e+01) (4, -5.96206188201904296875e+00) (5, 1.33823184967041015625e+01) (6, 1.61008918285369873047e+00) (7, -9.48655223846435546875e+00) (8, -1.22594575881958007812e+01) (9, -9.54460501670837402344e-01) (10, -5.20710647106170654297e-01) (11, -4.75801438093185424805e-01) 
