FANN_FLO_2.1
num_layers=3
learning_rate=0.400000
connection_rate=1.000000
network_type=0
learning_momentum=0.000000
training_algorithm=2
train_error_function=1
train_stop_function=0
cascade_output_change_fraction=0.010000
quickprop_decay=-0.000100
quickprop_mu=1.750000
rprop_increase_factor=1.200000
rprop_decrease_factor=0.500000
rprop_delta_min=0.000000
rprop_delta_max=50.000000
rprop_delta_zero=0.100000
cascade_output_stagnation_epochs=12
cascade_candidate_change_fraction=0.010000
cascade_candidate_stagnation_epochs=12
cascade_max_out_epochs=150
cascade_min_out_epochs=50
cascade_max_cand_epochs=150
cascade_min_cand_epochs=50
cascade_num_candidate_groups=2
bit_fail_limit=3.49999994039535522461e-01
cascade_candidate_limit=1.00000000000000000000e+03
cascade_weight_multiplier=4.00000005960464477539e-01
cascade_activation_functions_count=10
cascade_activation_functions=3 5 7 8 10 11 14 15 16 17 
cascade_activation_steepnesses_count=4
cascade_activation_steepnesses=2.50000000000000000000e-01 5.00000000000000000000e-01 7.50000000000000000000e-01 1.00000000000000000000e+00 
layer_sizes=7 9 2 
scale_included=0
neurons (num_inputs, activation_function, activation_steepness)=(0, 0, 0.00000000000000000000e+00) (0, 0, 0.00000000000000000000e+00) (0, 0, 0.00000000000000000000e+00) (0, 0, 0.00000000000000000000e+00) (0, 0, 0.00000000000000000000e+00) (0, 0, 0.00000000000000000000e+00) (0, 0, 0.00000000000000000000e+00) (7, 3, 5.00000000000000000000e-01) (7, 3, 5.00000000000000000000e-01) (7, 3, 5.00000000000000000000e-01) (7, 3, 5.00000000000000000000e-01) (7, 3, 5.00000000000000000000e-01) (7, 3, 5.00000000000000000000e-01) (7, 3, 5.00000000000000000000e-01) (7, 3, 5.00000000000000000000e-01) (0, 3, 0.00000000000000000000e+00) (9, 3, 5.00000000000000000000e-01) (0, 3, 0.00000000000000000000e+00) 
connections (connected_to_neuron, weight)=(0, -7.11842393875122070312e+00) (1, 7.24592590332031250000e+00) (2, -9.60868597030639648438e-01) (3, -3.64833188056945800781e+00) (4, 9.40029084682464599609e-01) (5, -3.15528106689453125000e+00) (6, -1.46888911724090576172e+00) (0, 1.37536163330078125000e+01) (1, -1.43219223022460937500e+01) (2, 1.18282918930053710938e+01) (3, -4.84808504581451416016e-01) (4, 3.63199710845947265625e-01) (5, -6.75512075424194335938e+00) (6, 6.75246667861938476562e+00) (0, -9.66401004791259765625e+00) (1, 3.06537938117980957031e+00) (2, -4.22354393005371093750e+01) (3, -2.57984294891357421875e+01) (4, -1.86259281635284423828e+00) (5, 1.54953317642211914062e+01) (6, 3.64329123497009277344e+00) (0, -6.05014264583587646484e-01) (1, -1.33976709842681884766e+00) (2, -1.62399368286132812500e+02) (3, -1.32773542404174804688e+01) (4, 5.97460699081420898438e+00) (5, 1.69239866733551025391e+00) (6, -6.22790157794952392578e-01) (0, -1.00233840942382812500e+01) (1, 6.71768426895141601562e+00) (2, -1.29922822117805480957e-01) (3, -8.31877768039703369141e-01) (4, -3.76218843460083007812e+00) (5, 2.97717308998107910156e+00) (6, 4.04797744750976562500e+00) (0, -3.56492710113525390625e+00) (1, -8.32670783996582031250e+00) (2, -2.82607722282409667969e+00) (3, 8.67857456207275390625e+00) (4, 4.07723283767700195312e+00) (5, 9.73834323883056640625e+00) (6, -5.42794525623321533203e-01) (0, -6.65994882583618164062e-01) (1, -1.01457715034484863281e-01) (2, -1.58033406734466552734e+00) (3, -4.10680341720581054688e+00) (4, -5.39935886859893798828e-01) (5, 5.59444093704223632812e+00) (6, -1.74973595142364501953e+00) (0, 7.64947986602783203125e+00) (1, -7.78251290321350097656e-01) (2, -3.48716430664062500000e+01) (3, 3.95320963859558105469e+00) (4, -1.61822872161865234375e+01) (5, -7.23161983489990234375e+00) (6, 4.90796852111816406250e+00) (7, -6.69890928268432617188e+00) (8, -3.07955145835876464844e+00) (9, -4.61307466030120849609e-01) (10, -2.26737880706787109375e+00) (11, -1.81707239151000976562e+00) (12, -7.79716372489929199219e-01) (13, -1.20812880992889404297e+00) (14, -5.26524305343627929688e-01) (15, 2.52618885040283203125e+00) 
