FANN_FLO_2.1
num_layers=3
learning_rate=0.500000
connection_rate=1.000000
network_type=0
learning_momentum=0.000000
training_algorithm=2
train_error_function=1
train_stop_function=0
cascade_output_change_fraction=0.010000
quickprop_decay=-0.000100
quickprop_mu=1.750000
rprop_increase_factor=1.200000
rprop_decrease_factor=0.500000
rprop_delta_min=0.000000
rprop_delta_max=50.000000
rprop_delta_zero=0.100000
cascade_output_stagnation_epochs=12
cascade_candidate_change_fraction=0.010000
cascade_candidate_stagnation_epochs=12
cascade_max_out_epochs=150
cascade_min_out_epochs=50
cascade_max_cand_epochs=150
cascade_min_cand_epochs=50
cascade_num_candidate_groups=2
bit_fail_limit=3.49999994039535522461e-01
cascade_candidate_limit=1.00000000000000000000e+03
cascade_weight_multiplier=4.00000005960464477539e-01
cascade_activation_functions_count=10
cascade_activation_functions=3 5 7 8 10 11 14 15 16 17 
cascade_activation_steepnesses_count=4
cascade_activation_steepnesses=2.50000000000000000000e-01 5.00000000000000000000e-01 7.50000000000000000000e-01 1.00000000000000000000e+00 
layer_sizes=10 5 2 
scale_included=0
neurons (num_inputs, activation_function, activation_steepness)=(0, 0, 0.00000000000000000000e+00) (0, 0, 0.00000000000000000000e+00) (0, 0, 0.00000000000000000000e+00) (0, 0, 0.00000000000000000000e+00) (0, 0, 0.00000000000000000000e+00) (0, 0, 0.00000000000000000000e+00) (0, 0, 0.00000000000000000000e+00) (0, 0, 0.00000000000000000000e+00) (0, 0, 0.00000000000000000000e+00) (0, 0, 0.00000000000000000000e+00) (10, 3, 5.00000000000000000000e-01) (10, 3, 5.00000000000000000000e-01) (10, 3, 5.00000000000000000000e-01) (10, 3, 5.00000000000000000000e-01) (0, 3, 0.00000000000000000000e+00) (5, 3, 5.00000000000000000000e-01) (0, 3, 0.00000000000000000000e+00) 
connections (connected_to_neuron, weight)=(0, 3.05124074220657348633e-01) (1, 1.56605565547943115234e+00) (2, -3.62729787826538085938e+00) (3, -4.51824998855590820312e+00) (4, 1.42614221572875976562e+00) (5, 1.11505031585693359375e+00) (6, 4.07195352017879486084e-02) (7, -2.49701070785522460938e+00) (8, 4.53513717651367187500e+00) (9, -1.52516257762908935547e+00) (0, 7.74227142333984375000e+00) (1, 3.55312514305114746094e+00) (2, -2.27718997001647949219e+00) (3, 1.01950061321258544922e+00) (4, 8.58174681663513183594e-01) (5, 7.78496742248535156250e-01) (6, -1.00580997467041015625e+01) (7, -2.99646830558776855469e+00) (8, -3.54608297348022460938e+00) (9, 1.64031982421875000000e+00) (0, 7.05819368362426757812e+00) (1, 1.42882986068725585938e+01) (2, 2.08481922745704650879e-01) (3, -4.49679756164550781250e+00) (4, 6.66014254093170166016e-01) (5, 1.26557767391204833984e+00) (6, -1.15192565917968750000e+01) (7, -4.58490800857543945312e+00) (8, -9.26360797882080078125e+00) (9, 1.47809600830078125000e+00) (0, -1.18378853797912597656e+00) (1, -5.64182901382446289062e+00) (2, -1.35807342529296875000e+01) (3, 3.07245206832885742188e+00) (4, 9.03100818395614624023e-02) (5, -1.71066856384277343750e+00) (6, 1.26608972549438476562e+01) (7, -1.34109747409820556641e+00) (8, 1.50783598423004150391e+00) (9, 7.31929600238800048828e-01) (10, 1.53446245193481445312e+00) (11, 7.88395464420318603516e-01) (12, 2.25419569015502929688e+00) (13, 2.94828343391418457031e+00) (14, -2.34713292121887207031e+00) 
