FANN_FLO_2.1
num_layers=4
learning_rate=0.500000
connection_rate=1.000000
network_type=0
learning_momentum=0.000000
training_algorithm=2
train_error_function=1
train_stop_function=0
cascade_output_change_fraction=0.010000
quickprop_decay=-0.000100
quickprop_mu=1.750000
rprop_increase_factor=1.200000
rprop_decrease_factor=0.500000
rprop_delta_min=0.000000
rprop_delta_max=50.000000
rprop_delta_zero=0.100000
cascade_output_stagnation_epochs=12
cascade_candidate_change_fraction=0.010000
cascade_candidate_stagnation_epochs=12
cascade_max_out_epochs=150
cascade_min_out_epochs=50
cascade_max_cand_epochs=150
cascade_min_cand_epochs=50
cascade_num_candidate_groups=2
bit_fail_limit=3.49999994039535522461e-01
cascade_candidate_limit=1.00000000000000000000e+03
cascade_weight_multiplier=4.00000005960464477539e-01
cascade_activation_functions_count=10
cascade_activation_functions=3 5 7 8 10 11 14 15 16 17 
cascade_activation_steepnesses_count=4
cascade_activation_steepnesses=2.50000000000000000000e-01 5.00000000000000000000e-01 7.50000000000000000000e-01 1.00000000000000000000e+00 
layer_sizes=2 5 5 3 
scale_included=0
neurons (num_inputs, activation_function, activation_steepness)=(0, 0, 0.00000000000000000000e+00) (0, 0, 0.00000000000000000000e+00) (2, 3, 5.00000000000000000000e-01) (2, 3, 5.00000000000000000000e-01) (2, 3, 5.00000000000000000000e-01) (2, 3, 5.00000000000000000000e-01) (0, 3, 0.00000000000000000000e+00) (5, 3, 5.00000000000000000000e-01) (5, 3, 5.00000000000000000000e-01) (5, 3, 5.00000000000000000000e-01) (5, 3, 5.00000000000000000000e-01) (0, 3, 0.00000000000000000000e+00) (5, 0, 5.00000000000000000000e-01) (5, 0, 5.00000000000000000000e-01) (0, 0, 0.00000000000000000000e+00) 
connections (connected_to_neuron, weight)=(0, -1.90363044738769531250e+01) (1, -2.81627148389816284180e-01) (0, -9.78960609436035156250e+00) (1, 1.72526204586029052734e+00) (0, -1.11582908630371093750e+01) (1, 8.31177413463592529297e-01) (0, -1.50000000000000000000e+03) (1, 3.34886598587036132812e+00) (2, -1.67382061481475830078e+00) (3, -1.65988910198211669922e+00) (4, -1.68100345134735107422e+00) (5, 1.82517468929290771484e-01) (6, 6.56911283731460571289e-02) (2, 2.00803184509277343750e+00) (3, 2.09098815917968750000e+00) (4, 1.48599779605865478516e+00) (5, -4.09921348094940185547e-01) (6, -1.01014159619808197021e-01) (2, 3.17617487907409667969e+00) (3, -9.49524307250976562500e+00) (4, -7.82248830795288085938e+00) (5, 1.06234130859375000000e+01) (6, -1.47235855460166931152e-01) (2, 5.61959609985351562500e+01) (3, 1.30994195938110351562e+01) (4, -3.71638870239257812500e+01) (5, -8.51938323974609375000e+01) (6, -4.03507173061370849609e-01) (7, -4.60358428955078125000e+00) (8, 5.95757186412811279297e-01) (9, 7.79431438446044921875e+00) (10, 6.57388031482696533203e-01) (11, -1.27549576759338378906e+00) (7, -6.27186346054077148438e+00) (8, 1.33151102066040039062e+00) (9, -2.45202112197875976562e+00) (10, -2.87396073341369628906e-01) (11, 1.28875005245208740234e+00) 
