FANN_FLO_2.1
num_layers=4
learning_rate=0.400000
connection_rate=1.000000
network_type=0
learning_momentum=0.000000
training_algorithm=2
train_error_function=1
train_stop_function=0
cascade_output_change_fraction=0.010000
quickprop_decay=-0.000100
quickprop_mu=1.750000
rprop_increase_factor=1.200000
rprop_decrease_factor=0.500000
rprop_delta_min=0.000000
rprop_delta_max=50.000000
rprop_delta_zero=0.100000
cascade_output_stagnation_epochs=12
cascade_candidate_change_fraction=0.010000
cascade_candidate_stagnation_epochs=12
cascade_max_out_epochs=150
cascade_min_out_epochs=50
cascade_max_cand_epochs=150
cascade_min_cand_epochs=50
cascade_num_candidate_groups=2
bit_fail_limit=3.49999994039535522461e-01
cascade_candidate_limit=1.00000000000000000000e+03
cascade_weight_multiplier=4.00000005960464477539e-01
cascade_activation_functions_count=10
cascade_activation_functions=3 5 7 8 10 11 14 15 16 17 
cascade_activation_steepnesses_count=4
cascade_activation_steepnesses=2.50000000000000000000e-01 5.00000000000000000000e-01 7.50000000000000000000e-01 1.00000000000000000000e+00 
layer_sizes=7 5 3 2 
scale_included=0
neurons (num_inputs, activation_function, activation_steepness)=(0, 0, 0.00000000000000000000e+00) (0, 0, 0.00000000000000000000e+00) (0, 0, 0.00000000000000000000e+00) (0, 0, 0.00000000000000000000e+00) (0, 0, 0.00000000000000000000e+00) (0, 0, 0.00000000000000000000e+00) (0, 0, 0.00000000000000000000e+00) (7, 3, 5.00000000000000000000e-01) (7, 3, 5.00000000000000000000e-01) (7, 3, 5.00000000000000000000e-01) (7, 3, 5.00000000000000000000e-01) (0, 3, 0.00000000000000000000e+00) (5, 3, 5.00000000000000000000e-01) (5, 3, 5.00000000000000000000e-01) (0, 3, 0.00000000000000000000e+00) (3, 3, 5.00000000000000000000e-01) (0, 3, 0.00000000000000000000e+00) 
connections (connected_to_neuron, weight)=(0, 5.14043712615966796875e+00) (1, -6.76418972015380859375e+00) (2, 2.39720988273620605469e+00) (3, -1.59841203689575195312e+00) (4, 2.78320521116256713867e-01) (5, 4.99027585983276367188e+00) (6, -4.72959804534912109375e+00) (0, -1.98245000839233398438e+00) (1, 1.25252641737461090088e-03) (2, 8.08165931701660156250e+00) (3, 6.23482847213745117188e+00) (4, -4.61134004592895507812e+00) (5, -4.46662187576293945312e-01) (6, -1.05012679100036621094e+00) (0, -9.30179882049560546875e+00) (1, 6.99585676193237304688e+00) (2, -2.73689866065979003906e+00) (3, -2.02659058570861816406e+00) (4, -7.62347429990768432617e-02) (5, -1.50000000000000000000e+03) (6, 1.23855185508728027344e+00) (0, 7.57110404968261718750e+00) (1, 5.38307189941406250000e+00) (2, -1.36800966262817382812e+01) (3, -8.14839458465576171875e+00) (4, -2.57045865058898925781e+00) (5, -7.44711935520172119141e-01) (6, -4.80376720428466796875e+00) (7, 7.63702011108398437500e+00) (8, 1.50053620338439941406e+00) (9, 5.25712060928344726562e+00) (10, 1.50212275981903076172e+00) (11, -3.97567701339721679688e+00) (7, 5.09398841857910156250e+00) (8, 1.37099838256835937500e+00) (9, 4.98120498657226562500e+00) (10, -7.21842795610427856445e-02) (11, -2.50950360298156738281e+00) (12, -6.05364036560058593750e+00) (13, -3.17487215995788574219e+00) (14, -7.65295863151550292969e-01) 
