FANN_FLO_2.1
num_layers=4
learning_rate=0.400000
connection_rate=1.000000
network_type=0
learning_momentum=0.000000
training_algorithm=2
train_error_function=1
train_stop_function=0
cascade_output_change_fraction=0.010000
quickprop_decay=-0.000100
quickprop_mu=1.750000
rprop_increase_factor=1.200000
rprop_decrease_factor=0.500000
rprop_delta_min=0.000000
rprop_delta_max=50.000000
rprop_delta_zero=0.100000
cascade_output_stagnation_epochs=12
cascade_candidate_change_fraction=0.010000
cascade_candidate_stagnation_epochs=12
cascade_max_out_epochs=150
cascade_min_out_epochs=50
cascade_max_cand_epochs=150
cascade_min_cand_epochs=50
cascade_num_candidate_groups=2
bit_fail_limit=3.49999994039535522461e-01
cascade_candidate_limit=1.00000000000000000000e+03
cascade_weight_multiplier=4.00000005960464477539e-01
cascade_activation_functions_count=10
cascade_activation_functions=3 5 7 8 10 11 14 15 16 17 
cascade_activation_steepnesses_count=4
cascade_activation_steepnesses=2.50000000000000000000e-01 5.00000000000000000000e-01 7.50000000000000000000e-01 1.00000000000000000000e+00 
layer_sizes=7 5 3 2 
scale_included=0
neurons (num_inputs, activation_function, activation_steepness)=(0, 0, 0.00000000000000000000e+00) (0, 0, 0.00000000000000000000e+00) (0, 0, 0.00000000000000000000e+00) (0, 0, 0.00000000000000000000e+00) (0, 0, 0.00000000000000000000e+00) (0, 0, 0.00000000000000000000e+00) (0, 0, 0.00000000000000000000e+00) (7, 3, 5.00000000000000000000e-01) (7, 3, 5.00000000000000000000e-01) (7, 3, 5.00000000000000000000e-01) (7, 3, 5.00000000000000000000e-01) (0, 3, 0.00000000000000000000e+00) (5, 3, 5.00000000000000000000e-01) (5, 3, 5.00000000000000000000e-01) (0, 3, 0.00000000000000000000e+00) (3, 3, 5.00000000000000000000e-01) (0, 3, 0.00000000000000000000e+00) 
connections (connected_to_neuron, weight)=(0, -4.32418823242187500000e+00) (1, -8.33749023437500000000e+02) (2, 3.01999694824218750000e+02) (3, -1.35528735351562500000e+03) (4, -1.35467077636718750000e+03) (5, -3.12696456909179687500e+01) (6, 1.06292176246643066406e+00) (0, -1.01867980957031250000e+01) (1, 8.33464050292968750000e+00) (2, -2.95515656471252441406e+00) (3, -2.62482357025146484375e+00) (4, -1.55201864242553710938e+00) (5, -1.50000000000000000000e+03) (6, 3.13880157470703125000e+00) (0, -1.13616271972656250000e+03) (1, 1.61180480957031250000e+02) (2, 7.40098876953125000000e+01) (3, 1.16316845703125000000e+03) (4, 1.48958422851562500000e+03) (5, -1.50000000000000000000e+03) (6, -9.65439086914062500000e+02) (0, 7.62771749496459960938e+00) (1, -8.51460266113281250000e+00) (2, 3.90658164024353027344e+00) (3, -2.15754771232604980469e+00) (4, -4.09816116094589233398e-01) (5, 4.22933578491210937500e+00) (6, -3.33796906471252441406e+00) (7, 1.50000000000000000000e+03) (8, 4.32292842864990234375e+00) (9, 2.55669921636581420898e-01) (10, 7.31491518020629882812e+00) (11, -2.95672130584716796875e+00) (7, 1.50000000000000000000e+03) (8, 1.50000000000000000000e+03) (9, 1.50000000000000000000e+03) (10, 1.50000000000000000000e+03) (11, -6.70142078399658203125e+00) (12, -4.13804197311401367188e+00) (13, -6.77606821060180664062e-01) (14, -5.02308964729309082031e-01) 
