FANN_FLO_2.1
num_layers=3
learning_rate=0.400000
connection_rate=1.000000
network_type=0
learning_momentum=0.000000
training_algorithm=2
train_error_function=1
train_stop_function=0
cascade_output_change_fraction=0.010000
quickprop_decay=-0.000100
quickprop_mu=1.750000
rprop_increase_factor=1.200000
rprop_decrease_factor=0.500000
rprop_delta_min=0.000000
rprop_delta_max=50.000000
rprop_delta_zero=0.100000
cascade_output_stagnation_epochs=12
cascade_candidate_change_fraction=0.010000
cascade_candidate_stagnation_epochs=12
cascade_max_out_epochs=150
cascade_min_out_epochs=50
cascade_max_cand_epochs=150
cascade_min_cand_epochs=50
cascade_num_candidate_groups=2
bit_fail_limit=3.49999994039535522461e-01
cascade_candidate_limit=1.00000000000000000000e+03
cascade_weight_multiplier=4.00000005960464477539e-01
cascade_activation_functions_count=10
cascade_activation_functions=3 5 7 8 10 11 14 15 16 17 
cascade_activation_steepnesses_count=4
cascade_activation_steepnesses=2.50000000000000000000e-01 5.00000000000000000000e-01 7.50000000000000000000e-01 1.00000000000000000000e+00 
layer_sizes=19 3 3 
scale_included=0
neurons (num_inputs, activation_function, activation_steepness)=(0, 0, 0.00000000000000000000e+00) (0, 0, 0.00000000000000000000e+00) (0, 0, 0.00000000000000000000e+00) (0, 0, 0.00000000000000000000e+00) (0, 0, 0.00000000000000000000e+00) (0, 0, 0.00000000000000000000e+00) (0, 0, 0.00000000000000000000e+00) (0, 0, 0.00000000000000000000e+00) (0, 0, 0.00000000000000000000e+00) (0, 0, 0.00000000000000000000e+00) (0, 0, 0.00000000000000000000e+00) (0, 0, 0.00000000000000000000e+00) (0, 0, 0.00000000000000000000e+00) (0, 0, 0.00000000000000000000e+00) (0, 0, 0.00000000000000000000e+00) (0, 0, 0.00000000000000000000e+00) (0, 0, 0.00000000000000000000e+00) (0, 0, 0.00000000000000000000e+00) (0, 0, 0.00000000000000000000e+00) (19, 3, 5.00000000000000000000e-01) (19, 3, 5.00000000000000000000e-01) (0, 3, 0.00000000000000000000e+00) (3, 3, 5.00000000000000000000e-01) (3, 3, 5.00000000000000000000e-01) (0, 3, 0.00000000000000000000e+00) 
connections (connected_to_neuron, weight)=(0, 2.31280078887939453125e+01) (1, -7.01470375061035156250e+00) (2, -3.84959363937377929688e+00) (3, 1.45485889911651611328e+00) (4, 4.62877303361892700195e-01) (5, -4.80479478836059570312e+00) (6, 5.43947696685791015625e+00) (7, 3.66188228130340576172e-01) (8, 1.86542105674743652344e+00) (9, -1.05052843093872070312e+01) (10, -5.33458232879638671875e+00) (11, -1.02662825584411621094e+00) (12, -5.46026945114135742188e+00) (13, -3.85248214006423950195e-01) (14, 6.52112305164337158203e-01) (15, -1.02019443511962890625e+01) (16, 1.35032377243041992188e+01) (17, 6.79717111587524414062e+00) (18, 2.75731396675109863281e+00) (0, -7.87341213226318359375e+00) (1, 1.15239536762237548828e+00) (2, 1.29857969284057617188e+00) (3, -4.51611423492431640625e+00) (4, -2.78462469577789306641e-02) (5, 2.18886423110961914062e+00) (6, -3.75213432312011718750e+00) (7, 1.31045913696289062500e+00) (8, 8.90964627265930175781e-01) (9, 4.55463743209838867188e+00) (10, 2.36886668205261230469e+00) (11, -4.21864807605743408203e-01) (12, 4.52222824096679687500e+00) (13, 5.28451025485992431641e-01) (14, -2.05520343780517578125e+00) (15, 4.06604528427124023438e+00) (16, -3.16869282722473144531e+00) (17, -2.14790034294128417969e+00) (18, -3.36669611930847167969e+00) (19, -1.47069036960601806641e+00) (20, -2.20606756210327148438e+00) (21, 8.68994474411010742188e-01) (19, 1.47201991081237792969e+00) (20, 2.20631480216979980469e+00) (21, -8.70315909385681152344e-01) 
