FANN_FLO_2.1
num_layers=3
learning_rate=0.400000
connection_rate=1.000000
network_type=0
learning_momentum=0.000000
training_algorithm=2
train_error_function=1
train_stop_function=0
cascade_output_change_fraction=0.010000
quickprop_decay=-0.000100
quickprop_mu=1.750000
rprop_increase_factor=1.200000
rprop_decrease_factor=0.500000
rprop_delta_min=0.000000
rprop_delta_max=50.000000
rprop_delta_zero=0.100000
cascade_output_stagnation_epochs=12
cascade_candidate_change_fraction=0.010000
cascade_candidate_stagnation_epochs=12
cascade_max_out_epochs=150
cascade_min_out_epochs=50
cascade_max_cand_epochs=150
cascade_min_cand_epochs=50
cascade_num_candidate_groups=2
bit_fail_limit=3.49999994039535522461e-01
cascade_candidate_limit=1.00000000000000000000e+03
cascade_weight_multiplier=4.00000005960464477539e-01
cascade_activation_functions_count=10
cascade_activation_functions=3 5 7 8 10 11 14 15 16 17 
cascade_activation_steepnesses_count=4
cascade_activation_steepnesses=2.50000000000000000000e-01 5.00000000000000000000e-01 7.50000000000000000000e-01 1.00000000000000000000e+00 
layer_sizes=7 9 2 
scale_included=0
neurons (num_inputs, activation_function, activation_steepness)=(0, 0, 0.00000000000000000000e+00) (0, 0, 0.00000000000000000000e+00) (0, 0, 0.00000000000000000000e+00) (0, 0, 0.00000000000000000000e+00) (0, 0, 0.00000000000000000000e+00) (0, 0, 0.00000000000000000000e+00) (0, 0, 0.00000000000000000000e+00) (7, 3, 5.00000000000000000000e-01) (7, 3, 5.00000000000000000000e-01) (7, 3, 5.00000000000000000000e-01) (7, 3, 5.00000000000000000000e-01) (7, 3, 5.00000000000000000000e-01) (7, 3, 5.00000000000000000000e-01) (7, 3, 5.00000000000000000000e-01) (7, 3, 5.00000000000000000000e-01) (0, 3, 0.00000000000000000000e+00) (9, 3, 5.00000000000000000000e-01) (0, 3, 0.00000000000000000000e+00) 
connections (connected_to_neuron, weight)=(0, -3.86564946174621582031e+00) (1, -8.56907749176025390625e+00) (2, 2.62123382568359375000e+02) (3, -1.68887650966644287109e+00) (4, -1.24569616317749023438e+01) (5, -1.59507722854614257812e+01) (6, 8.70635604858398437500e+00) (0, 2.32402992248535156250e+01) (1, -2.28539829254150390625e+01) (2, 1.18488647460937500000e+02) (3, -7.19695389270782470703e-01) (4, 1.39004015922546386719e+00) (5, -9.32981681823730468750e+00) (6, 7.10428762435913085938e+00) (0, 1.36824588775634765625e+01) (1, -1.37724456787109375000e+01) (2, -8.01780596375465393066e-02) (3, -2.28258323669433593750e+00) (4, -5.80451250076293945312e-01) (5, -7.94245576858520507812e+00) (6, 8.52348518371582031250e+00) (0, 8.84761512279510498047e-02) (1, 1.14391863346099853516e+00) (2, -3.27281999588012695312e+00) (3, -5.99167966842651367188e+00) (4, -2.68845582008361816406e+00) (5, -4.06203001737594604492e-01) (6, 3.49868917465209960938e+00) (0, -2.04548358917236328125e+00) (1, 1.44053773880004882812e+01) (2, 5.98484945297241210938e+00) (3, -6.00123500823974609375e+00) (4, -5.82540798187255859375e+00) (5, -4.67155504226684570312e+00) (6, 2.37568807601928710938e+00) (0, -1.14825153350830078125e+01) (1, 8.47164058685302734375e+00) (2, 7.75655210018157958984e-01) (3, -3.48841261863708496094e+00) (4, -1.56736755371093750000e+00) (5, 3.60066294670104980469e+00) (6, 3.30459237098693847656e+00) (0, -1.79395651817321777344e+00) (1, -6.84250068664550781250e+00) (2, 2.32551849365234375000e+02) (3, -3.30059194564819335938e+00) (4, -1.13360118865966796875e+01) (5, -7.00285434722900390625e+00) (6, 9.16328525543212890625e+00) (0, -2.10002079606056213379e-01) (1, -4.21328353881835937500e+00) (2, -6.09738159179687500000e+00) (3, -5.39455413818359375000e+00) (4, -1.47934007644653320312e+00) (5, -1.43763911724090576172e+00) (6, 3.01737737655639648438e+00) (7, 2.43788301944732666016e-01) (8, -7.01880455017089843750e-01) (9, -3.35039877891540527344e+00) (10, -6.94436252117156982422e-01) (11, 5.29843688011169433594e-01) (12, -3.88020062446594238281e+00) (13, -1.91317781805992126465e-01) (14, 2.73333692550659179688e+00) (15, 2.47945380210876464844e+00) 
