FANN_FLO_2.1
num_layers=3
learning_rate=0.400000
connection_rate=1.000000
network_type=0
learning_momentum=0.000000
training_algorithm=2
train_error_function=1
train_stop_function=0
cascade_output_change_fraction=0.010000
quickprop_decay=-0.000100
quickprop_mu=1.750000
rprop_increase_factor=1.200000
rprop_decrease_factor=0.500000
rprop_delta_min=0.000000
rprop_delta_max=50.000000
rprop_delta_zero=0.100000
cascade_output_stagnation_epochs=12
cascade_candidate_change_fraction=0.010000
cascade_candidate_stagnation_epochs=12
cascade_max_out_epochs=150
cascade_min_out_epochs=50
cascade_max_cand_epochs=150
cascade_min_cand_epochs=50
cascade_num_candidate_groups=2
bit_fail_limit=3.49999994039535522461e-01
cascade_candidate_limit=1.00000000000000000000e+03
cascade_weight_multiplier=4.00000005960464477539e-01
cascade_activation_functions_count=10
cascade_activation_functions=3 5 7 8 10 11 14 15 16 17 
cascade_activation_steepnesses_count=4
cascade_activation_steepnesses=2.50000000000000000000e-01 5.00000000000000000000e-01 7.50000000000000000000e-01 1.00000000000000000000e+00 
layer_sizes=19 3 3 
scale_included=0
neurons (num_inputs, activation_function, activation_steepness)=(0, 0, 0.00000000000000000000e+00) (0, 0, 0.00000000000000000000e+00) (0, 0, 0.00000000000000000000e+00) (0, 0, 0.00000000000000000000e+00) (0, 0, 0.00000000000000000000e+00) (0, 0, 0.00000000000000000000e+00) (0, 0, 0.00000000000000000000e+00) (0, 0, 0.00000000000000000000e+00) (0, 0, 0.00000000000000000000e+00) (0, 0, 0.00000000000000000000e+00) (0, 0, 0.00000000000000000000e+00) (0, 0, 0.00000000000000000000e+00) (0, 0, 0.00000000000000000000e+00) (0, 0, 0.00000000000000000000e+00) (0, 0, 0.00000000000000000000e+00) (0, 0, 0.00000000000000000000e+00) (0, 0, 0.00000000000000000000e+00) (0, 0, 0.00000000000000000000e+00) (0, 0, 0.00000000000000000000e+00) (19, 3, 5.00000000000000000000e-01) (19, 3, 5.00000000000000000000e-01) (0, 3, 0.00000000000000000000e+00) (3, 3, 5.00000000000000000000e-01) (3, 3, 5.00000000000000000000e-01) (0, 3, 0.00000000000000000000e+00) 
connections (connected_to_neuron, weight)=(0, 2.70759010314941406250e+00) (1, -6.19449806213378906250e+00) (2, -3.51428389549255371094e-01) (3, -1.31841495633125305176e-01) (4, -5.47967004776000976562e+00) (5, -2.01546597480773925781e+00) (6, -6.01404786109924316406e-01) (7, -4.12682104110717773438e+00) (8, -5.72416639328002929688e+00) (9, 1.27782571315765380859e+00) (10, 4.54957991838455200195e-01) (11, 3.78586721420288085938e+00) (12, 7.58581697940826416016e-01) (13, 3.91315674781799316406e+00) (14, 1.47372317314147949219e+00) (15, 1.73991644382476806641e+00) (16, 6.53906917572021484375e+00) (17, 7.57007002830505371094e-01) (18, -3.22520899772644042969e+00) (0, -7.13430976867675781250e+00) (1, 1.62931919097900390625e+01) (2, -1.40963125228881835938e+00) (3, 3.79398894309997558594e+00) (4, 8.80871486663818359375e+00) (5, 2.45758724212646484375e+00) (6, 2.60735917091369628906e+00) (7, 4.77287912368774414062e+00) (8, 1.68165931701660156250e+01) (9, 5.67718803882598876953e-01) (10, 1.68765127658843994141e-01) (11, -1.09662637710571289062e+01) (12, -1.11709272861480712891e+00) (13, -6.14264869689941406250e+00) (14, 1.34440565109252929688e+00) (15, -3.53542232513427734375e+00) (16, -1.67325458526611328125e+01) (17, 9.40906524658203125000e-01) (18, -6.22802637517452239990e-02) (19, -2.38801169395446777344e+00) (20, -1.62684357166290283203e+00) (21, 1.06406235694885253906e+00) (19, 2.38410449028015136719e+00) (20, 1.62339377403259277344e+00) (21, -1.06035137176513671875e+00) 
