FANN_FLO_2.1
num_layers=3
learning_rate=0.500000
connection_rate=1.000000
network_type=0
learning_momentum=0.000000
training_algorithm=2
train_error_function=1
train_stop_function=0
cascade_output_change_fraction=0.010000
quickprop_decay=-0.000100
quickprop_mu=1.750000
rprop_increase_factor=1.200000
rprop_decrease_factor=0.500000
rprop_delta_min=0.000000
rprop_delta_max=50.000000
rprop_delta_zero=0.100000
cascade_output_stagnation_epochs=12
cascade_candidate_change_fraction=0.010000
cascade_candidate_stagnation_epochs=12
cascade_max_out_epochs=150
cascade_min_out_epochs=50
cascade_max_cand_epochs=150
cascade_min_cand_epochs=50
cascade_num_candidate_groups=2
bit_fail_limit=3.49999994039535522461e-01
cascade_candidate_limit=1.00000000000000000000e+03
cascade_weight_multiplier=4.00000005960464477539e-01
cascade_activation_functions_count=10
cascade_activation_functions=3 5 7 8 10 11 14 15 16 17 
cascade_activation_steepnesses_count=4
cascade_activation_steepnesses=2.50000000000000000000e-01 5.00000000000000000000e-01 7.50000000000000000000e-01 1.00000000000000000000e+00 
layer_sizes=10 5 2 
scale_included=0
neurons (num_inputs, activation_function, activation_steepness)=(0, 0, 0.00000000000000000000e+00) (0, 0, 0.00000000000000000000e+00) (0, 0, 0.00000000000000000000e+00) (0, 0, 0.00000000000000000000e+00) (0, 0, 0.00000000000000000000e+00) (0, 0, 0.00000000000000000000e+00) (0, 0, 0.00000000000000000000e+00) (0, 0, 0.00000000000000000000e+00) (0, 0, 0.00000000000000000000e+00) (0, 0, 0.00000000000000000000e+00) (10, 3, 5.00000000000000000000e-01) (10, 3, 5.00000000000000000000e-01) (10, 3, 5.00000000000000000000e-01) (10, 3, 5.00000000000000000000e-01) (0, 3, 0.00000000000000000000e+00) (5, 3, 5.00000000000000000000e-01) (0, 3, 0.00000000000000000000e+00) 
connections (connected_to_neuron, weight)=(0, -8.24606323242187500000e+00) (1, -6.38093614578247070312e+00) (2, 2.54720830917358398438e+00) (3, -1.94125690460205078125e+01) (4, -5.18732976913452148438e+00) (5, 1.12145748138427734375e+01) (6, -7.13353490829467773438e+00) (7, 8.66796684265136718750e+00) (8, 5.46867275238037109375e+00) (9, 2.85925030708312988281e+00) (0, -8.51607131958007812500e+00) (1, -3.14063549041748046875e+00) (2, 1.36255569458007812500e+01) (3, -4.76133775711059570312e+00) (4, -2.21904969215393066406e+00) (5, 1.15466654300689697266e+00) (6, 2.60579891204833984375e+01) (7, -1.90985717773437500000e+01) (8, -1.85200166702270507812e+00) (9, 2.65059041976928710938e+00) (0, -8.30435454845428466797e-01) (1, 1.15562410354614257812e+01) (2, 3.06617259979248046875e+00) (3, -6.49160146713256835938e-01) (4, 4.90356743335723876953e-01) (5, 2.73445892333984375000e+00) (6, -1.32267248630523681641e+00) (7, -4.39670610427856445312e+00) (8, -1.23118848800659179688e+01) (9, -1.36521553993225097656e+00) (0, 1.81228423118591308594e+00) (1, -3.53752183914184570312e+00) (2, 1.37573347091674804688e+01) (3, -1.50716507434844970703e+00) (4, -9.99410271644592285156e-01) (5, -4.40864372253417968750e+00) (6, -9.79872131347656250000e+00) (7, 4.11096143722534179688e+00) (8, 1.72725677490234375000e+00) (9, 1.04045510292053222656e+00) (10, 1.50894594192504882812e+00) (11, -8.06322932243347167969e-01) (12, 3.31544542312622070312e+00) (13, -2.84061264991760253906e+00) (14, 1.11102366447448730469e+00) 
