FANN_FLO_2.1
num_layers=4
learning_rate=0.400000
connection_rate=1.000000
network_type=0
learning_momentum=0.000000
training_algorithm=2
train_error_function=1
train_stop_function=0
cascade_output_change_fraction=0.010000
quickprop_decay=-0.000100
quickprop_mu=1.750000
rprop_increase_factor=1.200000
rprop_decrease_factor=0.500000
rprop_delta_min=0.000000
rprop_delta_max=50.000000
rprop_delta_zero=0.100000
cascade_output_stagnation_epochs=12
cascade_candidate_change_fraction=0.010000
cascade_candidate_stagnation_epochs=12
cascade_max_out_epochs=150
cascade_min_out_epochs=50
cascade_max_cand_epochs=150
cascade_min_cand_epochs=50
cascade_num_candidate_groups=2
bit_fail_limit=3.49999994039535522461e-01
cascade_candidate_limit=1.00000000000000000000e+03
cascade_weight_multiplier=4.00000005960464477539e-01
cascade_activation_functions_count=10
cascade_activation_functions=3 5 7 8 10 11 14 15 16 17 
cascade_activation_steepnesses_count=4
cascade_activation_steepnesses=2.50000000000000000000e-01 5.00000000000000000000e-01 7.50000000000000000000e-01 1.00000000000000000000e+00 
layer_sizes=7 3 3 2 
scale_included=0
neurons (num_inputs, activation_function, activation_steepness)=(0, 0, 0.00000000000000000000e+00) (0, 0, 0.00000000000000000000e+00) (0, 0, 0.00000000000000000000e+00) (0, 0, 0.00000000000000000000e+00) (0, 0, 0.00000000000000000000e+00) (0, 0, 0.00000000000000000000e+00) (0, 0, 0.00000000000000000000e+00) (7, 3, 5.00000000000000000000e-01) (7, 3, 5.00000000000000000000e-01) (0, 3, 0.00000000000000000000e+00) (3, 3, 5.00000000000000000000e-01) (3, 3, 5.00000000000000000000e-01) (0, 3, 0.00000000000000000000e+00) (3, 3, 5.00000000000000000000e-01) (0, 3, 0.00000000000000000000e+00) 
connections (connected_to_neuron, weight)=(0, -6.28874444961547851562e+00) (1, 5.15081024169921875000e+00) (2, 4.01647329330444335938e-01) (3, -1.47954368591308593750e+00) (4, -1.01804471015930175781e+00) (5, -4.51580762863159179688e+00) (6, 9.91522490978240966797e-01) (0, 2.19722533226013183594e+00) (1, -5.88850355148315429688e+00) (2, 4.61019086837768554688e+00) (3, -5.57079648971557617188e+00) (4, -6.89071059226989746094e-01) (5, 4.20492172241210937500e+00) (6, -4.49171543121337890625e-01) (7, 1.02886590957641601562e+01) (8, 3.64982376098632812500e+01) (9, -1.74108278751373291016e+00) (7, 1.87043075561523437500e+01) (8, 1.82979145050048828125e+01) (9, -7.26575708389282226562e+00) (10, -1.76583671569824218750e+00) (11, -1.82615470886230468750e+00) (12, -6.06061279773712158203e-01) 
