FANN_FLO_2.1
num_layers=3
learning_rate=0.400000
connection_rate=1.000000
network_type=0
learning_momentum=0.000000
training_algorithm=2
train_error_function=1
train_stop_function=0
cascade_output_change_fraction=0.010000
quickprop_decay=-0.000100
quickprop_mu=1.750000
rprop_increase_factor=1.200000
rprop_decrease_factor=0.500000
rprop_delta_min=0.000000
rprop_delta_max=50.000000
rprop_delta_zero=0.100000
cascade_output_stagnation_epochs=12
cascade_candidate_change_fraction=0.010000
cascade_candidate_stagnation_epochs=12
cascade_max_out_epochs=150
cascade_min_out_epochs=50
cascade_max_cand_epochs=150
cascade_min_cand_epochs=50
cascade_num_candidate_groups=2
bit_fail_limit=3.49999994039535522461e-01
cascade_candidate_limit=1.00000000000000000000e+03
cascade_weight_multiplier=4.00000005960464477539e-01
cascade_activation_functions_count=10
cascade_activation_functions=3 5 7 8 10 11 14 15 16 17 
cascade_activation_steepnesses_count=4
cascade_activation_steepnesses=2.50000000000000000000e-01 5.00000000000000000000e-01 7.50000000000000000000e-01 1.00000000000000000000e+00 
layer_sizes=19 3 3 
scale_included=0
neurons (num_inputs, activation_function, activation_steepness)=(0, 0, 0.00000000000000000000e+00) (0, 0, 0.00000000000000000000e+00) (0, 0, 0.00000000000000000000e+00) (0, 0, 0.00000000000000000000e+00) (0, 0, 0.00000000000000000000e+00) (0, 0, 0.00000000000000000000e+00) (0, 0, 0.00000000000000000000e+00) (0, 0, 0.00000000000000000000e+00) (0, 0, 0.00000000000000000000e+00) (0, 0, 0.00000000000000000000e+00) (0, 0, 0.00000000000000000000e+00) (0, 0, 0.00000000000000000000e+00) (0, 0, 0.00000000000000000000e+00) (0, 0, 0.00000000000000000000e+00) (0, 0, 0.00000000000000000000e+00) (0, 0, 0.00000000000000000000e+00) (0, 0, 0.00000000000000000000e+00) (0, 0, 0.00000000000000000000e+00) (0, 0, 0.00000000000000000000e+00) (19, 3, 5.00000000000000000000e-01) (19, 3, 5.00000000000000000000e-01) (0, 3, 0.00000000000000000000e+00) (3, 3, 5.00000000000000000000e-01) (3, 3, 5.00000000000000000000e-01) (0, 3, 0.00000000000000000000e+00) 
connections (connected_to_neuron, weight)=(0, -9.70074367523193359375e+00) (1, 1.73869860172271728516e+00) (2, -3.06645560264587402344e+00) (3, -1.50843849182128906250e+01) (4, 1.17599976062774658203e+00) (5, 2.49401211738586425781e+00) (6, -9.01155471801757812500e+00) (7, -4.62630558013916015625e+00) (8, -2.05257511138916015625e+00) (9, 5.63227939605712890625e+00) (10, 2.22720098495483398438e+00) (11, -3.65912050008773803711e-01) (12, 1.15780878067016601562e+01) (13, -2.58770012855529785156e+00) (14, 3.61717319488525390625e+00) (15, 1.00411386489868164062e+01) (16, -2.58526992797851562500e+00) (17, 1.17381441593170166016e+00) (18, -1.36283993721008300781e-01) (0, 7.42324638366699218750e+00) (1, -6.30565643310546875000e-01) (2, 4.21375036239624023438e+00) (3, 1.39592943191528320312e+01) (4, -1.75959253311157226562e+00) (5, 6.53991413116455078125e+00) (6, 6.13431692123413085938e+00) (7, -1.34280657768249511719e+00) (8, 3.52265882492065429688e+00) (9, -7.58895826339721679688e+00) (10, 3.78377437591552734375e-01) (11, -6.55880069732666015625e+00) (12, -1.13850784301757812500e+01) (13, -1.91467087715864181519e-02) (14, -6.41404151916503906250e+00) (15, -1.08593282699584960938e+01) (16, -1.50884234905242919922e+00) (17, -6.40469360351562500000e+00) (18, -9.67584013938903808594e-01) (19, -1.06027483940124511719e+00) (20, -1.27832257747650146484e+00) (21, 5.87925352156162261963e-02) (19, 1.05992257595062255859e+00) (20, 1.27868783473968505859e+00) (21, -5.87334521114826202393e-02) 
