FANN_FLO_2.1
num_layers=3
learning_rate=0.400000
connection_rate=1.000000
network_type=0
learning_momentum=0.000000
training_algorithm=2
train_error_function=1
train_stop_function=0
cascade_output_change_fraction=0.010000
quickprop_decay=-0.000100
quickprop_mu=1.750000
rprop_increase_factor=1.200000
rprop_decrease_factor=0.500000
rprop_delta_min=0.000000
rprop_delta_max=50.000000
rprop_delta_zero=0.100000
cascade_output_stagnation_epochs=12
cascade_candidate_change_fraction=0.010000
cascade_candidate_stagnation_epochs=12
cascade_max_out_epochs=150
cascade_min_out_epochs=50
cascade_max_cand_epochs=150
cascade_min_cand_epochs=50
cascade_num_candidate_groups=2
bit_fail_limit=3.49999994039535522461e-01
cascade_candidate_limit=1.00000000000000000000e+03
cascade_weight_multiplier=4.00000005960464477539e-01
cascade_activation_functions_count=10
cascade_activation_functions=3 5 7 8 10 11 14 15 16 17 
cascade_activation_steepnesses_count=4
cascade_activation_steepnesses=2.50000000000000000000e-01 5.00000000000000000000e-01 7.50000000000000000000e-01 1.00000000000000000000e+00 
layer_sizes=7 9 2 
scale_included=0
neurons (num_inputs, activation_function, activation_steepness)=(0, 0, 0.00000000000000000000e+00) (0, 0, 0.00000000000000000000e+00) (0, 0, 0.00000000000000000000e+00) (0, 0, 0.00000000000000000000e+00) (0, 0, 0.00000000000000000000e+00) (0, 0, 0.00000000000000000000e+00) (0, 0, 0.00000000000000000000e+00) (7, 3, 5.00000000000000000000e-01) (7, 3, 5.00000000000000000000e-01) (7, 3, 5.00000000000000000000e-01) (7, 3, 5.00000000000000000000e-01) (7, 3, 5.00000000000000000000e-01) (7, 3, 5.00000000000000000000e-01) (7, 3, 5.00000000000000000000e-01) (7, 3, 5.00000000000000000000e-01) (0, 3, 0.00000000000000000000e+00) (9, 3, 5.00000000000000000000e-01) (0, 3, 0.00000000000000000000e+00) 
connections (connected_to_neuron, weight)=(0, 5.59617710113525390625e+00) (1, 1.76966400146484375000e+02) (2, 4.24124267578125000000e+02) (3, -1.63009243011474609375e+01) (4, -1.50000000000000000000e+03) (5, 1.49411725997924804688e+01) (6, -3.30430936813354492188e+00) (0, 1.29407415390014648438e+01) (1, -1.68961067199707031250e+01) (2, -9.04626464843750000000e+00) (3, -4.44967031478881835938e+00) (4, -5.16323852539062500000e+00) (5, -4.82420253753662109375e+00) (6, 9.30090236663818359375e+00) (0, 1.88622989654541015625e+01) (1, -2.02315711975097656250e+01) (2, 3.16927409172058105469e+00) (3, -1.35828781127929687500e+00) (4, -1.16531825065612792969e+00) (5, -7.38389158248901367188e+00) (6, 8.94852352142333984375e+00) (0, -1.37382793426513671875e+01) (1, 1.04578876495361328125e+01) (2, 2.60258102416992187500e+00) (3, -2.86830615997314453125e+00) (4, -1.56774723529815673828e+00) (5, 3.63087010383605957031e+00) (6, 3.14527010917663574219e+00) (0, -6.44436955451965332031e-01) (1, -2.68299311399459838867e-01) (2, -1.43258178234100341797e+00) (3, -5.22226762771606445312e+00) (4, -2.10678219795227050781e+00) (5, 3.17098945379257202148e-01) (6, 8.40051412582397460938e-01) (0, -1.68705642223358154297e+00) (1, 4.71006917953491210938e+00) (2, -2.31452980041503906250e+01) (3, -6.92300605773925781250e+00) (4, -8.04690718650817871094e-01) (5, -4.56460618972778320312e+00) (6, -2.09344048053026199341e-02) (0, -6.84246635437011718750e+00) (1, -8.94725978374481201172e-01) (2, -9.98786640167236328125e+00) (3, -2.59548797607421875000e+01) (4, -1.04313869476318359375e+01) (5, 1.36234569549560546875e+01) (6, 6.60222244262695312500e+00) (0, -7.68058478832244873047e-01) (1, -6.09541177749633789062e-01) (2, -2.64263653755187988281e+00) (3, -1.47985115051269531250e+01) (4, 1.06494414806365966797e+00) (5, 3.78816223144531250000e+00) (6, 9.10922363400459289551e-02) (7, -3.85882526636123657227e-01) (8, -4.80815887451171875000e-01) (9, -2.92334198951721191406e+00) (10, -3.77995586395263671875e+00) (11, 5.31043863296508789062e+00) (12, -2.37874197959899902344e+00) (13, -4.58686083555221557617e-01) (14, -1.84568297863006591797e+00) (15, 1.98843812942504882812e+00) 
