FANN_FLO_2.1
num_layers=4
learning_rate=0.500000
connection_rate=1.000000
network_type=0
learning_momentum=0.000000
training_algorithm=2
train_error_function=1
train_stop_function=0
cascade_output_change_fraction=0.010000
quickprop_decay=-0.000100
quickprop_mu=1.750000
rprop_increase_factor=1.200000
rprop_decrease_factor=0.500000
rprop_delta_min=0.000000
rprop_delta_max=50.000000
rprop_delta_zero=0.100000
cascade_output_stagnation_epochs=12
cascade_candidate_change_fraction=0.010000
cascade_candidate_stagnation_epochs=12
cascade_max_out_epochs=150
cascade_min_out_epochs=50
cascade_max_cand_epochs=150
cascade_min_cand_epochs=50
cascade_num_candidate_groups=2
bit_fail_limit=3.49999994039535522461e-01
cascade_candidate_limit=1.00000000000000000000e+03
cascade_weight_multiplier=4.00000005960464477539e-01
cascade_activation_functions_count=10
cascade_activation_functions=3 5 7 8 10 11 14 15 16 17 
cascade_activation_steepnesses_count=4
cascade_activation_steepnesses=2.50000000000000000000e-01 5.00000000000000000000e-01 7.50000000000000000000e-01 1.00000000000000000000e+00 
layer_sizes=10 3 3 2 
scale_included=0
neurons (num_inputs, activation_function, activation_steepness)=(0, 0, 0.00000000000000000000e+00) (0, 0, 0.00000000000000000000e+00) (0, 0, 0.00000000000000000000e+00) (0, 0, 0.00000000000000000000e+00) (0, 0, 0.00000000000000000000e+00) (0, 0, 0.00000000000000000000e+00) (0, 0, 0.00000000000000000000e+00) (0, 0, 0.00000000000000000000e+00) (0, 0, 0.00000000000000000000e+00) (0, 0, 0.00000000000000000000e+00) (10, 3, 5.00000000000000000000e-01) (10, 3, 5.00000000000000000000e-01) (0, 3, 0.00000000000000000000e+00) (3, 3, 5.00000000000000000000e-01) (3, 3, 5.00000000000000000000e-01) (0, 3, 0.00000000000000000000e+00) (3, 3, 5.00000000000000000000e-01) (0, 3, 0.00000000000000000000e+00) 
connections (connected_to_neuron, weight)=(0, 1.50000000000000000000e+03) (1, -1.01299743652343750000e+03) (2, -3.87928222656250000000e+02) (3, 5.44230318069458007812e+00) (4, -1.60653209686279296875e+01) (5, -5.91517400741577148438e+00) (6, 1.99291169643402099609e+00) (7, 3.81360435485839843750e+01) (8, -2.07407307624816894531e+00) (9, -1.68899192810058593750e+01) (0, 1.77841281890869140625e+01) (1, -1.29084575176239013672e+00) (2, -8.03130722045898437500e+00) (3, 1.33854663372039794922e+00) (4, -1.78476943969726562500e+01) (5, -1.84527626037597656250e+01) (6, 9.47820663452148437500e+00) (7, 2.24639453887939453125e+01) (8, -1.33863377571105957031e+00) (9, -5.55565595626831054688e-01) (10, 7.63576507568359375000e+01) (11, 1.50000000000000000000e+03) (12, -1.12344673156738281250e+02) (10, 1.50000000000000000000e+03) (11, 1.50000000000000000000e+03) (12, 4.76386928558349609375e+00) (13, -1.81247019767761230469e+00) (14, -3.78325998783111572266e-01) (15, 1.27995169162750244141e+00) 
