FANN_FLO_2.1
num_layers=3
learning_rate=0.500000
connection_rate=1.000000
network_type=0
learning_momentum=0.000000
training_algorithm=2
train_error_function=1
train_stop_function=0
cascade_output_change_fraction=0.010000
quickprop_decay=-0.000100
quickprop_mu=1.750000
rprop_increase_factor=1.200000
rprop_decrease_factor=0.500000
rprop_delta_min=0.000000
rprop_delta_max=50.000000
rprop_delta_zero=0.100000
cascade_output_stagnation_epochs=12
cascade_candidate_change_fraction=0.010000
cascade_candidate_stagnation_epochs=12
cascade_max_out_epochs=150
cascade_min_out_epochs=50
cascade_max_cand_epochs=150
cascade_min_cand_epochs=50
cascade_num_candidate_groups=2
bit_fail_limit=3.49999994039535522461e-01
cascade_candidate_limit=1.00000000000000000000e+03
cascade_weight_multiplier=4.00000005960464477539e-01
cascade_activation_functions_count=10
cascade_activation_functions=3 5 7 8 10 11 14 15 16 17 
cascade_activation_steepnesses_count=4
cascade_activation_steepnesses=2.50000000000000000000e-01 5.00000000000000000000e-01 7.50000000000000000000e-01 1.00000000000000000000e+00 
layer_sizes=10 3 2 
scale_included=0
neurons (num_inputs, activation_function, activation_steepness)=(0, 0, 0.00000000000000000000e+00) (0, 0, 0.00000000000000000000e+00) (0, 0, 0.00000000000000000000e+00) (0, 0, 0.00000000000000000000e+00) (0, 0, 0.00000000000000000000e+00) (0, 0, 0.00000000000000000000e+00) (0, 0, 0.00000000000000000000e+00) (0, 0, 0.00000000000000000000e+00) (0, 0, 0.00000000000000000000e+00) (0, 0, 0.00000000000000000000e+00) (10, 3, 5.00000000000000000000e-01) (10, 3, 5.00000000000000000000e-01) (0, 3, 0.00000000000000000000e+00) (3, 3, 5.00000000000000000000e-01) (0, 3, 0.00000000000000000000e+00) 
connections (connected_to_neuron, weight)=(0, 4.09708213806152343750e+00) (1, 4.14742738008499145508e-01) (2, 1.96184229850769042969e+00) (3, -3.79126596450805664062e+00) (4, 2.45649480819702148438e+00) (5, -2.61188483238220214844e+00) (6, 1.59256279468536376953e+00) (7, 3.68039321899414062500e+00) (8, 7.34422922134399414062e-01) (9, -5.33199024200439453125e+00) (0, 1.05054152011871337891e+00) (1, -2.56583862304687500000e+01) (2, -4.52081298828125000000e+00) (3, -8.91226387023925781250e+00) (4, 1.19524526596069335938e+01) (5, -1.57350120544433593750e+01) (6, 9.71922111511230468750e+00) (7, 1.08353443145751953125e+01) (8, -7.49664660543203353882e-03) (9, 1.25063762664794921875e+01) (10, -1.02334022521972656250e+01) (11, -3.25217461585998535156e+00) (12, 3.37421607971191406250e+00) 
