FANN_FLO_2.1
num_layers=3
learning_rate=0.400000
connection_rate=1.000000
network_type=0
learning_momentum=0.000000
training_algorithm=2
train_error_function=1
train_stop_function=0
cascade_output_change_fraction=0.010000
quickprop_decay=-0.000100
quickprop_mu=1.750000
rprop_increase_factor=1.200000
rprop_decrease_factor=0.500000
rprop_delta_min=0.000000
rprop_delta_max=50.000000
rprop_delta_zero=0.100000
cascade_output_stagnation_epochs=12
cascade_candidate_change_fraction=0.010000
cascade_candidate_stagnation_epochs=12
cascade_max_out_epochs=150
cascade_min_out_epochs=50
cascade_max_cand_epochs=150
cascade_min_cand_epochs=50
cascade_num_candidate_groups=2
bit_fail_limit=3.49999994039535522461e-01
cascade_candidate_limit=1.00000000000000000000e+03
cascade_weight_multiplier=4.00000005960464477539e-01
cascade_activation_functions_count=10
cascade_activation_functions=3 5 7 8 10 11 14 15 16 17 
cascade_activation_steepnesses_count=4
cascade_activation_steepnesses=2.50000000000000000000e-01 5.00000000000000000000e-01 7.50000000000000000000e-01 1.00000000000000000000e+00 
layer_sizes=7 9 2 
scale_included=0
neurons (num_inputs, activation_function, activation_steepness)=(0, 0, 0.00000000000000000000e+00) (0, 0, 0.00000000000000000000e+00) (0, 0, 0.00000000000000000000e+00) (0, 0, 0.00000000000000000000e+00) (0, 0, 0.00000000000000000000e+00) (0, 0, 0.00000000000000000000e+00) (0, 0, 0.00000000000000000000e+00) (7, 3, 5.00000000000000000000e-01) (7, 3, 5.00000000000000000000e-01) (7, 3, 5.00000000000000000000e-01) (7, 3, 5.00000000000000000000e-01) (7, 3, 5.00000000000000000000e-01) (7, 3, 5.00000000000000000000e-01) (7, 3, 5.00000000000000000000e-01) (7, 3, 5.00000000000000000000e-01) (0, 3, 0.00000000000000000000e+00) (9, 3, 5.00000000000000000000e-01) (0, 3, 0.00000000000000000000e+00) 
connections (connected_to_neuron, weight)=(0, -3.47657895088195800781e+00) (1, -3.21746230125427246094e+00) (2, -2.07317543029785156250e+01) (3, -1.17032880783081054688e+01) (4, 4.61064052581787109375e+00) (5, 4.50768947601318359375e+00) (6, 2.45327973365783691406e+00) (0, 5.47548103332519531250e+00) (1, -3.06536173820495605469e+00) (2, 3.14766197204589843750e+01) (3, -1.01532924175262451172e+00) (4, -2.86490368843078613281e+00) (5, -4.74846935272216796875e+00) (6, 3.27808260917663574219e+00) (0, -8.24298441410064697266e-01) (1, 2.01034927368164062500e+00) (2, 2.37433600425720214844e+00) (3, -1.71658587455749511719e+00) (4, -2.04612207412719726562e+00) (5, 1.54143142700195312500e+00) (6, 1.60391584038734436035e-01) (0, 9.87854194641113281250e+00) (1, -1.11015739440917968750e+01) (2, -3.26074570417404174805e-01) (3, -3.83957433700561523438e+00) (4, -3.66088032722473144531e-01) (5, -4.12421703338623046875e+00) (6, 5.49902105331420898438e+00) (0, -1.40061779022216796875e+01) (1, 6.68827593326568603516e-01) (2, 4.94933509826660156250e+00) (3, 6.90038442611694335938e+00) (4, 2.02635765075683593750e+00) (5, -6.91255450248718261719e-01) (6, 2.93763208389282226562e+00) (0, -1.06129665374755859375e+01) (1, 1.13104734420776367188e+01) (2, -5.14189052581787109375e+00) (3, -2.16505599021911621094e+00) (4, -1.60202398896217346191e-01) (5, 4.92931699752807617188e+00) (6, 1.08144871890544891357e-01) (0, -1.83669400215148925781e+00) (1, 3.41456794738769531250e+00) (2, 2.55656671524047851562e+00) (3, -1.36742532253265380859e+00) (4, -3.40216898918151855469e+00) (5, 1.71250772476196289062e+00) (6, -8.74100252985954284668e-02) (0, 1.28480625152587890625e+01) (1, -1.15235624313354492188e+01) (2, 6.83209991455078125000e+00) (3, 7.40296304225921630859e-01) (4, 2.42192015051841735840e-01) (5, -4.59599781036376953125e+00) (6, 3.83236742019653320312e+00) (7, -7.52824604511260986328e-01) (8, -2.63810127973556518555e-01) (9, -5.75313985347747802734e-01) (10, -1.67378413677215576172e+00) (11, -1.00051844120025634766e+00) (12, -2.59179162979125976562e+00) (13, -1.27064156532287597656e+00) (14, -2.57890224456787109375e+00) (15, 3.77939844131469726562e+00) 
