FANN_FLO_2.1
num_layers=4
learning_rate=0.400000
connection_rate=1.000000
network_type=0
learning_momentum=0.000000
training_algorithm=2
train_error_function=1
train_stop_function=0
cascade_output_change_fraction=0.010000
quickprop_decay=-0.000100
quickprop_mu=1.750000
rprop_increase_factor=1.200000
rprop_decrease_factor=0.500000
rprop_delta_min=0.000000
rprop_delta_max=50.000000
rprop_delta_zero=0.100000
cascade_output_stagnation_epochs=12
cascade_candidate_change_fraction=0.010000
cascade_candidate_stagnation_epochs=12
cascade_max_out_epochs=150
cascade_min_out_epochs=50
cascade_max_cand_epochs=150
cascade_min_cand_epochs=50
cascade_num_candidate_groups=2
bit_fail_limit=3.49999994039535522461e-01
cascade_candidate_limit=1.00000000000000000000e+03
cascade_weight_multiplier=4.00000005960464477539e-01
cascade_activation_functions_count=10
cascade_activation_functions=3 5 7 8 10 11 14 15 16 17 
cascade_activation_steepnesses_count=4
cascade_activation_steepnesses=2.50000000000000000000e-01 5.00000000000000000000e-01 7.50000000000000000000e-01 1.00000000000000000000e+00 
layer_sizes=7 5 3 2 
scale_included=0
neurons (num_inputs, activation_function, activation_steepness)=(0, 0, 0.00000000000000000000e+00) (0, 0, 0.00000000000000000000e+00) (0, 0, 0.00000000000000000000e+00) (0, 0, 0.00000000000000000000e+00) (0, 0, 0.00000000000000000000e+00) (0, 0, 0.00000000000000000000e+00) (0, 0, 0.00000000000000000000e+00) (7, 3, 5.00000000000000000000e-01) (7, 3, 5.00000000000000000000e-01) (7, 3, 5.00000000000000000000e-01) (7, 3, 5.00000000000000000000e-01) (0, 3, 0.00000000000000000000e+00) (5, 3, 5.00000000000000000000e-01) (5, 3, 5.00000000000000000000e-01) (0, 3, 0.00000000000000000000e+00) (3, 3, 5.00000000000000000000e-01) (0, 3, 0.00000000000000000000e+00) 
connections (connected_to_neuron, weight)=(0, 6.14841247558593750000e+02) (1, -1.28370178222656250000e+03) (2, 1.50000000000000000000e+03) (3, 1.48500000000000000000e+03) (4, 7.00454223632812500000e+02) (5, 8.34491394042968750000e+02) (6, 1.31668365001678466797e+00) (0, -8.78110412597656250000e+02) (1, -1.40447900390625000000e+03) (2, 1.02760009765625000000e+03) (3, 1.49100000000000000000e+03) (4, -1.48330944824218750000e+03) (5, 1.14233923339843750000e+03) (6, 1.20782971382141113281e+00) (0, -1.49927600097656250000e+03) (1, -1.45623303222656250000e+03) (2, -1.50000000000000000000e+03) (3, 1.35676013183593750000e+03) (4, -1.46360510253906250000e+03) (5, 1.49988012695312500000e+03) (6, -6.84159326553344726562e+00) (0, -2.94274473190307617188e+00) (1, 1.55063641071319580078e+00) (2, 2.83837962150573730469e+00) (3, -3.23564791679382324219e+00) (4, -1.33037495613098144531e+00) (5, 2.29501724243164062500e-01) (6, 1.23415660858154296875e+00) (7, -3.36056976318359375000e+02) (8, -2.37159752845764160156e+00) (9, 3.23103485107421875000e+02) (10, 4.03679237365722656250e+01) (11, -2.19975614547729492188e+00) (7, -1.34577363729476928711e-01) (8, -2.69748666323721408844e-03) (9, 6.15233957767486572266e-01) (10, 1.19306077957153320312e+01) (11, -1.45537352561950683594e+00) (12, -1.13839077949523925781e+00) (13, -2.93342328071594238281e+00) (14, -5.70091784000396728516e-01) 
