FANN_FLO_2.1
num_layers=3
learning_rate=0.400000
connection_rate=1.000000
network_type=0
learning_momentum=0.000000
training_algorithm=2
train_error_function=1
train_stop_function=0
cascade_output_change_fraction=0.010000
quickprop_decay=-0.000100
quickprop_mu=1.750000
rprop_increase_factor=1.200000
rprop_decrease_factor=0.500000
rprop_delta_min=0.000000
rprop_delta_max=50.000000
rprop_delta_zero=0.100000
cascade_output_stagnation_epochs=12
cascade_candidate_change_fraction=0.010000
cascade_candidate_stagnation_epochs=12
cascade_max_out_epochs=150
cascade_min_out_epochs=50
cascade_max_cand_epochs=150
cascade_min_cand_epochs=50
cascade_num_candidate_groups=2
bit_fail_limit=3.49999994039535522461e-01
cascade_candidate_limit=1.00000000000000000000e+03
cascade_weight_multiplier=4.00000005960464477539e-01
cascade_activation_functions_count=10
cascade_activation_functions=3 5 7 8 10 11 14 15 16 17 
cascade_activation_steepnesses_count=4
cascade_activation_steepnesses=2.50000000000000000000e-01 5.00000000000000000000e-01 7.50000000000000000000e-01 1.00000000000000000000e+00 
layer_sizes=7 9 2 
scale_included=0
neurons (num_inputs, activation_function, activation_steepness)=(0, 0, 0.00000000000000000000e+00) (0, 0, 0.00000000000000000000e+00) (0, 0, 0.00000000000000000000e+00) (0, 0, 0.00000000000000000000e+00) (0, 0, 0.00000000000000000000e+00) (0, 0, 0.00000000000000000000e+00) (0, 0, 0.00000000000000000000e+00) (7, 3, 5.00000000000000000000e-01) (7, 3, 5.00000000000000000000e-01) (7, 3, 5.00000000000000000000e-01) (7, 3, 5.00000000000000000000e-01) (7, 3, 5.00000000000000000000e-01) (7, 3, 5.00000000000000000000e-01) (7, 3, 5.00000000000000000000e-01) (7, 3, 5.00000000000000000000e-01) (0, 3, 0.00000000000000000000e+00) (9, 3, 5.00000000000000000000e-01) (0, 3, 0.00000000000000000000e+00) 
connections (connected_to_neuron, weight)=(0, -4.06218338012695312500e+00) (1, -1.32093644142150878906e+00) (2, 2.82930564880371093750e+01) (3, -7.93395614624023437500e+00) (4, -4.39731645584106445312e+00) (5, 1.35849714279174804688e-01) (6, 8.93275642395019531250e+00) (0, -2.91299891471862792969e+00) (1, -4.26088047027587890625e+00) (2, 6.68414306640625000000e+00) (3, -7.01470279693603515625e+00) (4, -2.71475172042846679688e+00) (5, 1.70175683498382568359e+00) (6, 9.95038700103759765625e+00) (0, -8.54690432548522949219e-01) (1, -1.46995282173156738281e+00) (2, 1.43549671173095703125e+01) (3, -1.31954717636108398438e+01) (4, -1.74716625213623046875e+01) (5, 9.30472087860107421875e+00) (6, 1.36373252868652343750e+01) (0, 1.55398130416870117188e+01) (1, -1.64220695495605468750e+01) (2, 3.38349008560180664062e+00) (3, -3.14642763137817382812e+00) (4, -9.31931018829345703125e-01) (5, -4.65713214874267578125e+00) (6, 5.59722948074340820312e+00) (0, 4.12671947479248046875e+00) (1, -4.32779788970947265625e+00) (2, -2.15269603729248046875e+01) (3, -1.65317559242248535156e+00) (4, 1.96421456336975097656e+00) (5, -7.97824287414550781250e+00) (6, 2.72281837463378906250e+00) (0, -6.87641477584838867188e+00) (1, 7.71418380737304687500e+00) (2, -1.65192470550537109375e+01) (3, -1.50467896461486816406e+00) (4, 6.92076742649078369141e-01) (5, -3.86278228759765625000e+02) (6, 2.75672972202301025391e-02) (0, -6.53573226928710937500e+00) (1, -6.90448331832885742188e+00) (2, 6.69514465332031250000e+00) (3, 3.01471805572509765625e+00) (4, -4.31682288646697998047e-01) (5, 9.11598014831542968750e+00) (6, 8.90295791625976562500e+00) (0, -2.98726201057434082031e+00) (1, -1.64147627353668212891e+00) (2, 3.43381714820861816406e+00) (3, -1.94233942031860351562e+00) (4, 7.63501358032226562500e+00) (5, 2.56709885597229003906e+00) (6, -4.83774709701538085938e+00) (7, -3.41855734586715698242e-01) (8, -5.49532592296600341797e-01) (9, -2.41557314991950988770e-01) (10, -3.81359720230102539062e+00) (11, 5.00554180145263671875e+00) (12, -5.18540954589843750000e+00) (13, -8.45929682254791259766e-01) (14, -5.70430874824523925781e-01) (15, 8.88872519135475158691e-02) 
