FANN_FLO_2.1
num_layers=3
learning_rate=0.400000
connection_rate=1.000000
network_type=0
learning_momentum=0.000000
training_algorithm=2
train_error_function=1
train_stop_function=0
cascade_output_change_fraction=0.010000
quickprop_decay=-0.000100
quickprop_mu=1.750000
rprop_increase_factor=1.200000
rprop_decrease_factor=0.500000
rprop_delta_min=0.000000
rprop_delta_max=50.000000
rprop_delta_zero=0.100000
cascade_output_stagnation_epochs=12
cascade_candidate_change_fraction=0.010000
cascade_candidate_stagnation_epochs=12
cascade_max_out_epochs=150
cascade_min_out_epochs=50
cascade_max_cand_epochs=150
cascade_min_cand_epochs=50
cascade_num_candidate_groups=2
bit_fail_limit=3.49999994039535522461e-01
cascade_candidate_limit=1.00000000000000000000e+03
cascade_weight_multiplier=4.00000005960464477539e-01
cascade_activation_functions_count=10
cascade_activation_functions=3 5 7 8 10 11 14 15 16 17 
cascade_activation_steepnesses_count=4
cascade_activation_steepnesses=2.50000000000000000000e-01 5.00000000000000000000e-01 7.50000000000000000000e-01 1.00000000000000000000e+00 
layer_sizes=7 9 2 
scale_included=0
neurons (num_inputs, activation_function, activation_steepness)=(0, 0, 0.00000000000000000000e+00) (0, 0, 0.00000000000000000000e+00) (0, 0, 0.00000000000000000000e+00) (0, 0, 0.00000000000000000000e+00) (0, 0, 0.00000000000000000000e+00) (0, 0, 0.00000000000000000000e+00) (0, 0, 0.00000000000000000000e+00) (7, 3, 5.00000000000000000000e-01) (7, 3, 5.00000000000000000000e-01) (7, 3, 5.00000000000000000000e-01) (7, 3, 5.00000000000000000000e-01) (7, 3, 5.00000000000000000000e-01) (7, 3, 5.00000000000000000000e-01) (7, 3, 5.00000000000000000000e-01) (7, 3, 5.00000000000000000000e-01) (0, 3, 0.00000000000000000000e+00) (9, 3, 5.00000000000000000000e-01) (0, 3, 0.00000000000000000000e+00) 
connections (connected_to_neuron, weight)=(0, -1.02902972698211669922e+00) (1, -1.54900443553924560547e+00) (2, -1.88895866274833679199e-01) (3, 1.85375487804412841797e+00) (4, 2.74748206138610839844e+00) (5, -3.83090353012084960938e+00) (6, -4.74794197082519531250e+00) (0, -1.15393471717834472656e+00) (1, -1.38050472736358642578e+00) (2, 8.52125549316406250000e+00) (3, 3.60557150840759277344e+00) (4, -4.63838398456573486328e-01) (5, -5.87641477584838867188e+00) (6, -4.01641654968261718750e+00) (0, 1.41222500801086425781e+00) (1, 2.24295973777770996094e+00) (2, 1.04762732982635498047e+00) (3, -2.77773833274841308594e+00) (4, -1.43882155418395996094e+00) (5, 9.72892570495605468750e+00) (6, 7.11030244827270507812e-01) (0, 6.99762439727783203125e+00) (1, 3.91910362243652343750e+00) (2, 1.06044769287109375000e+00) (3, -4.83137845993041992188e+00) (4, -3.48803472518920898438e+00) (5, 4.83015871047973632812e+00) (6, 1.91795575618743896484e+00) (0, -3.68329477310180664062e+00) (1, 3.24962258338928222656e-01) (2, -6.09396934509277343750e-01) (3, 1.20251941680908203125e+00) (4, -1.62891876697540283203e+00) (5, 9.74700212478637695312e-01) (6, 2.06564998626708984375e+00) (0, -6.60095834732055664062e+00) (1, -1.69471526145935058594e+00) (2, -1.17552900314331054688e+00) (3, 2.01344823837280273438e+00) (4, 2.46505475044250488281e+00) (5, 1.52793729305267333984e+00) (6, -1.86258339881896972656e+00) (0, -1.89135444164276123047e+00) (1, -1.76017951965332031250e+00) (2, -4.38102197647094726562e+00) (3, 3.94880843162536621094e+00) (4, -1.34859180450439453125e+00) (5, 1.01251926422119140625e+01) (6, -5.23336935043334960938e+00) (0, -1.79203164577484130859e+00) (1, -1.24846518039703369141e+00) (2, 2.04291701316833496094e+00) (3, 1.77180671691894531250e+00) (4, 1.44851980209350585938e+01) (5, -1.71025905609130859375e+01) (6, -1.17345118522644042969e+00) (7, 2.83990412950515747070e-01) (8, 1.18548774719238281250e+00) (9, -5.90448081493377685547e-01) (10, -6.49173498153686523438e-01) (11, -1.22397971153259277344e+00) (12, 3.51302146911621093750e+00) (13, 2.36574053764343261719e+00) (14, 1.11045181751251220703e+00) (15, -1.13400228321552276611e-01) 
