FANN_FLO_2.1
num_layers=3
learning_rate=0.400000
connection_rate=1.000000
network_type=0
learning_momentum=0.000000
training_algorithm=2
train_error_function=1
train_stop_function=0
cascade_output_change_fraction=0.010000
quickprop_decay=-0.000100
quickprop_mu=1.750000
rprop_increase_factor=1.200000
rprop_decrease_factor=0.500000
rprop_delta_min=0.000000
rprop_delta_max=50.000000
rprop_delta_zero=0.100000
cascade_output_stagnation_epochs=12
cascade_candidate_change_fraction=0.010000
cascade_candidate_stagnation_epochs=12
cascade_max_out_epochs=150
cascade_min_out_epochs=50
cascade_max_cand_epochs=150
cascade_min_cand_epochs=50
cascade_num_candidate_groups=2
bit_fail_limit=3.49999994039535522461e-01
cascade_candidate_limit=1.00000000000000000000e+03
cascade_weight_multiplier=4.00000005960464477539e-01
cascade_activation_functions_count=10
cascade_activation_functions=3 5 7 8 10 11 14 15 16 17 
cascade_activation_steepnesses_count=4
cascade_activation_steepnesses=2.50000000000000000000e-01 5.00000000000000000000e-01 7.50000000000000000000e-01 1.00000000000000000000e+00 
layer_sizes=7 9 2 
scale_included=0
neurons (num_inputs, activation_function, activation_steepness)=(0, 0, 0.00000000000000000000e+00) (0, 0, 0.00000000000000000000e+00) (0, 0, 0.00000000000000000000e+00) (0, 0, 0.00000000000000000000e+00) (0, 0, 0.00000000000000000000e+00) (0, 0, 0.00000000000000000000e+00) (0, 0, 0.00000000000000000000e+00) (7, 3, 5.00000000000000000000e-01) (7, 3, 5.00000000000000000000e-01) (7, 3, 5.00000000000000000000e-01) (7, 3, 5.00000000000000000000e-01) (7, 3, 5.00000000000000000000e-01) (7, 3, 5.00000000000000000000e-01) (7, 3, 5.00000000000000000000e-01) (7, 3, 5.00000000000000000000e-01) (0, 3, 0.00000000000000000000e+00) (9, 3, 5.00000000000000000000e-01) (0, 3, 0.00000000000000000000e+00) 
connections (connected_to_neuron, weight)=(0, -2.65145492553710937500e+00) (1, -4.53419637680053710938e+00) (2, -2.55628085136413574219e+00) (3, 1.51995271444320678711e-01) (4, 4.01886367797851562500e+00) (5, -3.46974045038223266602e-01) (6, -6.58557057380676269531e-01) (0, -1.41611528396606445312e+00) (1, -1.94736421108245849609e+00) (2, 1.80215466022491455078e+00) (3, 1.08494997024536132812e+00) (4, 7.98762226104736328125e+00) (5, -4.43102121353149414062e+00) (6, -2.84966802597045898438e+00) (0, -8.94378089904785156250e+00) (1, -2.40260028839111328125e+00) (2, -1.22871124744415283203e+00) (3, 5.40027236938476562500e+00) (4, 6.71065628528594970703e-01) (5, -1.29596936702728271484e+00) (6, -4.07874870300292968750e+00) (0, -1.12205135822296142578e+00) (1, -2.05956172943115234375e+00) (2, -1.01700758934020996094e+00) (3, 3.06272459030151367188e+00) (4, -1.80283272266387939453e+00) (5, 7.28470230102539062500e+00) (6, -3.92120885848999023438e+00) (0, -2.44383263587951660156e+00) (1, -1.93100273609161376953e+00) (2, -1.00959098339080810547e+00) (3, 5.48993444442749023438e+00) (4, -5.51365995407104492188e+00) (5, 1.61300916224718093872e-02) (6, -1.95195913314819335938e+00) (0, -8.15439319610595703125e+00) (1, -2.09637427330017089844e+00) (2, 3.28587579727172851562e+00) (3, 2.64906883239746093750e+00) (4, 2.01874256134033203125e+00) (5, -2.00143545866012573242e-01) (6, -1.29904139041900634766e+00) (0, 1.61839783191680908203e+00) (1, 4.41857874393463134766e-01) (2, -5.41234254837036132812e+00) (3, 3.00104141235351562500e-01) (4, -2.20175695419311523438e+00) (5, 1.12642126083374023438e+01) (6, 4.17841374874114990234e-01) (0, -1.81793904304504394531e+00) (1, -2.36765193939208984375e+00) (2, -2.65813350677490234375e+00) (3, 7.88682043552398681641e-01) (4, 1.39014768600463867188e+00) (5, 4.98149204254150390625e+00) (6, -4.53220748901367187500e+00) (7, 1.73352515697479248047e+00) (8, 1.34261286258697509766e+00) (9, 7.97549915313720703125e+00) (10, 2.85872054100036621094e+00) (11, 1.05170810222625732422e+00) (12, 3.91112178564071655273e-01) (13, -2.15152859687805175781e+00) (14, 2.33227252960205078125e+00) (15, -7.22603976726531982422e-01) 
