FANN_FLO_2.1
num_layers=4
learning_rate=0.400000
connection_rate=1.000000
network_type=0
learning_momentum=0.000000
training_algorithm=2
train_error_function=1
train_stop_function=0
cascade_output_change_fraction=0.010000
quickprop_decay=-0.000100
quickprop_mu=1.750000
rprop_increase_factor=1.200000
rprop_decrease_factor=0.500000
rprop_delta_min=0.000000
rprop_delta_max=50.000000
rprop_delta_zero=0.100000
cascade_output_stagnation_epochs=12
cascade_candidate_change_fraction=0.010000
cascade_candidate_stagnation_epochs=12
cascade_max_out_epochs=150
cascade_min_out_epochs=50
cascade_max_cand_epochs=150
cascade_min_cand_epochs=50
cascade_num_candidate_groups=2
bit_fail_limit=3.49999994039535522461e-01
cascade_candidate_limit=1.00000000000000000000e+03
cascade_weight_multiplier=4.00000005960464477539e-01
cascade_activation_functions_count=10
cascade_activation_functions=3 5 7 8 10 11 14 15 16 17 
cascade_activation_steepnesses_count=4
cascade_activation_steepnesses=2.50000000000000000000e-01 5.00000000000000000000e-01 7.50000000000000000000e-01 1.00000000000000000000e+00 
layer_sizes=7 5 5 2 
scale_included=0
neurons (num_inputs, activation_function, activation_steepness)=(0, 0, 0.00000000000000000000e+00) (0, 0, 0.00000000000000000000e+00) (0, 0, 0.00000000000000000000e+00) (0, 0, 0.00000000000000000000e+00) (0, 0, 0.00000000000000000000e+00) (0, 0, 0.00000000000000000000e+00) (0, 0, 0.00000000000000000000e+00) (7, 3, 5.00000000000000000000e-01) (7, 3, 5.00000000000000000000e-01) (7, 3, 5.00000000000000000000e-01) (7, 3, 5.00000000000000000000e-01) (0, 3, 0.00000000000000000000e+00) (5, 3, 5.00000000000000000000e-01) (5, 3, 5.00000000000000000000e-01) (5, 3, 5.00000000000000000000e-01) (5, 3, 5.00000000000000000000e-01) (0, 3, 0.00000000000000000000e+00) (5, 3, 5.00000000000000000000e-01) (0, 3, 0.00000000000000000000e+00) 
connections (connected_to_neuron, weight)=(0, -6.39147663116455078125e+00) (1, 5.81487894058227539062e+00) (2, -1.80724883079528808594e+00) (3, -8.33734691143035888672e-01) (4, -1.15867865085601806641e+00) (5, -1.23670251464843750000e+03) (6, 4.17256265878677368164e-01) (0, 4.50690889358520507812e+00) (1, -5.93788003921508789062e+00) (2, 1.42433595657348632812e+00) (3, -7.00770795345306396484e-01) (4, -7.11777448654174804688e-01) (5, 4.10651826858520507812e+00) (6, -3.58427667617797851562e+00) (0, -2.73286986351013183594e+00) (1, -6.86005306243896484375e+00) (2, -5.61196470260620117188e+00) (3, -1.10638856887817382812e-01) (4, -2.31270766258239746094e+00) (5, -7.25330412387847900391e-01) (6, 7.31679391860961914062e+00) (0, 2.85738110542297363281e-02) (1, -3.19219255447387695312e+00) (2, -5.21655845642089843750e+00) (3, -5.68345308303833007812e+00) (4, 3.63928031921386718750e+00) (5, -4.38144803047180175781e-01) (6, 1.13615620136260986328e+00) (7, -3.51873664855957031250e+01) (8, -1.73932933807373046875e+00) (9, 2.71858234405517578125e+01) (10, 2.66367912292480468750e+00) (11, -1.34300991892814636230e-01) (7, 9.19105052947998046875e+00) (8, 4.97893142700195312500e+00) (9, 1.18115854263305664062e+00) (10, 1.40678656101226806641e+00) (11, -3.13808345794677734375e+00) (7, 8.41468524932861328125e+00) (8, 9.47224235534667968750e+00) (9, -2.77769255638122558594e+00) (10, 1.03019404411315917969e+00) (11, -2.24502944946289062500e+00) (7, 8.49011898040771484375e+00) (8, 8.26523399353027343750e+00) (9, -3.11776578426361083984e-01) (10, -4.37111169099807739258e-01) (11, -3.03648924827575683594e+00) (12, -9.82330501079559326172e-01) (13, -1.09583449363708496094e+00) (14, -2.81835937500000000000e+00) (15, -1.26453518867492675781e+00) (16, -8.62868130207061767578e-02) 
