FANN_FLO_2.1
num_layers=3
learning_rate=0.500000
connection_rate=1.000000
network_type=0
learning_momentum=0.000000
training_algorithm=2
train_error_function=1
train_stop_function=0
cascade_output_change_fraction=0.010000
quickprop_decay=-0.000100
quickprop_mu=1.750000
rprop_increase_factor=1.200000
rprop_decrease_factor=0.500000
rprop_delta_min=0.000000
rprop_delta_max=50.000000
rprop_delta_zero=0.100000
cascade_output_stagnation_epochs=12
cascade_candidate_change_fraction=0.010000
cascade_candidate_stagnation_epochs=12
cascade_max_out_epochs=150
cascade_min_out_epochs=50
cascade_max_cand_epochs=150
cascade_min_cand_epochs=50
cascade_num_candidate_groups=2
bit_fail_limit=3.49999994039535522461e-01
cascade_candidate_limit=1.00000000000000000000e+03
cascade_weight_multiplier=4.00000005960464477539e-01
cascade_activation_functions_count=10
cascade_activation_functions=3 5 7 8 10 11 14 15 16 17 
cascade_activation_steepnesses_count=4
cascade_activation_steepnesses=2.50000000000000000000e-01 5.00000000000000000000e-01 7.50000000000000000000e-01 1.00000000000000000000e+00 
layer_sizes=10 5 2 
scale_included=0
neurons (num_inputs, activation_function, activation_steepness)=(0, 0, 0.00000000000000000000e+00) (0, 0, 0.00000000000000000000e+00) (0, 0, 0.00000000000000000000e+00) (0, 0, 0.00000000000000000000e+00) (0, 0, 0.00000000000000000000e+00) (0, 0, 0.00000000000000000000e+00) (0, 0, 0.00000000000000000000e+00) (0, 0, 0.00000000000000000000e+00) (0, 0, 0.00000000000000000000e+00) (0, 0, 0.00000000000000000000e+00) (10, 3, 5.00000000000000000000e-01) (10, 3, 5.00000000000000000000e-01) (10, 3, 5.00000000000000000000e-01) (10, 3, 5.00000000000000000000e-01) (0, 3, 0.00000000000000000000e+00) (5, 3, 5.00000000000000000000e-01) (0, 3, 0.00000000000000000000e+00) 
connections (connected_to_neuron, weight)=(0, -3.02473139762878417969e+00) (1, 9.27414953708648681641e-01) (2, -1.50000000000000000000e+03) (3, 2.28098964691162109375e+00) (4, 1.04005169868469238281e+00) (5, 5.01922569274902343750e+01) (6, 3.20090949535369873047e-01) (7, -3.65277379751205444336e-01) (8, 1.14252087402343750000e+03) (9, 2.86090344190597534180e-01) (0, -3.28376054763793945312e+00) (1, 1.55590668320655822754e-01) (2, -1.50000000000000000000e+03) (3, 2.36838960647583007812e+00) (4, 5.96408784389495849609e-01) (5, 1.14139025878906250000e+03) (6, 3.93878430128097534180e-01) (7, -2.37265564501285552979e-02) (8, -5.29556388854980468750e+01) (9, 3.06936919689178466797e-01) (0, -3.19877958297729492188e+00) (1, 1.30683171749114990234e+00) (2, -1.50000000000000000000e+03) (3, 2.21062898635864257812e+00) (4, 9.50681328773498535156e-01) (5, 2.26994628906250000000e+01) (6, 5.84437131881713867188e-01) (7, -4.69063788652420043945e-01) (8, 1.17292053222656250000e+03) (9, 9.94368717074394226074e-02) (0, 1.23065829277038574219e+00) (1, 3.75492143630981445312e+00) (2, 2.05411090850830078125e+01) (3, 3.02610373497009277344e+00) (4, 7.60325253009796142578e-01) (5, 1.33741378784179687500e+01) (6, 1.15318484604358673096e-01) (7, -4.97827386856079101562e+00) (8, -3.15818080902099609375e+01) (9, -2.86252260208129882812e+00) (10, 7.15434432029724121094e-01) (11, 9.24314379692077636719e-01) (12, 1.46700215339660644531e+00) (13, 3.09364724159240722656e+00) (14, -2.23957490921020507812e+00) 
