FANN_FLO_2.1
num_layers=3
learning_rate=0.400000
connection_rate=1.000000
network_type=0
learning_momentum=0.000000
training_algorithm=2
train_error_function=1
train_stop_function=0
cascade_output_change_fraction=0.010000
quickprop_decay=-0.000100
quickprop_mu=1.750000
rprop_increase_factor=1.200000
rprop_decrease_factor=0.500000
rprop_delta_min=0.000000
rprop_delta_max=50.000000
rprop_delta_zero=0.100000
cascade_output_stagnation_epochs=12
cascade_candidate_change_fraction=0.010000
cascade_candidate_stagnation_epochs=12
cascade_max_out_epochs=150
cascade_min_out_epochs=50
cascade_max_cand_epochs=150
cascade_min_cand_epochs=50
cascade_num_candidate_groups=2
bit_fail_limit=3.49999994039535522461e-01
cascade_candidate_limit=1.00000000000000000000e+03
cascade_weight_multiplier=4.00000005960464477539e-01
cascade_activation_functions_count=10
cascade_activation_functions=3 5 7 8 10 11 14 15 16 17 
cascade_activation_steepnesses_count=4
cascade_activation_steepnesses=2.50000000000000000000e-01 5.00000000000000000000e-01 7.50000000000000000000e-01 1.00000000000000000000e+00 
layer_sizes=7 9 2 
scale_included=0
neurons (num_inputs, activation_function, activation_steepness)=(0, 0, 0.00000000000000000000e+00) (0, 0, 0.00000000000000000000e+00) (0, 0, 0.00000000000000000000e+00) (0, 0, 0.00000000000000000000e+00) (0, 0, 0.00000000000000000000e+00) (0, 0, 0.00000000000000000000e+00) (0, 0, 0.00000000000000000000e+00) (7, 3, 5.00000000000000000000e-01) (7, 3, 5.00000000000000000000e-01) (7, 3, 5.00000000000000000000e-01) (7, 3, 5.00000000000000000000e-01) (7, 3, 5.00000000000000000000e-01) (7, 3, 5.00000000000000000000e-01) (7, 3, 5.00000000000000000000e-01) (7, 3, 5.00000000000000000000e-01) (0, 3, 0.00000000000000000000e+00) (9, 3, 5.00000000000000000000e-01) (0, 3, 0.00000000000000000000e+00) 
connections (connected_to_neuron, weight)=(0, 1.22627401351928710938e+00) (1, 2.27743339538574218750e+00) (2, -1.33297681808471679688e+01) (3, -1.03592462539672851562e+01) (4, -2.96339654922485351562e+00) (5, 1.16673469543457031250e+00) (6, 2.59124064445495605469e+00) (0, -2.47051882743835449219e+00) (1, -3.51114898920059204102e-01) (2, -1.19584751129150390625e+00) (3, -3.73947429656982421875e+00) (4, -1.36654806137084960938e+00) (5, 6.81454837322235107422e-01) (6, 6.27867460250854492188e-01) (0, -6.59181356430053710938e-01) (1, -4.80594575405120849609e-01) (2, 3.68507575988769531250e+00) (3, -1.94611465930938720703e+00) (4, -2.16420106589794158936e-02) (5, 2.70407176017761230469e+00) (6, 7.69495904445648193359e-01) (0, -2.16729354858398437500e+00) (1, 4.88280057907104492188e+00) (2, -1.01545730590820312500e+02) (3, 1.27000570297241210938e+00) (4, -2.06992664337158203125e+01) (5, 2.70687913894653320312e+00) (6, 3.82634580135345458984e-01) (0, -1.75888729095458984375e+01) (1, 1.35463552474975585938e+01) (2, -3.04142546653747558594e+00) (3, -3.25083708763122558594e+00) (4, -1.86111557483673095703e+00) (5, -6.10682916641235351562e+00) (6, 3.50734233856201171875e+00) (0, 9.01205921173095703125e+00) (1, -1.16694602966308593750e+01) (2, 1.48774948120117187500e+01) (3, 1.49561071395874023438e+00) (4, -1.70438659191131591797e+00) (5, -3.78710198402404785156e+00) (6, 3.98451781272888183594e+00) (0, -2.66708350181579589844e+00) (1, -2.74834007024765014648e-01) (2, -2.81227755546569824219e+00) (3, -3.79069423675537109375e+00) (4, -1.29219126701354980469e+00) (5, 1.18448364734649658203e+00) (6, 7.60539114475250244141e-01) (0, 2.18140864372253417969e+00) (1, -5.04145002365112304688e+00) (2, 1.66097581386566162109e+00) (3, -3.35811042785644531250e+00) (4, -6.20717644691467285156e-01) (5, 3.17988753318786621094e+00) (6, -1.41413474082946777344e+00) (7, -9.12390291690826416016e-01) (8, 1.39341678619384765625e+01) (9, -9.80378866195678710938e-01) (10, -1.50116753578186035156e+00) (11, -6.07038879394531250000e+00) (12, -1.04593873023986816406e+00) (13, 2.56296491622924804688e+00) (14, -1.38196067810058593750e+01) (15, -1.92252382636070251465e-01) 
