FANN_FLO_2.1
num_layers=4
learning_rate=0.500000
connection_rate=1.000000
network_type=0
learning_momentum=0.000000
training_algorithm=2
train_error_function=1
train_stop_function=0
cascade_output_change_fraction=0.010000
quickprop_decay=-0.000100
quickprop_mu=1.750000
rprop_increase_factor=1.200000
rprop_decrease_factor=0.500000
rprop_delta_min=0.000000
rprop_delta_max=50.000000
rprop_delta_zero=0.100000
cascade_output_stagnation_epochs=12
cascade_candidate_change_fraction=0.010000
cascade_candidate_stagnation_epochs=12
cascade_max_out_epochs=150
cascade_min_out_epochs=50
cascade_max_cand_epochs=150
cascade_min_cand_epochs=50
cascade_num_candidate_groups=2
bit_fail_limit=3.49999994039535522461e-01
cascade_candidate_limit=1.00000000000000000000e+03
cascade_weight_multiplier=4.00000005960464477539e-01
cascade_activation_functions_count=10
cascade_activation_functions=3 5 7 8 10 11 14 15 16 17 
cascade_activation_steepnesses_count=4
cascade_activation_steepnesses=2.50000000000000000000e-01 5.00000000000000000000e-01 7.50000000000000000000e-01 1.00000000000000000000e+00 
layer_sizes=2 5 5 3 
scale_included=0
neurons (num_inputs, activation_function, activation_steepness)=(0, 0, 0.00000000000000000000e+00) (0, 0, 0.00000000000000000000e+00) (2, 3, 5.00000000000000000000e-01) (2, 3, 5.00000000000000000000e-01) (2, 3, 5.00000000000000000000e-01) (2, 3, 5.00000000000000000000e-01) (0, 3, 0.00000000000000000000e+00) (5, 3, 5.00000000000000000000e-01) (5, 3, 5.00000000000000000000e-01) (5, 3, 5.00000000000000000000e-01) (5, 3, 5.00000000000000000000e-01) (0, 3, 0.00000000000000000000e+00) (5, 0, 5.00000000000000000000e-01) (5, 0, 5.00000000000000000000e-01) (0, 0, 0.00000000000000000000e+00) 
connections (connected_to_neuron, weight)=(0, -1.04786367416381835938e+01) (1, 2.21652150154113769531e+00) (0, -1.36110315322875976562e+01) (1, 1.51169562339782714844e+00) (0, -5.31811046600341796875e+00) (1, 7.94549524784088134766e-01) (0, -1.11344451904296875000e+01) (1, 2.93915420770645141602e-01) (2, 1.97509040832519531250e+01) (3, -3.98915743827819824219e+00) (4, 5.33755064010620117188e-01) (5, -1.95147571563720703125e+01) (6, -1.30052089691162109375e+00) (2, 1.72826313972473144531e+00) (3, -6.41647672653198242188e+00) (4, 1.18687028884887695312e+01) (5, -6.59559249877929687500e+00) (6, -1.58345448970794677734e+00) (2, -9.59029257297515869141e-01) (3, -1.65817108154296875000e+01) (4, 2.14781475067138671875e+00) (5, -2.50591969490051269531e+00) (6, 2.89454936981201171875e-01) (2, -5.83464860916137695312e-01) (3, -4.05714178085327148438e+00) (4, 2.61120200157165527344e+00) (5, -4.48880863189697265625e+00) (6, 3.51456999778747558594e-01) (7, -1.62128007411956787109e+00) (8, -2.20979118347167968750e+00) (9, 2.04207882285118103027e-01) (10, -1.06711983680725097656e+00) (11, 2.14782309532165527344e+00) (7, 1.82585370540618896484e+00) (8, -7.21009492874145507812e-01) (9, -2.28973197937011718750e+00) (10, -2.46385788917541503906e+00) (11, 5.62354385852813720703e-01) 
