FANN_FLO_2.1
num_layers=3
learning_rate=0.400000
connection_rate=1.000000
network_type=0
learning_momentum=0.000000
training_algorithm=2
train_error_function=1
train_stop_function=0
cascade_output_change_fraction=0.010000
quickprop_decay=-0.000100
quickprop_mu=1.750000
rprop_increase_factor=1.200000
rprop_decrease_factor=0.500000
rprop_delta_min=0.000000
rprop_delta_max=50.000000
rprop_delta_zero=0.100000
cascade_output_stagnation_epochs=12
cascade_candidate_change_fraction=0.010000
cascade_candidate_stagnation_epochs=12
cascade_max_out_epochs=150
cascade_min_out_epochs=50
cascade_max_cand_epochs=150
cascade_min_cand_epochs=50
cascade_num_candidate_groups=2
bit_fail_limit=3.49999994039535522461e-01
cascade_candidate_limit=1.00000000000000000000e+03
cascade_weight_multiplier=4.00000005960464477539e-01
cascade_activation_functions_count=10
cascade_activation_functions=3 5 7 8 10 11 14 15 16 17 
cascade_activation_steepnesses_count=4
cascade_activation_steepnesses=2.50000000000000000000e-01 5.00000000000000000000e-01 7.50000000000000000000e-01 1.00000000000000000000e+00 
layer_sizes=7 5 2 
scale_included=0
neurons (num_inputs, activation_function, activation_steepness)=(0, 0, 0.00000000000000000000e+00) (0, 0, 0.00000000000000000000e+00) (0, 0, 0.00000000000000000000e+00) (0, 0, 0.00000000000000000000e+00) (0, 0, 0.00000000000000000000e+00) (0, 0, 0.00000000000000000000e+00) (0, 0, 0.00000000000000000000e+00) (7, 3, 5.00000000000000000000e-01) (7, 3, 5.00000000000000000000e-01) (7, 3, 5.00000000000000000000e-01) (7, 3, 5.00000000000000000000e-01) (0, 3, 0.00000000000000000000e+00) (5, 3, 5.00000000000000000000e-01) (0, 3, 0.00000000000000000000e+00) 
connections (connected_to_neuron, weight)=(0, -2.37955760955810546875e+00) (1, -2.43356299400329589844e+00) (2, -1.07592773437500000000e+00) (3, 1.88167619705200195312e+00) (4, -8.48169088363647460938e-01) (5, 8.87421035766601562500e+00) (6, -3.26251888275146484375e+00) (0, 1.13388633728027343750e+00) (1, -3.77507328987121582031e-01) (2, -2.05348682403564453125e+00) (3, -7.06711435317993164062e+00) (4, -4.54954338073730468750e+00) (5, 1.63718280792236328125e+01) (6, 8.42488527297973632812e-01) (0, -8.59282302856445312500e+00) (1, -2.59358906745910644531e+00) (2, -1.13893759250640869141e+00) (3, 2.10867214202880859375e+00) (4, 1.82882916927337646484e+00) (5, 1.66030645370483398438e+00) (6, -1.90310037136077880859e+00) (0, -7.91659057140350341797e-01) (1, -1.94598746299743652344e+00) (2, -1.29780101776123046875e+00) (3, 2.40178871154785156250e+00) (4, -5.92987891286611557007e-03) (5, 4.30789327621459960938e+00) (6, -3.00260448455810546875e+00) (7, 1.72155380249023437500e+00) (8, -3.53137445449829101562e+00) (9, 3.94272732734680175781e+00) (10, 2.79401946067810058594e+00) (11, 2.29880020022392272949e-01) 
