FANN_FLO_2.1
num_layers=3
learning_rate=0.400000
connection_rate=1.000000
network_type=0
learning_momentum=0.000000
training_algorithm=2
train_error_function=1
train_stop_function=0
cascade_output_change_fraction=0.010000
quickprop_decay=-0.000100
quickprop_mu=1.750000
rprop_increase_factor=1.200000
rprop_decrease_factor=0.500000
rprop_delta_min=0.000000
rprop_delta_max=50.000000
rprop_delta_zero=0.100000
cascade_output_stagnation_epochs=12
cascade_candidate_change_fraction=0.010000
cascade_candidate_stagnation_epochs=12
cascade_max_out_epochs=150
cascade_min_out_epochs=50
cascade_max_cand_epochs=150
cascade_min_cand_epochs=50
cascade_num_candidate_groups=2
bit_fail_limit=3.49999994039535522461e-01
cascade_candidate_limit=1.00000000000000000000e+03
cascade_weight_multiplier=4.00000005960464477539e-01
cascade_activation_functions_count=10
cascade_activation_functions=3 5 7 8 10 11 14 15 16 17 
cascade_activation_steepnesses_count=4
cascade_activation_steepnesses=2.50000000000000000000e-01 5.00000000000000000000e-01 7.50000000000000000000e-01 1.00000000000000000000e+00 
layer_sizes=7 9 2 
scale_included=0
neurons (num_inputs, activation_function, activation_steepness)=(0, 0, 0.00000000000000000000e+00) (0, 0, 0.00000000000000000000e+00) (0, 0, 0.00000000000000000000e+00) (0, 0, 0.00000000000000000000e+00) (0, 0, 0.00000000000000000000e+00) (0, 0, 0.00000000000000000000e+00) (0, 0, 0.00000000000000000000e+00) (7, 3, 5.00000000000000000000e-01) (7, 3, 5.00000000000000000000e-01) (7, 3, 5.00000000000000000000e-01) (7, 3, 5.00000000000000000000e-01) (7, 3, 5.00000000000000000000e-01) (7, 3, 5.00000000000000000000e-01) (7, 3, 5.00000000000000000000e-01) (7, 3, 5.00000000000000000000e-01) (0, 3, 0.00000000000000000000e+00) (9, 3, 5.00000000000000000000e-01) (0, 3, 0.00000000000000000000e+00) 
connections (connected_to_neuron, weight)=(0, 1.79069966077804565430e-01) (1, -1.35154304504394531250e+01) (2, 3.37650207519531250000e+02) (3, -5.56187725067138671875e+00) (4, -1.87248921394348144531e+00) (5, -6.87542557716369628906e-01) (6, 6.42489337921142578125e+00) (0, -3.29276037216186523438e+00) (1, -4.73184680938720703125e+00) (2, 9.25690555572509765625e+00) (3, 4.47604703903198242188e+00) (4, -1.27978336811065673828e+00) (5, 1.00875272750854492188e+01) (6, 4.23216295242309570312e+00) (0, -4.73977088928222656250e+00) (1, 4.65162372589111328125e+00) (2, 2.93391317129135131836e-01) (3, -1.88778901100158691406e+00) (4, -1.27005028724670410156e+00) (5, -1.33467346191406250000e+03) (6, -8.73326975852251052856e-03) (0, 1.16667413711547851562e+00) (1, -1.50126373767852783203e+00) (2, -2.30962723493576049805e-01) (3, -9.13046455383300781250e+00) (4, -3.95705389976501464844e+00) (5, -2.72354006767272949219e-01) (6, 6.30561923980712890625e+00) (0, 6.73260688781738281250e+00) (1, -7.78151273727416992188e+00) (2, 4.50755262374877929688e+00) (3, -2.62816524505615234375e+00) (4, -1.40047740936279296875e+00) (5, 2.54779338836669921875e+00) (6, -2.62513494491577148438e+00) (0, -1.02399274706840515137e-01) (1, -3.66820531780831515789e-05) (2, 2.61033415794372558594e+00) (3, -2.12235784530639648438e+00) (4, -1.33248519897460937500e+00) (5, -1.48950815200805664062e+00) (6, 4.63331490755081176758e-01) (0, 2.84443807601928710938e+00) (1, -2.00726151466369628906e+00) (2, -6.26907300949096679688e+00) (3, -5.54414367675781250000e+00) (4, 4.83058810234069824219e-01) (5, 4.35041487216949462891e-01) (6, -4.32225950062274932861e-02) (0, -2.79625147581100463867e-01) (1, -1.95861756801605224609e+00) (2, 2.16408625245094299316e-01) (3, -4.57278537750244140625e+00) (4, -1.89692723751068115234e+00) (5, 6.13721191883087158203e-01) (6, 5.72988271713256835938e-01) (7, -6.80566847324371337891e-01) (8, -9.24576580524444580078e-01) (9, -1.56366529464721679688e+01) (10, -8.07517588138580322266e-01) (11, -1.27367610931396484375e+01) (12, 9.25555706024169921875e+00) (13, -1.10990691184997558594e+00) (14, 3.34484314918518066406e+00) (15, -2.56231695413589477539e-01) 
