FANN_FLO_2.1
num_layers=4
learning_rate=0.500000
connection_rate=1.000000
network_type=0
learning_momentum=0.000000
training_algorithm=2
train_error_function=1
train_stop_function=0
cascade_output_change_fraction=0.010000
quickprop_decay=-0.000100
quickprop_mu=1.750000
rprop_increase_factor=1.200000
rprop_decrease_factor=0.500000
rprop_delta_min=0.000000
rprop_delta_max=50.000000
rprop_delta_zero=0.100000
cascade_output_stagnation_epochs=12
cascade_candidate_change_fraction=0.010000
cascade_candidate_stagnation_epochs=12
cascade_max_out_epochs=150
cascade_min_out_epochs=50
cascade_max_cand_epochs=150
cascade_min_cand_epochs=50
cascade_num_candidate_groups=2
bit_fail_limit=3.49999994039535522461e-01
cascade_candidate_limit=1.00000000000000000000e+03
cascade_weight_multiplier=4.00000005960464477539e-01
cascade_activation_functions_count=10
cascade_activation_functions=3 5 7 8 10 11 14 15 16 17 
cascade_activation_steepnesses_count=4
cascade_activation_steepnesses=2.50000000000000000000e-01 5.00000000000000000000e-01 7.50000000000000000000e-01 1.00000000000000000000e+00 
layer_sizes=10 5 3 2 
scale_included=0
neurons (num_inputs, activation_function, activation_steepness)=(0, 0, 0.00000000000000000000e+00) (0, 0, 0.00000000000000000000e+00) (0, 0, 0.00000000000000000000e+00) (0, 0, 0.00000000000000000000e+00) (0, 0, 0.00000000000000000000e+00) (0, 0, 0.00000000000000000000e+00) (0, 0, 0.00000000000000000000e+00) (0, 0, 0.00000000000000000000e+00) (0, 0, 0.00000000000000000000e+00) (0, 0, 0.00000000000000000000e+00) (10, 3, 5.00000000000000000000e-01) (10, 3, 5.00000000000000000000e-01) (10, 3, 5.00000000000000000000e-01) (10, 3, 5.00000000000000000000e-01) (0, 3, 0.00000000000000000000e+00) (5, 3, 5.00000000000000000000e-01) (5, 3, 5.00000000000000000000e-01) (0, 3, 0.00000000000000000000e+00) (3, 3, 5.00000000000000000000e-01) (0, 3, 0.00000000000000000000e+00) 
connections (connected_to_neuron, weight)=(0, -4.01153534650802612305e-01) (1, -7.93068408966064453125e+00) (2, 7.67920541763305664062e+00) (3, -9.79545786976814270020e-02) (4, -4.84414339065551757812e+00) (5, 1.12193532288074493408e-01) (6, 1.55219519138336181641e+00) (7, 1.62317013740539550781e+00) (8, 6.34069490432739257812e+00) (9, -8.84673058986663818359e-01) (0, -4.28048181533813476562e+00) (1, -1.69927120208740234375e+00) (2, 6.17554016113281250000e+02) (3, -3.82337403297424316406e+00) (4, -5.08733749389648437500e+00) (5, -5.11662125587463378906e-01) (6, -2.22416281700134277344e+00) (7, -1.56297951936721801758e-01) (8, -1.48861401367187500000e+03) (9, -7.82043695449829101562e-01) (0, -4.31747645139694213867e-01) (1, 5.22742557525634765625e+00) (2, -1.51910376548767089844e+00) (3, -1.10035382211208343506e-01) (4, 5.95220685005187988281e-01) (5, -5.35479605197906494141e-01) (6, -9.49724972248077392578e-01) (7, -1.12305793762207031250e+01) (8, -2.91279625892639160156e+00) (9, 3.26133990287780761719e+00) (0, -4.96662044525146484375e+00) (1, 7.76843500137329101562e+00) (2, -1.67862304687500000000e+02) (3, 3.11155885457992553711e-01) (4, 6.64847373962402343750e-01) (5, 1.01622052490711212158e-01) (6, 3.08516192436218261719e+00) (7, 4.87647727131843566895e-02) (8, 1.38731948852539062500e+02) (9, 9.43739175796508789062e-01) (10, -1.20673036575317382812e+01) (11, 1.50000000000000000000e+03) (12, 3.67125701904296875000e+01) (13, 1.68404369354248046875e+01) (14, -1.19113469123840332031e+00) (10, -2.14133286476135253906e+00) (11, -2.08201313018798828125e+00) (12, 5.94858312606811523438e+00) (13, 2.95509223937988281250e+01) (14, -1.43650993704795837402e-01) (15, 1.00105917453765869141e+00) (16, 8.39825212955474853516e-01) (17, -9.63841199874877929688e-01) 
