FANN_FLO_2.1
num_layers=3
learning_rate=0.500000
connection_rate=1.000000
network_type=0
learning_momentum=0.000000
training_algorithm=2
train_error_function=1
train_stop_function=0
cascade_output_change_fraction=0.010000
quickprop_decay=-0.000100
quickprop_mu=1.750000
rprop_increase_factor=1.200000
rprop_decrease_factor=0.500000
rprop_delta_min=0.000000
rprop_delta_max=50.000000
rprop_delta_zero=0.100000
cascade_output_stagnation_epochs=12
cascade_candidate_change_fraction=0.010000
cascade_candidate_stagnation_epochs=12
cascade_max_out_epochs=150
cascade_min_out_epochs=50
cascade_max_cand_epochs=150
cascade_min_cand_epochs=50
cascade_num_candidate_groups=2
bit_fail_limit=3.49999994039535522461e-01
cascade_candidate_limit=1.00000000000000000000e+03
cascade_weight_multiplier=4.00000005960464477539e-01
cascade_activation_functions_count=10
cascade_activation_functions=3 5 7 8 10 11 14 15 16 17 
cascade_activation_steepnesses_count=4
cascade_activation_steepnesses=2.50000000000000000000e-01 5.00000000000000000000e-01 7.50000000000000000000e-01 1.00000000000000000000e+00 
layer_sizes=10 5 2 
scale_included=0
neurons (num_inputs, activation_function, activation_steepness)=(0, 0, 0.00000000000000000000e+00) (0, 0, 0.00000000000000000000e+00) (0, 0, 0.00000000000000000000e+00) (0, 0, 0.00000000000000000000e+00) (0, 0, 0.00000000000000000000e+00) (0, 0, 0.00000000000000000000e+00) (0, 0, 0.00000000000000000000e+00) (0, 0, 0.00000000000000000000e+00) (0, 0, 0.00000000000000000000e+00) (0, 0, 0.00000000000000000000e+00) (10, 3, 5.00000000000000000000e-01) (10, 3, 5.00000000000000000000e-01) (10, 3, 5.00000000000000000000e-01) (10, 3, 5.00000000000000000000e-01) (0, 3, 0.00000000000000000000e+00) (5, 3, 5.00000000000000000000e-01) (0, 3, 0.00000000000000000000e+00) 
connections (connected_to_neuron, weight)=(0, -2.90835332870483398438e+00) (1, 2.47263646125793457031e+00) (2, 3.15723466873168945312e+00) (3, -1.25194358825683593750e+01) (4, -1.16780412197113037109e+00) (5, 3.47922134399414062500e+00) (6, -2.75153064727783203125e+00) (7, 9.01977062225341796875e-01) (8, 7.50789403915405273438e+00) (9, 1.80389964580535888672e+00) (0, 6.75024271011352539062e+00) (1, -9.80487242341041564941e-02) (2, 1.92997515201568603516e-01) (3, 6.94070291519165039062e+00) (4, 1.73471021652221679688e+00) (5, 1.51209592819213867188e+00) (6, -1.51177721023559570312e+01) (7, -1.44111883640289306641e+00) (8, -6.26460075378417968750e+00) (9, 8.45614373683929443359e-01) (0, -1.39567699432373046875e+01) (1, 1.92712283134460449219e+00) (2, -1.81525230407714843750e+00) (3, -2.37878990173339843750e+00) (4, -2.70902097225189208984e-01) (5, -1.73393452167510986328e+00) (6, 1.07629962265491485596e-01) (7, 1.44377917051315307617e-01) (8, 4.42155124619603157043e-03) (9, 1.03922164440155029297e+00) (0, 8.43459033966064453125e+00) (1, 3.61179709434509277344e-01) (2, 2.92398631572723388672e-01) (3, 2.12730197906494140625e+01) (4, -9.11849811673164367676e-02) (5, -1.05955801904201507568e-01) (6, 1.61161766052246093750e+01) (7, -2.40051631927490234375e+01) (8, -1.80585365295410156250e+01) (9, 6.32639050483703613281e-01) (10, -2.73179554939270019531e+00) (11, 2.14028930664062500000e+00) (12, 2.30272293090820312500e+00) (13, -1.42899012565612792969e+00) (14, 1.37856972217559814453e+00) 
