FANN_FLO_2.1
num_layers=3
learning_rate=0.400000
connection_rate=1.000000
network_type=0
learning_momentum=0.000000
training_algorithm=2
train_error_function=1
train_stop_function=0
cascade_output_change_fraction=0.010000
quickprop_decay=-0.000100
quickprop_mu=1.750000
rprop_increase_factor=1.200000
rprop_decrease_factor=0.500000
rprop_delta_min=0.000000
rprop_delta_max=50.000000
rprop_delta_zero=0.100000
cascade_output_stagnation_epochs=12
cascade_candidate_change_fraction=0.010000
cascade_candidate_stagnation_epochs=12
cascade_max_out_epochs=150
cascade_min_out_epochs=50
cascade_max_cand_epochs=150
cascade_min_cand_epochs=50
cascade_num_candidate_groups=2
bit_fail_limit=3.49999994039535522461e-01
cascade_candidate_limit=1.00000000000000000000e+03
cascade_weight_multiplier=4.00000005960464477539e-01
cascade_activation_functions_count=10
cascade_activation_functions=3 5 7 8 10 11 14 15 16 17 
cascade_activation_steepnesses_count=4
cascade_activation_steepnesses=2.50000000000000000000e-01 5.00000000000000000000e-01 7.50000000000000000000e-01 1.00000000000000000000e+00 
layer_sizes=19 3 3 
scale_included=0
neurons (num_inputs, activation_function, activation_steepness)=(0, 0, 0.00000000000000000000e+00) (0, 0, 0.00000000000000000000e+00) (0, 0, 0.00000000000000000000e+00) (0, 0, 0.00000000000000000000e+00) (0, 0, 0.00000000000000000000e+00) (0, 0, 0.00000000000000000000e+00) (0, 0, 0.00000000000000000000e+00) (0, 0, 0.00000000000000000000e+00) (0, 0, 0.00000000000000000000e+00) (0, 0, 0.00000000000000000000e+00) (0, 0, 0.00000000000000000000e+00) (0, 0, 0.00000000000000000000e+00) (0, 0, 0.00000000000000000000e+00) (0, 0, 0.00000000000000000000e+00) (0, 0, 0.00000000000000000000e+00) (0, 0, 0.00000000000000000000e+00) (0, 0, 0.00000000000000000000e+00) (0, 0, 0.00000000000000000000e+00) (0, 0, 0.00000000000000000000e+00) (19, 3, 5.00000000000000000000e-01) (19, 3, 5.00000000000000000000e-01) (0, 3, 0.00000000000000000000e+00) (3, 3, 5.00000000000000000000e-01) (3, 3, 5.00000000000000000000e-01) (0, 3, 0.00000000000000000000e+00) 
connections (connected_to_neuron, weight)=(0, 5.33521509170532226562e+00) (1, -1.12653284072875976562e+01) (2, 8.18634319305419921875e+00) (3, 4.66946649551391601562e+00) (4, -4.95887136459350585938e+00) (5, -7.00819253921508789062e+00) (6, 6.80107545852661132812e+00) (7, -1.18113880157470703125e+01) (8, 5.37026119232177734375e+00) (9, -1.56444537639617919922e+00) (10, -6.08187496662139892578e-01) (11, 1.53357878327369689941e-01) (12, -7.56833314895629882812e+00) (13, 4.62169265747070312500e+00) (14, -7.33289361000061035156e-01) (15, -3.17881393432617187500e+00) (16, 1.27838194370269775391e+00) (17, -4.23149490356445312500e+00) (18, 9.90115880966186523438e-01) (0, -2.81332373619079589844e+00) (1, 1.27878189086914062500e+01) (2, -1.06705055236816406250e+01) (3, -4.11423015594482421875e+00) (4, 3.65063714981079101562e+00) (5, 1.01904048919677734375e+01) (6, -6.16547918319702148438e+00) (7, 1.02095012664794921875e+01) (8, -4.03712081909179687500e+00) (9, -1.51699447631835937500e+00) (10, 6.97012472152709960938e+00) (11, -3.08757376670837402344e+00) (12, 3.66401052474975585938e+00) (13, -3.74953508377075195312e+00) (14, 1.14992189407348632812e+00) (15, 5.55472230911254882812e+00) (16, -2.91808390617370605469e+00) (17, 6.54620313644409179688e+00) (18, -4.78372812271118164062e+00) (19, -2.00288033485412597656e+00) (20, -1.68615186214447021484e+00) (21, 1.12462115287780761719e+00) (19, 2.00485730171203613281e+00) (20, 1.68911993503570556641e+00) (21, -1.12504434585571289062e+00) 
