FANN_FLO_2.1
num_layers=4
learning_rate=0.400000
connection_rate=1.000000
network_type=0
learning_momentum=0.000000
training_algorithm=2
train_error_function=1
train_stop_function=0
cascade_output_change_fraction=0.010000
quickprop_decay=-0.000100
quickprop_mu=1.750000
rprop_increase_factor=1.200000
rprop_decrease_factor=0.500000
rprop_delta_min=0.000000
rprop_delta_max=50.000000
rprop_delta_zero=0.100000
cascade_output_stagnation_epochs=12
cascade_candidate_change_fraction=0.010000
cascade_candidate_stagnation_epochs=12
cascade_max_out_epochs=150
cascade_min_out_epochs=50
cascade_max_cand_epochs=150
cascade_min_cand_epochs=50
cascade_num_candidate_groups=2
bit_fail_limit=3.49999994039535522461e-01
cascade_candidate_limit=1.00000000000000000000e+03
cascade_weight_multiplier=4.00000005960464477539e-01
cascade_activation_functions_count=10
cascade_activation_functions=3 5 7 8 10 11 14 15 16 17 
cascade_activation_steepnesses_count=4
cascade_activation_steepnesses=2.50000000000000000000e-01 5.00000000000000000000e-01 7.50000000000000000000e-01 1.00000000000000000000e+00 
layer_sizes=7 3 3 2 
scale_included=0
neurons (num_inputs, activation_function, activation_steepness)=(0, 0, 0.00000000000000000000e+00) (0, 0, 0.00000000000000000000e+00) (0, 0, 0.00000000000000000000e+00) (0, 0, 0.00000000000000000000e+00) (0, 0, 0.00000000000000000000e+00) (0, 0, 0.00000000000000000000e+00) (0, 0, 0.00000000000000000000e+00) (7, 3, 5.00000000000000000000e-01) (7, 3, 5.00000000000000000000e-01) (0, 3, 0.00000000000000000000e+00) (3, 3, 5.00000000000000000000e-01) (3, 3, 5.00000000000000000000e-01) (0, 3, 0.00000000000000000000e+00) (3, 3, 5.00000000000000000000e-01) (0, 3, 0.00000000000000000000e+00) 
connections (connected_to_neuron, weight)=(0, 8.80702304840087890625e+00) (1, -1.12191829681396484375e+01) (2, 3.93502902984619140625e+00) (3, -3.42658138275146484375e+00) (4, -8.64776372909545898438e-01) (5, 6.15417861938476562500e+00) (6, -3.02050876617431640625e+00) (0, -7.23780107498168945312e+00) (1, 5.98073720932006835938e+00) (2, -9.47844266891479492188e-01) (3, -2.16057372093200683594e+00) (4, -9.91467952728271484375e-01) (5, -7.19039077758789062500e+01) (6, 5.00722348690032958984e-01) (7, 1.38232688903808593750e+01) (8, 2.36080245971679687500e+01) (9, -1.60276317596435546875e+00) (7, 5.06323671340942382812e+00) (8, 1.22429008483886718750e+01) (9, -4.81149673461914062500e+00) (10, -1.29778158664703369141e+00) (11, -7.06636762619018554688e+00) (12, -8.60577583312988281250e-01) 
