FANN_FLO_2.1
num_layers=4
learning_rate=0.500000
connection_rate=1.000000
network_type=0
learning_momentum=0.000000
training_algorithm=2
train_error_function=1
train_stop_function=0
cascade_output_change_fraction=0.010000
quickprop_decay=-0.000100
quickprop_mu=1.750000
rprop_increase_factor=1.200000
rprop_decrease_factor=0.500000
rprop_delta_min=0.000000
rprop_delta_max=50.000000
rprop_delta_zero=0.100000
cascade_output_stagnation_epochs=12
cascade_candidate_change_fraction=0.010000
cascade_candidate_stagnation_epochs=12
cascade_max_out_epochs=150
cascade_min_out_epochs=50
cascade_max_cand_epochs=150
cascade_min_cand_epochs=50
cascade_num_candidate_groups=2
bit_fail_limit=3.49999994039535522461e-01
cascade_candidate_limit=1.00000000000000000000e+03
cascade_weight_multiplier=4.00000005960464477539e-01
cascade_activation_functions_count=10
cascade_activation_functions=3 5 7 8 10 11 14 15 16 17 
cascade_activation_steepnesses_count=4
cascade_activation_steepnesses=2.50000000000000000000e-01 5.00000000000000000000e-01 7.50000000000000000000e-01 1.00000000000000000000e+00 
layer_sizes=10 5 3 2 
scale_included=0
neurons (num_inputs, activation_function, activation_steepness)=(0, 0, 0.00000000000000000000e+00) (0, 0, 0.00000000000000000000e+00) (0, 0, 0.00000000000000000000e+00) (0, 0, 0.00000000000000000000e+00) (0, 0, 0.00000000000000000000e+00) (0, 0, 0.00000000000000000000e+00) (0, 0, 0.00000000000000000000e+00) (0, 0, 0.00000000000000000000e+00) (0, 0, 0.00000000000000000000e+00) (0, 0, 0.00000000000000000000e+00) (10, 3, 5.00000000000000000000e-01) (10, 3, 5.00000000000000000000e-01) (10, 3, 5.00000000000000000000e-01) (10, 3, 5.00000000000000000000e-01) (0, 3, 0.00000000000000000000e+00) (5, 3, 5.00000000000000000000e-01) (5, 3, 5.00000000000000000000e-01) (0, 3, 0.00000000000000000000e+00) (3, 3, 5.00000000000000000000e-01) (0, 3, 0.00000000000000000000e+00) 
connections (connected_to_neuron, weight)=(0, -1.21036958694458007812e+00) (1, 1.21660120785236358643e-01) (2, -1.53627383708953857422e+00) (3, -3.66763758659362792969e+00) (4, -9.66488242149353027344e-01) (5, -6.83454036712646484375e+00) (6, 2.54041481018066406250e+00) (7, -3.26376438140869140625e-01) (8, 2.07049107551574707031e+00) (9, 2.66853962093591690063e-02) (0, -1.08829343318939208984e+00) (1, -1.02954769134521484375e+00) (2, 1.02160549163818359375e+01) (3, -3.26555514335632324219e+00) (4, -7.74640023708343505859e-01) (5, -1.85360479354858398438e+00) (6, -6.34895133972167968750e+00) (7, -2.79435014724731445312e+00) (8, 7.20075368881225585938e-01) (9, 2.97326874732971191406e+00) (0, -6.96357250213623046875e-01) (1, -2.01321816444396972656e+00) (2, -6.52440872192382812500e+01) (3, -3.24940681457519531250e+00) (4, -1.64583339691162109375e+01) (5, -6.79733371734619140625e+00) (6, -1.66514251708984375000e+02) (7, -1.34461047363281250000e+03) (8, -1.27325915527343750000e+03) (9, 3.66777062416076660156e+00) (0, -1.50000000000000000000e+03) (1, 1.13160955905914306641e+00) (2, 7.37631797790527343750e-01) (3, -1.50000000000000000000e+03) (4, -1.48177172851562500000e+03) (5, -6.58425390720367431641e-01) (6, -1.43347265625000000000e+03) (7, -1.40898025035858154297e+00) (8, 2.28863716125488281250e-01) (9, 1.58715522289276123047e+00) (10, 7.01501235961914062500e+01) (11, 9.87768173217773437500e+00) (12, -2.65800048828125000000e+02) (13, 1.50000000000000000000e+03) (14, -5.80510807037353515625e+00) (10, 7.37551803588867187500e+01) (11, 7.56387281417846679688e+00) (12, 1.90101623535156250000e+02) (13, 1.50000000000000000000e+03) (14, -5.28589582443237304688e+00) (15, 1.10148394107818603516e+00) (16, 1.30754876136779785156e+00) (17, -1.50959336757659912109e+00) 
