FANN_FLO_2.1
num_layers=3
learning_rate=0.400000
connection_rate=1.000000
network_type=0
learning_momentum=0.000000
training_algorithm=2
train_error_function=1
train_stop_function=0
cascade_output_change_fraction=0.010000
quickprop_decay=-0.000100
quickprop_mu=1.750000
rprop_increase_factor=1.200000
rprop_decrease_factor=0.500000
rprop_delta_min=0.000000
rprop_delta_max=50.000000
rprop_delta_zero=0.100000
cascade_output_stagnation_epochs=12
cascade_candidate_change_fraction=0.010000
cascade_candidate_stagnation_epochs=12
cascade_max_out_epochs=150
cascade_min_out_epochs=50
cascade_max_cand_epochs=150
cascade_min_cand_epochs=50
cascade_num_candidate_groups=2
bit_fail_limit=3.49999994039535522461e-01
cascade_candidate_limit=1.00000000000000000000e+03
cascade_weight_multiplier=4.00000005960464477539e-01
cascade_activation_functions_count=10
cascade_activation_functions=3 5 7 8 10 11 14 15 16 17 
cascade_activation_steepnesses_count=4
cascade_activation_steepnesses=2.50000000000000000000e-01 5.00000000000000000000e-01 7.50000000000000000000e-01 1.00000000000000000000e+00 
layer_sizes=7 9 2 
scale_included=0
neurons (num_inputs, activation_function, activation_steepness)=(0, 0, 0.00000000000000000000e+00) (0, 0, 0.00000000000000000000e+00) (0, 0, 0.00000000000000000000e+00) (0, 0, 0.00000000000000000000e+00) (0, 0, 0.00000000000000000000e+00) (0, 0, 0.00000000000000000000e+00) (0, 0, 0.00000000000000000000e+00) (7, 3, 5.00000000000000000000e-01) (7, 3, 5.00000000000000000000e-01) (7, 3, 5.00000000000000000000e-01) (7, 3, 5.00000000000000000000e-01) (7, 3, 5.00000000000000000000e-01) (7, 3, 5.00000000000000000000e-01) (7, 3, 5.00000000000000000000e-01) (7, 3, 5.00000000000000000000e-01) (0, 3, 0.00000000000000000000e+00) (9, 3, 5.00000000000000000000e-01) (0, 3, 0.00000000000000000000e+00) 
connections (connected_to_neuron, weight)=(0, -1.28318395614624023438e+01) (1, 1.20010795593261718750e+01) (2, 1.15387725830078125000e+01) (3, -2.33644962310791015625e+00) (4, -1.89498722553253173828e+00) (5, 3.36877870559692382812e+00) (6, 1.16938126087188720703e+00) (0, -5.03667771816253662109e-01) (1, -2.98175811767578125000e-01) (2, -5.41899070739746093750e+01) (3, -3.75551748275756835938e+00) (4, 2.99652290344238281250e+00) (5, 4.25278997421264648438e+00) (6, 4.01994913816452026367e-01) (0, 4.95381385087966918945e-01) (1, -3.40533232688903808594e+00) (2, -2.08441886901855468750e+01) (3, -3.92921352386474609375e+00) (4, -2.45844793319702148438e+00) (5, 1.79855659604072570801e-01) (6, 5.94302272796630859375e+00) (0, 8.59817564487457275391e-01) (1, 2.46904182434082031250e+00) (2, -1.97234001159667968750e+01) (3, -2.34050331115722656250e+01) (4, -1.51597666740417480469e+00) (5, 6.22058629989624023438e+00) (6, -1.07393729686737060547e+00) (0, -4.73566913604736328125e+00) (1, -2.80049562454223632812e-01) (2, -8.56937789916992187500e+00) (3, -5.90312910079956054688e+00) (4, 6.49191570281982421875e+00) (5, 5.71583867073059082031e-01) (6, 1.85006514191627502441e-01) (0, -7.82114088535308837891e-01) (1, -2.62695765495300292969e+00) (2, 2.11742475628852844238e-01) (3, -5.15011692047119140625e+00) (4, -5.89323329925537109375e+00) (5, -5.53234457969665527344e-01) (6, 8.94170951843261718750e+00) (0, -1.89763367176055908203e-01) (1, -4.45688843727111816406e-01) (2, 2.27903442382812500000e+01) (3, -2.97759032249450683594e+00) (4, -2.37658787518739700317e-02) (5, 7.48476147651672363281e-01) (6, 6.03603005409240722656e-01) (0, 1.34990825653076171875e+01) (1, -1.31781873703002929688e+01) (2, 1.35972776412963867188e+01) (3, 5.88455975055694580078e-01) (4, -5.82701027393341064453e-01) (5, -4.66981983184814453125e+00) (6, 4.14716815948486328125e+00) (7, -3.19784879684448242188e+00) (8, -1.09945073723793029785e-01) (9, -1.04821212589740753174e-01) (10, -8.10809671878814697266e-01) (11, -1.49288272857666015625e+00) (12, -9.04308438301086425781e-01) (13, 1.37793362140655517578e+00) (14, -3.52804040908813476562e+00) (15, 2.36014103889465332031e+00) 
