FANN_FLO_2.1
num_layers=3
learning_rate=0.500000
connection_rate=1.000000
network_type=0
learning_momentum=0.000000
training_algorithm=2
train_error_function=1
train_stop_function=0
cascade_output_change_fraction=0.010000
quickprop_decay=-0.000100
quickprop_mu=1.750000
rprop_increase_factor=1.200000
rprop_decrease_factor=0.500000
rprop_delta_min=0.000000
rprop_delta_max=50.000000
rprop_delta_zero=0.100000
cascade_output_stagnation_epochs=12
cascade_candidate_change_fraction=0.010000
cascade_candidate_stagnation_epochs=12
cascade_max_out_epochs=150
cascade_min_out_epochs=50
cascade_max_cand_epochs=150
cascade_min_cand_epochs=50
cascade_num_candidate_groups=2
bit_fail_limit=3.49999994039535522461e-01
cascade_candidate_limit=1.00000000000000000000e+03
cascade_weight_multiplier=4.00000005960464477539e-01
cascade_activation_functions_count=10
cascade_activation_functions=3 5 7 8 10 11 14 15 16 17 
cascade_activation_steepnesses_count=4
cascade_activation_steepnesses=2.50000000000000000000e-01 5.00000000000000000000e-01 7.50000000000000000000e-01 1.00000000000000000000e+00 
layer_sizes=10 3 2 
scale_included=0
neurons (num_inputs, activation_function, activation_steepness)=(0, 0, 0.00000000000000000000e+00) (0, 0, 0.00000000000000000000e+00) (0, 0, 0.00000000000000000000e+00) (0, 0, 0.00000000000000000000e+00) (0, 0, 0.00000000000000000000e+00) (0, 0, 0.00000000000000000000e+00) (0, 0, 0.00000000000000000000e+00) (0, 0, 0.00000000000000000000e+00) (0, 0, 0.00000000000000000000e+00) (0, 0, 0.00000000000000000000e+00) (10, 3, 5.00000000000000000000e-01) (10, 3, 5.00000000000000000000e-01) (0, 3, 0.00000000000000000000e+00) (3, 3, 5.00000000000000000000e-01) (0, 3, 0.00000000000000000000e+00) 
connections (connected_to_neuron, weight)=(0, 3.70031690597534179688e+00) (1, 6.39823102951049804688e+00) (2, -1.69112472534179687500e+01) (3, -1.21980609893798828125e+01) (4, 3.26437072753906250000e+01) (5, 9.23145484924316406250e+00) (6, -2.06445388793945312500e+01) (7, 8.07598018646240234375e+00) (8, -9.58688831329345703125e+00) (9, -4.58894395828247070312e+00) (0, -7.08439493179321289062e+00) (1, 1.92932739257812500000e+01) (2, -4.35253763198852539062e+00) (3, 3.09216141700744628906e+00) (4, -1.48197326660156250000e+01) (5, -2.25990142822265625000e+01) (6, 1.95414733886718750000e+01) (7, 1.70180833339691162109e+00) (8, 4.00929450988769531250e+00) (9, 5.14505958557128906250e+00) (10, 1.87484872341156005859e+00) (11, -3.38988929986953735352e-01) (12, -6.37945055961608886719e-01) 
