FANN_FLO_2.1
num_layers=3
learning_rate=0.400000
connection_rate=1.000000
network_type=0
learning_momentum=0.000000
training_algorithm=2
train_error_function=1
train_stop_function=0
cascade_output_change_fraction=0.010000
quickprop_decay=-0.000100
quickprop_mu=1.750000
rprop_increase_factor=1.200000
rprop_decrease_factor=0.500000
rprop_delta_min=0.000000
rprop_delta_max=50.000000
rprop_delta_zero=0.100000
cascade_output_stagnation_epochs=12
cascade_candidate_change_fraction=0.010000
cascade_candidate_stagnation_epochs=12
cascade_max_out_epochs=150
cascade_min_out_epochs=50
cascade_max_cand_epochs=150
cascade_min_cand_epochs=50
cascade_num_candidate_groups=2
bit_fail_limit=3.49999994039535522461e-01
cascade_candidate_limit=1.00000000000000000000e+03
cascade_weight_multiplier=4.00000005960464477539e-01
cascade_activation_functions_count=10
cascade_activation_functions=3 5 7 8 10 11 14 15 16 17 
cascade_activation_steepnesses_count=4
cascade_activation_steepnesses=2.50000000000000000000e-01 5.00000000000000000000e-01 7.50000000000000000000e-01 1.00000000000000000000e+00 
layer_sizes=19 3 3 
scale_included=0
neurons (num_inputs, activation_function, activation_steepness)=(0, 0, 0.00000000000000000000e+00) (0, 0, 0.00000000000000000000e+00) (0, 0, 0.00000000000000000000e+00) (0, 0, 0.00000000000000000000e+00) (0, 0, 0.00000000000000000000e+00) (0, 0, 0.00000000000000000000e+00) (0, 0, 0.00000000000000000000e+00) (0, 0, 0.00000000000000000000e+00) (0, 0, 0.00000000000000000000e+00) (0, 0, 0.00000000000000000000e+00) (0, 0, 0.00000000000000000000e+00) (0, 0, 0.00000000000000000000e+00) (0, 0, 0.00000000000000000000e+00) (0, 0, 0.00000000000000000000e+00) (0, 0, 0.00000000000000000000e+00) (0, 0, 0.00000000000000000000e+00) (0, 0, 0.00000000000000000000e+00) (0, 0, 0.00000000000000000000e+00) (0, 0, 0.00000000000000000000e+00) (19, 3, 5.00000000000000000000e-01) (19, 3, 5.00000000000000000000e-01) (0, 3, 0.00000000000000000000e+00) (3, 3, 5.00000000000000000000e-01) (3, 3, 5.00000000000000000000e-01) (0, 3, 0.00000000000000000000e+00) 
connections (connected_to_neuron, weight)=(0, -4.27936792373657226562e+00) (1, 6.29511928558349609375e+00) (2, 1.24651193618774414062e+00) (3, -2.76278162002563476562e+00) (4, 8.30903911590576171875e+00) (5, -4.14912652969360351562e+00) (6, 1.11561918258666992188e+01) (7, -1.10188274383544921875e+01) (8, 1.81981658935546875000e+01) (9, -3.09021711349487304688e+00) (10, 8.06607723236083984375e+00) (11, -1.06012639999389648438e+01) (12, 6.98844242095947265625e+00) (13, -5.76565408706665039062e+00) (14, 4.11518484354019165039e-01) (15, -2.71271038055419921875e+00) (16, -3.89774775505065917969e+00) (17, 8.68424701690673828125e+00) (18, 3.14104604721069335938e+00) (0, 3.58537530899047851562e+00) (1, -1.33888673782348632812e+00) (2, 2.78264832496643066406e+00) (3, -1.11294441223144531250e+01) (4, -1.36261568069458007812e+01) (5, 1.35488355159759521484e+00) (6, 4.16947937011718750000e+00) (7, 1.78547058105468750000e+01) (8, 2.68217992782592773438e+00) (9, 2.14106202125549316406e+00) (10, -1.67630805969238281250e+01) (11, 6.59531354904174804688e+00) (12, 5.27447748184204101562e+00) (13, 3.16792106628417968750e+01) (14, -1.01227130889892578125e+01) (15, 7.72118568420410156250e-01) (16, -1.39706289768218994141e+00) (17, 6.35870277881622314453e-01) (18, 1.79289364814758300781e+00) (19, -1.19225752353668212891e+00) (20, -8.88983666896820068359e-01) (21, 1.35069787502288818359e+00) (19, 1.19156110286712646484e+00) (20, 8.89658808708190917969e-01) (21, -1.35088145732879638672e+00) 
