FANN_FLO_2.1
num_layers=4
learning_rate=0.500000
connection_rate=1.000000
network_type=0
learning_momentum=0.000000
training_algorithm=2
train_error_function=1
train_stop_function=0
cascade_output_change_fraction=0.010000
quickprop_decay=-0.000100
quickprop_mu=1.750000
rprop_increase_factor=1.200000
rprop_decrease_factor=0.500000
rprop_delta_min=0.000000
rprop_delta_max=50.000000
rprop_delta_zero=0.100000
cascade_output_stagnation_epochs=12
cascade_candidate_change_fraction=0.010000
cascade_candidate_stagnation_epochs=12
cascade_max_out_epochs=150
cascade_min_out_epochs=50
cascade_max_cand_epochs=150
cascade_min_cand_epochs=50
cascade_num_candidate_groups=2
bit_fail_limit=3.49999994039535522461e-01
cascade_candidate_limit=1.00000000000000000000e+03
cascade_weight_multiplier=4.00000005960464477539e-01
cascade_activation_functions_count=10
cascade_activation_functions=3 5 7 8 10 11 14 15 16 17 
cascade_activation_steepnesses_count=4
cascade_activation_steepnesses=2.50000000000000000000e-01 5.00000000000000000000e-01 7.50000000000000000000e-01 1.00000000000000000000e+00 
layer_sizes=10 3 3 2 
scale_included=0
neurons (num_inputs, activation_function, activation_steepness)=(0, 0, 0.00000000000000000000e+00) (0, 0, 0.00000000000000000000e+00) (0, 0, 0.00000000000000000000e+00) (0, 0, 0.00000000000000000000e+00) (0, 0, 0.00000000000000000000e+00) (0, 0, 0.00000000000000000000e+00) (0, 0, 0.00000000000000000000e+00) (0, 0, 0.00000000000000000000e+00) (0, 0, 0.00000000000000000000e+00) (0, 0, 0.00000000000000000000e+00) (10, 3, 5.00000000000000000000e-01) (10, 3, 5.00000000000000000000e-01) (0, 3, 0.00000000000000000000e+00) (3, 3, 5.00000000000000000000e-01) (3, 3, 5.00000000000000000000e-01) (0, 3, 0.00000000000000000000e+00) (3, 3, 5.00000000000000000000e-01) (0, 3, 0.00000000000000000000e+00) 
connections (connected_to_neuron, weight)=(0, -8.36535034179687500000e+01) (1, 6.80815277099609375000e+01) (2, 3.25115633010864257812e+00) (3, 1.47967333984375000000e+03) (4, -1.34768603515625000000e+03) (5, -2.74525665283203125000e+02) (6, 1.72742784023284912109e+00) (7, 1.49606799316406250000e+03) (8, -1.32973095703125000000e+03) (9, 1.80422484874725341797e-01) (0, 1.67271957397460937500e+01) (1, 2.88725662231445312500e+00) (2, 2.46519064903259277344e+00) (3, 1.07116436958312988281e+00) (4, -3.84762929752469062805e-03) (5, 1.35347113013267517090e-01) (6, -8.31209719181060791016e-01) (7, -2.95863175392150878906e+00) (8, -2.66562595367431640625e+01) (9, 3.10531115531921386719e+00) (10, -4.23579673767089843750e+01) (11, 1.25729980468750000000e+02) (12, -8.17885875701904296875e+00) (10, -5.30140250921249389648e-02) (11, 1.42118158340454101562e+01) (12, -1.32532758712768554688e+01) (13, -2.06950998306274414062e+00) (14, 2.81125378608703613281e+00) (15, 8.82754385471343994141e-01) 
