FANN_FLO_2.1
num_layers=3
learning_rate=0.400000
connection_rate=1.000000
network_type=0
learning_momentum=0.000000
training_algorithm=2
train_error_function=1
train_stop_function=0
cascade_output_change_fraction=0.010000
quickprop_decay=-0.000100
quickprop_mu=1.750000
rprop_increase_factor=1.200000
rprop_decrease_factor=0.500000
rprop_delta_min=0.000000
rprop_delta_max=50.000000
rprop_delta_zero=0.100000
cascade_output_stagnation_epochs=12
cascade_candidate_change_fraction=0.010000
cascade_candidate_stagnation_epochs=12
cascade_max_out_epochs=150
cascade_min_out_epochs=50
cascade_max_cand_epochs=150
cascade_min_cand_epochs=50
cascade_num_candidate_groups=2
bit_fail_limit=3.49999994039535522461e-01
cascade_candidate_limit=1.00000000000000000000e+03
cascade_weight_multiplier=4.00000005960464477539e-01
cascade_activation_functions_count=10
cascade_activation_functions=3 5 7 8 10 11 14 15 16 17 
cascade_activation_steepnesses_count=4
cascade_activation_steepnesses=2.50000000000000000000e-01 5.00000000000000000000e-01 7.50000000000000000000e-01 1.00000000000000000000e+00 
layer_sizes=7 9 2 
scale_included=0
neurons (num_inputs, activation_function, activation_steepness)=(0, 0, 0.00000000000000000000e+00) (0, 0, 0.00000000000000000000e+00) (0, 0, 0.00000000000000000000e+00) (0, 0, 0.00000000000000000000e+00) (0, 0, 0.00000000000000000000e+00) (0, 0, 0.00000000000000000000e+00) (0, 0, 0.00000000000000000000e+00) (7, 3, 5.00000000000000000000e-01) (7, 3, 5.00000000000000000000e-01) (7, 3, 5.00000000000000000000e-01) (7, 3, 5.00000000000000000000e-01) (7, 3, 5.00000000000000000000e-01) (7, 3, 5.00000000000000000000e-01) (7, 3, 5.00000000000000000000e-01) (7, 3, 5.00000000000000000000e-01) (0, 3, 0.00000000000000000000e+00) (9, 3, 5.00000000000000000000e-01) (0, 3, 0.00000000000000000000e+00) 
connections (connected_to_neuron, weight)=(0, -4.42490911483764648438e+00) (1, -4.54777336120605468750e+00) (2, 6.82321906089782714844e-01) (3, 8.80896627902984619141e-01) (4, 3.65637922286987304688e+00) (5, 1.56611537933349609375e+00) (6, -2.25577998161315917969e+00) (0, -1.04140615463256835938e+01) (1, -2.96292805671691894531e+00) (2, 3.95852041244506835938e+00) (3, 1.01559915542602539062e+01) (4, -1.13906347751617431641e+00) (5, 5.27720987796783447266e-01) (6, -2.16155314445495605469e+00) (0, -3.69678926467895507812e+00) (1, -2.94594073295593261719e+00) (2, -1.78392493724822998047e+00) (3, 4.64884281158447265625e+00) (4, 1.16224549710750579834e-02) (5, -2.50265884399414062500e+00) (6, -2.30519223213195800781e+00) (0, 2.76464366912841796875e+00) (1, -4.14899826049804687500e+00) (2, -6.39805650711059570312e+00) (3, 4.04648113250732421875e+00) (4, -5.03802156448364257812e+00) (5, 1.97752628326416015625e+01) (6, 1.54437279701232910156e+00) (0, -2.42866587638854980469e+00) (1, -1.96820807456970214844e+00) (2, -1.58220183849334716797e+00) (3, 2.61153149604797363281e+00) (4, 4.12272632122039794922e-01) (5, 8.66813302040100097656e-01) (6, -2.71654820442199707031e+00) (0, -2.66005921363830566406e+00) (1, -2.66373324394226074219e+00) (2, -2.72385787963867187500e+00) (3, 9.10459578037261962891e-01) (4, 1.39096391201019287109e+00) (5, 4.57353782653808593750e+00) (6, -2.57326126098632812500e+00) (0, 2.70533728599548339844e+00) (1, -2.26460766792297363281e+00) (2, -2.34467649459838867188e+00) (3, 2.99355888366699218750e+00) (4, -1.15059721469879150391e+00) (5, 7.78937625885009765625e+00) (6, -5.39527893066406250000e+00) (0, -8.46185111999511718750e+00) (1, 8.19826364517211914062e-01) (2, 3.47123694419860839844e+00) (3, 5.79116153717041015625e+00) (4, -9.45411109924316406250e+00) (5, 2.47668814659118652344e+00) (6, 2.84022307395935058594e+00) (7, 2.56214737892150878906e+00) (8, 8.18933248519897460938e-01) (9, 3.78865742683410644531e+00) (10, -1.43830299377441406250e+00) (11, 4.40396696329116821289e-01) (12, 1.02819561958312988281e+00) (13, 2.14159369468688964844e+00) (14, -1.75799286365509033203e+00) (15, 1.92614644765853881836e-01) 
