FANN_FLO_2.1
num_layers=4
learning_rate=0.500000
connection_rate=1.000000
network_type=0
learning_momentum=0.000000
training_algorithm=2
train_error_function=1
train_stop_function=0
cascade_output_change_fraction=0.010000
quickprop_decay=-0.000100
quickprop_mu=1.750000
rprop_increase_factor=1.200000
rprop_decrease_factor=0.500000
rprop_delta_min=0.000000
rprop_delta_max=50.000000
rprop_delta_zero=0.100000
cascade_output_stagnation_epochs=12
cascade_candidate_change_fraction=0.010000
cascade_candidate_stagnation_epochs=12
cascade_max_out_epochs=150
cascade_min_out_epochs=50
cascade_max_cand_epochs=150
cascade_min_cand_epochs=50
cascade_num_candidate_groups=2
bit_fail_limit=3.49999994039535522461e-01
cascade_candidate_limit=1.00000000000000000000e+03
cascade_weight_multiplier=4.00000005960464477539e-01
cascade_activation_functions_count=10
cascade_activation_functions=3 5 7 8 10 11 14 15 16 17 
cascade_activation_steepnesses_count=4
cascade_activation_steepnesses=2.50000000000000000000e-01 5.00000000000000000000e-01 7.50000000000000000000e-01 1.00000000000000000000e+00 
layer_sizes=2 5 5 3 
scale_included=0
neurons (num_inputs, activation_function, activation_steepness)=(0, 0, 0.00000000000000000000e+00) (0, 0, 0.00000000000000000000e+00) (2, 3, 5.00000000000000000000e-01) (2, 3, 5.00000000000000000000e-01) (2, 3, 5.00000000000000000000e-01) (2, 3, 5.00000000000000000000e-01) (0, 3, 0.00000000000000000000e+00) (5, 3, 5.00000000000000000000e-01) (5, 3, 5.00000000000000000000e-01) (5, 3, 5.00000000000000000000e-01) (5, 3, 5.00000000000000000000e-01) (0, 3, 0.00000000000000000000e+00) (5, 0, 5.00000000000000000000e-01) (5, 0, 5.00000000000000000000e-01) (0, 0, 0.00000000000000000000e+00) 
connections (connected_to_neuron, weight)=(0, 1.38970060348510742188e+01) (1, -2.83371710777282714844e+00) (0, 1.73292446136474609375e+01) (1, -6.91151475906372070312e+00) (0, 1.40368013381958007812e+01) (1, -2.86532354354858398438e+00) (0, 1.79525547027587890625e+01) (1, -1.23184823989868164062e+00) (2, 1.71333387494087219238e-01) (3, 7.03813982009887695312e+00) (4, 1.53259217739105224609e-01) (5, -5.31668365001678466797e-01) (6, -2.96066194772720336914e-01) (2, 6.22774183750152587891e-01) (3, -9.64952373504638671875e+00) (4, 6.38336539268493652344e-01) (5, 1.35588657855987548828e+00) (6, 7.49172735214233398438e+00) (2, 8.39508891105651855469e-01) (3, -5.35195446014404296875e+00) (4, 8.29316020011901855469e-01) (5, 3.37126207351684570312e+00) (6, -8.26329588890075683594e-01) (2, -1.01839327812194824219e+00) (3, -2.93766069412231445312e+00) (4, -9.93495047092437744141e-01) (5, -7.31309175491333007812e-01) (6, 1.41491305828094482422e+00) (7, 1.86791276931762695312e+00) (8, -4.17797118425369262695e-01) (9, -2.67359685897827148438e+00) (10, 2.04324102401733398438e+00) (11, -5.37194609642028808594e-01) (7, -6.07260048389434814453e-01) (8, -1.04198241233825683594e+00) (9, 6.85651004314422607422e-01) (10, 5.04396629333496093750e+00) (11, -8.76598298549652099609e-01) 
