FANN_FLO_2.1
num_layers=3
learning_rate=0.500000
connection_rate=1.000000
network_type=0
learning_momentum=0.000000
training_algorithm=2
train_error_function=1
train_stop_function=0
cascade_output_change_fraction=0.010000
quickprop_decay=-0.000100
quickprop_mu=1.750000
rprop_increase_factor=1.200000
rprop_decrease_factor=0.500000
rprop_delta_min=0.000000
rprop_delta_max=50.000000
rprop_delta_zero=0.100000
cascade_output_stagnation_epochs=12
cascade_candidate_change_fraction=0.010000
cascade_candidate_stagnation_epochs=12
cascade_max_out_epochs=150
cascade_min_out_epochs=50
cascade_max_cand_epochs=150
cascade_min_cand_epochs=50
cascade_num_candidate_groups=2
bit_fail_limit=3.49999994039535522461e-01
cascade_candidate_limit=1.00000000000000000000e+03
cascade_weight_multiplier=4.00000005960464477539e-01
cascade_activation_functions_count=10
cascade_activation_functions=3 5 7 8 10 11 14 15 16 17 
cascade_activation_steepnesses_count=4
cascade_activation_steepnesses=2.50000000000000000000e-01 5.00000000000000000000e-01 7.50000000000000000000e-01 1.00000000000000000000e+00 
layer_sizes=10 5 2 
scale_included=0
neurons (num_inputs, activation_function, activation_steepness)=(0, 0, 0.00000000000000000000e+00) (0, 0, 0.00000000000000000000e+00) (0, 0, 0.00000000000000000000e+00) (0, 0, 0.00000000000000000000e+00) (0, 0, 0.00000000000000000000e+00) (0, 0, 0.00000000000000000000e+00) (0, 0, 0.00000000000000000000e+00) (0, 0, 0.00000000000000000000e+00) (0, 0, 0.00000000000000000000e+00) (0, 0, 0.00000000000000000000e+00) (10, 3, 5.00000000000000000000e-01) (10, 3, 5.00000000000000000000e-01) (10, 3, 5.00000000000000000000e-01) (10, 3, 5.00000000000000000000e-01) (0, 3, 0.00000000000000000000e+00) (5, 3, 5.00000000000000000000e-01) (0, 3, 0.00000000000000000000e+00) 
connections (connected_to_neuron, weight)=(0, 3.83123817443847656250e+01) (1, -1.45802557468414306641e+00) (2, -1.15158367156982421875e+00) (3, 1.83305144309997558594e+00) (4, -6.77552044391632080078e-01) (5, -1.33937942981719970703e+00) (6, -2.40783834457397460938e+00) (7, -8.62581920623779296875e+00) (8, -1.84465637207031250000e+01) (9, 1.50446325540542602539e-01) (0, 5.41026382446289062500e+01) (1, -1.26831531524658203125e+01) (2, -3.56463074684143066406e-01) (3, 1.37816011905670166016e+00) (4, -4.78228002786636352539e-01) (5, 1.08750677108764648438e+01) (6, -2.79297304153442382812e+00) (7, -6.92380428314208984375e+00) (8, -9.58210372924804687500e+00) (9, 2.59962844848632812500e+00) (0, -2.26402759552001953125e+00) (1, 3.15117144584655761719e+00) (2, 4.41660642623901367188e+00) (3, 2.63838768005371093750e+00) (4, 1.26925306320190429688e+01) (5, 2.24541187286376953125e+00) (6, -2.37959575653076171875e+00) (7, 2.93714523315429687500e-01) (8, -2.12623643875122070312e+00) (9, -4.48148202896118164062e+00) (0, 1.80853724479675292969e+00) (1, 2.21187877655029296875e+01) (2, 3.67764186859130859375e+00) (3, -2.63449192047119140625e-01) (4, 1.06903123855590820312e+00) (5, 8.64923149347305297852e-02) (6, -8.00528621673583984375e+00) (7, -4.63341474533081054688e+00) (8, -1.63721694946289062500e+01) (9, -1.65466451644897460938e+00) (10, -1.93374609947204589844e+00) (11, -1.59566748142242431641e+00) (12, 1.46697938442230224609e+00) (13, 3.40175175666809082031e+00) (14, -3.63724768161773681641e-01) 
