FANN_FLO_2.1
num_layers=4
learning_rate=0.400000
connection_rate=1.000000
network_type=0
learning_momentum=0.000000
training_algorithm=2
train_error_function=1
train_stop_function=0
cascade_output_change_fraction=0.010000
quickprop_decay=-0.000100
quickprop_mu=1.750000
rprop_increase_factor=1.200000
rprop_decrease_factor=0.500000
rprop_delta_min=0.000000
rprop_delta_max=50.000000
rprop_delta_zero=0.100000
cascade_output_stagnation_epochs=12
cascade_candidate_change_fraction=0.010000
cascade_candidate_stagnation_epochs=12
cascade_max_out_epochs=150
cascade_min_out_epochs=50
cascade_max_cand_epochs=150
cascade_min_cand_epochs=50
cascade_num_candidate_groups=2
bit_fail_limit=3.49999994039535522461e-01
cascade_candidate_limit=1.00000000000000000000e+03
cascade_weight_multiplier=4.00000005960464477539e-01
cascade_activation_functions_count=10
cascade_activation_functions=3 5 7 8 10 11 14 15 16 17 
cascade_activation_steepnesses_count=4
cascade_activation_steepnesses=2.50000000000000000000e-01 5.00000000000000000000e-01 7.50000000000000000000e-01 1.00000000000000000000e+00 
layer_sizes=7 5 5 2 
scale_included=0
neurons (num_inputs, activation_function, activation_steepness)=(0, 0, 0.00000000000000000000e+00) (0, 0, 0.00000000000000000000e+00) (0, 0, 0.00000000000000000000e+00) (0, 0, 0.00000000000000000000e+00) (0, 0, 0.00000000000000000000e+00) (0, 0, 0.00000000000000000000e+00) (0, 0, 0.00000000000000000000e+00) (7, 3, 5.00000000000000000000e-01) (7, 3, 5.00000000000000000000e-01) (7, 3, 5.00000000000000000000e-01) (7, 3, 5.00000000000000000000e-01) (0, 3, 0.00000000000000000000e+00) (5, 3, 5.00000000000000000000e-01) (5, 3, 5.00000000000000000000e-01) (5, 3, 5.00000000000000000000e-01) (5, 3, 5.00000000000000000000e-01) (0, 3, 0.00000000000000000000e+00) (5, 3, 5.00000000000000000000e-01) (0, 3, 0.00000000000000000000e+00) 
connections (connected_to_neuron, weight)=(0, -4.68925523757934570312e+00) (1, -1.00819788873195648193e-01) (2, 1.75745429992675781250e+01) (3, -7.93153381347656250000e+00) (4, -2.90170478820800781250e+00) (5, 8.89262795448303222656e-01) (6, 4.44886302947998046875e+00) (0, -1.45034094238281250000e+03) (1, -1.50000000000000000000e+03) (2, -1.47175988769531250000e+03) (3, -1.17346960449218750000e+03) (4, 1.37809887695312500000e+03) (5, 8.08230895996093750000e+02) (6, -2.39698009490966796875e+01) (0, -1.44690612792968750000e+03) (1, -1.49655505371093750000e+03) (2, 1.35307884216308593750e+00) (3, -1.23720703125000000000e+03) (4, 1.49808154296875000000e+03) (5, -1.47891894531250000000e+03) (6, 4.86966085433959960938e+00) (0, -1.47276782226562500000e+03) (1, -1.47276782226562500000e+03) (2, -1.47276782226562500000e+03) (3, 8.29638854980468750000e+02) (4, 7.68396545410156250000e+02) (5, 1.50000000000000000000e+03) (6, 3.29039955139160156250e+00) (7, 1.50000000000000000000e+03) (8, 5.20538452148437500000e+02) (9, 1.23582165527343750000e+03) (10, -7.19075822830200195312e+00) (11, -1.75885906219482421875e+01) (7, 1.10200683593750000000e+02) (8, -1.25624017715454101562e+01) (9, 4.70296722412109375000e+02) (10, -2.33766670227050781250e+01) (11, -6.13615083694458007812e+00) (7, -4.95211505889892578125e+00) (8, 5.20538452148437500000e+02) (9, 1.23582165527343750000e+03) (10, -2.68967795372009277344e+00) (11, 8.49458599090576171875e+00) (7, 2.69912281036376953125e+01) (8, 1.14443311691284179688e+01) (9, -1.84216766357421875000e+01) (10, 1.33793830871582031250e+01) (11, -6.05540752410888671875e+00) (12, -6.63680613040924072266e-01) (13, -7.20219075679779052734e-01) (14, -9.83588159084320068359e-01) (15, -4.84625756740570068359e-01) (16, -5.01782238483428955078e-01) 
