FANN_FLO_2.1
num_layers=4
learning_rate=0.500000
connection_rate=1.000000
network_type=0
learning_momentum=0.000000
training_algorithm=2
train_error_function=1
train_stop_function=0
cascade_output_change_fraction=0.010000
quickprop_decay=-0.000100
quickprop_mu=1.750000
rprop_increase_factor=1.200000
rprop_decrease_factor=0.500000
rprop_delta_min=0.000000
rprop_delta_max=50.000000
rprop_delta_zero=0.100000
cascade_output_stagnation_epochs=12
cascade_candidate_change_fraction=0.010000
cascade_candidate_stagnation_epochs=12
cascade_max_out_epochs=150
cascade_min_out_epochs=50
cascade_max_cand_epochs=150
cascade_min_cand_epochs=50
cascade_num_candidate_groups=2
bit_fail_limit=3.49999994039535522461e-01
cascade_candidate_limit=1.00000000000000000000e+03
cascade_weight_multiplier=4.00000005960464477539e-01
cascade_activation_functions_count=10
cascade_activation_functions=3 5 7 8 10 11 14 15 16 17 
cascade_activation_steepnesses_count=4
cascade_activation_steepnesses=2.50000000000000000000e-01 5.00000000000000000000e-01 7.50000000000000000000e-01 1.00000000000000000000e+00 
layer_sizes=2 5 5 3 
scale_included=0
neurons (num_inputs, activation_function, activation_steepness)=(0, 0, 0.00000000000000000000e+00) (0, 0, 0.00000000000000000000e+00) (2, 3, 5.00000000000000000000e-01) (2, 3, 5.00000000000000000000e-01) (2, 3, 5.00000000000000000000e-01) (2, 3, 5.00000000000000000000e-01) (0, 3, 0.00000000000000000000e+00) (5, 3, 5.00000000000000000000e-01) (5, 3, 5.00000000000000000000e-01) (5, 3, 5.00000000000000000000e-01) (5, 3, 5.00000000000000000000e-01) (0, 3, 0.00000000000000000000e+00) (5, 0, 5.00000000000000000000e-01) (5, 0, 5.00000000000000000000e-01) (0, 0, 0.00000000000000000000e+00) 
connections (connected_to_neuron, weight)=(0, 1.80933380126953125000e+01) (1, -3.03077459335327148438e+00) (0, 1.50000000000000000000e+03) (1, 6.25922889709472656250e+01) (0, 1.58377618789672851562e+01) (1, -4.66128826141357421875e+00) (0, 1.99475345611572265625e+01) (1, -2.57280397415161132812e+00) (2, -2.45462104678153991699e-01) (3, -1.59723550081253051758e-01) (4, -3.66625976562500000000e+00) (5, -3.31707334518432617188e+00) (6, 5.88181591033935546875e+00) (2, 1.50000000000000000000e+03) (3, 1.50000000000000000000e+03) (4, 1.50000000000000000000e+03) (5, 1.50000000000000000000e+03) (6, 1.05193090438842773438e+00) (2, -2.57524222135543823242e-01) (3, -1.51234054565429687500e+00) (4, -3.04459724426269531250e+01) (5, 2.98106250762939453125e+01) (6, -9.43874120712280273438e-01) (2, -1.15619277954101562500e+00) (3, 1.11158065497875213623e-01) (4, 4.49502646923065185547e-01) (5, -2.61299633979797363281e+00) (6, 1.71745979785919189453e+00) (7, -1.25746321678161621094e+00) (8, -6.56440734863281250000e-01) (9, -1.06210136413574218750e+00) (10, 2.50316166877746582031e+00) (11, 1.96917623281478881836e-01) (7, 3.18702244758605957031e+00) (8, -2.64083766937255859375e+00) (9, 1.06632605195045471191e-01) (10, 2.13234019279479980469e+00) (11, -3.55069756507873535156e-01) 
