FANN_FLO_2.1
num_layers=3
learning_rate=0.500000
connection_rate=1.000000
network_type=0
learning_momentum=0.000000
training_algorithm=2
train_error_function=1
train_stop_function=0
cascade_output_change_fraction=0.010000
quickprop_decay=-0.000100
quickprop_mu=1.750000
rprop_increase_factor=1.200000
rprop_decrease_factor=0.500000
rprop_delta_min=0.000000
rprop_delta_max=50.000000
rprop_delta_zero=0.100000
cascade_output_stagnation_epochs=12
cascade_candidate_change_fraction=0.010000
cascade_candidate_stagnation_epochs=12
cascade_max_out_epochs=150
cascade_min_out_epochs=50
cascade_max_cand_epochs=150
cascade_min_cand_epochs=50
cascade_num_candidate_groups=2
bit_fail_limit=3.49999994039535522461e-01
cascade_candidate_limit=1.00000000000000000000e+03
cascade_weight_multiplier=4.00000005960464477539e-01
cascade_activation_functions_count=10
cascade_activation_functions=3 5 7 8 10 11 14 15 16 17 
cascade_activation_steepnesses_count=4
cascade_activation_steepnesses=2.50000000000000000000e-01 5.00000000000000000000e-01 7.50000000000000000000e-01 1.00000000000000000000e+00 
layer_sizes=10 5 2 
scale_included=0
neurons (num_inputs, activation_function, activation_steepness)=(0, 0, 0.00000000000000000000e+00) (0, 0, 0.00000000000000000000e+00) (0, 0, 0.00000000000000000000e+00) (0, 0, 0.00000000000000000000e+00) (0, 0, 0.00000000000000000000e+00) (0, 0, 0.00000000000000000000e+00) (0, 0, 0.00000000000000000000e+00) (0, 0, 0.00000000000000000000e+00) (0, 0, 0.00000000000000000000e+00) (0, 0, 0.00000000000000000000e+00) (10, 3, 5.00000000000000000000e-01) (10, 3, 5.00000000000000000000e-01) (10, 3, 5.00000000000000000000e-01) (10, 3, 5.00000000000000000000e-01) (0, 3, 0.00000000000000000000e+00) (5, 3, 5.00000000000000000000e-01) (0, 3, 0.00000000000000000000e+00) 
connections (connected_to_neuron, weight)=(0, -1.66416732788085937500e+02) (1, -3.40586029052734375000e+02) (2, 3.19794067382812500000e+02) (3, 4.03472870588302612305e-01) (4, 6.00219726562500000000e-01) (5, 7.19260692596435546875e-01) (6, 6.81655585765838623047e-01) (7, 5.04947543144226074219e-01) (8, -4.06431585550308227539e-01) (9, 1.90955162048339843750e-01) (0, 3.56384068727493286133e-01) (1, 3.57168644666671752930e-01) (2, 7.40212768554687500000e+02) (3, 5.25024056434631347656e-01) (4, -1.73275634646415710449e-01) (5, -1.02389888763427734375e+01) (6, 4.83904552459716796875e+00) (7, -8.07550239562988281250e+00) (8, -1.49996081542968750000e+03) (9, 3.81637830287218093872e-03) (0, -1.67287918090820312500e+02) (1, -3.47759948730468750000e+02) (2, 3.24958770751953125000e+02) (3, 3.79931151866912841797e-01) (4, 6.75819516181945800781e-01) (5, 6.10476791858673095703e-01) (6, 8.00921797752380371094e-01) (7, 4.11589235067367553711e-01) (8, -5.85243821144104003906e-01) (9, 1.39390319585800170898e-01) (0, 1.31795001029968261719e+00) (1, 1.62411041259765625000e+01) (2, 5.48759984970092773438e+00) (3, 5.02803862094879150391e-01) (4, 6.52566528320312500000e+00) (5, 1.06367731094360351562e+01) (6, -2.21119189262390136719e+00) (7, -1.02937955856323242188e+01) (8, -2.40364780426025390625e+01) (9, -2.89257264137268066406e+00) (10, 1.74141299724578857422e+00) (11, -1.15893326699733734131e-01) (12, 1.78316712379455566406e+00) (13, 3.01959371566772460938e+00) (14, -2.03532934188842773438e+00) 
