FANN_FLO_2.1
num_layers=4
learning_rate=0.400000
connection_rate=1.000000
network_type=0
learning_momentum=0.000000
training_algorithm=2
train_error_function=1
train_stop_function=0
cascade_output_change_fraction=0.010000
quickprop_decay=-0.000100
quickprop_mu=1.750000
rprop_increase_factor=1.200000
rprop_decrease_factor=0.500000
rprop_delta_min=0.000000
rprop_delta_max=50.000000
rprop_delta_zero=0.100000
cascade_output_stagnation_epochs=12
cascade_candidate_change_fraction=0.010000
cascade_candidate_stagnation_epochs=12
cascade_max_out_epochs=150
cascade_min_out_epochs=50
cascade_max_cand_epochs=150
cascade_min_cand_epochs=50
cascade_num_candidate_groups=2
bit_fail_limit=3.49999994039535522461e-01
cascade_candidate_limit=1.00000000000000000000e+03
cascade_weight_multiplier=4.00000005960464477539e-01
cascade_activation_functions_count=10
cascade_activation_functions=3 5 7 8 10 11 14 15 16 17 
cascade_activation_steepnesses_count=4
cascade_activation_steepnesses=2.50000000000000000000e-01 5.00000000000000000000e-01 7.50000000000000000000e-01 1.00000000000000000000e+00 
layer_sizes=7 5 3 2 
scale_included=0
neurons (num_inputs, activation_function, activation_steepness)=(0, 0, 0.00000000000000000000e+00) (0, 0, 0.00000000000000000000e+00) (0, 0, 0.00000000000000000000e+00) (0, 0, 0.00000000000000000000e+00) (0, 0, 0.00000000000000000000e+00) (0, 0, 0.00000000000000000000e+00) (0, 0, 0.00000000000000000000e+00) (7, 3, 5.00000000000000000000e-01) (7, 3, 5.00000000000000000000e-01) (7, 3, 5.00000000000000000000e-01) (7, 3, 5.00000000000000000000e-01) (0, 3, 0.00000000000000000000e+00) (5, 3, 5.00000000000000000000e-01) (5, 3, 5.00000000000000000000e-01) (0, 3, 0.00000000000000000000e+00) (3, 3, 5.00000000000000000000e-01) (0, 3, 0.00000000000000000000e+00) 
connections (connected_to_neuron, weight)=(0, -1.61076793670654296875e+01) (1, 2.40537490844726562500e+01) (2, -1.47142381668090820312e+01) (3, -1.93933696746826171875e+01) (4, -1.92972552776336669922e+00) (5, 2.97382259368896484375e+00) (6, 8.83688354492187500000e+00) (0, -1.28398962402343750000e+03) (1, -5.35756408691406250000e+02) (2, 4.30511474609375000000e+00) (3, -1.50000000000000000000e+03) (4, 1.50000000000000000000e+03) (5, 9.58174255371093750000e+02) (6, 6.50800514221191406250e+00) (0, -5.62617349624633789062e+00) (1, -1.89623817801475524902e-01) (2, 5.61622905731201171875e+00) (3, -7.39463329315185546875e+00) (4, -3.40022182464599609375e+00) (5, 7.14408874511718750000e-01) (6, 7.32764339447021484375e+00) (0, -1.31403350830078125000e+00) (1, 1.71195182800292968750e+01) (2, 1.36079339981079101562e+01) (3, -1.58485851287841796875e+01) (4, -7.45671176910400390625e+00) (5, -1.56489956378936767578e+00) (6, -4.14120388031005859375e+00) (7, -4.51845645904541015625e+00) (8, -3.64604234695434570312e+00) (9, 4.04130783081054687500e+01) (10, -2.49247379302978515625e+01) (11, -1.63405656814575195312e-01) (7, 1.54686188697814941406e+00) (8, 7.68381357192993164062e-01) (9, 2.30748131871223449707e-01) (10, 2.98428010940551757812e+00) (11, -1.95948863029479980469e+00) (12, -1.36649203300476074219e+00) (13, -2.74172472953796386719e+00) (14, -3.55683267116546630859e-01) 
