FANN_FLO_2.1
num_layers=3
learning_rate=0.500000
connection_rate=1.000000
network_type=0
learning_momentum=0.000000
training_algorithm=2
train_error_function=1
train_stop_function=0
cascade_output_change_fraction=0.010000
quickprop_decay=-0.000100
quickprop_mu=1.750000
rprop_increase_factor=1.200000
rprop_decrease_factor=0.500000
rprop_delta_min=0.000000
rprop_delta_max=50.000000
rprop_delta_zero=0.100000
cascade_output_stagnation_epochs=12
cascade_candidate_change_fraction=0.010000
cascade_candidate_stagnation_epochs=12
cascade_max_out_epochs=150
cascade_min_out_epochs=50
cascade_max_cand_epochs=150
cascade_min_cand_epochs=50
cascade_num_candidate_groups=2
bit_fail_limit=3.49999994039535522461e-01
cascade_candidate_limit=1.00000000000000000000e+03
cascade_weight_multiplier=4.00000005960464477539e-01
cascade_activation_functions_count=10
cascade_activation_functions=3 5 7 8 10 11 14 15 16 17 
cascade_activation_steepnesses_count=4
cascade_activation_steepnesses=2.50000000000000000000e-01 5.00000000000000000000e-01 7.50000000000000000000e-01 1.00000000000000000000e+00 
layer_sizes=10 5 2 
scale_included=0
neurons (num_inputs, activation_function, activation_steepness)=(0, 0, 0.00000000000000000000e+00) (0, 0, 0.00000000000000000000e+00) (0, 0, 0.00000000000000000000e+00) (0, 0, 0.00000000000000000000e+00) (0, 0, 0.00000000000000000000e+00) (0, 0, 0.00000000000000000000e+00) (0, 0, 0.00000000000000000000e+00) (0, 0, 0.00000000000000000000e+00) (0, 0, 0.00000000000000000000e+00) (0, 0, 0.00000000000000000000e+00) (10, 3, 5.00000000000000000000e-01) (10, 3, 5.00000000000000000000e-01) (10, 3, 5.00000000000000000000e-01) (10, 3, 5.00000000000000000000e-01) (0, 3, 0.00000000000000000000e+00) (5, 3, 5.00000000000000000000e-01) (0, 3, 0.00000000000000000000e+00) 
connections (connected_to_neuron, weight)=(0, -8.90119743347167968750e+00) (1, 6.90586209297180175781e-01) (2, 2.36589059233665466309e-01) (3, 2.66421198844909667969e+00) (4, -1.09999561309814453125e+00) (5, 5.89832162857055664062e+00) (6, 1.52785134315490722656e+00) (7, -1.44757938385009765625e+00) (8, -1.39137239456176757812e+01) (9, 2.77027416229248046875e+00) (0, 1.13812150955200195312e+01) (1, 4.12396997213363647461e-01) (2, 8.17852592468261718750e+00) (3, 3.73605996370315551758e-01) (4, 2.67009687423706054688e+00) (5, -5.17756032943725585938e+00) (6, -1.21965026855468750000e+01) (7, 4.81113582849502563477e-01) (8, -1.71220092773437500000e+01) (9, 3.45125049352645874023e-01) (0, -3.03182572126388549805e-01) (1, -2.30782747268676757812e+00) (2, 5.51397895812988281250e+00) (3, 4.44422625005245208740e-02) (4, 1.69449195861816406250e+01) (5, -3.38175630569458007812e+00) (6, -1.08719682693481445312e+00) (7, -1.10870723724365234375e+01) (8, -9.92500960826873779297e-01) (9, 6.25474900007247924805e-02) (0, 1.50213346481323242188e+01) (1, -4.52882982790470123291e-02) (2, -8.40584814548492431641e-01) (3, 9.52055072784423828125e+00) (4, -1.69509798288345336914e-01) (5, -1.58383941650390625000e+01) (6, 8.61495399475097656250e+00) (7, -3.37348651885986328125e+00) (8, -8.68454456329345703125e+00) (9, 1.84186816215515136719e+00) (10, -1.51643431186676025391e+00) (11, 3.02030348777770996094e+00) (12, 2.87577486038208007812e+00) (13, -3.41548991203308105469e+00) (14, -2.68645256757736206055e-01) 
