FANN_FLO_2.1
num_layers=4
learning_rate=0.500000
connection_rate=1.000000
network_type=0
learning_momentum=0.000000
training_algorithm=2
train_error_function=1
train_stop_function=0
cascade_output_change_fraction=0.010000
quickprop_decay=-0.000100
quickprop_mu=1.750000
rprop_increase_factor=1.200000
rprop_decrease_factor=0.500000
rprop_delta_min=0.000000
rprop_delta_max=50.000000
rprop_delta_zero=0.100000
cascade_output_stagnation_epochs=12
cascade_candidate_change_fraction=0.010000
cascade_candidate_stagnation_epochs=12
cascade_max_out_epochs=150
cascade_min_out_epochs=50
cascade_max_cand_epochs=150
cascade_min_cand_epochs=50
cascade_num_candidate_groups=2
bit_fail_limit=3.49999994039535522461e-01
cascade_candidate_limit=1.00000000000000000000e+03
cascade_weight_multiplier=4.00000005960464477539e-01
cascade_activation_functions_count=10
cascade_activation_functions=3 5 7 8 10 11 14 15 16 17 
cascade_activation_steepnesses_count=4
cascade_activation_steepnesses=2.50000000000000000000e-01 5.00000000000000000000e-01 7.50000000000000000000e-01 1.00000000000000000000e+00 
layer_sizes=10 3 3 2 
scale_included=0
neurons (num_inputs, activation_function, activation_steepness)=(0, 0, 0.00000000000000000000e+00) (0, 0, 0.00000000000000000000e+00) (0, 0, 0.00000000000000000000e+00) (0, 0, 0.00000000000000000000e+00) (0, 0, 0.00000000000000000000e+00) (0, 0, 0.00000000000000000000e+00) (0, 0, 0.00000000000000000000e+00) (0, 0, 0.00000000000000000000e+00) (0, 0, 0.00000000000000000000e+00) (0, 0, 0.00000000000000000000e+00) (10, 3, 5.00000000000000000000e-01) (10, 3, 5.00000000000000000000e-01) (0, 3, 0.00000000000000000000e+00) (3, 3, 5.00000000000000000000e-01) (3, 3, 5.00000000000000000000e-01) (0, 3, 0.00000000000000000000e+00) (3, 3, 5.00000000000000000000e-01) (0, 3, 0.00000000000000000000e+00) 
connections (connected_to_neuron, weight)=(0, 1.89340579509735107422e+00) (1, -2.54895362854003906250e+01) (2, -2.95824928283691406250e+01) (3, -3.51614803075790405273e-01) (4, 1.27152423858642578125e+01) (5, -1.91891220092773437500e+02) (6, 3.99419999122619628906e+00) (7, -9.99950349330902099609e-01) (8, -3.14423614501953125000e+02) (9, 8.76545488834381103516e-01) (0, 7.73188099265098571777e-02) (1, -3.75394320487976074219e+00) (2, 9.17040586471557617188e-01) (3, -6.47693812847137451172e-01) (4, 4.19491672515869140625e+00) (5, -1.31141960620880126953e-01) (6, -6.26057267189025878906e-01) (7, -5.54455423355102539062e+00) (8, 1.77838242053985595703e+00) (9, 1.64612638950347900391e+00) (10, -1.61209547519683837891e+00) (11, -4.34904813766479492188e+00) (12, 2.72768545150756835938e+00) (10, -1.29473632812500000000e+03) (11, -9.29796504974365234375e+00) (12, 2.43366646766662597656e+00) (13, 2.14522480964660644531e+00) (14, -1.79962253570556640625e+01) (15, 3.80022823810577392578e-01) 
