FANN_FLO_2.1
num_layers=4
learning_rate=0.400000
connection_rate=1.000000
network_type=0
learning_momentum=0.000000
training_algorithm=2
train_error_function=1
train_stop_function=0
cascade_output_change_fraction=0.010000
quickprop_decay=-0.000100
quickprop_mu=1.750000
rprop_increase_factor=1.200000
rprop_decrease_factor=0.500000
rprop_delta_min=0.000000
rprop_delta_max=50.000000
rprop_delta_zero=0.100000
cascade_output_stagnation_epochs=12
cascade_candidate_change_fraction=0.010000
cascade_candidate_stagnation_epochs=12
cascade_max_out_epochs=150
cascade_min_out_epochs=50
cascade_max_cand_epochs=150
cascade_min_cand_epochs=50
cascade_num_candidate_groups=2
bit_fail_limit=3.49999994039535522461e-01
cascade_candidate_limit=1.00000000000000000000e+03
cascade_weight_multiplier=4.00000005960464477539e-01
cascade_activation_functions_count=10
cascade_activation_functions=3 5 7 8 10 11 14 15 16 17 
cascade_activation_steepnesses_count=4
cascade_activation_steepnesses=2.50000000000000000000e-01 5.00000000000000000000e-01 7.50000000000000000000e-01 1.00000000000000000000e+00 
layer_sizes=7 5 3 2 
scale_included=0
neurons (num_inputs, activation_function, activation_steepness)=(0, 0, 0.00000000000000000000e+00) (0, 0, 0.00000000000000000000e+00) (0, 0, 0.00000000000000000000e+00) (0, 0, 0.00000000000000000000e+00) (0, 0, 0.00000000000000000000e+00) (0, 0, 0.00000000000000000000e+00) (0, 0, 0.00000000000000000000e+00) (7, 3, 5.00000000000000000000e-01) (7, 3, 5.00000000000000000000e-01) (7, 3, 5.00000000000000000000e-01) (7, 3, 5.00000000000000000000e-01) (0, 3, 0.00000000000000000000e+00) (5, 3, 5.00000000000000000000e-01) (5, 3, 5.00000000000000000000e-01) (0, 3, 0.00000000000000000000e+00) (3, 3, 5.00000000000000000000e-01) (0, 3, 0.00000000000000000000e+00) 
connections (connected_to_neuron, weight)=(0, 2.85592079162597656250e+00) (1, -4.08007812500000000000e+00) (2, -1.93155968189239501953e+00) (3, -3.57807064056396484375e+00) (4, -7.89301991462707519531e-01) (5, 7.76547074317932128906e-01) (6, 2.92123699188232421875e+00) (0, -1.96484317779541015625e+01) (1, 8.01311111450195312500e+00) (2, 1.88436012268066406250e+01) (3, -6.11981315612792968750e+01) (4, -2.37859994173049926758e-01) (5, 3.02598476409912109375e+00) (6, 9.62787389755249023438e-01) (0, -5.63155174255371093750e+00) (1, 5.91356086730957031250e+00) (2, -1.16791689395904541016e+00) (3, 6.40216767787933349609e-01) (4, -1.87312781810760498047e-01) (5, -5.14903783798217773438e+00) (6, -2.72179871797561645508e-01) (0, -3.74605607986450195312e+00) (1, 8.13448429107666015625e+00) (2, -1.22709751129150390625e+01) (3, -2.24627184867858886719e+00) (4, -1.22634387016296386719e+00) (5, -7.70391368865966796875e+00) (6, 3.03141808509826660156e+00) (7, 7.34876823425292968750e+00) (8, -1.93802383422851562500e+02) (9, -5.25385141372680664062e+00) (10, 3.13440179824829101562e+00) (11, -2.51586771011352539062e+00) (7, 4.35761547088623046875e+00) (8, -1.91506087779998779297e+00) (9, 1.07347612380981445312e+01) (10, -5.08157777786254882812e+00) (11, -3.97084379196166992188e+00) (12, -1.28557908535003662109e+00) (13, -5.79503965377807617188e+00) (14, 9.63714323006570339203e-04) 
