FANN_FLO_2.1
num_layers=3
learning_rate=0.500000
connection_rate=1.000000
network_type=0
learning_momentum=0.000000
training_algorithm=2
train_error_function=1
train_stop_function=0
cascade_output_change_fraction=0.010000
quickprop_decay=-0.000100
quickprop_mu=1.750000
rprop_increase_factor=1.200000
rprop_decrease_factor=0.500000
rprop_delta_min=0.000000
rprop_delta_max=50.000000
rprop_delta_zero=0.100000
cascade_output_stagnation_epochs=12
cascade_candidate_change_fraction=0.010000
cascade_candidate_stagnation_epochs=12
cascade_max_out_epochs=150
cascade_min_out_epochs=50
cascade_max_cand_epochs=150
cascade_min_cand_epochs=50
cascade_num_candidate_groups=2
bit_fail_limit=3.49999994039535522461e-01
cascade_candidate_limit=1.00000000000000000000e+03
cascade_weight_multiplier=4.00000005960464477539e-01
cascade_activation_functions_count=10
cascade_activation_functions=3 5 7 8 10 11 14 15 16 17 
cascade_activation_steepnesses_count=4
cascade_activation_steepnesses=2.50000000000000000000e-01 5.00000000000000000000e-01 7.50000000000000000000e-01 1.00000000000000000000e+00 
layer_sizes=10 5 2 
scale_included=0
neurons (num_inputs, activation_function, activation_steepness)=(0, 0, 0.00000000000000000000e+00) (0, 0, 0.00000000000000000000e+00) (0, 0, 0.00000000000000000000e+00) (0, 0, 0.00000000000000000000e+00) (0, 0, 0.00000000000000000000e+00) (0, 0, 0.00000000000000000000e+00) (0, 0, 0.00000000000000000000e+00) (0, 0, 0.00000000000000000000e+00) (0, 0, 0.00000000000000000000e+00) (0, 0, 0.00000000000000000000e+00) (10, 3, 5.00000000000000000000e-01) (10, 3, 5.00000000000000000000e-01) (10, 3, 5.00000000000000000000e-01) (10, 3, 5.00000000000000000000e-01) (0, 3, 0.00000000000000000000e+00) (5, 3, 5.00000000000000000000e-01) (0, 3, 0.00000000000000000000e+00) 
connections (connected_to_neuron, weight)=(0, -2.72715306282043457031e+00) (1, -1.41350075602531433105e-01) (2, -5.41630125045776367188e+00) (3, -1.00282251834869384766e+00) (4, -2.28096222877502441406e+00) (5, -4.20785665512084960938e-01) (6, 1.04730272293090820312e+00) (7, 5.99503326416015625000e+00) (8, -1.32519841194152832031e-01) (9, 4.29307162761688232422e-01) (0, 1.81213867664337158203e+00) (1, 3.10927009582519531250e+00) (2, 1.02890539169311523438e+00) (3, 2.72000819677487015724e-04) (4, -9.01218509674072265625e+00) (5, -4.95071977376937866211e-01) (6, -2.36235070228576660156e+00) (7, 1.34917223453521728516e+00) (8, 2.19528722763061523438e+00) (9, 1.23600423336029052734e+00) (0, 8.23247015476226806641e-01) (1, 7.13334679603576660156e-01) (2, 2.45780444145202636719e+00) (3, 1.69062232971191406250e+01) (4, -6.46742296218872070312e+00) (5, -3.26727956533432006836e-01) (6, -1.33856220245361328125e+01) (7, -2.41389846801757812500e+00) (8, -1.78065121173858642578e+00) (9, 5.06373882293701171875e-01) (0, -3.80976653099060058594e+00) (1, 1.34271931648254394531e+00) (2, -9.34032201766967773438e-01) (3, -4.04059982299804687500e+00) (4, -2.93834567070007324219e+00) (5, -4.12104070186614990234e-01) (6, 2.86402821540832519531e+00) (7, 3.84488272666931152344e+00) (8, -1.29041478037834167480e-01) (9, 8.06789934635162353516e-01) (10, 2.10533952713012695312e+00) (11, 1.35570955276489257812e+00) (12, 2.99303412437438964844e+00) (13, 3.86296558380126953125e+00) (14, -3.41570544242858886719e+00) 
