FANN_FLO_2.1
num_layers=3
learning_rate=0.500000
connection_rate=1.000000
network_type=0
learning_momentum=0.000000
training_algorithm=2
train_error_function=1
train_stop_function=0
cascade_output_change_fraction=0.010000
quickprop_decay=-0.000100
quickprop_mu=1.750000
rprop_increase_factor=1.200000
rprop_decrease_factor=0.500000
rprop_delta_min=0.000000
rprop_delta_max=50.000000
rprop_delta_zero=0.100000
cascade_output_stagnation_epochs=12
cascade_candidate_change_fraction=0.010000
cascade_candidate_stagnation_epochs=12
cascade_max_out_epochs=150
cascade_min_out_epochs=50
cascade_max_cand_epochs=150
cascade_min_cand_epochs=50
cascade_num_candidate_groups=2
bit_fail_limit=3.49999994039535522461e-01
cascade_candidate_limit=1.00000000000000000000e+03
cascade_weight_multiplier=4.00000005960464477539e-01
cascade_activation_functions_count=10
cascade_activation_functions=3 5 7 8 10 11 14 15 16 17 
cascade_activation_steepnesses_count=4
cascade_activation_steepnesses=2.50000000000000000000e-01 5.00000000000000000000e-01 7.50000000000000000000e-01 1.00000000000000000000e+00 
layer_sizes=10 3 2 
scale_included=0
neurons (num_inputs, activation_function, activation_steepness)=(0, 0, 0.00000000000000000000e+00) (0, 0, 0.00000000000000000000e+00) (0, 0, 0.00000000000000000000e+00) (0, 0, 0.00000000000000000000e+00) (0, 0, 0.00000000000000000000e+00) (0, 0, 0.00000000000000000000e+00) (0, 0, 0.00000000000000000000e+00) (0, 0, 0.00000000000000000000e+00) (0, 0, 0.00000000000000000000e+00) (0, 0, 0.00000000000000000000e+00) (10, 3, 5.00000000000000000000e-01) (10, 3, 5.00000000000000000000e-01) (0, 3, 0.00000000000000000000e+00) (3, 3, 5.00000000000000000000e-01) (0, 3, 0.00000000000000000000e+00) 
connections (connected_to_neuron, weight)=(0, 1.32886302471160888672e+00) (1, 9.29575061798095703125e+00) (2, 6.49321413040161132812e+00) (3, -1.07633459568023681641e+00) (4, -8.27804851531982421875e+00) (5, 1.03158915042877197266e+00) (6, -1.77651143074035644531e+00) (7, 5.34188840538263320923e-03) (8, -7.99906206130981445312e+00) (9, -8.44555273652076721191e-02) (0, -2.21850466728210449219e+00) (1, -3.41592311859130859375e+00) (2, 1.24147481918334960938e+01) (3, 2.82284855842590332031e+00) (4, -1.04120092391967773438e+01) (5, -6.35298490524291992188e+00) (6, -8.73893499374389648438e-01) (7, 3.01752209663391113281e+00) (8, -2.63833373785018920898e-01) (9, 4.26549005508422851562e+00) (10, 5.89077472686767578125e+00) (11, -5.11743688583374023438e+00) (12, 1.45707964897155761719e-01) 
