FANN_FLO_2.1
num_layers=4
learning_rate=0.500000
connection_rate=1.000000
network_type=0
learning_momentum=0.000000
training_algorithm=2
train_error_function=1
train_stop_function=0
cascade_output_change_fraction=0.010000
quickprop_decay=-0.000100
quickprop_mu=1.750000
rprop_increase_factor=1.200000
rprop_decrease_factor=0.500000
rprop_delta_min=0.000000
rprop_delta_max=50.000000
rprop_delta_zero=0.100000
cascade_output_stagnation_epochs=12
cascade_candidate_change_fraction=0.010000
cascade_candidate_stagnation_epochs=12
cascade_max_out_epochs=150
cascade_min_out_epochs=50
cascade_max_cand_epochs=150
cascade_min_cand_epochs=50
cascade_num_candidate_groups=2
bit_fail_limit=3.49999994039535522461e-01
cascade_candidate_limit=1.00000000000000000000e+03
cascade_weight_multiplier=4.00000005960464477539e-01
cascade_activation_functions_count=10
cascade_activation_functions=3 5 7 8 10 11 14 15 16 17 
cascade_activation_steepnesses_count=4
cascade_activation_steepnesses=2.50000000000000000000e-01 5.00000000000000000000e-01 7.50000000000000000000e-01 1.00000000000000000000e+00 
layer_sizes=10 5 3 2 
scale_included=0
neurons (num_inputs, activation_function, activation_steepness)=(0, 0, 0.00000000000000000000e+00) (0, 0, 0.00000000000000000000e+00) (0, 0, 0.00000000000000000000e+00) (0, 0, 0.00000000000000000000e+00) (0, 0, 0.00000000000000000000e+00) (0, 0, 0.00000000000000000000e+00) (0, 0, 0.00000000000000000000e+00) (0, 0, 0.00000000000000000000e+00) (0, 0, 0.00000000000000000000e+00) (0, 0, 0.00000000000000000000e+00) (10, 3, 5.00000000000000000000e-01) (10, 3, 5.00000000000000000000e-01) (10, 3, 5.00000000000000000000e-01) (10, 3, 5.00000000000000000000e-01) (0, 3, 0.00000000000000000000e+00) (5, 3, 5.00000000000000000000e-01) (5, 3, 5.00000000000000000000e-01) (0, 3, 0.00000000000000000000e+00) (3, 3, 5.00000000000000000000e-01) (0, 3, 0.00000000000000000000e+00) 
connections (connected_to_neuron, weight)=(0, 2.34817981719970703125e+00) (1, -2.61513471603393554688e+00) (2, -4.01856193542480468750e+01) (3, -6.23413801193237304688e-01) (4, 2.94993038177490234375e+01) (5, 1.99819641113281250000e+01) (6, 7.66869401931762695312e+00) (7, -5.22646951675415039062e+00) (8, -4.87048110961914062500e+01) (9, 6.16127347946166992188e+00) (0, 1.50000000000000000000e+03) (1, 1.50000000000000000000e+03) (2, -1.61977756023406982422e+00) (3, 1.50000000000000000000e+03) (4, -6.07789218425750732422e-01) (5, 6.17551940917968750000e+02) (6, 1.50000000000000000000e+03) (7, -2.75540685653686523438e+00) (8, -3.21357154846191406250e+00) (9, 6.33369079589843750000e+02) (0, -7.21034145355224609375e+00) (1, -1.43194017410278320312e+01) (2, -7.98217916488647460938e+00) (3, 1.85556143522262573242e-01) (4, 3.36054253578186035156e+00) (5, -1.22805023193359375000e+00) (6, -1.07564687728881835938e+01) (7, 4.15199584960937500000e+01) (8, 7.59103238582611083984e-01) (9, 1.28268837928771972656e+00) (0, 3.82717347145080566406e+00) (1, 1.58935594558715820312e+01) (2, 1.87587475776672363281e+00) (3, -9.67565655708312988281e-01) (4, -5.27540063858032226562e+00) (5, 1.13593137264251708984e+00) (6, 1.13826553344726562500e+02) (7, -1.43566741943359375000e+02) (8, -2.12730383872985839844e+00) (9, 1.44182753562927246094e+00) (10, -1.50000000000000000000e+03) (11, -1.75353736877441406250e+01) (12, 2.90434989929199218750e+01) (13, -1.50000000000000000000e+03) (14, -7.39474010467529296875e+00) (10, -1.50000000000000000000e+03) (11, -2.34352359771728515625e+01) (12, 4.12005767822265625000e+01) (13, -1.50000000000000000000e+03) (14, -1.34915494918823242188e+01) (15, -1.66086614131927490234e+00) (16, -5.96328675746917724609e-01) (17, 3.88961553573608398438e-01) 
