FANN_FLO_2.1
num_layers=4
learning_rate=0.500000
connection_rate=1.000000
network_type=0
learning_momentum=0.000000
training_algorithm=2
train_error_function=1
train_stop_function=0
cascade_output_change_fraction=0.010000
quickprop_decay=-0.000100
quickprop_mu=1.750000
rprop_increase_factor=1.200000
rprop_decrease_factor=0.500000
rprop_delta_min=0.000000
rprop_delta_max=50.000000
rprop_delta_zero=0.100000
cascade_output_stagnation_epochs=12
cascade_candidate_change_fraction=0.010000
cascade_candidate_stagnation_epochs=12
cascade_max_out_epochs=150
cascade_min_out_epochs=50
cascade_max_cand_epochs=150
cascade_min_cand_epochs=50
cascade_num_candidate_groups=2
bit_fail_limit=3.49999994039535522461e-01
cascade_candidate_limit=1.00000000000000000000e+03
cascade_weight_multiplier=4.00000005960464477539e-01
cascade_activation_functions_count=10
cascade_activation_functions=3 5 7 8 10 11 14 15 16 17 
cascade_activation_steepnesses_count=4
cascade_activation_steepnesses=2.50000000000000000000e-01 5.00000000000000000000e-01 7.50000000000000000000e-01 1.00000000000000000000e+00 
layer_sizes=10 5 3 2 
scale_included=0
neurons (num_inputs, activation_function, activation_steepness)=(0, 0, 0.00000000000000000000e+00) (0, 0, 0.00000000000000000000e+00) (0, 0, 0.00000000000000000000e+00) (0, 0, 0.00000000000000000000e+00) (0, 0, 0.00000000000000000000e+00) (0, 0, 0.00000000000000000000e+00) (0, 0, 0.00000000000000000000e+00) (0, 0, 0.00000000000000000000e+00) (0, 0, 0.00000000000000000000e+00) (0, 0, 0.00000000000000000000e+00) (10, 3, 5.00000000000000000000e-01) (10, 3, 5.00000000000000000000e-01) (10, 3, 5.00000000000000000000e-01) (10, 3, 5.00000000000000000000e-01) (0, 3, 0.00000000000000000000e+00) (5, 3, 5.00000000000000000000e-01) (5, 3, 5.00000000000000000000e-01) (0, 3, 0.00000000000000000000e+00) (3, 3, 5.00000000000000000000e-01) (0, 3, 0.00000000000000000000e+00) 
connections (connected_to_neuron, weight)=(0, -9.58465874195098876953e-01) (1, 3.46789860725402832031e+00) (2, -1.13174314498901367188e+01) (3, -2.09295034408569335938e+00) (4, 6.36401534080505371094e-01) (5, 4.15356540679931640625e+00) (6, -6.07561588287353515625e-01) (7, 2.94699740409851074219e+00) (8, 4.16657149791717529297e-01) (9, 7.84544587135314941406e-01) (0, -1.19617617130279541016e+00) (1, 2.14094042778015136719e+00) (2, -8.04222583770751953125e+00) (3, -4.28094911575317382812e+00) (4, 3.39582204818725585938e+00) (5, 5.60280561447143554688e-01) (6, -1.53589427471160888672e+00) (7, 1.00279718637466430664e-01) (8, 5.96811234951019287109e-01) (9, 2.84233784675598144531e+00) (0, -5.68857192993164062500e+00) (1, 4.09663295745849609375e+00) (2, -2.24397063255310058594e-01) (3, -1.49817323684692382812e+00) (4, 1.87143874168395996094e+00) (5, 5.81872999668121337891e-01) (6, -1.77275371551513671875e+00) (7, -3.60345101356506347656e+00) (8, -6.51413738727569580078e-01) (9, 2.44538950920104980469e+00) (0, -4.74902868270874023438e+00) (1, 6.90661478042602539062e+00) (2, 2.09256434440612792969e+00) (3, -2.59717798233032226562e+00) (4, 6.06594383716583251953e-01) (5, 1.27061188220977783203e+00) (6, -1.91807568073272705078e+00) (7, -5.55636739730834960938e+00) (8, -6.26488089561462402344e-01) (9, 1.06474995613098144531e+00) (10, 4.33292388916015625000e+00) (11, 6.85023069381713867188e+00) (12, 6.88491058349609375000e+00) (13, 9.15962696075439453125e+00) (14, -5.70006465911865234375e+00) (10, 3.94490480422973632812e+00) (11, 7.61209058761596679688e+00) (12, 1.15805463790893554688e+01) (13, 6.51836776733398437500e+00) (14, -6.39179229736328125000e+00) (15, 1.22889769077301025391e+00) (16, 1.21587419509887695312e+00) (17, -1.56726634502410888672e+00) 
