FANN_FLO_2.1
num_layers=3
learning_rate=0.500000
connection_rate=1.000000
network_type=0
learning_momentum=0.000000
training_algorithm=2
train_error_function=1
train_stop_function=0
cascade_output_change_fraction=0.010000
quickprop_decay=-0.000100
quickprop_mu=1.750000
rprop_increase_factor=1.200000
rprop_decrease_factor=0.500000
rprop_delta_min=0.000000
rprop_delta_max=50.000000
rprop_delta_zero=0.100000
cascade_output_stagnation_epochs=12
cascade_candidate_change_fraction=0.010000
cascade_candidate_stagnation_epochs=12
cascade_max_out_epochs=150
cascade_min_out_epochs=50
cascade_max_cand_epochs=150
cascade_min_cand_epochs=50
cascade_num_candidate_groups=2
bit_fail_limit=3.49999994039535522461e-01
cascade_candidate_limit=1.00000000000000000000e+03
cascade_weight_multiplier=4.00000005960464477539e-01
cascade_activation_functions_count=10
cascade_activation_functions=3 5 7 8 10 11 14 15 16 17 
cascade_activation_steepnesses_count=4
cascade_activation_steepnesses=2.50000000000000000000e-01 5.00000000000000000000e-01 7.50000000000000000000e-01 1.00000000000000000000e+00 
layer_sizes=10 5 2 
scale_included=0
neurons (num_inputs, activation_function, activation_steepness)=(0, 0, 0.00000000000000000000e+00) (0, 0, 0.00000000000000000000e+00) (0, 0, 0.00000000000000000000e+00) (0, 0, 0.00000000000000000000e+00) (0, 0, 0.00000000000000000000e+00) (0, 0, 0.00000000000000000000e+00) (0, 0, 0.00000000000000000000e+00) (0, 0, 0.00000000000000000000e+00) (0, 0, 0.00000000000000000000e+00) (0, 0, 0.00000000000000000000e+00) (10, 3, 5.00000000000000000000e-01) (10, 3, 5.00000000000000000000e-01) (10, 3, 5.00000000000000000000e-01) (10, 3, 5.00000000000000000000e-01) (0, 3, 0.00000000000000000000e+00) (5, 3, 5.00000000000000000000e-01) (0, 3, 0.00000000000000000000e+00) 
connections (connected_to_neuron, weight)=(0, 6.91368722915649414062e+00) (1, 9.82657527923583984375e+00) (2, 1.41888923645019531250e+01) (3, -3.36224913597106933594e-01) (4, 2.08465075492858886719e+00) (5, -1.13712120056152343750e+00) (6, -1.76154727935791015625e+01) (7, -2.38603614270687103271e-02) (8, -1.96642379760742187500e+01) (9, -2.96361595392227172852e-01) (0, 5.08621788024902343750e+00) (1, 9.35133647918701171875e+00) (2, 6.38792753219604492188e+00) (3, -1.97348192334175109863e-01) (4, 1.40983495712280273438e+01) (5, 7.87938165664672851562e+00) (6, -1.59616088867187500000e+01) (7, 1.79118049144744873047e+00) (8, -2.04237613677978515625e+01) (9, -4.49209880828857421875e+00) (0, 2.85188388824462890625e+00) (1, 6.05969524383544921875e+00) (2, 1.92561607360839843750e+01) (3, -2.26730644702911376953e-01) (4, 6.06658458709716796875e-01) (5, 1.09399909973144531250e+01) (6, -6.08606815338134765625e+00) (7, -3.69730544090270996094e+00) (8, -2.35230789184570312500e+01) (9, -3.99627715349197387695e-01) (0, 8.00255680084228515625e+00) (1, 1.10807781219482421875e+01) (2, 1.99557552337646484375e+01) (3, -1.28683102130889892578e+00) (4, 9.86774802207946777344e-01) (5, -5.13653397560119628906e-01) (6, -2.13267402648925781250e+01) (7, -1.86287450790405273438e+00) (8, -2.40997581481933593750e+01) (9, -4.59466189146041870117e-01) (10, 7.92211890220642089844e-01) (11, 6.27747893333435058594e-01) (12, -3.32808852195739746094e+00) (13, 1.93021225929260253906e+00) (14, 8.73285591602325439453e-01) 
