FANN_FLO_2.1
num_layers=4
learning_rate=0.400000
connection_rate=1.000000
network_type=0
learning_momentum=0.000000
training_algorithm=2
train_error_function=1
train_stop_function=0
cascade_output_change_fraction=0.010000
quickprop_decay=-0.000100
quickprop_mu=1.750000
rprop_increase_factor=1.200000
rprop_decrease_factor=0.500000
rprop_delta_min=0.000000
rprop_delta_max=50.000000
rprop_delta_zero=0.100000
cascade_output_stagnation_epochs=12
cascade_candidate_change_fraction=0.010000
cascade_candidate_stagnation_epochs=12
cascade_max_out_epochs=150
cascade_min_out_epochs=50
cascade_max_cand_epochs=150
cascade_min_cand_epochs=50
cascade_num_candidate_groups=2
bit_fail_limit=3.49999994039535522461e-01
cascade_candidate_limit=1.00000000000000000000e+03
cascade_weight_multiplier=4.00000005960464477539e-01
cascade_activation_functions_count=10
cascade_activation_functions=3 5 7 8 10 11 14 15 16 17 
cascade_activation_steepnesses_count=4
cascade_activation_steepnesses=2.50000000000000000000e-01 5.00000000000000000000e-01 7.50000000000000000000e-01 1.00000000000000000000e+00 
layer_sizes=7 3 3 2 
scale_included=0
neurons (num_inputs, activation_function, activation_steepness)=(0, 0, 0.00000000000000000000e+00) (0, 0, 0.00000000000000000000e+00) (0, 0, 0.00000000000000000000e+00) (0, 0, 0.00000000000000000000e+00) (0, 0, 0.00000000000000000000e+00) (0, 0, 0.00000000000000000000e+00) (0, 0, 0.00000000000000000000e+00) (7, 3, 5.00000000000000000000e-01) (7, 3, 5.00000000000000000000e-01) (0, 3, 0.00000000000000000000e+00) (3, 3, 5.00000000000000000000e-01) (3, 3, 5.00000000000000000000e-01) (0, 3, 0.00000000000000000000e+00) (3, 3, 5.00000000000000000000e-01) (0, 3, 0.00000000000000000000e+00) 
connections (connected_to_neuron, weight)=(0, -2.59141635894775390625e+00) (1, 4.38562840223312377930e-01) (2, 3.50911796092987060547e-01) (3, -3.14102959632873535156e+00) (4, -9.14863109588623046875e-01) (5, 5.30243337154388427734e-01) (6, 5.54142713546752929688e-01) (0, -1.50000000000000000000e+03) (1, 1.49964318847656250000e+03) (2, 1.20656140136718750000e+03) (3, 1.40368026733398437500e+02) (4, -7.65800048828125000000e+02) (5, -1.38168737792968750000e+03) (6, 4.58784252405166625977e-01) (7, 1.11760969161987304688e+01) (8, 6.40800048828125000000e+02) (9, -5.35495710372924804688e+00) (7, 3.40581245422363281250e+01) (8, 6.40800048828125000000e+02) (9, -1.40441656112670898438e+00) (10, -4.05280017852783203125e+00) (11, -2.28156852722167968750e+00) (12, -6.16936147212982177734e-01) 
