FANN_FLO_2.1
num_layers=3
learning_rate=0.400000
connection_rate=1.000000
network_type=0
learning_momentum=0.000000
training_algorithm=2
train_error_function=1
train_stop_function=0
cascade_output_change_fraction=0.010000
quickprop_decay=-0.000100
quickprop_mu=1.750000
rprop_increase_factor=1.200000
rprop_decrease_factor=0.500000
rprop_delta_min=0.000000
rprop_delta_max=50.000000
rprop_delta_zero=0.100000
cascade_output_stagnation_epochs=12
cascade_candidate_change_fraction=0.010000
cascade_candidate_stagnation_epochs=12
cascade_max_out_epochs=150
cascade_min_out_epochs=50
cascade_max_cand_epochs=150
cascade_min_cand_epochs=50
cascade_num_candidate_groups=2
bit_fail_limit=3.49999994039535522461e-01
cascade_candidate_limit=1.00000000000000000000e+03
cascade_weight_multiplier=4.00000005960464477539e-01
cascade_activation_functions_count=10
cascade_activation_functions=3 5 7 8 10 11 14 15 16 17 
cascade_activation_steepnesses_count=4
cascade_activation_steepnesses=2.50000000000000000000e-01 5.00000000000000000000e-01 7.50000000000000000000e-01 1.00000000000000000000e+00 
layer_sizes=7 9 2 
scale_included=0
neurons (num_inputs, activation_function, activation_steepness)=(0, 0, 0.00000000000000000000e+00) (0, 0, 0.00000000000000000000e+00) (0, 0, 0.00000000000000000000e+00) (0, 0, 0.00000000000000000000e+00) (0, 0, 0.00000000000000000000e+00) (0, 0, 0.00000000000000000000e+00) (0, 0, 0.00000000000000000000e+00) (7, 3, 5.00000000000000000000e-01) (7, 3, 5.00000000000000000000e-01) (7, 3, 5.00000000000000000000e-01) (7, 3, 5.00000000000000000000e-01) (7, 3, 5.00000000000000000000e-01) (7, 3, 5.00000000000000000000e-01) (7, 3, 5.00000000000000000000e-01) (7, 3, 5.00000000000000000000e-01) (0, 3, 0.00000000000000000000e+00) (9, 3, 5.00000000000000000000e-01) (0, 3, 0.00000000000000000000e+00) 
connections (connected_to_neuron, weight)=(0, 1.94320011138916015625e+00) (1, 6.71650981903076171875e+00) (2, 6.60877990722656250000e+00) (3, -1.37239336967468261719e+00) (4, 5.77673196792602539062e-01) (5, -6.76180887222290039062e+00) (6, 4.15096551179885864258e-01) (0, 6.47867393493652343750e+00) (1, 1.46153688430786132812e+00) (2, -7.83863663673400878906e-01) (3, -2.54513740539550781250e+01) (4, 1.14368593692779541016e+00) (5, -1.26880824565887451172e+00) (6, 1.47125101089477539062e+01) (0, 3.01649165153503417969e+00) (1, -3.21979761123657226562e-01) (2, -7.60759878158569335938e+00) (3, -5.01021957397460937500e+00) (4, -3.74175071716308593750e+00) (5, 1.91231365203857421875e+01) (6, 3.11734771728515625000e+00) (0, 1.31162385940551757812e+01) (1, 6.52356433868408203125e+00) (2, 1.78966503143310546875e+01) (3, -1.39844532012939453125e+01) (4, 1.91453114151954650879e-01) (5, 1.05314850807189941406e+00) (6, 1.64156901836395263672e+00) (0, 3.37211227416992187500e+00) (1, -8.94910335540771484375e-01) (2, 1.79723724722862243652e-01) (3, -4.49989557266235351562e+00) (4, 5.10436916351318359375e+00) (5, 7.36719787120819091797e-01) (6, -2.38656902313232421875e+00) (0, 6.09337043762207031250e+00) (1, 4.64880132675170898438e+00) (2, 5.52092552185058593750e+00) (3, -5.48724842071533203125e+00) (4, 2.30572128295898437500e+00) (5, -8.60344600677490234375e+00) (6, 8.40384483337402343750e-01) (0, 4.48058462142944335938e+00) (1, -1.42555546760559082031e+00) (2, -1.12213981151580810547e+00) (3, 1.96127676963806152344e+00) (4, 3.74929356575012207031e+00) (5, 2.26543116569519042969e+00) (6, -1.50072729587554931641e+00) (0, 1.21118078231811523438e+01) (1, 3.93924665451049804688e+00) (2, 4.64801168441772460938e+00) (3, -2.42938590049743652344e+00) (4, -5.85586357116699218750e+00) (5, -2.23291850090026855469e+00) (6, 3.22697490453720092773e-01) (7, -6.56779468059539794922e-01) (8, -1.33138418197631835938e+00) (9, -6.18245244026184082031e-01) (10, -4.82097983360290527344e-01) (11, 2.53082203865051269531e+00) (12, -1.08208513259887695312e+00) (13, 2.25392961502075195312e+00) (14, -1.24203574657440185547e+00) (15, 6.38972222805023193359e-01) 
