FANN_FLO_2.1
num_layers=4
learning_rate=0.400000
connection_rate=1.000000
network_type=0
learning_momentum=0.000000
training_algorithm=2
train_error_function=1
train_stop_function=0
cascade_output_change_fraction=0.010000
quickprop_decay=-0.000100
quickprop_mu=1.750000
rprop_increase_factor=1.200000
rprop_decrease_factor=0.500000
rprop_delta_min=0.000000
rprop_delta_max=50.000000
rprop_delta_zero=0.100000
cascade_output_stagnation_epochs=12
cascade_candidate_change_fraction=0.010000
cascade_candidate_stagnation_epochs=12
cascade_max_out_epochs=150
cascade_min_out_epochs=50
cascade_max_cand_epochs=150
cascade_min_cand_epochs=50
cascade_num_candidate_groups=2
bit_fail_limit=3.49999994039535522461e-01
cascade_candidate_limit=1.00000000000000000000e+03
cascade_weight_multiplier=4.00000005960464477539e-01
cascade_activation_functions_count=10
cascade_activation_functions=3 5 7 8 10 11 14 15 16 17 
cascade_activation_steepnesses_count=4
cascade_activation_steepnesses=2.50000000000000000000e-01 5.00000000000000000000e-01 7.50000000000000000000e-01 1.00000000000000000000e+00 
layer_sizes=7 5 3 2 
scale_included=0
neurons (num_inputs, activation_function, activation_steepness)=(0, 0, 0.00000000000000000000e+00) (0, 0, 0.00000000000000000000e+00) (0, 0, 0.00000000000000000000e+00) (0, 0, 0.00000000000000000000e+00) (0, 0, 0.00000000000000000000e+00) (0, 0, 0.00000000000000000000e+00) (0, 0, 0.00000000000000000000e+00) (7, 3, 5.00000000000000000000e-01) (7, 3, 5.00000000000000000000e-01) (7, 3, 5.00000000000000000000e-01) (7, 3, 5.00000000000000000000e-01) (0, 3, 0.00000000000000000000e+00) (5, 3, 5.00000000000000000000e-01) (5, 3, 5.00000000000000000000e-01) (0, 3, 0.00000000000000000000e+00) (3, 3, 5.00000000000000000000e-01) (0, 3, 0.00000000000000000000e+00) 
connections (connected_to_neuron, weight)=(0, 1.80287895202636718750e+01) (1, -2.03960170745849609375e+01) (2, 3.19424200057983398438e+00) (3, -6.33970880508422851562e+00) (4, -7.18105554580688476562e-01) (5, 6.81234598159790039062e+00) (6, -3.45644021034240722656e+00) (0, -7.01067590713500976562e+00) (1, 1.94458198547363281250e+00) (2, 2.89785289764404296875e+01) (3, -1.64371240139007568359e+00) (4, 2.46507692337036132812e+00) (5, 2.52250518798828125000e+01) (6, -4.24117118120193481445e-01) (0, -1.11190443038940429688e+01) (1, 1.11420621871948242188e+01) (2, -6.55790233612060546875e+00) (3, -2.90993070602416992188e+00) (4, -1.28477585315704345703e+00) (5, -4.91785621643066406250e+00) (6, 6.67958498001098632812e-01) (0, -1.21157026290893554688e+01) (1, -4.17161226272583007812e+00) (2, 4.35545997619628906250e+01) (3, -4.94722634553909301758e-01) (4, -4.65196371078491210938e+00) (5, 4.27445459365844726562e+00) (6, 1.28815975189208984375e+01) (7, 1.50000000000000000000e+03) (8, -3.09767364501953125000e+02) (9, 8.88727600097656250000e+02) (10, 4.21550903320312500000e+02) (11, -3.13341569900512695312e+00) (7, 2.54468321800231933594e+00) (8, 2.63459503650665283203e-01) (9, 5.12262439727783203125e+00) (10, 7.13427007198333740234e-01) (11, -2.44940805435180664062e+00) (12, -4.96682375669479370117e-01) (13, -5.46886920928955078125e+00) (14, -4.16181802749633789062e-01) 
