FANN_FLO_2.1
num_layers=3
learning_rate=0.500000
connection_rate=1.000000
network_type=0
learning_momentum=0.000000
training_algorithm=2
train_error_function=1
train_stop_function=0
cascade_output_change_fraction=0.010000
quickprop_decay=-0.000100
quickprop_mu=1.750000
rprop_increase_factor=1.200000
rprop_decrease_factor=0.500000
rprop_delta_min=0.000000
rprop_delta_max=50.000000
rprop_delta_zero=0.100000
cascade_output_stagnation_epochs=12
cascade_candidate_change_fraction=0.010000
cascade_candidate_stagnation_epochs=12
cascade_max_out_epochs=150
cascade_min_out_epochs=50
cascade_max_cand_epochs=150
cascade_min_cand_epochs=50
cascade_num_candidate_groups=2
bit_fail_limit=3.49999994039535522461e-01
cascade_candidate_limit=1.00000000000000000000e+03
cascade_weight_multiplier=4.00000005960464477539e-01
cascade_activation_functions_count=10
cascade_activation_functions=3 5 7 8 10 11 14 15 16 17 
cascade_activation_steepnesses_count=4
cascade_activation_steepnesses=2.50000000000000000000e-01 5.00000000000000000000e-01 7.50000000000000000000e-01 1.00000000000000000000e+00 
layer_sizes=10 3 2 
scale_included=0
neurons (num_inputs, activation_function, activation_steepness)=(0, 0, 0.00000000000000000000e+00) (0, 0, 0.00000000000000000000e+00) (0, 0, 0.00000000000000000000e+00) (0, 0, 0.00000000000000000000e+00) (0, 0, 0.00000000000000000000e+00) (0, 0, 0.00000000000000000000e+00) (0, 0, 0.00000000000000000000e+00) (0, 0, 0.00000000000000000000e+00) (0, 0, 0.00000000000000000000e+00) (0, 0, 0.00000000000000000000e+00) (10, 3, 5.00000000000000000000e-01) (10, 3, 5.00000000000000000000e-01) (0, 3, 0.00000000000000000000e+00) (3, 3, 5.00000000000000000000e-01) (0, 3, 0.00000000000000000000e+00) 
connections (connected_to_neuron, weight)=(0, -3.54692888259887695312e+00) (1, -5.34134447574615478516e-01) (2, -3.99915051460266113281e+00) (3, -1.40887749195098876953e+00) (4, 1.58399019241333007812e+01) (5, 3.39148974418640136719e+00) (6, -1.21738348007202148438e+01) (7, 2.47448921203613281250e+00) (8, -4.43513488769531250000e+00) (9, 1.44882380962371826172e+00) (0, -1.27467465400695800781e+00) (1, -6.42892047762870788574e-02) (2, -6.68334627151489257812e+00) (3, -1.15595221519470214844e+00) (4, 1.57781171798706054688e+01) (5, 2.63976407051086425781e+00) (6, -1.29284591674804687500e+01) (7, 1.57187342643737792969e+00) (8, -2.28914690017700195312e+00) (9, 1.36897814273834228516e+00) (10, 1.83272099494934082031e+00) (11, 2.11249613761901855469e+00) (12, -3.02464556694030761719e+00) 
