FANN_FLO_2.1
num_layers=4
learning_rate=0.400000
connection_rate=1.000000
network_type=0
learning_momentum=0.000000
training_algorithm=2
train_error_function=1
train_stop_function=0
cascade_output_change_fraction=0.010000
quickprop_decay=-0.000100
quickprop_mu=1.750000
rprop_increase_factor=1.200000
rprop_decrease_factor=0.500000
rprop_delta_min=0.000000
rprop_delta_max=50.000000
rprop_delta_zero=0.100000
cascade_output_stagnation_epochs=12
cascade_candidate_change_fraction=0.010000
cascade_candidate_stagnation_epochs=12
cascade_max_out_epochs=150
cascade_min_out_epochs=50
cascade_max_cand_epochs=150
cascade_min_cand_epochs=50
cascade_num_candidate_groups=2
bit_fail_limit=3.49999994039535522461e-01
cascade_candidate_limit=1.00000000000000000000e+03
cascade_weight_multiplier=4.00000005960464477539e-01
cascade_activation_functions_count=10
cascade_activation_functions=3 5 7 8 10 11 14 15 16 17 
cascade_activation_steepnesses_count=4
cascade_activation_steepnesses=2.50000000000000000000e-01 5.00000000000000000000e-01 7.50000000000000000000e-01 1.00000000000000000000e+00 
layer_sizes=7 5 3 2 
scale_included=0
neurons (num_inputs, activation_function, activation_steepness)=(0, 0, 0.00000000000000000000e+00) (0, 0, 0.00000000000000000000e+00) (0, 0, 0.00000000000000000000e+00) (0, 0, 0.00000000000000000000e+00) (0, 0, 0.00000000000000000000e+00) (0, 0, 0.00000000000000000000e+00) (0, 0, 0.00000000000000000000e+00) (7, 3, 5.00000000000000000000e-01) (7, 3, 5.00000000000000000000e-01) (7, 3, 5.00000000000000000000e-01) (7, 3, 5.00000000000000000000e-01) (0, 3, 0.00000000000000000000e+00) (5, 3, 5.00000000000000000000e-01) (5, 3, 5.00000000000000000000e-01) (0, 3, 0.00000000000000000000e+00) (3, 3, 5.00000000000000000000e-01) (0, 3, 0.00000000000000000000e+00) 
connections (connected_to_neuron, weight)=(0, 1.96410247802734375000e+02) (1, 2.84203643798828125000e+02) (2, -1.50000000000000000000e+03) (3, -3.95812011718750000000e+02) (4, -1.32169170379638671875e+01) (5, -6.64407806396484375000e+01) (6, -3.05667996406555175781e+00) (0, -4.65369987487792968750e+00) (1, 2.05818557739257812500e+00) (2, -1.01355278491973876953e+00) (3, -1.36304378509521484375e+01) (4, -7.24368476867675781250e+00) (5, 4.91696566343307495117e-01) (6, 7.84770393371582031250e+00) (0, -7.82671630859375000000e+02) (1, 1.71110336303710937500e+02) (2, -1.44337792968750000000e+03) (3, 6.02462625503540039062e+00) (4, -5.48578186035156250000e+02) (5, 1.30749829101562500000e+03) (6, 5.82967185974121093750e+00) (0, -1.19689001464843750000e+03) (1, -7.54806457519531250000e+02) (2, -3.35834465026855468750e+01) (3, 7.54374145507812500000e+02) (4, 4.64872039794921875000e+02) (5, 1.20107458496093750000e+03) (6, -3.05159416198730468750e+01) (7, -1.32736978530883789062e+01) (8, 1.50000000000000000000e+03) (9, 4.98655548095703125000e+02) (10, -4.98911529541015625000e+02) (11, 5.95860242843627929688e-01) (7, -2.06318531036376953125e+01) (8, 1.50000000000000000000e+03) (9, 8.06689208984375000000e+02) (10, -8.01236145019531250000e+02) (11, 5.25050878524780273438e+00) (12, -1.09086394309997558594e+00) (13, -4.84626024961471557617e-01) (14, -1.39470922946929931641e+00) 
