FANN_FLO_2.1
num_layers=4
learning_rate=0.500000
connection_rate=1.000000
network_type=0
learning_momentum=0.000000
training_algorithm=2
train_error_function=1
train_stop_function=0
cascade_output_change_fraction=0.010000
quickprop_decay=-0.000100
quickprop_mu=1.750000
rprop_increase_factor=1.200000
rprop_decrease_factor=0.500000
rprop_delta_min=0.000000
rprop_delta_max=50.000000
rprop_delta_zero=0.100000
cascade_output_stagnation_epochs=12
cascade_candidate_change_fraction=0.010000
cascade_candidate_stagnation_epochs=12
cascade_max_out_epochs=150
cascade_min_out_epochs=50
cascade_max_cand_epochs=150
cascade_min_cand_epochs=50
cascade_num_candidate_groups=2
bit_fail_limit=3.49999994039535522461e-01
cascade_candidate_limit=1.00000000000000000000e+03
cascade_weight_multiplier=4.00000005960464477539e-01
cascade_activation_functions_count=10
cascade_activation_functions=3 5 7 8 10 11 14 15 16 17 
cascade_activation_steepnesses_count=4
cascade_activation_steepnesses=2.50000000000000000000e-01 5.00000000000000000000e-01 7.50000000000000000000e-01 1.00000000000000000000e+00 
layer_sizes=10 3 3 2 
scale_included=0
neurons (num_inputs, activation_function, activation_steepness)=(0, 0, 0.00000000000000000000e+00) (0, 0, 0.00000000000000000000e+00) (0, 0, 0.00000000000000000000e+00) (0, 0, 0.00000000000000000000e+00) (0, 0, 0.00000000000000000000e+00) (0, 0, 0.00000000000000000000e+00) (0, 0, 0.00000000000000000000e+00) (0, 0, 0.00000000000000000000e+00) (0, 0, 0.00000000000000000000e+00) (0, 0, 0.00000000000000000000e+00) (10, 3, 5.00000000000000000000e-01) (10, 3, 5.00000000000000000000e-01) (0, 3, 0.00000000000000000000e+00) (3, 3, 5.00000000000000000000e-01) (3, 3, 5.00000000000000000000e-01) (0, 3, 0.00000000000000000000e+00) (3, 3, 5.00000000000000000000e-01) (0, 3, 0.00000000000000000000e+00) 
connections (connected_to_neuron, weight)=(0, -8.91988635063171386719e-01) (1, 9.08813476562500000000e-01) (2, -2.11268329620361328125e+01) (3, 4.62731897830963134766e-01) (4, 4.02944517135620117188e+00) (5, 3.13277196884155273438e+00) (6, 1.14940953254699707031e+00) (7, 1.45718753337860107422e-01) (8, 5.40206432342529296875e+00) (9, 2.65937089920043945312e-01) (0, 3.52491831779479980469e+00) (1, 3.48600506782531738281e+00) (2, 1.15005874633789062500e+01) (3, -1.44158229231834411621e-01) (4, 1.45500034093856811523e-01) (5, 1.90565657615661621094e+00) (6, -9.91856670379638671875e+00) (7, -1.44033250808715820312e+01) (8, 4.37248229980468750000e+00) (9, -2.66489005088806152344e+00) (10, 9.24591350555419921875e+00) (11, 7.40171146392822265625e+00) (12, -4.06790733337402343750e+00) (10, 9.32764339447021484375e+00) (11, 1.00032520294189453125e+01) (12, -4.31169366836547851562e+00) (13, 1.05841743946075439453e+00) (14, 2.00756669044494628906e+00) (15, -2.17923951148986816406e+00) 
