FANN_FLO_2.1
num_layers=4
learning_rate=0.500000
connection_rate=1.000000
network_type=0
learning_momentum=0.000000
training_algorithm=2
train_error_function=1
train_stop_function=0
cascade_output_change_fraction=0.010000
quickprop_decay=-0.000100
quickprop_mu=1.750000
rprop_increase_factor=1.200000
rprop_decrease_factor=0.500000
rprop_delta_min=0.000000
rprop_delta_max=50.000000
rprop_delta_zero=0.100000
cascade_output_stagnation_epochs=12
cascade_candidate_change_fraction=0.010000
cascade_candidate_stagnation_epochs=12
cascade_max_out_epochs=150
cascade_min_out_epochs=50
cascade_max_cand_epochs=150
cascade_min_cand_epochs=50
cascade_num_candidate_groups=2
bit_fail_limit=3.49999994039535522461e-01
cascade_candidate_limit=1.00000000000000000000e+03
cascade_weight_multiplier=4.00000005960464477539e-01
cascade_activation_functions_count=10
cascade_activation_functions=3 5 7 8 10 11 14 15 16 17 
cascade_activation_steepnesses_count=4
cascade_activation_steepnesses=2.50000000000000000000e-01 5.00000000000000000000e-01 7.50000000000000000000e-01 1.00000000000000000000e+00 
layer_sizes=10 3 3 2 
scale_included=0
neurons (num_inputs, activation_function, activation_steepness)=(0, 0, 0.00000000000000000000e+00) (0, 0, 0.00000000000000000000e+00) (0, 0, 0.00000000000000000000e+00) (0, 0, 0.00000000000000000000e+00) (0, 0, 0.00000000000000000000e+00) (0, 0, 0.00000000000000000000e+00) (0, 0, 0.00000000000000000000e+00) (0, 0, 0.00000000000000000000e+00) (0, 0, 0.00000000000000000000e+00) (0, 0, 0.00000000000000000000e+00) (10, 3, 5.00000000000000000000e-01) (10, 3, 5.00000000000000000000e-01) (0, 3, 0.00000000000000000000e+00) (3, 3, 5.00000000000000000000e-01) (3, 3, 5.00000000000000000000e-01) (0, 3, 0.00000000000000000000e+00) (3, 3, 5.00000000000000000000e-01) (0, 3, 0.00000000000000000000e+00) 
connections (connected_to_neuron, weight)=(0, -1.66834726929664611816e-01) (1, -9.65875816345214843750e+00) (2, -1.14697456359863281250e+01) (3, 2.44019463658332824707e-01) (4, 2.73943233489990234375e+00) (5, 2.84675812721252441406e+00) (6, 3.70358824729919433594e-02) (7, 8.39445495605468750000e+00) (8, 1.48323078155517578125e+01) (9, -3.97487640380859375000e-01) (0, -3.04572749137878417969e+00) (1, 6.46333932876586914062e+00) (2, -2.14645409584045410156e+00) (3, -3.11520004272460937500e+00) (4, 3.86359786987304687500e+00) (5, -2.85439401865005493164e-01) (6, -2.72074294090270996094e+00) (7, 1.76396203041076660156e+00) (8, -2.11650419235229492188e+00) (9, 2.10490554571151733398e-01) (10, -1.02428312301635742188e+01) (11, 2.41219787597656250000e+01) (12, -1.53368234634399414062e-01) (10, -8.42571926116943359375e+00) (11, 1.06952991485595703125e+01) (12, 1.16469120979309082031e+00) (13, 1.63258123397827148438e+00) (14, 1.18460476398468017578e+00) (15, -1.91840410232543945312e+00) 
