FANN_FLO_2.1
num_layers=4
learning_rate=0.400000
connection_rate=1.000000
network_type=0
learning_momentum=0.000000
training_algorithm=2
train_error_function=1
train_stop_function=0
cascade_output_change_fraction=0.010000
quickprop_decay=-0.000100
quickprop_mu=1.750000
rprop_increase_factor=1.200000
rprop_decrease_factor=0.500000
rprop_delta_min=0.000000
rprop_delta_max=50.000000
rprop_delta_zero=0.100000
cascade_output_stagnation_epochs=12
cascade_candidate_change_fraction=0.010000
cascade_candidate_stagnation_epochs=12
cascade_max_out_epochs=150
cascade_min_out_epochs=50
cascade_max_cand_epochs=150
cascade_min_cand_epochs=50
cascade_num_candidate_groups=2
bit_fail_limit=3.49999994039535522461e-01
cascade_candidate_limit=1.00000000000000000000e+03
cascade_weight_multiplier=4.00000005960464477539e-01
cascade_activation_functions_count=10
cascade_activation_functions=3 5 7 8 10 11 14 15 16 17 
cascade_activation_steepnesses_count=4
cascade_activation_steepnesses=2.50000000000000000000e-01 5.00000000000000000000e-01 7.50000000000000000000e-01 1.00000000000000000000e+00 
layer_sizes=7 3 3 2 
scale_included=0
neurons (num_inputs, activation_function, activation_steepness)=(0, 0, 0.00000000000000000000e+00) (0, 0, 0.00000000000000000000e+00) (0, 0, 0.00000000000000000000e+00) (0, 0, 0.00000000000000000000e+00) (0, 0, 0.00000000000000000000e+00) (0, 0, 0.00000000000000000000e+00) (0, 0, 0.00000000000000000000e+00) (7, 3, 5.00000000000000000000e-01) (7, 3, 5.00000000000000000000e-01) (0, 3, 0.00000000000000000000e+00) (3, 3, 5.00000000000000000000e-01) (3, 3, 5.00000000000000000000e-01) (0, 3, 0.00000000000000000000e+00) (3, 3, 5.00000000000000000000e-01) (0, 3, 0.00000000000000000000e+00) 
connections (connected_to_neuron, weight)=(0, -5.05200624465942382812e+00) (1, 2.06929445266723632812e+00) (2, 4.99890899658203125000e+00) (3, -4.31120920181274414062e+00) (4, -1.41896474361419677734e+00) (5, 1.13050186634063720703e+00) (6, 3.27915978431701660156e+00) (0, -1.36930273437500000000e+03) (1, -6.85410995483398437500e+01) (2, 3.35612152099609375000e+02) (3, -4.85857269287109375000e+02) (4, 1.29742884635925292969e+00) (5, 1.40671887207031250000e+03) (6, 1.80330073833465576172e+00) (7, 9.26890468597412109375e+00) (8, -4.93394806981086730957e-02) (9, -3.54157280921936035156e+00) (7, 2.28363971710205078125e+01) (8, -8.96849918365478515625e+00) (9, -9.47027027606964111328e-01) (10, -1.72789108753204345703e+00) (11, -1.47866153717041015625e+00) (12, -4.48469489812850952148e-01) 
