FANN_FLO_2.1
num_layers=3
learning_rate=0.400000
connection_rate=1.000000
network_type=0
learning_momentum=0.000000
training_algorithm=2
train_error_function=1
train_stop_function=0
cascade_output_change_fraction=0.010000
quickprop_decay=-0.000100
quickprop_mu=1.750000
rprop_increase_factor=1.200000
rprop_decrease_factor=0.500000
rprop_delta_min=0.000000
rprop_delta_max=50.000000
rprop_delta_zero=0.100000
cascade_output_stagnation_epochs=12
cascade_candidate_change_fraction=0.010000
cascade_candidate_stagnation_epochs=12
cascade_max_out_epochs=150
cascade_min_out_epochs=50
cascade_max_cand_epochs=150
cascade_min_cand_epochs=50
cascade_num_candidate_groups=2
bit_fail_limit=3.49999994039535522461e-01
cascade_candidate_limit=1.00000000000000000000e+03
cascade_weight_multiplier=4.00000005960464477539e-01
cascade_activation_functions_count=10
cascade_activation_functions=3 5 7 8 10 11 14 15 16 17 
cascade_activation_steepnesses_count=4
cascade_activation_steepnesses=2.50000000000000000000e-01 5.00000000000000000000e-01 7.50000000000000000000e-01 1.00000000000000000000e+00 
layer_sizes=7 5 2 
scale_included=0
neurons (num_inputs, activation_function, activation_steepness)=(0, 0, 0.00000000000000000000e+00) (0, 0, 0.00000000000000000000e+00) (0, 0, 0.00000000000000000000e+00) (0, 0, 0.00000000000000000000e+00) (0, 0, 0.00000000000000000000e+00) (0, 0, 0.00000000000000000000e+00) (0, 0, 0.00000000000000000000e+00) (7, 3, 5.00000000000000000000e-01) (7, 3, 5.00000000000000000000e-01) (7, 3, 5.00000000000000000000e-01) (7, 3, 5.00000000000000000000e-01) (0, 3, 0.00000000000000000000e+00) (5, 3, 5.00000000000000000000e-01) (0, 3, 0.00000000000000000000e+00) 
connections (connected_to_neuron, weight)=(0, -5.15068483352661132812e+00) (1, 1.72717547416687011719e+00) (2, 1.01871883869171142578e+00) (3, -2.45642776489257812500e+01) (4, 1.88567340373992919922e+00) (5, 5.12935733795166015625e+00) (6, 1.31207389831542968750e+01) (0, 8.74445438385009765625e+00) (1, 2.58484172821044921875e+00) (2, 3.84136009216308593750e+00) (3, -4.02852106094360351562e+00) (4, 2.52998495101928710938e+00) (5, -9.68899822235107421875e+00) (6, 1.72417366504669189453e+00) (0, -1.17450392246246337891e+00) (1, -1.29122400283813476562e+00) (2, 8.13190817832946777344e-01) (3, -4.29120969772338867188e+00) (4, 3.69056582450866699219e+00) (5, 2.21793130040168762207e-01) (6, 8.89209210872650146484e-01) (0, 6.27575731277465820312e+00) (1, 2.48583865165710449219e+00) (2, 1.50231285095214843750e+01) (3, -3.87020325660705566406e+00) (4, -9.20798480510711669922e-01) (5, -1.79133260250091552734e+00) (6, -2.34679222106933593750e+00) (7, -2.08109951019287109375e+00) (8, -1.17942070960998535156e+00) (9, 3.64388799667358398438e+00) (10, -1.39824819564819335938e+00) (11, 1.23763382434844970703e+00) 
