FANN_FLO_2.1
num_layers=3
learning_rate=0.400000
connection_rate=1.000000
network_type=0
learning_momentum=0.000000
training_algorithm=2
train_error_function=1
train_stop_function=0
cascade_output_change_fraction=0.010000
quickprop_decay=-0.000100
quickprop_mu=1.750000
rprop_increase_factor=1.200000
rprop_decrease_factor=0.500000
rprop_delta_min=0.000000
rprop_delta_max=50.000000
rprop_delta_zero=0.100000
cascade_output_stagnation_epochs=12
cascade_candidate_change_fraction=0.010000
cascade_candidate_stagnation_epochs=12
cascade_max_out_epochs=150
cascade_min_out_epochs=50
cascade_max_cand_epochs=150
cascade_min_cand_epochs=50
cascade_num_candidate_groups=2
bit_fail_limit=3.49999994039535522461e-01
cascade_candidate_limit=1.00000000000000000000e+03
cascade_weight_multiplier=4.00000005960464477539e-01
cascade_activation_functions_count=10
cascade_activation_functions=3 5 7 8 10 11 14 15 16 17 
cascade_activation_steepnesses_count=4
cascade_activation_steepnesses=2.50000000000000000000e-01 5.00000000000000000000e-01 7.50000000000000000000e-01 1.00000000000000000000e+00 
layer_sizes=7 9 2 
scale_included=0
neurons (num_inputs, activation_function, activation_steepness)=(0, 0, 0.00000000000000000000e+00) (0, 0, 0.00000000000000000000e+00) (0, 0, 0.00000000000000000000e+00) (0, 0, 0.00000000000000000000e+00) (0, 0, 0.00000000000000000000e+00) (0, 0, 0.00000000000000000000e+00) (0, 0, 0.00000000000000000000e+00) (7, 3, 5.00000000000000000000e-01) (7, 3, 5.00000000000000000000e-01) (7, 3, 5.00000000000000000000e-01) (7, 3, 5.00000000000000000000e-01) (7, 3, 5.00000000000000000000e-01) (7, 3, 5.00000000000000000000e-01) (7, 3, 5.00000000000000000000e-01) (7, 3, 5.00000000000000000000e-01) (0, 3, 0.00000000000000000000e+00) (9, 3, 5.00000000000000000000e-01) (0, 3, 0.00000000000000000000e+00) 
connections (connected_to_neuron, weight)=(0, -5.57332611083984375000e+00) (1, 4.38371038436889648438e+00) (2, 5.11451148986816406250e+00) (3, -5.91711997985839843750e-01) (4, -1.04747271537780761719e+00) (5, -9.79634952545166015625e+00) (6, 5.42442858219146728516e-01) (0, -3.61067429184913635254e-02) (1, -3.20213198661804199219e-01) (2, 1.01920700073242187500e+01) (3, -8.77801322937011718750e+00) (4, -4.13078641891479492188e+00) (5, 5.51203107833862304688e+00) (6, 3.14040809869766235352e-01) (0, -4.30984544754028320312e+00) (1, -7.05261135101318359375e+00) (2, -7.96428918838500976562e+00) (3, 3.14623546600341796875e+00) (4, 4.25374603271484375000e+00) (5, 3.09900671243667602539e-01) (6, 9.98810529708862304688e-02) (0, -8.38286578655242919922e-01) (1, -4.02671456336975097656e-01) (2, 7.33558082580566406250e+00) (3, -6.52881383895874023438e-01) (4, -4.71280008554458618164e-01) (5, -1.27507448196411132812e+00) (6, 6.64311230182647705078e-01) (0, -1.63906991481781005859e+00) (1, -7.22804355621337890625e+00) (2, 5.06075429916381835938e+00) (3, -1.06761944293975830078e+00) (4, -1.30979239940643310547e-01) (5, 7.59585666656494140625e+00) (6, 1.72857296466827392578e+00) (0, -8.57817471027374267578e-01) (1, -8.67485165596008300781e-01) (2, -3.25670337677001953125e+00) (3, -1.46457014083862304688e+01) (4, 4.32303190231323242188e+00) (5, -2.34451246261596679688e+00) (6, 9.49876606464385986328e-01) (0, 2.50388193130493164062e+00) (1, 4.78622555732727050781e-01) (2, 2.61056976318359375000e+01) (3, -6.51226329803466796875e+00) (4, -2.54219222068786621094e+00) (5, 8.20372164249420166016e-01) (6, 1.82004535198211669922e+00) (0, 7.10283803939819335938e+00) (1, -9.67537879943847656250e+00) (2, 1.97334804534912109375e+01) (3, -2.56600785255432128906e+00) (4, -1.05894374847412109375e+00) (5, -3.18234443664550781250e+00) (6, 4.77705717086791992188e+00) (7, -1.16279172897338867188e+01) (8, -1.10127377510070800781e+00) (9, -9.03564751148223876953e-01) (10, 1.13355731964111328125e+01) (11, -2.39245843887329101562e+00) (12, -8.60560595989227294922e-01) (13, -5.12919783592224121094e-01) (14, -3.01665997505187988281e+00) (15, -2.83377736806869506836e-01) 
