FANN_FLO_2.1
num_layers=3
learning_rate=0.500000
connection_rate=1.000000
network_type=0
learning_momentum=0.000000
training_algorithm=2
train_error_function=1
train_stop_function=0
cascade_output_change_fraction=0.010000
quickprop_decay=-0.000100
quickprop_mu=1.750000
rprop_increase_factor=1.200000
rprop_decrease_factor=0.500000
rprop_delta_min=0.000000
rprop_delta_max=50.000000
rprop_delta_zero=0.100000
cascade_output_stagnation_epochs=12
cascade_candidate_change_fraction=0.010000
cascade_candidate_stagnation_epochs=12
cascade_max_out_epochs=150
cascade_min_out_epochs=50
cascade_max_cand_epochs=150
cascade_min_cand_epochs=50
cascade_num_candidate_groups=2
bit_fail_limit=3.49999994039535522461e-01
cascade_candidate_limit=1.00000000000000000000e+03
cascade_weight_multiplier=4.00000005960464477539e-01
cascade_activation_functions_count=10
cascade_activation_functions=3 5 7 8 10 11 14 15 16 17 
cascade_activation_steepnesses_count=4
cascade_activation_steepnesses=2.50000000000000000000e-01 5.00000000000000000000e-01 7.50000000000000000000e-01 1.00000000000000000000e+00 
layer_sizes=10 5 2 
scale_included=0
neurons (num_inputs, activation_function, activation_steepness)=(0, 0, 0.00000000000000000000e+00) (0, 0, 0.00000000000000000000e+00) (0, 0, 0.00000000000000000000e+00) (0, 0, 0.00000000000000000000e+00) (0, 0, 0.00000000000000000000e+00) (0, 0, 0.00000000000000000000e+00) (0, 0, 0.00000000000000000000e+00) (0, 0, 0.00000000000000000000e+00) (0, 0, 0.00000000000000000000e+00) (0, 0, 0.00000000000000000000e+00) (10, 3, 5.00000000000000000000e-01) (10, 3, 5.00000000000000000000e-01) (10, 3, 5.00000000000000000000e-01) (10, 3, 5.00000000000000000000e-01) (0, 3, 0.00000000000000000000e+00) (5, 3, 5.00000000000000000000e-01) (0, 3, 0.00000000000000000000e+00) 
connections (connected_to_neuron, weight)=(0, -1.73463840484619140625e+01) (1, -3.67190808057785034180e-01) (2, 8.59307765960693359375e-01) (3, -3.66390407085418701172e-01) (4, 9.70291733741760253906e-01) (5, 3.27650934457778930664e-01) (6, -6.20780801773071289062e+00) (7, 7.17080295085906982422e-01) (8, 1.99452191591262817383e-01) (9, 1.00843596458435058594e+00) (0, -3.52122116088867187500e+00) (1, 6.27804517745971679688e+00) (2, 1.92308795452117919922e+00) (3, -5.59929704666137695312e+00) (4, 2.00094032287597656250e+00) (5, -9.75095212459564208984e-01) (6, 3.42398381233215332031e+00) (7, -1.09980165958404541016e+00) (8, -1.50216090679168701172e+00) (9, -3.01498055458068847656e-01) (0, 8.13864612579345703125e+00) (1, 2.84078896045684814453e-01) (2, 9.40927505493164062500e-01) (3, 9.98036766052246093750e+00) (4, 1.44904863834381103516e+00) (5, -8.02687835693359375000e+00) (6, -5.76945447921752929688e+00) (7, -4.54656243324279785156e-01) (8, -1.46550369262695312500e+01) (9, 3.76610845327377319336e-01) (0, -8.98845672607421875000e-01) (1, -5.73080599308013916016e-01) (2, 1.13121247291564941406e+00) (3, -4.32218837738037109375e+00) (4, -7.96544075012207031250e-01) (5, 1.02117216587066650391e+00) (6, 4.92192840576171875000e+00) (7, -1.85322415828704833984e+00) (8, -7.37903690338134765625e+00) (9, 1.42118656635284423828e+00) (10, 4.18589258193969726562e+00) (11, -2.88758063316345214844e+00) (12, 3.30269598960876464844e+00) (13, -2.67372369766235351562e+00) (14, 4.18406277894973754883e-01) 
