FANN_FLO_2.1
num_layers=4
learning_rate=0.400000
connection_rate=1.000000
network_type=0
learning_momentum=0.000000
training_algorithm=2
train_error_function=1
train_stop_function=0
cascade_output_change_fraction=0.010000
quickprop_decay=-0.000100
quickprop_mu=1.750000
rprop_increase_factor=1.200000
rprop_decrease_factor=0.500000
rprop_delta_min=0.000000
rprop_delta_max=50.000000
rprop_delta_zero=0.100000
cascade_output_stagnation_epochs=12
cascade_candidate_change_fraction=0.010000
cascade_candidate_stagnation_epochs=12
cascade_max_out_epochs=150
cascade_min_out_epochs=50
cascade_max_cand_epochs=150
cascade_min_cand_epochs=50
cascade_num_candidate_groups=2
bit_fail_limit=3.49999994039535522461e-01
cascade_candidate_limit=1.00000000000000000000e+03
cascade_weight_multiplier=4.00000005960464477539e-01
cascade_activation_functions_count=10
cascade_activation_functions=3 5 7 8 10 11 14 15 16 17 
cascade_activation_steepnesses_count=4
cascade_activation_steepnesses=2.50000000000000000000e-01 5.00000000000000000000e-01 7.50000000000000000000e-01 1.00000000000000000000e+00 
layer_sizes=7 5 5 2 
scale_included=0
neurons (num_inputs, activation_function, activation_steepness)=(0, 0, 0.00000000000000000000e+00) (0, 0, 0.00000000000000000000e+00) (0, 0, 0.00000000000000000000e+00) (0, 0, 0.00000000000000000000e+00) (0, 0, 0.00000000000000000000e+00) (0, 0, 0.00000000000000000000e+00) (0, 0, 0.00000000000000000000e+00) (7, 3, 5.00000000000000000000e-01) (7, 3, 5.00000000000000000000e-01) (7, 3, 5.00000000000000000000e-01) (7, 3, 5.00000000000000000000e-01) (0, 3, 0.00000000000000000000e+00) (5, 3, 5.00000000000000000000e-01) (5, 3, 5.00000000000000000000e-01) (5, 3, 5.00000000000000000000e-01) (5, 3, 5.00000000000000000000e-01) (0, 3, 0.00000000000000000000e+00) (5, 3, 5.00000000000000000000e-01) (0, 3, 0.00000000000000000000e+00) 
connections (connected_to_neuron, weight)=(0, -1.28038358688354492188e+00) (1, -2.17595691680908203125e+01) (2, -2.64898185729980468750e+01) (3, -6.43560075759887695312e+00) (4, -2.76159501075744628906e+00) (5, 2.56998100280761718750e+01) (6, -1.22747831344604492188e+01) (0, -8.06978130340576171875e+00) (1, 5.71266889572143554688e+00) (2, -1.44049024581909179688e+00) (3, -2.72010064125061035156e+00) (4, -1.18373608589172363281e+00) (5, -1.50000000000000000000e+03) (6, 1.42664837837219238281e+00) (0, -2.39350223541259765625e+00) (1, -2.46696606278419494629e-01) (2, -2.61772322654724121094e+00) (3, -2.86687207221984863281e+00) (4, -1.01769781112670898438e+00) (5, 3.23132604360580444336e-01) (6, 1.49887096881866455078e+00) (0, 9.94287371635437011719e-01) (1, -4.30340433120727539062e+00) (2, 2.52448320388793945312e-01) (3, -4.46171283721923828125e+00) (4, -1.36809837818145751953e+00) (5, 4.35365343093872070312e+00) (6, -6.64380133152008056641e-01) (7, 5.43527936935424804688e+00) (8, 1.91394767761230468750e+01) (9, -1.78678035736083984375e+01) (10, 7.62963819503784179688e+00) (11, -1.01097035408020019531e+00) (7, 4.50549125671386718750e-01) (8, 6.38053083419799804688e+00) (9, 1.12118797302246093750e+01) (10, -1.72790396213531494141e+00) (11, -2.17572450637817382812e+00) (7, -9.14796531200408935547e-01) (8, -2.16101894378662109375e+01) (9, -1.95544395446777343750e+01) (10, 1.11929960250854492188e+01) (11, -1.63477504253387451172e+00) (7, -2.89747905731201171875e+01) (8, 2.04762477874755859375e+01) (9, 7.85468063354492187500e+01) (10, -1.11583006381988525391e+00) (11, -5.80902481079101562500e+00) (12, -3.30116128921508789062e+00) (13, -1.10128593444824218750e+00) (14, -6.53404188156127929688e+00) (15, -1.01091933250427246094e+00) (16, 1.26049518585205078125e-01) 
