FANN_FLO_2.1
num_layers=3
learning_rate=0.400000
connection_rate=1.000000
network_type=0
learning_momentum=0.000000
training_algorithm=2
train_error_function=1
train_stop_function=0
cascade_output_change_fraction=0.010000
quickprop_decay=-0.000100
quickprop_mu=1.750000
rprop_increase_factor=1.200000
rprop_decrease_factor=0.500000
rprop_delta_min=0.000000
rprop_delta_max=50.000000
rprop_delta_zero=0.100000
cascade_output_stagnation_epochs=12
cascade_candidate_change_fraction=0.010000
cascade_candidate_stagnation_epochs=12
cascade_max_out_epochs=150
cascade_min_out_epochs=50
cascade_max_cand_epochs=150
cascade_min_cand_epochs=50
cascade_num_candidate_groups=2
bit_fail_limit=3.49999994039535522461e-01
cascade_candidate_limit=1.00000000000000000000e+03
cascade_weight_multiplier=4.00000005960464477539e-01
cascade_activation_functions_count=10
cascade_activation_functions=3 5 7 8 10 11 14 15 16 17 
cascade_activation_steepnesses_count=4
cascade_activation_steepnesses=2.50000000000000000000e-01 5.00000000000000000000e-01 7.50000000000000000000e-01 1.00000000000000000000e+00 
layer_sizes=7 5 2 
scale_included=0
neurons (num_inputs, activation_function, activation_steepness)=(0, 0, 0.00000000000000000000e+00) (0, 0, 0.00000000000000000000e+00) (0, 0, 0.00000000000000000000e+00) (0, 0, 0.00000000000000000000e+00) (0, 0, 0.00000000000000000000e+00) (0, 0, 0.00000000000000000000e+00) (0, 0, 0.00000000000000000000e+00) (7, 3, 5.00000000000000000000e-01) (7, 3, 5.00000000000000000000e-01) (7, 3, 5.00000000000000000000e-01) (7, 3, 5.00000000000000000000e-01) (0, 3, 0.00000000000000000000e+00) (5, 3, 5.00000000000000000000e-01) (0, 3, 0.00000000000000000000e+00) 
connections (connected_to_neuron, weight)=(0, 3.23825925588607788086e-01) (1, 6.31140053272247314453e-01) (2, -2.11569714546203613281e+00) (3, -2.96212410926818847656e+00) (4, -5.47192621231079101562e+00) (5, 1.34668264389038085938e+01) (6, 4.82054322957992553711e-01) (0, 2.62742370367050170898e-01) (1, 4.18087214231491088867e-01) (2, -6.04490041732788085938e+00) (3, 9.70839679241180419922e-01) (4, -1.84093320369720458984e+00) (5, 1.26945629119873046875e+01) (6, 6.43957912921905517578e-01) (0, -5.46126604080200195312e+00) (1, -1.71585035324096679688e+00) (2, -2.00362658500671386719e+00) (3, 1.50301849842071533203e+00) (4, 2.24182701110839843750e+00) (5, 1.04525387287139892578e+00) (6, -1.31174135208129882812e+00) (0, -7.23560094833374023438e-01) (1, -2.25600051879882812500e+00) (2, -7.07474350929260253906e-01) (3, 2.94878482818603515625e+00) (4, -2.13328793644905090332e-01) (5, 6.81412410736083984375e+00) (6, -4.38421630859375000000e+00) (7, -1.89387691020965576172e+00) (8, -1.60526943206787109375e+00) (9, 4.31254625320434570312e+00) (10, 3.25711560249328613281e+00) (11, 5.01796722412109375000e-01) 
