FANN_FLO_2.1
num_layers=4
learning_rate=0.400000
connection_rate=1.000000
network_type=0
learning_momentum=0.000000
training_algorithm=2
train_error_function=1
train_stop_function=0
cascade_output_change_fraction=0.010000
quickprop_decay=-0.000100
quickprop_mu=1.750000
rprop_increase_factor=1.200000
rprop_decrease_factor=0.500000
rprop_delta_min=0.000000
rprop_delta_max=50.000000
rprop_delta_zero=0.100000
cascade_output_stagnation_epochs=12
cascade_candidate_change_fraction=0.010000
cascade_candidate_stagnation_epochs=12
cascade_max_out_epochs=150
cascade_min_out_epochs=50
cascade_max_cand_epochs=150
cascade_min_cand_epochs=50
cascade_num_candidate_groups=2
bit_fail_limit=3.49999994039535522461e-01
cascade_candidate_limit=1.00000000000000000000e+03
cascade_weight_multiplier=4.00000005960464477539e-01
cascade_activation_functions_count=10
cascade_activation_functions=3 5 7 8 10 11 14 15 16 17 
cascade_activation_steepnesses_count=4
cascade_activation_steepnesses=2.50000000000000000000e-01 5.00000000000000000000e-01 7.50000000000000000000e-01 1.00000000000000000000e+00 
layer_sizes=7 5 5 2 
scale_included=0
neurons (num_inputs, activation_function, activation_steepness)=(0, 0, 0.00000000000000000000e+00) (0, 0, 0.00000000000000000000e+00) (0, 0, 0.00000000000000000000e+00) (0, 0, 0.00000000000000000000e+00) (0, 0, 0.00000000000000000000e+00) (0, 0, 0.00000000000000000000e+00) (0, 0, 0.00000000000000000000e+00) (7, 3, 5.00000000000000000000e-01) (7, 3, 5.00000000000000000000e-01) (7, 3, 5.00000000000000000000e-01) (7, 3, 5.00000000000000000000e-01) (0, 3, 0.00000000000000000000e+00) (5, 3, 5.00000000000000000000e-01) (5, 3, 5.00000000000000000000e-01) (5, 3, 5.00000000000000000000e-01) (5, 3, 5.00000000000000000000e-01) (0, 3, 0.00000000000000000000e+00) (5, 3, 5.00000000000000000000e-01) (0, 3, 0.00000000000000000000e+00) 
connections (connected_to_neuron, weight)=(0, -5.56599914550781250000e+02) (1, -7.39608032226562500000e+02) (2, -4.90220672607421875000e+02) (3, -1.50000000000000000000e+03) (4, -3.24456726074218750000e+02) (5, -1.09743103027343750000e+03) (6, -9.48234939575195312500e+00) (0, -6.56385498046875000000e+02) (1, 1.45682629394531250000e+03) (2, -2.34385635375976562500e+02) (3, -1.28035998535156250000e+03) (4, -1.20301135253906250000e+03) (5, 1.32868652343750000000e+03) (6, -3.20077586174011230469e+00) (0, -5.42424261569976806641e-01) (1, -6.04169189929962158203e-01) (2, -5.01811325550079345703e-01) (3, -4.30119180679321289062e+00) (4, -1.65221345424652099609e+00) (5, -3.75258885324001312256e-02) (6, 2.25359654426574707031e+00) (0, 7.10431335449218750000e+02) (1, -1.50000000000000000000e+03) (2, 1.49287011718750000000e+03) (3, -1.50000000000000000000e+03) (4, -8.57068664550781250000e+02) (5, -1.50000000000000000000e+03) (6, -2.28972077369689941406e+00) (7, 1.50000000000000000000e+03) (8, 1.98958575725555419922e+00) (9, 4.35328960418701171875e+00) (10, 1.50000000000000000000e+03) (11, -5.21472263336181640625e+00) (7, 1.50000000000000000000e+03) (8, 8.51386368274688720703e-01) (9, 1.21958145141601562500e+02) (10, 1.50000000000000000000e+03) (11, -8.88368511199951171875e+00) (7, 1.50000000000000000000e+03) (8, 6.71195209026336669922e-01) (9, 3.16547813415527343750e+01) (10, 1.50000000000000000000e+03) (11, -9.06585597991943359375e+00) (7, 1.50000000000000000000e+03) (8, 7.24837160110473632812e+00) (9, -4.83530197143554687500e+01) (10, 1.50000000000000000000e+03) (11, 3.18367805480957031250e+01) (12, -2.72428822517395019531e+00) (13, -1.40923583507537841797e+00) (14, -4.19717967510223388672e-01) (15, -4.05886083841323852539e-01) (16, -5.31740427017211914062e-01) 
