FANN_FLO_2.1
num_layers=3
learning_rate=0.400000
connection_rate=1.000000
network_type=0
learning_momentum=0.000000
training_algorithm=2
train_error_function=1
train_stop_function=0
cascade_output_change_fraction=0.010000
quickprop_decay=-0.000100
quickprop_mu=1.750000
rprop_increase_factor=1.200000
rprop_decrease_factor=0.500000
rprop_delta_min=0.000000
rprop_delta_max=50.000000
rprop_delta_zero=0.100000
cascade_output_stagnation_epochs=12
cascade_candidate_change_fraction=0.010000
cascade_candidate_stagnation_epochs=12
cascade_max_out_epochs=150
cascade_min_out_epochs=50
cascade_max_cand_epochs=150
cascade_min_cand_epochs=50
cascade_num_candidate_groups=2
bit_fail_limit=3.49999994039535522461e-01
cascade_candidate_limit=1.00000000000000000000e+03
cascade_weight_multiplier=4.00000005960464477539e-01
cascade_activation_functions_count=10
cascade_activation_functions=3 5 7 8 10 11 14 15 16 17 
cascade_activation_steepnesses_count=4
cascade_activation_steepnesses=2.50000000000000000000e-01 5.00000000000000000000e-01 7.50000000000000000000e-01 1.00000000000000000000e+00 
layer_sizes=7 5 2 
scale_included=0
neurons (num_inputs, activation_function, activation_steepness)=(0, 0, 0.00000000000000000000e+00) (0, 0, 0.00000000000000000000e+00) (0, 0, 0.00000000000000000000e+00) (0, 0, 0.00000000000000000000e+00) (0, 0, 0.00000000000000000000e+00) (0, 0, 0.00000000000000000000e+00) (0, 0, 0.00000000000000000000e+00) (7, 3, 5.00000000000000000000e-01) (7, 3, 5.00000000000000000000e-01) (7, 3, 5.00000000000000000000e-01) (7, 3, 5.00000000000000000000e-01) (0, 3, 0.00000000000000000000e+00) (5, 3, 5.00000000000000000000e-01) (0, 3, 0.00000000000000000000e+00) 
connections (connected_to_neuron, weight)=(0, 6.17124700546264648438e+00) (1, -6.34100246429443359375e+00) (2, 2.51097798347473144531e+00) (3, -8.52419078350067138672e-01) (4, -5.69390319287776947021e-03) (5, 4.84319114685058593750e+00) (6, -5.58028745651245117188e+00) (0, -3.92124295234680175781e+00) (1, -2.73613405227661132812e+00) (2, 1.23661584854125976562e+01) (3, -7.73047924041748046875e+00) (4, -3.16797065734863281250e+00) (5, 9.50727999210357666016e-01) (6, 9.89860343933105468750e+00) (0, -7.46372365951538085938e+00) (1, 7.10678958892822265625e+00) (2, 1.52608680725097656250e+00) (3, -1.37752485275268554688e+00) (4, -1.39110255241394042969e+00) (5, -4.15360641479492187500e+00) (6, -7.70581007003784179688e-01) (0, -6.76972723007202148438e+00) (1, 5.16140317916870117188e+00) (2, -2.25778274536132812500e+01) (3, -4.61421012878417968750e-01) (4, 3.81719803810119628906e+00) (5, -2.43227554321289062500e+02) (6, -5.60899730771780014038e-03) (7, -8.56159210205078125000e+00) (8, -8.74411523342132568359e-01) (9, -1.27441234588623046875e+01) (10, -1.28998363018035888672e+00) (11, 7.64600262045860290527e-02) 
