FANN_FLO_2.1
num_layers=3
learning_rate=0.400000
connection_rate=1.000000
network_type=0
learning_momentum=0.000000
training_algorithm=2
train_error_function=1
train_stop_function=0
cascade_output_change_fraction=0.010000
quickprop_decay=-0.000100
quickprop_mu=1.750000
rprop_increase_factor=1.200000
rprop_decrease_factor=0.500000
rprop_delta_min=0.000000
rprop_delta_max=50.000000
rprop_delta_zero=0.100000
cascade_output_stagnation_epochs=12
cascade_candidate_change_fraction=0.010000
cascade_candidate_stagnation_epochs=12
cascade_max_out_epochs=150
cascade_min_out_epochs=50
cascade_max_cand_epochs=150
cascade_min_cand_epochs=50
cascade_num_candidate_groups=2
bit_fail_limit=3.49999994039535522461e-01
cascade_candidate_limit=1.00000000000000000000e+03
cascade_weight_multiplier=4.00000005960464477539e-01
cascade_activation_functions_count=10
cascade_activation_functions=3 5 7 8 10 11 14 15 16 17 
cascade_activation_steepnesses_count=4
cascade_activation_steepnesses=2.50000000000000000000e-01 5.00000000000000000000e-01 7.50000000000000000000e-01 1.00000000000000000000e+00 
layer_sizes=7 9 2 
scale_included=0
neurons (num_inputs, activation_function, activation_steepness)=(0, 0, 0.00000000000000000000e+00) (0, 0, 0.00000000000000000000e+00) (0, 0, 0.00000000000000000000e+00) (0, 0, 0.00000000000000000000e+00) (0, 0, 0.00000000000000000000e+00) (0, 0, 0.00000000000000000000e+00) (0, 0, 0.00000000000000000000e+00) (7, 3, 5.00000000000000000000e-01) (7, 3, 5.00000000000000000000e-01) (7, 3, 5.00000000000000000000e-01) (7, 3, 5.00000000000000000000e-01) (7, 3, 5.00000000000000000000e-01) (7, 3, 5.00000000000000000000e-01) (7, 3, 5.00000000000000000000e-01) (7, 3, 5.00000000000000000000e-01) (0, 3, 0.00000000000000000000e+00) (9, 3, 5.00000000000000000000e-01) (0, 3, 0.00000000000000000000e+00) 
connections (connected_to_neuron, weight)=(0, -7.65226650238037109375e+00) (1, -2.57765150070190429688e+00) (2, -6.53380572795867919922e-01) (3, 1.69188237190246582031e+00) (4, 2.47542595863342285156e+00) (5, 1.49139368534088134766e+00) (6, -1.58483862876892089844e+00) (0, -1.00337612628936767578e+00) (1, -7.52818644046783447266e-01) (2, 1.49745657108724117279e-03) (3, 4.89869594573974609375e-01) (4, 1.29635262489318847656e+00) (5, -2.36313194036483764648e-01) (6, -6.48367524147033691406e-01) (0, -1.53432357311248779297e+00) (1, -1.27511346340179443359e+00) (2, -4.39243316650390625000e-01) (3, 1.13686323165893554688e+00) (4, 1.11358094215393066406e+00) (5, 2.45866686105728149414e-01) (6, -4.78224515914916992188e+00) (0, 2.30591341853141784668e-01) (1, 3.62532734870910644531e-01) (2, -2.33380818367004394531e+00) (3, -4.44089841842651367188e+00) (4, -4.62489604949951171875e+00) (5, 1.17866830825805664062e+01) (6, 1.39064347743988037109e+00) (0, 8.51831793785095214844e-01) (1, -3.49956780672073364258e-01) (2, 3.95598053932189941406e-01) (3, 5.15631079673767089844e-01) (4, 1.24879026412963867188e+00) (5, -2.87273675203323364258e-01) (6, -4.26756665110588073730e-02) (0, -8.25985372066497802734e-01) (1, -4.45368766784667968750e-01) (2, 9.53759104013442993164e-02) (3, 7.14690268039703369141e-01) (4, 1.41440391540527343750e+00) (5, 1.69096037745475769043e-01) (6, -4.72510188817977905273e-01) (0, -3.13218861818313598633e-01) (1, -3.13405323028564453125e+00) (2, -1.05761575698852539062e+00) (3, 2.32205343246459960938e+00) (4, -1.82140898704528808594e+00) (5, 6.16083669662475585938e+00) (6, -2.50348019599914550781e+00) (0, 6.79720401763916015625e+00) (1, 1.14637625217437744141e+00) (2, -1.20229997634887695312e+01) (3, -1.17430436611175537109e+00) (4, -8.86882185935974121094e-01) (5, 6.84724760055541992188e+00) (6, 3.89988088607788085938e+00) (7, 3.20252060890197753906e+00) (8, 2.27100461721420288086e-01) (9, 9.01751071214675903320e-02) (10, -2.85951709747314453125e+00) (11, 3.92023295164108276367e-01) (12, 8.99999022483825683594e-01) (13, 3.57829093933105468750e+00) (14, -5.95339596271514892578e-01) (15, -4.31073188781738281250e-01) 
