FANN_FLO_2.1
num_layers=3
learning_rate=0.400000
connection_rate=1.000000
network_type=0
learning_momentum=0.000000
training_algorithm=2
train_error_function=1
train_stop_function=0
cascade_output_change_fraction=0.010000
quickprop_decay=-0.000100
quickprop_mu=1.750000
rprop_increase_factor=1.200000
rprop_decrease_factor=0.500000
rprop_delta_min=0.000000
rprop_delta_max=50.000000
rprop_delta_zero=0.100000
cascade_output_stagnation_epochs=12
cascade_candidate_change_fraction=0.010000
cascade_candidate_stagnation_epochs=12
cascade_max_out_epochs=150
cascade_min_out_epochs=50
cascade_max_cand_epochs=150
cascade_min_cand_epochs=50
cascade_num_candidate_groups=2
bit_fail_limit=3.49999994039535522461e-01
cascade_candidate_limit=1.00000000000000000000e+03
cascade_weight_multiplier=4.00000005960464477539e-01
cascade_activation_functions_count=10
cascade_activation_functions=3 5 7 8 10 11 14 15 16 17 
cascade_activation_steepnesses_count=4
cascade_activation_steepnesses=2.50000000000000000000e-01 5.00000000000000000000e-01 7.50000000000000000000e-01 1.00000000000000000000e+00 
layer_sizes=7 5 2 
scale_included=0
neurons (num_inputs, activation_function, activation_steepness)=(0, 0, 0.00000000000000000000e+00) (0, 0, 0.00000000000000000000e+00) (0, 0, 0.00000000000000000000e+00) (0, 0, 0.00000000000000000000e+00) (0, 0, 0.00000000000000000000e+00) (0, 0, 0.00000000000000000000e+00) (0, 0, 0.00000000000000000000e+00) (7, 3, 5.00000000000000000000e-01) (7, 3, 5.00000000000000000000e-01) (7, 3, 5.00000000000000000000e-01) (7, 3, 5.00000000000000000000e-01) (0, 3, 0.00000000000000000000e+00) (5, 3, 5.00000000000000000000e-01) (0, 3, 0.00000000000000000000e+00) 
connections (connected_to_neuron, weight)=(0, -4.97543513774871826172e-01) (1, -7.29341030120849609375e+00) (2, -5.90858230590820312500e+01) (3, -1.57554187774658203125e+01) (4, 1.28295888900756835938e+01) (5, 2.31625247001647949219e+00) (6, 1.64537227153778076172e+00) (0, -1.83007659912109375000e+01) (1, 1.66862106323242187500e+01) (2, -3.21151685714721679688e+00) (3, -4.04548823833465576172e-01) (4, -1.36721420288085937500e+00) (5, 6.20537853240966796875e+00) (6, 1.85038650035858154297e+00) (0, 1.37183558940887451172e+00) (1, 3.23844999074935913086e-01) (2, 2.94549522399902343750e+01) (3, -1.00558176040649414062e+01) (4, -6.05724573135375976562e+00) (5, -1.70694321393966674805e-01) (6, 3.54178547859191894531e+00) (0, 6.14329910278320312500e+00) (1, -7.99085664749145507812e+00) (2, 5.11882925033569335938e+00) (3, -1.50687158107757568359e+00) (4, -1.15473282337188720703e+00) (5, -2.67009854316711425781e+00) (6, 4.43628358840942382812e+00) (7, -7.40662455558776855469e-01) (8, -2.79033231735229492188e+00) (9, -5.34246742725372314453e-01) (10, -3.02195525169372558594e+00) (11, 1.65388035774230957031e+00) 
