FANN_FLO_2.1
num_layers=4
learning_rate=0.500000
connection_rate=1.000000
network_type=0
learning_momentum=0.000000
training_algorithm=2
train_error_function=1
train_stop_function=0
cascade_output_change_fraction=0.010000
quickprop_decay=-0.000100
quickprop_mu=1.750000
rprop_increase_factor=1.200000
rprop_decrease_factor=0.500000
rprop_delta_min=0.000000
rprop_delta_max=50.000000
rprop_delta_zero=0.100000
cascade_output_stagnation_epochs=12
cascade_candidate_change_fraction=0.010000
cascade_candidate_stagnation_epochs=12
cascade_max_out_epochs=150
cascade_min_out_epochs=50
cascade_max_cand_epochs=150
cascade_min_cand_epochs=50
cascade_num_candidate_groups=2
bit_fail_limit=3.49999994039535522461e-01
cascade_candidate_limit=1.00000000000000000000e+03
cascade_weight_multiplier=4.00000005960464477539e-01
cascade_activation_functions_count=10
cascade_activation_functions=3 5 7 8 10 11 14 15 16 17 
cascade_activation_steepnesses_count=4
cascade_activation_steepnesses=2.50000000000000000000e-01 5.00000000000000000000e-01 7.50000000000000000000e-01 1.00000000000000000000e+00 
layer_sizes=10 5 3 2 
scale_included=0
neurons (num_inputs, activation_function, activation_steepness)=(0, 0, 0.00000000000000000000e+00) (0, 0, 0.00000000000000000000e+00) (0, 0, 0.00000000000000000000e+00) (0, 0, 0.00000000000000000000e+00) (0, 0, 0.00000000000000000000e+00) (0, 0, 0.00000000000000000000e+00) (0, 0, 0.00000000000000000000e+00) (0, 0, 0.00000000000000000000e+00) (0, 0, 0.00000000000000000000e+00) (0, 0, 0.00000000000000000000e+00) (10, 3, 5.00000000000000000000e-01) (10, 3, 5.00000000000000000000e-01) (10, 3, 5.00000000000000000000e-01) (10, 3, 5.00000000000000000000e-01) (0, 3, 0.00000000000000000000e+00) (5, 3, 5.00000000000000000000e-01) (5, 3, 5.00000000000000000000e-01) (0, 3, 0.00000000000000000000e+00) (3, 3, 5.00000000000000000000e-01) (0, 3, 0.00000000000000000000e+00) 
connections (connected_to_neuron, weight)=(0, -7.66840219497680664062e-01) (1, -3.64539265632629394531e+00) (2, -1.80752635002136230469e-01) (3, -4.41386044025421142578e-01) (4, -1.33833656311035156250e+01) (5, -1.71259552240371704102e-01) (6, 1.60307669639587402344e+00) (7, 2.76377081871032714844e+00) (8, 1.82110195159912109375e+01) (9, 1.45320689678192138672e+00) (0, 5.53960752487182617188e+00) (1, 2.78386521339416503906e+00) (2, -1.05606775283813476562e+01) (3, 3.38213996887207031250e+01) (4, 8.85735511779785156250e-01) (5, -8.71902770996093750000e+01) (6, 6.41537475585937500000e+01) (7, 8.41570138931274414062e-01) (8, -9.71412658691406250000e+00) (9, -1.43554675579071044922e+00) (0, 4.06870746612548828125e+00) (1, 9.06458199024200439453e-01) (2, -1.85775814056396484375e+01) (3, 8.50008869171142578125e+00) (4, 2.61084854602813720703e-01) (5, -8.18239021301269531250e+00) (6, 8.27108573913574218750e+00) (7, -1.99156208038330078125e+01) (8, -8.76361465454101562500e+00) (9, -3.55911999940872192383e-01) (0, 1.45585405826568603516e+00) (1, 3.46135544776916503906e+00) (2, 3.41423368453979492188e+00) (3, -1.94587821960449218750e+01) (4, 4.78271150588989257812e+00) (5, 5.91503047943115234375e+00) (6, -2.70941658020019531250e+01) (7, -1.25108933448791503906e+00) (8, 1.88096885681152343750e+01) (9, 2.62248694896697998047e-01) (10, -4.22514629364013671875e+00) (11, 1.11455717086791992188e+01) (12, -7.67307615280151367188e+00) (13, 8.60313892364501953125e+00) (14, -3.13400298357009887695e-01) (10, -7.83722114562988281250e+00) (11, 1.18005170822143554688e+01) (12, 5.70516139268875122070e-02) (13, 1.08218860626220703125e+01) (14, 2.76886135339736938477e-01) (15, 2.29395413398742675781e+00) (16, 1.23240387439727783203e+00) (17, -2.63930439949035644531e+00) 
