FANN_FLO_2.1
num_layers=3
learning_rate=0.400000
connection_rate=1.000000
network_type=0
learning_momentum=0.000000
training_algorithm=2
train_error_function=1
train_stop_function=0
cascade_output_change_fraction=0.010000
quickprop_decay=-0.000100
quickprop_mu=1.750000
rprop_increase_factor=1.200000
rprop_decrease_factor=0.500000
rprop_delta_min=0.000000
rprop_delta_max=50.000000
rprop_delta_zero=0.100000
cascade_output_stagnation_epochs=12
cascade_candidate_change_fraction=0.010000
cascade_candidate_stagnation_epochs=12
cascade_max_out_epochs=150
cascade_min_out_epochs=50
cascade_max_cand_epochs=150
cascade_min_cand_epochs=50
cascade_num_candidate_groups=2
bit_fail_limit=3.49999994039535522461e-01
cascade_candidate_limit=1.00000000000000000000e+03
cascade_weight_multiplier=4.00000005960464477539e-01
cascade_activation_functions_count=10
cascade_activation_functions=3 5 7 8 10 11 14 15 16 17 
cascade_activation_steepnesses_count=4
cascade_activation_steepnesses=2.50000000000000000000e-01 5.00000000000000000000e-01 7.50000000000000000000e-01 1.00000000000000000000e+00 
layer_sizes=7 5 2 
scale_included=0
neurons (num_inputs, activation_function, activation_steepness)=(0, 0, 0.00000000000000000000e+00) (0, 0, 0.00000000000000000000e+00) (0, 0, 0.00000000000000000000e+00) (0, 0, 0.00000000000000000000e+00) (0, 0, 0.00000000000000000000e+00) (0, 0, 0.00000000000000000000e+00) (0, 0, 0.00000000000000000000e+00) (7, 3, 5.00000000000000000000e-01) (7, 3, 5.00000000000000000000e-01) (7, 3, 5.00000000000000000000e-01) (7, 3, 5.00000000000000000000e-01) (0, 3, 0.00000000000000000000e+00) (5, 3, 5.00000000000000000000e-01) (0, 3, 0.00000000000000000000e+00) 
connections (connected_to_neuron, weight)=(0, -1.00303640365600585938e+01) (1, 2.14771556854248046875e+00) (2, -1.36136665344238281250e+01) (3, -6.59031963348388671875e+00) (4, -3.68486452102661132812e+00) (5, 1.73228335380554199219e+00) (6, 1.16736364364624023438e+01) (0, -5.21316289901733398438e+00) (1, 5.17347240447998046875e+00) (2, 7.02808201313018798828e-01) (3, -1.08383154869079589844e+00) (4, -1.77362248301506042480e-01) (5, -3.03116703033447265625e+00) (6, -9.65810060501098632812e-01) (0, -3.21504902839660644531e+00) (1, -4.83780241012573242188e+00) (2, 1.84804878234863281250e+01) (3, -3.47491455078125000000e+01) (4, 9.81671142578125000000e+00) (5, 6.48223972320556640625e+00) (6, -1.72105777263641357422e+00) (0, 1.25876693725585937500e+01) (1, -1.35172100067138671875e+01) (2, 4.39243030548095703125e+00) (3, -1.30274796485900878906e+00) (4, -1.13537931442260742188e+00) (5, 5.15298891067504882812e+00) (6, -4.82958364486694335938e+00) (7, -1.10357582569122314453e+00) (8, -7.54809474945068359375e+00) (9, -1.44331836700439453125e+00) (10, -5.38213348388671875000e+00) (11, -3.33640456199645996094e-01) 
