FANN_FLO_2.1
num_layers=3
learning_rate=0.400000
connection_rate=1.000000
network_type=0
learning_momentum=0.000000
training_algorithm=2
train_error_function=1
train_stop_function=0
cascade_output_change_fraction=0.010000
quickprop_decay=-0.000100
quickprop_mu=1.750000
rprop_increase_factor=1.200000
rprop_decrease_factor=0.500000
rprop_delta_min=0.000000
rprop_delta_max=50.000000
rprop_delta_zero=0.100000
cascade_output_stagnation_epochs=12
cascade_candidate_change_fraction=0.010000
cascade_candidate_stagnation_epochs=12
cascade_max_out_epochs=150
cascade_min_out_epochs=50
cascade_max_cand_epochs=150
cascade_min_cand_epochs=50
cascade_num_candidate_groups=2
bit_fail_limit=3.49999994039535522461e-01
cascade_candidate_limit=1.00000000000000000000e+03
cascade_weight_multiplier=4.00000005960464477539e-01
cascade_activation_functions_count=10
cascade_activation_functions=3 5 7 8 10 11 14 15 16 17 
cascade_activation_steepnesses_count=4
cascade_activation_steepnesses=2.50000000000000000000e-01 5.00000000000000000000e-01 7.50000000000000000000e-01 1.00000000000000000000e+00 
layer_sizes=7 5 2 
scale_included=0
neurons (num_inputs, activation_function, activation_steepness)=(0, 0, 0.00000000000000000000e+00) (0, 0, 0.00000000000000000000e+00) (0, 0, 0.00000000000000000000e+00) (0, 0, 0.00000000000000000000e+00) (0, 0, 0.00000000000000000000e+00) (0, 0, 0.00000000000000000000e+00) (0, 0, 0.00000000000000000000e+00) (7, 3, 5.00000000000000000000e-01) (7, 3, 5.00000000000000000000e-01) (7, 3, 5.00000000000000000000e-01) (7, 3, 5.00000000000000000000e-01) (0, 3, 0.00000000000000000000e+00) (5, 3, 5.00000000000000000000e-01) (0, 3, 0.00000000000000000000e+00) 
connections (connected_to_neuron, weight)=(0, -4.96584129333496093750e+00) (1, -2.59085655212402343750e+00) (2, -4.56325674057006835938e+00) (3, 4.29766386747360229492e-01) (4, 4.23001337051391601562e+00) (5, 4.83798742294311523438e+00) (6, -2.37878727912902832031e+00) (0, 1.55591440200805664062e+00) (1, -1.21023654937744140625e+00) (2, 3.72770977020263671875e+00) (3, 6.34454011917114257812e+00) (4, 3.98633790016174316406e+00) (5, -1.42792205810546875000e+01) (6, -2.40459775924682617188e+00) (0, -7.38491678237915039062e+00) (1, -3.98265004158020019531e+00) (2, 2.16098999977111816406e+00) (3, 3.02458333969116210938e+00) (4, 1.41663885116577148438e+00) (5, 1.26494622230529785156e+00) (6, -1.88153541088104248047e+00) (0, 7.77003049850463867188e+00) (1, -4.55682963132858276367e-01) (2, -6.94212436676025390625e+00) (3, 3.96397948265075683594e+00) (4, -4.61533880233764648438e+00) (5, 9.08282184600830078125e+00) (6, -5.91472053527832031250e+00) (7, 1.38334572315216064453e+00) (8, 2.29372620582580566406e+00) (9, 2.51329088211059570312e+00) (10, 1.65255868434906005859e+00) (11, -2.03189969062805175781e+00) 
