FANN_FLO_2.1
num_layers=3
learning_rate=0.500000
connection_rate=1.000000
network_type=0
learning_momentum=0.000000
training_algorithm=2
train_error_function=1
train_stop_function=0
cascade_output_change_fraction=0.010000
quickprop_decay=-0.000100
quickprop_mu=1.750000
rprop_increase_factor=1.200000
rprop_decrease_factor=0.500000
rprop_delta_min=0.000000
rprop_delta_max=50.000000
rprop_delta_zero=0.100000
cascade_output_stagnation_epochs=12
cascade_candidate_change_fraction=0.010000
cascade_candidate_stagnation_epochs=12
cascade_max_out_epochs=150
cascade_min_out_epochs=50
cascade_max_cand_epochs=150
cascade_min_cand_epochs=50
cascade_num_candidate_groups=2
bit_fail_limit=3.49999994039535522461e-01
cascade_candidate_limit=1.00000000000000000000e+03
cascade_weight_multiplier=4.00000005960464477539e-01
cascade_activation_functions_count=10
cascade_activation_functions=3 5 7 8 10 11 14 15 16 17 
cascade_activation_steepnesses_count=4
cascade_activation_steepnesses=2.50000000000000000000e-01 5.00000000000000000000e-01 7.50000000000000000000e-01 1.00000000000000000000e+00 
layer_sizes=10 3 2 
scale_included=0
neurons (num_inputs, activation_function, activation_steepness)=(0, 0, 0.00000000000000000000e+00) (0, 0, 0.00000000000000000000e+00) (0, 0, 0.00000000000000000000e+00) (0, 0, 0.00000000000000000000e+00) (0, 0, 0.00000000000000000000e+00) (0, 0, 0.00000000000000000000e+00) (0, 0, 0.00000000000000000000e+00) (0, 0, 0.00000000000000000000e+00) (0, 0, 0.00000000000000000000e+00) (0, 0, 0.00000000000000000000e+00) (10, 3, 5.00000000000000000000e-01) (10, 3, 5.00000000000000000000e-01) (0, 3, 0.00000000000000000000e+00) (3, 3, 5.00000000000000000000e-01) (0, 3, 0.00000000000000000000e+00) 
connections (connected_to_neuron, weight)=(0, -1.69308006763458251953e+00) (1, -4.41443395614624023438e+00) (2, -1.50000000000000000000e+03) (3, 2.78625059127807617188e+00) (4, 1.26930153369903564453e+00) (5, -4.73817396163940429688e+00) (6, 2.45856738090515136719e+00) (7, 3.58872890472412109375e+00) (8, -2.77090144157409667969e+00) (9, 3.58724951744079589844e-01) (0, -1.46395400166511535645e-01) (1, 6.54430270195007324219e-01) (2, 9.45109724998474121094e-01) (3, -2.36403059959411621094e+00) (4, 4.02894353866577148438e+00) (5, 1.20381412506103515625e+01) (6, -1.84570007324218750000e+01) (7, 1.02905690670013427734e+00) (8, -6.29083812236785888672e-01) (9, 3.75459492206573486328e-01) (10, 3.61105704307556152344e+00) (11, 3.47431302070617675781e+00) (12, -2.58959293365478515625e+00) 
