FANN_FLO_2.1
num_layers=3
learning_rate=0.400000
connection_rate=1.000000
network_type=0
learning_momentum=0.000000
training_algorithm=2
train_error_function=1
train_stop_function=0
cascade_output_change_fraction=0.010000
quickprop_decay=-0.000100
quickprop_mu=1.750000
rprop_increase_factor=1.200000
rprop_decrease_factor=0.500000
rprop_delta_min=0.000000
rprop_delta_max=50.000000
rprop_delta_zero=0.100000
cascade_output_stagnation_epochs=12
cascade_candidate_change_fraction=0.010000
cascade_candidate_stagnation_epochs=12
cascade_max_out_epochs=150
cascade_min_out_epochs=50
cascade_max_cand_epochs=150
cascade_min_cand_epochs=50
cascade_num_candidate_groups=2
bit_fail_limit=3.49999994039535522461e-01
cascade_candidate_limit=1.00000000000000000000e+03
cascade_weight_multiplier=4.00000005960464477539e-01
cascade_activation_functions_count=10
cascade_activation_functions=3 5 7 8 10 11 14 15 16 17 
cascade_activation_steepnesses_count=4
cascade_activation_steepnesses=2.50000000000000000000e-01 5.00000000000000000000e-01 7.50000000000000000000e-01 1.00000000000000000000e+00 
layer_sizes=19 3 3 
scale_included=0
neurons (num_inputs, activation_function, activation_steepness)=(0, 0, 0.00000000000000000000e+00) (0, 0, 0.00000000000000000000e+00) (0, 0, 0.00000000000000000000e+00) (0, 0, 0.00000000000000000000e+00) (0, 0, 0.00000000000000000000e+00) (0, 0, 0.00000000000000000000e+00) (0, 0, 0.00000000000000000000e+00) (0, 0, 0.00000000000000000000e+00) (0, 0, 0.00000000000000000000e+00) (0, 0, 0.00000000000000000000e+00) (0, 0, 0.00000000000000000000e+00) (0, 0, 0.00000000000000000000e+00) (0, 0, 0.00000000000000000000e+00) (0, 0, 0.00000000000000000000e+00) (0, 0, 0.00000000000000000000e+00) (0, 0, 0.00000000000000000000e+00) (0, 0, 0.00000000000000000000e+00) (0, 0, 0.00000000000000000000e+00) (0, 0, 0.00000000000000000000e+00) (19, 3, 5.00000000000000000000e-01) (19, 3, 5.00000000000000000000e-01) (0, 3, 0.00000000000000000000e+00) (3, 3, 5.00000000000000000000e-01) (3, 3, 5.00000000000000000000e-01) (0, 3, 0.00000000000000000000e+00) 
connections (connected_to_neuron, weight)=(0, 1.23395013809204101562e+01) (1, 2.78931999206542968750e+00) (2, 1.75266218185424804688e+00) (3, 8.78272438049316406250e+00) (4, 2.71120405197143554688e+00) (5, 6.67365789413452148438e-01) (6, 1.11782035827636718750e+01) (7, 6.52493298053741455078e-01) (8, 8.42895269393920898438e-01) (9, -1.16762714385986328125e+01) (10, -3.79230952262878417969e+00) (11, -5.53661823272705078125e-01) (12, -1.07883186340332031250e+01) (13, -1.34854710102081298828e+00) (14, -1.50161576271057128906e+00) (15, -1.03450956344604492188e+01) (16, -2.09548902511596679688e+00) (17, -1.19969114661216735840e-01) (18, -7.04531669616699218750e+00) (0, -6.43843889236450195312e+00) (1, -3.75558400154113769531e+00) (2, -1.20792484283447265625e+00) (3, -8.88598346710205078125e+00) (4, -1.10513663291931152344e+00) (5, 3.70168256759643554688e+00) (6, -4.10646343231201171875e+00) (7, -5.21791934967041015625e-01) (8, 4.61719655990600585938e+00) (9, 6.69176387786865234375e+00) (10, 3.23119211196899414062e+00) (11, -6.81028723716735839844e-01) (12, 9.67548561096191406250e+00) (13, 4.60798597335815429688e+00) (14, -3.73343157768249511719e+00) (15, 3.57803750038146972656e+00) (16, 4.04378938674926757812e+00) (17, 9.15403425693511962891e-01) (18, -9.09435462951660156250e+00) (19, -1.36473512649536132812e+00) (20, -1.12432038784027099609e+00) (21, 2.05808132886886596680e-03) (19, 1.36448156833648681641e+00) (20, 1.12340950965881347656e+00) (21, -1.59478525165468454361e-03) 
