FANN_FLO_2.1
num_layers=3
learning_rate=0.400000
connection_rate=1.000000
network_type=0
learning_momentum=0.000000
training_algorithm=2
train_error_function=1
train_stop_function=0
cascade_output_change_fraction=0.010000
quickprop_decay=-0.000100
quickprop_mu=1.750000
rprop_increase_factor=1.200000
rprop_decrease_factor=0.500000
rprop_delta_min=0.000000
rprop_delta_max=50.000000
rprop_delta_zero=0.100000
cascade_output_stagnation_epochs=12
cascade_candidate_change_fraction=0.010000
cascade_candidate_stagnation_epochs=12
cascade_max_out_epochs=150
cascade_min_out_epochs=50
cascade_max_cand_epochs=150
cascade_min_cand_epochs=50
cascade_num_candidate_groups=2
bit_fail_limit=3.49999994039535522461e-01
cascade_candidate_limit=1.00000000000000000000e+03
cascade_weight_multiplier=4.00000005960464477539e-01
cascade_activation_functions_count=10
cascade_activation_functions=3 5 7 8 10 11 14 15 16 17 
cascade_activation_steepnesses_count=4
cascade_activation_steepnesses=2.50000000000000000000e-01 5.00000000000000000000e-01 7.50000000000000000000e-01 1.00000000000000000000e+00 
layer_sizes=7 9 2 
scale_included=0
neurons (num_inputs, activation_function, activation_steepness)=(0, 0, 0.00000000000000000000e+00) (0, 0, 0.00000000000000000000e+00) (0, 0, 0.00000000000000000000e+00) (0, 0, 0.00000000000000000000e+00) (0, 0, 0.00000000000000000000e+00) (0, 0, 0.00000000000000000000e+00) (0, 0, 0.00000000000000000000e+00) (7, 3, 5.00000000000000000000e-01) (7, 3, 5.00000000000000000000e-01) (7, 3, 5.00000000000000000000e-01) (7, 3, 5.00000000000000000000e-01) (7, 3, 5.00000000000000000000e-01) (7, 3, 5.00000000000000000000e-01) (7, 3, 5.00000000000000000000e-01) (7, 3, 5.00000000000000000000e-01) (0, 3, 0.00000000000000000000e+00) (9, 3, 5.00000000000000000000e-01) (0, 3, 0.00000000000000000000e+00) 
connections (connected_to_neuron, weight)=(0, 7.93635988235473632812e+00) (1, 3.09509730339050292969e+00) (2, 2.07891106605529785156e+00) (3, -5.90710735321044921875e+00) (4, -1.40933883190155029297e+00) (5, -4.85575020313262939453e-01) (6, 3.95482802391052246094e+00) (0, 9.33610379695892333984e-01) (1, -1.56468486785888671875e+00) (2, -3.97175002098083496094e+00) (3, 2.75993084907531738281e+00) (4, -3.90783160924911499023e-01) (5, 8.28527069091796875000e+00) (6, -4.56158256530761718750e+00) (0, 9.27039813995361328125e+00) (1, 2.57881379127502441406e+00) (2, 2.16242504119873046875e+00) (3, -6.35317707061767578125e+00) (4, -1.70807099342346191406e+00) (5, -3.81212919950485229492e-01) (6, 4.27538394927978515625e+00) (0, 1.01135282516479492188e+01) (1, 1.12796497344970703125e+00) (2, -1.13763961791992187500e+01) (3, -4.73508167266845703125e+00) (4, 7.63388872146606445312e-01) (5, 4.50183200836181640625e+00) (6, 3.58208966255187988281e+00) (0, -8.17485690116882324219e-01) (1, -5.27942776679992675781e-01) (2, 2.50196528434753417969e+00) (3, 7.48946142196655273438e+00) (4, 7.38101422786712646484e-01) (5, -9.32069873809814453125e+00) (6, -6.79636299610137939453e-01) (0, 1.27825528383255004883e-01) (1, -9.23866271972656250000e-01) (2, 5.39043188095092773438e+00) (3, 5.40818262100219726562e+00) (4, 4.55066633224487304688e+00) (5, -1.96539878845214843750e+01) (6, -4.93213564157485961914e-01) (0, -1.15049803256988525391e+00) (1, -1.95545756816864013672e+00) (2, -2.83593273162841796875e+00) (3, 8.19411158561706542969e-01) (4, 1.71553206443786621094e+00) (5, 2.91149830818176269531e+00) (6, -3.56962752342224121094e+00) (0, -1.59503698348999023438e+00) (1, -5.33673906326293945312e+00) (2, -3.44623088836669921875e+00) (3, 1.11947393417358398438e+00) (4, 2.10683202743530273438e+00) (5, 1.96104764938354492188e+00) (6, -6.85015857219696044922e-01) (7, -7.99466550350189208984e-01) (8, 2.80363011360168457031e+00) (9, -8.25125992298126220703e-01) (10, -8.97479951381683349609e-01) (11, 4.42665100097656250000e-01) (12, 2.32911038398742675781e+00) (13, 9.44614350795745849609e-01) (14, 2.08681726455688476562e+00) (15, -3.13708364963531494141e-01) 
