FANN_FLO_2.1
num_layers=4
learning_rate=0.500000
connection_rate=1.000000
network_type=0
learning_momentum=0.000000
training_algorithm=2
train_error_function=1
train_stop_function=0
cascade_output_change_fraction=0.010000
quickprop_decay=-0.000100
quickprop_mu=1.750000
rprop_increase_factor=1.200000
rprop_decrease_factor=0.500000
rprop_delta_min=0.000000
rprop_delta_max=50.000000
rprop_delta_zero=0.100000
cascade_output_stagnation_epochs=12
cascade_candidate_change_fraction=0.010000
cascade_candidate_stagnation_epochs=12
cascade_max_out_epochs=150
cascade_min_out_epochs=50
cascade_max_cand_epochs=150
cascade_min_cand_epochs=50
cascade_num_candidate_groups=2
bit_fail_limit=3.49999994039535522461e-01
cascade_candidate_limit=1.00000000000000000000e+03
cascade_weight_multiplier=4.00000005960464477539e-01
cascade_activation_functions_count=10
cascade_activation_functions=3 5 7 8 10 11 14 15 16 17 
cascade_activation_steepnesses_count=4
cascade_activation_steepnesses=2.50000000000000000000e-01 5.00000000000000000000e-01 7.50000000000000000000e-01 1.00000000000000000000e+00 
layer_sizes=2 5 3 3 
scale_included=0
neurons (num_inputs, activation_function, activation_steepness)=(0, 0, 0.00000000000000000000e+00) (0, 0, 0.00000000000000000000e+00) (2, 3, 5.00000000000000000000e-01) (2, 3, 5.00000000000000000000e-01) (2, 3, 5.00000000000000000000e-01) (2, 3, 5.00000000000000000000e-01) (0, 3, 0.00000000000000000000e+00) (5, 3, 5.00000000000000000000e-01) (5, 3, 5.00000000000000000000e-01) (0, 3, 0.00000000000000000000e+00) (3, 0, 5.00000000000000000000e-01) (3, 0, 5.00000000000000000000e-01) (0, 0, 0.00000000000000000000e+00) 
connections (connected_to_neuron, weight)=(0, 1.50000000000000000000e+03) (1, -2.09354598999023437500e+02) (0, 1.05179931640625000000e+02) (1, -1.00413331985473632812e+01) (0, -1.50000000000000000000e+03) (1, 1.08748962402343750000e+03) (0, 1.29235488891601562500e+02) (1, -1.24530401229858398438e+01) (2, 1.44744982910156250000e+03) (3, 1.50000000000000000000e+03) (4, -4.05186882019042968750e+01) (5, 1.50000000000000000000e+03) (6, -1.03195273876190185547e+00) (2, 7.95485067367553710938e+00) (3, 9.63474154472351074219e-01) (4, -1.12695372104644775391e+00) (5, 1.44531750679016113281e+00) (6, -9.88634300231933593750e+00) (7, -1.11053836345672607422e+00) (8, -1.07434868812561035156e+00) (9, -4.49098534882068634033e-02) (7, -3.79928350448608398438e-01) (8, -6.58192968368530273438e+00) (9, 1.99619352817535400391e+00) 
