FANN_FLO_2.1
num_layers=4
learning_rate=0.500000
connection_rate=1.000000
network_type=0
learning_momentum=0.000000
training_algorithm=2
train_error_function=1
train_stop_function=0
cascade_output_change_fraction=0.010000
quickprop_decay=-0.000100
quickprop_mu=1.750000
rprop_increase_factor=1.200000
rprop_decrease_factor=0.500000
rprop_delta_min=0.000000
rprop_delta_max=50.000000
rprop_delta_zero=0.100000
cascade_output_stagnation_epochs=12
cascade_candidate_change_fraction=0.010000
cascade_candidate_stagnation_epochs=12
cascade_max_out_epochs=150
cascade_min_out_epochs=50
cascade_max_cand_epochs=150
cascade_min_cand_epochs=50
cascade_num_candidate_groups=2
bit_fail_limit=3.49999994039535522461e-01
cascade_candidate_limit=1.00000000000000000000e+03
cascade_weight_multiplier=4.00000005960464477539e-01
cascade_activation_functions_count=10
cascade_activation_functions=3 5 7 8 10 11 14 15 16 17 
cascade_activation_steepnesses_count=4
cascade_activation_steepnesses=2.50000000000000000000e-01 5.00000000000000000000e-01 7.50000000000000000000e-01 1.00000000000000000000e+00 
layer_sizes=10 3 3 2 
scale_included=0
neurons (num_inputs, activation_function, activation_steepness)=(0, 0, 0.00000000000000000000e+00) (0, 0, 0.00000000000000000000e+00) (0, 0, 0.00000000000000000000e+00) (0, 0, 0.00000000000000000000e+00) (0, 0, 0.00000000000000000000e+00) (0, 0, 0.00000000000000000000e+00) (0, 0, 0.00000000000000000000e+00) (0, 0, 0.00000000000000000000e+00) (0, 0, 0.00000000000000000000e+00) (0, 0, 0.00000000000000000000e+00) (10, 3, 5.00000000000000000000e-01) (10, 3, 5.00000000000000000000e-01) (0, 3, 0.00000000000000000000e+00) (3, 3, 5.00000000000000000000e-01) (3, 3, 5.00000000000000000000e-01) (0, 3, 0.00000000000000000000e+00) (3, 3, 5.00000000000000000000e-01) (0, 3, 0.00000000000000000000e+00) 
connections (connected_to_neuron, weight)=(0, 6.61271333694458007812e+00) (1, 6.30494403839111328125e+00) (2, -1.09889423847198486328e+00) (3, -9.24909687042236328125e+00) (4, 1.04507219791412353516e+00) (5, -5.43782472610473632812e+00) (6, -3.10626196861267089844e+00) (7, -1.13534107208251953125e+01) (8, -3.91721582412719726562e+00) (9, 4.68264627456665039062e+00) (0, -2.86725070327520370483e-03) (1, -2.41452789306640625000e+00) (2, 1.10761970281600952148e-01) (3, 1.87847471237182617188e+00) (4, -2.62001919746398925781e+00) (5, 2.09775900840759277344e+00) (6, 1.03379929065704345703e+00) (7, 5.96784067153930664062e+00) (8, 1.08899044990539550781e+00) (9, -3.98264980316162109375e+00) (10, -6.94266200065612792969e-01) (11, -5.57344532012939453125e+00) (12, 3.96443694829940795898e-01) (10, -1.15724515914916992188e+00) (11, -5.90278530120849609375e+00) (12, 2.31041178107261657715e-01) (13, 3.41332721710205078125e+00) (14, 4.48213911056518554688e+00) (15, -1.79472339153289794922e+00) 
