FANN_FLO_2.1
num_layers=3
learning_rate=0.500000
connection_rate=1.000000
network_type=0
learning_momentum=0.000000
training_algorithm=2
train_error_function=1
train_stop_function=0
cascade_output_change_fraction=0.010000
quickprop_decay=-0.000100
quickprop_mu=1.750000
rprop_increase_factor=1.200000
rprop_decrease_factor=0.500000
rprop_delta_min=0.000000
rprop_delta_max=50.000000
rprop_delta_zero=0.100000
cascade_output_stagnation_epochs=12
cascade_candidate_change_fraction=0.010000
cascade_candidate_stagnation_epochs=12
cascade_max_out_epochs=150
cascade_min_out_epochs=50
cascade_max_cand_epochs=150
cascade_min_cand_epochs=50
cascade_num_candidate_groups=2
bit_fail_limit=3.49999994039535522461e-01
cascade_candidate_limit=1.00000000000000000000e+03
cascade_weight_multiplier=4.00000005960464477539e-01
cascade_activation_functions_count=10
cascade_activation_functions=3 5 7 8 10 11 14 15 16 17 
cascade_activation_steepnesses_count=4
cascade_activation_steepnesses=2.50000000000000000000e-01 5.00000000000000000000e-01 7.50000000000000000000e-01 1.00000000000000000000e+00 
layer_sizes=10 5 2 
scale_included=0
neurons (num_inputs, activation_function, activation_steepness)=(0, 0, 0.00000000000000000000e+00) (0, 0, 0.00000000000000000000e+00) (0, 0, 0.00000000000000000000e+00) (0, 0, 0.00000000000000000000e+00) (0, 0, 0.00000000000000000000e+00) (0, 0, 0.00000000000000000000e+00) (0, 0, 0.00000000000000000000e+00) (0, 0, 0.00000000000000000000e+00) (0, 0, 0.00000000000000000000e+00) (0, 0, 0.00000000000000000000e+00) (10, 3, 5.00000000000000000000e-01) (10, 3, 5.00000000000000000000e-01) (10, 3, 5.00000000000000000000e-01) (10, 3, 5.00000000000000000000e-01) (0, 3, 0.00000000000000000000e+00) (5, 3, 5.00000000000000000000e-01) (0, 3, 0.00000000000000000000e+00) 
connections (connected_to_neuron, weight)=(0, 1.57753124833106994629e-01) (1, -5.03857731819152832031e-01) (2, 1.59279692173004150391e+00) (3, -2.45975685119628906250e+00) (4, -4.75980472564697265625e+00) (5, 1.05266118049621582031e+00) (6, 1.27516689300537109375e+01) (7, -5.26300287246704101562e+00) (8, -4.45107030868530273438e+00) (9, 1.50291073322296142578e+00) (0, 1.08416996896266937256e-01) (1, -4.01587533950805664062e+00) (2, -7.25791120529174804688e+00) (3, -1.23278732299804687500e+01) (4, 5.74988365173339843750e+00) (5, 2.08265733718872070312e+00) (6, 3.92961549758911132812e+00) (7, 9.80075001716613769531e-01) (8, 1.80231285095214843750e+00) (9, 1.38603961467742919922e+00) (0, 5.84458160400390625000e+00) (1, 1.25083625316619873047e-01) (2, -2.09400153160095214844e+00) (3, 1.43034553527832031250e+00) (4, -7.79356384277343750000e+00) (5, -5.16006994247436523438e+00) (6, 1.40228497982025146484e+00) (7, -6.89073503017425537109e-01) (8, -4.53133523464202880859e-01) (9, 2.70717668533325195312e+00) (0, 4.05537068843841552734e-01) (1, 3.33087897300720214844e+00) (2, -3.90899991989135742188e+00) (3, 2.80158489942550659180e-01) (4, -2.57758498191833496094e+00) (5, 5.09674131870269775391e-01) (6, 1.25898253917694091797e+00) (7, -1.12111301422119140625e+01) (8, -5.54823923110961914062e+00) (9, 9.94588565826416015625e+00) (10, 6.93141996860504150391e-01) (11, 3.13899159431457519531e+00) (12, 8.67872178554534912109e-01) (13, 3.99966144561767578125e+00) (14, -4.15304660797119140625e+00) 
