FANN_FLO_2.1
num_layers=4
learning_rate=0.500000
connection_rate=1.000000
network_type=0
learning_momentum=0.000000
training_algorithm=2
train_error_function=1
train_stop_function=0
cascade_output_change_fraction=0.010000
quickprop_decay=-0.000100
quickprop_mu=1.750000
rprop_increase_factor=1.200000
rprop_decrease_factor=0.500000
rprop_delta_min=0.000000
rprop_delta_max=50.000000
rprop_delta_zero=0.100000
cascade_output_stagnation_epochs=12
cascade_candidate_change_fraction=0.010000
cascade_candidate_stagnation_epochs=12
cascade_max_out_epochs=150
cascade_min_out_epochs=50
cascade_max_cand_epochs=150
cascade_min_cand_epochs=50
cascade_num_candidate_groups=2
bit_fail_limit=3.49999994039535522461e-01
cascade_candidate_limit=1.00000000000000000000e+03
cascade_weight_multiplier=4.00000005960464477539e-01
cascade_activation_functions_count=10
cascade_activation_functions=3 5 7 8 10 11 14 15 16 17 
cascade_activation_steepnesses_count=4
cascade_activation_steepnesses=2.50000000000000000000e-01 5.00000000000000000000e-01 7.50000000000000000000e-01 1.00000000000000000000e+00 
layer_sizes=2 5 3 3 
scale_included=0
neurons (num_inputs, activation_function, activation_steepness)=(0, 0, 0.00000000000000000000e+00) (0, 0, 0.00000000000000000000e+00) (2, 3, 5.00000000000000000000e-01) (2, 3, 5.00000000000000000000e-01) (2, 3, 5.00000000000000000000e-01) (2, 3, 5.00000000000000000000e-01) (0, 3, 0.00000000000000000000e+00) (5, 3, 5.00000000000000000000e-01) (5, 3, 5.00000000000000000000e-01) (0, 3, 0.00000000000000000000e+00) (3, 0, 5.00000000000000000000e-01) (3, 0, 5.00000000000000000000e-01) (0, 0, 0.00000000000000000000e+00) 
connections (connected_to_neuron, weight)=(0, -1.50000000000000000000e+03) (1, 1.31489395141601562500e+02) (0, -1.44724340438842773438e+01) (1, 1.18204915523529052734e+00) (0, -1.21028852462768554688e+01) (1, 3.17969942092895507812e+00) (0, -5.09875679016113281250e+01) (1, 2.01947593688964843750e+00) (2, -1.39968824386596679688e+01) (3, 1.00351562500000000000e+01) (4, 1.52650766372680664062e+01) (5, -6.14492940902709960938e+00) (6, -2.98124694824218750000e+00) (2, -5.36322072148323059082e-02) (3, -9.97397482395172119141e-01) (4, -4.06441068649291992188e+00) (5, -1.69765079021453857422e+00) (6, 2.93262553215026855469e+00) (7, -2.12996935844421386719e+00) (8, -1.37195217609405517578e+00) (9, 1.06087851524353027344e+00) (7, 9.77812111377716064453e-01) (8, -4.05576610565185546875e+00) (9, 1.66511142253875732422e+00) 
