FANN_FLO_2.1
num_layers=4
learning_rate=0.400000
connection_rate=1.000000
network_type=0
learning_momentum=0.000000
training_algorithm=2
train_error_function=1
train_stop_function=0
cascade_output_change_fraction=0.010000
quickprop_decay=-0.000100
quickprop_mu=1.750000
rprop_increase_factor=1.200000
rprop_decrease_factor=0.500000
rprop_delta_min=0.000000
rprop_delta_max=50.000000
rprop_delta_zero=0.100000
cascade_output_stagnation_epochs=12
cascade_candidate_change_fraction=0.010000
cascade_candidate_stagnation_epochs=12
cascade_max_out_epochs=150
cascade_min_out_epochs=50
cascade_max_cand_epochs=150
cascade_min_cand_epochs=50
cascade_num_candidate_groups=2
bit_fail_limit=3.49999994039535522461e-01
cascade_candidate_limit=1.00000000000000000000e+03
cascade_weight_multiplier=4.00000005960464477539e-01
cascade_activation_functions_count=10
cascade_activation_functions=3 5 7 8 10 11 14 15 16 17 
cascade_activation_steepnesses_count=4
cascade_activation_steepnesses=2.50000000000000000000e-01 5.00000000000000000000e-01 7.50000000000000000000e-01 1.00000000000000000000e+00 
layer_sizes=7 3 3 2 
scale_included=0
neurons (num_inputs, activation_function, activation_steepness)=(0, 0, 0.00000000000000000000e+00) (0, 0, 0.00000000000000000000e+00) (0, 0, 0.00000000000000000000e+00) (0, 0, 0.00000000000000000000e+00) (0, 0, 0.00000000000000000000e+00) (0, 0, 0.00000000000000000000e+00) (0, 0, 0.00000000000000000000e+00) (7, 3, 5.00000000000000000000e-01) (7, 3, 5.00000000000000000000e-01) (0, 3, 0.00000000000000000000e+00) (3, 3, 5.00000000000000000000e-01) (3, 3, 5.00000000000000000000e-01) (0, 3, 0.00000000000000000000e+00) (3, 3, 5.00000000000000000000e-01) (0, 3, 0.00000000000000000000e+00) 
connections (connected_to_neuron, weight)=(0, -7.63864040374755859375e+00) (1, 6.00012397766113281250e+00) (2, -1.65859580039978027344e+00) (3, -2.83114004135131835938e+00) (4, -1.22115659713745117188e+00) (5, -8.91907513141632080078e-01) (6, 5.26647508144378662109e-01) (0, -3.32171845436096191406e+00) (1, -1.98260818481445312500e+02) (2, -4.47990684509277343750e+01) (3, -2.12128479003906250000e+02) (4, 1.70094597339630126953e+00) (5, 2.05665115356445312500e+02) (6, -6.15831613540649414062e-01) (7, 9.76288604736328125000e+00) (8, 1.55063133239746093750e+01) (9, -9.66656088829040527344e-01) (7, 8.89180469512939453125e+00) (8, 1.56062746047973632812e+00) (9, -1.54776406288146972656e+00) (10, -1.61326980590820312500e+00) (11, -2.54321336746215820312e+00) (12, -7.59825944900512695312e-01) 
