FANN_FLO_2.1
num_layers=4
learning_rate=0.500000
connection_rate=1.000000
network_type=0
learning_momentum=0.000000
training_algorithm=2
train_error_function=1
train_stop_function=0
cascade_output_change_fraction=0.010000
quickprop_decay=-0.000100
quickprop_mu=1.750000
rprop_increase_factor=1.200000
rprop_decrease_factor=0.500000
rprop_delta_min=0.000000
rprop_delta_max=50.000000
rprop_delta_zero=0.100000
cascade_output_stagnation_epochs=12
cascade_candidate_change_fraction=0.010000
cascade_candidate_stagnation_epochs=12
cascade_max_out_epochs=150
cascade_min_out_epochs=50
cascade_max_cand_epochs=150
cascade_min_cand_epochs=50
cascade_num_candidate_groups=2
bit_fail_limit=3.49999994039535522461e-01
cascade_candidate_limit=1.00000000000000000000e+03
cascade_weight_multiplier=4.00000005960464477539e-01
cascade_activation_functions_count=10
cascade_activation_functions=3 5 7 8 10 11 14 15 16 17 
cascade_activation_steepnesses_count=4
cascade_activation_steepnesses=2.50000000000000000000e-01 5.00000000000000000000e-01 7.50000000000000000000e-01 1.00000000000000000000e+00 
layer_sizes=2 5 5 3 
scale_included=0
neurons (num_inputs, activation_function, activation_steepness)=(0, 0, 0.00000000000000000000e+00) (0, 0, 0.00000000000000000000e+00) (2, 3, 5.00000000000000000000e-01) (2, 3, 5.00000000000000000000e-01) (2, 3, 5.00000000000000000000e-01) (2, 3, 5.00000000000000000000e-01) (0, 3, 0.00000000000000000000e+00) (5, 3, 5.00000000000000000000e-01) (5, 3, 5.00000000000000000000e-01) (5, 3, 5.00000000000000000000e-01) (5, 3, 5.00000000000000000000e-01) (0, 3, 0.00000000000000000000e+00) (5, 0, 5.00000000000000000000e-01) (5, 0, 5.00000000000000000000e-01) (0, 0, 0.00000000000000000000e+00) 
connections (connected_to_neuron, weight)=(0, 1.25040054321289062500e+01) (1, -1.33629047870635986328e+00) (0, 1.40230751037597656250e+01) (1, -6.07317399978637695312e+00) (0, 3.16066780090332031250e+01) (1, -1.88557362556457519531e+00) (0, 1.47208061218261718750e+01) (1, -3.68721270561218261719e+00) (2, -1.77588856220245361328e+00) (3, -1.00690138339996337891e+00) (4, -1.38365745544433593750e-01) (5, -2.76410484313964843750e+00) (6, 7.55581915378570556641e-01) (2, 3.71593683958053588867e-01) (3, -7.46705627441406250000e+00) (4, 4.69822120666503906250e+00) (5, -1.48276436328887939453e+00) (6, 2.62723058462142944336e-01) (2, 1.23996770381927490234e+00) (3, 5.78859567642211914062e+00) (4, -1.28022003173828125000e+00) (5, 1.38236415386199951172e+00) (6, 1.80116012692451477051e-01) (2, -4.02236223220825195312e-01) (3, -4.49932384490966796875e+00) (4, -8.99600833654403686523e-02) (5, -2.83807063102722167969e+00) (6, 2.94488573074340820312e+00) (7, 3.92083334922790527344e+00) (8, -1.63094711303710937500e+00) (9, 1.49823233485221862793e-01) (10, -1.24042928218841552734e+00) (11, -8.10884311795234680176e-03) (7, 2.86582922935485839844e+00) (8, 3.68193417787551879883e-01) (9, -1.38875186443328857422e+00) (10, 1.85068058967590332031e+00) (11, -8.40292274951934814453e-01) 
