FANN_FLO_2.1
num_layers=4
learning_rate=0.500000
connection_rate=1.000000
network_type=0
learning_momentum=0.000000
training_algorithm=2
train_error_function=1
train_stop_function=0
cascade_output_change_fraction=0.010000
quickprop_decay=-0.000100
quickprop_mu=1.750000
rprop_increase_factor=1.200000
rprop_decrease_factor=0.500000
rprop_delta_min=0.000000
rprop_delta_max=50.000000
rprop_delta_zero=0.100000
cascade_output_stagnation_epochs=12
cascade_candidate_change_fraction=0.010000
cascade_candidate_stagnation_epochs=12
cascade_max_out_epochs=150
cascade_min_out_epochs=50
cascade_max_cand_epochs=150
cascade_min_cand_epochs=50
cascade_num_candidate_groups=2
bit_fail_limit=3.49999994039535522461e-01
cascade_candidate_limit=1.00000000000000000000e+03
cascade_weight_multiplier=4.00000005960464477539e-01
cascade_activation_functions_count=10
cascade_activation_functions=3 5 7 8 10 11 14 15 16 17 
cascade_activation_steepnesses_count=4
cascade_activation_steepnesses=2.50000000000000000000e-01 5.00000000000000000000e-01 7.50000000000000000000e-01 1.00000000000000000000e+00 
layer_sizes=2 5 3 3 
scale_included=0
neurons (num_inputs, activation_function, activation_steepness)=(0, 0, 0.00000000000000000000e+00) (0, 0, 0.00000000000000000000e+00) (2, 3, 5.00000000000000000000e-01) (2, 3, 5.00000000000000000000e-01) (2, 3, 5.00000000000000000000e-01) (2, 3, 5.00000000000000000000e-01) (0, 3, 0.00000000000000000000e+00) (5, 3, 5.00000000000000000000e-01) (5, 3, 5.00000000000000000000e-01) (0, 3, 0.00000000000000000000e+00) (3, 0, 5.00000000000000000000e-01) (3, 0, 5.00000000000000000000e-01) (0, 0, 0.00000000000000000000e+00) 
connections (connected_to_neuron, weight)=(0, -3.08519611358642578125e+01) (1, 3.24397706985473632812e+00) (0, -3.55140762329101562500e+01) (1, 9.33347225189208984375e+00) (0, -4.78588562011718750000e+01) (1, 5.49977350234985351562e+00) (0, -4.15487403869628906250e+01) (1, 4.91071414947509765625e+00) (2, -8.82761764526367187500e+00) (3, 3.49541435241699218750e+01) (4, -1.35078439712524414062e+01) (5, -1.19622077941894531250e+01) (6, -2.27734088897705078125e-01) (2, -3.15140414237976074219e+00) (3, -1.51518285274505615234e+00) (4, 7.29156494140625000000e-01) (5, 4.14181441068649291992e-01) (6, 1.69436609745025634766e+00) (7, -2.92503118515014648438e+00) (8, -2.12163734436035156250e+00) (9, 2.38909077644348144531e+00) (7, 1.81554555892944335938e+00) (8, -4.72209930419921875000e+00) (9, 1.36339008808135986328e+00) 
