FANN_FLO_2.1
num_layers=4
learning_rate=0.400000
connection_rate=1.000000
network_type=0
learning_momentum=0.000000
training_algorithm=2
train_error_function=1
train_stop_function=0
cascade_output_change_fraction=0.010000
quickprop_decay=-0.000100
quickprop_mu=1.750000
rprop_increase_factor=1.200000
rprop_decrease_factor=0.500000
rprop_delta_min=0.000000
rprop_delta_max=50.000000
rprop_delta_zero=0.100000
cascade_output_stagnation_epochs=12
cascade_candidate_change_fraction=0.010000
cascade_candidate_stagnation_epochs=12
cascade_max_out_epochs=150
cascade_min_out_epochs=50
cascade_max_cand_epochs=150
cascade_min_cand_epochs=50
cascade_num_candidate_groups=2
bit_fail_limit=3.49999994039535522461e-01
cascade_candidate_limit=1.00000000000000000000e+03
cascade_weight_multiplier=4.00000005960464477539e-01
cascade_activation_functions_count=10
cascade_activation_functions=3 5 7 8 10 11 14 15 16 17 
cascade_activation_steepnesses_count=4
cascade_activation_steepnesses=2.50000000000000000000e-01 5.00000000000000000000e-01 7.50000000000000000000e-01 1.00000000000000000000e+00 
layer_sizes=7 5 5 2 
scale_included=0
neurons (num_inputs, activation_function, activation_steepness)=(0, 0, 0.00000000000000000000e+00) (0, 0, 0.00000000000000000000e+00) (0, 0, 0.00000000000000000000e+00) (0, 0, 0.00000000000000000000e+00) (0, 0, 0.00000000000000000000e+00) (0, 0, 0.00000000000000000000e+00) (0, 0, 0.00000000000000000000e+00) (7, 3, 5.00000000000000000000e-01) (7, 3, 5.00000000000000000000e-01) (7, 3, 5.00000000000000000000e-01) (7, 3, 5.00000000000000000000e-01) (0, 3, 0.00000000000000000000e+00) (5, 3, 5.00000000000000000000e-01) (5, 3, 5.00000000000000000000e-01) (5, 3, 5.00000000000000000000e-01) (5, 3, 5.00000000000000000000e-01) (0, 3, 0.00000000000000000000e+00) (5, 3, 5.00000000000000000000e-01) (0, 3, 0.00000000000000000000e+00) 
connections (connected_to_neuron, weight)=(0, -2.41810068488121032715e-01) (1, -1.77545070648193359375e+00) (2, 4.42741727828979492188e+00) (3, -3.03742504119873046875e+00) (4, -1.02109909057617187500e+00) (5, 1.55166521668434143066e-01) (6, 1.46305203437805175781e+00) (0, -1.20010632324218750000e+03) (1, 8.83834106445312500000e+02) (2, -8.43630493164062500000e+02) (3, -7.54610748291015625000e+01) (4, 8.69801254272460937500e+01) (5, 2.94583892822265625000e+02) (6, -5.89931821823120117188e+00) (0, -1.20598730468750000000e+03) (1, 1.21750122070312500000e+03) (2, -1.50000000000000000000e+03) (3, 1.98830062866210937500e+02) (4, -1.13629121780395507812e+01) (5, 2.43618682861328125000e+02) (6, -2.26697540283203125000e+00) (0, -1.20156286621093750000e+03) (1, 1.29961914062500000000e+03) (2, -1.50000000000000000000e+03) (3, -5.34357948303222656250e+01) (4, -6.30998497009277343750e+01) (5, 3.02344024658203125000e+02) (6, -2.88058471679687500000e+00) (7, 1.76691207885742187500e+01) (8, -8.52217912673950195312e-01) (9, -1.15636014938354492188e+00) (10, 3.70395064353942871094e-01) (11, -1.86512482166290283203e+00) (7, 2.16770172119140625000e+01) (8, -6.47469377517700195312e+00) (9, -2.11258411407470703125e+00) (10, 5.86751341819763183594e-01) (11, -1.85241007804870605469e+00) (7, 1.94438076019287109375e+01) (8, -7.73652732372283935547e-01) (9, -1.37610030174255371094e+00) (10, 1.79916393756866455078e+00) (11, -2.68405747413635253906e+00) (7, -6.11813879013061523438e+00) (8, 4.84520673751831054688e+00) (9, 1.50000000000000000000e+03) (10, 1.50000000000000000000e+03) (11, -1.77895939350128173828e+00) (12, -7.30202555656433105469e-01) (13, -8.18494200706481933594e-01) (14, -8.92390310764312744141e-01) (15, -1.31967723369598388672e+00) (16, -1.44308879971504211426e-01) 
