FANN_FLO_2.1
num_layers=3
learning_rate=0.400000
connection_rate=1.000000
network_type=0
learning_momentum=0.000000
training_algorithm=2
train_error_function=1
train_stop_function=0
cascade_output_change_fraction=0.010000
quickprop_decay=-0.000100
quickprop_mu=1.750000
rprop_increase_factor=1.200000
rprop_decrease_factor=0.500000
rprop_delta_min=0.000000
rprop_delta_max=50.000000
rprop_delta_zero=0.100000
cascade_output_stagnation_epochs=12
cascade_candidate_change_fraction=0.010000
cascade_candidate_stagnation_epochs=12
cascade_max_out_epochs=150
cascade_min_out_epochs=50
cascade_max_cand_epochs=150
cascade_min_cand_epochs=50
cascade_num_candidate_groups=2
bit_fail_limit=3.49999994039535522461e-01
cascade_candidate_limit=1.00000000000000000000e+03
cascade_weight_multiplier=4.00000005960464477539e-01
cascade_activation_functions_count=10
cascade_activation_functions=3 5 7 8 10 11 14 15 16 17 
cascade_activation_steepnesses_count=4
cascade_activation_steepnesses=2.50000000000000000000e-01 5.00000000000000000000e-01 7.50000000000000000000e-01 1.00000000000000000000e+00 
layer_sizes=7 5 2 
scale_included=0
neurons (num_inputs, activation_function, activation_steepness)=(0, 0, 0.00000000000000000000e+00) (0, 0, 0.00000000000000000000e+00) (0, 0, 0.00000000000000000000e+00) (0, 0, 0.00000000000000000000e+00) (0, 0, 0.00000000000000000000e+00) (0, 0, 0.00000000000000000000e+00) (0, 0, 0.00000000000000000000e+00) (7, 3, 5.00000000000000000000e-01) (7, 3, 5.00000000000000000000e-01) (7, 3, 5.00000000000000000000e-01) (7, 3, 5.00000000000000000000e-01) (0, 3, 0.00000000000000000000e+00) (5, 3, 5.00000000000000000000e-01) (0, 3, 0.00000000000000000000e+00) 
connections (connected_to_neuron, weight)=(0, -6.23567961156368255615e-02) (1, -1.37742996215820312500e+00) (2, 1.14742498397827148438e+01) (3, -2.85276174545288085938e+00) (4, -1.94202446937561035156e+00) (5, 8.74068140983581542969e-01) (6, 2.77966380119323730469e+00) (0, 8.24459934234619140625e+00) (1, -8.76416015625000000000e+00) (2, 4.80338191986083984375e+00) (3, -8.48959207534790039062e-01) (4, 7.25877564400434494019e-03) (5, -3.35744404792785644531e+00) (6, 3.62227582931518554688e+00) (0, 4.49252247810363769531e-01) (1, 2.18030810356140136719e+00) (2, -6.47628707885742187500e+01) (3, -3.25550918579101562500e+01) (4, 8.79331302642822265625e+00) (5, -8.94075334072113037109e-02) (6, -1.89496684074401855469e+00) (0, -1.51349582672119140625e+01) (1, 1.35537033081054687500e+01) (2, -6.85663414001464843750e+00) (3, -1.64127171039581298828e+00) (4, -1.22927999496459960938e+00) (5, 4.39455366134643554688e+00) (6, 1.97193598747253417969e+00) (7, -1.29499673843383789062e+00) (8, -3.86843776702880859375e+00) (9, -1.30933618545532226562e+00) (10, -3.19483947753906250000e+00) (11, 3.05989766120910644531e+00) 
