FANN_FLO_2.1
num_layers=3
learning_rate=0.400000
connection_rate=1.000000
network_type=0
learning_momentum=0.000000
training_algorithm=2
train_error_function=1
train_stop_function=0
cascade_output_change_fraction=0.010000
quickprop_decay=-0.000100
quickprop_mu=1.750000
rprop_increase_factor=1.200000
rprop_decrease_factor=0.500000
rprop_delta_min=0.000000
rprop_delta_max=50.000000
rprop_delta_zero=0.100000
cascade_output_stagnation_epochs=12
cascade_candidate_change_fraction=0.010000
cascade_candidate_stagnation_epochs=12
cascade_max_out_epochs=150
cascade_min_out_epochs=50
cascade_max_cand_epochs=150
cascade_min_cand_epochs=50
cascade_num_candidate_groups=2
bit_fail_limit=3.49999994039535522461e-01
cascade_candidate_limit=1.00000000000000000000e+03
cascade_weight_multiplier=4.00000005960464477539e-01
cascade_activation_functions_count=10
cascade_activation_functions=3 5 7 8 10 11 14 15 16 17 
cascade_activation_steepnesses_count=4
cascade_activation_steepnesses=2.50000000000000000000e-01 5.00000000000000000000e-01 7.50000000000000000000e-01 1.00000000000000000000e+00 
layer_sizes=7 5 2 
scale_included=0
neurons (num_inputs, activation_function, activation_steepness)=(0, 0, 0.00000000000000000000e+00) (0, 0, 0.00000000000000000000e+00) (0, 0, 0.00000000000000000000e+00) (0, 0, 0.00000000000000000000e+00) (0, 0, 0.00000000000000000000e+00) (0, 0, 0.00000000000000000000e+00) (0, 0, 0.00000000000000000000e+00) (7, 3, 5.00000000000000000000e-01) (7, 3, 5.00000000000000000000e-01) (7, 3, 5.00000000000000000000e-01) (7, 3, 5.00000000000000000000e-01) (0, 3, 0.00000000000000000000e+00) (5, 3, 5.00000000000000000000e-01) (0, 3, 0.00000000000000000000e+00) 
connections (connected_to_neuron, weight)=(0, 5.90485048294067382812e+00) (1, -7.59611749649047851562e+00) (2, 2.35189723968505859375e+00) (3, -2.37532114982604980469e+00) (4, -4.30769085884094238281e-01) (5, 4.64061641693115234375e+00) (6, -4.36348438262939453125e+00) (0, 3.99404263496398925781e+00) (1, 1.75792133808135986328e+00) (2, 1.80594902038574218750e+01) (3, -5.74681425094604492188e+00) (4, -3.31268215179443359375e+00) (5, -4.07201468944549560547e-01) (6, -2.18857026100158691406e+00) (0, 1.20714731216430664062e+01) (1, 3.08547306060791015625e+00) (2, -1.37878692150115966797e+00) (3, 4.03972320556640625000e+01) (4, 1.04471807479858398438e+01) (5, -2.79776134490966796875e+01) (6, 7.35976839065551757812e+00) (0, -1.22177457809448242188e+01) (1, 9.83984851837158203125e+00) (2, -4.58523130416870117188e+00) (3, -1.63241398334503173828e+00) (4, -8.89050185680389404297e-01) (5, -1.50000000000000000000e+03) (6, 1.99624276161193847656e+00) (7, -1.32190589904785156250e+01) (8, -7.71519303321838378906e-01) (9, -8.37041079998016357422e-01) (10, -4.75228357315063476562e+00) (11, -4.62962128221988677979e-02) 
