FANN_FLO_2.1
num_layers=4
learning_rate=0.500000
connection_rate=1.000000
network_type=0
learning_momentum=0.000000
training_algorithm=2
train_error_function=1
train_stop_function=0
cascade_output_change_fraction=0.010000
quickprop_decay=-0.000100
quickprop_mu=1.750000
rprop_increase_factor=1.200000
rprop_decrease_factor=0.500000
rprop_delta_min=0.000000
rprop_delta_max=50.000000
rprop_delta_zero=0.100000
cascade_output_stagnation_epochs=12
cascade_candidate_change_fraction=0.010000
cascade_candidate_stagnation_epochs=12
cascade_max_out_epochs=150
cascade_min_out_epochs=50
cascade_max_cand_epochs=150
cascade_min_cand_epochs=50
cascade_num_candidate_groups=2
bit_fail_limit=3.49999994039535522461e-01
cascade_candidate_limit=1.00000000000000000000e+03
cascade_weight_multiplier=4.00000005960464477539e-01
cascade_activation_functions_count=10
cascade_activation_functions=3 5 7 8 10 11 14 15 16 17 
cascade_activation_steepnesses_count=4
cascade_activation_steepnesses=2.50000000000000000000e-01 5.00000000000000000000e-01 7.50000000000000000000e-01 1.00000000000000000000e+00 
layer_sizes=2 5 5 3 
scale_included=0
neurons (num_inputs, activation_function, activation_steepness)=(0, 0, 0.00000000000000000000e+00) (0, 0, 0.00000000000000000000e+00) (2, 3, 5.00000000000000000000e-01) (2, 3, 5.00000000000000000000e-01) (2, 3, 5.00000000000000000000e-01) (2, 3, 5.00000000000000000000e-01) (0, 3, 0.00000000000000000000e+00) (5, 3, 5.00000000000000000000e-01) (5, 3, 5.00000000000000000000e-01) (5, 3, 5.00000000000000000000e-01) (5, 3, 5.00000000000000000000e-01) (0, 3, 0.00000000000000000000e+00) (5, 0, 5.00000000000000000000e-01) (5, 0, 5.00000000000000000000e-01) (0, 0, 0.00000000000000000000e+00) 
connections (connected_to_neuron, weight)=(0, -1.50000000000000000000e+03) (1, 6.21134071350097656250e+01) (0, 1.50000000000000000000e+03) (1, 1.70701920986175537109e+00) (0, -1.50000000000000000000e+03) (1, 7.61720657348632812500e+01) (0, 1.50000000000000000000e+03) (1, 7.43196249008178710938e+00) (2, 9.90990722656250000000e+02) (3, -1.33623303222656250000e+03) (4, 1.48872863769531250000e+03) (5, -1.35355957031250000000e+03) (6, 3.17574024200439453125e+00) (2, 5.95147277832031250000e+02) (3, -1.40383581542968750000e+03) (4, 1.50000000000000000000e+03) (5, -1.31929675292968750000e+03) (6, -7.06958923339843750000e+02) (2, -8.50597839355468750000e+02) (3, -9.37084350585937500000e+02) (4, -1.19426208496093750000e+03) (5, 1.49284204101562500000e+03) (6, 1.49284204101562500000e+03) (2, -1.50000000000000000000e+03) (3, -2.80326995849609375000e+01) (4, -1.50000000000000000000e+03) (5, 2.77635116577148437500e+01) (6, 2.31587696075439453125e+00) (7, 1.43037235736846923828e+00) (8, 1.50000000000000000000e+03) (9, -3.26885342597961425781e-01) (10, -1.15798568725585937500e+00) (11, -8.33487957715988159180e-02) (7, 8.02689343690872192383e-02) (8, 1.50000000000000000000e+03) (9, 1.20106542110443115234e+00) (10, -2.38002538681030273438e+00) (11, 7.76636540889739990234e-01) 
