FANN_FLO_2.1
num_layers=4
learning_rate=0.500000
connection_rate=1.000000
network_type=0
learning_momentum=0.000000
training_algorithm=2
train_error_function=1
train_stop_function=0
cascade_output_change_fraction=0.010000
quickprop_decay=-0.000100
quickprop_mu=1.750000
rprop_increase_factor=1.200000
rprop_decrease_factor=0.500000
rprop_delta_min=0.000000
rprop_delta_max=50.000000
rprop_delta_zero=0.100000
cascade_output_stagnation_epochs=12
cascade_candidate_change_fraction=0.010000
cascade_candidate_stagnation_epochs=12
cascade_max_out_epochs=150
cascade_min_out_epochs=50
cascade_max_cand_epochs=150
cascade_min_cand_epochs=50
cascade_num_candidate_groups=2
bit_fail_limit=3.49999994039535522461e-01
cascade_candidate_limit=1.00000000000000000000e+03
cascade_weight_multiplier=4.00000005960464477539e-01
cascade_activation_functions_count=10
cascade_activation_functions=3 5 7 8 10 11 14 15 16 17 
cascade_activation_steepnesses_count=4
cascade_activation_steepnesses=2.50000000000000000000e-01 5.00000000000000000000e-01 7.50000000000000000000e-01 1.00000000000000000000e+00 
layer_sizes=10 5 3 2 
scale_included=0
neurons (num_inputs, activation_function, activation_steepness)=(0, 0, 0.00000000000000000000e+00) (0, 0, 0.00000000000000000000e+00) (0, 0, 0.00000000000000000000e+00) (0, 0, 0.00000000000000000000e+00) (0, 0, 0.00000000000000000000e+00) (0, 0, 0.00000000000000000000e+00) (0, 0, 0.00000000000000000000e+00) (0, 0, 0.00000000000000000000e+00) (0, 0, 0.00000000000000000000e+00) (0, 0, 0.00000000000000000000e+00) (10, 3, 5.00000000000000000000e-01) (10, 3, 5.00000000000000000000e-01) (10, 3, 5.00000000000000000000e-01) (10, 3, 5.00000000000000000000e-01) (0, 3, 0.00000000000000000000e+00) (5, 3, 5.00000000000000000000e-01) (5, 3, 5.00000000000000000000e-01) (0, 3, 0.00000000000000000000e+00) (3, 3, 5.00000000000000000000e-01) (0, 3, 0.00000000000000000000e+00) 
connections (connected_to_neuron, weight)=(0, 1.60834274291992187500e+02) (1, 1.97827386856079101562e+00) (2, -1.44051010131835937500e+02) (3, 8.68920993804931640625e+00) (4, 2.27730250358581542969e+00) (5, -3.59271883964538574219e+00) (6, 1.14223384857177734375e+00) (7, -1.66721391677856445312e+00) (8, -6.86868972778320312500e+01) (9, 2.64817744493484497070e-01) (0, -2.52542495727539062500e+01) (1, 1.83839464187622070312e+00) (2, 1.62468986511230468750e+01) (3, -8.03206115961074829102e-03) (4, 9.23455238342285156250e-01) (5, 6.07753753662109375000e+00) (6, -1.78024634718894958496e-01) (7, -6.37906074523925781250e-01) (8, 1.70234575867652893066e-01) (9, -1.06029503047466278076e-01) (0, -1.36311817169189453125e+01) (1, 7.75654375553131103516e-01) (2, -3.86115580797195434570e-01) (3, -1.19655632972717285156e+00) (4, -5.64956367015838623047e-01) (5, 1.07546925544738769531e+00) (6, -3.47953617572784423828e-01) (7, 2.17115831375122070312e+00) (8, 1.37858219146728515625e+01) (9, 1.69328165054321289062e+00) (0, -9.50553771972656250000e+02) (1, 7.73045578002929687500e+01) (2, -2.49402557373046875000e+02) (3, 2.74196472167968750000e+02) (4, 2.08700866699218750000e+01) (5, 5.27975120544433593750e+01) (6, 1.67168762207031250000e+02) (7, -1.49998120117187500000e+03) (8, -1.13970267772674560547e+00) (9, -3.05372309684753417969e+00) (10, 1.27184600830078125000e+01) (11, 1.41959953308105468750e+01) (12, -1.18411226272583007812e+01) (13, 1.50000000000000000000e+03) (14, 3.45761442184448242188e+00) (10, 8.65205860137939453125e+00) (11, 9.68688774108886718750e+00) (12, -2.70230937004089355469e+00) (13, 1.50000000000000000000e+03) (14, -1.54495871067047119141e+00) (15, 1.14028048515319824219e+00) (16, 1.42306387424468994141e+00) (17, -1.68441641330718994141e+00) 
