FANN_FLO_2.1
num_layers=4
learning_rate=0.500000
connection_rate=1.000000
network_type=0
learning_momentum=0.000000
training_algorithm=2
train_error_function=1
train_stop_function=0
cascade_output_change_fraction=0.010000
quickprop_decay=-0.000100
quickprop_mu=1.750000
rprop_increase_factor=1.200000
rprop_decrease_factor=0.500000
rprop_delta_min=0.000000
rprop_delta_max=50.000000
rprop_delta_zero=0.100000
cascade_output_stagnation_epochs=12
cascade_candidate_change_fraction=0.010000
cascade_candidate_stagnation_epochs=12
cascade_max_out_epochs=150
cascade_min_out_epochs=50
cascade_max_cand_epochs=150
cascade_min_cand_epochs=50
cascade_num_candidate_groups=2
bit_fail_limit=3.49999994039535522461e-01
cascade_candidate_limit=1.00000000000000000000e+03
cascade_weight_multiplier=4.00000005960464477539e-01
cascade_activation_functions_count=10
cascade_activation_functions=3 5 7 8 10 11 14 15 16 17 
cascade_activation_steepnesses_count=4
cascade_activation_steepnesses=2.50000000000000000000e-01 5.00000000000000000000e-01 7.50000000000000000000e-01 1.00000000000000000000e+00 
layer_sizes=2 5 5 3 
scale_included=0
neurons (num_inputs, activation_function, activation_steepness)=(0, 0, 0.00000000000000000000e+00) (0, 0, 0.00000000000000000000e+00) (2, 3, 5.00000000000000000000e-01) (2, 3, 5.00000000000000000000e-01) (2, 3, 5.00000000000000000000e-01) (2, 3, 5.00000000000000000000e-01) (0, 3, 0.00000000000000000000e+00) (5, 3, 5.00000000000000000000e-01) (5, 3, 5.00000000000000000000e-01) (5, 3, 5.00000000000000000000e-01) (5, 3, 5.00000000000000000000e-01) (0, 3, 0.00000000000000000000e+00) (5, 0, 5.00000000000000000000e-01) (5, 0, 5.00000000000000000000e-01) (0, 0, 0.00000000000000000000e+00) 
connections (connected_to_neuron, weight)=(0, -5.20578079223632812500e+01) (1, 5.24289941787719726562e+00) (0, 8.17562007904052734375e+00) (1, -1.60036429762840270996e-01) (0, -5.12012786865234375000e+01) (1, 1.87854146957397460938e+00) (0, -2.02109909057617187500e+01) (1, 5.51179504394531250000e+00) (2, 1.50000000000000000000e+03) (3, 1.62370281219482421875e+01) (4, 1.50000000000000000000e+03) (5, -1.80641193389892578125e+01) (6, 1.29921162128448486328e+00) (2, -4.04351949691772460938e+00) (3, 1.79834985733032226562e+00) (4, -1.20219901204109191895e-01) (5, 7.16193103790283203125e+00) (6, -3.22313928604125976562e+00) (2, -6.35574684143066406250e+01) (3, -2.90313661098480224609e-01) (4, -2.14167451858520507812e+00) (5, 6.85021743774414062500e+01) (6, -1.68051242828369140625e+00) (2, -2.25724220275878906250e-01) (3, 4.95500183105468750000e+00) (4, -1.21938025951385498047e+00) (5, -3.75360274314880371094e+00) (6, 3.25245521962642669678e-02) (7, 9.77457344532012939453e-01) (8, -1.27943217754364013672e+00) (9, -1.42182636260986328125e+00) (10, -1.65979254245758056641e+00) (11, 1.07582259178161621094e+00) (7, 2.87759542465209960938e-01) (8, 1.81041812896728515625e+00) (9, 5.13848781585693359375e-01) (10, -3.18084359169006347656e+00) (11, 3.28214257955551147461e-01) 
