FANN_FLO_2.1
num_layers=3
learning_rate=0.500000
connection_rate=1.000000
network_type=0
learning_momentum=0.000000
training_algorithm=2
train_error_function=1
train_stop_function=0
cascade_output_change_fraction=0.010000
quickprop_decay=-0.000100
quickprop_mu=1.750000
rprop_increase_factor=1.200000
rprop_decrease_factor=0.500000
rprop_delta_min=0.000000
rprop_delta_max=50.000000
rprop_delta_zero=0.100000
cascade_output_stagnation_epochs=12
cascade_candidate_change_fraction=0.010000
cascade_candidate_stagnation_epochs=12
cascade_max_out_epochs=150
cascade_min_out_epochs=50
cascade_max_cand_epochs=150
cascade_min_cand_epochs=50
cascade_num_candidate_groups=2
bit_fail_limit=3.49999994039535522461e-01
cascade_candidate_limit=1.00000000000000000000e+03
cascade_weight_multiplier=4.00000005960464477539e-01
cascade_activation_functions_count=10
cascade_activation_functions=3 5 7 8 10 11 14 15 16 17 
cascade_activation_steepnesses_count=4
cascade_activation_steepnesses=2.50000000000000000000e-01 5.00000000000000000000e-01 7.50000000000000000000e-01 1.00000000000000000000e+00 
layer_sizes=10 3 2 
scale_included=0
neurons (num_inputs, activation_function, activation_steepness)=(0, 0, 0.00000000000000000000e+00) (0, 0, 0.00000000000000000000e+00) (0, 0, 0.00000000000000000000e+00) (0, 0, 0.00000000000000000000e+00) (0, 0, 0.00000000000000000000e+00) (0, 0, 0.00000000000000000000e+00) (0, 0, 0.00000000000000000000e+00) (0, 0, 0.00000000000000000000e+00) (0, 0, 0.00000000000000000000e+00) (0, 0, 0.00000000000000000000e+00) (10, 3, 5.00000000000000000000e-01) (10, 3, 5.00000000000000000000e-01) (0, 3, 0.00000000000000000000e+00) (3, 3, 5.00000000000000000000e-01) (0, 3, 0.00000000000000000000e+00) 
connections (connected_to_neuron, weight)=(0, 4.39479649066925048828e-01) (1, -3.52133893966674804688e+00) (2, 5.26474952697753906250e+00) (3, 3.31063580513000488281e+00) (4, -1.81342773437500000000e+01) (5, -5.55536174774169921875e+00) (6, 3.56903495788574218750e+01) (7, 1.07969152927398681641e+00) (8, 1.02854356765747070312e+01) (9, -1.70872058868408203125e+01) (0, 5.16057193279266357422e-01) (1, -1.59385261535644531250e+01) (2, 1.46105442047119140625e+01) (3, 8.13703727722167968750e+00) (4, -2.82006168365478515625e+01) (5, -8.17804241180419921875e+00) (6, 2.05687503814697265625e+01) (7, -2.24846452474594116211e-02) (8, 1.04110651016235351562e+01) (9, 2.58780121803283691406e+00) (10, 2.62040543556213378906e+00) (11, -2.67973113059997558594e+00) (12, 9.30542826652526855469e-01) 
