FANN_FLO_2.1
num_layers=3
learning_rate=0.400000
connection_rate=1.000000
network_type=0
learning_momentum=0.000000
training_algorithm=2
train_error_function=1
train_stop_function=0
cascade_output_change_fraction=0.010000
quickprop_decay=-0.000100
quickprop_mu=1.750000
rprop_increase_factor=1.200000
rprop_decrease_factor=0.500000
rprop_delta_min=0.000000
rprop_delta_max=50.000000
rprop_delta_zero=0.100000
cascade_output_stagnation_epochs=12
cascade_candidate_change_fraction=0.010000
cascade_candidate_stagnation_epochs=12
cascade_max_out_epochs=150
cascade_min_out_epochs=50
cascade_max_cand_epochs=150
cascade_min_cand_epochs=50
cascade_num_candidate_groups=2
bit_fail_limit=3.49999994039535522461e-01
cascade_candidate_limit=1.00000000000000000000e+03
cascade_weight_multiplier=4.00000005960464477539e-01
cascade_activation_functions_count=10
cascade_activation_functions=3 5 7 8 10 11 14 15 16 17 
cascade_activation_steepnesses_count=4
cascade_activation_steepnesses=2.50000000000000000000e-01 5.00000000000000000000e-01 7.50000000000000000000e-01 1.00000000000000000000e+00 
layer_sizes=7 5 2 
scale_included=0
neurons (num_inputs, activation_function, activation_steepness)=(0, 0, 0.00000000000000000000e+00) (0, 0, 0.00000000000000000000e+00) (0, 0, 0.00000000000000000000e+00) (0, 0, 0.00000000000000000000e+00) (0, 0, 0.00000000000000000000e+00) (0, 0, 0.00000000000000000000e+00) (0, 0, 0.00000000000000000000e+00) (7, 3, 5.00000000000000000000e-01) (7, 3, 5.00000000000000000000e-01) (7, 3, 5.00000000000000000000e-01) (7, 3, 5.00000000000000000000e-01) (0, 3, 0.00000000000000000000e+00) (5, 3, 5.00000000000000000000e-01) (0, 3, 0.00000000000000000000e+00) 
connections (connected_to_neuron, weight)=(0, -9.08718585968017578125e+00) (1, 8.40770244598388671875e+00) (2, -2.11219906806945800781e+00) (3, -1.62777245044708251953e+00) (4, -6.63960218429565429688e-01) (5, -4.17969369888305664062e+00) (6, -8.26873660087585449219e-01) (0, 8.78807735443115234375e+00) (1, -9.19977760314941406250e+00) (2, 4.11460304260253906250e+00) (3, -2.98964929580688476562e+00) (4, 8.32590684294700622559e-02) (5, 5.25165081024169921875e+00) (6, -6.18912267684936523438e+00) (0, -7.37009811401367187500e+00) (1, 1.76134213805198669434e-01) (2, 1.05968008041381835938e+01) (3, -8.00009632110595703125e+00) (4, -1.76918876171112060547e+00) (5, 8.75832557678222656250e-01) (6, 1.04167442321777343750e+01) (0, 1.93625950813293457031e+00) (1, -2.08998417854309082031e+00) (2, -1.26822671890258789062e+01) (3, 1.03452005386352539062e+01) (4, -5.66234540939331054688e+00) (5, 8.00841212272644042969e-01) (6, -2.49667930603027343750e+00) (7, -1.20717067718505859375e+01) (8, -9.84577846527099609375e+00) (9, -1.03060412406921386719e+00) (10, -5.43870151042938232422e-01) (11, -4.49606120586395263672e-01) 
