FANN_FLO_2.1
num_layers=3
learning_rate=0.400000
connection_rate=1.000000
network_type=0
learning_momentum=0.000000
training_algorithm=2
train_error_function=1
train_stop_function=0
cascade_output_change_fraction=0.010000
quickprop_decay=-0.000100
quickprop_mu=1.750000
rprop_increase_factor=1.200000
rprop_decrease_factor=0.500000
rprop_delta_min=0.000000
rprop_delta_max=50.000000
rprop_delta_zero=0.100000
cascade_output_stagnation_epochs=12
cascade_candidate_change_fraction=0.010000
cascade_candidate_stagnation_epochs=12
cascade_max_out_epochs=150
cascade_min_out_epochs=50
cascade_max_cand_epochs=150
cascade_min_cand_epochs=50
cascade_num_candidate_groups=2
bit_fail_limit=3.49999994039535522461e-01
cascade_candidate_limit=1.00000000000000000000e+03
cascade_weight_multiplier=4.00000005960464477539e-01
cascade_activation_functions_count=10
cascade_activation_functions=3 5 7 8 10 11 14 15 16 17 
cascade_activation_steepnesses_count=4
cascade_activation_steepnesses=2.50000000000000000000e-01 5.00000000000000000000e-01 7.50000000000000000000e-01 1.00000000000000000000e+00 
layer_sizes=7 9 2 
scale_included=0
neurons (num_inputs, activation_function, activation_steepness)=(0, 0, 0.00000000000000000000e+00) (0, 0, 0.00000000000000000000e+00) (0, 0, 0.00000000000000000000e+00) (0, 0, 0.00000000000000000000e+00) (0, 0, 0.00000000000000000000e+00) (0, 0, 0.00000000000000000000e+00) (0, 0, 0.00000000000000000000e+00) (7, 3, 5.00000000000000000000e-01) (7, 3, 5.00000000000000000000e-01) (7, 3, 5.00000000000000000000e-01) (7, 3, 5.00000000000000000000e-01) (7, 3, 5.00000000000000000000e-01) (7, 3, 5.00000000000000000000e-01) (7, 3, 5.00000000000000000000e-01) (7, 3, 5.00000000000000000000e-01) (0, 3, 0.00000000000000000000e+00) (9, 3, 5.00000000000000000000e-01) (0, 3, 0.00000000000000000000e+00) 
connections (connected_to_neuron, weight)=(0, 2.11632037162780761719e+00) (1, -1.59533154964447021484e+00) (2, -4.63795089721679687500e+00) (3, -1.17498481273651123047e+00) (4, -8.34931135177612304688e-01) (5, 5.58369588851928710938e+00) (6, -3.42580962181091308594e+00) (0, 2.72319269180297851562e+00) (1, 2.87170624732971191406e+00) (2, 9.75496508181095123291e-03) (3, -2.80856919288635253906e+00) (4, 3.60680866241455078125e+00) (5, -1.02782707214355468750e+01) (6, 4.20418739318847656250e+00) (0, -2.26511812210083007812e+00) (1, -1.29582679271697998047e+00) (2, -1.33795905113220214844e+00) (3, 5.27976942062377929688e+00) (4, 6.48856520652770996094e-01) (5, 4.59752827882766723633e-01) (6, -2.37682652473449707031e+00) (0, -2.27442526817321777344e+00) (1, -1.46039462089538574219e+00) (2, -1.69512677192687988281e+00) (3, -8.88638734817504882812e-01) (4, 1.47130088806152343750e+01) (5, -9.29869079589843750000e+00) (6, -1.13112616539001464844e+00) (0, 1.08595065772533416748e-01) (1, 7.47980058193206787109e-01) (2, -5.75963914394378662109e-01) (3, -1.20929539203643798828e+00) (4, -3.00464320182800292969e+00) (5, -4.71998155117034912109e-01) (6, 1.11918652057647705078e+00) (0, 1.72205436229705810547e+00) (1, -1.48293352127075195312e+00) (2, -3.16786915063858032227e-01) (3, 1.04333591461181640625e+00) (4, 3.21363496780395507812e+00) (5, -2.83161550760269165039e-02) (6, -7.52872705459594726562e-01) (0, 1.08412504196166992188e+00) (1, 1.01744675636291503906e+00) (2, -9.22458839416503906250e+00) (3, 1.37944746017456054688e+00) (4, -2.94235229492187500000e+00) (5, 5.14528179168701171875e+00) (6, 5.42105770111083984375e+00) (0, -7.22140264511108398438e+00) (1, -1.52806675434112548828e+00) (2, -2.09987092018127441406e+00) (3, 3.11964678764343261719e+00) (4, -6.40377700328826904297e-01) (5, -1.81838536262512207031e+00) (6, -2.99949812889099121094e+00) (7, 3.20468115806579589844e+00) (8, -1.69926452636718750000e+00) (9, 1.30674254894256591797e+00) (10, 1.74826765060424804688e+00) (11, -1.32601690292358398438e+00) (12, 5.53472995758056640625e-01) (13, -1.00457537174224853516e+00) (14, 8.64069290161132812500e+01) (15, -4.53821234405040740967e-02) 
