FANN_FLO_2.1
num_layers=3
learning_rate=0.500000
connection_rate=1.000000
network_type=0
learning_momentum=0.000000
training_algorithm=2
train_error_function=1
train_stop_function=0
cascade_output_change_fraction=0.010000
quickprop_decay=-0.000100
quickprop_mu=1.750000
rprop_increase_factor=1.200000
rprop_decrease_factor=0.500000
rprop_delta_min=0.000000
rprop_delta_max=50.000000
rprop_delta_zero=0.100000
cascade_output_stagnation_epochs=12
cascade_candidate_change_fraction=0.010000
cascade_candidate_stagnation_epochs=12
cascade_max_out_epochs=150
cascade_min_out_epochs=50
cascade_max_cand_epochs=150
cascade_min_cand_epochs=50
cascade_num_candidate_groups=2
bit_fail_limit=3.49999994039535522461e-01
cascade_candidate_limit=1.00000000000000000000e+03
cascade_weight_multiplier=4.00000005960464477539e-01
cascade_activation_functions_count=10
cascade_activation_functions=3 5 7 8 10 11 14 15 16 17 
cascade_activation_steepnesses_count=4
cascade_activation_steepnesses=2.50000000000000000000e-01 5.00000000000000000000e-01 7.50000000000000000000e-01 1.00000000000000000000e+00 
layer_sizes=10 5 2 
scale_included=0
neurons (num_inputs, activation_function, activation_steepness)=(0, 0, 0.00000000000000000000e+00) (0, 0, 0.00000000000000000000e+00) (0, 0, 0.00000000000000000000e+00) (0, 0, 0.00000000000000000000e+00) (0, 0, 0.00000000000000000000e+00) (0, 0, 0.00000000000000000000e+00) (0, 0, 0.00000000000000000000e+00) (0, 0, 0.00000000000000000000e+00) (0, 0, 0.00000000000000000000e+00) (0, 0, 0.00000000000000000000e+00) (10, 3, 5.00000000000000000000e-01) (10, 3, 5.00000000000000000000e-01) (10, 3, 5.00000000000000000000e-01) (10, 3, 5.00000000000000000000e-01) (0, 3, 0.00000000000000000000e+00) (5, 3, 5.00000000000000000000e-01) (0, 3, 0.00000000000000000000e+00) 
connections (connected_to_neuron, weight)=(0, -2.86555347442626953125e+01) (1, -3.53430211544036865234e-01) (2, -8.68854904174804687500e+01) (3, 9.13380026817321777344e-01) (4, 1.69754772186279296875e+01) (5, 8.96536254882812500000e+00) (6, 1.49562859535217285156e+00) (7, 5.79701566696166992188e+00) (8, 3.72311758995056152344e+00) (9, 3.38038265705108642578e-01) (0, -2.13787102699279785156e+00) (1, -1.27830713987350463867e-01) (2, 2.35447478294372558594e+00) (3, 1.64822518825531005859e+00) (4, 3.93139052391052246094e+00) (5, 9.34461832046508789062e-01) (6, -3.07689875364303588867e-01) (7, -7.70385980606079101562e-01) (8, -3.50004649162292480469e+00) (9, -2.43958652019500732422e-01) (0, 6.22359395027160644531e-01) (1, 1.51857957839965820312e+01) (2, 1.31168088912963867188e+01) (3, 2.49760413169860839844e+00) (4, 3.37961763143539428711e-01) (5, 8.16742324829101562500e+00) (6, -1.75995171070098876953e+00) (7, -5.12099170684814453125e+00) (8, -3.09328384399414062500e+01) (9, -2.78731107711791992188e+00) (0, -1.64820635318756103516e+00) (1, 7.50514507293701171875e-01) (2, 3.25119519233703613281e+00) (3, 1.58881831169128417969e+00) (4, -1.37408226728439331055e-01) (5, -9.88137245178222656250e-01) (6, 1.65690898895263671875e+00) (7, -6.64526879787445068359e-01) (8, -5.41710567474365234375e+00) (9, -7.52781182527542114258e-02) (10, 2.26773190498352050781e+00) (11, 8.37516844272613525391e-01) (12, 2.87565374374389648438e+00) (13, -1.25768959522247314453e+00) (14, -1.86574745178222656250e+00) 
