FANN_FLO_2.1
num_layers=3
learning_rate=0.400000
connection_rate=1.000000
network_type=0
learning_momentum=0.000000
training_algorithm=2
train_error_function=1
train_stop_function=0
cascade_output_change_fraction=0.010000
quickprop_decay=-0.000100
quickprop_mu=1.750000
rprop_increase_factor=1.200000
rprop_decrease_factor=0.500000
rprop_delta_min=0.000000
rprop_delta_max=50.000000
rprop_delta_zero=0.100000
cascade_output_stagnation_epochs=12
cascade_candidate_change_fraction=0.010000
cascade_candidate_stagnation_epochs=12
cascade_max_out_epochs=150
cascade_min_out_epochs=50
cascade_max_cand_epochs=150
cascade_min_cand_epochs=50
cascade_num_candidate_groups=2
bit_fail_limit=3.49999994039535522461e-01
cascade_candidate_limit=1.00000000000000000000e+03
cascade_weight_multiplier=4.00000005960464477539e-01
cascade_activation_functions_count=10
cascade_activation_functions=3 5 7 8 10 11 14 15 16 17 
cascade_activation_steepnesses_count=4
cascade_activation_steepnesses=2.50000000000000000000e-01 5.00000000000000000000e-01 7.50000000000000000000e-01 1.00000000000000000000e+00 
layer_sizes=7 9 2 
scale_included=0
neurons (num_inputs, activation_function, activation_steepness)=(0, 0, 0.00000000000000000000e+00) (0, 0, 0.00000000000000000000e+00) (0, 0, 0.00000000000000000000e+00) (0, 0, 0.00000000000000000000e+00) (0, 0, 0.00000000000000000000e+00) (0, 0, 0.00000000000000000000e+00) (0, 0, 0.00000000000000000000e+00) (7, 3, 5.00000000000000000000e-01) (7, 3, 5.00000000000000000000e-01) (7, 3, 5.00000000000000000000e-01) (7, 3, 5.00000000000000000000e-01) (7, 3, 5.00000000000000000000e-01) (7, 3, 5.00000000000000000000e-01) (7, 3, 5.00000000000000000000e-01) (7, 3, 5.00000000000000000000e-01) (0, 3, 0.00000000000000000000e+00) (9, 3, 5.00000000000000000000e-01) (0, 3, 0.00000000000000000000e+00) 
connections (connected_to_neuron, weight)=(0, -1.26445674896240234375e+01) (1, 9.82071113586425781250e+00) (2, -4.21459484100341796875e+00) (3, -2.34498095512390136719e+00) (4, -1.21684849262237548828e+00) (5, 3.50948286056518554688e+00) (6, 2.79747629165649414062e+00) (0, 2.10358886718750000000e+01) (1, -2.43435153961181640625e+01) (2, -4.19970226287841796875e+00) (3, -5.51372945308685302734e-01) (4, -2.56666946411132812500e+00) (5, -8.66492271423339843750e+00) (6, 1.20936613082885742188e+01) (0, -2.37780499458312988281e+00) (1, 1.27663302421569824219e+00) (2, -5.88987684249877929688e+00) (3, -4.57035255432128906250e+00) (4, -1.91748428344726562500e+00) (5, 1.23874390125274658203e+00) (6, 7.87335038185119628906e-02) (0, -2.48972010612487792969e+00) (1, -4.67666208744049072266e-01) (2, 1.09345216751098632812e+01) (3, -9.75710201263427734375e+00) (4, 1.86945021152496337891e-01) (5, 4.01136875152587890625e+00) (6, 1.08123995363712310791e-01) (0, 1.17877590656280517578e+00) (1, 1.41483414173126220703e+00) (2, -4.01965179443359375000e+01) (3, -1.37864780426025390625e+01) (4, 3.10428738594055175781e-01) (5, 1.37016022205352783203e+00) (6, 2.44206070899963378906e-01) (0, 2.49302711486816406250e+01) (1, 1.37902164459228515625e+01) (2, 2.67313690185546875000e+01) (3, -2.40259208679199218750e+01) (4, -1.60394744873046875000e+02) (5, 1.22180538177490234375e+01) (6, -2.57457542419433593750e+00) (0, 4.38632774353027343750e+00) (1, -8.55638599395751953125e+00) (2, 5.87459278106689453125e+00) (3, -3.82224917411804199219e+00) (4, -1.00570046901702880859e+00) (5, -4.89208412170410156250e+00) (6, 7.56291294097900390625e+00) (0, -3.99077558517456054688e+00) (1, 6.92952871322631835938e+00) (2, -4.09646224975585937500e+00) (3, -1.63773136138916015625e+01) (4, -5.91498613357543945312e+00) (5, -9.15343835949897766113e-02) (6, 8.69442462921142578125e+00) (7, -3.72815155982971191406e+00) (8, -2.58006620407104492188e+00) (9, 8.02996730804443359375e+00) (10, -2.01674652099609375000e+00) (11, -1.99198269844055175781e+00) (12, -4.43139970302581787109e-01) (13, -5.33181309700012207031e-01) (14, -5.21163403987884521484e-01) (15, 1.94369220733642578125e+00) 
