FANN_FLO_2.1
num_layers=4
learning_rate=0.500000
connection_rate=1.000000
network_type=0
learning_momentum=0.000000
training_algorithm=2
train_error_function=1
train_stop_function=0
cascade_output_change_fraction=0.010000
quickprop_decay=-0.000100
quickprop_mu=1.750000
rprop_increase_factor=1.200000
rprop_decrease_factor=0.500000
rprop_delta_min=0.000000
rprop_delta_max=50.000000
rprop_delta_zero=0.100000
cascade_output_stagnation_epochs=12
cascade_candidate_change_fraction=0.010000
cascade_candidate_stagnation_epochs=12
cascade_max_out_epochs=150
cascade_min_out_epochs=50
cascade_max_cand_epochs=150
cascade_min_cand_epochs=50
cascade_num_candidate_groups=2
bit_fail_limit=3.49999994039535522461e-01
cascade_candidate_limit=1.00000000000000000000e+03
cascade_weight_multiplier=4.00000005960464477539e-01
cascade_activation_functions_count=10
cascade_activation_functions=3 5 7 8 10 11 14 15 16 17 
cascade_activation_steepnesses_count=4
cascade_activation_steepnesses=2.50000000000000000000e-01 5.00000000000000000000e-01 7.50000000000000000000e-01 1.00000000000000000000e+00 
layer_sizes=10 3 3 2 
scale_included=0
neurons (num_inputs, activation_function, activation_steepness)=(0, 0, 0.00000000000000000000e+00) (0, 0, 0.00000000000000000000e+00) (0, 0, 0.00000000000000000000e+00) (0, 0, 0.00000000000000000000e+00) (0, 0, 0.00000000000000000000e+00) (0, 0, 0.00000000000000000000e+00) (0, 0, 0.00000000000000000000e+00) (0, 0, 0.00000000000000000000e+00) (0, 0, 0.00000000000000000000e+00) (0, 0, 0.00000000000000000000e+00) (10, 3, 5.00000000000000000000e-01) (10, 3, 5.00000000000000000000e-01) (0, 3, 0.00000000000000000000e+00) (3, 3, 5.00000000000000000000e-01) (3, 3, 5.00000000000000000000e-01) (0, 3, 0.00000000000000000000e+00) (3, 3, 5.00000000000000000000e-01) (0, 3, 0.00000000000000000000e+00) 
connections (connected_to_neuron, weight)=(0, 1.11842203140258789062e+00) (1, 1.62198982238769531250e+01) (2, 8.01289272308349609375e+00) (3, -5.50554037094116210938e+00) (4, 6.97609066963195800781e-01) (5, 4.33132171630859375000e+00) (6, -9.09904766082763671875e+00) (7, -2.40442776679992675781e+00) (8, -1.43531303405761718750e+01) (9, -2.87186360359191894531e+00) (0, 2.84675431251525878906e+00) (1, 3.10653775930404663086e-01) (2, -4.90178909301757812500e+01) (3, 2.87997150421142578125e+01) (4, 1.75681662559509277344e+00) (5, 3.24700021743774414062e+00) (6, -5.24480938911437988281e-01) (7, 2.50796347856521606445e-01) (8, -2.54646033048629760742e-01) (9, -4.48102772235870361328e-01) (10, -1.43626575469970703125e+01) (11, -1.37824001312255859375e+01) (12, 9.39599514007568359375e+00) (10, 9.29872207641601562500e+01) (11, 1.01792116165161132812e+01) (12, -7.34551382064819335938e+00) (13, -1.76302266120910644531e+00) (14, 7.44818925857543945312e-01) (15, 1.57439440488815307617e-01) 
