FANN_FLO_2.1
num_layers=3
learning_rate=0.400000
connection_rate=1.000000
network_type=0
learning_momentum=0.000000
training_algorithm=2
train_error_function=1
train_stop_function=0
cascade_output_change_fraction=0.010000
quickprop_decay=-0.000100
quickprop_mu=1.750000
rprop_increase_factor=1.200000
rprop_decrease_factor=0.500000
rprop_delta_min=0.000000
rprop_delta_max=50.000000
rprop_delta_zero=0.100000
cascade_output_stagnation_epochs=12
cascade_candidate_change_fraction=0.010000
cascade_candidate_stagnation_epochs=12
cascade_max_out_epochs=150
cascade_min_out_epochs=50
cascade_max_cand_epochs=150
cascade_min_cand_epochs=50
cascade_num_candidate_groups=2
bit_fail_limit=3.49999994039535522461e-01
cascade_candidate_limit=1.00000000000000000000e+03
cascade_weight_multiplier=4.00000005960464477539e-01
cascade_activation_functions_count=10
cascade_activation_functions=3 5 7 8 10 11 14 15 16 17 
cascade_activation_steepnesses_count=4
cascade_activation_steepnesses=2.50000000000000000000e-01 5.00000000000000000000e-01 7.50000000000000000000e-01 1.00000000000000000000e+00 
layer_sizes=7 9 2 
scale_included=0
neurons (num_inputs, activation_function, activation_steepness)=(0, 0, 0.00000000000000000000e+00) (0, 0, 0.00000000000000000000e+00) (0, 0, 0.00000000000000000000e+00) (0, 0, 0.00000000000000000000e+00) (0, 0, 0.00000000000000000000e+00) (0, 0, 0.00000000000000000000e+00) (0, 0, 0.00000000000000000000e+00) (7, 3, 5.00000000000000000000e-01) (7, 3, 5.00000000000000000000e-01) (7, 3, 5.00000000000000000000e-01) (7, 3, 5.00000000000000000000e-01) (7, 3, 5.00000000000000000000e-01) (7, 3, 5.00000000000000000000e-01) (7, 3, 5.00000000000000000000e-01) (7, 3, 5.00000000000000000000e-01) (0, 3, 0.00000000000000000000e+00) (9, 3, 5.00000000000000000000e-01) (0, 3, 0.00000000000000000000e+00) 
connections (connected_to_neuron, weight)=(0, -4.99910545349121093750e+00) (1, -4.38958024978637695312e+00) (2, -2.72743916511535644531e+00) (3, 2.18762731552124023438e+00) (4, 1.43347847461700439453e+00) (5, 1.96744632720947265625e+00) (6, -1.20757460594177246094e+00) (0, -4.42356920242309570312e+00) (1, -5.55110502243041992188e+00) (2, -5.06250286102294921875e+00) (3, 6.04521369934082031250e+00) (4, -1.99109601974487304688e+00) (5, 9.04240798950195312500e+00) (6, -2.22076010704040527344e+00) (0, -2.56426971435546875000e+02) (1, -2.25233688354492187500e+02) (2, 3.75831085205078125000e+02) (3, 7.93219232559204101562e+00) (4, -3.19963474273681640625e+01) (5, 3.92876853942871093750e+01) (6, 8.02307873964309692383e-02) (0, -4.62082958221435546875e+00) (1, 3.22045707702636718750e+00) (2, 1.89095568656921386719e+00) (3, -8.08911800384521484375e-01) (4, 2.41481399536132812500e+00) (5, -8.42340850830078125000e+00) (6, 4.88636255264282226562e+00) (0, -7.11937046051025390625e+00) (1, -2.92932939529418945312e+00) (2, 5.84643507003784179688e+00) (3, 3.89371418952941894531e+00) (4, 1.55594825744628906250e+00) (5, -1.44676244258880615234e+00) (6, -2.78887009620666503906e+00) (0, -3.83501744270324707031e+00) (1, -2.38765263557434082031e+00) (2, -8.97313952445983886719e-01) (3, 3.59434318542480468750e+00) (4, 4.71391534805297851562e+00) (5, 3.62548194825649261475e-02) (6, -4.68712329864501953125e+00) (0, -2.66740107536315917969e+00) (1, -2.68803381919860839844e+00) (2, 5.89093685150146484375e+00) (3, 4.17627239227294921875e+00) (4, 5.63526725769042968750e+00) (5, -1.01448574066162109375e+01) (6, -2.06756305694580078125e+00) (0, -2.96330078125000000000e+02) (1, -5.08128845214843750000e+02) (2, 4.63820587158203125000e+02) (3, 1.05302739143371582031e+00) (4, -1.46334924697875976562e+01) (5, 9.46308746337890625000e+01) (6, -5.53434610366821289062e-01) (7, 3.08364772796630859375e+00) (8, 8.66540968418121337891e-01) (9, -1.52137577533721923828e-01) (10, -2.08910632133483886719e+00) (11, 9.99729871749877929688e-01) (12, 3.04928928613662719727e-01) (13, 2.46456336975097656250e+00) (14, 1.16827189922332763672e-01) (15, -4.14229720830917358398e-01) 
