FANN_FLO_2.1
num_layers=3
learning_rate=0.500000
connection_rate=1.000000
network_type=0
learning_momentum=0.000000
training_algorithm=2
train_error_function=1
train_stop_function=0
cascade_output_change_fraction=0.010000
quickprop_decay=-0.000100
quickprop_mu=1.750000
rprop_increase_factor=1.200000
rprop_decrease_factor=0.500000
rprop_delta_min=0.000000
rprop_delta_max=50.000000
rprop_delta_zero=0.100000
cascade_output_stagnation_epochs=12
cascade_candidate_change_fraction=0.010000
cascade_candidate_stagnation_epochs=12
cascade_max_out_epochs=150
cascade_min_out_epochs=50
cascade_max_cand_epochs=150
cascade_min_cand_epochs=50
cascade_num_candidate_groups=2
bit_fail_limit=3.49999994039535522461e-01
cascade_candidate_limit=1.00000000000000000000e+03
cascade_weight_multiplier=4.00000005960464477539e-01
cascade_activation_functions_count=10
cascade_activation_functions=3 5 7 8 10 11 14 15 16 17 
cascade_activation_steepnesses_count=4
cascade_activation_steepnesses=2.50000000000000000000e-01 5.00000000000000000000e-01 7.50000000000000000000e-01 1.00000000000000000000e+00 
layer_sizes=10 3 2 
scale_included=0
neurons (num_inputs, activation_function, activation_steepness)=(0, 0, 0.00000000000000000000e+00) (0, 0, 0.00000000000000000000e+00) (0, 0, 0.00000000000000000000e+00) (0, 0, 0.00000000000000000000e+00) (0, 0, 0.00000000000000000000e+00) (0, 0, 0.00000000000000000000e+00) (0, 0, 0.00000000000000000000e+00) (0, 0, 0.00000000000000000000e+00) (0, 0, 0.00000000000000000000e+00) (0, 0, 0.00000000000000000000e+00) (10, 3, 5.00000000000000000000e-01) (10, 3, 5.00000000000000000000e-01) (0, 3, 0.00000000000000000000e+00) (3, 3, 5.00000000000000000000e-01) (0, 3, 0.00000000000000000000e+00) 
connections (connected_to_neuron, weight)=(0, 3.38869833946228027344e+00) (1, 4.85095167160034179688e+00) (2, -1.18631353378295898438e+01) (3, 2.15713754296302795410e-01) (4, 2.26655101776123046875e+01) (5, -5.04355621337890625000e+00) (6, -6.90891885757446289062e+00) (7, -9.74958610534667968750e+00) (8, 3.18498635292053222656e+00) (9, -3.50609838962554931641e-01) (0, 1.43063068389892578125e-01) (1, 1.39258456230163574219e+00) (2, -7.64621925354003906250e+00) (3, -6.10700109973549842834e-03) (4, 5.12410354614257812500e+00) (5, 8.35761451721191406250e+00) (6, 1.43154716491699218750e+01) (7, -1.62276554107666015625e+01) (8, 3.77527236938476562500e+00) (9, 7.05942153930664062500e-01) (10, 3.54675745964050292969e+00) (11, 1.91769039630889892578e+00) (12, -4.39621782302856445312e+00) 
