FANN_FLO_2.1
num_layers=4
learning_rate=0.400000
connection_rate=1.000000
network_type=0
learning_momentum=0.000000
training_algorithm=2
train_error_function=1
train_stop_function=0
cascade_output_change_fraction=0.010000
quickprop_decay=-0.000100
quickprop_mu=1.750000
rprop_increase_factor=1.200000
rprop_decrease_factor=0.500000
rprop_delta_min=0.000000
rprop_delta_max=50.000000
rprop_delta_zero=0.100000
cascade_output_stagnation_epochs=12
cascade_candidate_change_fraction=0.010000
cascade_candidate_stagnation_epochs=12
cascade_max_out_epochs=150
cascade_min_out_epochs=50
cascade_max_cand_epochs=150
cascade_min_cand_epochs=50
cascade_num_candidate_groups=2
bit_fail_limit=3.49999994039535522461e-01
cascade_candidate_limit=1.00000000000000000000e+03
cascade_weight_multiplier=4.00000005960464477539e-01
cascade_activation_functions_count=10
cascade_activation_functions=3 5 7 8 10 11 14 15 16 17 
cascade_activation_steepnesses_count=4
cascade_activation_steepnesses=2.50000000000000000000e-01 5.00000000000000000000e-01 7.50000000000000000000e-01 1.00000000000000000000e+00 
layer_sizes=7 3 3 2 
scale_included=0
neurons (num_inputs, activation_function, activation_steepness)=(0, 0, 0.00000000000000000000e+00) (0, 0, 0.00000000000000000000e+00) (0, 0, 0.00000000000000000000e+00) (0, 0, 0.00000000000000000000e+00) (0, 0, 0.00000000000000000000e+00) (0, 0, 0.00000000000000000000e+00) (0, 0, 0.00000000000000000000e+00) (7, 3, 5.00000000000000000000e-01) (7, 3, 5.00000000000000000000e-01) (0, 3, 0.00000000000000000000e+00) (3, 3, 5.00000000000000000000e-01) (3, 3, 5.00000000000000000000e-01) (0, 3, 0.00000000000000000000e+00) (3, 3, 5.00000000000000000000e-01) (0, 3, 0.00000000000000000000e+00) 
connections (connected_to_neuron, weight)=(0, -2.45231456756591796875e+01) (1, 1.72217864990234375000e+01) (2, 4.29472732543945312500e+00) (3, -1.99374656677246093750e+01) (4, -9.23545455932617187500e+00) (5, 5.27256441116333007812e+00) (6, 2.07444362640380859375e+01) (0, -1.35863793945312500000e+03) (1, -1.50000000000000000000e+03) (2, -7.15812194824218750000e+02) (3, -1.50000000000000000000e+03) (4, -1.90512752532958984375e+01) (5, -5.61860107421875000000e+02) (6, 5.12597846984863281250e+00) (7, 1.50000000000000000000e+03) (8, 1.50000000000000000000e+03) (9, -7.14342653751373291016e-01) (7, 7.55147705078125000000e+01) (8, 1.50000000000000000000e+03) (9, -7.49449157714843750000e+01) (10, -1.18379521369934082031e+00) (11, -1.73479652404785156250e+00) (12, -7.14182019233703613281e-01) 
