FANN_FLO_2.1
num_layers=3
learning_rate=0.500000
connection_rate=1.000000
network_type=0
learning_momentum=0.000000
training_algorithm=2
train_error_function=1
train_stop_function=0
cascade_output_change_fraction=0.010000
quickprop_decay=-0.000100
quickprop_mu=1.750000
rprop_increase_factor=1.200000
rprop_decrease_factor=0.500000
rprop_delta_min=0.000000
rprop_delta_max=50.000000
rprop_delta_zero=0.100000
cascade_output_stagnation_epochs=12
cascade_candidate_change_fraction=0.010000
cascade_candidate_stagnation_epochs=12
cascade_max_out_epochs=150
cascade_min_out_epochs=50
cascade_max_cand_epochs=150
cascade_min_cand_epochs=50
cascade_num_candidate_groups=2
bit_fail_limit=3.49999994039535522461e-01
cascade_candidate_limit=1.00000000000000000000e+03
cascade_weight_multiplier=4.00000005960464477539e-01
cascade_activation_functions_count=10
cascade_activation_functions=3 5 7 8 10 11 14 15 16 17 
cascade_activation_steepnesses_count=4
cascade_activation_steepnesses=2.50000000000000000000e-01 5.00000000000000000000e-01 7.50000000000000000000e-01 1.00000000000000000000e+00 
layer_sizes=10 5 2 
scale_included=0
neurons (num_inputs, activation_function, activation_steepness)=(0, 0, 0.00000000000000000000e+00) (0, 0, 0.00000000000000000000e+00) (0, 0, 0.00000000000000000000e+00) (0, 0, 0.00000000000000000000e+00) (0, 0, 0.00000000000000000000e+00) (0, 0, 0.00000000000000000000e+00) (0, 0, 0.00000000000000000000e+00) (0, 0, 0.00000000000000000000e+00) (0, 0, 0.00000000000000000000e+00) (0, 0, 0.00000000000000000000e+00) (10, 3, 5.00000000000000000000e-01) (10, 3, 5.00000000000000000000e-01) (10, 3, 5.00000000000000000000e-01) (10, 3, 5.00000000000000000000e-01) (0, 3, 0.00000000000000000000e+00) (5, 3, 5.00000000000000000000e-01) (0, 3, 0.00000000000000000000e+00) 
connections (connected_to_neuron, weight)=(0, -2.83060503005981445312e+00) (1, -2.38470971584320068359e-01) (2, 6.85766357421875000000e+02) (3, 1.33009099960327148438e+00) (4, 1.14647574722766876221e-01) (5, -1.50000000000000000000e+03) (6, 2.71934771537780761719e+00) (7, 5.74475824832916259766e-01) (8, 2.49567092895507812500e+02) (9, 3.59897047281265258789e-01) (0, 3.93590569496154785156e+00) (1, 1.48990068435668945312e+01) (2, 6.06979751586914062500e+00) (3, -2.83818036317825317383e-01) (4, -2.93488621711730957031e+00) (5, 4.67000198364257812500e+00) (6, -2.25779018402099609375e+01) (7, -7.86844587326049804688e+00) (8, -1.39831972122192382812e+00) (9, 1.50189435482025146484e+00) (0, -7.38923698663711547852e-02) (1, -6.61661326885223388672e-01) (2, -4.27212600708007812500e+01) (3, 5.33597528934478759766e-01) (4, 1.21366150677204132080e-01) (5, -6.52098312377929687500e+01) (6, 8.09761226177215576172e-01) (7, 2.89885014295578002930e-01) (8, 6.13435668945312500000e+01) (9, 2.53157228231430053711e-01) (0, -2.66937232017517089844e+00) (1, 2.31681447476148605347e-02) (2, 6.85766357421875000000e+02) (3, 1.53757381439208984375e+00) (4, 1.33216440677642822266e-01) (5, -1.50000000000000000000e+03) (6, 2.83522462844848632812e+00) (7, 3.26580524444580078125e-01) (8, 2.49466323852539062500e+02) (9, 2.02955156564712524414e-01) (10, 6.90265774726867675781e-01) (11, 4.20245981216430664062e+00) (12, 4.39347028732299804688e+00) (13, 6.37902140617370605469e-01) (14, -3.28320002555847167969e+00) 
