FANN_FLO_2.1
num_layers=3
learning_rate=0.400000
connection_rate=1.000000
network_type=0
learning_momentum=0.000000
training_algorithm=2
train_error_function=1
train_stop_function=0
cascade_output_change_fraction=0.010000
quickprop_decay=-0.000100
quickprop_mu=1.750000
rprop_increase_factor=1.200000
rprop_decrease_factor=0.500000
rprop_delta_min=0.000000
rprop_delta_max=50.000000
rprop_delta_zero=0.100000
cascade_output_stagnation_epochs=12
cascade_candidate_change_fraction=0.010000
cascade_candidate_stagnation_epochs=12
cascade_max_out_epochs=150
cascade_min_out_epochs=50
cascade_max_cand_epochs=150
cascade_min_cand_epochs=50
cascade_num_candidate_groups=2
bit_fail_limit=3.49999994039535522461e-01
cascade_candidate_limit=1.00000000000000000000e+03
cascade_weight_multiplier=4.00000005960464477539e-01
cascade_activation_functions_count=10
cascade_activation_functions=3 5 7 8 10 11 14 15 16 17 
cascade_activation_steepnesses_count=4
cascade_activation_steepnesses=2.50000000000000000000e-01 5.00000000000000000000e-01 7.50000000000000000000e-01 1.00000000000000000000e+00 
layer_sizes=7 9 2 
scale_included=0
neurons (num_inputs, activation_function, activation_steepness)=(0, 0, 0.00000000000000000000e+00) (0, 0, 0.00000000000000000000e+00) (0, 0, 0.00000000000000000000e+00) (0, 0, 0.00000000000000000000e+00) (0, 0, 0.00000000000000000000e+00) (0, 0, 0.00000000000000000000e+00) (0, 0, 0.00000000000000000000e+00) (7, 3, 5.00000000000000000000e-01) (7, 3, 5.00000000000000000000e-01) (7, 3, 5.00000000000000000000e-01) (7, 3, 5.00000000000000000000e-01) (7, 3, 5.00000000000000000000e-01) (7, 3, 5.00000000000000000000e-01) (7, 3, 5.00000000000000000000e-01) (7, 3, 5.00000000000000000000e-01) (0, 3, 0.00000000000000000000e+00) (9, 3, 5.00000000000000000000e-01) (0, 3, 0.00000000000000000000e+00) 
connections (connected_to_neuron, weight)=(0, -2.44861984252929687500e+00) (1, -1.10043120384216308594e+00) (2, -3.30889358520507812500e+01) (3, 6.39401018619537353516e-01) (4, 5.00043344497680664062e+00) (5, 2.27594867348670959473e-01) (6, -6.59673929214477539062e-01) (0, -2.19544720649719238281e+00) (1, -1.13768208026885986328e+00) (2, 3.53518333435058593750e+01) (3, -1.06980335712432861328e+00) (4, 2.47558760643005371094e+00) (5, 2.21801400184631347656e+00) (6, -4.28198051452636718750e+00) (0, -4.79908514022827148438e+00) (1, 2.16351914405822753906e+00) (2, -1.05780515670776367188e+01) (3, -4.59672594070434570312e+00) (4, -3.75429582595825195312e+00) (5, 9.16427803039550781250e+00) (6, -6.83539509773254394531e-01) (0, 1.68075008392333984375e+01) (1, -1.52786474227905273438e+01) (2, -2.96147656440734863281e+00) (3, -7.93759286403656005859e-01) (4, 9.30986166000366210938e-01) (5, -3.96614909172058105469e+00) (6, 3.73230218887329101562e+00) (0, -1.45541548728942871094e+00) (1, 4.44353759288787841797e-01) (2, 5.95677423477172851562e+00) (3, -9.26149940490722656250e+00) (4, -4.68430614471435546875e+00) (5, 8.57627773284912109375e+00) (6, -1.62482702732086181641e+00) (0, -8.87692260742187500000e+00) (1, 8.34692382812500000000e+00) (2, -2.03412556648254394531e+00) (3, -1.16910517215728759766e+00) (4, -1.28515028953552246094e+00) (5, -4.34893274307250976562e+00) (6, -8.17452669143676757812e-02) (0, -1.61430644989013671875e+00) (1, -1.69988429546356201172e+00) (2, -3.56104850769042968750e+00) (3, -6.93014115095138549805e-02) (4, 5.97087323665618896484e-01) (5, 5.26259946823120117188e+00) (6, -1.18036234378814697266e+00) (0, 9.24646091461181640625e+00) (1, -1.17992696762084960938e+01) (2, 2.31516909599304199219e+00) (3, -4.00160455703735351562e+00) (4, -1.05011010169982910156e+00) (5, -3.14876484870910644531e+00) (6, 5.55503511428833007812e+00) (7, -4.84318763017654418945e-01) (8, -1.43781948089599609375e+00) (9, -1.71114528179168701172e+00) (10, -1.93660473823547363281e+00) (11, -8.44872474670410156250e-01) (12, -9.10356521606445312500e+00) (13, -1.31649982929229736328e+00) (14, -1.41636228561401367188e+00) (15, 2.34952521324157714844e+00) 
