FANN_FLO_2.1
num_layers=3
learning_rate=0.400000
connection_rate=1.000000
network_type=0
learning_momentum=0.000000
training_algorithm=2
train_error_function=1
train_stop_function=0
cascade_output_change_fraction=0.010000
quickprop_decay=-0.000100
quickprop_mu=1.750000
rprop_increase_factor=1.200000
rprop_decrease_factor=0.500000
rprop_delta_min=0.000000
rprop_delta_max=50.000000
rprop_delta_zero=0.100000
cascade_output_stagnation_epochs=12
cascade_candidate_change_fraction=0.010000
cascade_candidate_stagnation_epochs=12
cascade_max_out_epochs=150
cascade_min_out_epochs=50
cascade_max_cand_epochs=150
cascade_min_cand_epochs=50
cascade_num_candidate_groups=2
bit_fail_limit=3.49999994039535522461e-01
cascade_candidate_limit=1.00000000000000000000e+03
cascade_weight_multiplier=4.00000005960464477539e-01
cascade_activation_functions_count=10
cascade_activation_functions=3 5 7 8 10 11 14 15 16 17 
cascade_activation_steepnesses_count=4
cascade_activation_steepnesses=2.50000000000000000000e-01 5.00000000000000000000e-01 7.50000000000000000000e-01 1.00000000000000000000e+00 
layer_sizes=7 5 2 
scale_included=0
neurons (num_inputs, activation_function, activation_steepness)=(0, 0, 0.00000000000000000000e+00) (0, 0, 0.00000000000000000000e+00) (0, 0, 0.00000000000000000000e+00) (0, 0, 0.00000000000000000000e+00) (0, 0, 0.00000000000000000000e+00) (0, 0, 0.00000000000000000000e+00) (0, 0, 0.00000000000000000000e+00) (7, 3, 5.00000000000000000000e-01) (7, 3, 5.00000000000000000000e-01) (7, 3, 5.00000000000000000000e-01) (7, 3, 5.00000000000000000000e-01) (0, 3, 0.00000000000000000000e+00) (5, 3, 5.00000000000000000000e-01) (0, 3, 0.00000000000000000000e+00) 
connections (connected_to_neuron, weight)=(0, -3.22638273239135742188e+00) (1, -3.10022354125976562500e+00) (2, 2.26212501525878906250e+00) (3, 4.40261077880859375000e+00) (4, -5.20942032337188720703e-01) (5, -1.57103633880615234375e+00) (6, -2.30860877037048339844e+00) (0, -8.88508224487304687500e+00) (1, 2.12277388572692871094e+00) (2, 1.18879661560058593750e+01) (3, 8.16008269786834716797e-01) (4, 1.61669659614562988281e+00) (5, -5.97282505035400390625e+00) (6, 1.26122224330902099609e+00) (0, -2.37061858177185058594e+00) (1, 3.40980792045593261719e+00) (2, -8.55094566941261291504e-02) (3, -2.96219205856323242188e+00) (4, 8.72984409332275390625e+00) (5, -1.70589885711669921875e+01) (6, 9.62337779998779296875e+00) (0, -2.12239718437194824219e+00) (1, -2.30509114265441894531e+00) (2, -2.61109328269958496094e+00) (3, -9.46509003639221191406e-01) (4, 1.45983772277832031250e+01) (5, -4.32206058502197265625e+00) (6, -1.49106371402740478516e+00) (7, 5.52190589904785156250e+00) (8, -1.25783824920654296875e+00) (9, -1.46466958522796630859e+00) (10, 2.01579403877258300781e+00) (11, 2.24840372800827026367e-01) 
