FANN_FLO_2.1
num_layers=3
learning_rate=0.400000
connection_rate=1.000000
network_type=0
learning_momentum=0.000000
training_algorithm=2
train_error_function=1
train_stop_function=0
cascade_output_change_fraction=0.010000
quickprop_decay=-0.000100
quickprop_mu=1.750000
rprop_increase_factor=1.200000
rprop_decrease_factor=0.500000
rprop_delta_min=0.000000
rprop_delta_max=50.000000
rprop_delta_zero=0.100000
cascade_output_stagnation_epochs=12
cascade_candidate_change_fraction=0.010000
cascade_candidate_stagnation_epochs=12
cascade_max_out_epochs=150
cascade_min_out_epochs=50
cascade_max_cand_epochs=150
cascade_min_cand_epochs=50
cascade_num_candidate_groups=2
bit_fail_limit=3.49999994039535522461e-01
cascade_candidate_limit=1.00000000000000000000e+03
cascade_weight_multiplier=4.00000005960464477539e-01
cascade_activation_functions_count=10
cascade_activation_functions=3 5 7 8 10 11 14 15 16 17 
cascade_activation_steepnesses_count=4
cascade_activation_steepnesses=2.50000000000000000000e-01 5.00000000000000000000e-01 7.50000000000000000000e-01 1.00000000000000000000e+00 
layer_sizes=7 5 2 
scale_included=0
neurons (num_inputs, activation_function, activation_steepness)=(0, 0, 0.00000000000000000000e+00) (0, 0, 0.00000000000000000000e+00) (0, 0, 0.00000000000000000000e+00) (0, 0, 0.00000000000000000000e+00) (0, 0, 0.00000000000000000000e+00) (0, 0, 0.00000000000000000000e+00) (0, 0, 0.00000000000000000000e+00) (7, 3, 5.00000000000000000000e-01) (7, 3, 5.00000000000000000000e-01) (7, 3, 5.00000000000000000000e-01) (7, 3, 5.00000000000000000000e-01) (0, 3, 0.00000000000000000000e+00) (5, 3, 5.00000000000000000000e-01) (0, 3, 0.00000000000000000000e+00) 
connections (connected_to_neuron, weight)=(0, 2.60018277168273925781e+00) (1, -1.17575991153717041016e+00) (2, 3.23361814022064208984e-01) (3, 1.24003922939300537109e+00) (4, 6.57970094680786132812e+00) (5, -2.54950070381164550781e+00) (6, -3.49638104438781738281e+00) (0, 4.82051849365234375000e+00) (1, -1.25616049766540527344e+00) (2, 1.48106753826141357422e+00) (3, 1.80752605199813842773e-01) (4, 4.42343950271606445312e+00) (5, -3.21928191184997558594e+00) (6, -4.47992038726806640625e+00) (0, -5.86473226547241210938e-01) (1, 2.70088839530944824219e+00) (2, 1.82752811908721923828e+00) (3, -1.70369410514831542969e+00) (4, 7.81453180313110351562e+00) (5, -1.16318788528442382812e+01) (6, 3.25900864601135253906e+00) (0, -4.90620517730712890625e+00) (1, -1.30864572525024414062e+00) (2, -2.41468358039855957031e+00) (3, 1.89818310737609863281e+00) (4, 2.29563307762145996094e+00) (5, 1.82170569896697998047e+00) (6, -1.73325645923614501953e+00) (7, 1.82630050182342529297e+00) (8, 2.21869254112243652344e+00) (9, -2.53446984291076660156e+00) (10, 4.39472579956054687500e+00) (11, -9.85722601413726806641e-01) 
