FANN_FLO_2.1
num_layers=3
learning_rate=0.400000
connection_rate=1.000000
network_type=0
learning_momentum=0.000000
training_algorithm=2
train_error_function=1
train_stop_function=0
cascade_output_change_fraction=0.010000
quickprop_decay=-0.000100
quickprop_mu=1.750000
rprop_increase_factor=1.200000
rprop_decrease_factor=0.500000
rprop_delta_min=0.000000
rprop_delta_max=50.000000
rprop_delta_zero=0.100000
cascade_output_stagnation_epochs=12
cascade_candidate_change_fraction=0.010000
cascade_candidate_stagnation_epochs=12
cascade_max_out_epochs=150
cascade_min_out_epochs=50
cascade_max_cand_epochs=150
cascade_min_cand_epochs=50
cascade_num_candidate_groups=2
bit_fail_limit=3.49999994039535522461e-01
cascade_candidate_limit=1.00000000000000000000e+03
cascade_weight_multiplier=4.00000005960464477539e-01
cascade_activation_functions_count=10
cascade_activation_functions=3 5 7 8 10 11 14 15 16 17 
cascade_activation_steepnesses_count=4
cascade_activation_steepnesses=2.50000000000000000000e-01 5.00000000000000000000e-01 7.50000000000000000000e-01 1.00000000000000000000e+00 
layer_sizes=7 5 2 
scale_included=0
neurons (num_inputs, activation_function, activation_steepness)=(0, 0, 0.00000000000000000000e+00) (0, 0, 0.00000000000000000000e+00) (0, 0, 0.00000000000000000000e+00) (0, 0, 0.00000000000000000000e+00) (0, 0, 0.00000000000000000000e+00) (0, 0, 0.00000000000000000000e+00) (0, 0, 0.00000000000000000000e+00) (7, 3, 5.00000000000000000000e-01) (7, 3, 5.00000000000000000000e-01) (7, 3, 5.00000000000000000000e-01) (7, 3, 5.00000000000000000000e-01) (0, 3, 0.00000000000000000000e+00) (5, 3, 5.00000000000000000000e-01) (0, 3, 0.00000000000000000000e+00) 
connections (connected_to_neuron, weight)=(0, -1.11863975524902343750e+01) (1, 1.07479171752929687500e+01) (2, -6.08659982681274414062e+00) (3, -2.06137999892234802246e-01) (4, -5.86739778518676757812e-01) (5, 4.61112165451049804688e+00) (6, 6.19773864746093750000e-01) (0, -1.00395357608795166016e+00) (1, -2.08753585815429687500e+00) (2, 2.36731767654418945312e+00) (3, -2.19924283027648925781e+00) (4, -1.15317606925964355469e+00) (5, -1.49086450195312500000e+03) (6, 4.66671848297119140625e+00) (0, -2.40918207168579101562e+00) (1, -7.69652307033538818359e-01) (2, 1.27823524475097656250e+01) (3, -3.61975002288818359375e+00) (4, -2.12927770614624023438e+00) (5, 2.26898694038391113281e+00) (6, 3.84951400756835937500e+00) (0, 7.76620912551879882812e+00) (1, -8.84117698669433593750e+00) (2, 4.55416965484619140625e+00) (3, -2.41411042213439941406e+00) (4, -3.12251836061477661133e-01) (5, -2.71905565261840820312e+00) (6, 3.71519899368286132812e+00) (7, -4.61661863327026367188e+00) (8, -3.09377878904342651367e-01) (9, -7.28837847709655761719e-01) (10, -4.76295232772827148438e+00) (11, 4.09758949279785156250e+00) 
