FANN_FLO_2.1
num_layers=4
learning_rate=0.500000
connection_rate=1.000000
network_type=0
learning_momentum=0.000000
training_algorithm=2
train_error_function=1
train_stop_function=0
cascade_output_change_fraction=0.010000
quickprop_decay=-0.000100
quickprop_mu=1.750000
rprop_increase_factor=1.200000
rprop_decrease_factor=0.500000
rprop_delta_min=0.000000
rprop_delta_max=50.000000
rprop_delta_zero=0.100000
cascade_output_stagnation_epochs=12
cascade_candidate_change_fraction=0.010000
cascade_candidate_stagnation_epochs=12
cascade_max_out_epochs=150
cascade_min_out_epochs=50
cascade_max_cand_epochs=150
cascade_min_cand_epochs=50
cascade_num_candidate_groups=2
bit_fail_limit=3.49999994039535522461e-01
cascade_candidate_limit=1.00000000000000000000e+03
cascade_weight_multiplier=4.00000005960464477539e-01
cascade_activation_functions_count=10
cascade_activation_functions=3 5 7 8 10 11 14 15 16 17 
cascade_activation_steepnesses_count=4
cascade_activation_steepnesses=2.50000000000000000000e-01 5.00000000000000000000e-01 7.50000000000000000000e-01 1.00000000000000000000e+00 
layer_sizes=10 3 3 2 
scale_included=0
neurons (num_inputs, activation_function, activation_steepness)=(0, 0, 0.00000000000000000000e+00) (0, 0, 0.00000000000000000000e+00) (0, 0, 0.00000000000000000000e+00) (0, 0, 0.00000000000000000000e+00) (0, 0, 0.00000000000000000000e+00) (0, 0, 0.00000000000000000000e+00) (0, 0, 0.00000000000000000000e+00) (0, 0, 0.00000000000000000000e+00) (0, 0, 0.00000000000000000000e+00) (0, 0, 0.00000000000000000000e+00) (10, 3, 5.00000000000000000000e-01) (10, 3, 5.00000000000000000000e-01) (0, 3, 0.00000000000000000000e+00) (3, 3, 5.00000000000000000000e-01) (3, 3, 5.00000000000000000000e-01) (0, 3, 0.00000000000000000000e+00) (3, 3, 5.00000000000000000000e-01) (0, 3, 0.00000000000000000000e+00) 
connections (connected_to_neuron, weight)=(0, 1.18208332061767578125e+01) (1, -1.89869844913482666016e+00) (2, 1.74095666408538818359e+00) (3, -8.48597645759582519531e-01) (4, -6.66394376754760742188e+00) (5, -3.24891924858093261719e+00) (6, 9.36375045776367187500e+00) (7, 1.19177198410034179688e+00) (8, -2.60179781913757324219e+00) (9, -9.37783777713775634766e-01) (0, -2.09467911720275878906e+00) (1, 4.14096164703369140625e+00) (2, -3.40266680717468261719e+00) (3, -5.48461750149726867676e-02) (4, 7.02648258209228515625e+00) (5, 2.18436622619628906250e+00) (6, -6.63545846939086914062e+00) (7, 6.40723586082458496094e-01) (8, -4.03383398056030273438e+00) (9, 5.46125292778015136719e-01) (10, -7.98055315017700195312e+00) (11, 1.43209867477416992188e+01) (12, -1.83015847206115722656e+00) (10, -7.11978816986083984375e+00) (11, 3.29156265258789062500e+01) (12, -1.90228176116943359375e+00) (13, 1.58656990528106689453e+00) (14, 8.33371758460998535156e-01) (15, -1.53950750827789306641e+00) 
