FANN_FLO_2.1
num_layers=4
learning_rate=0.500000
connection_rate=1.000000
network_type=0
learning_momentum=0.000000
training_algorithm=2
train_error_function=1
train_stop_function=0
cascade_output_change_fraction=0.010000
quickprop_decay=-0.000100
quickprop_mu=1.750000
rprop_increase_factor=1.200000
rprop_decrease_factor=0.500000
rprop_delta_min=0.000000
rprop_delta_max=50.000000
rprop_delta_zero=0.100000
cascade_output_stagnation_epochs=12
cascade_candidate_change_fraction=0.010000
cascade_candidate_stagnation_epochs=12
cascade_max_out_epochs=150
cascade_min_out_epochs=50
cascade_max_cand_epochs=150
cascade_min_cand_epochs=50
cascade_num_candidate_groups=2
bit_fail_limit=3.49999994039535522461e-01
cascade_candidate_limit=1.00000000000000000000e+03
cascade_weight_multiplier=4.00000005960464477539e-01
cascade_activation_functions_count=10
cascade_activation_functions=3 5 7 8 10 11 14 15 16 17 
cascade_activation_steepnesses_count=4
cascade_activation_steepnesses=2.50000000000000000000e-01 5.00000000000000000000e-01 7.50000000000000000000e-01 1.00000000000000000000e+00 
layer_sizes=2 5 5 3 
scale_included=0
neurons (num_inputs, activation_function, activation_steepness)=(0, 0, 0.00000000000000000000e+00) (0, 0, 0.00000000000000000000e+00) (2, 3, 5.00000000000000000000e-01) (2, 3, 5.00000000000000000000e-01) (2, 3, 5.00000000000000000000e-01) (2, 3, 5.00000000000000000000e-01) (0, 3, 0.00000000000000000000e+00) (5, 3, 5.00000000000000000000e-01) (5, 3, 5.00000000000000000000e-01) (5, 3, 5.00000000000000000000e-01) (5, 3, 5.00000000000000000000e-01) (0, 3, 0.00000000000000000000e+00) (5, 0, 5.00000000000000000000e-01) (5, 0, 5.00000000000000000000e-01) (0, 0, 0.00000000000000000000e+00) 
connections (connected_to_neuron, weight)=(0, 1.50000000000000000000e+03) (1, -5.12500381469726562500e+00) (0, 1.50000000000000000000e+03) (1, 1.88319339752197265625e+01) (0, 1.50000000000000000000e+03) (1, 1.80429611206054687500e+01) (0, 1.50000000000000000000e+03) (1, 2.27868232727050781250e+01) (2, 1.95588226318359375000e+02) (3, 1.23335900878906250000e+03) (4, 1.29362512207031250000e+03) (5, 1.40046582031250000000e+03) (6, -1.36073104858398437500e+02) (2, -1.31054992675781250000e+01) (3, 1.49587817382812500000e+03) (4, 1.31165270996093750000e+03) (5, 1.07404248046875000000e+03) (6, 9.31839644908905029297e-01) (2, 6.59573936462402343750e+00) (3, 7.83543109893798828125e-01) (4, 4.82128888368606567383e-01) (5, -7.88556766510009765625e+00) (6, 4.22618001699447631836e-01) (2, -4.60690002441406250000e+01) (3, -9.61118286132812500000e+02) (4, -1.19259399414062500000e+03) (5, -1.30255285644531250000e+03) (6, 8.25609326362609863281e-01) (7, -3.77444177865982055664e-01) (8, 4.24686104059219360352e-01) (9, -2.30675220489501953125e+00) (10, 1.50000000000000000000e+03) (11, -4.40555959939956665039e-02) (7, 7.65917062759399414062e-01) (8, 6.83954477310180664062e-01) (9, -3.39396739006042480469e+00) (10, 1.50000000000000000000e+03) (11, 5.57310700416564941406e-01) 
