FANN_FLO_2.1
num_layers=4
learning_rate=0.400000
connection_rate=1.000000
network_type=0
learning_momentum=0.000000
training_algorithm=2
train_error_function=1
train_stop_function=0
cascade_output_change_fraction=0.010000
quickprop_decay=-0.000100
quickprop_mu=1.750000
rprop_increase_factor=1.200000
rprop_decrease_factor=0.500000
rprop_delta_min=0.000000
rprop_delta_max=50.000000
rprop_delta_zero=0.100000
cascade_output_stagnation_epochs=12
cascade_candidate_change_fraction=0.010000
cascade_candidate_stagnation_epochs=12
cascade_max_out_epochs=150
cascade_min_out_epochs=50
cascade_max_cand_epochs=150
cascade_min_cand_epochs=50
cascade_num_candidate_groups=2
bit_fail_limit=3.49999994039535522461e-01
cascade_candidate_limit=1.00000000000000000000e+03
cascade_weight_multiplier=4.00000005960464477539e-01
cascade_activation_functions_count=10
cascade_activation_functions=3 5 7 8 10 11 14 15 16 17 
cascade_activation_steepnesses_count=4
cascade_activation_steepnesses=2.50000000000000000000e-01 5.00000000000000000000e-01 7.50000000000000000000e-01 1.00000000000000000000e+00 
layer_sizes=7 5 3 2 
scale_included=0
neurons (num_inputs, activation_function, activation_steepness)=(0, 0, 0.00000000000000000000e+00) (0, 0, 0.00000000000000000000e+00) (0, 0, 0.00000000000000000000e+00) (0, 0, 0.00000000000000000000e+00) (0, 0, 0.00000000000000000000e+00) (0, 0, 0.00000000000000000000e+00) (0, 0, 0.00000000000000000000e+00) (7, 3, 5.00000000000000000000e-01) (7, 3, 5.00000000000000000000e-01) (7, 3, 5.00000000000000000000e-01) (7, 3, 5.00000000000000000000e-01) (0, 3, 0.00000000000000000000e+00) (5, 3, 5.00000000000000000000e-01) (5, 3, 5.00000000000000000000e-01) (0, 3, 0.00000000000000000000e+00) (3, 3, 5.00000000000000000000e-01) (0, 3, 0.00000000000000000000e+00) 
connections (connected_to_neuron, weight)=(0, 1.33988891601562500000e+02) (1, -5.16963745117187500000e+02) (2, 6.74238098144531250000e+02) (3, -9.35980957031250000000e+02) (4, 5.12829467773437500000e+02) (5, -1.48147326660156250000e+03) (6, -1.75456970214843750000e+02) (0, -1.03727404785156250000e+03) (1, -1.53884277343750000000e+02) (2, -1.50000000000000000000e+03) (3, -6.42081909179687500000e+02) (4, -1.18712673187255859375e+01) (5, 1.10286364746093750000e+03) (6, -2.75707766413688659668e-02) (0, 3.55870103836059570312e+00) (1, -9.46429824829101562500e+00) (2, 3.97183704376220703125e+00) (3, -5.06350755691528320312e+00) (4, -5.23213207721710205078e-01) (5, 7.12634658813476562500e+00) (6, -1.63887286186218261719e+00) (0, -8.12702178955078125000e+00) (1, 6.56437492370605468750e+00) (2, -2.47724294662475585938e+00) (3, -2.64432716369628906250e+00) (4, -8.84469270706176757812e-01) (5, -4.86537122726440429688e+00) (6, 1.05968129634857177734e+00) (7, -6.18479847908020019531e-01) (8, -1.94845211505889892578e+00) (9, 5.31187725067138671875e+00) (10, 7.56334066390991210938e+00) (11, -2.77835416793823242188e+00) (7, 2.78283238410949707031e-01) (8, -3.93065500259399414062e+00) (9, 2.49046497344970703125e+01) (10, 1.10151090621948242188e+01) (11, -7.74634420871734619141e-01) (12, -3.93933391571044921875e+00) (13, -1.30268466472625732422e+00) (14, -6.93622589111328125000e-01) 
