FANN_FLO_2.1
num_layers=4
learning_rate=0.500000
connection_rate=1.000000
network_type=0
learning_momentum=0.000000
training_algorithm=2
train_error_function=1
train_stop_function=0
cascade_output_change_fraction=0.010000
quickprop_decay=-0.000100
quickprop_mu=1.750000
rprop_increase_factor=1.200000
rprop_decrease_factor=0.500000
rprop_delta_min=0.000000
rprop_delta_max=50.000000
rprop_delta_zero=0.100000
cascade_output_stagnation_epochs=12
cascade_candidate_change_fraction=0.010000
cascade_candidate_stagnation_epochs=12
cascade_max_out_epochs=150
cascade_min_out_epochs=50
cascade_max_cand_epochs=150
cascade_min_cand_epochs=50
cascade_num_candidate_groups=2
bit_fail_limit=3.49999994039535522461e-01
cascade_candidate_limit=1.00000000000000000000e+03
cascade_weight_multiplier=4.00000005960464477539e-01
cascade_activation_functions_count=10
cascade_activation_functions=3 5 7 8 10 11 14 15 16 17 
cascade_activation_steepnesses_count=4
cascade_activation_steepnesses=2.50000000000000000000e-01 5.00000000000000000000e-01 7.50000000000000000000e-01 1.00000000000000000000e+00 
layer_sizes=10 5 3 2 
scale_included=0
neurons (num_inputs, activation_function, activation_steepness)=(0, 0, 0.00000000000000000000e+00) (0, 0, 0.00000000000000000000e+00) (0, 0, 0.00000000000000000000e+00) (0, 0, 0.00000000000000000000e+00) (0, 0, 0.00000000000000000000e+00) (0, 0, 0.00000000000000000000e+00) (0, 0, 0.00000000000000000000e+00) (0, 0, 0.00000000000000000000e+00) (0, 0, 0.00000000000000000000e+00) (0, 0, 0.00000000000000000000e+00) (10, 3, 5.00000000000000000000e-01) (10, 3, 5.00000000000000000000e-01) (10, 3, 5.00000000000000000000e-01) (10, 3, 5.00000000000000000000e-01) (0, 3, 0.00000000000000000000e+00) (5, 3, 5.00000000000000000000e-01) (5, 3, 5.00000000000000000000e-01) (0, 3, 0.00000000000000000000e+00) (3, 3, 5.00000000000000000000e-01) (0, 3, 0.00000000000000000000e+00) 
connections (connected_to_neuron, weight)=(0, -1.64709968566894531250e+01) (1, 4.30496215820312500000e+00) (2, 1.09157896041870117188e+01) (3, -1.34112715721130371094e-01) (4, 1.13622915744781494141e+00) (5, 7.17155551910400390625e+00) (6, -1.12153730392456054688e+01) (7, -4.40517234802246093750e+00) (8, -2.34477829933166503906e+00) (9, -2.05389305949211120605e-01) (0, -6.62723302841186523438e+00) (1, -6.89128351211547851562e+00) (2, -9.37236938625574111938e-03) (3, -8.01920533180236816406e-01) (4, -2.30696916580200195312e+00) (5, 1.09461390972137451172e+00) (6, -5.36022186279296875000e-01) (7, 3.23829793930053710938e+00) (8, 1.72398853302001953125e+01) (9, 1.96136522293090820312e+00) (0, 8.75971257686614990234e-01) (1, 2.23322486877441406250e+00) (2, -6.89402389526367187500e+00) (3, -5.74047327041625976562e-01) (4, 3.78709363937377929688e+00) (5, 1.51772007346153259277e-01) (6, 3.79921388626098632812e+00) (7, 1.01220798492431640625e+00) (8, -2.67025440931320190430e-01) (9, -2.61274647712707519531e+00) (0, -1.60915832519531250000e+01) (1, 5.80510759353637695312e+00) (2, 1.39612646102905273438e+01) (3, -1.63975745439529418945e-01) (4, 8.90730202198028564453e-01) (5, 2.29445791244506835938e+00) (6, -3.50478529930114746094e-01) (7, -4.36423444747924804688e+00) (8, -6.17346143722534179688e+00) (9, -6.13898456096649169922e-01) (10, -6.83909559249877929688e+00) (11, 4.22762632369995117188e+00) (12, -8.09658527374267578125e+00) (13, -3.71274781227111816406e+00) (14, -6.52334153652191162109e-01) (10, -4.44226646423339843750e+00) (11, 3.93533259630203247070e-01) (12, -1.10694611072540283203e+00) (13, 3.09150099754333496094e+00) (14, 2.18603181838989257812e+00) (15, -3.07988405227661132812e+00) (16, 9.66606259346008300781e-01) (17, 1.44724547863006591797e-01) 
