FANN_FLO_2.1
num_layers=4
learning_rate=0.400000
connection_rate=1.000000
network_type=0
learning_momentum=0.000000
training_algorithm=2
train_error_function=1
train_stop_function=0
cascade_output_change_fraction=0.010000
quickprop_decay=-0.000100
quickprop_mu=1.750000
rprop_increase_factor=1.200000
rprop_decrease_factor=0.500000
rprop_delta_min=0.000000
rprop_delta_max=50.000000
rprop_delta_zero=0.100000
cascade_output_stagnation_epochs=12
cascade_candidate_change_fraction=0.010000
cascade_candidate_stagnation_epochs=12
cascade_max_out_epochs=150
cascade_min_out_epochs=50
cascade_max_cand_epochs=150
cascade_min_cand_epochs=50
cascade_num_candidate_groups=2
bit_fail_limit=3.49999994039535522461e-01
cascade_candidate_limit=1.00000000000000000000e+03
cascade_weight_multiplier=4.00000005960464477539e-01
cascade_activation_functions_count=10
cascade_activation_functions=3 5 7 8 10 11 14 15 16 17 
cascade_activation_steepnesses_count=4
cascade_activation_steepnesses=2.50000000000000000000e-01 5.00000000000000000000e-01 7.50000000000000000000e-01 1.00000000000000000000e+00 
layer_sizes=7 3 3 2 
scale_included=0
neurons (num_inputs, activation_function, activation_steepness)=(0, 0, 0.00000000000000000000e+00) (0, 0, 0.00000000000000000000e+00) (0, 0, 0.00000000000000000000e+00) (0, 0, 0.00000000000000000000e+00) (0, 0, 0.00000000000000000000e+00) (0, 0, 0.00000000000000000000e+00) (0, 0, 0.00000000000000000000e+00) (7, 3, 5.00000000000000000000e-01) (7, 3, 5.00000000000000000000e-01) (0, 3, 0.00000000000000000000e+00) (3, 3, 5.00000000000000000000e-01) (3, 3, 5.00000000000000000000e-01) (0, 3, 0.00000000000000000000e+00) (3, 3, 5.00000000000000000000e-01) (0, 3, 0.00000000000000000000e+00) 
connections (connected_to_neuron, weight)=(0, -1.55058593750000000000e+02) (1, 6.46206970214843750000e+02) (2, 9.01838317871093750000e+02) (3, -1.34377294921875000000e+03) (4, -2.24549697875976562500e+02) (5, 2.46986358642578125000e+02) (6, -1.13153481483459472656e+00) (0, -3.06808853149414062500e+00) (1, 8.43343734741210937500e-02) (2, -7.53181129693984985352e-02) (3, -1.93128478527069091797e+00) (4, -9.48253273963928222656e-01) (5, 2.28663399815559387207e-01) (6, 2.62477803230285644531e+00) (7, 1.39080004882812500000e+03) (8, 2.99521946907043457031e+00) (9, -2.49248170852661132812e+00) (7, -8.15206909179687500000e+00) (8, 1.41368246078491210938e+01) (9, -2.10345530509948730469e+00) (10, -2.61765551567077636719e+00) (11, -1.49419355392456054688e+00) (12, -4.55471873283386230469e-01) 
