FANN_FLO_2.1
num_layers=4
learning_rate=0.500000
connection_rate=1.000000
network_type=0
learning_momentum=0.000000
training_algorithm=2
train_error_function=1
train_stop_function=0
cascade_output_change_fraction=0.010000
quickprop_decay=-0.000100
quickprop_mu=1.750000
rprop_increase_factor=1.200000
rprop_decrease_factor=0.500000
rprop_delta_min=0.000000
rprop_delta_max=50.000000
rprop_delta_zero=0.100000
cascade_output_stagnation_epochs=12
cascade_candidate_change_fraction=0.010000
cascade_candidate_stagnation_epochs=12
cascade_max_out_epochs=150
cascade_min_out_epochs=50
cascade_max_cand_epochs=150
cascade_min_cand_epochs=50
cascade_num_candidate_groups=2
bit_fail_limit=3.49999994039535522461e-01
cascade_candidate_limit=1.00000000000000000000e+03
cascade_weight_multiplier=4.00000005960464477539e-01
cascade_activation_functions_count=10
cascade_activation_functions=3 5 7 8 10 11 14 15 16 17 
cascade_activation_steepnesses_count=4
cascade_activation_steepnesses=2.50000000000000000000e-01 5.00000000000000000000e-01 7.50000000000000000000e-01 1.00000000000000000000e+00 
layer_sizes=2 5 3 3 
scale_included=0
neurons (num_inputs, activation_function, activation_steepness)=(0, 0, 0.00000000000000000000e+00) (0, 0, 0.00000000000000000000e+00) (2, 3, 5.00000000000000000000e-01) (2, 3, 5.00000000000000000000e-01) (2, 3, 5.00000000000000000000e-01) (2, 3, 5.00000000000000000000e-01) (0, 3, 0.00000000000000000000e+00) (5, 3, 5.00000000000000000000e-01) (5, 3, 5.00000000000000000000e-01) (0, 3, 0.00000000000000000000e+00) (3, 0, 5.00000000000000000000e-01) (3, 0, 5.00000000000000000000e-01) (0, 0, 0.00000000000000000000e+00) 
connections (connected_to_neuron, weight)=(0, 1.50000000000000000000e+03) (1, -1.92982376098632812500e+02) (0, 1.50000000000000000000e+03) (1, -1.92925842285156250000e+02) (0, -2.59991111755371093750e+01) (1, 4.49039745330810546875e+00) (0, 9.66926040649414062500e+01) (1, -3.98278160095214843750e+01) (2, 9.95841979980468750000e-01) (3, -2.46679091453552246094e+00) (4, 5.76066875457763671875e+00) (5, -1.50000000000000000000e+03) (6, 1.28455531597137451172e+00) (2, 1.50000000000000000000e+03) (3, 1.50000000000000000000e+03) (4, -1.39010572433471679688e+01) (5, -1.50000000000000000000e+03) (6, -1.66436970233917236328e+00) (7, -1.07019841670989990234e+00) (8, -1.77097868919372558594e+00) (9, 7.06454038619995117188e-01) (7, 2.77479982376098632812e+00) (8, -8.38530898094177246094e-01) (9, -8.68129611015319824219e-01) 
