FANN_FLO_2.1
num_layers=3
learning_rate=0.400000
connection_rate=1.000000
network_type=0
learning_momentum=0.000000
training_algorithm=2
train_error_function=1
train_stop_function=0
cascade_output_change_fraction=0.010000
quickprop_decay=-0.000100
quickprop_mu=1.750000
rprop_increase_factor=1.200000
rprop_decrease_factor=0.500000
rprop_delta_min=0.000000
rprop_delta_max=50.000000
rprop_delta_zero=0.100000
cascade_output_stagnation_epochs=12
cascade_candidate_change_fraction=0.010000
cascade_candidate_stagnation_epochs=12
cascade_max_out_epochs=150
cascade_min_out_epochs=50
cascade_max_cand_epochs=150
cascade_min_cand_epochs=50
cascade_num_candidate_groups=2
bit_fail_limit=3.49999994039535522461e-01
cascade_candidate_limit=1.00000000000000000000e+03
cascade_weight_multiplier=4.00000005960464477539e-01
cascade_activation_functions_count=10
cascade_activation_functions=3 5 7 8 10 11 14 15 16 17 
cascade_activation_steepnesses_count=4
cascade_activation_steepnesses=2.50000000000000000000e-01 5.00000000000000000000e-01 7.50000000000000000000e-01 1.00000000000000000000e+00 
layer_sizes=7 5 2 
scale_included=0
neurons (num_inputs, activation_function, activation_steepness)=(0, 0, 0.00000000000000000000e+00) (0, 0, 0.00000000000000000000e+00) (0, 0, 0.00000000000000000000e+00) (0, 0, 0.00000000000000000000e+00) (0, 0, 0.00000000000000000000e+00) (0, 0, 0.00000000000000000000e+00) (0, 0, 0.00000000000000000000e+00) (7, 3, 5.00000000000000000000e-01) (7, 3, 5.00000000000000000000e-01) (7, 3, 5.00000000000000000000e-01) (7, 3, 5.00000000000000000000e-01) (0, 3, 0.00000000000000000000e+00) (5, 3, 5.00000000000000000000e-01) (0, 3, 0.00000000000000000000e+00) 
connections (connected_to_neuron, weight)=(0, -9.10670852661132812500e+00) (1, 8.64680957794189453125e+00) (2, -5.31449413299560546875e+00) (3, -1.26315867900848388672e+00) (4, -3.95993024110794067383e-01) (5, -1.50000000000000000000e+03) (6, 6.58757612109184265137e-03) (0, 4.48690843582153320312e+00) (1, -5.30948448181152343750e+00) (2, 2.27713152766227722168e-01) (3, -2.19469523429870605469e+00) (4, 8.44609960913658142090e-02) (5, 2.12459421157836914062e+00) (6, -2.09968471527099609375e+00) (0, -4.77585840225219726562e+00) (1, -4.77947092056274414062e+00) (2, 5.30620613098144531250e+01) (3, 3.58603215217590332031e+00) (4, -1.14179158210754394531e+00) (5, 3.84555745124816894531e+00) (6, 1.70305550098419189453e+00) (0, 3.30058288574218750000e+00) (1, -1.34741318225860595703e+00) (2, -1.84032404422760009766e+00) (3, 7.26567268371582031250e+00) (4, -7.10478830337524414062e+00) (5, 5.70255797356367111206e-03) (6, -2.93077015876770019531e+00) (7, -7.79830265045166015625e+00) (8, -9.97541713714599609375e+00) (9, -4.17331814765930175781e-01) (10, -8.11665952205657958984e-01) (11, -1.55168861150741577148e-01) 
