FANN_FLO_2.1
num_layers=3
learning_rate=0.500000
connection_rate=1.000000
network_type=0
learning_momentum=0.000000
training_algorithm=2
train_error_function=1
train_stop_function=0
cascade_output_change_fraction=0.010000
quickprop_decay=-0.000100
quickprop_mu=1.750000
rprop_increase_factor=1.200000
rprop_decrease_factor=0.500000
rprop_delta_min=0.000000
rprop_delta_max=50.000000
rprop_delta_zero=0.100000
cascade_output_stagnation_epochs=12
cascade_candidate_change_fraction=0.010000
cascade_candidate_stagnation_epochs=12
cascade_max_out_epochs=150
cascade_min_out_epochs=50
cascade_max_cand_epochs=150
cascade_min_cand_epochs=50
cascade_num_candidate_groups=2
bit_fail_limit=3.49999994039535522461e-01
cascade_candidate_limit=1.00000000000000000000e+03
cascade_weight_multiplier=4.00000005960464477539e-01
cascade_activation_functions_count=10
cascade_activation_functions=3 5 7 8 10 11 14 15 16 17 
cascade_activation_steepnesses_count=4
cascade_activation_steepnesses=2.50000000000000000000e-01 5.00000000000000000000e-01 7.50000000000000000000e-01 1.00000000000000000000e+00 
layer_sizes=10 5 2 
scale_included=0
neurons (num_inputs, activation_function, activation_steepness)=(0, 0, 0.00000000000000000000e+00) (0, 0, 0.00000000000000000000e+00) (0, 0, 0.00000000000000000000e+00) (0, 0, 0.00000000000000000000e+00) (0, 0, 0.00000000000000000000e+00) (0, 0, 0.00000000000000000000e+00) (0, 0, 0.00000000000000000000e+00) (0, 0, 0.00000000000000000000e+00) (0, 0, 0.00000000000000000000e+00) (0, 0, 0.00000000000000000000e+00) (10, 3, 5.00000000000000000000e-01) (10, 3, 5.00000000000000000000e-01) (10, 3, 5.00000000000000000000e-01) (10, 3, 5.00000000000000000000e-01) (0, 3, 0.00000000000000000000e+00) (5, 3, 5.00000000000000000000e-01) (0, 3, 0.00000000000000000000e+00) 
connections (connected_to_neuron, weight)=(0, -5.76888227462768554688e+00) (1, -3.44111585617065429688e+00) (2, -1.79515027999877929688e+00) (3, -8.29197406768798828125e+00) (4, 3.04002022743225097656e+00) (5, -1.40870893001556396484e+00) (6, -1.18361853063106536865e-01) (7, 1.63297615051269531250e+01) (8, 3.32324457168579101562e+00) (9, -2.01196718215942382812e+00) (0, 5.05221509933471679688e+00) (1, -8.62954497337341308594e-01) (2, 1.46035051345825195312e+00) (3, -5.93217849731445312500e-01) (4, 1.58594646453857421875e+01) (5, 1.60103855133056640625e+01) (6, -5.11068058013916015625e+00) (7, -5.60733735561370849609e-01) (8, -7.66896581649780273438e+00) (9, -6.91278743743896484375e+00) (0, -1.13169622421264648438e+01) (1, -5.41208744049072265625e+00) (2, 8.08706209063529968262e-02) (3, -6.36182665824890136719e-01) (4, 1.00874364376068115234e+00) (5, 4.20328110456466674805e-01) (6, 8.41487121582031250000e+00) (7, 3.43964099884033203125e-01) (8, 4.88876402378082275391e-01) (9, 9.34309363365173339844e-02) (0, 3.93176698684692382812e+00) (1, 1.45084846019744873047e+00) (2, 2.49785447120666503906e+00) (3, -1.09525978565216064453e+00) (4, 1.93063068389892578125e+00) (5, 1.50697336196899414062e+01) (6, -2.80878233909606933594e+00) (7, -1.92747287750244140625e+01) (8, -4.08994734287261962891e-01) (9, -2.37468957901000976562e+00) (10, 1.06312894821166992188e+00) (11, 6.45670711994171142578e-01) (12, 1.85031068325042724609e+00) (13, 2.31052112579345703125e+00) (14, -2.08546614646911621094e+00) 
