FANN_FLO_2.1
num_layers=3
learning_rate=0.500000
connection_rate=1.000000
network_type=0
learning_momentum=0.000000
training_algorithm=2
train_error_function=1
train_stop_function=0
cascade_output_change_fraction=0.010000
quickprop_decay=-0.000100
quickprop_mu=1.750000
rprop_increase_factor=1.200000
rprop_decrease_factor=0.500000
rprop_delta_min=0.000000
rprop_delta_max=50.000000
rprop_delta_zero=0.100000
cascade_output_stagnation_epochs=12
cascade_candidate_change_fraction=0.010000
cascade_candidate_stagnation_epochs=12
cascade_max_out_epochs=150
cascade_min_out_epochs=50
cascade_max_cand_epochs=150
cascade_min_cand_epochs=50
cascade_num_candidate_groups=2
bit_fail_limit=3.49999994039535522461e-01
cascade_candidate_limit=1.00000000000000000000e+03
cascade_weight_multiplier=4.00000005960464477539e-01
cascade_activation_functions_count=10
cascade_activation_functions=3 5 7 8 10 11 14 15 16 17 
cascade_activation_steepnesses_count=4
cascade_activation_steepnesses=2.50000000000000000000e-01 5.00000000000000000000e-01 7.50000000000000000000e-01 1.00000000000000000000e+00 
layer_sizes=10 3 2 
scale_included=0
neurons (num_inputs, activation_function, activation_steepness)=(0, 0, 0.00000000000000000000e+00) (0, 0, 0.00000000000000000000e+00) (0, 0, 0.00000000000000000000e+00) (0, 0, 0.00000000000000000000e+00) (0, 0, 0.00000000000000000000e+00) (0, 0, 0.00000000000000000000e+00) (0, 0, 0.00000000000000000000e+00) (0, 0, 0.00000000000000000000e+00) (0, 0, 0.00000000000000000000e+00) (0, 0, 0.00000000000000000000e+00) (10, 3, 5.00000000000000000000e-01) (10, 3, 5.00000000000000000000e-01) (0, 3, 0.00000000000000000000e+00) (3, 3, 5.00000000000000000000e-01) (0, 3, 0.00000000000000000000e+00) 
connections (connected_to_neuron, weight)=(0, -1.17632885742187500000e+03) (1, 8.38140502929687500000e+02) (2, 8.98609375000000000000e+02) (3, -1.50000000000000000000e+03) (4, -1.50000000000000000000e+03) (5, -3.38479187011718750000e+02) (6, -1.50000000000000000000e+03) (7, -1.50000000000000000000e+03) (8, 6.05458374023437500000e+02) (9, -1.50489881634712219238e-01) (0, 4.53329753875732421875e+00) (1, 6.76869392395019531250e+00) (2, -1.59111728668212890625e+01) (3, -7.68362617492675781250e+00) (4, 2.17759552001953125000e+01) (5, 1.15928735733032226562e+01) (6, -2.06810131072998046875e+01) (7, 9.31594848632812500000e+00) (8, -9.79008388519287109375e+00) (9, -3.89624404907226562500e+00) (10, -6.38887807726860046387e-02) (11, 2.17307066917419433594e+00) (12, -9.92841124534606933594e-01) 
