FANN_FLO_2.1
num_layers=4
learning_rate=0.400000
connection_rate=1.000000
network_type=0
learning_momentum=0.000000
training_algorithm=2
train_error_function=1
train_stop_function=0
cascade_output_change_fraction=0.010000
quickprop_decay=-0.000100
quickprop_mu=1.750000
rprop_increase_factor=1.200000
rprop_decrease_factor=0.500000
rprop_delta_min=0.000000
rprop_delta_max=50.000000
rprop_delta_zero=0.100000
cascade_output_stagnation_epochs=12
cascade_candidate_change_fraction=0.010000
cascade_candidate_stagnation_epochs=12
cascade_max_out_epochs=150
cascade_min_out_epochs=50
cascade_max_cand_epochs=150
cascade_min_cand_epochs=50
cascade_num_candidate_groups=2
bit_fail_limit=3.49999994039535522461e-01
cascade_candidate_limit=1.00000000000000000000e+03
cascade_weight_multiplier=4.00000005960464477539e-01
cascade_activation_functions_count=10
cascade_activation_functions=3 5 7 8 10 11 14 15 16 17 
cascade_activation_steepnesses_count=4
cascade_activation_steepnesses=2.50000000000000000000e-01 5.00000000000000000000e-01 7.50000000000000000000e-01 1.00000000000000000000e+00 
layer_sizes=7 5 5 2 
scale_included=0
neurons (num_inputs, activation_function, activation_steepness)=(0, 0, 0.00000000000000000000e+00) (0, 0, 0.00000000000000000000e+00) (0, 0, 0.00000000000000000000e+00) (0, 0, 0.00000000000000000000e+00) (0, 0, 0.00000000000000000000e+00) (0, 0, 0.00000000000000000000e+00) (0, 0, 0.00000000000000000000e+00) (7, 3, 5.00000000000000000000e-01) (7, 3, 5.00000000000000000000e-01) (7, 3, 5.00000000000000000000e-01) (7, 3, 5.00000000000000000000e-01) (0, 3, 0.00000000000000000000e+00) (5, 3, 5.00000000000000000000e-01) (5, 3, 5.00000000000000000000e-01) (5, 3, 5.00000000000000000000e-01) (5, 3, 5.00000000000000000000e-01) (0, 3, 0.00000000000000000000e+00) (5, 3, 5.00000000000000000000e-01) (0, 3, 0.00000000000000000000e+00) 
connections (connected_to_neuron, weight)=(0, -1.67836475372314453125e+01) (1, 7.65378379821777343750e+00) (2, -4.03444957733154296875e+00) (3, -1.85897874832153320312e+00) (4, -6.01776599884033203125e-01) (5, -8.97010040283203125000e+00) (6, 8.01551914215087890625e+00) (0, -3.03608722686767578125e+01) (1, -2.41294136047363281250e+01) (2, 9.54377975463867187500e+01) (3, -4.93757438659667968750e+01) (4, 3.03045139312744140625e+01) (5, 5.32509651184082031250e+01) (6, -5.48483514785766601562e+00) (0, 1.08447589874267578125e+01) (1, -2.21191549301147460938e+00) (2, 9.46971130371093750000e+00) (3, -1.28648910522460937500e+01) (4, -1.15945167541503906250e+01) (5, -4.24355077743530273438e+00) (6, 3.42269301414489746094e+00) (0, -2.77285599708557128906e+00) (1, -6.67553806304931640625e+00) (2, -2.04260559082031250000e+01) (3, -6.60785102844238281250e+00) (4, -2.35736036300659179688e+00) (5, 9.29020118713378906250e+00) (6, 4.52144384384155273438e+00) (7, 3.55974984169006347656e+00) (8, -7.49183845520019531250e+00) (9, 6.08754638671875000000e+02) (10, 1.02350206375122070312e+01) (11, -1.09808838367462158203e+00) (7, 6.13481950759887695312e+00) (8, 1.69934749603271484375e+00) (9, 6.69569826126098632812e+00) (10, 6.99891042709350585938e+00) (11, -9.21205806732177734375e+00) (7, 1.74627799987792968750e+01) (8, 9.55760598182678222656e-01) (9, -1.12561225891113281250e+00) (10, 7.02966403961181640625e+00) (11, -6.30286073684692382812e+00) (7, 3.19254231452941894531e+00) (8, -4.17595529556274414062e+00) (9, 6.08754638671875000000e+02) (10, 8.24661350250244140625e+00) (11, -1.50749850273132324219e+00) (12, -6.33157849311828613281e-01) (13, -1.46932339668273925781e+00) (14, -1.17978525161743164062e+00) (15, -6.05025410652160644531e-01) (16, -5.21562993526458740234e-01) 
