FANN_FLO_2.1
num_layers=4
learning_rate=0.500000
connection_rate=1.000000
network_type=0
learning_momentum=0.000000
training_algorithm=2
train_error_function=1
train_stop_function=0
cascade_output_change_fraction=0.010000
quickprop_decay=-0.000100
quickprop_mu=1.750000
rprop_increase_factor=1.200000
rprop_decrease_factor=0.500000
rprop_delta_min=0.000000
rprop_delta_max=50.000000
rprop_delta_zero=0.100000
cascade_output_stagnation_epochs=12
cascade_candidate_change_fraction=0.010000
cascade_candidate_stagnation_epochs=12
cascade_max_out_epochs=150
cascade_min_out_epochs=50
cascade_max_cand_epochs=150
cascade_min_cand_epochs=50
cascade_num_candidate_groups=2
bit_fail_limit=3.49999994039535522461e-01
cascade_candidate_limit=1.00000000000000000000e+03
cascade_weight_multiplier=4.00000005960464477539e-01
cascade_activation_functions_count=10
cascade_activation_functions=3 5 7 8 10 11 14 15 16 17 
cascade_activation_steepnesses_count=4
cascade_activation_steepnesses=2.50000000000000000000e-01 5.00000000000000000000e-01 7.50000000000000000000e-01 1.00000000000000000000e+00 
layer_sizes=2 5 3 3 
scale_included=0
neurons (num_inputs, activation_function, activation_steepness)=(0, 0, 0.00000000000000000000e+00) (0, 0, 0.00000000000000000000e+00) (2, 3, 5.00000000000000000000e-01) (2, 3, 5.00000000000000000000e-01) (2, 3, 5.00000000000000000000e-01) (2, 3, 5.00000000000000000000e-01) (0, 3, 0.00000000000000000000e+00) (5, 3, 5.00000000000000000000e-01) (5, 3, 5.00000000000000000000e-01) (0, 3, 0.00000000000000000000e+00) (3, 0, 5.00000000000000000000e-01) (3, 0, 5.00000000000000000000e-01) (0, 0, 0.00000000000000000000e+00) 
connections (connected_to_neuron, weight)=(0, 1.50000000000000000000e+03) (1, -1.52751789093017578125e+01) (0, 1.50000000000000000000e+03) (1, 2.26379642486572265625e+01) (0, 1.50000000000000000000e+03) (1, 2.35977745056152343750e+01) (0, -1.50000000000000000000e+03) (1, 1.13626241683959960938e+01) (2, -1.50000000000000000000e+03) (3, -1.82709484100341796875e+01) (4, -2.18452285766601562500e+02) (5, 2.28436767578125000000e+02) (6, 1.28456807136535644531e+00) (2, -1.50000000000000000000e+03) (3, -1.45855126953125000000e+03) (4, -7.02428588867187500000e+02) (5, 1.24529736328125000000e+03) (6, 1.66490614414215087891e+00) (7, 1.08814245605468750000e+03) (8, 1.50000000000000000000e+03) (9, -1.31246447563171386719e+00) (7, 1.32460778808593750000e+03) (8, 1.50000000000000000000e+03) (9, 1.60012580454349517822e-03) 
