FANN_FLO_2.1
num_layers=3
learning_rate=0.400000
connection_rate=1.000000
network_type=0
learning_momentum=0.000000
training_algorithm=2
train_error_function=1
train_stop_function=0
cascade_output_change_fraction=0.010000
quickprop_decay=-0.000100
quickprop_mu=1.750000
rprop_increase_factor=1.200000
rprop_decrease_factor=0.500000
rprop_delta_min=0.000000
rprop_delta_max=50.000000
rprop_delta_zero=0.100000
cascade_output_stagnation_epochs=12
cascade_candidate_change_fraction=0.010000
cascade_candidate_stagnation_epochs=12
cascade_max_out_epochs=150
cascade_min_out_epochs=50
cascade_max_cand_epochs=150
cascade_min_cand_epochs=50
cascade_num_candidate_groups=2
bit_fail_limit=3.49999994039535522461e-01
cascade_candidate_limit=1.00000000000000000000e+03
cascade_weight_multiplier=4.00000005960464477539e-01
cascade_activation_functions_count=10
cascade_activation_functions=3 5 7 8 10 11 14 15 16 17 
cascade_activation_steepnesses_count=4
cascade_activation_steepnesses=2.50000000000000000000e-01 5.00000000000000000000e-01 7.50000000000000000000e-01 1.00000000000000000000e+00 
layer_sizes=7 9 2 
scale_included=0
neurons (num_inputs, activation_function, activation_steepness)=(0, 0, 0.00000000000000000000e+00) (0, 0, 0.00000000000000000000e+00) (0, 0, 0.00000000000000000000e+00) (0, 0, 0.00000000000000000000e+00) (0, 0, 0.00000000000000000000e+00) (0, 0, 0.00000000000000000000e+00) (0, 0, 0.00000000000000000000e+00) (7, 3, 5.00000000000000000000e-01) (7, 3, 5.00000000000000000000e-01) (7, 3, 5.00000000000000000000e-01) (7, 3, 5.00000000000000000000e-01) (7, 3, 5.00000000000000000000e-01) (7, 3, 5.00000000000000000000e-01) (7, 3, 5.00000000000000000000e-01) (7, 3, 5.00000000000000000000e-01) (0, 3, 0.00000000000000000000e+00) (9, 3, 5.00000000000000000000e-01) (0, 3, 0.00000000000000000000e+00) 
connections (connected_to_neuron, weight)=(0, -1.61519622802734375000e+01) (1, 1.23110017776489257812e+01) (2, -1.23195095062255859375e+01) (3, 2.52325248718261718750e+00) (4, -3.38277482986450195312e+00) (5, 1.08741636276245117188e+01) (6, 1.97426450252532958984e+00) (0, -2.82435774803161621094e-01) (1, 1.32161962985992431641e+00) (2, 1.90707528591156005859e+00) (3, -2.53077530860900878906e+00) (4, -1.29013109207153320312e+00) (5, -1.41515515136718750000e+03) (6, 5.16959547996520996094e-01) (0, -1.77758359909057617188e+00) (1, 1.38447165489196777344e+00) (2, 1.70442193746566772461e-01) (3, 2.60675966739654541016e-01) (4, -9.63330805301666259766e-01) (5, -1.41515515136718750000e+03) (6, 6.40110194683074951172e-01) (0, -1.39236707687377929688e+01) (1, 1.31945896148681640625e+01) (2, -1.37828063964843750000e+01) (3, 2.39129829406738281250e+00) (4, 9.17064428329467773438e-01) (5, 5.19132471084594726562e+00) (6, 1.12344539165496826172e+00) (0, 3.71948862075805664062e+00) (1, -1.48698115348815917969e+00) (2, 4.37625741958618164062e+00) (3, -4.44861745834350585938e+00) (4, -1.76214647293090820312e+00) (5, -7.76723921298980712891e-01) (6, 5.03677487373352050781e-01) (0, 1.86709618568420410156e+00) (1, -1.20295798778533935547e+00) (2, 1.30397968292236328125e+01) (3, -3.10077667236328125000e+00) (4, -9.93300616741180419922e-01) (5, -1.34337282180786132812e+00) (6, 6.13052666187286376953e-01) (0, -2.45863032341003417969e+00) (1, -1.80112705230712890625e+01) (2, 3.99594235420227050781e+00) (3, -2.71263790130615234375e+00) (4, 5.62837310135364532471e-02) (5, 6.52261447906494140625e+00) (6, 4.27937775850296020508e-01) (0, -4.19015407562255859375e+00) (1, -5.98301768302917480469e-01) (2, 6.50617170333862304688e+00) (3, -7.44731068611145019531e-01) (4, 2.74735856056213378906e+00) (5, -1.41515515136718750000e+03) (6, 5.78111350536346435547e-01) (7, -1.73665904998779296875e+00) (8, -1.03190338611602783203e+00) (9, -1.29970586299896240234e+00) (10, -2.48898243904113769531e+00) (11, -2.08972740173339843750e+00) (12, -1.09565651416778564453e+00) (13, -1.05288858413696289062e+01) (14, -1.59409868717193603516e+00) (15, 2.61909246444702148438e+00) 
