FANN_FLO_2.1
num_layers=3
learning_rate=0.400000
connection_rate=1.000000
network_type=0
learning_momentum=0.000000
training_algorithm=2
train_error_function=1
train_stop_function=0
cascade_output_change_fraction=0.010000
quickprop_decay=-0.000100
quickprop_mu=1.750000
rprop_increase_factor=1.200000
rprop_decrease_factor=0.500000
rprop_delta_min=0.000000
rprop_delta_max=50.000000
rprop_delta_zero=0.100000
cascade_output_stagnation_epochs=12
cascade_candidate_change_fraction=0.010000
cascade_candidate_stagnation_epochs=12
cascade_max_out_epochs=150
cascade_min_out_epochs=50
cascade_max_cand_epochs=150
cascade_min_cand_epochs=50
cascade_num_candidate_groups=2
bit_fail_limit=3.49999994039535522461e-01
cascade_candidate_limit=1.00000000000000000000e+03
cascade_weight_multiplier=4.00000005960464477539e-01
cascade_activation_functions_count=10
cascade_activation_functions=3 5 7 8 10 11 14 15 16 17 
cascade_activation_steepnesses_count=4
cascade_activation_steepnesses=2.50000000000000000000e-01 5.00000000000000000000e-01 7.50000000000000000000e-01 1.00000000000000000000e+00 
layer_sizes=19 3 3 
scale_included=0
neurons (num_inputs, activation_function, activation_steepness)=(0, 0, 0.00000000000000000000e+00) (0, 0, 0.00000000000000000000e+00) (0, 0, 0.00000000000000000000e+00) (0, 0, 0.00000000000000000000e+00) (0, 0, 0.00000000000000000000e+00) (0, 0, 0.00000000000000000000e+00) (0, 0, 0.00000000000000000000e+00) (0, 0, 0.00000000000000000000e+00) (0, 0, 0.00000000000000000000e+00) (0, 0, 0.00000000000000000000e+00) (0, 0, 0.00000000000000000000e+00) (0, 0, 0.00000000000000000000e+00) (0, 0, 0.00000000000000000000e+00) (0, 0, 0.00000000000000000000e+00) (0, 0, 0.00000000000000000000e+00) (0, 0, 0.00000000000000000000e+00) (0, 0, 0.00000000000000000000e+00) (0, 0, 0.00000000000000000000e+00) (0, 0, 0.00000000000000000000e+00) (19, 3, 5.00000000000000000000e-01) (19, 3, 5.00000000000000000000e-01) (0, 3, 0.00000000000000000000e+00) (3, 3, 5.00000000000000000000e-01) (3, 3, 5.00000000000000000000e-01) (0, 3, 0.00000000000000000000e+00) 
connections (connected_to_neuron, weight)=(0, -4.00477743148803710938e+00) (1, 1.77029943466186523438e+00) (2, 2.29728150367736816406e+00) (3, -3.81211471557617187500e+00) (4, -1.33162125945091247559e-01) (5, -6.00162410736083984375e+00) (6, -5.11887502670288085938e+00) (7, 2.47365927696228027344e+00) (8, -1.01749932765960693359e+00) (9, 4.08666467666625976562e+00) (10, -1.33914577960968017578e+00) (11, -9.70085978507995605469e-01) (12, 5.99025058746337890625e+00) (13, -3.21459054946899414062e+00) (14, -2.33124420046806335449e-01) (15, 4.45213603973388671875e+00) (16, -2.45328330993652343750e+00) (17, 8.04051220417022705078e-01) (18, -1.76027512550354003906e+00) (0, 3.56899046897888183594e+00) (1, -8.02725315093994140625e+00) (2, -1.49206743240356445312e+01) (3, 3.03761124610900878906e+00) (4, 2.50827693939208984375e+00) (5, 2.67715129852294921875e+01) (6, 9.81658935546875000000e+00) (7, 2.59301692247390747070e-01) (8, 1.05791175365447998047e+00) (9, -2.95505464076995849609e-01) (10, 1.11881089210510253906e+00) (11, 1.99952697753906250000e+00) (12, -1.12357492446899414062e+01) (13, 1.00771942138671875000e+01) (14, 1.67154502868652343750e+00) (15, -1.14629173278808593750e+01) (16, -1.13761723041534423828e+00) (17, -1.16219830513000488281e+00) (18, 4.39109134674072265625e+00) (19, -2.08829855918884277344e+00) (20, -1.52563929557800292969e+00) (21, 1.01882731914520263672e+00) (19, 2.08833122253417968750e+00) (20, 1.52561497688293457031e+00) (21, -1.01811134815216064453e+00) 
