FANN_FLO_2.1
num_layers=3
learning_rate=0.400000
connection_rate=1.000000
network_type=0
learning_momentum=0.000000
training_algorithm=2
train_error_function=1
train_stop_function=0
cascade_output_change_fraction=0.010000
quickprop_decay=-0.000100
quickprop_mu=1.750000
rprop_increase_factor=1.200000
rprop_decrease_factor=0.500000
rprop_delta_min=0.000000
rprop_delta_max=50.000000
rprop_delta_zero=0.100000
cascade_output_stagnation_epochs=12
cascade_candidate_change_fraction=0.010000
cascade_candidate_stagnation_epochs=12
cascade_max_out_epochs=150
cascade_min_out_epochs=50
cascade_max_cand_epochs=150
cascade_min_cand_epochs=50
cascade_num_candidate_groups=2
bit_fail_limit=3.49999994039535522461e-01
cascade_candidate_limit=1.00000000000000000000e+03
cascade_weight_multiplier=4.00000005960464477539e-01
cascade_activation_functions_count=10
cascade_activation_functions=3 5 7 8 10 11 14 15 16 17 
cascade_activation_steepnesses_count=4
cascade_activation_steepnesses=2.50000000000000000000e-01 5.00000000000000000000e-01 7.50000000000000000000e-01 1.00000000000000000000e+00 
layer_sizes=19 3 3 
scale_included=0
neurons (num_inputs, activation_function, activation_steepness)=(0, 0, 0.00000000000000000000e+00) (0, 0, 0.00000000000000000000e+00) (0, 0, 0.00000000000000000000e+00) (0, 0, 0.00000000000000000000e+00) (0, 0, 0.00000000000000000000e+00) (0, 0, 0.00000000000000000000e+00) (0, 0, 0.00000000000000000000e+00) (0, 0, 0.00000000000000000000e+00) (0, 0, 0.00000000000000000000e+00) (0, 0, 0.00000000000000000000e+00) (0, 0, 0.00000000000000000000e+00) (0, 0, 0.00000000000000000000e+00) (0, 0, 0.00000000000000000000e+00) (0, 0, 0.00000000000000000000e+00) (0, 0, 0.00000000000000000000e+00) (0, 0, 0.00000000000000000000e+00) (0, 0, 0.00000000000000000000e+00) (0, 0, 0.00000000000000000000e+00) (0, 0, 0.00000000000000000000e+00) (19, 3, 5.00000000000000000000e-01) (19, 3, 5.00000000000000000000e-01) (0, 3, 0.00000000000000000000e+00) (3, 3, 5.00000000000000000000e-01) (3, 3, 5.00000000000000000000e-01) (0, 3, 0.00000000000000000000e+00) 
connections (connected_to_neuron, weight)=(0, -1.70171990990638732910e-01) (1, -1.34775066375732421875e+00) (2, 3.53724908828735351562e+00) (3, 2.05915763974189758301e-01) (4, -4.57972621917724609375e+00) (5, 5.99373292922973632812e+00) (6, 1.43484652042388916016e+00) (7, -2.64597177505493164062e+00) (8, 2.24391484260559082031e+00) (9, -1.17275440692901611328e+00) (10, 2.50919413566589355469e+00) (11, -3.80889248847961425781e+00) (12, -3.94305467605590820312e-01) (13, 1.17370784282684326172e+00) (14, -3.88675093650817871094e+00) (15, -9.88467216491699218750e-01) (16, 3.57891058921813964844e+00) (17, -3.42829370498657226562e+00) (18, -4.10185426473617553711e-01) (0, -3.68315994739532470703e-01) (1, 1.05372607707977294922e+00) (2, -3.93275618553161621094e+00) (3, -6.73780679702758789062e-01) (4, 5.27263879776000976562e+00) (5, -6.58537006378173828125e+00) (6, -1.69254612922668457031e+00) (7, 2.77743721008300781250e+00) (8, -2.36360979080200195312e+00) (9, 1.29617428779602050781e+00) (10, -2.53543972969055175781e+00) (11, 2.90588140487670898438e+00) (12, -2.89371281862258911133e-01) (13, -9.98561263084411621094e-01) (14, 4.41275072097778320312e+00) (15, 6.14661797881126403809e-02) (16, -4.86701202392578125000e+00) (17, 3.63040423393249511719e+00) (18, 4.31312054395675659180e-01) (19, -2.31216883659362792969e+00) (20, -2.21175813674926757812e+00) (21, 1.27626585960388183594e+00) (19, 2.31771850585937500000e+00) (20, 2.22033262252807617188e+00) (21, -1.27981400489807128906e+00) 
