FANN_FLO_2.1
num_layers=3
learning_rate=0.400000
connection_rate=1.000000
network_type=0
learning_momentum=0.000000
training_algorithm=2
train_error_function=1
train_stop_function=0
cascade_output_change_fraction=0.010000
quickprop_decay=-0.000100
quickprop_mu=1.750000
rprop_increase_factor=1.200000
rprop_decrease_factor=0.500000
rprop_delta_min=0.000000
rprop_delta_max=50.000000
rprop_delta_zero=0.100000
cascade_output_stagnation_epochs=12
cascade_candidate_change_fraction=0.010000
cascade_candidate_stagnation_epochs=12
cascade_max_out_epochs=150
cascade_min_out_epochs=50
cascade_max_cand_epochs=150
cascade_min_cand_epochs=50
cascade_num_candidate_groups=2
bit_fail_limit=3.49999994039535522461e-01
cascade_candidate_limit=1.00000000000000000000e+03
cascade_weight_multiplier=4.00000005960464477539e-01
cascade_activation_functions_count=10
cascade_activation_functions=3 5 7 8 10 11 14 15 16 17 
cascade_activation_steepnesses_count=4
cascade_activation_steepnesses=2.50000000000000000000e-01 5.00000000000000000000e-01 7.50000000000000000000e-01 1.00000000000000000000e+00 
layer_sizes=7 5 2 
scale_included=0
neurons (num_inputs, activation_function, activation_steepness)=(0, 0, 0.00000000000000000000e+00) (0, 0, 0.00000000000000000000e+00) (0, 0, 0.00000000000000000000e+00) (0, 0, 0.00000000000000000000e+00) (0, 0, 0.00000000000000000000e+00) (0, 0, 0.00000000000000000000e+00) (0, 0, 0.00000000000000000000e+00) (7, 3, 5.00000000000000000000e-01) (7, 3, 5.00000000000000000000e-01) (7, 3, 5.00000000000000000000e-01) (7, 3, 5.00000000000000000000e-01) (0, 3, 0.00000000000000000000e+00) (5, 3, 5.00000000000000000000e-01) (0, 3, 0.00000000000000000000e+00) 
connections (connected_to_neuron, weight)=(0, 7.94522857666015625000e+00) (1, -1.60057759284973144531e+00) (2, -7.67839145660400390625e+00) (3, -1.08467550277709960938e+01) (4, 1.64852809906005859375e+01) (5, -3.11067557334899902344e+00) (6, -1.33462488651275634766e-01) (0, -3.00913751125335693359e-01) (1, 5.62757730484008789062e-01) (2, -7.78040587902069091797e-01) (3, -3.77237111330032348633e-01) (4, -1.39782452583312988281e+00) (5, -1.60906064510345458984e+00) (6, 9.98474419116973876953e-01) (0, -1.26692056655883789062e+01) (1, -1.66212284564971923828e+00) (2, 3.70091366767883300781e+00) (3, 3.70863032341003417969e+00) (4, 2.52140522003173828125e+00) (5, -2.22908020019531250000e+00) (6, -6.14014089107513427734e-01) (0, -5.87445974349975585938e+00) (1, -1.82480669021606445312e+00) (2, -8.90628457069396972656e-01) (3, 6.03571319580078125000e+00) (4, -3.26254367828369140625e+00) (5, 2.33542108535766601562e+00) (6, -9.90841686725616455078e-01) (7, 2.32500290870666503906e+00) (8, -7.83789730072021484375e+00) (9, 1.26932096481323242188e+00) (10, 3.07652759552001953125e+00) (11, -5.04917621612548828125e-01) 
