FANN_FLO_2.1
num_layers=3
learning_rate=0.400000
connection_rate=1.000000
network_type=0
learning_momentum=0.000000
training_algorithm=2
train_error_function=1
train_stop_function=0
cascade_output_change_fraction=0.010000
quickprop_decay=-0.000100
quickprop_mu=1.750000
rprop_increase_factor=1.200000
rprop_decrease_factor=0.500000
rprop_delta_min=0.000000
rprop_delta_max=50.000000
rprop_delta_zero=0.100000
cascade_output_stagnation_epochs=12
cascade_candidate_change_fraction=0.010000
cascade_candidate_stagnation_epochs=12
cascade_max_out_epochs=150
cascade_min_out_epochs=50
cascade_max_cand_epochs=150
cascade_min_cand_epochs=50
cascade_num_candidate_groups=2
bit_fail_limit=3.49999994039535522461e-01
cascade_candidate_limit=1.00000000000000000000e+03
cascade_weight_multiplier=4.00000005960464477539e-01
cascade_activation_functions_count=10
cascade_activation_functions=3 5 7 8 10 11 14 15 16 17 
cascade_activation_steepnesses_count=4
cascade_activation_steepnesses=2.50000000000000000000e-01 5.00000000000000000000e-01 7.50000000000000000000e-01 1.00000000000000000000e+00 
layer_sizes=7 9 2 
scale_included=0
neurons (num_inputs, activation_function, activation_steepness)=(0, 0, 0.00000000000000000000e+00) (0, 0, 0.00000000000000000000e+00) (0, 0, 0.00000000000000000000e+00) (0, 0, 0.00000000000000000000e+00) (0, 0, 0.00000000000000000000e+00) (0, 0, 0.00000000000000000000e+00) (0, 0, 0.00000000000000000000e+00) (7, 3, 5.00000000000000000000e-01) (7, 3, 5.00000000000000000000e-01) (7, 3, 5.00000000000000000000e-01) (7, 3, 5.00000000000000000000e-01) (7, 3, 5.00000000000000000000e-01) (7, 3, 5.00000000000000000000e-01) (7, 3, 5.00000000000000000000e-01) (7, 3, 5.00000000000000000000e-01) (0, 3, 0.00000000000000000000e+00) (9, 3, 5.00000000000000000000e-01) (0, 3, 0.00000000000000000000e+00) 
connections (connected_to_neuron, weight)=(0, -1.20808756351470947266e+00) (1, -5.20796346664428710938e+00) (2, 4.18162040710449218750e+01) (3, -1.98886203765869140625e+01) (4, -5.53329992294311523438e+00) (5, -2.98220419883728027344e+00) (6, 1.34352502822875976562e+01) (0, 5.86484558880329132080e-03) (1, -1.85948073863983154297e-01) (2, -9.43562221527099609375e+00) (3, -4.71756315231323242188e+00) (4, -1.50294280052185058594e+00) (5, 5.00913321971893310547e-01) (6, 4.25965517759323120117e-01) (0, 4.04701650142669677734e-01) (1, -5.03236770629882812500e-01) (2, 2.20085716247558593750e+01) (3, -1.45764236450195312500e+01) (4, -4.56425476074218750000e+00) (5, -8.25453758239746093750e+00) (6, 1.50969848632812500000e+01) (0, -2.03879871368408203125e+01) (1, 1.13008375167846679688e+01) (2, -3.05027198791503906250e+00) (3, -2.07329297065734863281e+00) (4, 6.24959170818328857422e-02) (5, 5.23770427703857421875e+00) (6, 4.49556589126586914062e+00) (0, -1.24298534393310546875e+01) (1, -1.76411938667297363281e+00) (2, 1.52982549667358398438e+01) (3, -5.04748582839965820312e+00) (4, -2.13552856445312500000e+00) (5, 1.36283576488494873047e+00) (6, 1.44266138076782226562e+01) (0, -5.35033321380615234375e+00) (1, 5.48867940902709960938e+00) (2, -4.92825365066528320312e+00) (3, -3.01646494865417480469e+00) (4, -1.59116280078887939453e+00) (5, -1.45507202148437500000e+03) (6, -2.54364520311355590820e-01) (0, -5.17087221145629882812e-01) (1, 2.03172370791435241699e-01) (2, -7.77627410888671875000e+01) (3, -8.93399333953857421875e+00) (4, 3.79074883460998535156e+00) (5, -1.45507202148437500000e+03) (6, 1.46693706512451171875e+00) (0, 8.03491783142089843750e+00) (1, -8.22279453277587890625e+00) (2, -8.40843963623046875000e+00) (3, -4.51816177368164062500e+00) (4, -1.32369887828826904297e+00) (5, 4.18408823013305664062e+00) (6, -2.96049928665161132812e+00) (7, -1.57187938690185546875e-01) (8, 1.08562755584716796875e+01) (9, -4.85007286071777343750e-01) (10, -1.05908596515655517578e+00) (11, -6.02990031242370605469e-01) (12, -1.67571163177490234375e+01) (13, -8.92444491386413574219e-01) (14, -1.22166194915771484375e+01) (15, -4.45597022771835327148e-01) 
