FANN_FLO_2.1
num_layers=3
learning_rate=0.500000
connection_rate=1.000000
network_type=0
learning_momentum=0.000000
training_algorithm=2
train_error_function=1
train_stop_function=0
cascade_output_change_fraction=0.010000
quickprop_decay=-0.000100
quickprop_mu=1.750000
rprop_increase_factor=1.200000
rprop_decrease_factor=0.500000
rprop_delta_min=0.000000
rprop_delta_max=50.000000
rprop_delta_zero=0.100000
cascade_output_stagnation_epochs=12
cascade_candidate_change_fraction=0.010000
cascade_candidate_stagnation_epochs=12
cascade_max_out_epochs=150
cascade_min_out_epochs=50
cascade_max_cand_epochs=150
cascade_min_cand_epochs=50
cascade_num_candidate_groups=2
bit_fail_limit=3.49999994039535522461e-01
cascade_candidate_limit=1.00000000000000000000e+03
cascade_weight_multiplier=4.00000005960464477539e-01
cascade_activation_functions_count=10
cascade_activation_functions=3 5 7 8 10 11 14 15 16 17 
cascade_activation_steepnesses_count=4
cascade_activation_steepnesses=2.50000000000000000000e-01 5.00000000000000000000e-01 7.50000000000000000000e-01 1.00000000000000000000e+00 
layer_sizes=10 3 2 
scale_included=0
neurons (num_inputs, activation_function, activation_steepness)=(0, 0, 0.00000000000000000000e+00) (0, 0, 0.00000000000000000000e+00) (0, 0, 0.00000000000000000000e+00) (0, 0, 0.00000000000000000000e+00) (0, 0, 0.00000000000000000000e+00) (0, 0, 0.00000000000000000000e+00) (0, 0, 0.00000000000000000000e+00) (0, 0, 0.00000000000000000000e+00) (0, 0, 0.00000000000000000000e+00) (0, 0, 0.00000000000000000000e+00) (10, 3, 5.00000000000000000000e-01) (10, 3, 5.00000000000000000000e-01) (0, 3, 0.00000000000000000000e+00) (3, 3, 5.00000000000000000000e-01) (0, 3, 0.00000000000000000000e+00) 
connections (connected_to_neuron, weight)=(0, 5.69930839538574218750e+00) (1, -1.52619371414184570312e+01) (2, -1.47882092285156250000e+03) (3, -6.26713931560516357422e-01) (4, 2.41945958137512207031e+00) (5, 2.68701493740081787109e-01) (6, 4.57416152954101562500e+00) (7, 5.85320711135864257812e-01) (8, -1.63129377365112304688e+00) (9, -7.44574308395385742188e-01) (0, -2.29258799552917480469e+00) (1, 7.30555474758148193359e-01) (2, -1.97331905364990234375e+00) (3, -1.00710570812225341797e+00) (4, 1.62167396545410156250e+01) (5, 5.40631175041198730469e-01) (6, -1.37821207046508789062e+01) (7, -7.89212062954902648926e-03) (8, -2.27983832359313964844e+00) (9, 9.98786330223083496094e-01) (10, 1.01809358596801757812e+00) (11, 3.82197213172912597656e+00) (12, -2.92609238624572753906e+00) 
