FANN_FLO_2.1
num_layers=3
learning_rate=0.400000
connection_rate=1.000000
network_type=0
learning_momentum=0.000000
training_algorithm=2
train_error_function=1
train_stop_function=0
cascade_output_change_fraction=0.010000
quickprop_decay=-0.000100
quickprop_mu=1.750000
rprop_increase_factor=1.200000
rprop_decrease_factor=0.500000
rprop_delta_min=0.000000
rprop_delta_max=50.000000
rprop_delta_zero=0.100000
cascade_output_stagnation_epochs=12
cascade_candidate_change_fraction=0.010000
cascade_candidate_stagnation_epochs=12
cascade_max_out_epochs=150
cascade_min_out_epochs=50
cascade_max_cand_epochs=150
cascade_min_cand_epochs=50
cascade_num_candidate_groups=2
bit_fail_limit=3.49999994039535522461e-01
cascade_candidate_limit=1.00000000000000000000e+03
cascade_weight_multiplier=4.00000005960464477539e-01
cascade_activation_functions_count=10
cascade_activation_functions=3 5 7 8 10 11 14 15 16 17 
cascade_activation_steepnesses_count=4
cascade_activation_steepnesses=2.50000000000000000000e-01 5.00000000000000000000e-01 7.50000000000000000000e-01 1.00000000000000000000e+00 
layer_sizes=19 3 3 
scale_included=0
neurons (num_inputs, activation_function, activation_steepness)=(0, 0, 0.00000000000000000000e+00) (0, 0, 0.00000000000000000000e+00) (0, 0, 0.00000000000000000000e+00) (0, 0, 0.00000000000000000000e+00) (0, 0, 0.00000000000000000000e+00) (0, 0, 0.00000000000000000000e+00) (0, 0, 0.00000000000000000000e+00) (0, 0, 0.00000000000000000000e+00) (0, 0, 0.00000000000000000000e+00) (0, 0, 0.00000000000000000000e+00) (0, 0, 0.00000000000000000000e+00) (0, 0, 0.00000000000000000000e+00) (0, 0, 0.00000000000000000000e+00) (0, 0, 0.00000000000000000000e+00) (0, 0, 0.00000000000000000000e+00) (0, 0, 0.00000000000000000000e+00) (0, 0, 0.00000000000000000000e+00) (0, 0, 0.00000000000000000000e+00) (0, 0, 0.00000000000000000000e+00) (19, 3, 5.00000000000000000000e-01) (19, 3, 5.00000000000000000000e-01) (0, 3, 0.00000000000000000000e+00) (3, 3, 5.00000000000000000000e-01) (3, 3, 5.00000000000000000000e-01) (0, 3, 0.00000000000000000000e+00) 
connections (connected_to_neuron, weight)=(0, -1.35523700714111328125e+01) (1, 5.55096983909606933594e-01) (2, 7.60718822479248046875e+00) (3, -1.87003154754638671875e+01) (4, 3.96962976455688476562e+00) (5, 8.35380494594573974609e-01) (6, -5.43133258819580078125e+00) (7, 3.46063518524169921875e+00) (8, 9.33015882968902587891e-01) (9, 7.60986900329589843750e+00) (10, 2.23853468894958496094e+00) (11, -4.16259557008743286133e-01) (12, 9.39381217956542968750e+00) (13, 1.78770999908447265625e+01) (14, -3.61054539680480957031e+00) (15, 1.48632755279541015625e+01) (16, -1.33459100723266601562e+01) (17, 3.52787375450134277344e+00) (18, 7.14616894721984863281e-01) (0, 5.07146120071411132812e+00) (1, -5.59541106224060058594e-01) (2, -1.71513187885284423828e+00) (3, 6.46204853057861328125e+00) (4, -8.98765146732330322266e-01) (5, -9.42239463329315185547e-01) (6, 3.68436169624328613281e+00) (7, -5.96126556396484375000e-01) (8, -1.57140180468559265137e-01) (9, -4.27441167831420898438e+00) (10, 7.88070634007453918457e-03) (11, -4.48173768818378448486e-02) (12, -5.06607055664062500000e+00) (13, -3.42300939559936523438e+00) (14, 1.08965206146240234375e+00) (15, -4.98989629745483398438e+00) (16, 2.13905882835388183594e+00) (17, -8.24910104274749755859e-01) (18, -1.88941860198974609375e+00) (19, -1.81775760650634765625e+00) (20, -2.93987154960632324219e+00) (21, 1.29517340660095214844e+00) (19, 1.81751286983489990234e+00) (20, 2.94199061393737792969e+00) (21, -1.29465210437774658203e+00) 
