FANN_FLO_2.1
num_layers=4
learning_rate=0.500000
connection_rate=1.000000
network_type=0
learning_momentum=0.000000
training_algorithm=2
train_error_function=1
train_stop_function=0
cascade_output_change_fraction=0.010000
quickprop_decay=-0.000100
quickprop_mu=1.750000
rprop_increase_factor=1.200000
rprop_decrease_factor=0.500000
rprop_delta_min=0.000000
rprop_delta_max=50.000000
rprop_delta_zero=0.100000
cascade_output_stagnation_epochs=12
cascade_candidate_change_fraction=0.010000
cascade_candidate_stagnation_epochs=12
cascade_max_out_epochs=150
cascade_min_out_epochs=50
cascade_max_cand_epochs=150
cascade_min_cand_epochs=50
cascade_num_candidate_groups=2
bit_fail_limit=3.49999994039535522461e-01
cascade_candidate_limit=1.00000000000000000000e+03
cascade_weight_multiplier=4.00000005960464477539e-01
cascade_activation_functions_count=10
cascade_activation_functions=3 5 7 8 10 11 14 15 16 17 
cascade_activation_steepnesses_count=4
cascade_activation_steepnesses=2.50000000000000000000e-01 5.00000000000000000000e-01 7.50000000000000000000e-01 1.00000000000000000000e+00 
layer_sizes=2 5 3 3 
scale_included=0
neurons (num_inputs, activation_function, activation_steepness)=(0, 0, 0.00000000000000000000e+00) (0, 0, 0.00000000000000000000e+00) (2, 3, 5.00000000000000000000e-01) (2, 3, 5.00000000000000000000e-01) (2, 3, 5.00000000000000000000e-01) (2, 3, 5.00000000000000000000e-01) (0, 3, 0.00000000000000000000e+00) (5, 3, 5.00000000000000000000e-01) (5, 3, 5.00000000000000000000e-01) (0, 3, 0.00000000000000000000e+00) (3, 0, 5.00000000000000000000e-01) (3, 0, 5.00000000000000000000e-01) (0, 0, 0.00000000000000000000e+00) 
connections (connected_to_neuron, weight)=(0, 3.18535728454589843750e+01) (1, -5.75947999954223632812e+00) (0, 8.30851211547851562500e+01) (1, -1.21304833889007568359e+00) (0, 1.57066898345947265625e+01) (1, -6.43773412704467773438e+00) (0, 4.74176826477050781250e+01) (1, -3.89674091339111328125e+00) (2, 1.24351656436920166016e+00) (3, 1.33375728130340576172e+00) (4, 7.77014493942260742188e+00) (5, 1.26687753200531005859e+00) (6, -3.61148715019226074219e+00) (2, 2.34428429603576660156e+00) (3, 2.11347079277038574219e+00) (4, -4.75320959091186523438e+00) (5, 1.31150853633880615234e+00) (6, -3.00552225112915039062e+00) (7, 3.59492719173431396484e-01) (8, -2.68533730506896972656e+00) (9, 1.87108576297760009766e-01) (7, -4.38388490676879882812e+00) (8, 9.17467296123504638672e-01) (9, 2.09332442283630371094e+00) 
