FANN_FLO_2.1
num_layers=3
learning_rate=0.400000
connection_rate=1.000000
network_type=0
learning_momentum=0.000000
training_algorithm=2
train_error_function=1
train_stop_function=0
cascade_output_change_fraction=0.010000
quickprop_decay=-0.000100
quickprop_mu=1.750000
rprop_increase_factor=1.200000
rprop_decrease_factor=0.500000
rprop_delta_min=0.000000
rprop_delta_max=50.000000
rprop_delta_zero=0.100000
cascade_output_stagnation_epochs=12
cascade_candidate_change_fraction=0.010000
cascade_candidate_stagnation_epochs=12
cascade_max_out_epochs=150
cascade_min_out_epochs=50
cascade_max_cand_epochs=150
cascade_min_cand_epochs=50
cascade_num_candidate_groups=2
bit_fail_limit=3.49999994039535522461e-01
cascade_candidate_limit=1.00000000000000000000e+03
cascade_weight_multiplier=4.00000005960464477539e-01
cascade_activation_functions_count=10
cascade_activation_functions=3 5 7 8 10 11 14 15 16 17 
cascade_activation_steepnesses_count=4
cascade_activation_steepnesses=2.50000000000000000000e-01 5.00000000000000000000e-01 7.50000000000000000000e-01 1.00000000000000000000e+00 
layer_sizes=7 5 2 
scale_included=0
neurons (num_inputs, activation_function, activation_steepness)=(0, 0, 0.00000000000000000000e+00) (0, 0, 0.00000000000000000000e+00) (0, 0, 0.00000000000000000000e+00) (0, 0, 0.00000000000000000000e+00) (0, 0, 0.00000000000000000000e+00) (0, 0, 0.00000000000000000000e+00) (0, 0, 0.00000000000000000000e+00) (7, 3, 5.00000000000000000000e-01) (7, 3, 5.00000000000000000000e-01) (7, 3, 5.00000000000000000000e-01) (7, 3, 5.00000000000000000000e-01) (0, 3, 0.00000000000000000000e+00) (5, 3, 5.00000000000000000000e-01) (0, 3, 0.00000000000000000000e+00) 
connections (connected_to_neuron, weight)=(0, -4.25160694122314453125e+00) (1, -1.03867542743682861328e+00) (2, -1.55645978450775146484e+00) (3, 1.52044129371643066406e+00) (4, 2.65546250343322753906e+00) (5, 4.55377638339996337891e-01) (6, -1.96649038791656494141e+00) (0, -1.12605941295623779297e+00) (1, -8.84686231613159179688e-01) (2, -3.22169566154479980469e+00) (3, 2.23428392410278320312e+00) (4, 4.27613295614719390869e-02) (5, 6.53428936004638671875e+00) (6, -3.76883745193481445312e+00) (0, -3.33890348672866821289e-01) (1, 9.74356412887573242188e-01) (2, -4.36612939834594726562e+00) (3, 2.10480403900146484375e+00) (4, -4.34513616561889648438e+00) (5, 8.10321903228759765625e+00) (6, 1.67487037181854248047e+00) (0, 3.53615784645080566406e+00) (1, 3.55975002050399780273e-01) (2, 2.85959625244140625000e+00) (3, 7.59085595607757568359e-01) (4, -9.62785422801971435547e-01) (5, 9.36679244041442871094e-02) (6, -5.18474721908569335938e+00) (7, 5.91056489944458007812e+00) (8, 3.20483899116516113281e+00) (9, -2.86448335647583007812e+00) (10, 2.95707392692565917969e+00) (11, -2.08397939801216125488e-01) 
