FANN_FLO_2.1
num_layers=4
learning_rate=0.400000
connection_rate=1.000000
network_type=0
learning_momentum=0.000000
training_algorithm=2
train_error_function=1
train_stop_function=0
cascade_output_change_fraction=0.010000
quickprop_decay=-0.000100
quickprop_mu=1.750000
rprop_increase_factor=1.200000
rprop_decrease_factor=0.500000
rprop_delta_min=0.000000
rprop_delta_max=50.000000
rprop_delta_zero=0.100000
cascade_output_stagnation_epochs=12
cascade_candidate_change_fraction=0.010000
cascade_candidate_stagnation_epochs=12
cascade_max_out_epochs=150
cascade_min_out_epochs=50
cascade_max_cand_epochs=150
cascade_min_cand_epochs=50
cascade_num_candidate_groups=2
bit_fail_limit=3.49999994039535522461e-01
cascade_candidate_limit=1.00000000000000000000e+03
cascade_weight_multiplier=4.00000005960464477539e-01
cascade_activation_functions_count=10
cascade_activation_functions=3 5 7 8 10 11 14 15 16 17 
cascade_activation_steepnesses_count=4
cascade_activation_steepnesses=2.50000000000000000000e-01 5.00000000000000000000e-01 7.50000000000000000000e-01 1.00000000000000000000e+00 
layer_sizes=7 3 3 2 
scale_included=0
neurons (num_inputs, activation_function, activation_steepness)=(0, 0, 0.00000000000000000000e+00) (0, 0, 0.00000000000000000000e+00) (0, 0, 0.00000000000000000000e+00) (0, 0, 0.00000000000000000000e+00) (0, 0, 0.00000000000000000000e+00) (0, 0, 0.00000000000000000000e+00) (0, 0, 0.00000000000000000000e+00) (7, 3, 5.00000000000000000000e-01) (7, 3, 5.00000000000000000000e-01) (0, 3, 0.00000000000000000000e+00) (3, 3, 5.00000000000000000000e-01) (3, 3, 5.00000000000000000000e-01) (0, 3, 0.00000000000000000000e+00) (3, 3, 5.00000000000000000000e-01) (0, 3, 0.00000000000000000000e+00) 
connections (connected_to_neuron, weight)=(0, -3.74291920661926269531e+00) (1, 1.28700578212738037109e+00) (2, 6.03463426232337951660e-02) (3, -3.42715239524841308594e+00) (4, -8.65325987339019775391e-01) (5, 1.85966864228248596191e-01) (6, 2.04727101325988769531e+00) (0, -3.14662599563598632812e+00) (1, -6.47446346282958984375e+00) (2, -3.83967900276184082031e+00) (3, -1.38559033203125000000e+03) (4, -4.93763017654418945312e+00) (5, 6.96009765625000000000e+02) (6, 3.61645340919494628906e+00) (7, 1.40640811920166015625e+01) (8, 1.89557838439941406250e+01) (9, -4.59035301208496093750e+00) (7, 4.91643943786621093750e+01) (8, -8.43083763122558593750e+00) (9, -3.04184627532958984375e+00) (10, -1.79618394374847412109e+00) (11, -1.52908062934875488281e+00) (12, -3.82751375436782836914e-01) 
