FANN_FLO_2.1
num_layers=4
learning_rate=0.400000
connection_rate=1.000000
network_type=0
learning_momentum=0.000000
training_algorithm=2
train_error_function=1
train_stop_function=0
cascade_output_change_fraction=0.010000
quickprop_decay=-0.000100
quickprop_mu=1.750000
rprop_increase_factor=1.200000
rprop_decrease_factor=0.500000
rprop_delta_min=0.000000
rprop_delta_max=50.000000
rprop_delta_zero=0.100000
cascade_output_stagnation_epochs=12
cascade_candidate_change_fraction=0.010000
cascade_candidate_stagnation_epochs=12
cascade_max_out_epochs=150
cascade_min_out_epochs=50
cascade_max_cand_epochs=150
cascade_min_cand_epochs=50
cascade_num_candidate_groups=2
bit_fail_limit=3.49999994039535522461e-01
cascade_candidate_limit=1.00000000000000000000e+03
cascade_weight_multiplier=4.00000005960464477539e-01
cascade_activation_functions_count=10
cascade_activation_functions=3 5 7 8 10 11 14 15 16 17 
cascade_activation_steepnesses_count=4
cascade_activation_steepnesses=2.50000000000000000000e-01 5.00000000000000000000e-01 7.50000000000000000000e-01 1.00000000000000000000e+00 
layer_sizes=7 5 5 2 
scale_included=0
neurons (num_inputs, activation_function, activation_steepness)=(0, 0, 0.00000000000000000000e+00) (0, 0, 0.00000000000000000000e+00) (0, 0, 0.00000000000000000000e+00) (0, 0, 0.00000000000000000000e+00) (0, 0, 0.00000000000000000000e+00) (0, 0, 0.00000000000000000000e+00) (0, 0, 0.00000000000000000000e+00) (7, 3, 5.00000000000000000000e-01) (7, 3, 5.00000000000000000000e-01) (7, 3, 5.00000000000000000000e-01) (7, 3, 5.00000000000000000000e-01) (0, 3, 0.00000000000000000000e+00) (5, 3, 5.00000000000000000000e-01) (5, 3, 5.00000000000000000000e-01) (5, 3, 5.00000000000000000000e-01) (5, 3, 5.00000000000000000000e-01) (0, 3, 0.00000000000000000000e+00) (5, 3, 5.00000000000000000000e-01) (0, 3, 0.00000000000000000000e+00) 
connections (connected_to_neuron, weight)=(0, -6.53108739852905273438e+00) (1, 4.56396245956420898438e+00) (2, -3.78501772880554199219e-01) (3, -2.63406491279602050781e+00) (4, -1.16971802711486816406e+00) (5, 1.29734587669372558594e+00) (6, 4.16912698745727539062e+00) (0, -1.88793685913085937500e+02) (1, -1.50000000000000000000e+03) (2, 1.50000000000000000000e+03) (3, -1.50000000000000000000e+03) (4, -1.50000000000000000000e+03) (5, -1.50000000000000000000e+03) (6, 4.19891536235809326172e-01) (0, -1.50000000000000000000e+03) (1, -1.50000000000000000000e+03) (2, 1.50000000000000000000e+03) (3, -1.50000000000000000000e+03) (4, -1.50000000000000000000e+03) (5, -1.50000000000000000000e+03) (6, 4.48004722595214843750e-01) (0, 4.16844482421875000000e+02) (1, -4.80499114990234375000e+02) (2, 1.50000000000000000000e+03) (3, -1.50000000000000000000e+03) (4, -1.50000000000000000000e+03) (5, -1.50000000000000000000e+03) (6, 2.68886871337890625000e+02) (7, 1.31601452636718750000e+03) (8, 1.50000000000000000000e+03) (9, 1.50000000000000000000e+03) (10, 1.50000000000000000000e+03) (11, -4.54919904470443725586e-01) (7, 6.84940576553344726562e+00) (8, 1.50000000000000000000e+03) (9, 1.50000000000000000000e+03) (10, -4.39239382743835449219e-01) (11, -4.20306730270385742188e+00) (7, 1.78576278686523437500e+02) (8, 1.50000000000000000000e+03) (9, 1.50000000000000000000e+03) (10, -1.50000000000000000000e+03) (11, -2.30661123991012573242e-01) (7, 7.07065153121948242188e+00) (8, 1.50000000000000000000e+03) (9, 1.50000000000000000000e+03) (10, 3.64409744739532470703e-01) (11, -5.12935352325439453125e+00) (12, -7.73917436599731445312e-01) (13, -9.80900406837463378906e-01) (14, 5.25266289710998535156e-01) (15, -1.80532550811767578125e+00) (16, -5.19225180149078369141e-01) 
