FANN_FLO_2.1
num_layers=3
learning_rate=0.400000
connection_rate=1.000000
network_type=0
learning_momentum=0.000000
training_algorithm=2
train_error_function=1
train_stop_function=0
cascade_output_change_fraction=0.010000
quickprop_decay=-0.000100
quickprop_mu=1.750000
rprop_increase_factor=1.200000
rprop_decrease_factor=0.500000
rprop_delta_min=0.000000
rprop_delta_max=50.000000
rprop_delta_zero=0.100000
cascade_output_stagnation_epochs=12
cascade_candidate_change_fraction=0.010000
cascade_candidate_stagnation_epochs=12
cascade_max_out_epochs=150
cascade_min_out_epochs=50
cascade_max_cand_epochs=150
cascade_min_cand_epochs=50
cascade_num_candidate_groups=2
bit_fail_limit=3.49999994039535522461e-01
cascade_candidate_limit=1.00000000000000000000e+03
cascade_weight_multiplier=4.00000005960464477539e-01
cascade_activation_functions_count=10
cascade_activation_functions=3 5 7 8 10 11 14 15 16 17 
cascade_activation_steepnesses_count=4
cascade_activation_steepnesses=2.50000000000000000000e-01 5.00000000000000000000e-01 7.50000000000000000000e-01 1.00000000000000000000e+00 
layer_sizes=7 5 2 
scale_included=0
neurons (num_inputs, activation_function, activation_steepness)=(0, 0, 0.00000000000000000000e+00) (0, 0, 0.00000000000000000000e+00) (0, 0, 0.00000000000000000000e+00) (0, 0, 0.00000000000000000000e+00) (0, 0, 0.00000000000000000000e+00) (0, 0, 0.00000000000000000000e+00) (0, 0, 0.00000000000000000000e+00) (7, 3, 5.00000000000000000000e-01) (7, 3, 5.00000000000000000000e-01) (7, 3, 5.00000000000000000000e-01) (7, 3, 5.00000000000000000000e-01) (0, 3, 0.00000000000000000000e+00) (5, 3, 5.00000000000000000000e-01) (0, 3, 0.00000000000000000000e+00) 
connections (connected_to_neuron, weight)=(0, 9.64545345306396484375e+00) (1, -9.41270256042480468750e+00) (2, 7.29591464996337890625e+00) (3, -1.23442232608795166016e+00) (4, -3.31876963376998901367e-01) (5, -2.81364154815673828125e+00) (6, 3.00647473335266113281e+00) (0, -7.81026411056518554688e+00) (1, 1.13941507339477539062e+01) (2, -3.67662582397460937500e+01) (3, -3.45568084716796875000e+00) (4, -3.77261090278625488281e+00) (5, 6.49706602096557617188e+00) (6, 3.56151032447814941406e+00) (0, -6.17482423782348632812e+00) (1, -2.69293236732482910156e+00) (2, -2.76510677337646484375e+01) (3, 6.70304477214813232422e-01) (4, 3.59699773788452148438e+00) (5, -8.27010393142700195312e-01) (6, 4.02719497680664062500e+00) (0, -1.42185087203979492188e+01) (1, 1.21927289962768554688e+01) (2, 1.60618388652801513672e+00) (3, -2.82735157012939453125e+00) (4, -1.34364795684814453125e+00) (5, 3.69191312789916992188e+00) (6, 2.14497566223144531250e+00) (7, -5.10099315643310546875e+00) (8, -4.85523283481597900391e-01) (9, -5.80284118652343750000e-01) (10, -3.93611311912536621094e+00) (11, 3.91456770896911621094e+00) 
