FANN_FLO_2.1
num_layers=3
learning_rate=0.400000
connection_rate=1.000000
network_type=0
learning_momentum=0.000000
training_algorithm=2
train_error_function=1
train_stop_function=0
cascade_output_change_fraction=0.010000
quickprop_decay=-0.000100
quickprop_mu=1.750000
rprop_increase_factor=1.200000
rprop_decrease_factor=0.500000
rprop_delta_min=0.000000
rprop_delta_max=50.000000
rprop_delta_zero=0.100000
cascade_output_stagnation_epochs=12
cascade_candidate_change_fraction=0.010000
cascade_candidate_stagnation_epochs=12
cascade_max_out_epochs=150
cascade_min_out_epochs=50
cascade_max_cand_epochs=150
cascade_min_cand_epochs=50
cascade_num_candidate_groups=2
bit_fail_limit=3.49999994039535522461e-01
cascade_candidate_limit=1.00000000000000000000e+03
cascade_weight_multiplier=4.00000005960464477539e-01
cascade_activation_functions_count=10
cascade_activation_functions=3 5 7 8 10 11 14 15 16 17 
cascade_activation_steepnesses_count=4
cascade_activation_steepnesses=2.50000000000000000000e-01 5.00000000000000000000e-01 7.50000000000000000000e-01 1.00000000000000000000e+00 
layer_sizes=7 5 2 
scale_included=0
neurons (num_inputs, activation_function, activation_steepness)=(0, 0, 0.00000000000000000000e+00) (0, 0, 0.00000000000000000000e+00) (0, 0, 0.00000000000000000000e+00) (0, 0, 0.00000000000000000000e+00) (0, 0, 0.00000000000000000000e+00) (0, 0, 0.00000000000000000000e+00) (0, 0, 0.00000000000000000000e+00) (7, 3, 5.00000000000000000000e-01) (7, 3, 5.00000000000000000000e-01) (7, 3, 5.00000000000000000000e-01) (7, 3, 5.00000000000000000000e-01) (0, 3, 0.00000000000000000000e+00) (5, 3, 5.00000000000000000000e-01) (0, 3, 0.00000000000000000000e+00) 
connections (connected_to_neuron, weight)=(0, 1.01597428321838378906e+00) (1, 3.70875144004821777344e+00) (2, -5.28271818161010742188e+00) (3, -4.76989459991455078125e+00) (4, -4.57505321502685546875e+00) (5, 2.30771446228027343750e+00) (6, -1.10355675220489501953e-01) (0, -1.73544387817382812500e+01) (1, 1.59866523742675781250e+01) (2, -5.75546121597290039062e+00) (3, -1.34116554260253906250e+00) (4, -8.10739159584045410156e-01) (5, 5.15775632858276367188e+00) (6, 1.47797286510467529297e+00) (0, -4.04181766510009765625e+00) (1, 2.75229737162590026855e-02) (2, -2.56871789693832397461e-01) (3, -3.93161773681640625000e+00) (4, -1.72657895088195800781e+00) (5, 1.12404692173004150391e+00) (6, 6.08213853836059570312e+00) (0, 9.13706684112548828125e+00) (1, -1.12306880950927734375e+01) (2, 6.79210090637207031250e+00) (3, -3.39886546134948730469e+00) (4, -8.69300886988639831543e-02) (5, -3.49263238906860351562e+00) (6, 5.32923078536987304688e+00) (7, -4.45534557104110717773e-01) (8, -3.35497856140136718750e+00) (9, -6.06747388839721679688e-01) (10, -3.84929728507995605469e+00) (11, 2.74911737442016601562e+00) 
