FANN_FLO_2.1
num_layers=3
learning_rate=0.400000
connection_rate=1.000000
network_type=0
learning_momentum=0.000000
training_algorithm=2
train_error_function=1
train_stop_function=0
cascade_output_change_fraction=0.010000
quickprop_decay=-0.000100
quickprop_mu=1.750000
rprop_increase_factor=1.200000
rprop_decrease_factor=0.500000
rprop_delta_min=0.000000
rprop_delta_max=50.000000
rprop_delta_zero=0.100000
cascade_output_stagnation_epochs=12
cascade_candidate_change_fraction=0.010000
cascade_candidate_stagnation_epochs=12
cascade_max_out_epochs=150
cascade_min_out_epochs=50
cascade_max_cand_epochs=150
cascade_min_cand_epochs=50
cascade_num_candidate_groups=2
bit_fail_limit=3.49999994039535522461e-01
cascade_candidate_limit=1.00000000000000000000e+03
cascade_weight_multiplier=4.00000005960464477539e-01
cascade_activation_functions_count=10
cascade_activation_functions=3 5 7 8 10 11 14 15 16 17 
cascade_activation_steepnesses_count=4
cascade_activation_steepnesses=2.50000000000000000000e-01 5.00000000000000000000e-01 7.50000000000000000000e-01 1.00000000000000000000e+00 
layer_sizes=7 9 2 
scale_included=0
neurons (num_inputs, activation_function, activation_steepness)=(0, 0, 0.00000000000000000000e+00) (0, 0, 0.00000000000000000000e+00) (0, 0, 0.00000000000000000000e+00) (0, 0, 0.00000000000000000000e+00) (0, 0, 0.00000000000000000000e+00) (0, 0, 0.00000000000000000000e+00) (0, 0, 0.00000000000000000000e+00) (7, 3, 5.00000000000000000000e-01) (7, 3, 5.00000000000000000000e-01) (7, 3, 5.00000000000000000000e-01) (7, 3, 5.00000000000000000000e-01) (7, 3, 5.00000000000000000000e-01) (7, 3, 5.00000000000000000000e-01) (7, 3, 5.00000000000000000000e-01) (7, 3, 5.00000000000000000000e-01) (0, 3, 0.00000000000000000000e+00) (9, 3, 5.00000000000000000000e-01) (0, 3, 0.00000000000000000000e+00) 
connections (connected_to_neuron, weight)=(0, -6.32828354835510253906e-01) (1, -5.77454030513763427734e-01) (2, 2.57283067703247070312e+00) (3, 1.14572070538997650146e-01) (4, 3.14226460456848144531e+00) (5, -2.79470086097717285156e+00) (6, -2.43305444717407226562e+00) (0, 2.82422733306884765625e+00) (1, 2.84791898727416992188e+00) (2, 1.60115063190460205078e+00) (3, -2.38829278945922851562e+00) (4, 7.42464685440063476562e+00) (5, -1.07625865936279296875e+01) (6, 2.47221732139587402344e+00) (0, 3.76225352287292480469e-01) (1, -4.41665798425674438477e-01) (2, -2.75682002305984497070e-01) (3, -4.04953539371490478516e-01) (4, 3.51029157638549804688e+00) (5, -4.84353601932525634766e-01) (6, -3.90024632215499877930e-01) (0, 2.39096593856811523438e+00) (1, -6.16326153278350830078e-01) (2, 4.88461852073669433594e-02) (3, 5.33910334110260009766e-01) (4, 3.63238430023193359375e+00) (5, -2.65727192163467407227e-01) (6, -1.81350755691528320312e+00) (0, 6.30867338180541992188e+00) (1, 4.42644834518432617188e+00) (2, 2.74344897270202636719e+00) (3, -4.36505556106567382812e+00) (4, -2.56367850303649902344e+00) (5, -4.25888919830322265625e+00) (6, 1.27384364604949951172e+00) (0, 1.43300523757934570312e+01) (1, 4.84786272048950195312e+00) (2, 3.90091037750244140625e+00) (3, -2.64420533180236816406e+00) (4, -4.66832017898559570312e+00) (5, -3.74187469482421875000e+00) (6, 1.29324185848236083984e+00) (0, 3.57628202438354492188e+00) (1, -6.45648241043090820312e-01) (2, -6.35737955570220947266e-01) (3, 1.03138160705566406250e+00) (4, 3.80477523803710937500e+00) (5, -1.11825406551361083984e+00) (6, -2.04161310195922851562e+00) (0, 1.29665889739990234375e+01) (1, 5.26733446121215820312e+00) (2, 2.31686091423034667969e+00) (3, -5.29518222808837890625e+00) (4, -1.65035998821258544922e+00) (5, -1.72253262996673583984e+00) (6, 1.41101455688476562500e+00) (7, 2.36798405647277832031e+00) (8, -2.29095029830932617188e+00) (9, 1.01055324077606201172e+00) (10, 1.58469450473785400391e+00) (11, -1.13877165317535400391e+00) (12, -8.78785252571105957031e-01) (13, 1.44033515453338623047e+00) (14, -8.02432715892791748047e-01) (15, 3.25061976909637451172e-02) 
