FANN_FLO_2.1
num_layers=3
learning_rate=0.500000
connection_rate=1.000000
network_type=0
learning_momentum=0.000000
training_algorithm=2
train_error_function=1
train_stop_function=0
cascade_output_change_fraction=0.010000
quickprop_decay=-0.000100
quickprop_mu=1.750000
rprop_increase_factor=1.200000
rprop_decrease_factor=0.500000
rprop_delta_min=0.000000
rprop_delta_max=50.000000
rprop_delta_zero=0.100000
cascade_output_stagnation_epochs=12
cascade_candidate_change_fraction=0.010000
cascade_candidate_stagnation_epochs=12
cascade_max_out_epochs=150
cascade_min_out_epochs=50
cascade_max_cand_epochs=150
cascade_min_cand_epochs=50
cascade_num_candidate_groups=2
bit_fail_limit=3.49999994039535522461e-01
cascade_candidate_limit=1.00000000000000000000e+03
cascade_weight_multiplier=4.00000005960464477539e-01
cascade_activation_functions_count=10
cascade_activation_functions=3 5 7 8 10 11 14 15 16 17 
cascade_activation_steepnesses_count=4
cascade_activation_steepnesses=2.50000000000000000000e-01 5.00000000000000000000e-01 7.50000000000000000000e-01 1.00000000000000000000e+00 
layer_sizes=10 5 2 
scale_included=0
neurons (num_inputs, activation_function, activation_steepness)=(0, 0, 0.00000000000000000000e+00) (0, 0, 0.00000000000000000000e+00) (0, 0, 0.00000000000000000000e+00) (0, 0, 0.00000000000000000000e+00) (0, 0, 0.00000000000000000000e+00) (0, 0, 0.00000000000000000000e+00) (0, 0, 0.00000000000000000000e+00) (0, 0, 0.00000000000000000000e+00) (0, 0, 0.00000000000000000000e+00) (0, 0, 0.00000000000000000000e+00) (10, 3, 5.00000000000000000000e-01) (10, 3, 5.00000000000000000000e-01) (10, 3, 5.00000000000000000000e-01) (10, 3, 5.00000000000000000000e-01) (0, 3, 0.00000000000000000000e+00) (5, 3, 5.00000000000000000000e-01) (0, 3, 0.00000000000000000000e+00) 
connections (connected_to_neuron, weight)=(0, 5.47968721389770507812e+00) (1, -9.67041206359863281250e+00) (2, 7.45144891738891601562e+00) (3, -7.57970523834228515625e+00) (4, -1.88543367385864257812e+00) (5, -1.02846469879150390625e+01) (6, 7.28626847267150878906e-02) (7, 3.93954038619995117188e+00) (8, 2.56973004341125488281e+00) (9, 1.09699928760528564453e+00) (0, -1.07560729980468750000e+00) (1, 6.89998769760131835938e+00) (2, -3.56841850280761718750e+00) (3, 5.48743820190429687500e+00) (4, 2.39896011352539062500e+00) (5, 5.71702623367309570312e+00) (6, 4.95113283395767211914e-01) (7, 5.41887092590332031250e+00) (8, -1.11910953521728515625e+01) (9, 3.20988178253173828125e-01) (0, -1.28755211830139160156e+00) (1, -1.14517002105712890625e+01) (2, -3.76968574523925781250e+00) (3, 8.81577253341674804688e-01) (4, 3.80370712280273437500e+00) (5, -5.87410831451416015625e+00) (6, 9.08767223358154296875e+00) (7, 1.21204710006713867188e+01) (8, -5.59087276458740234375e-01) (9, 2.97814577817916870117e-01) (0, -1.74672687053680419922e+00) (1, -7.89039039611816406250e+00) (2, 3.08997840881347656250e+01) (3, 1.94978609681129455566e-01) (4, 1.26395142078399658203e+00) (5, -5.99304772913455963135e-02) (6, -2.95227909088134765625e+00) (7, -2.86366009712219238281e+00) (8, -7.26817274093627929688e+00) (9, -3.19312632083892822266e-01) (10, -5.79298162460327148438e+00) (11, 2.60172462463378906250e+00) (12, -2.85927200317382812500e+00) (13, -2.55160951614379882812e+00) (14, 1.20083785057067871094e+00) 
