FANN_FLO_2.1
num_layers=4
learning_rate=0.500000
connection_rate=1.000000
network_type=0
learning_momentum=0.000000
training_algorithm=2
train_error_function=1
train_stop_function=0
cascade_output_change_fraction=0.010000
quickprop_decay=-0.000100
quickprop_mu=1.750000
rprop_increase_factor=1.200000
rprop_decrease_factor=0.500000
rprop_delta_min=0.000000
rprop_delta_max=50.000000
rprop_delta_zero=0.100000
cascade_output_stagnation_epochs=12
cascade_candidate_change_fraction=0.010000
cascade_candidate_stagnation_epochs=12
cascade_max_out_epochs=150
cascade_min_out_epochs=50
cascade_max_cand_epochs=150
cascade_min_cand_epochs=50
cascade_num_candidate_groups=2
bit_fail_limit=3.49999994039535522461e-01
cascade_candidate_limit=1.00000000000000000000e+03
cascade_weight_multiplier=4.00000005960464477539e-01
cascade_activation_functions_count=10
cascade_activation_functions=3 5 7 8 10 11 14 15 16 17 
cascade_activation_steepnesses_count=4
cascade_activation_steepnesses=2.50000000000000000000e-01 5.00000000000000000000e-01 7.50000000000000000000e-01 1.00000000000000000000e+00 
layer_sizes=2 5 3 3 
scale_included=0
neurons (num_inputs, activation_function, activation_steepness)=(0, 0, 0.00000000000000000000e+00) (0, 0, 0.00000000000000000000e+00) (2, 3, 5.00000000000000000000e-01) (2, 3, 5.00000000000000000000e-01) (2, 3, 5.00000000000000000000e-01) (2, 3, 5.00000000000000000000e-01) (0, 3, 0.00000000000000000000e+00) (5, 3, 5.00000000000000000000e-01) (5, 3, 5.00000000000000000000e-01) (0, 3, 0.00000000000000000000e+00) (3, 0, 5.00000000000000000000e-01) (3, 0, 5.00000000000000000000e-01) (0, 0, 0.00000000000000000000e+00) 
connections (connected_to_neuron, weight)=(0, -1.48473913574218750000e+03) (1, 9.32954559326171875000e+01) (0, -5.48951354980468750000e+02) (1, 1.39599746704101562500e+02) (0, -1.50000000000000000000e+03) (1, 1.60097599029541015625e+01) (0, 1.50000000000000000000e+03) (1, -1.48520269393920898438e+01) (2, -1.49442773437500000000e+03) (3, 7.45865707397460937500e+01) (4, -1.50000000000000000000e+03) (5, 8.48467407226562500000e+02) (6, 5.93380594253540039062e+00) (2, -1.01898412704467773438e+01) (3, -9.14445343017578125000e+01) (4, 8.91412353515625000000e+01) (5, 7.49915237426757812500e+01) (6, 8.08620738983154296875e+00) (7, -1.55076158046722412109e+00) (8, 4.73415255546569824219e-01) (9, -1.44300624728202819824e-01) (7, -1.03875553607940673828e+00) (8, -2.32254052162170410156e+00) (9, 2.02360939979553222656e+00) 
