FANN_FLO_2.1
num_layers=3
learning_rate=0.500000
connection_rate=1.000000
network_type=0
learning_momentum=0.000000
training_algorithm=2
train_error_function=1
train_stop_function=0
cascade_output_change_fraction=0.010000
quickprop_decay=-0.000100
quickprop_mu=1.750000
rprop_increase_factor=1.200000
rprop_decrease_factor=0.500000
rprop_delta_min=0.000000
rprop_delta_max=50.000000
rprop_delta_zero=0.100000
cascade_output_stagnation_epochs=12
cascade_candidate_change_fraction=0.010000
cascade_candidate_stagnation_epochs=12
cascade_max_out_epochs=150
cascade_min_out_epochs=50
cascade_max_cand_epochs=150
cascade_min_cand_epochs=50
cascade_num_candidate_groups=2
bit_fail_limit=3.49999994039535522461e-01
cascade_candidate_limit=1.00000000000000000000e+03
cascade_weight_multiplier=4.00000005960464477539e-01
cascade_activation_functions_count=10
cascade_activation_functions=3 5 7 8 10 11 14 15 16 17 
cascade_activation_steepnesses_count=4
cascade_activation_steepnesses=2.50000000000000000000e-01 5.00000000000000000000e-01 7.50000000000000000000e-01 1.00000000000000000000e+00 
layer_sizes=10 5 2 
scale_included=0
neurons (num_inputs, activation_function, activation_steepness)=(0, 0, 0.00000000000000000000e+00) (0, 0, 0.00000000000000000000e+00) (0, 0, 0.00000000000000000000e+00) (0, 0, 0.00000000000000000000e+00) (0, 0, 0.00000000000000000000e+00) (0, 0, 0.00000000000000000000e+00) (0, 0, 0.00000000000000000000e+00) (0, 0, 0.00000000000000000000e+00) (0, 0, 0.00000000000000000000e+00) (0, 0, 0.00000000000000000000e+00) (10, 3, 5.00000000000000000000e-01) (10, 3, 5.00000000000000000000e-01) (10, 3, 5.00000000000000000000e-01) (10, 3, 5.00000000000000000000e-01) (0, 3, 0.00000000000000000000e+00) (5, 3, 5.00000000000000000000e-01) (0, 3, 0.00000000000000000000e+00) 
connections (connected_to_neuron, weight)=(0, -3.35623502731323242188e+00) (1, 3.20753288269042968750e+00) (2, 7.01250314712524414062e+00) (3, -2.86764949560165405273e-01) (4, 2.14303779602050781250e+00) (5, 7.81670141220092773438e+00) (6, -9.80645751953125000000e+00) (7, -7.39547395706176757812e+00) (8, -4.15715122222900390625e+00) (9, 5.89336395263671875000e-01) (0, 3.65123062133789062500e+01) (1, 1.21392726898193359375e+00) (2, -1.00122936069965362549e-01) (3, 6.72964632511138916016e-01) (4, -5.36946117877960205078e-01) (5, -2.35843706130981445312e+00) (6, -7.23427534103393554688e+00) (7, -6.99560225009918212891e-01) (8, -1.46926891803741455078e+00) (9, 1.20375239849090576172e+00) (0, 2.79981637001037597656e+00) (1, 3.14624404907226562500e+00) (2, 5.66540777683258056641e-01) (3, 3.64477336406707763672e-02) (4, 3.60272216796875000000e+00) (5, -2.01210994720458984375e+01) (6, 7.20430898666381835938e+00) (7, 2.43383303284645080566e-01) (8, 8.60011196136474609375e+00) (9, -4.11638259887695312500e+00) (0, 3.77305259704589843750e+01) (1, -1.88694074749946594238e-01) (2, -5.26440560817718505859e-01) (3, 5.44049263000488281250e-01) (4, -6.73856914043426513672e-01) (5, -2.90611267089843750000e+00) (6, -6.94394826889038085938e+00) (7, -3.22005182504653930664e-01) (8, -6.20552730560302734375e+00) (9, 4.95064163208007812500e+00) (10, 4.28514242172241210938e+00) (11, -2.30636048316955566406e+00) (12, 4.13156127929687500000e+00) (13, -1.71455824375152587891e+00) (14, 7.83396542072296142578e-01) 
