FANN_FLO_2.1
num_layers=3
learning_rate=0.400000
connection_rate=1.000000
network_type=0
learning_momentum=0.000000
training_algorithm=2
train_error_function=1
train_stop_function=0
cascade_output_change_fraction=0.010000
quickprop_decay=-0.000100
quickprop_mu=1.750000
rprop_increase_factor=1.200000
rprop_decrease_factor=0.500000
rprop_delta_min=0.000000
rprop_delta_max=50.000000
rprop_delta_zero=0.100000
cascade_output_stagnation_epochs=12
cascade_candidate_change_fraction=0.010000
cascade_candidate_stagnation_epochs=12
cascade_max_out_epochs=150
cascade_min_out_epochs=50
cascade_max_cand_epochs=150
cascade_min_cand_epochs=50
cascade_num_candidate_groups=2
bit_fail_limit=3.49999994039535522461e-01
cascade_candidate_limit=1.00000000000000000000e+03
cascade_weight_multiplier=4.00000005960464477539e-01
cascade_activation_functions_count=10
cascade_activation_functions=3 5 7 8 10 11 14 15 16 17 
cascade_activation_steepnesses_count=4
cascade_activation_steepnesses=2.50000000000000000000e-01 5.00000000000000000000e-01 7.50000000000000000000e-01 1.00000000000000000000e+00 
layer_sizes=19 3 3 
scale_included=0
neurons (num_inputs, activation_function, activation_steepness)=(0, 0, 0.00000000000000000000e+00) (0, 0, 0.00000000000000000000e+00) (0, 0, 0.00000000000000000000e+00) (0, 0, 0.00000000000000000000e+00) (0, 0, 0.00000000000000000000e+00) (0, 0, 0.00000000000000000000e+00) (0, 0, 0.00000000000000000000e+00) (0, 0, 0.00000000000000000000e+00) (0, 0, 0.00000000000000000000e+00) (0, 0, 0.00000000000000000000e+00) (0, 0, 0.00000000000000000000e+00) (0, 0, 0.00000000000000000000e+00) (0, 0, 0.00000000000000000000e+00) (0, 0, 0.00000000000000000000e+00) (0, 0, 0.00000000000000000000e+00) (0, 0, 0.00000000000000000000e+00) (0, 0, 0.00000000000000000000e+00) (0, 0, 0.00000000000000000000e+00) (0, 0, 0.00000000000000000000e+00) (19, 3, 5.00000000000000000000e-01) (19, 3, 5.00000000000000000000e-01) (0, 3, 0.00000000000000000000e+00) (3, 3, 5.00000000000000000000e-01) (3, 3, 5.00000000000000000000e-01) (0, 3, 0.00000000000000000000e+00) 
connections (connected_to_neuron, weight)=(0, -3.89769148826599121094e+00) (1, -4.61103630065917968750e+00) (2, -1.25648558139801025391e+00) (3, -7.66465902328491210938e+00) (4, -3.20585298538208007812e+00) (5, -3.49264097213745117188e+00) (6, -1.39698839187622070312e+00) (7, -5.19462013244628906250e+00) (8, -2.10004782676696777344e+00) (9, 5.63434934616088867188e+00) (10, 7.59526550769805908203e-01) (11, 3.01914191246032714844e+00) (12, 1.87323141098022460938e+00) (13, 3.27204990386962890625e+00) (14, 4.12626773118972778320e-01) (15, 1.40422248840332031250e+00) (16, 4.83718824386596679688e+00) (17, 2.71088862419128417969e+00) (18, 4.47244584560394287109e-01) (0, 5.12958669662475585938e+00) (1, 7.33152818679809570312e+00) (2, -1.20439052581787109375e+00) (3, 1.45331792831420898438e+01) (4, 5.62309455871582031250e+00) (5, 1.13800678253173828125e+01) (6, 1.64888203144073486328e+00) (7, 9.61082744598388671875e+00) (8, -5.97798168659210205078e-01) (9, -1.30476760864257812500e+01) (10, 2.51264977455139160156e+00) (11, -4.97450637817382812500e+00) (12, -1.15264439582824707031e+00) (13, -7.62644767761230468750e+00) (14, 9.83280658721923828125e-01) (15, 1.26327753067016601562e+00) (16, -1.16098155975341796875e+01) (17, -7.37874603271484375000e+00) (18, -7.21609711647033691406e-01) (19, -2.58876991271972656250e+00) (20, -1.79810178279876708984e+00) (21, 1.29980349540710449219e+00) (19, 2.60310888290405273438e+00) (20, 1.80864644050598144531e+00) (21, -1.30998420715332031250e+00) 
