FANN_FLO_2.1
num_layers=3
learning_rate=0.400000
connection_rate=1.000000
network_type=0
learning_momentum=0.000000
training_algorithm=2
train_error_function=1
train_stop_function=0
cascade_output_change_fraction=0.010000
quickprop_decay=-0.000100
quickprop_mu=1.750000
rprop_increase_factor=1.200000
rprop_decrease_factor=0.500000
rprop_delta_min=0.000000
rprop_delta_max=50.000000
rprop_delta_zero=0.100000
cascade_output_stagnation_epochs=12
cascade_candidate_change_fraction=0.010000
cascade_candidate_stagnation_epochs=12
cascade_max_out_epochs=150
cascade_min_out_epochs=50
cascade_max_cand_epochs=150
cascade_min_cand_epochs=50
cascade_num_candidate_groups=2
bit_fail_limit=3.49999994039535522461e-01
cascade_candidate_limit=1.00000000000000000000e+03
cascade_weight_multiplier=4.00000005960464477539e-01
cascade_activation_functions_count=10
cascade_activation_functions=3 5 7 8 10 11 14 15 16 17 
cascade_activation_steepnesses_count=4
cascade_activation_steepnesses=2.50000000000000000000e-01 5.00000000000000000000e-01 7.50000000000000000000e-01 1.00000000000000000000e+00 
layer_sizes=7 9 2 
scale_included=0
neurons (num_inputs, activation_function, activation_steepness)=(0, 0, 0.00000000000000000000e+00) (0, 0, 0.00000000000000000000e+00) (0, 0, 0.00000000000000000000e+00) (0, 0, 0.00000000000000000000e+00) (0, 0, 0.00000000000000000000e+00) (0, 0, 0.00000000000000000000e+00) (0, 0, 0.00000000000000000000e+00) (7, 3, 5.00000000000000000000e-01) (7, 3, 5.00000000000000000000e-01) (7, 3, 5.00000000000000000000e-01) (7, 3, 5.00000000000000000000e-01) (7, 3, 5.00000000000000000000e-01) (7, 3, 5.00000000000000000000e-01) (7, 3, 5.00000000000000000000e-01) (7, 3, 5.00000000000000000000e-01) (0, 3, 0.00000000000000000000e+00) (9, 3, 5.00000000000000000000e-01) (0, 3, 0.00000000000000000000e+00) 
connections (connected_to_neuron, weight)=(0, -4.15839195251464843750e+00) (1, -1.83770477771759033203e+00) (2, -3.38725781440734863281e+00) (3, 3.79398137331008911133e-01) (4, 2.43396401405334472656e+00) (5, 2.79032540321350097656e+00) (6, -1.68429827690124511719e+00) (0, 3.82194900512695312500e+00) (1, -9.15180861949920654297e-01) (2, 7.78408432006835937500e+00) (3, -1.18446981906890869141e+00) (4, -5.14537143707275390625e+00) (5, -3.20509505271911621094e+00) (6, -3.88603425025939941406e+00) (0, -4.96021890640258789062e+00) (1, -3.06451010704040527344e+00) (2, -9.81555223464965820312e-01) (3, 1.74760222434997558594e+00) (4, 2.92549705505371093750e+00) (5, -4.60803598165512084961e-01) (6, -1.53766512870788574219e+00) (0, 9.33611690998077392578e-01) (1, 8.64028990268707275391e-01) (2, -3.58164525032043457031e+00) (3, 1.79037392139434814453e+00) (4, -2.40837669372558593750e+00) (5, 6.06267929077148437500e+00) (6, 9.26232933998107910156e-01) (0, 2.51957178115844726562e-01) (1, 4.94212388992309570312e-01) (2, -3.05462336540222167969e+00) (3, -1.27508437633514404297e+00) (4, -3.29818224906921386719e+00) (5, 1.14992847442626953125e+01) (6, 5.43489396572113037109e-01) (0, -2.18719863891601562500e+00) (1, -1.87290251255035400391e+00) (2, -2.75895118713378906250e+00) (3, 3.25354313850402832031e+00) (4, -1.02218771353363990784e-02) (5, 9.44719600677490234375e+00) (6, -5.58368110656738281250e+00) (0, -6.68855381011962890625e+00) (1, -1.39179551601409912109e+00) (2, 6.61083340644836425781e-01) (3, 2.42266917228698730469e+00) (4, 2.00658011436462402344e+00) (5, -5.60933291912078857422e-01) (6, -1.51452326774597167969e+00) (0, 7.02665042877197265625e+00) (1, -5.66478610038757324219e-01) (2, -4.25940990447998046875e+00) (3, 2.29710197448730468750e+00) (4, 3.31782174110412597656e+00) (5, -5.61354219913482666016e-01) (6, -2.83489727973937988281e+00) (7, 1.87336719036102294922e+00) (8, 4.52216196060180664062e+00) (9, 8.67079496383666992188e-01) (10, -1.29204845428466796875e+00) (11, -1.44942855834960937500e+00) (12, 2.38473796844482421875e+00) (13, 1.85703992843627929688e+00) (14, 8.36957931518554687500e-01) (15, -3.52565124630928039551e-02) 
