FANN_FLO_2.1
num_layers=3
learning_rate=0.400000
connection_rate=1.000000
network_type=0
learning_momentum=0.000000
training_algorithm=2
train_error_function=1
train_stop_function=0
cascade_output_change_fraction=0.010000
quickprop_decay=-0.000100
quickprop_mu=1.750000
rprop_increase_factor=1.200000
rprop_decrease_factor=0.500000
rprop_delta_min=0.000000
rprop_delta_max=50.000000
rprop_delta_zero=0.100000
cascade_output_stagnation_epochs=12
cascade_candidate_change_fraction=0.010000
cascade_candidate_stagnation_epochs=12
cascade_max_out_epochs=150
cascade_min_out_epochs=50
cascade_max_cand_epochs=150
cascade_min_cand_epochs=50
cascade_num_candidate_groups=2
bit_fail_limit=3.49999994039535522461e-01
cascade_candidate_limit=1.00000000000000000000e+03
cascade_weight_multiplier=4.00000005960464477539e-01
cascade_activation_functions_count=10
cascade_activation_functions=3 5 7 8 10 11 14 15 16 17 
cascade_activation_steepnesses_count=4
cascade_activation_steepnesses=2.50000000000000000000e-01 5.00000000000000000000e-01 7.50000000000000000000e-01 1.00000000000000000000e+00 
layer_sizes=7 5 2 
scale_included=0
neurons (num_inputs, activation_function, activation_steepness)=(0, 0, 0.00000000000000000000e+00) (0, 0, 0.00000000000000000000e+00) (0, 0, 0.00000000000000000000e+00) (0, 0, 0.00000000000000000000e+00) (0, 0, 0.00000000000000000000e+00) (0, 0, 0.00000000000000000000e+00) (0, 0, 0.00000000000000000000e+00) (7, 3, 5.00000000000000000000e-01) (7, 3, 5.00000000000000000000e-01) (7, 3, 5.00000000000000000000e-01) (7, 3, 5.00000000000000000000e-01) (0, 3, 0.00000000000000000000e+00) (5, 3, 5.00000000000000000000e-01) (0, 3, 0.00000000000000000000e+00) 
connections (connected_to_neuron, weight)=(0, -5.81482505798339843750e+00) (1, -2.29532265663146972656e+00) (2, -5.59259533882141113281e-01) (3, 4.40980307757854461670e-02) (4, 4.46398067474365234375e+00) (5, 9.84171986579895019531e-01) (6, -1.47055983543395996094e+00) (0, 5.90434598922729492188e+00) (1, -6.35035085678100585938e+00) (2, -3.78833115100860595703e-01) (3, 2.66835403442382812500e+00) (4, -9.73382115364074707031e-01) (5, 6.83379220962524414062e+00) (6, -5.55587053298950195312e+00) (0, -4.06151628494262695312e+00) (1, -2.07642245292663574219e+00) (2, -1.61099925637245178223e-01) (3, 2.64092612266540527344e+00) (4, 1.21730661392211914062e+00) (5, -7.78603494167327880859e-01) (6, -1.56107282638549804688e+00) (0, -5.12398719787597656250e+00) (1, -5.02551496028900146484e-01) (2, -3.12865471839904785156e+00) (3, 1.31870937347412109375e+00) (4, -1.16452968120574951172e+00) (5, 7.31194067001342773438e+00) (6, 2.53239035606384277344e+00) (7, 2.87509584426879882812e+00) (8, 2.86428833007812500000e+00) (9, 4.07154989242553710938e+00) (10, -2.94647192955017089844e+00) (11, 3.41275572776794433594e-01) 
