FANN_FLO_2.1
num_layers=4
learning_rate=0.500000
connection_rate=1.000000
network_type=0
learning_momentum=0.000000
training_algorithm=2
train_error_function=1
train_stop_function=0
cascade_output_change_fraction=0.010000
quickprop_decay=-0.000100
quickprop_mu=1.750000
rprop_increase_factor=1.200000
rprop_decrease_factor=0.500000
rprop_delta_min=0.000000
rprop_delta_max=50.000000
rprop_delta_zero=0.100000
cascade_output_stagnation_epochs=12
cascade_candidate_change_fraction=0.010000
cascade_candidate_stagnation_epochs=12
cascade_max_out_epochs=150
cascade_min_out_epochs=50
cascade_max_cand_epochs=150
cascade_min_cand_epochs=50
cascade_num_candidate_groups=2
bit_fail_limit=3.49999994039535522461e-01
cascade_candidate_limit=1.00000000000000000000e+03
cascade_weight_multiplier=4.00000005960464477539e-01
cascade_activation_functions_count=10
cascade_activation_functions=3 5 7 8 10 11 14 15 16 17 
cascade_activation_steepnesses_count=4
cascade_activation_steepnesses=2.50000000000000000000e-01 5.00000000000000000000e-01 7.50000000000000000000e-01 1.00000000000000000000e+00 
layer_sizes=10 5 3 2 
scale_included=0
neurons (num_inputs, activation_function, activation_steepness)=(0, 0, 0.00000000000000000000e+00) (0, 0, 0.00000000000000000000e+00) (0, 0, 0.00000000000000000000e+00) (0, 0, 0.00000000000000000000e+00) (0, 0, 0.00000000000000000000e+00) (0, 0, 0.00000000000000000000e+00) (0, 0, 0.00000000000000000000e+00) (0, 0, 0.00000000000000000000e+00) (0, 0, 0.00000000000000000000e+00) (0, 0, 0.00000000000000000000e+00) (10, 3, 5.00000000000000000000e-01) (10, 3, 5.00000000000000000000e-01) (10, 3, 5.00000000000000000000e-01) (10, 3, 5.00000000000000000000e-01) (0, 3, 0.00000000000000000000e+00) (5, 3, 5.00000000000000000000e-01) (5, 3, 5.00000000000000000000e-01) (0, 3, 0.00000000000000000000e+00) (3, 3, 5.00000000000000000000e-01) (0, 3, 0.00000000000000000000e+00) 
connections (connected_to_neuron, weight)=(0, 2.02226638793945312500e-01) (1, 2.33442913740873336792e-02) (2, -3.38000714778900146484e-01) (3, -1.92437505722045898438e+00) (4, -4.94079547934234142303e-04) (5, -6.91717207431793212891e-01) (6, -1.85391676425933837891e+00) (7, 1.28217816352844238281e+00) (8, -4.50854152441024780273e-02) (9, 1.14317405223846435547e+00) (0, 7.44948029518127441406e-01) (1, 3.73724669218063354492e-01) (2, -1.55545139312744140625e+01) (3, -3.34000200033187866211e-01) (4, 1.26950621604919433594e+00) (5, -2.55601429939270019531e+00) (6, 1.28317928314208984375e+01) (7, 5.94990253448486328125e-01) (8, 4.45663601160049438477e-01) (9, 2.38358769565820693970e-02) (0, 5.22984623908996582031e-01) (1, 3.56990337371826171875e+00) (2, 7.08628606796264648438e+00) (3, 1.64120122790336608887e-01) (4, 1.97289431095123291016e+00) (5, 8.99455904960632324219e-01) (6, -9.23066902160644531250e+00) (7, -4.65342855453491210938e+00) (8, -4.63216972351074218750e+00) (9, 1.53042851015925407410e-02) (0, -1.59956331253051757812e+01) (1, 7.38819122314453125000e+00) (2, 2.67886936664581298828e-01) (3, -2.96877384185791015625e-01) (4, 4.90508604049682617188e+00) (5, -1.03877067565917968750e+00) (6, 2.31794953346252441406e+00) (7, 4.27962839603424072266e-02) (8, 5.86894929409027099609e-01) (9, -4.06129598617553710938e+00) (10, 1.44970483779907226562e+01) (11, -8.38437080383300781250e+00) (12, -1.63655796051025390625e+01) (13, -8.98791217803955078125e+00) (14, 2.02524137496948242188e+00) (10, 4.46603679656982421875e+00) (11, 2.53233528137207031250e+01) (12, 3.07319253683090209961e-01) (13, -1.69864749908447265625e+00) (14, -4.99671268463134765625e+00) (15, -4.26548957824707031250e+00) (16, 1.95173811912536621094e+00) (17, 6.43720507621765136719e-01) 
