FANN_FLO_2.1
num_layers=3
learning_rate=0.400000
connection_rate=1.000000
network_type=0
learning_momentum=0.000000
training_algorithm=2
train_error_function=1
train_stop_function=0
cascade_output_change_fraction=0.010000
quickprop_decay=-0.000100
quickprop_mu=1.750000
rprop_increase_factor=1.200000
rprop_decrease_factor=0.500000
rprop_delta_min=0.000000
rprop_delta_max=50.000000
rprop_delta_zero=0.100000
cascade_output_stagnation_epochs=12
cascade_candidate_change_fraction=0.010000
cascade_candidate_stagnation_epochs=12
cascade_max_out_epochs=150
cascade_min_out_epochs=50
cascade_max_cand_epochs=150
cascade_min_cand_epochs=50
cascade_num_candidate_groups=2
bit_fail_limit=3.49999994039535522461e-01
cascade_candidate_limit=1.00000000000000000000e+03
cascade_weight_multiplier=4.00000005960464477539e-01
cascade_activation_functions_count=10
cascade_activation_functions=3 5 7 8 10 11 14 15 16 17 
cascade_activation_steepnesses_count=4
cascade_activation_steepnesses=2.50000000000000000000e-01 5.00000000000000000000e-01 7.50000000000000000000e-01 1.00000000000000000000e+00 
layer_sizes=7 5 2 
scale_included=0
neurons (num_inputs, activation_function, activation_steepness)=(0, 0, 0.00000000000000000000e+00) (0, 0, 0.00000000000000000000e+00) (0, 0, 0.00000000000000000000e+00) (0, 0, 0.00000000000000000000e+00) (0, 0, 0.00000000000000000000e+00) (0, 0, 0.00000000000000000000e+00) (0, 0, 0.00000000000000000000e+00) (7, 3, 5.00000000000000000000e-01) (7, 3, 5.00000000000000000000e-01) (7, 3, 5.00000000000000000000e-01) (7, 3, 5.00000000000000000000e-01) (0, 3, 0.00000000000000000000e+00) (5, 3, 5.00000000000000000000e-01) (0, 3, 0.00000000000000000000e+00) 
connections (connected_to_neuron, weight)=(0, -5.23757028579711914062e+00) (1, 4.89774131774902343750e+00) (2, -2.16419076919555664062e+00) (3, -8.81799995899200439453e-01) (4, -3.09703826904296875000e-01) (5, -4.21539640426635742188e+00) (6, -5.23324429988861083984e-01) (0, 6.37635421752929687500e+00) (1, -6.48618364334106445312e+00) (2, 2.52627992630004882812e+00) (3, -8.40381026268005371094e-01) (4, 2.18020174652338027954e-02) (5, 3.84157872200012207031e+00) (6, -4.49586582183837890625e+00) (0, -1.26765403747558593750e+01) (1, 9.89252853393554687500e+00) (2, 1.37699069976806640625e+01) (3, -3.11407065391540527344e+00) (4, -3.56175208091735839844e+00) (5, 3.82015442848205566406e+00) (6, 2.45532798767089843750e+00) (0, -3.10435414314270019531e+00) (1, -3.24880528450012207031e+00) (2, 9.03700256347656250000e+00) (3, -7.40116739273071289062e+00) (4, -2.33794832229614257812e+00) (5, -2.50357687473297119141e-01) (6, 1.00607385635375976562e+01) (7, -1.08075313568115234375e+01) (8, -7.53912973403930664062e+00) (9, -6.61740958690643310547e-01) (10, -6.93350970745086669922e-01) (11, 4.66479569673538208008e-01) 
