FANN_FLO_2.1
num_layers=3
learning_rate=0.500000
connection_rate=1.000000
network_type=0
learning_momentum=0.000000
training_algorithm=2
train_error_function=1
train_stop_function=0
cascade_output_change_fraction=0.010000
quickprop_decay=-0.000100
quickprop_mu=1.750000
rprop_increase_factor=1.200000
rprop_decrease_factor=0.500000
rprop_delta_min=0.000000
rprop_delta_max=50.000000
rprop_delta_zero=0.100000
cascade_output_stagnation_epochs=12
cascade_candidate_change_fraction=0.010000
cascade_candidate_stagnation_epochs=12
cascade_max_out_epochs=150
cascade_min_out_epochs=50
cascade_max_cand_epochs=150
cascade_min_cand_epochs=50
cascade_num_candidate_groups=2
bit_fail_limit=3.49999994039535522461e-01
cascade_candidate_limit=1.00000000000000000000e+03
cascade_weight_multiplier=4.00000005960464477539e-01
cascade_activation_functions_count=10
cascade_activation_functions=3 5 7 8 10 11 14 15 16 17 
cascade_activation_steepnesses_count=4
cascade_activation_steepnesses=2.50000000000000000000e-01 5.00000000000000000000e-01 7.50000000000000000000e-01 1.00000000000000000000e+00 
layer_sizes=10 3 2 
scale_included=0
neurons (num_inputs, activation_function, activation_steepness)=(0, 0, 0.00000000000000000000e+00) (0, 0, 0.00000000000000000000e+00) (0, 0, 0.00000000000000000000e+00) (0, 0, 0.00000000000000000000e+00) (0, 0, 0.00000000000000000000e+00) (0, 0, 0.00000000000000000000e+00) (0, 0, 0.00000000000000000000e+00) (0, 0, 0.00000000000000000000e+00) (0, 0, 0.00000000000000000000e+00) (0, 0, 0.00000000000000000000e+00) (10, 3, 5.00000000000000000000e-01) (10, 3, 5.00000000000000000000e-01) (0, 3, 0.00000000000000000000e+00) (3, 3, 5.00000000000000000000e-01) (0, 3, 0.00000000000000000000e+00) 
connections (connected_to_neuron, weight)=(0, 8.39773368835449218750e+00) (1, 9.61100769042968750000e+00) (2, 4.54166126251220703125e+00) (3, 1.78376030921936035156e+00) (4, 3.88802981376647949219e+00) (5, -1.40335330963134765625e+01) (6, -3.99590492248535156250e+00) (7, 2.47129455208778381348e-01) (8, -1.11669836044311523438e+01) (9, -2.00125646591186523438e+00) (0, 2.75662403106689453125e+01) (1, 1.14098131656646728516e+00) (2, -1.39856491088867187500e+01) (3, 6.72694253921508789062e+00) (4, -1.82060108184814453125e+01) (5, 2.42572288513183593750e+01) (6, 1.87632007598876953125e+01) (7, -2.67951984405517578125e+01) (8, -1.58021640777587890625e+01) (9, 3.31305146217346191406e+00) (10, 2.83029770851135253906e+00) (11, -2.76714754104614257812e+00) (12, 8.57926607131958007812e-01) 
