FANN_FLO_2.1
num_layers=3
learning_rate=0.400000
connection_rate=1.000000
network_type=0
learning_momentum=0.000000
training_algorithm=2
train_error_function=1
train_stop_function=0
cascade_output_change_fraction=0.010000
quickprop_decay=-0.000100
quickprop_mu=1.750000
rprop_increase_factor=1.200000
rprop_decrease_factor=0.500000
rprop_delta_min=0.000000
rprop_delta_max=50.000000
rprop_delta_zero=0.100000
cascade_output_stagnation_epochs=12
cascade_candidate_change_fraction=0.010000
cascade_candidate_stagnation_epochs=12
cascade_max_out_epochs=150
cascade_min_out_epochs=50
cascade_max_cand_epochs=150
cascade_min_cand_epochs=50
cascade_num_candidate_groups=2
bit_fail_limit=3.49999994039535522461e-01
cascade_candidate_limit=1.00000000000000000000e+03
cascade_weight_multiplier=4.00000005960464477539e-01
cascade_activation_functions_count=10
cascade_activation_functions=3 5 7 8 10 11 14 15 16 17 
cascade_activation_steepnesses_count=4
cascade_activation_steepnesses=2.50000000000000000000e-01 5.00000000000000000000e-01 7.50000000000000000000e-01 1.00000000000000000000e+00 
layer_sizes=7 9 2 
scale_included=0
neurons (num_inputs, activation_function, activation_steepness)=(0, 0, 0.00000000000000000000e+00) (0, 0, 0.00000000000000000000e+00) (0, 0, 0.00000000000000000000e+00) (0, 0, 0.00000000000000000000e+00) (0, 0, 0.00000000000000000000e+00) (0, 0, 0.00000000000000000000e+00) (0, 0, 0.00000000000000000000e+00) (7, 3, 5.00000000000000000000e-01) (7, 3, 5.00000000000000000000e-01) (7, 3, 5.00000000000000000000e-01) (7, 3, 5.00000000000000000000e-01) (7, 3, 5.00000000000000000000e-01) (7, 3, 5.00000000000000000000e-01) (7, 3, 5.00000000000000000000e-01) (7, 3, 5.00000000000000000000e-01) (0, 3, 0.00000000000000000000e+00) (9, 3, 5.00000000000000000000e-01) (0, 3, 0.00000000000000000000e+00) 
connections (connected_to_neuron, weight)=(0, -1.30856971740722656250e+01) (1, -2.41228032112121582031e+00) (2, -3.61443161964416503906e+00) (3, 8.72377014160156250000e+00) (4, 1.11209571361541748047e+00) (5, -4.05511236190795898438e+00) (6, 5.31036806106567382812e+00) (0, -9.83195400238037109375e+00) (1, 1.55032548904418945312e+01) (2, -7.22613143920898437500e+01) (3, -1.48609466552734375000e+01) (4, -7.12691164016723632812e+00) (5, 1.19250726699829101562e+01) (6, 8.31304645538330078125e+00) (0, 1.52542276382446289062e+01) (1, -1.69825992584228515625e+01) (2, 1.17610273361206054688e+01) (3, -4.42087602615356445312e+00) (4, -7.49138951301574707031e-01) (5, 7.24686765670776367188e+00) (6, -6.35032129287719726562e+00) (0, 3.88928699493408203125e+00) (1, -2.85050892829895019531e+00) (2, -4.41783332824707031250e+00) (3, -1.04929046630859375000e+01) (4, -2.88927698135375976562e+00) (5, -9.31407749652862548828e-01) (6, 7.58688211441040039062e+00) (0, -1.36052536964416503906e+00) (1, 7.81875514984130859375e+00) (2, -3.00389647483825683594e+00) (3, 1.59210700988769531250e+01) (4, 1.55400085449218750000e+01) (5, 5.35118758678436279297e-01) (6, -7.47729253768920898438e+00) (0, -4.85195398330688476562e+00) (1, 5.15748262405395507812e+00) (2, -1.50916743278503417969e+00) (3, -5.14344549179077148438e+00) (4, 1.83388161659240722656e+00) (5, -4.27291393280029296875e+00) (6, -2.55146932601928710938e+00) (0, -7.67570495605468750000e+00) (1, 7.48877620697021484375e+00) (2, 2.43714952468872070312e+00) (3, -1.74163150787353515625e+00) (4, -1.50799655914306640625e+00) (5, -4.66899490356445312500e+00) (6, -1.71413052082061767578e+00) (0, -2.82269191741943359375e+00) (1, 4.21250104904174804688e+00) (2, -6.02634716033935546875e+00) (3, -7.80954742431640625000e+00) (4, -1.78212153911590576172e+00) (5, 5.89376258850097656250e+00) (6, -1.70402133464813232422e+00) (7, -8.27273845672607421875e-01) (8, -4.94562745094299316406e-01) (9, -6.16449499130249023438e+00) (10, -1.20174393057823181152e-01) (11, -1.10701262950897216797e+00) (12, -2.43643569946289062500e+00) (13, -2.33226623535156250000e+01) (14, -6.07990384101867675781e-01) (15, 3.53464424610137939453e-01) 
