FANN_FLO_2.1
num_layers=3
learning_rate=0.400000
connection_rate=1.000000
network_type=0
learning_momentum=0.000000
training_algorithm=2
train_error_function=1
train_stop_function=0
cascade_output_change_fraction=0.010000
quickprop_decay=-0.000100
quickprop_mu=1.750000
rprop_increase_factor=1.200000
rprop_decrease_factor=0.500000
rprop_delta_min=0.000000
rprop_delta_max=50.000000
rprop_delta_zero=0.100000
cascade_output_stagnation_epochs=12
cascade_candidate_change_fraction=0.010000
cascade_candidate_stagnation_epochs=12
cascade_max_out_epochs=150
cascade_min_out_epochs=50
cascade_max_cand_epochs=150
cascade_min_cand_epochs=50
cascade_num_candidate_groups=2
bit_fail_limit=3.49999994039535522461e-01
cascade_candidate_limit=1.00000000000000000000e+03
cascade_weight_multiplier=4.00000005960464477539e-01
cascade_activation_functions_count=10
cascade_activation_functions=3 5 7 8 10 11 14 15 16 17 
cascade_activation_steepnesses_count=4
cascade_activation_steepnesses=2.50000000000000000000e-01 5.00000000000000000000e-01 7.50000000000000000000e-01 1.00000000000000000000e+00 
layer_sizes=7 9 2 
scale_included=0
neurons (num_inputs, activation_function, activation_steepness)=(0, 0, 0.00000000000000000000e+00) (0, 0, 0.00000000000000000000e+00) (0, 0, 0.00000000000000000000e+00) (0, 0, 0.00000000000000000000e+00) (0, 0, 0.00000000000000000000e+00) (0, 0, 0.00000000000000000000e+00) (0, 0, 0.00000000000000000000e+00) (7, 3, 5.00000000000000000000e-01) (7, 3, 5.00000000000000000000e-01) (7, 3, 5.00000000000000000000e-01) (7, 3, 5.00000000000000000000e-01) (7, 3, 5.00000000000000000000e-01) (7, 3, 5.00000000000000000000e-01) (7, 3, 5.00000000000000000000e-01) (7, 3, 5.00000000000000000000e-01) (0, 3, 0.00000000000000000000e+00) (9, 3, 5.00000000000000000000e-01) (0, 3, 0.00000000000000000000e+00) 
connections (connected_to_neuron, weight)=(0, 8.78810214996337890625e+00) (1, 6.36419105529785156250e+00) (2, 4.81516551971435546875e+00) (3, -1.75397949218750000000e+01) (4, -6.92234230041503906250e+00) (5, 8.93923568725585937500e+00) (6, -1.09201812744140625000e+01) (0, -6.17589664459228515625e+00) (1, 5.48722839355468750000e+00) (2, -4.60422286987304687500e+01) (3, -4.95093631744384765625e+00) (4, 4.46414887905120849609e-01) (5, 4.13399553298950195312e+00) (6, 4.75871419906616210938e+00) (0, -7.48906755447387695312e+00) (1, 3.71552610397338867188e+00) (2, 7.37392616271972656250e+00) (3, -2.55515599250793457031e+00) (4, -2.16915392875671386719e+00) (5, -1.50000000000000000000e+03) (6, 2.64786219596862792969e+00) (0, 5.23324203491210937500e+00) (1, -7.42740058898925781250e+00) (2, 5.46725606918334960938e+00) (3, -2.40557861328125000000e+00) (4, -3.69870334863662719727e-01) (5, 2.92431521415710449219e+00) (6, -2.40863251686096191406e+00) (0, -2.78886169195175170898e-01) (1, -1.07301497459411621094e+00) (2, -2.85346088409423828125e+01) (3, 1.19980201721191406250e+01) (4, -8.63327407836914062500e+00) (5, -1.45861797332763671875e+01) (6, 1.31104965209960937500e+01) (0, -3.39031004905700683594e+00) (1, -1.98357546329498291016e+00) (2, 8.95331573486328125000e+00) (3, -4.03424978256225585938e+00) (4, -2.80883598327636718750e+00) (5, -2.32197117805480957031e+00) (6, 3.81223249435424804688e+00) (0, -6.44301176071166992188e+00) (1, -9.68993377685546875000e+00) (2, -4.33582649230957031250e+01) (3, 6.54468231201171875000e+01) (4, 1.50000000000000000000e+03) (5, -8.48480987548828125000e+01) (6, 1.90019645690917968750e+01) (0, 3.64175510406494140625e+00) (1, 6.91207647323608398438e+00) (2, 3.90197067260742187500e+01) (3, -7.70392560958862304688e+00) (4, -8.51823711395263671875e+00) (5, 3.40222024917602539062e+00) (6, -5.30479192733764648438e+00) (7, -4.55446213483810424805e-01) (8, -6.23539209365844726562e-01) (9, -1.19107751846313476562e+01) (10, -1.19728908538818359375e+01) (11, -6.07888162136077880859e-01) (12, 8.69306278228759765625e+00) (13, -2.21863076090812683105e-01) (14, -9.63619723916053771973e-02) (15, -6.60838559269905090332e-02) 
