FANN_FLO_2.1
num_layers=3
learning_rate=0.500000
connection_rate=1.000000
network_type=0
learning_momentum=0.000000
training_algorithm=2
train_error_function=1
train_stop_function=0
cascade_output_change_fraction=0.010000
quickprop_decay=-0.000100
quickprop_mu=1.750000
rprop_increase_factor=1.200000
rprop_decrease_factor=0.500000
rprop_delta_min=0.000000
rprop_delta_max=50.000000
rprop_delta_zero=0.100000
cascade_output_stagnation_epochs=12
cascade_candidate_change_fraction=0.010000
cascade_candidate_stagnation_epochs=12
cascade_max_out_epochs=150
cascade_min_out_epochs=50
cascade_max_cand_epochs=150
cascade_min_cand_epochs=50
cascade_num_candidate_groups=2
bit_fail_limit=3.49999994039535522461e-01
cascade_candidate_limit=1.00000000000000000000e+03
cascade_weight_multiplier=4.00000005960464477539e-01
cascade_activation_functions_count=10
cascade_activation_functions=3 5 7 8 10 11 14 15 16 17 
cascade_activation_steepnesses_count=4
cascade_activation_steepnesses=2.50000000000000000000e-01 5.00000000000000000000e-01 7.50000000000000000000e-01 1.00000000000000000000e+00 
layer_sizes=10 3 2 
scale_included=0
neurons (num_inputs, activation_function, activation_steepness)=(0, 0, 0.00000000000000000000e+00) (0, 0, 0.00000000000000000000e+00) (0, 0, 0.00000000000000000000e+00) (0, 0, 0.00000000000000000000e+00) (0, 0, 0.00000000000000000000e+00) (0, 0, 0.00000000000000000000e+00) (0, 0, 0.00000000000000000000e+00) (0, 0, 0.00000000000000000000e+00) (0, 0, 0.00000000000000000000e+00) (0, 0, 0.00000000000000000000e+00) (10, 3, 5.00000000000000000000e-01) (10, 3, 5.00000000000000000000e-01) (0, 3, 0.00000000000000000000e+00) (3, 3, 5.00000000000000000000e-01) (0, 3, 0.00000000000000000000e+00) 
connections (connected_to_neuron, weight)=(0, 2.13533067703247070312e+00) (1, 2.76101016998291015625e+00) (2, -8.19903278350830078125e+00) (3, -7.92502641677856445312e-01) (4, 1.15083646774291992188e+01) (5, 2.00575027465820312500e+01) (6, -2.44174308776855468750e+01) (7, -1.87039658427238464355e-01) (8, -8.44767475128173828125e+00) (9, -3.36608743667602539062e+00) (0, -1.87330019474029541016e+00) (1, 6.27939319610595703125e+00) (2, 2.09232959747314453125e+01) (3, 1.60703563690185546875e+01) (4, -2.73795642852783203125e+01) (5, -6.18746805191040039062e+00) (6, 4.31672763824462890625e+00) (7, -2.78450260162353515625e+01) (8, -3.21269750595092773438e+00) (9, 9.78501033782958984375e+00) (10, 2.51595830917358398438e+00) (11, -2.43689775466918945312e+00) (12, 8.83745670318603515625e-01) 
