FANN_FLO_2.1
num_layers=4
learning_rate=0.400000
connection_rate=1.000000
network_type=0
learning_momentum=0.000000
training_algorithm=2
train_error_function=1
train_stop_function=0
cascade_output_change_fraction=0.010000
quickprop_decay=-0.000100
quickprop_mu=1.750000
rprop_increase_factor=1.200000
rprop_decrease_factor=0.500000
rprop_delta_min=0.000000
rprop_delta_max=50.000000
rprop_delta_zero=0.100000
cascade_output_stagnation_epochs=12
cascade_candidate_change_fraction=0.010000
cascade_candidate_stagnation_epochs=12
cascade_max_out_epochs=150
cascade_min_out_epochs=50
cascade_max_cand_epochs=150
cascade_min_cand_epochs=50
cascade_num_candidate_groups=2
bit_fail_limit=3.49999994039535522461e-01
cascade_candidate_limit=1.00000000000000000000e+03
cascade_weight_multiplier=4.00000005960464477539e-01
cascade_activation_functions_count=10
cascade_activation_functions=3 5 7 8 10 11 14 15 16 17 
cascade_activation_steepnesses_count=4
cascade_activation_steepnesses=2.50000000000000000000e-01 5.00000000000000000000e-01 7.50000000000000000000e-01 1.00000000000000000000e+00 
layer_sizes=7 3 3 2 
scale_included=0
neurons (num_inputs, activation_function, activation_steepness)=(0, 0, 0.00000000000000000000e+00) (0, 0, 0.00000000000000000000e+00) (0, 0, 0.00000000000000000000e+00) (0, 0, 0.00000000000000000000e+00) (0, 0, 0.00000000000000000000e+00) (0, 0, 0.00000000000000000000e+00) (0, 0, 0.00000000000000000000e+00) (7, 3, 5.00000000000000000000e-01) (7, 3, 5.00000000000000000000e-01) (0, 3, 0.00000000000000000000e+00) (3, 3, 5.00000000000000000000e-01) (3, 3, 5.00000000000000000000e-01) (0, 3, 0.00000000000000000000e+00) (3, 3, 5.00000000000000000000e-01) (0, 3, 0.00000000000000000000e+00) 
connections (connected_to_neuron, weight)=(0, -2.63571047782897949219e+00) (1, -5.17266368865966796875e+00) (2, 1.08827686309814453125e+01) (3, -6.05868244171142578125e+00) (4, -2.33747696876525878906e+00) (5, -3.36735025048255920410e-02) (6, 8.93888187408447265625e+00) (0, -6.91142129898071289062e+00) (1, 2.99341750144958496094e+00) (2, 9.61356163024902343750e+00) (3, -6.38358926773071289062e+00) (4, -2.85891795158386230469e+00) (5, 1.09178996086120605469e+00) (6, 4.10853815078735351562e+00) (7, -3.44243407249450683594e+00) (8, 1.28684692382812500000e+01) (9, -1.43192231655120849609e+00) (7, 2.93242511749267578125e+01) (8, -2.65332069396972656250e+01) (9, -3.44296550750732421875e+00) (10, -1.43810117244720458984e+00) (11, -1.34628224372863769531e+00) (12, -1.00771450996398925781e+00) 
