FANN_FLO_2.1
num_layers=4
learning_rate=0.500000
connection_rate=1.000000
network_type=0
learning_momentum=0.000000
training_algorithm=2
train_error_function=1
train_stop_function=0
cascade_output_change_fraction=0.010000
quickprop_decay=-0.000100
quickprop_mu=1.750000
rprop_increase_factor=1.200000
rprop_decrease_factor=0.500000
rprop_delta_min=0.000000
rprop_delta_max=50.000000
rprop_delta_zero=0.100000
cascade_output_stagnation_epochs=12
cascade_candidate_change_fraction=0.010000
cascade_candidate_stagnation_epochs=12
cascade_max_out_epochs=150
cascade_min_out_epochs=50
cascade_max_cand_epochs=150
cascade_min_cand_epochs=50
cascade_num_candidate_groups=2
bit_fail_limit=3.49999994039535522461e-01
cascade_candidate_limit=1.00000000000000000000e+03
cascade_weight_multiplier=4.00000005960464477539e-01
cascade_activation_functions_count=10
cascade_activation_functions=3 5 7 8 10 11 14 15 16 17 
cascade_activation_steepnesses_count=4
cascade_activation_steepnesses=2.50000000000000000000e-01 5.00000000000000000000e-01 7.50000000000000000000e-01 1.00000000000000000000e+00 
layer_sizes=10 5 3 2 
scale_included=0
neurons (num_inputs, activation_function, activation_steepness)=(0, 0, 0.00000000000000000000e+00) (0, 0, 0.00000000000000000000e+00) (0, 0, 0.00000000000000000000e+00) (0, 0, 0.00000000000000000000e+00) (0, 0, 0.00000000000000000000e+00) (0, 0, 0.00000000000000000000e+00) (0, 0, 0.00000000000000000000e+00) (0, 0, 0.00000000000000000000e+00) (0, 0, 0.00000000000000000000e+00) (0, 0, 0.00000000000000000000e+00) (10, 3, 5.00000000000000000000e-01) (10, 3, 5.00000000000000000000e-01) (10, 3, 5.00000000000000000000e-01) (10, 3, 5.00000000000000000000e-01) (0, 3, 0.00000000000000000000e+00) (5, 3, 5.00000000000000000000e-01) (5, 3, 5.00000000000000000000e-01) (0, 3, 0.00000000000000000000e+00) (3, 3, 5.00000000000000000000e-01) (0, 3, 0.00000000000000000000e+00) 
connections (connected_to_neuron, weight)=(0, -7.27325296401977539062e+00) (1, 2.85159349441528320312e+00) (2, -2.19848155975341796875e+00) (3, -1.44163453578948974609e+00) (4, 5.73312616348266601562e+00) (5, 1.97950065135955810547e+00) (6, 3.23222589492797851562e+00) (7, 2.62483429908752441406e+00) (8, 2.17649030685424804688e+00) (9, -3.13616394996643066406e+00) (0, -1.46542525291442871094e+00) (1, 7.75593805313110351562e+00) (2, 2.77233988046646118164e-01) (3, -3.96751856803894042969e+00) (4, -3.36016750335693359375e+00) (5, -3.77723217010498046875e-01) (6, 2.29758071899414062500e+00) (7, -2.44004106521606445312e+00) (8, -2.89323401451110839844e+00) (9, 1.20598292350769042969e+00) (0, -2.35810732841491699219e+00) (1, 9.87934303283691406250e+00) (2, -3.15980682373046875000e+01) (3, -8.96489143371582031250e-01) (4, 1.03449296951293945312e+00) (5, 5.79026103019714355469e-01) (6, 5.46164035797119140625e+00) (7, 2.18173170089721679688e+00) (8, -3.47333908081054687500e-01) (9, -2.80284667015075683594e+00) (0, -1.33925161361694335938e+01) (1, 4.76309204101562500000e+00) (2, 5.70486724376678466797e-01) (3, -1.02287511825561523438e+01) (4, 9.93495285511016845703e-01) (5, 1.51059639453887939453e+00) (6, 2.18316364288330078125e+00) (7, 7.26806402206420898438e+00) (8, 5.04104256629943847656e-01) (9, -2.06152725219726562500e+00) (10, -2.45367980003356933594e+00) (11, 1.90216140747070312500e+01) (12, 3.33454284667968750000e+01) (13, 3.20336265563964843750e+01) (14, -7.17313957214355468750e+00) (10, -7.41557741165161132812e+00) (11, 1.64681892395019531250e+01) (12, 5.55567565917968750000e+02) (13, 9.38036560058593750000e+02) (14, -5.41599369049072265625e+00) (15, 2.26305794715881347656e+00) (16, 2.10413351655006408691e-01) (17, -1.60830819606781005859e+00) 
