FANN_FLO_2.1
num_layers=4
learning_rate=0.500000
connection_rate=1.000000
network_type=0
learning_momentum=0.000000
training_algorithm=2
train_error_function=1
train_stop_function=0
cascade_output_change_fraction=0.010000
quickprop_decay=-0.000100
quickprop_mu=1.750000
rprop_increase_factor=1.200000
rprop_decrease_factor=0.500000
rprop_delta_min=0.000000
rprop_delta_max=50.000000
rprop_delta_zero=0.100000
cascade_output_stagnation_epochs=12
cascade_candidate_change_fraction=0.010000
cascade_candidate_stagnation_epochs=12
cascade_max_out_epochs=150
cascade_min_out_epochs=50
cascade_max_cand_epochs=150
cascade_min_cand_epochs=50
cascade_num_candidate_groups=2
bit_fail_limit=3.49999994039535522461e-01
cascade_candidate_limit=1.00000000000000000000e+03
cascade_weight_multiplier=4.00000005960464477539e-01
cascade_activation_functions_count=10
cascade_activation_functions=3 5 7 8 10 11 14 15 16 17 
cascade_activation_steepnesses_count=4
cascade_activation_steepnesses=2.50000000000000000000e-01 5.00000000000000000000e-01 7.50000000000000000000e-01 1.00000000000000000000e+00 
layer_sizes=2 5 5 3 
scale_included=0
neurons (num_inputs, activation_function, activation_steepness)=(0, 0, 0.00000000000000000000e+00) (0, 0, 0.00000000000000000000e+00) (2, 3, 5.00000000000000000000e-01) (2, 3, 5.00000000000000000000e-01) (2, 3, 5.00000000000000000000e-01) (2, 3, 5.00000000000000000000e-01) (0, 3, 0.00000000000000000000e+00) (5, 3, 5.00000000000000000000e-01) (5, 3, 5.00000000000000000000e-01) (5, 3, 5.00000000000000000000e-01) (5, 3, 5.00000000000000000000e-01) (0, 3, 0.00000000000000000000e+00) (5, 0, 5.00000000000000000000e-01) (5, 0, 5.00000000000000000000e-01) (0, 0, 0.00000000000000000000e+00) 
connections (connected_to_neuron, weight)=(0, 9.38588809967041015625e+00) (1, -2.41562271118164062500e+00) (0, 1.58169384002685546875e+01) (1, -1.81467676162719726562e+00) (0, 8.71228179931640625000e+01) (1, -1.79614102840423583984e+00) (0, 1.84246711730957031250e+01) (1, -1.73918950557708740234e+00) (2, -2.82653713226318359375e+00) (3, 1.37656301259994506836e-01) (4, 1.66847445070743560791e-02) (5, 7.22532048821449279785e-02) (6, -1.11438617110252380371e-01) (2, -1.39887072753906250000e+03) (3, 3.77393280029296875000e+02) (4, 3.73395843505859375000e+02) (5, 3.73399047851562500000e+02) (6, -1.28620328903198242188e+01) (2, -1.47500000000000000000e+03) (3, 3.69259307861328125000e+02) (4, 3.69525482177734375000e+02) (5, 3.68928497314453125000e+02) (6, -3.54257965087890625000e+01) (2, -7.15946960449218750000e+00) (3, 5.57064533233642578125e+00) (4, 2.25804162025451660156e+00) (5, 1.46685159206390380859e+00) (6, -3.99102330207824707031e+00) (7, 2.54811000823974609375e+00) (8, -5.03921091556549072266e-01) (9, -2.28519454598426818848e-01) (10, -1.93062984943389892578e+00) (11, -3.40325564146041870117e-01) (7, 1.10324735641479492188e+01) (8, 1.18052735924720764160e-01) (9, 1.97054639458656311035e-01) (10, 2.40972742438316345215e-01) (11, -2.94007754325866699219e+00) 
