FANN_FLO_2.1
num_layers=3
learning_rate=0.400000
connection_rate=1.000000
network_type=0
learning_momentum=0.000000
training_algorithm=2
train_error_function=1
train_stop_function=0
cascade_output_change_fraction=0.010000
quickprop_decay=-0.000100
quickprop_mu=1.750000
rprop_increase_factor=1.200000
rprop_decrease_factor=0.500000
rprop_delta_min=0.000000
rprop_delta_max=50.000000
rprop_delta_zero=0.100000
cascade_output_stagnation_epochs=12
cascade_candidate_change_fraction=0.010000
cascade_candidate_stagnation_epochs=12
cascade_max_out_epochs=150
cascade_min_out_epochs=50
cascade_max_cand_epochs=150
cascade_min_cand_epochs=50
cascade_num_candidate_groups=2
bit_fail_limit=3.49999994039535522461e-01
cascade_candidate_limit=1.00000000000000000000e+03
cascade_weight_multiplier=4.00000005960464477539e-01
cascade_activation_functions_count=10
cascade_activation_functions=3 5 7 8 10 11 14 15 16 17 
cascade_activation_steepnesses_count=4
cascade_activation_steepnesses=2.50000000000000000000e-01 5.00000000000000000000e-01 7.50000000000000000000e-01 1.00000000000000000000e+00 
layer_sizes=7 9 2 
scale_included=0
neurons (num_inputs, activation_function, activation_steepness)=(0, 0, 0.00000000000000000000e+00) (0, 0, 0.00000000000000000000e+00) (0, 0, 0.00000000000000000000e+00) (0, 0, 0.00000000000000000000e+00) (0, 0, 0.00000000000000000000e+00) (0, 0, 0.00000000000000000000e+00) (0, 0, 0.00000000000000000000e+00) (7, 3, 5.00000000000000000000e-01) (7, 3, 5.00000000000000000000e-01) (7, 3, 5.00000000000000000000e-01) (7, 3, 5.00000000000000000000e-01) (7, 3, 5.00000000000000000000e-01) (7, 3, 5.00000000000000000000e-01) (7, 3, 5.00000000000000000000e-01) (7, 3, 5.00000000000000000000e-01) (0, 3, 0.00000000000000000000e+00) (9, 3, 5.00000000000000000000e-01) (0, 3, 0.00000000000000000000e+00) 
connections (connected_to_neuron, weight)=(0, 3.67400906980037689209e-02) (1, 2.51065075397491455078e-01) (2, 5.05453634262084960938e+00) (3, -1.01775283813476562500e+01) (4, 4.62276220321655273438e+00) (5, -2.04856038093566894531e+00) (6, 6.51983469724655151367e-02) (0, -7.02654504776000976562e+00) (1, -2.12623214721679687500e+01) (2, 2.45804424285888671875e+01) (3, 1.08937703073024749756e-01) (4, 6.74568295478820800781e-01) (5, -6.54702949523925781250e+00) (6, 1.61432590484619140625e+01) (0, 8.62616539001464843750e+00) (1, -1.05490827560424804688e+01) (2, -5.60265016555786132812e+00) (3, -4.16238641738891601562e+00) (4, -1.10252678394317626953e+00) (5, -2.55308222770690917969e+00) (6, 5.83292579650878906250e+00) (0, -7.30256700515747070312e+00) (1, 9.99482631683349609375e+00) (2, -1.59444534778594970703e+00) (3, 5.19167363643646240234e-01) (4, -1.09413301944732666016e+00) (5, 7.93644857406616210938e+00) (6, -1.48842144012451171875e+00) (0, -1.19397804141044616699e-01) (1, 3.67584538459777832031e+00) (2, -2.15795230865478515625e+01) (3, -3.49070167541503906250e+00) (4, -1.52970671653747558594e+00) (5, -8.85651611328125000000e+02) (6, -1.35001754388213157654e-02) (0, 8.63936185836791992188e-01) (1, 3.10481047630310058594e+00) (2, 3.94818153381347656250e+01) (3, -5.39133501052856445312e+00) (4, -5.72451257705688476562e+00) (5, 5.79099178314208984375e+00) (6, -4.35966777801513671875e+00) (0, 1.78420031070709228516e+00) (1, 3.88666033744812011719e-01) (2, 3.08975720405578613281e+00) (3, -3.37345910072326660156e+00) (4, -1.38823425769805908203e+00) (5, 6.97041809558868408203e-01) (6, 3.14833939075469970703e-01) (0, 6.79629802703857421875e-01) (1, 8.72472226619720458984e-02) (2, -1.46249475479125976562e+01) (3, -3.71829652786254882812e+00) (4, -3.37121427059173583984e-01) (5, 6.72568798065185546875e-01) (6, 2.91968077421188354492e-01) (7, -9.43567693233489990234e-01) (8, -1.58237576484680175781e+00) (9, -2.82581520080566406250e+00) (10, -4.22893333435058593750e+00) (11, -7.39208638668060302734e-01) (12, -5.30172824859619140625e-01) (13, -4.37841340899467468262e-02) (14, 1.20422470569610595703e+00) (15, 2.81552171707153320312e+00) 
