FANN_FLO_2.1
num_layers=4
learning_rate=0.400000
connection_rate=1.000000
network_type=0
learning_momentum=0.000000
training_algorithm=2
train_error_function=1
train_stop_function=0
cascade_output_change_fraction=0.010000
quickprop_decay=-0.000100
quickprop_mu=1.750000
rprop_increase_factor=1.200000
rprop_decrease_factor=0.500000
rprop_delta_min=0.000000
rprop_delta_max=50.000000
rprop_delta_zero=0.100000
cascade_output_stagnation_epochs=12
cascade_candidate_change_fraction=0.010000
cascade_candidate_stagnation_epochs=12
cascade_max_out_epochs=150
cascade_min_out_epochs=50
cascade_max_cand_epochs=150
cascade_min_cand_epochs=50
cascade_num_candidate_groups=2
bit_fail_limit=3.49999994039535522461e-01
cascade_candidate_limit=1.00000000000000000000e+03
cascade_weight_multiplier=4.00000005960464477539e-01
cascade_activation_functions_count=10
cascade_activation_functions=3 5 7 8 10 11 14 15 16 17 
cascade_activation_steepnesses_count=4
cascade_activation_steepnesses=2.50000000000000000000e-01 5.00000000000000000000e-01 7.50000000000000000000e-01 1.00000000000000000000e+00 
layer_sizes=7 3 3 2 
scale_included=0
neurons (num_inputs, activation_function, activation_steepness)=(0, 0, 0.00000000000000000000e+00) (0, 0, 0.00000000000000000000e+00) (0, 0, 0.00000000000000000000e+00) (0, 0, 0.00000000000000000000e+00) (0, 0, 0.00000000000000000000e+00) (0, 0, 0.00000000000000000000e+00) (0, 0, 0.00000000000000000000e+00) (7, 3, 5.00000000000000000000e-01) (7, 3, 5.00000000000000000000e-01) (0, 3, 0.00000000000000000000e+00) (3, 3, 5.00000000000000000000e-01) (3, 3, 5.00000000000000000000e-01) (0, 3, 0.00000000000000000000e+00) (3, 3, 5.00000000000000000000e-01) (0, 3, 0.00000000000000000000e+00) 
connections (connected_to_neuron, weight)=(0, 2.45804500579833984375e+00) (1, -5.52059745788574218750e+00) (2, 7.26329612731933593750e+00) (3, -3.87098932266235351562e+00) (4, -1.18513679504394531250e+00) (5, 6.54988145828247070312e+00) (6, -1.70762085914611816406e+00) (0, -6.88764095306396484375e+00) (1, 5.82277870178222656250e+00) (2, -2.58102679252624511719e+00) (3, -1.31966125965118408203e+00) (4, -6.32114231586456298828e-01) (5, -5.77475881576538085938e+00) (6, 1.21943473815917968750e+00) (7, 4.43759346008300781250e+00) (8, 6.12274265289306640625e+00) (9, -2.38017129898071289062e+00) (7, 2.96424913406372070312e+00) (8, 5.73254013061523437500e+00) (9, -2.42957568168640136719e+00) (10, -1.87084746360778808594e+00) (11, -2.45046830177307128906e+00) (12, -5.49446582794189453125e-01) 
