FANN_FLO_2.1
num_layers=4
learning_rate=0.500000
connection_rate=1.000000
network_type=0
learning_momentum=0.000000
training_algorithm=2
train_error_function=1
train_stop_function=0
cascade_output_change_fraction=0.010000
quickprop_decay=-0.000100
quickprop_mu=1.750000
rprop_increase_factor=1.200000
rprop_decrease_factor=0.500000
rprop_delta_min=0.000000
rprop_delta_max=50.000000
rprop_delta_zero=0.100000
cascade_output_stagnation_epochs=12
cascade_candidate_change_fraction=0.010000
cascade_candidate_stagnation_epochs=12
cascade_max_out_epochs=150
cascade_min_out_epochs=50
cascade_max_cand_epochs=150
cascade_min_cand_epochs=50
cascade_num_candidate_groups=2
bit_fail_limit=3.49999994039535522461e-01
cascade_candidate_limit=1.00000000000000000000e+03
cascade_weight_multiplier=4.00000005960464477539e-01
cascade_activation_functions_count=10
cascade_activation_functions=3 5 7 8 10 11 14 15 16 17 
cascade_activation_steepnesses_count=4
cascade_activation_steepnesses=2.50000000000000000000e-01 5.00000000000000000000e-01 7.50000000000000000000e-01 1.00000000000000000000e+00 
layer_sizes=10 3 3 2 
scale_included=0
neurons (num_inputs, activation_function, activation_steepness)=(0, 0, 0.00000000000000000000e+00) (0, 0, 0.00000000000000000000e+00) (0, 0, 0.00000000000000000000e+00) (0, 0, 0.00000000000000000000e+00) (0, 0, 0.00000000000000000000e+00) (0, 0, 0.00000000000000000000e+00) (0, 0, 0.00000000000000000000e+00) (0, 0, 0.00000000000000000000e+00) (0, 0, 0.00000000000000000000e+00) (0, 0, 0.00000000000000000000e+00) (10, 3, 5.00000000000000000000e-01) (10, 3, 5.00000000000000000000e-01) (0, 3, 0.00000000000000000000e+00) (3, 3, 5.00000000000000000000e-01) (3, 3, 5.00000000000000000000e-01) (0, 3, 0.00000000000000000000e+00) (3, 3, 5.00000000000000000000e-01) (0, 3, 0.00000000000000000000e+00) 
connections (connected_to_neuron, weight)=(0, 4.26076030731201171875e+00) (1, 2.49337506294250488281e+00) (2, 1.35242805480957031250e+01) (3, 1.61314201354980468750e+00) (4, 3.48876023292541503906e+00) (5, 1.25632834434509277344e+00) (6, -5.76612138748168945312e+00) (7, -2.28715171813964843750e+01) (8, -1.96892261505126953125e+00) (9, -1.53656333684921264648e-01) (0, -3.29353094100952148438e-01) (1, -7.20325052738189697266e-01) (2, -1.78244571685791015625e+01) (3, 6.81803822517395019531e-01) (4, 9.97197532653808593750e+00) (5, 2.32715415954589843750e+00) (6, -9.47794258594512939453e-01) (7, -1.22912347316741943359e+00) (8, 3.75826215744018554688e+00) (9, -2.58343845605850219727e-01) (10, 6.66647100448608398438e+00) (11, 9.70725154876708984375e+00) (12, -4.15233039855957031250e+00) (10, 1.00822019577026367188e+01) (11, 9.87271499633789062500e+00) (12, -5.17482376098632812500e+00) (13, 7.25225746631622314453e-01) (14, 2.59476041793823242188e+00) (15, -2.43028545379638671875e+00) 
