FANN_FLO_2.1
num_layers=3
learning_rate=0.500000
connection_rate=1.000000
network_type=0
learning_momentum=0.000000
training_algorithm=2
train_error_function=1
train_stop_function=0
cascade_output_change_fraction=0.010000
quickprop_decay=-0.000100
quickprop_mu=1.750000
rprop_increase_factor=1.200000
rprop_decrease_factor=0.500000
rprop_delta_min=0.000000
rprop_delta_max=50.000000
rprop_delta_zero=0.100000
cascade_output_stagnation_epochs=12
cascade_candidate_change_fraction=0.010000
cascade_candidate_stagnation_epochs=12
cascade_max_out_epochs=150
cascade_min_out_epochs=50
cascade_max_cand_epochs=150
cascade_min_cand_epochs=50
cascade_num_candidate_groups=2
bit_fail_limit=3.49999994039535522461e-01
cascade_candidate_limit=1.00000000000000000000e+03
cascade_weight_multiplier=4.00000005960464477539e-01
cascade_activation_functions_count=10
cascade_activation_functions=3 5 7 8 10 11 14 15 16 17 
cascade_activation_steepnesses_count=4
cascade_activation_steepnesses=2.50000000000000000000e-01 5.00000000000000000000e-01 7.50000000000000000000e-01 1.00000000000000000000e+00 
layer_sizes=10 3 2 
scale_included=0
neurons (num_inputs, activation_function, activation_steepness)=(0, 0, 0.00000000000000000000e+00) (0, 0, 0.00000000000000000000e+00) (0, 0, 0.00000000000000000000e+00) (0, 0, 0.00000000000000000000e+00) (0, 0, 0.00000000000000000000e+00) (0, 0, 0.00000000000000000000e+00) (0, 0, 0.00000000000000000000e+00) (0, 0, 0.00000000000000000000e+00) (0, 0, 0.00000000000000000000e+00) (0, 0, 0.00000000000000000000e+00) (10, 3, 5.00000000000000000000e-01) (10, 3, 5.00000000000000000000e-01) (0, 3, 0.00000000000000000000e+00) (3, 3, 5.00000000000000000000e-01) (0, 3, 0.00000000000000000000e+00) 
connections (connected_to_neuron, weight)=(0, -2.07193136215209960938e+00) (1, 4.34959831237792968750e+01) (2, 7.62655353546142578125e+00) (3, -8.28671360015869140625e+00) (4, 1.90183389186859130859e+00) (5, 2.16796374320983886719e+00) (6, -1.89854583740234375000e+01) (7, -2.05971641540527343750e+01) (8, -5.23021793365478515625e+00) (9, -4.38769197463989257812e+00) (0, -4.75180625915527343750e+00) (1, -4.10355901718139648438e+00) (2, 1.33166205883026123047e+00) (3, -7.83101499080657958984e-01) (4, -3.03403735160827636719e+00) (5, -5.46570181846618652344e-01) (6, 1.08428487777709960938e+01) (7, 1.00445785522460937500e+01) (8, -8.65465545654296875000e+00) (9, -2.15699768066406250000e+00) (10, 2.56271982192993164062e+00) (11, 2.79990649223327636719e+00) (12, -1.67600595951080322266e+00) 
