FANN_FLO_2.1
num_layers=4
learning_rate=0.500000
connection_rate=1.000000
network_type=0
learning_momentum=0.000000
training_algorithm=2
train_error_function=1
train_stop_function=0
cascade_output_change_fraction=0.010000
quickprop_decay=-0.000100
quickprop_mu=1.750000
rprop_increase_factor=1.200000
rprop_decrease_factor=0.500000
rprop_delta_min=0.000000
rprop_delta_max=50.000000
rprop_delta_zero=0.100000
cascade_output_stagnation_epochs=12
cascade_candidate_change_fraction=0.010000
cascade_candidate_stagnation_epochs=12
cascade_max_out_epochs=150
cascade_min_out_epochs=50
cascade_max_cand_epochs=150
cascade_min_cand_epochs=50
cascade_num_candidate_groups=2
bit_fail_limit=3.49999994039535522461e-01
cascade_candidate_limit=1.00000000000000000000e+03
cascade_weight_multiplier=4.00000005960464477539e-01
cascade_activation_functions_count=10
cascade_activation_functions=3 5 7 8 10 11 14 15 16 17 
cascade_activation_steepnesses_count=4
cascade_activation_steepnesses=2.50000000000000000000e-01 5.00000000000000000000e-01 7.50000000000000000000e-01 1.00000000000000000000e+00 
layer_sizes=10 3 3 2 
scale_included=0
neurons (num_inputs, activation_function, activation_steepness)=(0, 0, 0.00000000000000000000e+00) (0, 0, 0.00000000000000000000e+00) (0, 0, 0.00000000000000000000e+00) (0, 0, 0.00000000000000000000e+00) (0, 0, 0.00000000000000000000e+00) (0, 0, 0.00000000000000000000e+00) (0, 0, 0.00000000000000000000e+00) (0, 0, 0.00000000000000000000e+00) (0, 0, 0.00000000000000000000e+00) (0, 0, 0.00000000000000000000e+00) (10, 3, 5.00000000000000000000e-01) (10, 3, 5.00000000000000000000e-01) (0, 3, 0.00000000000000000000e+00) (3, 3, 5.00000000000000000000e-01) (3, 3, 5.00000000000000000000e-01) (0, 3, 0.00000000000000000000e+00) (3, 3, 5.00000000000000000000e-01) (0, 3, 0.00000000000000000000e+00) 
connections (connected_to_neuron, weight)=(0, -6.55452575683593750000e+01) (1, -7.28940391540527343750e+00) (2, 8.05129547119140625000e+01) (3, -1.49851999282836914062e+01) (4, -1.14441699981689453125e+01) (5, -5.27653026580810546875e+00) (6, 2.70926914215087890625e+01) (7, -3.55716300010681152344e+00) (8, 9.82024955749511718750e+00) (9, 3.93549060821533203125e+00) (0, 1.95351181030273437500e+01) (1, 4.51439714431762695312e+00) (2, -1.85757315158843994141e+00) (3, 1.49778175354003906250e+00) (4, -2.57617492675781250000e+01) (5, -2.66925883293151855469e+00) (6, 1.40142593383789062500e+01) (7, 6.04228019714355468750e-01) (8, -1.75772118568420410156e+00) (9, -5.52604973316192626953e-01) (10, -4.92820453643798828125e+00) (11, -5.23848724365234375000e+00) (12, 8.10370635986328125000e+00) (10, -3.86927151679992675781e+00) (11, -4.07832002639770507812e+00) (12, 6.91560888290405273438e+00) (13, 1.31871986389160156250e+00) (14, 1.12317597866058349609e+00) (15, -1.47579717636108398438e+00) 
