FANN_FLO_2.1
num_layers=4
learning_rate=0.500000
connection_rate=1.000000
network_type=0
learning_momentum=0.000000
training_algorithm=2
train_error_function=1
train_stop_function=0
cascade_output_change_fraction=0.010000
quickprop_decay=-0.000100
quickprop_mu=1.750000
rprop_increase_factor=1.200000
rprop_decrease_factor=0.500000
rprop_delta_min=0.000000
rprop_delta_max=50.000000
rprop_delta_zero=0.100000
cascade_output_stagnation_epochs=12
cascade_candidate_change_fraction=0.010000
cascade_candidate_stagnation_epochs=12
cascade_max_out_epochs=150
cascade_min_out_epochs=50
cascade_max_cand_epochs=150
cascade_min_cand_epochs=50
cascade_num_candidate_groups=2
bit_fail_limit=3.49999994039535522461e-01
cascade_candidate_limit=1.00000000000000000000e+03
cascade_weight_multiplier=4.00000005960464477539e-01
cascade_activation_functions_count=10
cascade_activation_functions=3 5 7 8 10 11 14 15 16 17 
cascade_activation_steepnesses_count=4
cascade_activation_steepnesses=2.50000000000000000000e-01 5.00000000000000000000e-01 7.50000000000000000000e-01 1.00000000000000000000e+00 
layer_sizes=10 5 3 2 
scale_included=0
neurons (num_inputs, activation_function, activation_steepness)=(0, 0, 0.00000000000000000000e+00) (0, 0, 0.00000000000000000000e+00) (0, 0, 0.00000000000000000000e+00) (0, 0, 0.00000000000000000000e+00) (0, 0, 0.00000000000000000000e+00) (0, 0, 0.00000000000000000000e+00) (0, 0, 0.00000000000000000000e+00) (0, 0, 0.00000000000000000000e+00) (0, 0, 0.00000000000000000000e+00) (0, 0, 0.00000000000000000000e+00) (10, 3, 5.00000000000000000000e-01) (10, 3, 5.00000000000000000000e-01) (10, 3, 5.00000000000000000000e-01) (10, 3, 5.00000000000000000000e-01) (0, 3, 0.00000000000000000000e+00) (5, 3, 5.00000000000000000000e-01) (5, 3, 5.00000000000000000000e-01) (0, 3, 0.00000000000000000000e+00) (3, 3, 5.00000000000000000000e-01) (0, 3, 0.00000000000000000000e+00) 
connections (connected_to_neuron, weight)=(0, -1.81333649158477783203e+00) (1, 5.28774797916412353516e-01) (2, -1.50000000000000000000e+03) (3, -8.89945983886718750000e+00) (4, -1.42978024482727050781e+00) (5, -1.50000000000000000000e+03) (6, 6.84430658817291259766e-01) (7, -1.55402660369873046875e+00) (8, 8.29211242675781250000e+02) (9, 1.41152811050415039062e+00) (0, -1.50000000000000000000e+03) (1, -2.94509674072265625000e+02) (2, -1.50000000000000000000e+03) (3, -1.50000000000000000000e+03) (4, -1.50000000000000000000e+03) (5, -1.50000000000000000000e+03) (6, 7.73021972656250000000e+02) (7, -1.06858386230468750000e+03) (8, 2.45151977539062500000e+02) (9, -7.55758743286132812500e+01) (0, -1.46980075836181640625e+01) (1, 5.39209461212158203125e+00) (2, -3.81315660476684570312e+00) (3, -4.36626958847045898438e+00) (4, -3.54069262742996215820e-01) (5, 5.72183704376220703125e+00) (6, -8.22150230407714843750e-01) (7, -8.87681961059570312500e+00) (8, -2.12722826004028320312e+00) (9, 7.72787714004516601562e+00) (0, -2.05213308334350585938e+00) (1, -1.80595472455024719238e-01) (2, 3.16701080322265625000e+02) (3, -1.18282389640808105469e+00) (4, -8.60655009746551513672e-01) (5, -1.48513195800781250000e+03) (6, 9.32301864624023437500e+01) (7, -7.95248210430145263672e-01) (8, 7.92344604492187500000e+02) (9, 9.78145658969879150391e-01) (10, 8.09140472412109375000e+01) (11, 1.50000000000000000000e+03) (12, 5.89554138183593750000e+01) (13, 5.39348459243774414062e+00) (14, -3.23782563209533691406e+00) (10, 1.50000000000000000000e+03) (11, 1.50000000000000000000e+03) (12, 9.80163288116455078125e+00) (13, -1.00335931777954101562e+00) (14, -3.48085832595825195312e+00) (15, 4.12693053483963012695e-01) (16, 3.07670056819915771484e-01) (17, 1.50706306099891662598e-01) 
