FANN_FLO_2.1
num_layers=3
learning_rate=0.400000
connection_rate=1.000000
network_type=0
learning_momentum=0.000000
training_algorithm=2
train_error_function=1
train_stop_function=0
cascade_output_change_fraction=0.010000
quickprop_decay=-0.000100
quickprop_mu=1.750000
rprop_increase_factor=1.200000
rprop_decrease_factor=0.500000
rprop_delta_min=0.000000
rprop_delta_max=50.000000
rprop_delta_zero=0.100000
cascade_output_stagnation_epochs=12
cascade_candidate_change_fraction=0.010000
cascade_candidate_stagnation_epochs=12
cascade_max_out_epochs=150
cascade_min_out_epochs=50
cascade_max_cand_epochs=150
cascade_min_cand_epochs=50
cascade_num_candidate_groups=2
bit_fail_limit=3.49999994039535522461e-01
cascade_candidate_limit=1.00000000000000000000e+03
cascade_weight_multiplier=4.00000005960464477539e-01
cascade_activation_functions_count=10
cascade_activation_functions=3 5 7 8 10 11 14 15 16 17 
cascade_activation_steepnesses_count=4
cascade_activation_steepnesses=2.50000000000000000000e-01 5.00000000000000000000e-01 7.50000000000000000000e-01 1.00000000000000000000e+00 
layer_sizes=7 5 2 
scale_included=0
neurons (num_inputs, activation_function, activation_steepness)=(0, 0, 0.00000000000000000000e+00) (0, 0, 0.00000000000000000000e+00) (0, 0, 0.00000000000000000000e+00) (0, 0, 0.00000000000000000000e+00) (0, 0, 0.00000000000000000000e+00) (0, 0, 0.00000000000000000000e+00) (0, 0, 0.00000000000000000000e+00) (7, 3, 5.00000000000000000000e-01) (7, 3, 5.00000000000000000000e-01) (7, 3, 5.00000000000000000000e-01) (7, 3, 5.00000000000000000000e-01) (0, 3, 0.00000000000000000000e+00) (5, 3, 5.00000000000000000000e-01) (0, 3, 0.00000000000000000000e+00) 
connections (connected_to_neuron, weight)=(0, -1.47333049774169921875e+00) (1, -8.67472290992736816406e-02) (2, 2.72796720266342163086e-01) (3, 5.26302242279052734375e+00) (4, 3.98713254928588867188e+00) (5, -1.08276185989379882812e+01) (6, -3.34386944770812988281e-01) (0, -6.15911841392517089844e-01) (1, -1.56941890716552734375e+00) (2, -1.55053269863128662109e+00) (3, 1.18171608448028564453e+00) (4, 7.15435564517974853516e-01) (5, -1.91752958297729492188e+00) (6, 2.52369737625122070312e+00) (0, -2.59850788116455078125e+00) (1, -3.49125552177429199219e+00) (2, -3.57806277275085449219e+00) (3, 4.02634382247924804688e+00) (4, -2.09882664680480957031e+00) (5, 5.39587640762329101562e+00) (6, -1.83712970465421676636e-02) (0, -2.59546065330505371094e+00) (1, -3.37942910194396972656e+00) (2, -3.48976564407348632812e+00) (3, 2.43128871917724609375e+00) (4, -9.23215568065643310547e-01) (5, 2.79903101921081542969e+00) (6, -1.52811419963836669922e+00) (7, 4.66549158096313476562e+00) (8, -4.13924217224121093750e+00) (9, 2.97230696678161621094e+00) (10, 5.44673776626586914062e+00) (11, -8.07265520095825195312e-01) 
