FANN_FLO_2.1
num_layers=3
learning_rate=0.400000
connection_rate=1.000000
network_type=0
learning_momentum=0.000000
training_algorithm=2
train_error_function=1
train_stop_function=0
cascade_output_change_fraction=0.010000
quickprop_decay=-0.000100
quickprop_mu=1.750000
rprop_increase_factor=1.200000
rprop_decrease_factor=0.500000
rprop_delta_min=0.000000
rprop_delta_max=50.000000
rprop_delta_zero=0.100000
cascade_output_stagnation_epochs=12
cascade_candidate_change_fraction=0.010000
cascade_candidate_stagnation_epochs=12
cascade_max_out_epochs=150
cascade_min_out_epochs=50
cascade_max_cand_epochs=150
cascade_min_cand_epochs=50
cascade_num_candidate_groups=2
bit_fail_limit=3.49999994039535522461e-01
cascade_candidate_limit=1.00000000000000000000e+03
cascade_weight_multiplier=4.00000005960464477539e-01
cascade_activation_functions_count=10
cascade_activation_functions=3 5 7 8 10 11 14 15 16 17 
cascade_activation_steepnesses_count=4
cascade_activation_steepnesses=2.50000000000000000000e-01 5.00000000000000000000e-01 7.50000000000000000000e-01 1.00000000000000000000e+00 
layer_sizes=7 9 2 
scale_included=0
neurons (num_inputs, activation_function, activation_steepness)=(0, 0, 0.00000000000000000000e+00) (0, 0, 0.00000000000000000000e+00) (0, 0, 0.00000000000000000000e+00) (0, 0, 0.00000000000000000000e+00) (0, 0, 0.00000000000000000000e+00) (0, 0, 0.00000000000000000000e+00) (0, 0, 0.00000000000000000000e+00) (7, 3, 5.00000000000000000000e-01) (7, 3, 5.00000000000000000000e-01) (7, 3, 5.00000000000000000000e-01) (7, 3, 5.00000000000000000000e-01) (7, 3, 5.00000000000000000000e-01) (7, 3, 5.00000000000000000000e-01) (7, 3, 5.00000000000000000000e-01) (7, 3, 5.00000000000000000000e-01) (0, 3, 0.00000000000000000000e+00) (9, 3, 5.00000000000000000000e-01) (0, 3, 0.00000000000000000000e+00) 
connections (connected_to_neuron, weight)=(0, -6.97365760803222656250e+00) (1, -4.11776733398437500000e+00) (2, -5.01647996902465820312e+00) (3, 2.05127652734518051147e-02) (4, -3.27445435523986816406e+00) (5, 8.27664196491241455078e-01) (6, 8.75420475006103515625e+00) (0, -5.52885569632053375244e-02) (1, -2.13013124465942382812e+00) (2, -6.98734462261199951172e-01) (3, -3.88478326797485351562e+00) (4, -1.70313322544097900391e+00) (5, -2.33408522605895996094e+00) (6, 4.98362928628921508789e-01) (0, -3.19497013092041015625e+00) (1, 2.15732544660568237305e-01) (2, 2.01126098632812500000e+00) (3, -5.85993337631225585938e+00) (4, -1.26071429252624511719e+00) (5, 5.00852537155151367188e+00) (6, 4.19308692216873168945e-01) (0, 1.07429862022399902344e+00) (1, 1.72417819499969482422e+00) (2, -5.77099943161010742188e+00) (3, -2.27785253524780273438e+00) (4, -4.02765083312988281250e+00) (5, -4.33862447738647460938e-01) (6, 4.22360211610794067383e-01) (0, -1.90600223541259765625e+01) (1, 1.57805576324462890625e+01) (2, -5.32159805297851562500e+00) (3, -5.35564661026000976562e+00) (4, -2.12271022796630859375e+00) (5, -7.09123706817626953125e+00) (6, 3.93165516853332519531e+00) (0, -9.70121800899505615234e-01) (1, 8.74055087566375732422e-01) (2, -7.13812589645385742188e+00) (3, -8.77869606018066406250e+00) (4, 3.40406250953674316406e+00) (5, 6.24714612960815429688e-01) (6, -1.02828359603881835938e+00) (0, 2.12529449462890625000e+01) (1, -2.04121398925781250000e+01) (2, 4.45641851425170898438e+00) (3, 2.16510987281799316406e+00) (4, 1.58091819286346435547e+00) (5, -5.81437110900878906250e+00) (6, 5.41559028625488281250e+00) (0, -1.22241549193859100342e-01) (1, 4.32454973459243774414e-01) (2, 1.04630832672119140625e+01) (3, -3.52915239334106445312e+00) (4, -2.99416851997375488281e+00) (5, 2.52446150779724121094e+00) (6, 3.09317648410797119141e-01) (7, -9.40265476703643798828e-01) (8, 1.30908432006835937500e+01) (9, -1.41916954517364501953e+00) (10, -1.25687956809997558594e+00) (11, -4.21579933166503906250e+00) (12, -1.36415970325469970703e+00) (13, -3.34531998634338378906e+00) (14, -8.60532999038696289062e-01) (15, 2.13533735275268554688e+00) 
