FANN_FLO_2.1
num_layers=3
learning_rate=0.400000
connection_rate=1.000000
network_type=0
learning_momentum=0.000000
training_algorithm=2
train_error_function=1
train_stop_function=0
cascade_output_change_fraction=0.010000
quickprop_decay=-0.000100
quickprop_mu=1.750000
rprop_increase_factor=1.200000
rprop_decrease_factor=0.500000
rprop_delta_min=0.000000
rprop_delta_max=50.000000
rprop_delta_zero=0.100000
cascade_output_stagnation_epochs=12
cascade_candidate_change_fraction=0.010000
cascade_candidate_stagnation_epochs=12
cascade_max_out_epochs=150
cascade_min_out_epochs=50
cascade_max_cand_epochs=150
cascade_min_cand_epochs=50
cascade_num_candidate_groups=2
bit_fail_limit=3.49999994039535522461e-01
cascade_candidate_limit=1.00000000000000000000e+03
cascade_weight_multiplier=4.00000005960464477539e-01
cascade_activation_functions_count=10
cascade_activation_functions=3 5 7 8 10 11 14 15 16 17 
cascade_activation_steepnesses_count=4
cascade_activation_steepnesses=2.50000000000000000000e-01 5.00000000000000000000e-01 7.50000000000000000000e-01 1.00000000000000000000e+00 
layer_sizes=7 5 2 
scale_included=0
neurons (num_inputs, activation_function, activation_steepness)=(0, 0, 0.00000000000000000000e+00) (0, 0, 0.00000000000000000000e+00) (0, 0, 0.00000000000000000000e+00) (0, 0, 0.00000000000000000000e+00) (0, 0, 0.00000000000000000000e+00) (0, 0, 0.00000000000000000000e+00) (0, 0, 0.00000000000000000000e+00) (7, 3, 5.00000000000000000000e-01) (7, 3, 5.00000000000000000000e-01) (7, 3, 5.00000000000000000000e-01) (7, 3, 5.00000000000000000000e-01) (0, 3, 0.00000000000000000000e+00) (5, 3, 5.00000000000000000000e-01) (0, 3, 0.00000000000000000000e+00) 
connections (connected_to_neuron, weight)=(0, -4.51551294326782226562e+00) (1, 2.51331639289855957031e+00) (2, -8.44172382354736328125e+00) (3, 4.75190371274948120117e-01) (4, -4.11254197359085083008e-01) (5, -1.50000000000000000000e+03) (6, 4.30620479583740234375e+00) (0, 9.28934288024902343750e+00) (1, -9.66901016235351562500e+00) (2, 4.02492618560791015625e+00) (3, -9.36541974544525146484e-01) (4, -1.04125335812568664551e-01) (5, 3.41639161109924316406e+00) (6, -4.16871786117553710938e+00) (0, -1.43552236557006835938e+01) (1, 1.31031208038330078125e+01) (2, 2.24297642707824707031e+00) (3, -3.12038135528564453125e+00) (4, -1.88985180854797363281e+00) (5, 3.31534814834594726562e+00) (6, 1.91920578479766845703e+00) (0, -4.97473716735839843750e-01) (1, -4.58385753631591796875e+00) (2, 2.41162344813346862793e-01) (3, -7.70601987838745117188e+00) (4, -1.71142578125000000000e+00) (5, 2.89505630731582641602e-01) (6, 9.53392124176025390625e+00) (7, -3.64900684356689453125e+00) (8, -9.14752674102783203125e+00) (9, -3.08198904991149902344e+00) (10, -6.86891674995422363281e-01) (11, 2.44816160202026367188e+00) 
