FANN_FLO_2.1
num_layers=3
learning_rate=0.400000
connection_rate=1.000000
network_type=0
learning_momentum=0.000000
training_algorithm=2
train_error_function=1
train_stop_function=0
cascade_output_change_fraction=0.010000
quickprop_decay=-0.000100
quickprop_mu=1.750000
rprop_increase_factor=1.200000
rprop_decrease_factor=0.500000
rprop_delta_min=0.000000
rprop_delta_max=50.000000
rprop_delta_zero=0.100000
cascade_output_stagnation_epochs=12
cascade_candidate_change_fraction=0.010000
cascade_candidate_stagnation_epochs=12
cascade_max_out_epochs=150
cascade_min_out_epochs=50
cascade_max_cand_epochs=150
cascade_min_cand_epochs=50
cascade_num_candidate_groups=2
bit_fail_limit=3.49999994039535522461e-01
cascade_candidate_limit=1.00000000000000000000e+03
cascade_weight_multiplier=4.00000005960464477539e-01
cascade_activation_functions_count=10
cascade_activation_functions=3 5 7 8 10 11 14 15 16 17 
cascade_activation_steepnesses_count=4
cascade_activation_steepnesses=2.50000000000000000000e-01 5.00000000000000000000e-01 7.50000000000000000000e-01 1.00000000000000000000e+00 
layer_sizes=7 9 2 
scale_included=0
neurons (num_inputs, activation_function, activation_steepness)=(0, 0, 0.00000000000000000000e+00) (0, 0, 0.00000000000000000000e+00) (0, 0, 0.00000000000000000000e+00) (0, 0, 0.00000000000000000000e+00) (0, 0, 0.00000000000000000000e+00) (0, 0, 0.00000000000000000000e+00) (0, 0, 0.00000000000000000000e+00) (7, 3, 5.00000000000000000000e-01) (7, 3, 5.00000000000000000000e-01) (7, 3, 5.00000000000000000000e-01) (7, 3, 5.00000000000000000000e-01) (7, 3, 5.00000000000000000000e-01) (7, 3, 5.00000000000000000000e-01) (7, 3, 5.00000000000000000000e-01) (7, 3, 5.00000000000000000000e-01) (0, 3, 0.00000000000000000000e+00) (9, 3, 5.00000000000000000000e-01) (0, 3, 0.00000000000000000000e+00) 
connections (connected_to_neuron, weight)=(0, -4.56528759002685546875e+00) (1, 2.77754306793212890625e-01) (2, 2.05950736999511718750e+00) (3, -3.08798933029174804688e+00) (4, -1.08947193622589111328e+00) (5, 1.29368042945861816406e+00) (6, 3.78269642591476440430e-01) (0, -6.33414554595947265625e+00) (1, -3.24753832817077636719e+00) (2, -2.74092674255371093750e+00) (3, 1.39601337909698486328e+00) (4, 2.97568130493164062500e+00) (5, 1.94174897670745849609e+00) (6, -1.78124737739562988281e+00) (0, -1.27683043479919433594e+00) (1, -1.20797026157379150391e+00) (2, -2.31952548027038574219e+00) (3, 1.80688416957855224609e+00) (4, -3.13846141099929809570e-01) (5, 6.07382822036743164062e+00) (6, -3.04294419288635253906e+00) (0, 2.12305635213851928711e-01) (1, 2.60174840688705444336e-01) (2, -3.78396296501159667969e+00) (3, 2.65000295639038085938e+00) (4, -7.07180500030517578125e-01) (5, -8.77888023853302001953e-01) (6, 3.32162678241729736328e-01) (0, -1.20650720596313476562e+00) (1, -3.77923548221588134766e-02) (2, 7.23311126232147216797e-01) (3, -1.39422738552093505859e+00) (4, -1.07444274425506591797e+00) (5, 1.26455020904541015625e+00) (6, -1.10656189918518066406e+00) (0, -7.35378170013427734375e+00) (1, -1.24016284942626953125e+00) (2, -9.63303297758102416992e-02) (3, 1.45265209674835205078e+00) (4, 2.51914215087890625000e+00) (5, 1.01032495498657226562e+00) (6, -1.26433622837066650391e+00) (0, 1.60518658161163330078e+00) (1, -8.02551031112670898438e-01) (2, 3.16386334598064422607e-02) (3, 1.49189102649688720703e+00) (4, 1.48932373523712158203e+00) (5, 3.81363928318023681641e-01) (6, -5.58408141136169433594e-01) (0, 2.50620436668395996094e+00) (1, 2.07730293273925781250e+00) (2, -6.51503562927246093750e+00) (3, -9.46126937866210937500e+00) (4, -4.78854942321777343750e+00) (5, 2.10606861114501953125e+01) (6, 1.18049657344818115234e+00) (7, -2.76242041587829589844e+00) (8, 2.62235784530639648438e+00) (9, 3.67289304733276367188e+00) (10, -1.33086585998535156250e+00) (11, -4.08848643302917480469e-01) (12, 1.56432783603668212891e+00) (13, 1.05593287944793701172e+00) (14, -2.51201081275939941406e+00) (15, -2.17558011412620544434e-01) 
