FANN_FLO_2.1
num_layers=3
learning_rate=0.500000
connection_rate=1.000000
network_type=0
learning_momentum=0.000000
training_algorithm=2
train_error_function=1
train_stop_function=0
cascade_output_change_fraction=0.010000
quickprop_decay=-0.000100
quickprop_mu=1.750000
rprop_increase_factor=1.200000
rprop_decrease_factor=0.500000
rprop_delta_min=0.000000
rprop_delta_max=50.000000
rprop_delta_zero=0.100000
cascade_output_stagnation_epochs=12
cascade_candidate_change_fraction=0.010000
cascade_candidate_stagnation_epochs=12
cascade_max_out_epochs=150
cascade_min_out_epochs=50
cascade_max_cand_epochs=150
cascade_min_cand_epochs=50
cascade_num_candidate_groups=2
bit_fail_limit=3.49999994039535522461e-01
cascade_candidate_limit=1.00000000000000000000e+03
cascade_weight_multiplier=4.00000005960464477539e-01
cascade_activation_functions_count=10
cascade_activation_functions=3 5 7 8 10 11 14 15 16 17 
cascade_activation_steepnesses_count=4
cascade_activation_steepnesses=2.50000000000000000000e-01 5.00000000000000000000e-01 7.50000000000000000000e-01 1.00000000000000000000e+00 
layer_sizes=10 3 2 
scale_included=0
neurons (num_inputs, activation_function, activation_steepness)=(0, 0, 0.00000000000000000000e+00) (0, 0, 0.00000000000000000000e+00) (0, 0, 0.00000000000000000000e+00) (0, 0, 0.00000000000000000000e+00) (0, 0, 0.00000000000000000000e+00) (0, 0, 0.00000000000000000000e+00) (0, 0, 0.00000000000000000000e+00) (0, 0, 0.00000000000000000000e+00) (0, 0, 0.00000000000000000000e+00) (0, 0, 0.00000000000000000000e+00) (10, 3, 5.00000000000000000000e-01) (10, 3, 5.00000000000000000000e-01) (0, 3, 0.00000000000000000000e+00) (3, 3, 5.00000000000000000000e-01) (0, 3, 0.00000000000000000000e+00) 
connections (connected_to_neuron, weight)=(0, -1.84626638889312744141e+00) (1, -3.24924039840698242188e+00) (2, -1.25885810852050781250e+01) (3, -2.71090722084045410156e+00) (4, 3.73191833496093750000e+00) (5, -2.93253827095031738281e+00) (6, 3.10430073738098144531e+00) (7, -7.57986679673194885254e-02) (8, 7.86585378646850585938e+00) (9, 4.19322609901428222656e-01) (0, -1.83023917675018310547e+00) (1, 1.17571363449096679688e+01) (2, 2.06205153465270996094e+00) (3, -2.66299057006835937500e+00) (4, -6.70361089706420898438e+00) (5, 1.04390189051628112793e-01) (6, 2.49749088287353515625e+00) (7, -6.03621244430541992188e+00) (8, -2.85408228635787963867e-01) (9, 1.07342004776000976562e+00) (10, 2.90588283538818359375e+00) (11, 2.95389771461486816406e+00) (12, -2.01724100112915039062e+00) 
