FANN_FLO_2.1
num_layers=4
learning_rate=0.400000
connection_rate=1.000000
network_type=0
learning_momentum=0.000000
training_algorithm=2
train_error_function=1
train_stop_function=0
cascade_output_change_fraction=0.010000
quickprop_decay=-0.000100
quickprop_mu=1.750000
rprop_increase_factor=1.200000
rprop_decrease_factor=0.500000
rprop_delta_min=0.000000
rprop_delta_max=50.000000
rprop_delta_zero=0.100000
cascade_output_stagnation_epochs=12
cascade_candidate_change_fraction=0.010000
cascade_candidate_stagnation_epochs=12
cascade_max_out_epochs=150
cascade_min_out_epochs=50
cascade_max_cand_epochs=150
cascade_min_cand_epochs=50
cascade_num_candidate_groups=2
bit_fail_limit=3.49999994039535522461e-01
cascade_candidate_limit=1.00000000000000000000e+03
cascade_weight_multiplier=4.00000005960464477539e-01
cascade_activation_functions_count=10
cascade_activation_functions=3 5 7 8 10 11 14 15 16 17 
cascade_activation_steepnesses_count=4
cascade_activation_steepnesses=2.50000000000000000000e-01 5.00000000000000000000e-01 7.50000000000000000000e-01 1.00000000000000000000e+00 
layer_sizes=7 5 3 2 
scale_included=0
neurons (num_inputs, activation_function, activation_steepness)=(0, 0, 0.00000000000000000000e+00) (0, 0, 0.00000000000000000000e+00) (0, 0, 0.00000000000000000000e+00) (0, 0, 0.00000000000000000000e+00) (0, 0, 0.00000000000000000000e+00) (0, 0, 0.00000000000000000000e+00) (0, 0, 0.00000000000000000000e+00) (7, 3, 5.00000000000000000000e-01) (7, 3, 5.00000000000000000000e-01) (7, 3, 5.00000000000000000000e-01) (7, 3, 5.00000000000000000000e-01) (0, 3, 0.00000000000000000000e+00) (5, 3, 5.00000000000000000000e-01) (5, 3, 5.00000000000000000000e-01) (0, 3, 0.00000000000000000000e+00) (3, 3, 5.00000000000000000000e-01) (0, 3, 0.00000000000000000000e+00) 
connections (connected_to_neuron, weight)=(0, 1.17979454994201660156e+00) (1, 7.58247280120849609375e+00) (2, -1.87574748992919921875e+01) (3, -1.05643081665039062500e+01) (4, -1.06586204528808593750e+02) (5, 1.11133956909179687500e+01) (6, -6.10336828231811523438e+00) (0, 6.98329806327819824219e-01) (1, -4.69930458068847656250e+00) (2, -6.48947429656982421875e+00) (3, -7.41279172897338867188e+00) (4, -2.37668919563293457031e+00) (5, 3.57844090461730957031e+00) (6, 2.76411318778991699219e+00) (0, -5.97222566604614257812e+00) (1, 4.35045719146728515625e+00) (2, -2.10339426994323730469e+00) (3, -2.32183814048767089844e+00) (4, -9.98929977416992187500e-01) (5, -1.44800000000000000000e+03) (6, 3.90687018632888793945e-01) (0, 4.87537193298339843750e+00) (1, -7.49533271789550781250e+00) (2, -1.75143182277679443359e+00) (3, -5.21147966384887695312e+00) (4, -1.48209965229034423828e+00) (5, 5.27302932739257812500e+00) (6, -1.54080522060394287109e+00) (7, -1.26844406127929687500e+01) (8, -2.47076964378356933594e+00) (9, 1.31579914093017578125e+01) (10, 1.77707633972167968750e+01) (11, -7.18607723712921142578e-01) (7, 3.69654226303100585938e+00) (8, -1.23604927062988281250e+01) (9, 2.50141201019287109375e+01) (10, 2.05960674285888671875e+01) (11, -2.75825619697570800781e+00) (12, -1.86617958545684814453e+00) (13, -2.66590046882629394531e+00) (14, -3.32901179790496826172e-01) 
