FANN_FLO_2.1
num_layers=3
learning_rate=0.400000
connection_rate=1.000000
network_type=0
learning_momentum=0.000000
training_algorithm=2
train_error_function=1
train_stop_function=0
cascade_output_change_fraction=0.010000
quickprop_decay=-0.000100
quickprop_mu=1.750000
rprop_increase_factor=1.200000
rprop_decrease_factor=0.500000
rprop_delta_min=0.000000
rprop_delta_max=50.000000
rprop_delta_zero=0.100000
cascade_output_stagnation_epochs=12
cascade_candidate_change_fraction=0.010000
cascade_candidate_stagnation_epochs=12
cascade_max_out_epochs=150
cascade_min_out_epochs=50
cascade_max_cand_epochs=150
cascade_min_cand_epochs=50
cascade_num_candidate_groups=2
bit_fail_limit=3.49999994039535522461e-01
cascade_candidate_limit=1.00000000000000000000e+03
cascade_weight_multiplier=4.00000005960464477539e-01
cascade_activation_functions_count=10
cascade_activation_functions=3 5 7 8 10 11 14 15 16 17 
cascade_activation_steepnesses_count=4
cascade_activation_steepnesses=2.50000000000000000000e-01 5.00000000000000000000e-01 7.50000000000000000000e-01 1.00000000000000000000e+00 
layer_sizes=7 9 2 
scale_included=0
neurons (num_inputs, activation_function, activation_steepness)=(0, 0, 0.00000000000000000000e+00) (0, 0, 0.00000000000000000000e+00) (0, 0, 0.00000000000000000000e+00) (0, 0, 0.00000000000000000000e+00) (0, 0, 0.00000000000000000000e+00) (0, 0, 0.00000000000000000000e+00) (0, 0, 0.00000000000000000000e+00) (7, 3, 5.00000000000000000000e-01) (7, 3, 5.00000000000000000000e-01) (7, 3, 5.00000000000000000000e-01) (7, 3, 5.00000000000000000000e-01) (7, 3, 5.00000000000000000000e-01) (7, 3, 5.00000000000000000000e-01) (7, 3, 5.00000000000000000000e-01) (7, 3, 5.00000000000000000000e-01) (0, 3, 0.00000000000000000000e+00) (9, 3, 5.00000000000000000000e-01) (0, 3, 0.00000000000000000000e+00) 
connections (connected_to_neuron, weight)=(0, -1.40623140335083007812e+01) (1, 1.18233499526977539062e+01) (2, -2.30575942993164062500e+00) (3, -2.68939876556396484375e+00) (4, -1.64724862575531005859e+00) (5, 4.28518962860107421875e+00) (6, 2.67742085456848144531e+00) (0, -3.74593043327331542969e+00) (1, -4.69563931226730346680e-01) (2, -3.97268295288085937500e+00) (3, -5.90677213668823242188e+00) (4, -2.03214073181152343750e+00) (5, -5.32069146633148193359e-01) (6, 2.92025160789489746094e+00) (0, -2.51582920551300048828e-01) (1, 1.49872040748596191406e+00) (2, 8.22369766235351562500e+00) (3, -1.16871106624603271484e+00) (4, -6.33471584320068359375e+00) (5, 1.88142502307891845703e+00) (6, -3.92238736152648925781e-01) (0, -2.44926261901855468750e+00) (1, -6.75973773002624511719e-01) (2, -2.68419818878173828125e+01) (3, -2.05754590034484863281e+00) (4, 2.46152424812316894531e+00) (5, 2.88981747627258300781e+00) (6, 1.92815101146697998047e+00) (0, 1.07211332321166992188e+01) (1, -1.18205471038818359375e+01) (2, 5.96011018753051757812e+00) (3, -2.32912540435791015625e+00) (4, -4.46349799633026123047e-01) (5, -4.08884620666503906250e+00) (6, 4.93060541152954101562e+00) (0, 3.39110900878906250000e+02) (1, 8.14017089843750000000e+02) (2, 1.50000000000000000000e+03) (3, 4.79470855712890625000e+02) (4, 1.50000000000000000000e+03) (5, -3.27541971206665039062e+00) (6, 8.90820598602294921875e+00) (0, -8.94658470153808593750e+00) (1, -1.70408830046653747559e-01) (2, -1.47317447662353515625e+01) (3, -1.14789514541625976562e+01) (4, 5.58471012115478515625e+00) (5, 5.45036983489990234375e+00) (6, 2.44254350662231445312e+00) (0, 9.75575447082519531250e+00) (1, -9.80038738250732421875e+00) (2, 1.54070482254028320312e+01) (3, 1.47702887654304504395e-01) (4, -4.03874248266220092773e-01) (5, -5.54882144927978515625e+00) (6, 5.06853723526000976562e+00) (7, -3.85550713539123535156e+00) (8, 2.62824296951293945312e+00) (9, -7.31443881988525390625e-01) (10, -4.46651428937911987305e-01) (11, -4.08670806884765625000e+00) (12, 2.63298749923706054688e+00) (13, -4.60627377033233642578e-01) (14, -4.47077155113220214844e-01) (15, 5.65587222576141357422e-01) 
