FANN_FLO_2.1
num_layers=3
learning_rate=0.400000
connection_rate=1.000000
network_type=0
learning_momentum=0.000000
training_algorithm=2
train_error_function=1
train_stop_function=0
cascade_output_change_fraction=0.010000
quickprop_decay=-0.000100
quickprop_mu=1.750000
rprop_increase_factor=1.200000
rprop_decrease_factor=0.500000
rprop_delta_min=0.000000
rprop_delta_max=50.000000
rprop_delta_zero=0.100000
cascade_output_stagnation_epochs=12
cascade_candidate_change_fraction=0.010000
cascade_candidate_stagnation_epochs=12
cascade_max_out_epochs=150
cascade_min_out_epochs=50
cascade_max_cand_epochs=150
cascade_min_cand_epochs=50
cascade_num_candidate_groups=2
bit_fail_limit=3.49999994039535522461e-01
cascade_candidate_limit=1.00000000000000000000e+03
cascade_weight_multiplier=4.00000005960464477539e-01
cascade_activation_functions_count=10
cascade_activation_functions=3 5 7 8 10 11 14 15 16 17 
cascade_activation_steepnesses_count=4
cascade_activation_steepnesses=2.50000000000000000000e-01 5.00000000000000000000e-01 7.50000000000000000000e-01 1.00000000000000000000e+00 
layer_sizes=7 9 2 
scale_included=0
neurons (num_inputs, activation_function, activation_steepness)=(0, 0, 0.00000000000000000000e+00) (0, 0, 0.00000000000000000000e+00) (0, 0, 0.00000000000000000000e+00) (0, 0, 0.00000000000000000000e+00) (0, 0, 0.00000000000000000000e+00) (0, 0, 0.00000000000000000000e+00) (0, 0, 0.00000000000000000000e+00) (7, 3, 5.00000000000000000000e-01) (7, 3, 5.00000000000000000000e-01) (7, 3, 5.00000000000000000000e-01) (7, 3, 5.00000000000000000000e-01) (7, 3, 5.00000000000000000000e-01) (7, 3, 5.00000000000000000000e-01) (7, 3, 5.00000000000000000000e-01) (7, 3, 5.00000000000000000000e-01) (0, 3, 0.00000000000000000000e+00) (9, 3, 5.00000000000000000000e-01) (0, 3, 0.00000000000000000000e+00) 
connections (connected_to_neuron, weight)=(0, -2.37568998336791992188e+00) (1, -2.24633836746215820312e+00) (2, -5.24062824249267578125e+00) (3, -2.33484029769897460938e-01) (4, 2.78623700141906738281e+00) (5, 1.79776579141616821289e-01) (6, 4.83067333698272705078e-01) (0, 9.20968726277351379395e-02) (1, 3.20963002741336822510e-02) (2, 2.82985281944274902344e+00) (3, -8.69858741760253906250e-01) (4, 6.82824087142944335938e+00) (5, -5.54638004302978515625e+00) (6, -4.69020032882690429688e+00) (0, -2.03808712959289550781e+00) (1, -3.39898157119750976562e+00) (2, -2.18655014038085937500e+00) (3, 4.71115064620971679688e+00) (4, 9.98035550117492675781e-01) (5, 1.33652484416961669922e+00) (6, -3.85993432998657226562e+00) (0, -6.43800795078277587891e-01) (1, -4.10042315721511840820e-01) (2, 4.29047393798828125000e+00) (3, -2.18893837928771972656e+00) (4, 6.12334585189819335938e+00) (5, -5.41281509399414062500e+00) (6, -4.73125934600830078125e+00) (0, -1.92036838531494140625e+01) (1, 4.73989582061767578125e+00) (2, 1.38944253921508789062e+01) (3, 3.36285924911499023438e+00) (4, 1.65653359889984130859e+00) (5, -1.02187385559082031250e+01) (6, 6.69929695129394531250e+00) (0, -1.61048471927642822266e+00) (1, -2.12647843360900878906e+00) (2, -6.41438293457031250000e+00) (3, 6.15677833557128906250e+00) (4, -1.04031455516815185547e+00) (5, 4.04121923446655273438e+00) (6, -1.21037788689136505127e-01) (0, 3.46444177627563476562e+00) (1, 3.45833420753479003906e+00) (2, -2.22238159179687500000e+00) (3, -3.11399126052856445312e+00) (4, 3.31854367256164550781e+00) (5, -1.09354295730590820312e+01) (6, 5.28747224807739257812e+00) (0, -5.30902028083801269531e-01) (1, -5.20588383078575134277e-02) (2, 4.89532887935638427734e-01) (3, 1.73938691616058349609e+00) (4, 1.03143978118896484375e+01) (5, -4.87063407897949218750e+00) (6, -4.88490867614746093750e+00) (7, 1.93302381038665771484e+00) (8, 1.51326608657836914062e+00) (9, 3.03882002830505371094e+00) (10, 2.32867813110351562500e+00) (11, -6.88260197639465332031e-01) (12, 6.92130267620086669922e-01) (13, -1.79020953178405761719e+00) (14, 4.01283979415893554688e-01) (15, -2.93907493352890014648e-01) 
