FANN_FLO_2.1
num_layers=4
learning_rate=0.400000
connection_rate=1.000000
network_type=0
learning_momentum=0.000000
training_algorithm=2
train_error_function=1
train_stop_function=0
cascade_output_change_fraction=0.010000
quickprop_decay=-0.000100
quickprop_mu=1.750000
rprop_increase_factor=1.200000
rprop_decrease_factor=0.500000
rprop_delta_min=0.000000
rprop_delta_max=50.000000
rprop_delta_zero=0.100000
cascade_output_stagnation_epochs=12
cascade_candidate_change_fraction=0.010000
cascade_candidate_stagnation_epochs=12
cascade_max_out_epochs=150
cascade_min_out_epochs=50
cascade_max_cand_epochs=150
cascade_min_cand_epochs=50
cascade_num_candidate_groups=2
bit_fail_limit=3.49999994039535522461e-01
cascade_candidate_limit=1.00000000000000000000e+03
cascade_weight_multiplier=4.00000005960464477539e-01
cascade_activation_functions_count=10
cascade_activation_functions=3 5 7 8 10 11 14 15 16 17 
cascade_activation_steepnesses_count=4
cascade_activation_steepnesses=2.50000000000000000000e-01 5.00000000000000000000e-01 7.50000000000000000000e-01 1.00000000000000000000e+00 
layer_sizes=7 5 3 2 
scale_included=0
neurons (num_inputs, activation_function, activation_steepness)=(0, 0, 0.00000000000000000000e+00) (0, 0, 0.00000000000000000000e+00) (0, 0, 0.00000000000000000000e+00) (0, 0, 0.00000000000000000000e+00) (0, 0, 0.00000000000000000000e+00) (0, 0, 0.00000000000000000000e+00) (0, 0, 0.00000000000000000000e+00) (7, 3, 5.00000000000000000000e-01) (7, 3, 5.00000000000000000000e-01) (7, 3, 5.00000000000000000000e-01) (7, 3, 5.00000000000000000000e-01) (0, 3, 0.00000000000000000000e+00) (5, 3, 5.00000000000000000000e-01) (5, 3, 5.00000000000000000000e-01) (0, 3, 0.00000000000000000000e+00) (3, 3, 5.00000000000000000000e-01) (0, 3, 0.00000000000000000000e+00) 
connections (connected_to_neuron, weight)=(0, 4.49265686035156250000e+02) (1, -1.13091772460937500000e+03) (2, -1.42949377441406250000e+03) (3, 1.50000000000000000000e+03) (4, 1.49987036132812500000e+03) (5, 1.37811141967773437500e+02) (6, -1.40372085571289062500e+02) (0, -1.50000000000000000000e+03) (1, -1.50000000000000000000e+03) (2, 1.80461673736572265625e+01) (3, -1.50000000000000000000e+03) (4, -1.50000000000000000000e+03) (5, 1.50000000000000000000e+03) (6, 1.43303337097167968750e+01) (0, -1.50000000000000000000e+03) (1, -1.50000000000000000000e+03) (2, 1.08940075683593750000e+03) (3, -1.50000000000000000000e+03) (4, -1.50000000000000000000e+03) (5, 1.50000000000000000000e+03) (6, 5.03726387023925781250e+00) (0, -1.50000000000000000000e+03) (1, -1.50000000000000000000e+03) (2, 2.43088867187500000000e+02) (3, -1.50000000000000000000e+03) (4, -1.50000000000000000000e+03) (5, 1.50000000000000000000e+03) (6, 4.57041501998901367188e+00) (7, 1.44327062988281250000e+03) (8, -1.50000000000000000000e+03) (9, -1.21580004882812500000e+03) (10, -1.50000000000000000000e+03) (11, -3.23188400268554687500e+00) (7, 7.71202027797698974609e-01) (8, 1.50000000000000000000e+03) (9, 1.24080004882812500000e+03) (10, 1.50000000000000000000e+03) (11, -6.96237623691558837891e-01) (12, 1.11289083957672119141e+00) (13, -1.65869331359863281250e+00) (14, -2.82607364654541015625e+00) 
