FANN_FLO_2.1
num_layers=3
learning_rate=0.400000
connection_rate=1.000000
network_type=0
learning_momentum=0.000000
training_algorithm=2
train_error_function=1
train_stop_function=0
cascade_output_change_fraction=0.010000
quickprop_decay=-0.000100
quickprop_mu=1.750000
rprop_increase_factor=1.200000
rprop_decrease_factor=0.500000
rprop_delta_min=0.000000
rprop_delta_max=50.000000
rprop_delta_zero=0.100000
cascade_output_stagnation_epochs=12
cascade_candidate_change_fraction=0.010000
cascade_candidate_stagnation_epochs=12
cascade_max_out_epochs=150
cascade_min_out_epochs=50
cascade_max_cand_epochs=150
cascade_min_cand_epochs=50
cascade_num_candidate_groups=2
bit_fail_limit=3.49999994039535522461e-01
cascade_candidate_limit=1.00000000000000000000e+03
cascade_weight_multiplier=4.00000005960464477539e-01
cascade_activation_functions_count=10
cascade_activation_functions=3 5 7 8 10 11 14 15 16 17 
cascade_activation_steepnesses_count=4
cascade_activation_steepnesses=2.50000000000000000000e-01 5.00000000000000000000e-01 7.50000000000000000000e-01 1.00000000000000000000e+00 
layer_sizes=19 3 3 
scale_included=0
neurons (num_inputs, activation_function, activation_steepness)=(0, 0, 0.00000000000000000000e+00) (0, 0, 0.00000000000000000000e+00) (0, 0, 0.00000000000000000000e+00) (0, 0, 0.00000000000000000000e+00) (0, 0, 0.00000000000000000000e+00) (0, 0, 0.00000000000000000000e+00) (0, 0, 0.00000000000000000000e+00) (0, 0, 0.00000000000000000000e+00) (0, 0, 0.00000000000000000000e+00) (0, 0, 0.00000000000000000000e+00) (0, 0, 0.00000000000000000000e+00) (0, 0, 0.00000000000000000000e+00) (0, 0, 0.00000000000000000000e+00) (0, 0, 0.00000000000000000000e+00) (0, 0, 0.00000000000000000000e+00) (0, 0, 0.00000000000000000000e+00) (0, 0, 0.00000000000000000000e+00) (0, 0, 0.00000000000000000000e+00) (0, 0, 0.00000000000000000000e+00) (19, 3, 5.00000000000000000000e-01) (19, 3, 5.00000000000000000000e-01) (0, 3, 0.00000000000000000000e+00) (3, 3, 5.00000000000000000000e-01) (3, 3, 5.00000000000000000000e-01) (0, 3, 0.00000000000000000000e+00) 
connections (connected_to_neuron, weight)=(0, -9.61386322975158691406e-01) (1, 3.16652965545654296875e+00) (2, 3.55109190940856933594e+00) (3, 1.06532585620880126953e+00) (4, 7.18916559219360351562e+00) (5, 7.64716625213623046875e-01) (6, 1.02170121669769287109e+00) (7, 5.30513763427734375000e+00) (8, 4.68613004684448242188e+00) (9, 4.58040475845336914062e+00) (10, -5.30098724365234375000e+00) (11, -2.25605273246765136719e+00) (12, 5.80585002899169921875e+00) (13, -9.54730606079101562500e+00) (14, -1.96166491508483886719e+00) (15, 1.83293476700782775879e-01) (16, -7.62455272674560546875e+00) (17, -2.58883571624755859375e+00) (18, -2.13697719573974609375e+00) (0, 6.59199953079223632812e-01) (1, -4.12508249282836914062e+00) (2, -2.67656517028808593750e+00) (3, 1.42250120639801025391e-01) (4, -4.79750204086303710938e+00) (5, -1.93045365810394287109e+00) (6, -7.87709236145019531250e-01) (7, -4.69033908843994140625e+00) (8, -1.90147233009338378906e+00) (9, -3.48363208770751953125e+00) (10, 3.85607886314392089844e+00) (11, 1.58759760856628417969e+00) (12, -3.61472702026367187500e+00) (13, 7.57584476470947265625e+00) (14, 1.93645071983337402344e+00) (15, -8.36842358112335205078e-02) (16, 5.58757114410400390625e+00) (17, 2.35269880294799804688e+00) (18, -2.30163037776947021484e-01) (19, -2.23654770851135253906e+00) (20, -2.72311973571777343750e+00) (21, 1.64031469821929931641e+00) (19, 2.23227429389953613281e+00) (20, 2.71562385559082031250e+00) (21, -1.63407659530639648438e+00) 
