FANN_FLO_2.1
num_layers=3
learning_rate=0.400000
connection_rate=1.000000
network_type=0
learning_momentum=0.000000
training_algorithm=2
train_error_function=1
train_stop_function=0
cascade_output_change_fraction=0.010000
quickprop_decay=-0.000100
quickprop_mu=1.750000
rprop_increase_factor=1.200000
rprop_decrease_factor=0.500000
rprop_delta_min=0.000000
rprop_delta_max=50.000000
rprop_delta_zero=0.100000
cascade_output_stagnation_epochs=12
cascade_candidate_change_fraction=0.010000
cascade_candidate_stagnation_epochs=12
cascade_max_out_epochs=150
cascade_min_out_epochs=50
cascade_max_cand_epochs=150
cascade_min_cand_epochs=50
cascade_num_candidate_groups=2
bit_fail_limit=3.49999994039535522461e-01
cascade_candidate_limit=1.00000000000000000000e+03
cascade_weight_multiplier=4.00000005960464477539e-01
cascade_activation_functions_count=10
cascade_activation_functions=3 5 7 8 10 11 14 15 16 17 
cascade_activation_steepnesses_count=4
cascade_activation_steepnesses=2.50000000000000000000e-01 5.00000000000000000000e-01 7.50000000000000000000e-01 1.00000000000000000000e+00 
layer_sizes=7 5 2 
scale_included=0
neurons (num_inputs, activation_function, activation_steepness)=(0, 0, 0.00000000000000000000e+00) (0, 0, 0.00000000000000000000e+00) (0, 0, 0.00000000000000000000e+00) (0, 0, 0.00000000000000000000e+00) (0, 0, 0.00000000000000000000e+00) (0, 0, 0.00000000000000000000e+00) (0, 0, 0.00000000000000000000e+00) (7, 3, 5.00000000000000000000e-01) (7, 3, 5.00000000000000000000e-01) (7, 3, 5.00000000000000000000e-01) (7, 3, 5.00000000000000000000e-01) (0, 3, 0.00000000000000000000e+00) (5, 3, 5.00000000000000000000e-01) (0, 3, 0.00000000000000000000e+00) 
connections (connected_to_neuron, weight)=(0, -7.32087326049804687500e+00) (1, 2.40015053749084472656e+00) (2, 1.40105886459350585938e+01) (3, -4.59777688980102539062e+00) (4, -2.92155814170837402344e+00) (5, 9.62725520133972167969e-01) (6, 6.83895921707153320312e+00) (0, 8.63379001617431640625e+00) (1, -9.33228969573974609375e+00) (2, 2.48940825462341308594e+00) (3, -1.83402740955352783203e+00) (4, -1.14413082599639892578e-01) (5, 5.96542024612426757812e+00) (6, -6.06370973587036132812e+00) (0, -4.34938669204711914062e+00) (1, -4.11382913589477539062e+00) (2, 2.01207332611083984375e+01) (3, -4.52704143524169921875e+00) (4, -1.28211510181427001953e+00) (5, -1.00819196701049804688e+01) (6, 9.44918823242187500000e+00) (0, -9.59985923767089843750e+00) (1, 8.97491359710693359375e+00) (2, -4.09682512283325195312e+00) (3, -1.17910134792327880859e+00) (4, -8.32332909107208251953e-01) (5, -5.27373218536376953125e+00) (6, 1.76933124661445617676e-01) (7, -5.59588253498077392578e-01) (8, -8.11297607421875000000e+00) (9, -4.50628131628036499023e-01) (10, -5.80469179153442382812e+00) (11, -5.83956837654113769531e-01) 
