FANN_FLO_2.1
num_layers=4
learning_rate=0.400000
connection_rate=1.000000
network_type=0
learning_momentum=0.000000
training_algorithm=2
train_error_function=1
train_stop_function=0
cascade_output_change_fraction=0.010000
quickprop_decay=-0.000100
quickprop_mu=1.750000
rprop_increase_factor=1.200000
rprop_decrease_factor=0.500000
rprop_delta_min=0.000000
rprop_delta_max=50.000000
rprop_delta_zero=0.100000
cascade_output_stagnation_epochs=12
cascade_candidate_change_fraction=0.010000
cascade_candidate_stagnation_epochs=12
cascade_max_out_epochs=150
cascade_min_out_epochs=50
cascade_max_cand_epochs=150
cascade_min_cand_epochs=50
cascade_num_candidate_groups=2
bit_fail_limit=3.49999994039535522461e-01
cascade_candidate_limit=1.00000000000000000000e+03
cascade_weight_multiplier=4.00000005960464477539e-01
cascade_activation_functions_count=10
cascade_activation_functions=3 5 7 8 10 11 14 15 16 17 
cascade_activation_steepnesses_count=4
cascade_activation_steepnesses=2.50000000000000000000e-01 5.00000000000000000000e-01 7.50000000000000000000e-01 1.00000000000000000000e+00 
layer_sizes=7 5 5 2 
scale_included=0
neurons (num_inputs, activation_function, activation_steepness)=(0, 0, 0.00000000000000000000e+00) (0, 0, 0.00000000000000000000e+00) (0, 0, 0.00000000000000000000e+00) (0, 0, 0.00000000000000000000e+00) (0, 0, 0.00000000000000000000e+00) (0, 0, 0.00000000000000000000e+00) (0, 0, 0.00000000000000000000e+00) (7, 3, 5.00000000000000000000e-01) (7, 3, 5.00000000000000000000e-01) (7, 3, 5.00000000000000000000e-01) (7, 3, 5.00000000000000000000e-01) (0, 3, 0.00000000000000000000e+00) (5, 3, 5.00000000000000000000e-01) (5, 3, 5.00000000000000000000e-01) (5, 3, 5.00000000000000000000e-01) (5, 3, 5.00000000000000000000e-01) (0, 3, 0.00000000000000000000e+00) (5, 3, 5.00000000000000000000e-01) (0, 3, 0.00000000000000000000e+00) 
connections (connected_to_neuron, weight)=(0, -1.22413146972656250000e+03) (1, -1.16667236328125000000e+03) (2, 7.23975830078125000000e+01) (3, -9.05393615722656250000e+02) (4, 1.37339697265625000000e+03) (5, -1.50000000000000000000e+03) (6, -1.05562400817871093750e+01) (0, -1.81687221527099609375e+01) (1, 1.47051391601562500000e+01) (2, -3.81841897964477539062e+00) (3, -1.37656700611114501953e+00) (4, -6.10485649108886718750e+00) (5, 2.76999068260192871094e+00) (6, 4.41198682785034179688e+00) (0, 4.52635437011718750000e+02) (1, -1.64132781982421875000e+02) (2, 1.49829199218750000000e+03) (3, -1.70435241699218750000e+02) (4, 6.07412841796875000000e+02) (5, -1.50000000000000000000e+03) (6, -3.16777801513671875000e+00) (0, -5.53866100311279296875e+00) (1, 6.52899682521820068359e-01) (2, -3.06241154670715332031e-01) (3, -1.18710613250732421875e+01) (4, -2.68496370315551757812e+00) (5, 4.72817301750183105469e-01) (6, 8.17713928222656250000e+00) (7, 1.30502392578125000000e+03) (8, 1.50000000000000000000e+03) (9, 1.50000000000000000000e+03) (10, 1.50000000000000000000e+03) (11, -3.79328107833862304688e+00) (7, 1.30502392578125000000e+03) (8, 1.50000000000000000000e+03) (9, 1.50000000000000000000e+03) (10, 1.50000000000000000000e+03) (11, -7.46279776096343994141e-01) (7, 1.30502392578125000000e+03) (8, 1.50000000000000000000e+03) (9, 6.75084838867187500000e+01) (10, 1.50000000000000000000e+03) (11, -6.08466453552246093750e+01) (7, 2.49114761352539062500e+02) (8, 1.50000000000000000000e+03) (9, -3.60785186767578125000e+02) (10, 1.50000000000000000000e+03) (11, -4.65433740615844726562e+00) (12, -1.31031766533851623535e-01) (13, -2.72259414196014404297e-01) (14, -8.70721518993377685547e-01) (15, -1.32655906677246093750e+00) (16, -3.42462956905364990234e-01) 
