FANN_FLO_2.1
num_layers=4
learning_rate=0.400000
connection_rate=1.000000
network_type=0
learning_momentum=0.000000
training_algorithm=2
train_error_function=1
train_stop_function=0
cascade_output_change_fraction=0.010000
quickprop_decay=-0.000100
quickprop_mu=1.750000
rprop_increase_factor=1.200000
rprop_decrease_factor=0.500000
rprop_delta_min=0.000000
rprop_delta_max=50.000000
rprop_delta_zero=0.100000
cascade_output_stagnation_epochs=12
cascade_candidate_change_fraction=0.010000
cascade_candidate_stagnation_epochs=12
cascade_max_out_epochs=150
cascade_min_out_epochs=50
cascade_max_cand_epochs=150
cascade_min_cand_epochs=50
cascade_num_candidate_groups=2
bit_fail_limit=3.49999994039535522461e-01
cascade_candidate_limit=1.00000000000000000000e+03
cascade_weight_multiplier=4.00000005960464477539e-01
cascade_activation_functions_count=10
cascade_activation_functions=3 5 7 8 10 11 14 15 16 17 
cascade_activation_steepnesses_count=4
cascade_activation_steepnesses=2.50000000000000000000e-01 5.00000000000000000000e-01 7.50000000000000000000e-01 1.00000000000000000000e+00 
layer_sizes=7 5 5 2 
scale_included=0
neurons (num_inputs, activation_function, activation_steepness)=(0, 0, 0.00000000000000000000e+00) (0, 0, 0.00000000000000000000e+00) (0, 0, 0.00000000000000000000e+00) (0, 0, 0.00000000000000000000e+00) (0, 0, 0.00000000000000000000e+00) (0, 0, 0.00000000000000000000e+00) (0, 0, 0.00000000000000000000e+00) (7, 3, 5.00000000000000000000e-01) (7, 3, 5.00000000000000000000e-01) (7, 3, 5.00000000000000000000e-01) (7, 3, 5.00000000000000000000e-01) (0, 3, 0.00000000000000000000e+00) (5, 3, 5.00000000000000000000e-01) (5, 3, 5.00000000000000000000e-01) (5, 3, 5.00000000000000000000e-01) (5, 3, 5.00000000000000000000e-01) (0, 3, 0.00000000000000000000e+00) (5, 3, 5.00000000000000000000e-01) (0, 3, 0.00000000000000000000e+00) 
connections (connected_to_neuron, weight)=(0, -8.00752925872802734375e+00) (1, 1.17169630527496337891e+00) (2, -1.25694093704223632812e+01) (3, 3.66848611831665039062e+00) (4, -1.94284653663635253906e+00) (5, -7.84382998943328857422e-01) (6, 1.89552307128906250000e+00) (0, 2.72608280181884765625e+00) (1, 3.50068956613540649414e-02) (2, 5.15024518966674804688e+00) (3, -5.04114055633544921875e+00) (4, -4.70611006021499633789e-01) (5, 7.67677366733551025391e-01) (6, -1.83549940586090087891e-01) (0, -1.48371093750000000000e+03) (1, -1.44658886718750000000e+03) (2, 1.49153063964843750000e+03) (3, -1.47112243652343750000e+03) (4, -1.30975256347656250000e+03) (5, 1.49352001953125000000e+03) (6, -9.91619452834129333496e-02) (0, -1.22449487304687500000e+03) (1, -1.48144140625000000000e+03) (2, 1.49905139160156250000e+03) (3, -1.37338012695312500000e+03) (4, -4.09309387207031250000e+02) (5, 1.49623999023437500000e+03) (6, -9.20622444152832031250e+00) (7, 5.72544746398925781250e+01) (8, 5.24825334548950195312e+00) (9, 1.28231521606445312500e+02) (10, 4.31428070068359375000e+02) (11, -3.43567180633544921875e+00) (7, 2.48689103126525878906e+00) (8, 3.28207564353942871094e+00) (9, -9.67110538482666015625e+00) (10, 4.52271699905395507812e+00) (11, -1.71462130546569824219e+00) (7, 2.77380919456481933594e+00) (8, 3.08560252189636230469e+00) (9, 1.28231521606445312500e+02) (10, 4.31428070068359375000e+02) (11, -1.42705297470092773438e+00) (7, 2.82480716705322265625e+00) (8, 2.91960835456848144531e+00) (9, 1.28231521606445312500e+02) (10, 7.32558898925781250000e+02) (11, -2.60687232017517089844e+00) (12, -1.45557129383087158203e+00) (13, -8.69866490364074707031e-01) (14, -8.90327155590057373047e-01) (15, -1.55243825912475585938e+00) (16, 3.19562777876853942871e-02) 
