FANN_FLO_2.1
num_layers=3
learning_rate=0.400000
connection_rate=1.000000
network_type=0
learning_momentum=0.000000
training_algorithm=2
train_error_function=1
train_stop_function=0
cascade_output_change_fraction=0.010000
quickprop_decay=-0.000100
quickprop_mu=1.750000
rprop_increase_factor=1.200000
rprop_decrease_factor=0.500000
rprop_delta_min=0.000000
rprop_delta_max=50.000000
rprop_delta_zero=0.100000
cascade_output_stagnation_epochs=12
cascade_candidate_change_fraction=0.010000
cascade_candidate_stagnation_epochs=12
cascade_max_out_epochs=150
cascade_min_out_epochs=50
cascade_max_cand_epochs=150
cascade_min_cand_epochs=50
cascade_num_candidate_groups=2
bit_fail_limit=3.49999994039535522461e-01
cascade_candidate_limit=1.00000000000000000000e+03
cascade_weight_multiplier=4.00000005960464477539e-01
cascade_activation_functions_count=10
cascade_activation_functions=3 5 7 8 10 11 14 15 16 17 
cascade_activation_steepnesses_count=4
cascade_activation_steepnesses=2.50000000000000000000e-01 5.00000000000000000000e-01 7.50000000000000000000e-01 1.00000000000000000000e+00 
layer_sizes=7 5 2 
scale_included=0
neurons (num_inputs, activation_function, activation_steepness)=(0, 0, 0.00000000000000000000e+00) (0, 0, 0.00000000000000000000e+00) (0, 0, 0.00000000000000000000e+00) (0, 0, 0.00000000000000000000e+00) (0, 0, 0.00000000000000000000e+00) (0, 0, 0.00000000000000000000e+00) (0, 0, 0.00000000000000000000e+00) (7, 3, 5.00000000000000000000e-01) (7, 3, 5.00000000000000000000e-01) (7, 3, 5.00000000000000000000e-01) (7, 3, 5.00000000000000000000e-01) (0, 3, 0.00000000000000000000e+00) (5, 3, 5.00000000000000000000e-01) (0, 3, 0.00000000000000000000e+00) 
connections (connected_to_neuron, weight)=(0, 7.14107275009155273438e-01) (1, 2.22884392738342285156e+00) (2, 4.69283103942871093750e+00) (3, 7.57633781433105468750e+00) (4, -1.72983703613281250000e+01) (5, 3.89531373977661132812e+00) (6, 2.39734724164009094238e-01) (0, -2.96412158012390136719e+00) (1, -2.61108493804931640625e+00) (2, 1.51314884424209594727e-01) (3, 7.08252334594726562500e+00) (4, -1.92320799827575683594e+00) (5, -1.03563643991947174072e-01) (6, -2.73838949203491210938e+00) (0, -2.16027855873107910156e+00) (1, -4.09867733716964721680e-01) (2, 4.26156187057495117188e+00) (3, 2.10971164703369140625e+00) (4, 1.50697026401758193970e-02) (5, 3.20173430442810058594e+00) (6, -2.50556635856628417969e+00) (0, -1.21369485855102539062e+01) (1, 1.06844854354858398438e+00) (2, 1.73793029785156250000e+01) (3, 1.09342508316040039062e+01) (4, -3.14313673973083496094e+00) (5, -1.01350727081298828125e+01) (6, 2.76506841182708740234e-01) (7, -2.28235220909118652344e+00) (8, 4.26293373107910156250e+00) (9, 1.79278075695037841797e+00) (10, -1.58123838901519775391e+00) (11, 1.60600468516349792480e-01) 
