FANN_FLO_2.1
num_layers=3
learning_rate=0.400000
connection_rate=1.000000
network_type=0
learning_momentum=0.000000
training_algorithm=2
train_error_function=1
train_stop_function=0
cascade_output_change_fraction=0.010000
quickprop_decay=-0.000100
quickprop_mu=1.750000
rprop_increase_factor=1.200000
rprop_decrease_factor=0.500000
rprop_delta_min=0.000000
rprop_delta_max=50.000000
rprop_delta_zero=0.100000
cascade_output_stagnation_epochs=12
cascade_candidate_change_fraction=0.010000
cascade_candidate_stagnation_epochs=12
cascade_max_out_epochs=150
cascade_min_out_epochs=50
cascade_max_cand_epochs=150
cascade_min_cand_epochs=50
cascade_num_candidate_groups=2
bit_fail_limit=3.49999994039535522461e-01
cascade_candidate_limit=1.00000000000000000000e+03
cascade_weight_multiplier=4.00000005960464477539e-01
cascade_activation_functions_count=10
cascade_activation_functions=3 5 7 8 10 11 14 15 16 17 
cascade_activation_steepnesses_count=4
cascade_activation_steepnesses=2.50000000000000000000e-01 5.00000000000000000000e-01 7.50000000000000000000e-01 1.00000000000000000000e+00 
layer_sizes=7 9 2 
scale_included=0
neurons (num_inputs, activation_function, activation_steepness)=(0, 0, 0.00000000000000000000e+00) (0, 0, 0.00000000000000000000e+00) (0, 0, 0.00000000000000000000e+00) (0, 0, 0.00000000000000000000e+00) (0, 0, 0.00000000000000000000e+00) (0, 0, 0.00000000000000000000e+00) (0, 0, 0.00000000000000000000e+00) (7, 3, 5.00000000000000000000e-01) (7, 3, 5.00000000000000000000e-01) (7, 3, 5.00000000000000000000e-01) (7, 3, 5.00000000000000000000e-01) (7, 3, 5.00000000000000000000e-01) (7, 3, 5.00000000000000000000e-01) (7, 3, 5.00000000000000000000e-01) (7, 3, 5.00000000000000000000e-01) (0, 3, 0.00000000000000000000e+00) (9, 3, 5.00000000000000000000e-01) (0, 3, 0.00000000000000000000e+00) 
connections (connected_to_neuron, weight)=(0, -7.07024931907653808594e-02) (1, 6.71939432621002197266e-01) (2, 2.35451579093933105469e+00) (3, -4.47948789596557617188e+00) (4, -2.20650315284729003906e-01) (5, -1.50000000000000000000e+03) (6, 1.38394683599472045898e-01) (0, 9.54270267486572265625e+00) (1, -1.14769287109375000000e+01) (2, 3.74672579765319824219e+00) (3, -4.10306978225708007812e+00) (4, -8.29203069210052490234e-01) (5, -3.21276307106018066406e+00) (6, 5.59575271606445312500e+00) (0, 1.32561042904853820801e-01) (1, 4.73781943321228027344e-01) (2, 1.15508108139038085938e+01) (3, -4.23627758026123046875e+00) (4, -4.56234633922576904297e-01) (5, -2.69875675439834594727e-02) (6, -4.48660254478454589844e-01) (0, -9.09353065490722656250e+00) (1, -4.08050918579101562500e+00) (2, 3.19310379028320312500e+01) (3, 6.44297778606414794922e-01) (4, 1.75464105606079101562e+00) (5, -2.66797876358032226562e+00) (6, 3.29656362533569335938e+00) (0, -1.31453981399536132812e+01) (1, 1.26672725677490234375e+01) (2, -8.10318946838378906250e+00) (3, 2.55505442619323730469e-01) (4, -7.47638583183288574219e-01) (5, 5.93009901046752929688e+00) (6, 5.78149676322937011719e-01) (0, -7.71723538637161254883e-02) (1, -1.80057978630065917969e+00) (2, 4.52521991729736328125e+00) (3, 1.46718034744262695312e+01) (4, -1.49850816726684570312e+01) (5, 1.96975111961364746094e+00) (6, -2.97088050842285156250e+00) (0, 6.38983026146888732910e-02) (1, 2.37705543637275695801e-01) (2, 9.64946651458740234375e+00) (3, -4.21176958084106445312e+00) (4, 2.36861966550350189209e-02) (5, 1.04261964559555053711e-01) (6, -3.29412192106246948242e-01) (0, -2.52529048919677734375e+01) (1, -1.29415524005889892578e+00) (2, -2.03255035400390625000e+02) (3, 1.53226337432861328125e+01) (4, 9.08173370361328125000e+00) (5, 1.18989363312721252441e-01) (6, 3.02254033088684082031e+00) (7, -8.96345674991607666016e-01) (8, -3.51372170448303222656e+00) (9, -6.74770176410675048828e-01) (10, -3.85583281517028808594e-01) (11, -4.08362770080566406250e+00) (12, -3.14435839653015136719e-01) (13, -1.63397178053855895996e-01) (14, -3.94591718912124633789e-01) (15, 2.75077104568481445312e+00) 
