FANN_FLO_2.1
num_layers=4
learning_rate=0.400000
connection_rate=1.000000
network_type=0
learning_momentum=0.000000
training_algorithm=2
train_error_function=1
train_stop_function=0
cascade_output_change_fraction=0.010000
quickprop_decay=-0.000100
quickprop_mu=1.750000
rprop_increase_factor=1.200000
rprop_decrease_factor=0.500000
rprop_delta_min=0.000000
rprop_delta_max=50.000000
rprop_delta_zero=0.100000
cascade_output_stagnation_epochs=12
cascade_candidate_change_fraction=0.010000
cascade_candidate_stagnation_epochs=12
cascade_max_out_epochs=150
cascade_min_out_epochs=50
cascade_max_cand_epochs=150
cascade_min_cand_epochs=50
cascade_num_candidate_groups=2
bit_fail_limit=3.49999994039535522461e-01
cascade_candidate_limit=1.00000000000000000000e+03
cascade_weight_multiplier=4.00000005960464477539e-01
cascade_activation_functions_count=10
cascade_activation_functions=3 5 7 8 10 11 14 15 16 17 
cascade_activation_steepnesses_count=4
cascade_activation_steepnesses=2.50000000000000000000e-01 5.00000000000000000000e-01 7.50000000000000000000e-01 1.00000000000000000000e+00 
layer_sizes=7 5 5 2 
scale_included=0
neurons (num_inputs, activation_function, activation_steepness)=(0, 0, 0.00000000000000000000e+00) (0, 0, 0.00000000000000000000e+00) (0, 0, 0.00000000000000000000e+00) (0, 0, 0.00000000000000000000e+00) (0, 0, 0.00000000000000000000e+00) (0, 0, 0.00000000000000000000e+00) (0, 0, 0.00000000000000000000e+00) (7, 3, 5.00000000000000000000e-01) (7, 3, 5.00000000000000000000e-01) (7, 3, 5.00000000000000000000e-01) (7, 3, 5.00000000000000000000e-01) (0, 3, 0.00000000000000000000e+00) (5, 3, 5.00000000000000000000e-01) (5, 3, 5.00000000000000000000e-01) (5, 3, 5.00000000000000000000e-01) (5, 3, 5.00000000000000000000e-01) (0, 3, 0.00000000000000000000e+00) (5, 3, 5.00000000000000000000e-01) (0, 3, 0.00000000000000000000e+00) 
connections (connected_to_neuron, weight)=(0, -2.12444677948951721191e-01) (1, -5.45584596693515777588e-03) (2, -1.47503002929687500000e+03) (3, -2.86096000671386718750e+00) (4, -1.45652160048484802246e-01) (5, -1.05008230209350585938e+01) (6, -3.39804291725158691406e+00) (0, -3.03244495391845703125e+01) (1, -2.19759235382080078125e+01) (2, 1.37337597656250000000e+03) (3, -1.42706811523437500000e+03) (4, -9.46490905761718750000e+02) (5, 1.00968493652343750000e+03) (6, -1.70410537719726562500e+02) (0, 2.95383810997009277344e+00) (1, -3.53225183486938476562e+00) (2, 7.39123880863189697266e-01) (3, -1.69124650955200195312e+00) (4, -3.30646127462387084961e-01) (5, 3.23395562171936035156e+00) (6, -3.05670714378356933594e+00) (0, -4.85941791534423828125e+00) (1, 4.09181308746337890625e+00) (2, -7.09767639636993408203e-01) (3, -8.69370579719543457031e-01) (4, -6.30125463008880615234e-01) (5, -4.70367622375488281250e+00) (6, 3.99563312530517578125e-01) (7, -9.00000000000000000000e+02) (8, -1.17721068859100341797e+00) (9, 9.67961597442626953125e+00) (10, 7.91287517547607421875e+00) (11, -2.26368594169616699219e+00) (7, -6.28546508789062500000e+02) (8, -1.09165453910827636719e+00) (9, 9.66394710540771484375e+00) (10, 7.89219188690185546875e+00) (11, -2.37347149848937988281e+00) (7, -6.25800048828125000000e+02) (8, -1.22325217723846435547e+00) (9, 9.90740394592285156250e+00) (10, 8.93543529510498046875e+00) (11, -2.55843091011047363281e+00) (7, -1.50000000000000000000e+03) (8, 1.70880622863769531250e+01) (9, 7.11093235015869140625e+00) (10, -7.81391906738281250000e+00) (11, -2.27642846107482910156e+00) (12, -1.28074383735656738281e+00) (13, -1.44155883789062500000e+00) (14, -1.59337544441223144531e+00) (15, -1.52468347549438476562e+00) (16, -3.17583307623863220215e-02) 
