FANN_FLO_2.1
num_layers=4
learning_rate=0.500000
connection_rate=1.000000
network_type=0
learning_momentum=0.000000
training_algorithm=2
train_error_function=1
train_stop_function=0
cascade_output_change_fraction=0.010000
quickprop_decay=-0.000100
quickprop_mu=1.750000
rprop_increase_factor=1.200000
rprop_decrease_factor=0.500000
rprop_delta_min=0.000000
rprop_delta_max=50.000000
rprop_delta_zero=0.100000
cascade_output_stagnation_epochs=12
cascade_candidate_change_fraction=0.010000
cascade_candidate_stagnation_epochs=12
cascade_max_out_epochs=150
cascade_min_out_epochs=50
cascade_max_cand_epochs=150
cascade_min_cand_epochs=50
cascade_num_candidate_groups=2
bit_fail_limit=3.49999994039535522461e-01
cascade_candidate_limit=1.00000000000000000000e+03
cascade_weight_multiplier=4.00000005960464477539e-01
cascade_activation_functions_count=10
cascade_activation_functions=3 5 7 8 10 11 14 15 16 17 
cascade_activation_steepnesses_count=4
cascade_activation_steepnesses=2.50000000000000000000e-01 5.00000000000000000000e-01 7.50000000000000000000e-01 1.00000000000000000000e+00 
layer_sizes=2 5 5 3 
scale_included=0
neurons (num_inputs, activation_function, activation_steepness)=(0, 0, 0.00000000000000000000e+00) (0, 0, 0.00000000000000000000e+00) (2, 3, 5.00000000000000000000e-01) (2, 3, 5.00000000000000000000e-01) (2, 3, 5.00000000000000000000e-01) (2, 3, 5.00000000000000000000e-01) (0, 3, 0.00000000000000000000e+00) (5, 3, 5.00000000000000000000e-01) (5, 3, 5.00000000000000000000e-01) (5, 3, 5.00000000000000000000e-01) (5, 3, 5.00000000000000000000e-01) (0, 3, 0.00000000000000000000e+00) (5, 0, 5.00000000000000000000e-01) (5, 0, 5.00000000000000000000e-01) (0, 0, 0.00000000000000000000e+00) 
connections (connected_to_neuron, weight)=(0, -1.67755050659179687500e+01) (1, 7.06747674942016601562e+00) (0, 1.77402973175048828125e+01) (1, -7.49727106094360351562e+00) (0, -4.26364555358886718750e+01) (1, 2.41240406036376953125e+00) (0, -2.76051368713378906250e+01) (1, 1.23827104568481445312e+01) (2, -3.83101016283035278320e-01) (3, 1.92279207706451416016e+00) (4, 1.23089849948883056641e+00) (5, -9.17963802814483642578e-01) (6, 7.96865224838256835938e-01) (2, -1.49356982421875000000e+03) (3, 9.08989074707031250000e+02) (4, 1.49952099609375000000e+03) (5, -1.49854638671875000000e+03) (6, -2.35929083824157714844e+00) (2, -5.65245509147644042969e-01) (3, -5.50232076644897460938e+00) (4, -4.99563485383987426758e-01) (5, -4.75622862577438354492e-01) (6, 8.60478103160858154297e-01) (2, -1.38896510004997253418e-01) (3, 1.03454551696777343750e+02) (4, -6.46030843257904052734e-01) (5, 3.34836304187774658203e-01) (6, -2.39619538187980651855e-01) (7, 3.33106470108032226562e+00) (8, 1.50000000000000000000e+03) (9, -3.76511335372924804688e-01) (10, -1.85008776187896728516e+00) (11, -1.40288126468658447266e+00) (7, 2.40065503120422363281e+00) (8, 1.50000000000000000000e+03) (9, 7.85652589797973632812e+00) (10, -2.96218538284301757812e+00) (11, -1.19718992710113525391e+00) 
