FANN_FLO_2.1
num_layers=3
learning_rate=0.400000
connection_rate=1.000000
network_type=0
learning_momentum=0.000000
training_algorithm=2
train_error_function=1
train_stop_function=0
cascade_output_change_fraction=0.010000
quickprop_decay=-0.000100
quickprop_mu=1.750000
rprop_increase_factor=1.200000
rprop_decrease_factor=0.500000
rprop_delta_min=0.000000
rprop_delta_max=50.000000
rprop_delta_zero=0.100000
cascade_output_stagnation_epochs=12
cascade_candidate_change_fraction=0.010000
cascade_candidate_stagnation_epochs=12
cascade_max_out_epochs=150
cascade_min_out_epochs=50
cascade_max_cand_epochs=150
cascade_min_cand_epochs=50
cascade_num_candidate_groups=2
bit_fail_limit=3.49999994039535522461e-01
cascade_candidate_limit=1.00000000000000000000e+03
cascade_weight_multiplier=4.00000005960464477539e-01
cascade_activation_functions_count=10
cascade_activation_functions=3 5 7 8 10 11 14 15 16 17 
cascade_activation_steepnesses_count=4
cascade_activation_steepnesses=2.50000000000000000000e-01 5.00000000000000000000e-01 7.50000000000000000000e-01 1.00000000000000000000e+00 
layer_sizes=7 9 2 
scale_included=0
neurons (num_inputs, activation_function, activation_steepness)=(0, 0, 0.00000000000000000000e+00) (0, 0, 0.00000000000000000000e+00) (0, 0, 0.00000000000000000000e+00) (0, 0, 0.00000000000000000000e+00) (0, 0, 0.00000000000000000000e+00) (0, 0, 0.00000000000000000000e+00) (0, 0, 0.00000000000000000000e+00) (7, 3, 5.00000000000000000000e-01) (7, 3, 5.00000000000000000000e-01) (7, 3, 5.00000000000000000000e-01) (7, 3, 5.00000000000000000000e-01) (7, 3, 5.00000000000000000000e-01) (7, 3, 5.00000000000000000000e-01) (7, 3, 5.00000000000000000000e-01) (7, 3, 5.00000000000000000000e-01) (0, 3, 0.00000000000000000000e+00) (9, 3, 5.00000000000000000000e-01) (0, 3, 0.00000000000000000000e+00) 
connections (connected_to_neuron, weight)=(0, 2.08961749076843261719e+00) (1, -1.71481752395629882812e+00) (2, -2.81359195709228515625e+00) (3, -2.93707680702209472656e+00) (4, -5.06096410751342773438e+00) (5, 1.57817020416259765625e+01) (6, 2.12784677743911743164e-01) (0, -3.63920688629150390625e+00) (1, -4.06045532226562500000e+00) (2, -2.78836846351623535156e+00) (3, 3.42927503585815429688e+00) (4, -1.32522547245025634766e+00) (5, 5.86978483200073242188e+00) (6, -1.03353786468505859375e+00) (0, 3.50287593901157379150e-02) (1, 6.00984811782836914062e-01) (2, -1.17437982559204101562e+00) (3, -3.34377020597457885742e-01) (4, -1.74361252784729003906e+00) (5, -1.67443084716796875000e+00) (6, 1.26293826103210449219e+00) (0, 6.46732568740844726562e+00) (1, -1.71476650238037109375e+00) (2, -1.96282470226287841797e+00) (3, 3.10253214836120605469e+00) (4, 1.26094138622283935547e+00) (5, -2.31606340408325195312e+00) (6, -4.02981042861938476562e-01) (0, 4.49039602279663085938e+00) (1, -1.67628121376037597656e+00) (2, -1.93871974945068359375e+00) (3, 8.15044417977333068848e-02) (4, -2.74112105369567871094e+00) (5, 3.80030536651611328125e+00) (6, -2.51189136505126953125e+00) (0, 4.89349722862243652344e-01) (1, -1.09140002727508544922e+00) (2, 9.99136984348297119141e-01) (3, 1.26249039173126220703e+00) (4, 1.51508033275604248047e+00) (5, 2.33702826499938964844e+00) (6, 5.68471215665340423584e-02) (0, -4.12854242324829101562e+00) (1, -4.03466510772705078125e+00) (2, -2.51656341552734375000e+00) (3, 1.98137235641479492188e+00) (4, 2.19020438194274902344e+00) (5, 1.64430022239685058594e+00) (6, -1.43680536746978759766e+00) (0, 1.62107512354850769043e-01) (1, 5.86066544055938720703e-01) (2, -1.20930230617523193359e+00) (3, -2.86222547292709350586e-01) (4, -1.69491708278656005859e+00) (5, -1.55614185333251953125e+00) (6, 1.01954948902130126953e+00) (7, -2.12981247901916503906e+00) (8, 1.39362215995788574219e+00) (9, -2.84130764007568359375e+00) (10, 1.07918536663055419922e+00) (11, 1.73504412174224853516e+00) (12, 6.94207668304443359375e-01) (13, 3.67945456504821777344e+00) (14, -4.20566034317016601562e+00) (15, 7.50429183244705200195e-02) 
