FANN_FLO_2.1
num_layers=4
learning_rate=0.500000
connection_rate=1.000000
network_type=0
learning_momentum=0.000000
training_algorithm=2
train_error_function=1
train_stop_function=0
cascade_output_change_fraction=0.010000
quickprop_decay=-0.000100
quickprop_mu=1.750000
rprop_increase_factor=1.200000
rprop_decrease_factor=0.500000
rprop_delta_min=0.000000
rprop_delta_max=50.000000
rprop_delta_zero=0.100000
cascade_output_stagnation_epochs=12
cascade_candidate_change_fraction=0.010000
cascade_candidate_stagnation_epochs=12
cascade_max_out_epochs=150
cascade_min_out_epochs=50
cascade_max_cand_epochs=150
cascade_min_cand_epochs=50
cascade_num_candidate_groups=2
bit_fail_limit=3.49999994039535522461e-01
cascade_candidate_limit=1.00000000000000000000e+03
cascade_weight_multiplier=4.00000005960464477539e-01
cascade_activation_functions_count=10
cascade_activation_functions=3 5 7 8 10 11 14 15 16 17 
cascade_activation_steepnesses_count=4
cascade_activation_steepnesses=2.50000000000000000000e-01 5.00000000000000000000e-01 7.50000000000000000000e-01 1.00000000000000000000e+00 
layer_sizes=2 5 5 3 
scale_included=0
neurons (num_inputs, activation_function, activation_steepness)=(0, 0, 0.00000000000000000000e+00) (0, 0, 0.00000000000000000000e+00) (2, 3, 5.00000000000000000000e-01) (2, 3, 5.00000000000000000000e-01) (2, 3, 5.00000000000000000000e-01) (2, 3, 5.00000000000000000000e-01) (0, 3, 0.00000000000000000000e+00) (5, 3, 5.00000000000000000000e-01) (5, 3, 5.00000000000000000000e-01) (5, 3, 5.00000000000000000000e-01) (5, 3, 5.00000000000000000000e-01) (0, 3, 0.00000000000000000000e+00) (5, 0, 5.00000000000000000000e-01) (5, 0, 5.00000000000000000000e-01) (0, 0, 0.00000000000000000000e+00) 
connections (connected_to_neuron, weight)=(0, -1.04245834350585937500e+01) (1, 9.11269605159759521484e-01) (0, -5.16483306884765625000e+00) (1, 1.07491636276245117188e+00) (0, -5.13467597961425781250e+00) (1, 6.20677351951599121094e-01) (0, -5.67192649841308593750e+00) (1, 1.38678765296936035156e+00) (2, -8.98110294342041015625e+00) (3, -4.57743167877197265625e+00) (4, -9.20495465397834777832e-02) (5, -1.93436038494110107422e+00) (6, 8.27568650245666503906e-01) (2, -1.01909704208374023438e+01) (3, 2.62023067474365234375e+00) (4, 2.33665299415588378906e+00) (5, 2.37931966781616210938e+00) (6, 1.31422185897827148438e+00) (2, -5.00314521789550781250e+00) (3, -2.39684510231018066406e+00) (4, -1.66885066032409667969e+00) (5, -6.92040503025054931641e-01) (6, 2.40243101119995117188e+00) (2, 1.82842707633972167969e+00) (3, 1.86847198009490966797e+00) (4, 2.03176093101501464844e+00) (5, 1.67285406589508056641e+00) (6, -2.75570130348205566406e+00) (7, 6.51731300354003906250e+00) (8, -2.78526902198791503906e+00) (9, -6.29485249519348144531e-01) (10, 5.99617600440979003906e-01) (11, 4.39868241548538208008e-01) (7, -1.43268644809722900391e+00) (8, -3.16618889570236206055e-01) (9, -2.93025588989257812500e+00) (10, 1.35653078556060791016e+00) (11, 8.94897580146789550781e-01) 
