FANN_FLO_2.1
num_layers=3
learning_rate=0.400000
connection_rate=1.000000
network_type=0
learning_momentum=0.000000
training_algorithm=2
train_error_function=1
train_stop_function=0
cascade_output_change_fraction=0.010000
quickprop_decay=-0.000100
quickprop_mu=1.750000
rprop_increase_factor=1.200000
rprop_decrease_factor=0.500000
rprop_delta_min=0.000000
rprop_delta_max=50.000000
rprop_delta_zero=0.100000
cascade_output_stagnation_epochs=12
cascade_candidate_change_fraction=0.010000
cascade_candidate_stagnation_epochs=12
cascade_max_out_epochs=150
cascade_min_out_epochs=50
cascade_max_cand_epochs=150
cascade_min_cand_epochs=50
cascade_num_candidate_groups=2
bit_fail_limit=3.49999994039535522461e-01
cascade_candidate_limit=1.00000000000000000000e+03
cascade_weight_multiplier=4.00000005960464477539e-01
cascade_activation_functions_count=10
cascade_activation_functions=3 5 7 8 10 11 14 15 16 17 
cascade_activation_steepnesses_count=4
cascade_activation_steepnesses=2.50000000000000000000e-01 5.00000000000000000000e-01 7.50000000000000000000e-01 1.00000000000000000000e+00 
layer_sizes=7 5 2 
scale_included=0
neurons (num_inputs, activation_function, activation_steepness)=(0, 0, 0.00000000000000000000e+00) (0, 0, 0.00000000000000000000e+00) (0, 0, 0.00000000000000000000e+00) (0, 0, 0.00000000000000000000e+00) (0, 0, 0.00000000000000000000e+00) (0, 0, 0.00000000000000000000e+00) (0, 0, 0.00000000000000000000e+00) (7, 3, 5.00000000000000000000e-01) (7, 3, 5.00000000000000000000e-01) (7, 3, 5.00000000000000000000e-01) (7, 3, 5.00000000000000000000e-01) (0, 3, 0.00000000000000000000e+00) (5, 3, 5.00000000000000000000e-01) (0, 3, 0.00000000000000000000e+00) 
connections (connected_to_neuron, weight)=(0, -6.08027219772338867188e+00) (1, 1.80519998073577880859e+00) (2, -1.19575357437133789062e+00) (3, -3.83132624626159667969e+00) (4, -1.89928698539733886719e+00) (5, 9.79706645011901855469e-01) (6, 6.15078544616699218750e+00) (0, -1.11512784957885742188e+01) (1, 1.10484628677368164062e+01) (2, -2.66355276107788085938e+00) (3, -7.16906845569610595703e-01) (4, -6.98165178298950195312e-01) (5, 1.11889886856079101562e+01) (6, 4.26650792360305786133e-02) (0, 1.18383998870849609375e+01) (1, -1.23763399124145507812e+01) (2, 4.52335739135742187500e+00) (3, -2.23227453231811523438e+00) (4, -8.03660228848457336426e-02) (5, -3.98214292526245117188e+00) (6, 4.41625404357910156250e+00) (0, -2.22091960906982421875e+00) (1, -4.17420673370361328125e+00) (2, 4.71219329833984375000e+01) (3, -4.93057394027709960938e+00) (4, -1.93516898155212402344e+00) (5, 5.06603300571441650391e-01) (6, 6.78557157516479492188e+00) (7, -1.16655683517456054688e+00) (8, -4.04112958908081054688e+00) (9, -4.34499359130859375000e+00) (10, -1.27757295966148376465e-01) (11, 3.73241567611694335938e+00) 
