FANN_FLO_2.1
num_layers=3
learning_rate=0.400000
connection_rate=1.000000
network_type=0
learning_momentum=0.000000
training_algorithm=2
train_error_function=1
train_stop_function=0
cascade_output_change_fraction=0.010000
quickprop_decay=-0.000100
quickprop_mu=1.750000
rprop_increase_factor=1.200000
rprop_decrease_factor=0.500000
rprop_delta_min=0.000000
rprop_delta_max=50.000000
rprop_delta_zero=0.100000
cascade_output_stagnation_epochs=12
cascade_candidate_change_fraction=0.010000
cascade_candidate_stagnation_epochs=12
cascade_max_out_epochs=150
cascade_min_out_epochs=50
cascade_max_cand_epochs=150
cascade_min_cand_epochs=50
cascade_num_candidate_groups=2
bit_fail_limit=3.49999994039535522461e-01
cascade_candidate_limit=1.00000000000000000000e+03
cascade_weight_multiplier=4.00000005960464477539e-01
cascade_activation_functions_count=10
cascade_activation_functions=3 5 7 8 10 11 14 15 16 17 
cascade_activation_steepnesses_count=4
cascade_activation_steepnesses=2.50000000000000000000e-01 5.00000000000000000000e-01 7.50000000000000000000e-01 1.00000000000000000000e+00 
layer_sizes=7 5 2 
scale_included=0
neurons (num_inputs, activation_function, activation_steepness)=(0, 0, 0.00000000000000000000e+00) (0, 0, 0.00000000000000000000e+00) (0, 0, 0.00000000000000000000e+00) (0, 0, 0.00000000000000000000e+00) (0, 0, 0.00000000000000000000e+00) (0, 0, 0.00000000000000000000e+00) (0, 0, 0.00000000000000000000e+00) (7, 3, 5.00000000000000000000e-01) (7, 3, 5.00000000000000000000e-01) (7, 3, 5.00000000000000000000e-01) (7, 3, 5.00000000000000000000e-01) (0, 3, 0.00000000000000000000e+00) (5, 3, 5.00000000000000000000e-01) (0, 3, 0.00000000000000000000e+00) 
connections (connected_to_neuron, weight)=(0, 5.65661847591400146484e-01) (1, -1.88160824775695800781e+00) (2, -2.96162605285644531250e+00) (3, 2.23928141593933105469e+00) (4, -2.13495135307312011719e+00) (5, 7.25214529037475585938e+00) (6, -3.03199958801269531250e+00) (0, -5.23790895938873291016e-01) (1, -1.97649073600769042969e+00) (2, -1.88164079189300537109e+00) (3, 1.81191134452819824219e+00) (4, -1.45003473758697509766e+00) (5, 3.27096223831176757812e+00) (6, -1.98019921779632568359e+00) (0, -3.08299279212951660156e+00) (1, -1.44024789333343505859e+00) (2, -2.52432435750961303711e-01) (3, -5.26979684829711914062e+00) (4, -2.02313137054443359375e+00) (5, 1.21539192199707031250e+01) (6, 1.12858927249908447266e+00) (0, -4.80271577835083007812e+00) (1, -3.25855875015258789062e+00) (2, -1.37130570411682128906e+00) (3, 1.52830410003662109375e+00) (4, 3.42996597290039062500e+00) (5, 1.73714184761047363281e+00) (6, -3.40735769271850585938e+00) (7, 2.34001708030700683594e+00) (8, 1.34189057350158691406e+00) (9, -2.87519669532775878906e+00) (10, 6.77938079833984375000e+00) (11, 2.98005819320678710938e-01) 
