FANN_FLO_2.1
num_layers=4
learning_rate=0.400000
connection_rate=1.000000
network_type=0
learning_momentum=0.000000
training_algorithm=2
train_error_function=1
train_stop_function=0
cascade_output_change_fraction=0.010000
quickprop_decay=-0.000100
quickprop_mu=1.750000
rprop_increase_factor=1.200000
rprop_decrease_factor=0.500000
rprop_delta_min=0.000000
rprop_delta_max=50.000000
rprop_delta_zero=0.100000
cascade_output_stagnation_epochs=12
cascade_candidate_change_fraction=0.010000
cascade_candidate_stagnation_epochs=12
cascade_max_out_epochs=150
cascade_min_out_epochs=50
cascade_max_cand_epochs=150
cascade_min_cand_epochs=50
cascade_num_candidate_groups=2
bit_fail_limit=3.49999994039535522461e-01
cascade_candidate_limit=1.00000000000000000000e+03
cascade_weight_multiplier=4.00000005960464477539e-01
cascade_activation_functions_count=10
cascade_activation_functions=3 5 7 8 10 11 14 15 16 17 
cascade_activation_steepnesses_count=4
cascade_activation_steepnesses=2.50000000000000000000e-01 5.00000000000000000000e-01 7.50000000000000000000e-01 1.00000000000000000000e+00 
layer_sizes=7 5 5 2 
scale_included=0
neurons (num_inputs, activation_function, activation_steepness)=(0, 0, 0.00000000000000000000e+00) (0, 0, 0.00000000000000000000e+00) (0, 0, 0.00000000000000000000e+00) (0, 0, 0.00000000000000000000e+00) (0, 0, 0.00000000000000000000e+00) (0, 0, 0.00000000000000000000e+00) (0, 0, 0.00000000000000000000e+00) (7, 3, 5.00000000000000000000e-01) (7, 3, 5.00000000000000000000e-01) (7, 3, 5.00000000000000000000e-01) (7, 3, 5.00000000000000000000e-01) (0, 3, 0.00000000000000000000e+00) (5, 3, 5.00000000000000000000e-01) (5, 3, 5.00000000000000000000e-01) (5, 3, 5.00000000000000000000e-01) (5, 3, 5.00000000000000000000e-01) (0, 3, 0.00000000000000000000e+00) (5, 3, 5.00000000000000000000e-01) (0, 3, 0.00000000000000000000e+00) 
connections (connected_to_neuron, weight)=(0, -1.08996315002441406250e+01) (1, 4.36740493774414062500e+00) (2, -2.19332332611083984375e+01) (3, -8.32441806793212890625e+00) (4, -4.56359529495239257812e+00) (5, 2.96374654769897460938e+00) (6, 1.18152294158935546875e+01) (0, -1.49667517089843750000e+03) (1, -1.37606237792968750000e+03) (2, 1.29852099609375000000e+03) (3, -1.12689770507812500000e+03) (4, 9.36797363281250000000e+02) (5, -1.47654528808593750000e+03) (6, 7.66193773597478866577e-03) (0, -7.52499246597290039062e+00) (1, 4.14085102081298828125e+00) (2, -1.25061657714843750000e+03) (3, 3.15528154373168945312e-01) (4, -1.91124409437179565430e-01) (5, 3.16011085510253906250e+01) (6, 4.94608879089355468750e+00) (0, -9.45639587402343750000e+02) (1, -7.77229980468750000000e+02) (2, 1.06912040710449218750e+02) (3, -7.03746154785156250000e+02) (4, 1.44211791992187500000e+02) (5, -1.50000000000000000000e+03) (6, 1.68624663352966308594e+00) (7, 4.24790954589843750000e+01) (8, 2.08020462036132812500e+02) (9, -5.93174400329589843750e+01) (10, 2.32070297241210937500e+02) (11, 4.86069470643997192383e-01) (7, 5.48285102844238281250e+01) (8, 2.08020462036132812500e+02) (9, 9.90649414062500000000e+01) (10, 2.32070297241210937500e+02) (11, -4.83292245864868164062e+00) (7, 5.37984418869018554688e+00) (8, 5.10846138000488281250e+01) (9, -3.32691699266433715820e-01) (10, 2.18506908416748046875e+01) (11, -5.19805335998535156250e+00) (7, 3.72700691223144531250e+01) (8, 2.08020462036132812500e+02) (9, -5.12333145141601562500e+01) (10, 2.32070297241210937500e+02) (11, 2.72174589335918426514e-02) (12, -4.71010208129882812500e-01) (13, -4.87525492906570434570e-01) (14, -2.45044064521789550781e+00) (15, -5.54081618785858154297e-01) (16, -4.95567113161087036133e-01) 
