FANN_FLO_2.1
num_layers=3
learning_rate=0.400000
connection_rate=1.000000
network_type=0
learning_momentum=0.000000
training_algorithm=2
train_error_function=1
train_stop_function=0
cascade_output_change_fraction=0.010000
quickprop_decay=-0.000100
quickprop_mu=1.750000
rprop_increase_factor=1.200000
rprop_decrease_factor=0.500000
rprop_delta_min=0.000000
rprop_delta_max=50.000000
rprop_delta_zero=0.100000
cascade_output_stagnation_epochs=12
cascade_candidate_change_fraction=0.010000
cascade_candidate_stagnation_epochs=12
cascade_max_out_epochs=150
cascade_min_out_epochs=50
cascade_max_cand_epochs=150
cascade_min_cand_epochs=50
cascade_num_candidate_groups=2
bit_fail_limit=3.49999994039535522461e-01
cascade_candidate_limit=1.00000000000000000000e+03
cascade_weight_multiplier=4.00000005960464477539e-01
cascade_activation_functions_count=10
cascade_activation_functions=3 5 7 8 10 11 14 15 16 17 
cascade_activation_steepnesses_count=4
cascade_activation_steepnesses=2.50000000000000000000e-01 5.00000000000000000000e-01 7.50000000000000000000e-01 1.00000000000000000000e+00 
layer_sizes=7 9 2 
scale_included=0
neurons (num_inputs, activation_function, activation_steepness)=(0, 0, 0.00000000000000000000e+00) (0, 0, 0.00000000000000000000e+00) (0, 0, 0.00000000000000000000e+00) (0, 0, 0.00000000000000000000e+00) (0, 0, 0.00000000000000000000e+00) (0, 0, 0.00000000000000000000e+00) (0, 0, 0.00000000000000000000e+00) (7, 3, 5.00000000000000000000e-01) (7, 3, 5.00000000000000000000e-01) (7, 3, 5.00000000000000000000e-01) (7, 3, 5.00000000000000000000e-01) (7, 3, 5.00000000000000000000e-01) (7, 3, 5.00000000000000000000e-01) (7, 3, 5.00000000000000000000e-01) (7, 3, 5.00000000000000000000e-01) (0, 3, 0.00000000000000000000e+00) (9, 3, 5.00000000000000000000e-01) (0, 3, 0.00000000000000000000e+00) 
connections (connected_to_neuron, weight)=(0, 4.43664884567260742188e+00) (1, 1.48584556579589843750e+00) (2, -1.10967988967895507812e+01) (3, 5.97798883914947509766e-01) (4, -1.13555824756622314453e+00) (5, 6.57691240310668945312e+00) (6, 2.82681655883789062500e+00) (0, 5.27734279632568359375e+00) (1, 4.44431591033935546875e+00) (2, 8.70405256748199462891e-01) (3, 4.95453566312789916992e-01) (4, -4.89710187911987304688e+00) (5, 2.05520182847976684570e-01) (6, 4.91417795419692993164e-01) (0, -4.68525552749633789062e+00) (1, -2.36953163146972656250e+00) (2, -2.09861683845520019531e+00) (3, 1.96828651428222656250e+00) (4, 1.31977272033691406250e+00) (5, 1.85073196887969970703e+00) (6, -5.80975413322448730469e-01) (0, 3.30936694145202636719e+00) (1, -2.46682214736938476562e+00) (2, -3.14664101600646972656e+00) (3, 2.84168338775634765625e+00) (4, -5.15577673912048339844e-01) (5, 9.51436614990234375000e+00) (6, -6.23436117172241210938e+00) (0, 4.18933963775634765625e+00) (1, 1.52235496044158935547e+00) (2, -7.81543314456939697266e-01) (3, -7.58794784545898437500e-01) (4, -3.09505796432495117188e+00) (5, 5.47626852989196777344e-01) (6, 2.64895319938659667969e+00) (0, -2.67143130302429199219e+00) (1, -2.25025129318237304688e+00) (2, -1.64733374118804931641e+00) (3, 4.49945878982543945312e+00) (4, -1.31940948963165283203e+00) (5, 1.64892446994781494141e+00) (6, -2.85561203956604003906e+00) (0, -4.22952795028686523438e+00) (1, 4.31513011455535888672e-01) (2, -1.48394107818603515625e+00) (3, -2.84196287393569946289e-01) (4, 5.99618852138519287109e-01) (5, 2.02174496650695800781e+00) (6, 1.17363703250885009766e+00) (0, 2.29056549072265625000e+00) (1, -5.02601981163024902344e-01) (2, 1.20102477073669433594e+00) (3, 1.70035541057586669922e+00) (4, 3.95215153694152832031e+00) (5, -1.35580911636352539062e+01) (6, 7.04864040017127990723e-02) (7, -9.89341914653778076172e-01) (8, -6.48083448410034179688e-01) (9, 2.93996715545654296875e+00) (10, 2.61832332611083984375e+00) (11, -6.51698470115661621094e-01) (12, 6.07818484306335449219e-01) (13, -7.75089681148529052734e-01) (14, 2.38040852546691894531e+00) (15, -3.30810546875000000000e-01) 
