FANN_FLO_2.1
num_layers=3
learning_rate=0.400000
connection_rate=1.000000
network_type=0
learning_momentum=0.000000
training_algorithm=2
train_error_function=1
train_stop_function=0
cascade_output_change_fraction=0.010000
quickprop_decay=-0.000100
quickprop_mu=1.750000
rprop_increase_factor=1.200000
rprop_decrease_factor=0.500000
rprop_delta_min=0.000000
rprop_delta_max=50.000000
rprop_delta_zero=0.100000
cascade_output_stagnation_epochs=12
cascade_candidate_change_fraction=0.010000
cascade_candidate_stagnation_epochs=12
cascade_max_out_epochs=150
cascade_min_out_epochs=50
cascade_max_cand_epochs=150
cascade_min_cand_epochs=50
cascade_num_candidate_groups=2
bit_fail_limit=3.49999994039535522461e-01
cascade_candidate_limit=1.00000000000000000000e+03
cascade_weight_multiplier=4.00000005960464477539e-01
cascade_activation_functions_count=10
cascade_activation_functions=3 5 7 8 10 11 14 15 16 17 
cascade_activation_steepnesses_count=4
cascade_activation_steepnesses=2.50000000000000000000e-01 5.00000000000000000000e-01 7.50000000000000000000e-01 1.00000000000000000000e+00 
layer_sizes=7 5 2 
scale_included=0
neurons (num_inputs, activation_function, activation_steepness)=(0, 0, 0.00000000000000000000e+00) (0, 0, 0.00000000000000000000e+00) (0, 0, 0.00000000000000000000e+00) (0, 0, 0.00000000000000000000e+00) (0, 0, 0.00000000000000000000e+00) (0, 0, 0.00000000000000000000e+00) (0, 0, 0.00000000000000000000e+00) (7, 3, 5.00000000000000000000e-01) (7, 3, 5.00000000000000000000e-01) (7, 3, 5.00000000000000000000e-01) (7, 3, 5.00000000000000000000e-01) (0, 3, 0.00000000000000000000e+00) (5, 3, 5.00000000000000000000e-01) (0, 3, 0.00000000000000000000e+00) 
connections (connected_to_neuron, weight)=(0, -8.11594772338867187500e+00) (1, 7.19249582290649414062e+00) (2, 4.39021949768066406250e+01) (3, 3.67981940507888793945e-01) (4, -1.54962759017944335938e+01) (5, 4.81520891189575195312e+00) (6, 3.25301790237426757812e+00) (0, 8.02148246765136718750e+00) (1, -4.04390144348144531250e+00) (2, 1.93177165985107421875e+01) (3, -4.14751052856445312500e+00) (4, -6.36942744255065917969e-01) (5, -3.69636130332946777344e+00) (6, 8.23476493358612060547e-01) (0, -4.49114656448364257812e+00) (1, -5.03000259399414062500e-01) (2, -1.66549186706542968750e+01) (3, -2.82248568534851074219e+00) (4, 1.16685605049133300781e+00) (5, 1.37041315436363220215e-01) (6, 3.55540442466735839844e+00) (0, -9.02912330627441406250e+00) (1, 8.00005912780761718750e+00) (2, -2.44672155380249023438e+00) (3, -1.97379398345947265625e+00) (4, -1.68628561496734619141e+00) (5, 5.17073011398315429688e+00) (6, 2.75398445129394531250e+00) (7, -9.08910512924194335938e-01) (8, -1.72675180435180664062e+00) (9, -2.38108658790588378906e+00) (10, -2.00023388862609863281e+00) (11, 9.73732471466064453125e-01) 
