FANN_FLO_2.1
num_layers=3
learning_rate=0.400000
connection_rate=1.000000
network_type=0
learning_momentum=0.000000
training_algorithm=2
train_error_function=1
train_stop_function=0
cascade_output_change_fraction=0.010000
quickprop_decay=-0.000100
quickprop_mu=1.750000
rprop_increase_factor=1.200000
rprop_decrease_factor=0.500000
rprop_delta_min=0.000000
rprop_delta_max=50.000000
rprop_delta_zero=0.100000
cascade_output_stagnation_epochs=12
cascade_candidate_change_fraction=0.010000
cascade_candidate_stagnation_epochs=12
cascade_max_out_epochs=150
cascade_min_out_epochs=50
cascade_max_cand_epochs=150
cascade_min_cand_epochs=50
cascade_num_candidate_groups=2
bit_fail_limit=3.49999994039535522461e-01
cascade_candidate_limit=1.00000000000000000000e+03
cascade_weight_multiplier=4.00000005960464477539e-01
cascade_activation_functions_count=10
cascade_activation_functions=3 5 7 8 10 11 14 15 16 17 
cascade_activation_steepnesses_count=4
cascade_activation_steepnesses=2.50000000000000000000e-01 5.00000000000000000000e-01 7.50000000000000000000e-01 1.00000000000000000000e+00 
layer_sizes=7 9 2 
scale_included=0
neurons (num_inputs, activation_function, activation_steepness)=(0, 0, 0.00000000000000000000e+00) (0, 0, 0.00000000000000000000e+00) (0, 0, 0.00000000000000000000e+00) (0, 0, 0.00000000000000000000e+00) (0, 0, 0.00000000000000000000e+00) (0, 0, 0.00000000000000000000e+00) (0, 0, 0.00000000000000000000e+00) (7, 3, 5.00000000000000000000e-01) (7, 3, 5.00000000000000000000e-01) (7, 3, 5.00000000000000000000e-01) (7, 3, 5.00000000000000000000e-01) (7, 3, 5.00000000000000000000e-01) (7, 3, 5.00000000000000000000e-01) (7, 3, 5.00000000000000000000e-01) (7, 3, 5.00000000000000000000e-01) (0, 3, 0.00000000000000000000e+00) (9, 3, 5.00000000000000000000e-01) (0, 3, 0.00000000000000000000e+00) 
connections (connected_to_neuron, weight)=(0, 3.90956091880798339844e+00) (1, -3.42158007621765136719e+00) (2, -6.35095643997192382812e+00) (3, -8.66654968261718750000e+00) (4, 4.60511922836303710938e+00) (5, 3.32207465171813964844e+00) (6, -5.85625791549682617188e+00) (0, -6.04477977752685546875e+00) (1, 7.87604522705078125000e+00) (2, 6.57635574340820312500e+01) (3, 1.42057962417602539062e+01) (4, -1.83114471435546875000e+01) (5, 1.59375562667846679688e+01) (6, -7.85084295272827148438e+00) (0, -4.89732551574707031250e+00) (1, -2.81361579895019531250e+01) (2, 1.41049659252166748047e+00) (3, -1.14056217670440673828e+00) (4, -1.64401912689208984375e+00) (5, 1.34797630310058593750e+01) (6, 4.99218553304672241211e-01) (0, 6.78976297378540039062e-01) (1, 2.35572242736816406250e+00) (2, 1.83030910491943359375e+01) (3, -2.64755582809448242188e+00) (4, -6.88663434982299804688e+00) (5, -1.46139770746231079102e-01) (6, 2.62001538276672363281e+00) (0, 1.43532695770263671875e+01) (1, -1.29919900894165039062e+01) (2, 6.71506285667419433594e-01) (3, -1.86711478233337402344e+00) (4, -2.23827624320983886719e+00) (5, 4.51565074920654296875e+00) (6, -6.02398920059204101562e+00) (0, -6.54252767562866210938e+00) (1, 6.02228689193725585938e+00) (2, -5.37178516387939453125e+00) (3, -2.18681383132934570312e+00) (4, -4.17484432458877563477e-01) (5, -1.50000000000000000000e+03) (6, -4.89806145429611206055e-01) (0, -7.09863567352294921875e+00) (1, -3.41247677803039550781e+00) (2, -9.52906012535095214844e-01) (3, 3.94338226318359375000e+00) (4, 4.75550317764282226562e+00) (5, 4.92864370346069335938e-01) (6, 9.84309971332550048828e-01) (0, 1.15825486183166503906e+00) (1, 9.93093013763427734375e-01) (2, 1.58211050033569335938e+01) (3, -2.46723008155822753906e+00) (4, -3.34833145141601562500e+00) (5, -4.19914436340332031250e+00) (6, 5.19844341278076171875e+00) (7, -4.11030483245849609375e+00) (8, -7.23261713981628417969e-01) (9, -2.59995269775390625000e+00) (10, -6.42910242080688476562e-01) (11, -5.99973535537719726562e+00) (12, -1.29766550064086914062e+01) (13, -9.06560838222503662109e-01) (14, -2.85888791084289550781e-01) (15, -6.38687387108802795410e-02) 
