FANN_FLO_2.1
num_layers=3
learning_rate=0.400000
connection_rate=1.000000
network_type=0
learning_momentum=0.000000
training_algorithm=2
train_error_function=1
train_stop_function=0
cascade_output_change_fraction=0.010000
quickprop_decay=-0.000100
quickprop_mu=1.750000
rprop_increase_factor=1.200000
rprop_decrease_factor=0.500000
rprop_delta_min=0.000000
rprop_delta_max=50.000000
rprop_delta_zero=0.100000
cascade_output_stagnation_epochs=12
cascade_candidate_change_fraction=0.010000
cascade_candidate_stagnation_epochs=12
cascade_max_out_epochs=150
cascade_min_out_epochs=50
cascade_max_cand_epochs=150
cascade_min_cand_epochs=50
cascade_num_candidate_groups=2
bit_fail_limit=3.49999994039535522461e-01
cascade_candidate_limit=1.00000000000000000000e+03
cascade_weight_multiplier=4.00000005960464477539e-01
cascade_activation_functions_count=10
cascade_activation_functions=3 5 7 8 10 11 14 15 16 17 
cascade_activation_steepnesses_count=4
cascade_activation_steepnesses=2.50000000000000000000e-01 5.00000000000000000000e-01 7.50000000000000000000e-01 1.00000000000000000000e+00 
layer_sizes=7 9 2 
scale_included=0
neurons (num_inputs, activation_function, activation_steepness)=(0, 0, 0.00000000000000000000e+00) (0, 0, 0.00000000000000000000e+00) (0, 0, 0.00000000000000000000e+00) (0, 0, 0.00000000000000000000e+00) (0, 0, 0.00000000000000000000e+00) (0, 0, 0.00000000000000000000e+00) (0, 0, 0.00000000000000000000e+00) (7, 3, 5.00000000000000000000e-01) (7, 3, 5.00000000000000000000e-01) (7, 3, 5.00000000000000000000e-01) (7, 3, 5.00000000000000000000e-01) (7, 3, 5.00000000000000000000e-01) (7, 3, 5.00000000000000000000e-01) (7, 3, 5.00000000000000000000e-01) (7, 3, 5.00000000000000000000e-01) (0, 3, 0.00000000000000000000e+00) (9, 3, 5.00000000000000000000e-01) (0, 3, 0.00000000000000000000e+00) 
connections (connected_to_neuron, weight)=(0, -1.69604849815368652344e+00) (1, -3.87714743614196777344e+00) (2, 3.31760025024414062500e+01) (3, -7.84998238086700439453e-02) (4, 3.27947402000427246094e+00) (5, 1.30116236209869384766e+00) (6, -2.89466595649719238281e+00) (0, -1.70394372940063476562e+00) (1, 2.11784315109252929688e+00) (2, -2.62828693389892578125e+01) (3, -3.51599240303039550781e+00) (4, 2.32867407798767089844e+00) (5, -3.86230163574218750000e+01) (6, 4.94748130440711975098e-02) (0, -1.07739610671997070312e+01) (1, 8.96304416656494140625e+00) (2, 9.57487761974334716797e-01) (3, -1.53607225418090820312e+00) (4, -1.56787383556365966797e+00) (5, -9.46497917175292968750e+00) (6, 7.66515552997589111328e-01) (0, -2.82613098621368408203e-01) (1, 2.70165276527404785156e+00) (2, 1.84289932250976562500e-01) (3, -3.13749980926513671875e+00) (4, -2.60485506057739257812e+00) (5, 2.22932815551757812500e+00) (6, 6.15888178348541259766e-01) (0, 8.27127456665039062500e+00) (1, -1.06039400100708007812e+01) (2, -4.60103797912597656250e+00) (3, -2.97881293296813964844e+00) (4, -4.34123665094375610352e-01) (5, 4.34319686889648437500e+00) (6, -2.98903155326843261719e+00) (0, 1.31790429353713989258e-01) (1, 1.03286409378051757812e+00) (2, 1.13358631134033203125e+01) (3, 2.49412078857421875000e+01) (4, 2.47045860290527343750e+01) (5, -6.60616827011108398438e+00) (6, -7.92568492889404296875e+00) (0, -1.41734945774078369141e+00) (1, -4.55811834335327148438e+00) (2, -4.76629371643066406250e+01) (3, 2.84865779876708984375e+01) (4, -1.77068824768066406250e+01) (5, -1.40404999256134033203e-01) (6, -8.88356983661651611328e-01) (0, 6.89940834045410156250e+00) (1, 1.45389401912689208984e+00) (2, 3.36799011230468750000e+01) (3, -8.28031349182128906250e+00) (4, -3.72157526016235351562e+00) (5, 3.69258904457092285156e+00) (6, -7.81151533126831054688e+00) (7, -9.52110290527343750000e-01) (8, -9.07853722572326660156e-01) (9, -6.94871187210083007812e+00) (10, -5.84100723266601562500e-01) (11, -7.20205497741699218750e+00) (12, -4.46254193782806396484e-01) (13, -4.05856758356094360352e-01) (14, -1.10798180103302001953e+00) (15, -2.14092016220092773438e-01) 
