FANN_FLO_2.1
num_layers=3
learning_rate=0.400000
connection_rate=1.000000
network_type=0
learning_momentum=0.000000
training_algorithm=2
train_error_function=1
train_stop_function=0
cascade_output_change_fraction=0.010000
quickprop_decay=-0.000100
quickprop_mu=1.750000
rprop_increase_factor=1.200000
rprop_decrease_factor=0.500000
rprop_delta_min=0.000000
rprop_delta_max=50.000000
rprop_delta_zero=0.100000
cascade_output_stagnation_epochs=12
cascade_candidate_change_fraction=0.010000
cascade_candidate_stagnation_epochs=12
cascade_max_out_epochs=150
cascade_min_out_epochs=50
cascade_max_cand_epochs=150
cascade_min_cand_epochs=50
cascade_num_candidate_groups=2
bit_fail_limit=3.49999994039535522461e-01
cascade_candidate_limit=1.00000000000000000000e+03
cascade_weight_multiplier=4.00000005960464477539e-01
cascade_activation_functions_count=10
cascade_activation_functions=3 5 7 8 10 11 14 15 16 17 
cascade_activation_steepnesses_count=4
cascade_activation_steepnesses=2.50000000000000000000e-01 5.00000000000000000000e-01 7.50000000000000000000e-01 1.00000000000000000000e+00 
layer_sizes=7 5 2 
scale_included=0
neurons (num_inputs, activation_function, activation_steepness)=(0, 0, 0.00000000000000000000e+00) (0, 0, 0.00000000000000000000e+00) (0, 0, 0.00000000000000000000e+00) (0, 0, 0.00000000000000000000e+00) (0, 0, 0.00000000000000000000e+00) (0, 0, 0.00000000000000000000e+00) (0, 0, 0.00000000000000000000e+00) (7, 3, 5.00000000000000000000e-01) (7, 3, 5.00000000000000000000e-01) (7, 3, 5.00000000000000000000e-01) (7, 3, 5.00000000000000000000e-01) (0, 3, 0.00000000000000000000e+00) (5, 3, 5.00000000000000000000e-01) (0, 3, 0.00000000000000000000e+00) 
connections (connected_to_neuron, weight)=(0, 1.63076329231262207031e+00) (1, 3.41360664367675781250e+00) (2, 3.28057909011840820312e+00) (3, -5.09688997268676757812e+00) (4, 8.94800567626953125000e+00) (5, -1.04246215820312500000e+01) (6, 2.65897822380065917969e+00) (0, 2.13777542114257812500e+00) (1, -1.17966055870056152344e+00) (2, 1.03254544734954833984e+00) (3, -9.05740261077880859375e-01) (4, 4.81145238876342773438e+00) (5, -1.33859038352966308594e-01) (6, -4.03379011154174804688e+00) (0, 1.12649555206298828125e+01) (1, 1.55265009403228759766e+00) (2, 7.24488615989685058594e-01) (3, -3.93454670906066894531e+00) (4, -3.34515786170959472656e+00) (5, -1.19366395473480224609e+00) (6, 1.24699091911315917969e+00) (0, 1.14091181755065917969e+00) (1, -1.21577358245849609375e+00) (2, 2.61523783206939697266e-01) (3, 9.25733506679534912109e-01) (4, 4.40961885452270507812e+00) (5, 2.31457233428955078125e+00) (6, -3.42698526382446289062e+00) (7, -2.08698701858520507812e+00) (8, 3.96225762367248535156e+00) (9, -2.08703947067260742188e+00) (10, 1.56097650527954101562e+00) (11, 4.31872814893722534180e-01) 
