FANN_FLO_2.1
num_layers=4
learning_rate=0.400000
connection_rate=1.000000
network_type=0
learning_momentum=0.000000
training_algorithm=2
train_error_function=1
train_stop_function=0
cascade_output_change_fraction=0.010000
quickprop_decay=-0.000100
quickprop_mu=1.750000
rprop_increase_factor=1.200000
rprop_decrease_factor=0.500000
rprop_delta_min=0.000000
rprop_delta_max=50.000000
rprop_delta_zero=0.100000
cascade_output_stagnation_epochs=12
cascade_candidate_change_fraction=0.010000
cascade_candidate_stagnation_epochs=12
cascade_max_out_epochs=150
cascade_min_out_epochs=50
cascade_max_cand_epochs=150
cascade_min_cand_epochs=50
cascade_num_candidate_groups=2
bit_fail_limit=3.49999994039535522461e-01
cascade_candidate_limit=1.00000000000000000000e+03
cascade_weight_multiplier=4.00000005960464477539e-01
cascade_activation_functions_count=10
cascade_activation_functions=3 5 7 8 10 11 14 15 16 17 
cascade_activation_steepnesses_count=4
cascade_activation_steepnesses=2.50000000000000000000e-01 5.00000000000000000000e-01 7.50000000000000000000e-01 1.00000000000000000000e+00 
layer_sizes=7 5 3 2 
scale_included=0
neurons (num_inputs, activation_function, activation_steepness)=(0, 0, 0.00000000000000000000e+00) (0, 0, 0.00000000000000000000e+00) (0, 0, 0.00000000000000000000e+00) (0, 0, 0.00000000000000000000e+00) (0, 0, 0.00000000000000000000e+00) (0, 0, 0.00000000000000000000e+00) (0, 0, 0.00000000000000000000e+00) (7, 3, 5.00000000000000000000e-01) (7, 3, 5.00000000000000000000e-01) (7, 3, 5.00000000000000000000e-01) (7, 3, 5.00000000000000000000e-01) (0, 3, 0.00000000000000000000e+00) (5, 3, 5.00000000000000000000e-01) (5, 3, 5.00000000000000000000e-01) (0, 3, 0.00000000000000000000e+00) (3, 3, 5.00000000000000000000e-01) (0, 3, 0.00000000000000000000e+00) 
connections (connected_to_neuron, weight)=(0, -3.16453155517578125000e+02) (1, 4.70969635009765625000e+02) (2, -1.33355468750000000000e+03) (3, 2.21435806274414062500e+02) (4, -1.83925262451171875000e+02) (5, -1.96020080566406250000e+02) (6, 2.25107955932617187500e+00) (0, 7.31477689743041992188e+00) (1, -8.75529479980468750000e+00) (2, 5.73191261291503906250e+00) (3, -3.04139804840087890625e+00) (4, -6.50566637516021728516e-01) (5, 3.77156591415405273438e+00) (6, -2.95660662651062011719e+00) (0, -9.06248378753662109375e+00) (1, 1.98492789268493652344e+00) (2, 3.27748413085937500000e+01) (3, -1.33371486663818359375e+01) (4, -8.23259770870208740234e-01) (5, -1.50000000000000000000e+03) (6, 1.91253745555877685547e+00) (0, -1.50000000000000000000e+03) (1, 9.58729675292968750000e+02) (2, -1.29027450561523437500e+02) (3, -1.50000000000000000000e+03) (4, -1.50000000000000000000e+03) (5, -1.50000000000000000000e+03) (6, 7.57868587970733642578e-01) (7, 2.89757966995239257812e+00) (8, 9.81190013885498046875e+00) (9, 5.11808538436889648438e+00) (10, 1.50000000000000000000e+03) (11, -3.63268947601318359375e+00) (7, -1.31652331352233886719e+00) (8, 1.32712459564208984375e+01) (9, 1.50000000000000000000e+03) (10, 1.50000000000000000000e+03) (11, -2.81913548707962036133e-01) (12, -3.81226873397827148438e+00) (13, -1.68040645122528076172e+00) (14, -5.65937817096710205078e-01) 
