FANN_FLO_2.1
num_layers=3
learning_rate=0.400000
connection_rate=1.000000
network_type=0
learning_momentum=0.000000
training_algorithm=2
train_error_function=1
train_stop_function=0
cascade_output_change_fraction=0.010000
quickprop_decay=-0.000100
quickprop_mu=1.750000
rprop_increase_factor=1.200000
rprop_decrease_factor=0.500000
rprop_delta_min=0.000000
rprop_delta_max=50.000000
rprop_delta_zero=0.100000
cascade_output_stagnation_epochs=12
cascade_candidate_change_fraction=0.010000
cascade_candidate_stagnation_epochs=12
cascade_max_out_epochs=150
cascade_min_out_epochs=50
cascade_max_cand_epochs=150
cascade_min_cand_epochs=50
cascade_num_candidate_groups=2
bit_fail_limit=3.49999994039535522461e-01
cascade_candidate_limit=1.00000000000000000000e+03
cascade_weight_multiplier=4.00000005960464477539e-01
cascade_activation_functions_count=10
cascade_activation_functions=3 5 7 8 10 11 14 15 16 17 
cascade_activation_steepnesses_count=4
cascade_activation_steepnesses=2.50000000000000000000e-01 5.00000000000000000000e-01 7.50000000000000000000e-01 1.00000000000000000000e+00 
layer_sizes=7 5 2 
scale_included=0
neurons (num_inputs, activation_function, activation_steepness)=(0, 0, 0.00000000000000000000e+00) (0, 0, 0.00000000000000000000e+00) (0, 0, 0.00000000000000000000e+00) (0, 0, 0.00000000000000000000e+00) (0, 0, 0.00000000000000000000e+00) (0, 0, 0.00000000000000000000e+00) (0, 0, 0.00000000000000000000e+00) (7, 3, 5.00000000000000000000e-01) (7, 3, 5.00000000000000000000e-01) (7, 3, 5.00000000000000000000e-01) (7, 3, 5.00000000000000000000e-01) (0, 3, 0.00000000000000000000e+00) (5, 3, 5.00000000000000000000e-01) (0, 3, 0.00000000000000000000e+00) 
connections (connected_to_neuron, weight)=(0, -8.03560018539428710938e-01) (1, -9.84489381313323974609e-01) (2, -2.43733501434326171875e+00) (3, 2.15389847755432128906e+00) (4, -6.46057546138763427734e-01) (5, 5.88328313827514648438e+00) (6, -2.83358335494995117188e+00) (0, -5.96510648727416992188e+00) (1, -2.02749514579772949219e+00) (2, -2.36649322509765625000e+00) (3, 1.97701084613800048828e+00) (4, 2.76603007316589355469e+00) (5, 1.68242621421813964844e+00) (6, -2.18154358863830566406e+00) (0, 2.30030212551355361938e-02) (1, 9.87357020378112792969e-01) (2, -5.46949291229248046875e+00) (3, -7.69706368446350097656e-01) (4, 8.59450519084930419922e-01) (5, 2.60681796073913574219e+00) (6, 2.06787514686584472656e+00) (0, 1.15757465362548828125e+00) (1, 1.54456269741058349609e+00) (2, -4.07058811187744140625e+00) (3, -2.25492000579833984375e+00) (4, -7.02517461776733398438e+00) (5, 9.78190994262695312500e+00) (6, 2.78841066360473632812e+00) (7, 4.41555404663085937500e+00) (8, 3.35299682617187500000e+00) (9, -1.00567626953125000000e+00) (10, -3.42937636375427246094e+00) (11, 6.84020102024078369141e-01) 
