FANN_FLO_2.1
num_layers=3
learning_rate=0.500000
connection_rate=1.000000
network_type=0
learning_momentum=0.000000
training_algorithm=2
train_error_function=1
train_stop_function=0
cascade_output_change_fraction=0.010000
quickprop_decay=-0.000100
quickprop_mu=1.750000
rprop_increase_factor=1.200000
rprop_decrease_factor=0.500000
rprop_delta_min=0.000000
rprop_delta_max=50.000000
rprop_delta_zero=0.100000
cascade_output_stagnation_epochs=12
cascade_candidate_change_fraction=0.010000
cascade_candidate_stagnation_epochs=12
cascade_max_out_epochs=150
cascade_min_out_epochs=50
cascade_max_cand_epochs=150
cascade_min_cand_epochs=50
cascade_num_candidate_groups=2
bit_fail_limit=3.49999994039535522461e-01
cascade_candidate_limit=1.00000000000000000000e+03
cascade_weight_multiplier=4.00000005960464477539e-01
cascade_activation_functions_count=10
cascade_activation_functions=3 5 7 8 10 11 14 15 16 17 
cascade_activation_steepnesses_count=4
cascade_activation_steepnesses=2.50000000000000000000e-01 5.00000000000000000000e-01 7.50000000000000000000e-01 1.00000000000000000000e+00 
layer_sizes=10 5 2 
scale_included=0
neurons (num_inputs, activation_function, activation_steepness)=(0, 0, 0.00000000000000000000e+00) (0, 0, 0.00000000000000000000e+00) (0, 0, 0.00000000000000000000e+00) (0, 0, 0.00000000000000000000e+00) (0, 0, 0.00000000000000000000e+00) (0, 0, 0.00000000000000000000e+00) (0, 0, 0.00000000000000000000e+00) (0, 0, 0.00000000000000000000e+00) (0, 0, 0.00000000000000000000e+00) (0, 0, 0.00000000000000000000e+00) (10, 3, 5.00000000000000000000e-01) (10, 3, 5.00000000000000000000e-01) (10, 3, 5.00000000000000000000e-01) (10, 3, 5.00000000000000000000e-01) (0, 3, 0.00000000000000000000e+00) (5, 3, 5.00000000000000000000e-01) (0, 3, 0.00000000000000000000e+00) 
connections (connected_to_neuron, weight)=(0, -1.22899912297725677490e-01) (1, -3.37884116172790527344e+00) (2, -1.46099829673767089844e+00) (3, -2.78719186782836914062e+00) (4, 2.47476530075073242188e+00) (5, -1.20855216979980468750e+01) (6, 2.19281253814697265625e+01) (7, -2.25353598594665527344e+00) (8, 5.94544768333435058594e-01) (9, -4.07465362548828125000e+00) (0, 1.01719534397125244141e+00) (1, 2.25781784057617187500e+01) (2, 9.14608764648437500000e+00) (3, -9.09485638141632080078e-01) (4, 3.03473114967346191406e+00) (5, 5.79129695892333984375e+00) (6, -1.21501331329345703125e+01) (7, -2.12321605682373046875e+01) (8, 2.22987723350524902344e+00) (9, -5.43517398834228515625e+00) (0, -5.42158007621765136719e-01) (1, 3.00686731934547424316e-02) (2, 3.97287786006927490234e-01) (3, -6.32232046127319335938e+00) (4, 2.94427609443664550781e+00) (5, -3.98193776607513427734e-01) (6, 3.91893577575683593750e+00) (7, -3.87296319007873535156e+00) (8, -1.47021710872650146484e-01) (9, 8.01311731338500976562e-01) (0, -2.46640443801879882812e+00) (1, -1.26167809963226318359e+00) (2, -1.65795254707336425781e+00) (3, -2.43548917770385742188e+00) (4, 1.01593074798583984375e+01) (5, 5.59277057647705078125e-01) (6, 2.71996092796325683594e+00) (7, 3.39180421829223632812e+00) (8, -5.27525281906127929688e+00) (9, 7.75156795978546142578e-01) (10, 3.59797406196594238281e+00) (11, 3.12150764465332031250e+00) (12, 1.64007759094238281250e+00) (13, -9.88180816173553466797e-01) (14, -2.14875960350036621094e+00) 
