FANN_FLO_2.1
num_layers=4
learning_rate=0.500000
connection_rate=1.000000
network_type=0
learning_momentum=0.000000
training_algorithm=2
train_error_function=1
train_stop_function=0
cascade_output_change_fraction=0.010000
quickprop_decay=-0.000100
quickprop_mu=1.750000
rprop_increase_factor=1.200000
rprop_decrease_factor=0.500000
rprop_delta_min=0.000000
rprop_delta_max=50.000000
rprop_delta_zero=0.100000
cascade_output_stagnation_epochs=12
cascade_candidate_change_fraction=0.010000
cascade_candidate_stagnation_epochs=12
cascade_max_out_epochs=150
cascade_min_out_epochs=50
cascade_max_cand_epochs=150
cascade_min_cand_epochs=50
cascade_num_candidate_groups=2
bit_fail_limit=3.49999994039535522461e-01
cascade_candidate_limit=1.00000000000000000000e+03
cascade_weight_multiplier=4.00000005960464477539e-01
cascade_activation_functions_count=10
cascade_activation_functions=3 5 7 8 10 11 14 15 16 17 
cascade_activation_steepnesses_count=4
cascade_activation_steepnesses=2.50000000000000000000e-01 5.00000000000000000000e-01 7.50000000000000000000e-01 1.00000000000000000000e+00 
layer_sizes=10 3 3 2 
scale_included=0
neurons (num_inputs, activation_function, activation_steepness)=(0, 0, 0.00000000000000000000e+00) (0, 0, 0.00000000000000000000e+00) (0, 0, 0.00000000000000000000e+00) (0, 0, 0.00000000000000000000e+00) (0, 0, 0.00000000000000000000e+00) (0, 0, 0.00000000000000000000e+00) (0, 0, 0.00000000000000000000e+00) (0, 0, 0.00000000000000000000e+00) (0, 0, 0.00000000000000000000e+00) (0, 0, 0.00000000000000000000e+00) (10, 3, 5.00000000000000000000e-01) (10, 3, 5.00000000000000000000e-01) (0, 3, 0.00000000000000000000e+00) (3, 3, 5.00000000000000000000e-01) (3, 3, 5.00000000000000000000e-01) (0, 3, 0.00000000000000000000e+00) (3, 3, 5.00000000000000000000e-01) (0, 3, 0.00000000000000000000e+00) 
connections (connected_to_neuron, weight)=(0, 1.08318811035156250000e+03) (1, -1.48899927139282226562e+01) (2, 1.50000000000000000000e+03) (3, -6.06130778789520263672e-01) (4, -1.13606048583984375000e+02) (5, 8.02529144287109375000e+01) (6, -1.49360314941406250000e+03) (7, -1.49493640136718750000e+03) (8, -9.02148620605468750000e+02) (9, -4.89692568778991699219e-01) (0, 2.44563126564025878906e+00) (1, -9.87582492828369140625e+00) (2, -1.14429788589477539062e+01) (3, 4.22098541259765625000e+00) (4, 1.51692781448364257812e+01) (5, 1.21622304916381835938e+01) (6, 3.88127589225769042969e+00) (7, -8.33446621894836425781e-01) (8, -1.16801393032073974609e+00) (9, -7.32039499282836914062e+00) (10, 1.20481357574462890625e+01) (11, 1.79604663848876953125e+01) (12, -9.51294040679931640625e+00) (10, 1.50000000000000000000e+03) (11, 1.45233087539672851562e+01) (12, -6.42348718643188476562e+00) (13, 9.28147256374359130859e-01) (14, 8.12050223350524902344e-01) (15, -8.58131349086761474609e-01) 
