FANN_FLO_2.1
num_layers=4
learning_rate=0.500000
connection_rate=1.000000
network_type=0
learning_momentum=0.000000
training_algorithm=2
train_error_function=1
train_stop_function=0
cascade_output_change_fraction=0.010000
quickprop_decay=-0.000100
quickprop_mu=1.750000
rprop_increase_factor=1.200000
rprop_decrease_factor=0.500000
rprop_delta_min=0.000000
rprop_delta_max=50.000000
rprop_delta_zero=0.100000
cascade_output_stagnation_epochs=12
cascade_candidate_change_fraction=0.010000
cascade_candidate_stagnation_epochs=12
cascade_max_out_epochs=150
cascade_min_out_epochs=50
cascade_max_cand_epochs=150
cascade_min_cand_epochs=50
cascade_num_candidate_groups=2
bit_fail_limit=3.49999994039535522461e-01
cascade_candidate_limit=1.00000000000000000000e+03
cascade_weight_multiplier=4.00000005960464477539e-01
cascade_activation_functions_count=10
cascade_activation_functions=3 5 7 8 10 11 14 15 16 17 
cascade_activation_steepnesses_count=4
cascade_activation_steepnesses=2.50000000000000000000e-01 5.00000000000000000000e-01 7.50000000000000000000e-01 1.00000000000000000000e+00 
layer_sizes=2 5 3 3 
scale_included=0
neurons (num_inputs, activation_function, activation_steepness)=(0, 0, 0.00000000000000000000e+00) (0, 0, 0.00000000000000000000e+00) (2, 3, 5.00000000000000000000e-01) (2, 3, 5.00000000000000000000e-01) (2, 3, 5.00000000000000000000e-01) (2, 3, 5.00000000000000000000e-01) (0, 3, 0.00000000000000000000e+00) (5, 3, 5.00000000000000000000e-01) (5, 3, 5.00000000000000000000e-01) (0, 3, 0.00000000000000000000e+00) (3, 0, 5.00000000000000000000e-01) (3, 0, 5.00000000000000000000e-01) (0, 0, 0.00000000000000000000e+00) 
connections (connected_to_neuron, weight)=(0, -1.17728805541992187500e+02) (1, 3.23964071273803710938e+00) (0, -2.04240036010742187500e+02) (1, 4.04537487030029296875e+00) (0, -5.50196342468261718750e+01) (1, 2.26591701507568359375e+01) (0, -7.55093688964843750000e+01) (1, 1.61651172637939453125e+01) (2, 1.50000000000000000000e+03) (3, 1.50000000000000000000e+03) (4, -1.49040686035156250000e+03) (5, 1.49035278320312500000e+03) (6, 4.53101933002471923828e-01) (2, -2.98194676637649536133e-01) (3, 4.05108511447906494141e-01) (4, -1.60625839233398437500e+00) (5, -1.07533812522888183594e+00) (6, 1.78597033023834228516e+00) (7, 1.90535008907318115234e+00) (8, 2.36951422691345214844e+00) (9, -2.83829975128173828125e+00) (7, 1.06105935573577880859e+00) (8, -5.81531763076782226562e+00) (9, 2.67428088188171386719e+00) 
