FANN_FLO_2.1
num_layers=3
learning_rate=0.400000
connection_rate=1.000000
network_type=0
learning_momentum=0.000000
training_algorithm=2
train_error_function=1
train_stop_function=0
cascade_output_change_fraction=0.010000
quickprop_decay=-0.000100
quickprop_mu=1.750000
rprop_increase_factor=1.200000
rprop_decrease_factor=0.500000
rprop_delta_min=0.000000
rprop_delta_max=50.000000
rprop_delta_zero=0.100000
cascade_output_stagnation_epochs=12
cascade_candidate_change_fraction=0.010000
cascade_candidate_stagnation_epochs=12
cascade_max_out_epochs=150
cascade_min_out_epochs=50
cascade_max_cand_epochs=150
cascade_min_cand_epochs=50
cascade_num_candidate_groups=2
bit_fail_limit=3.49999994039535522461e-01
cascade_candidate_limit=1.00000000000000000000e+03
cascade_weight_multiplier=4.00000005960464477539e-01
cascade_activation_functions_count=10
cascade_activation_functions=3 5 7 8 10 11 14 15 16 17 
cascade_activation_steepnesses_count=4
cascade_activation_steepnesses=2.50000000000000000000e-01 5.00000000000000000000e-01 7.50000000000000000000e-01 1.00000000000000000000e+00 
layer_sizes=7 9 2 
scale_included=0
neurons (num_inputs, activation_function, activation_steepness)=(0, 0, 0.00000000000000000000e+00) (0, 0, 0.00000000000000000000e+00) (0, 0, 0.00000000000000000000e+00) (0, 0, 0.00000000000000000000e+00) (0, 0, 0.00000000000000000000e+00) (0, 0, 0.00000000000000000000e+00) (0, 0, 0.00000000000000000000e+00) (7, 3, 5.00000000000000000000e-01) (7, 3, 5.00000000000000000000e-01) (7, 3, 5.00000000000000000000e-01) (7, 3, 5.00000000000000000000e-01) (7, 3, 5.00000000000000000000e-01) (7, 3, 5.00000000000000000000e-01) (7, 3, 5.00000000000000000000e-01) (7, 3, 5.00000000000000000000e-01) (0, 3, 0.00000000000000000000e+00) (9, 3, 5.00000000000000000000e-01) (0, 3, 0.00000000000000000000e+00) 
connections (connected_to_neuron, weight)=(0, 1.72742328643798828125e+01) (1, -1.93903179168701171875e+01) (2, 8.22175312042236328125e+00) (3, -2.56610202789306640625e+00) (4, 3.68895232677459716797e-01) (5, -5.85982036590576171875e+00) (6, 6.91881608963012695312e+00) (0, -1.51558148860931396484e+00) (1, 6.03933811187744140625e+00) (2, 1.21273925781250000000e+03) (3, 1.09219379425048828125e+01) (4, -9.75208862304687500000e+02) (5, 5.14430236816406250000e+01) (6, 6.85998582839965820312e+00) (0, 1.61029739379882812500e+01) (1, -1.57350521087646484375e+01) (2, 5.93704843521118164062e+00) (3, -2.10385107994079589844e+00) (4, 4.31297928094863891602e-01) (5, -6.35785961151123046875e+00) (6, 6.27594232559204101562e+00) (0, -8.35563182830810546875e+00) (1, -2.72220522165298461914e-01) (2, 3.23020095825195312500e+01) (3, 6.08338296413421630859e-01) (4, -8.20030391216278076172e-01) (5, 5.28066158294677734375e+00) (6, 2.60442423820495605469e+00) (0, -9.64169204235076904297e-01) (1, -8.55305552482604980469e-01) (2, -1.42452964782714843750e+01) (3, -4.44475698471069335938e+00) (4, -2.32367897033691406250e+00) (5, -1.47368788719177246094e+00) (6, 5.45325660705566406250e+00) (0, -3.74061965942382812500e+00) (1, 4.66833209991455078125e+00) (2, 3.81871998310089111328e-01) (3, -6.87238788604736328125e+00) (4, 1.09405601024627685547e+00) (5, -1.44420552253723144531e+00) (6, -2.60804605484008789062e+00) (0, -2.83622026443481445312e+00) (1, -1.93078124523162841797e+00) (2, 8.05770206451416015625e+00) (3, -4.26939439773559570312e+00) (4, -2.32925486564636230469e+00) (5, -1.08409535884857177734e+00) (6, 2.75430393218994140625e+00) (0, -1.58658027648925781250e+01) (1, 1.35282964706420898438e+01) (2, -4.81152343750000000000e+00) (3, -3.62398982048034667969e+00) (4, -2.06329679489135742188e+00) (5, 3.70791172981262207031e+00) (6, 3.06358718872070312500e+00) (7, -1.86897814273834228516e+00) (8, -3.56164395809173583984e-01) (9, -2.16606378555297851562e+00) (10, -9.30120885372161865234e-01) (11, -6.63317382335662841797e-01) (12, -2.77534580230712890625e+00) (13, 2.84021568298339843750e+00) (14, -3.53970694541931152344e+00) (15, 2.91188478469848632812e+00) 
