FANN_FLO_2.1
num_layers=3
learning_rate=0.500000
connection_rate=1.000000
network_type=0
learning_momentum=0.000000
training_algorithm=2
train_error_function=1
train_stop_function=0
cascade_output_change_fraction=0.010000
quickprop_decay=-0.000100
quickprop_mu=1.750000
rprop_increase_factor=1.200000
rprop_decrease_factor=0.500000
rprop_delta_min=0.000000
rprop_delta_max=50.000000
rprop_delta_zero=0.100000
cascade_output_stagnation_epochs=12
cascade_candidate_change_fraction=0.010000
cascade_candidate_stagnation_epochs=12
cascade_max_out_epochs=150
cascade_min_out_epochs=50
cascade_max_cand_epochs=150
cascade_min_cand_epochs=50
cascade_num_candidate_groups=2
bit_fail_limit=3.49999994039535522461e-01
cascade_candidate_limit=1.00000000000000000000e+03
cascade_weight_multiplier=4.00000005960464477539e-01
cascade_activation_functions_count=10
cascade_activation_functions=3 5 7 8 10 11 14 15 16 17 
cascade_activation_steepnesses_count=4
cascade_activation_steepnesses=2.50000000000000000000e-01 5.00000000000000000000e-01 7.50000000000000000000e-01 1.00000000000000000000e+00 
layer_sizes=10 5 2 
scale_included=0
neurons (num_inputs, activation_function, activation_steepness)=(0, 0, 0.00000000000000000000e+00) (0, 0, 0.00000000000000000000e+00) (0, 0, 0.00000000000000000000e+00) (0, 0, 0.00000000000000000000e+00) (0, 0, 0.00000000000000000000e+00) (0, 0, 0.00000000000000000000e+00) (0, 0, 0.00000000000000000000e+00) (0, 0, 0.00000000000000000000e+00) (0, 0, 0.00000000000000000000e+00) (0, 0, 0.00000000000000000000e+00) (10, 3, 5.00000000000000000000e-01) (10, 3, 5.00000000000000000000e-01) (10, 3, 5.00000000000000000000e-01) (10, 3, 5.00000000000000000000e-01) (0, 3, 0.00000000000000000000e+00) (5, 3, 5.00000000000000000000e-01) (0, 3, 0.00000000000000000000e+00) 
connections (connected_to_neuron, weight)=(0, 2.37731766700744628906e+00) (1, -8.26666927337646484375e+00) (2, 1.27550631761550903320e-01) (3, -3.07018899917602539062e+00) (4, -4.40360403060913085938e+00) (5, -3.40468621253967285156e+00) (6, -7.38769471645355224609e-01) (7, -5.49627721309661865234e-01) (8, 1.68954923748970031738e-01) (9, 4.20846271514892578125e+00) (0, 3.65613245964050292969e+00) (1, 7.02964735031127929688e+00) (2, 4.59966278076171875000e+00) (3, 1.89262557029724121094e+00) (4, 6.61482155323028564453e-01) (5, 8.63484501838684082031e-01) (6, -2.91203308105468750000e+00) (7, -5.05972433090209960938e+00) (8, -1.39227485656738281250e+01) (9, 4.90497350692749023438e-01) (0, 6.55827760696411132812e-01) (1, -4.68351125717163085938e+00) (2, -3.48448693752288818359e-01) (3, -1.50324785709381103516e+00) (4, -3.48241329193115234375e+00) (5, -1.87478172779083251953e+00) (6, -1.02242255210876464844e+00) (7, -5.54225623607635498047e-01) (8, 8.53891968727111816406e-01) (9, 1.68367111682891845703e+00) (0, 9.35116577148437500000e+00) (1, 8.61228656768798828125e+00) (2, -4.66912478208541870117e-01) (3, 1.54080271720886230469e+00) (4, 5.81774902343750000000e+00) (5, 1.36700344085693359375e+01) (6, -9.48644876480102539062e-01) (7, -3.53859496116638183594e+00) (8, -3.02870273590087890625e+01) (9, -1.33665934205055236816e-01) (10, -4.12110757827758789062e+00) (11, 4.49684286117553710938e+00) (12, -5.38772106170654296875e-01) (13, -4.57227897644042968750e+00) (14, 1.20534825325012207031e+00) 
