FANN_FLO_2.1
num_layers=3
learning_rate=0.400000
connection_rate=1.000000
network_type=0
learning_momentum=0.000000
training_algorithm=2
train_error_function=1
train_stop_function=0
cascade_output_change_fraction=0.010000
quickprop_decay=-0.000100
quickprop_mu=1.750000
rprop_increase_factor=1.200000
rprop_decrease_factor=0.500000
rprop_delta_min=0.000000
rprop_delta_max=50.000000
rprop_delta_zero=0.100000
cascade_output_stagnation_epochs=12
cascade_candidate_change_fraction=0.010000
cascade_candidate_stagnation_epochs=12
cascade_max_out_epochs=150
cascade_min_out_epochs=50
cascade_max_cand_epochs=150
cascade_min_cand_epochs=50
cascade_num_candidate_groups=2
bit_fail_limit=3.49999994039535522461e-01
cascade_candidate_limit=1.00000000000000000000e+03
cascade_weight_multiplier=4.00000005960464477539e-01
cascade_activation_functions_count=10
cascade_activation_functions=3 5 7 8 10 11 14 15 16 17 
cascade_activation_steepnesses_count=4
cascade_activation_steepnesses=2.50000000000000000000e-01 5.00000000000000000000e-01 7.50000000000000000000e-01 1.00000000000000000000e+00 
layer_sizes=7 5 2 
scale_included=0
neurons (num_inputs, activation_function, activation_steepness)=(0, 0, 0.00000000000000000000e+00) (0, 0, 0.00000000000000000000e+00) (0, 0, 0.00000000000000000000e+00) (0, 0, 0.00000000000000000000e+00) (0, 0, 0.00000000000000000000e+00) (0, 0, 0.00000000000000000000e+00) (0, 0, 0.00000000000000000000e+00) (7, 3, 5.00000000000000000000e-01) (7, 3, 5.00000000000000000000e-01) (7, 3, 5.00000000000000000000e-01) (7, 3, 5.00000000000000000000e-01) (0, 3, 0.00000000000000000000e+00) (5, 3, 5.00000000000000000000e-01) (0, 3, 0.00000000000000000000e+00) 
connections (connected_to_neuron, weight)=(0, 1.32510824203491210938e+01) (1, 6.42063951492309570312e+00) (2, 2.86539077758789062500e+00) (3, -3.33959436416625976562e+00) (4, 2.37579300999641418457e-01) (5, 1.53423935174942016602e-01) (6, -3.89444804191589355469e+00) (0, 3.07264661788940429688e+00) (1, 2.96162009239196777344e+00) (2, -1.68684196472167968750e+00) (3, -1.07249479293823242188e+01) (4, 1.88098233193159103394e-02) (5, 2.59610354900360107422e-01) (6, 6.35487174987792968750e+00) (0, -2.87116694450378417969e+00) (1, 2.42432665824890136719e+00) (2, 3.06841373443603515625e+00) (3, -2.64026260375976562500e+00) (4, 8.62304496765136718750e+00) (5, -8.89910221099853515625e+00) (6, 3.47550249099731445312e+00) (0, 2.73268508911132812500e+00) (1, 3.18511724472045898438e+00) (2, 1.51080930233001708984e+00) (3, 5.61956882476806640625e+00) (4, -1.60936679840087890625e+01) (5, -2.94829666614532470703e-01) (6, 2.29009437561035156250e+00) (7, -1.23731744289398193359e+00) (8, -1.78774118423461914062e+00) (9, -1.59193050861358642578e+00) (10, -1.93636012077331542969e+00) (11, 4.25638675689697265625e+00) 
