FANN_FLO_2.1
num_layers=3
learning_rate=0.400000
connection_rate=1.000000
network_type=0
learning_momentum=0.000000
training_algorithm=2
train_error_function=1
train_stop_function=0
cascade_output_change_fraction=0.010000
quickprop_decay=-0.000100
quickprop_mu=1.750000
rprop_increase_factor=1.200000
rprop_decrease_factor=0.500000
rprop_delta_min=0.000000
rprop_delta_max=50.000000
rprop_delta_zero=0.100000
cascade_output_stagnation_epochs=12
cascade_candidate_change_fraction=0.010000
cascade_candidate_stagnation_epochs=12
cascade_max_out_epochs=150
cascade_min_out_epochs=50
cascade_max_cand_epochs=150
cascade_min_cand_epochs=50
cascade_num_candidate_groups=2
bit_fail_limit=3.49999994039535522461e-01
cascade_candidate_limit=1.00000000000000000000e+03
cascade_weight_multiplier=4.00000005960464477539e-01
cascade_activation_functions_count=10
cascade_activation_functions=3 5 7 8 10 11 14 15 16 17 
cascade_activation_steepnesses_count=4
cascade_activation_steepnesses=2.50000000000000000000e-01 5.00000000000000000000e-01 7.50000000000000000000e-01 1.00000000000000000000e+00 
layer_sizes=7 9 2 
scale_included=0
neurons (num_inputs, activation_function, activation_steepness)=(0, 0, 0.00000000000000000000e+00) (0, 0, 0.00000000000000000000e+00) (0, 0, 0.00000000000000000000e+00) (0, 0, 0.00000000000000000000e+00) (0, 0, 0.00000000000000000000e+00) (0, 0, 0.00000000000000000000e+00) (0, 0, 0.00000000000000000000e+00) (7, 3, 5.00000000000000000000e-01) (7, 3, 5.00000000000000000000e-01) (7, 3, 5.00000000000000000000e-01) (7, 3, 5.00000000000000000000e-01) (7, 3, 5.00000000000000000000e-01) (7, 3, 5.00000000000000000000e-01) (7, 3, 5.00000000000000000000e-01) (7, 3, 5.00000000000000000000e-01) (0, 3, 0.00000000000000000000e+00) (9, 3, 5.00000000000000000000e-01) (0, 3, 0.00000000000000000000e+00) 
connections (connected_to_neuron, weight)=(0, -7.72627234458923339844e-01) (1, 7.19857215881347656250e-01) (2, -8.33864748477935791016e-01) (3, -1.62824106216430664062e+00) (4, -2.31314134597778320312e+00) (5, -9.08392131328582763672e-01) (6, 1.67106866836547851562e+00) (0, 3.77883458137512207031e+00) (1, 3.87578392028808593750e+00) (2, 3.60448050498962402344e+00) (3, -4.41633433103561401367e-01) (4, -4.09680366516113281250e+00) (5, -2.73863029479980468750e+00) (6, 2.88343429565429687500e-01) (0, 8.17454397678375244141e-01) (1, 8.29589605331420898438e-01) (2, -1.43896496295928955078e+00) (3, -1.22075724601745605469e+00) (4, 1.53115272521972656250e-01) (5, 9.26769375801086425781e-01) (6, 8.17027330398559570312e-01) (0, 3.56354355812072753906e-01) (1, -1.49649560451507568359e+00) (2, -1.23929512500762939453e+00) (3, 1.89050686359405517578e+00) (4, -4.85349088907241821289e-01) (5, 5.07999229431152343750e+00) (6, -3.09044408798217773438e+00) (0, -1.95633959770202636719e+00) (1, -1.97834157943725585938e+00) (2, -5.64058351516723632812e+00) (3, 1.85721302032470703125e+00) (4, 2.77169489860534667969e+00) (5, 1.07518124580383300781e+00) (6, -3.41939806938171386719e+00) (0, -2.03481242060661315918e-01) (1, 1.02857041358947753906e+00) (2, 1.01404559612274169922e+00) (3, 8.78148794174194335938e-01) (4, 1.86850130558013916016e+00) (5, -2.45251327753067016602e-01) (6, 1.98295223712921142578e+00) (0, -1.25350749492645263672e+00) (1, -1.18128848075866699219e+00) (2, 5.16818332672119140625e+00) (3, -3.07563471794128417969e+00) (4, 7.06192541122436523438e+00) (5, -1.03116989135742187500e+01) (6, -2.37013792991638183594e+00) (0, 7.60714054107666015625e-01) (1, 6.99699759483337402344e-01) (2, -1.82399392127990722656e+00) (3, -1.19521760940551757812e+00) (4, -6.88501834869384765625e-01) (5, 6.47646427154541015625e-01) (6, 2.24500000476837158203e-01) (7, -8.48349928855895996094e-01) (8, -1.15358734130859375000e+00) (9, -1.28620815277099609375e+00) (10, 3.75780367851257324219e+00) (11, 7.21764755249023437500e+00) (12, -6.72289609909057617188e-01) (13, 3.45084977149963378906e+00) (14, -6.62543237209320068359e-01) (15, -1.02507635951042175293e-01) 
