FANN_FLO_2.1
num_layers=4
learning_rate=0.500000
connection_rate=1.000000
network_type=0
learning_momentum=0.000000
training_algorithm=2
train_error_function=1
train_stop_function=0
cascade_output_change_fraction=0.010000
quickprop_decay=-0.000100
quickprop_mu=1.750000
rprop_increase_factor=1.200000
rprop_decrease_factor=0.500000
rprop_delta_min=0.000000
rprop_delta_max=50.000000
rprop_delta_zero=0.100000
cascade_output_stagnation_epochs=12
cascade_candidate_change_fraction=0.010000
cascade_candidate_stagnation_epochs=12
cascade_max_out_epochs=150
cascade_min_out_epochs=50
cascade_max_cand_epochs=150
cascade_min_cand_epochs=50
cascade_num_candidate_groups=2
bit_fail_limit=3.49999994039535522461e-01
cascade_candidate_limit=1.00000000000000000000e+03
cascade_weight_multiplier=4.00000005960464477539e-01
cascade_activation_functions_count=10
cascade_activation_functions=3 5 7 8 10 11 14 15 16 17 
cascade_activation_steepnesses_count=4
cascade_activation_steepnesses=2.50000000000000000000e-01 5.00000000000000000000e-01 7.50000000000000000000e-01 1.00000000000000000000e+00 
layer_sizes=10 5 3 2 
scale_included=0
neurons (num_inputs, activation_function, activation_steepness)=(0, 0, 0.00000000000000000000e+00) (0, 0, 0.00000000000000000000e+00) (0, 0, 0.00000000000000000000e+00) (0, 0, 0.00000000000000000000e+00) (0, 0, 0.00000000000000000000e+00) (0, 0, 0.00000000000000000000e+00) (0, 0, 0.00000000000000000000e+00) (0, 0, 0.00000000000000000000e+00) (0, 0, 0.00000000000000000000e+00) (0, 0, 0.00000000000000000000e+00) (10, 3, 5.00000000000000000000e-01) (10, 3, 5.00000000000000000000e-01) (10, 3, 5.00000000000000000000e-01) (10, 3, 5.00000000000000000000e-01) (0, 3, 0.00000000000000000000e+00) (5, 3, 5.00000000000000000000e-01) (5, 3, 5.00000000000000000000e-01) (0, 3, 0.00000000000000000000e+00) (3, 3, 5.00000000000000000000e-01) (0, 3, 0.00000000000000000000e+00) 
connections (connected_to_neuron, weight)=(0, -6.12475633621215820312e+00) (1, 2.42452168464660644531e+00) (2, 2.13293504714965820312e+00) (3, -3.72680735588073730469e+00) (4, 1.52417659759521484375e+00) (5, 1.34216701984405517578e+00) (6, -1.02391538619995117188e+01) (7, 1.63906201720237731934e-01) (8, 1.35909199714660644531e+00) (9, -7.05136001110076904297e-01) (0, -6.97978782653808593750e+00) (1, 3.42337083816528320312e+00) (2, 1.97463572025299072266e+00) (3, -5.04893064498901367188e+00) (4, 1.71515655517578125000e+00) (5, 1.11858654022216796875e+00) (6, -8.34468746185302734375e+00) (7, -3.30858290195465087891e-01) (8, 1.80270922183990478516e+00) (9, 9.84054565429687500000e-01) (0, 4.51905399560928344727e-01) (1, 2.44379353523254394531e+00) (2, 2.02829766273498535156e+00) (3, -2.68354988098144531250e+00) (4, 1.15699040889739990234e+00) (5, 8.29006850719451904297e-01) (6, -1.19400701522827148438e+01) (7, 1.35166406631469726562e+00) (8, 8.87462854385375976562e-01) (9, 2.41725659370422363281e+00) (0, -1.26704823970794677734e+00) (1, -7.67286539077758789062e-01) (2, -2.08783936500549316406e+00) (3, -1.55698931217193603516e+00) (4, -1.29029721021652221680e-01) (5, -2.74652791023254394531e+00) (6, -1.00956058502197265625e+00) (7, 3.23226004838943481445e-01) (8, -6.79171904921531677246e-02) (9, 3.19180679321289062500e+00) (10, 1.50000000000000000000e+03) (11, 1.50000000000000000000e+03) (12, -2.09964904785156250000e+01) (13, 4.45016021728515625000e+01) (14, -8.78813362121582031250e+00) (10, 1.50000000000000000000e+03) (11, 1.50000000000000000000e+03) (12, -1.63210372924804687500e+01) (13, 4.29700813293457031250e+01) (14, -1.01615781784057617188e+01) (15, 1.55412256717681884766e+00) (16, 1.49663913249969482422e+00) (17, -2.19015502929687500000e+00) 
