FANN_FLO_2.1
num_layers=3
learning_rate=0.500000
connection_rate=1.000000
network_type=0
learning_momentum=0.000000
training_algorithm=2
train_error_function=1
train_stop_function=0
cascade_output_change_fraction=0.010000
quickprop_decay=-0.000100
quickprop_mu=1.750000
rprop_increase_factor=1.200000
rprop_decrease_factor=0.500000
rprop_delta_min=0.000000
rprop_delta_max=50.000000
rprop_delta_zero=0.100000
cascade_output_stagnation_epochs=12
cascade_candidate_change_fraction=0.010000
cascade_candidate_stagnation_epochs=12
cascade_max_out_epochs=150
cascade_min_out_epochs=50
cascade_max_cand_epochs=150
cascade_min_cand_epochs=50
cascade_num_candidate_groups=2
bit_fail_limit=3.49999994039535522461e-01
cascade_candidate_limit=1.00000000000000000000e+03
cascade_weight_multiplier=4.00000005960464477539e-01
cascade_activation_functions_count=10
cascade_activation_functions=3 5 7 8 10 11 14 15 16 17 
cascade_activation_steepnesses_count=4
cascade_activation_steepnesses=2.50000000000000000000e-01 5.00000000000000000000e-01 7.50000000000000000000e-01 1.00000000000000000000e+00 
layer_sizes=10 3 2 
scale_included=0
neurons (num_inputs, activation_function, activation_steepness)=(0, 0, 0.00000000000000000000e+00) (0, 0, 0.00000000000000000000e+00) (0, 0, 0.00000000000000000000e+00) (0, 0, 0.00000000000000000000e+00) (0, 0, 0.00000000000000000000e+00) (0, 0, 0.00000000000000000000e+00) (0, 0, 0.00000000000000000000e+00) (0, 0, 0.00000000000000000000e+00) (0, 0, 0.00000000000000000000e+00) (0, 0, 0.00000000000000000000e+00) (10, 3, 5.00000000000000000000e-01) (10, 3, 5.00000000000000000000e-01) (0, 3, 0.00000000000000000000e+00) (3, 3, 5.00000000000000000000e-01) (0, 3, 0.00000000000000000000e+00) 
connections (connected_to_neuron, weight)=(0, 3.19377970695495605469e+00) (1, 8.13928794860839843750e+00) (2, 1.21534514427185058594e+00) (3, -7.57058048248291015625e+00) (4, 4.64291095733642578125e+00) (5, 2.13331699371337890625e+00) (6, -3.32492065429687500000e+00) (7, -8.05392742156982421875e+00) (8, 5.01954841613769531250e+00) (9, -2.97867202758789062500e+00) (0, 3.42416018247604370117e-01) (1, -1.57866907119750976562e+00) (2, -1.08720130920410156250e+01) (3, 9.59322357177734375000e+00) (4, 8.16581821441650390625e+00) (5, -5.40945577621459960938e+00) (6, 3.69931435585021972656e+00) (7, 1.05449724197387695312e+00) (8, -1.03581733703613281250e+01) (9, 2.69254565238952636719e-01) (10, 3.71656513214111328125e+00) (11, 3.84489870071411132812e+00) (12, -2.98365998268127441406e+00) 
