FANN_FLO_2.1
num_layers=4
learning_rate=0.500000
connection_rate=1.000000
network_type=0
learning_momentum=0.000000
training_algorithm=2
train_error_function=1
train_stop_function=0
cascade_output_change_fraction=0.010000
quickprop_decay=-0.000100
quickprop_mu=1.750000
rprop_increase_factor=1.200000
rprop_decrease_factor=0.500000
rprop_delta_min=0.000000
rprop_delta_max=50.000000
rprop_delta_zero=0.100000
cascade_output_stagnation_epochs=12
cascade_candidate_change_fraction=0.010000
cascade_candidate_stagnation_epochs=12
cascade_max_out_epochs=150
cascade_min_out_epochs=50
cascade_max_cand_epochs=150
cascade_min_cand_epochs=50
cascade_num_candidate_groups=2
bit_fail_limit=3.49999994039535522461e-01
cascade_candidate_limit=1.00000000000000000000e+03
cascade_weight_multiplier=4.00000005960464477539e-01
cascade_activation_functions_count=10
cascade_activation_functions=3 5 7 8 10 11 14 15 16 17 
cascade_activation_steepnesses_count=4
cascade_activation_steepnesses=2.50000000000000000000e-01 5.00000000000000000000e-01 7.50000000000000000000e-01 1.00000000000000000000e+00 
layer_sizes=10 5 3 2 
scale_included=0
neurons (num_inputs, activation_function, activation_steepness)=(0, 0, 0.00000000000000000000e+00) (0, 0, 0.00000000000000000000e+00) (0, 0, 0.00000000000000000000e+00) (0, 0, 0.00000000000000000000e+00) (0, 0, 0.00000000000000000000e+00) (0, 0, 0.00000000000000000000e+00) (0, 0, 0.00000000000000000000e+00) (0, 0, 0.00000000000000000000e+00) (0, 0, 0.00000000000000000000e+00) (0, 0, 0.00000000000000000000e+00) (10, 3, 5.00000000000000000000e-01) (10, 3, 5.00000000000000000000e-01) (10, 3, 5.00000000000000000000e-01) (10, 3, 5.00000000000000000000e-01) (0, 3, 0.00000000000000000000e+00) (5, 3, 5.00000000000000000000e-01) (5, 3, 5.00000000000000000000e-01) (0, 3, 0.00000000000000000000e+00) (3, 3, 5.00000000000000000000e-01) (0, 3, 0.00000000000000000000e+00) 
connections (connected_to_neuron, weight)=(0, -3.42200946807861328125e+00) (1, 5.68390655517578125000e+00) (2, 7.04341030120849609375e+00) (3, -2.06931838989257812500e+01) (4, 1.90748672485351562500e+01) (5, 5.67024722695350646973e-02) (6, -7.11087036132812500000e+01) (7, -2.19042158126831054688e+00) (8, 5.73202419281005859375e+00) (9, 3.34355878829956054688e+00) (0, -1.50000000000000000000e+03) (1, -1.50000000000000000000e+03) (2, -1.50000000000000000000e+03) (3, -1.50000000000000000000e+03) (4, -1.50000000000000000000e+03) (5, -1.50000000000000000000e+03) (6, -1.50000000000000000000e+03) (7, -1.50000000000000000000e+03) (8, -1.49746264648437500000e+03) (9, 4.21492218971252441406e-01) (0, -4.73726425170898437500e+01) (1, 4.36963498592376708984e-01) (2, -1.62268962860107421875e+01) (3, -3.21433329582214355469e+00) (4, -4.44294452667236328125e+00) (5, 3.94718468189239501953e-01) (6, 4.53608894348144531250e+01) (7, 1.81530147790908813477e-01) (8, 2.87973809242248535156e+00) (9, 1.55241453647613525391e+00) (0, -3.33916962146759033203e-01) (1, 1.10441246032714843750e+01) (2, -4.76192808151245117188e+00) (3, -1.30308949947357177734e+00) (4, -4.90659666061401367188e+00) (5, -6.49486184120178222656e-01) (6, 1.16816401481628417969e+00) (7, -1.30111193656921386719e+00) (8, -3.50775647163391113281e+00) (9, 5.32083153724670410156e-01) (10, 7.15353631973266601562e+00) (11, 1.50000000000000000000e+03) (12, 9.61506175994873046875e+00) (13, 1.99068279266357421875e+01) (14, -5.18548250198364257812e+00) (10, 7.09670019149780273438e+00) (11, 1.50000000000000000000e+03) (12, 9.57879257202148437500e+00) (13, 1.97884769439697265625e+01) (14, -5.11328172683715820312e+00) (15, 1.90684628486633300781e+00) (16, 6.53572559356689453125e-01) (17, -1.67384088039398193359e+00) 
