FANN_FLO_2.1
num_layers=4
learning_rate=0.400000
connection_rate=1.000000
network_type=0
learning_momentum=0.000000
training_algorithm=2
train_error_function=1
train_stop_function=0
cascade_output_change_fraction=0.010000
quickprop_decay=-0.000100
quickprop_mu=1.750000
rprop_increase_factor=1.200000
rprop_decrease_factor=0.500000
rprop_delta_min=0.000000
rprop_delta_max=50.000000
rprop_delta_zero=0.100000
cascade_output_stagnation_epochs=12
cascade_candidate_change_fraction=0.010000
cascade_candidate_stagnation_epochs=12
cascade_max_out_epochs=150
cascade_min_out_epochs=50
cascade_max_cand_epochs=150
cascade_min_cand_epochs=50
cascade_num_candidate_groups=2
bit_fail_limit=3.49999994039535522461e-01
cascade_candidate_limit=1.00000000000000000000e+03
cascade_weight_multiplier=4.00000005960464477539e-01
cascade_activation_functions_count=10
cascade_activation_functions=3 5 7 8 10 11 14 15 16 17 
cascade_activation_steepnesses_count=4
cascade_activation_steepnesses=2.50000000000000000000e-01 5.00000000000000000000e-01 7.50000000000000000000e-01 1.00000000000000000000e+00 
layer_sizes=7 5 5 2 
scale_included=0
neurons (num_inputs, activation_function, activation_steepness)=(0, 0, 0.00000000000000000000e+00) (0, 0, 0.00000000000000000000e+00) (0, 0, 0.00000000000000000000e+00) (0, 0, 0.00000000000000000000e+00) (0, 0, 0.00000000000000000000e+00) (0, 0, 0.00000000000000000000e+00) (0, 0, 0.00000000000000000000e+00) (7, 3, 5.00000000000000000000e-01) (7, 3, 5.00000000000000000000e-01) (7, 3, 5.00000000000000000000e-01) (7, 3, 5.00000000000000000000e-01) (0, 3, 0.00000000000000000000e+00) (5, 3, 5.00000000000000000000e-01) (5, 3, 5.00000000000000000000e-01) (5, 3, 5.00000000000000000000e-01) (5, 3, 5.00000000000000000000e-01) (0, 3, 0.00000000000000000000e+00) (5, 3, 5.00000000000000000000e-01) (0, 3, 0.00000000000000000000e+00) 
connections (connected_to_neuron, weight)=(0, -1.56399021148681640625e+01) (1, 1.25842876434326171875e+01) (2, -6.02568089962005615234e-01) (3, -3.91053676605224609375e+00) (4, -1.97258996963500976562e+00) (5, -1.41765808105468750000e+03) (6, 4.24578332901000976562e+00) (0, -1.33832775878906250000e+03) (1, -1.48908630371093750000e+03) (2, -1.27131420898437500000e+03) (3, -4.12686309814453125000e+02) (4, -1.06513107299804687500e+02) (5, 1.39456372070312500000e+03) (6, 4.42781162261962890625e+00) (0, -9.28881042480468750000e+02) (1, -1.43916730880737304688e+01) (2, -8.93378829956054687500e+01) (3, -5.00513534545898437500e+01) (4, -9.35561847686767578125e+00) (5, 8.21009521484375000000e+02) (6, 5.61263322830200195312e+00) (0, -7.32701921463012695312e+00) (1, -5.54969749450683593750e+01) (2, 3.17101240158081054688e+00) (3, -1.95094223022460937500e+01) (4, -1.95338082313537597656e+00) (5, 5.26912231445312500000e+01) (6, 6.41795015335083007812e+00) (7, 3.64854741096496582031e+00) (8, 6.70000061035156250000e+02) (9, -1.52533178329467773438e+01) (10, 2.29189662933349609375e+01) (11, -1.84197735786437988281e+00) (7, 3.37455534934997558594e+00) (8, 6.70000061035156250000e+02) (9, -7.75708770751953125000e+00) (10, 8.81456434726715087891e-01) (11, -2.53998184204101562500e+00) (7, 3.16623783111572265625e+00) (8, 6.70000061035156250000e+02) (9, 1.95731818675994873047e+00) (10, 6.11979675292968750000e+02) (11, -8.79216849803924560547e-01) (7, 1.50000000000000000000e+03) (8, 6.70000061035156250000e+02) (9, -3.33768916130065917969e+00) (10, 6.11979675292968750000e+02) (11, 3.98268795013427734375e+00) (12, -5.72818100452423095703e-01) (13, -1.63457417488098144531e+00) (14, -1.79189705848693847656e+00) (15, -2.91913717985153198242e-01) (16, -4.11038935184478759766e-01) 
