FANN_FLO_2.1
num_layers=4
learning_rate=0.500000
connection_rate=1.000000
network_type=0
learning_momentum=0.000000
training_algorithm=2
train_error_function=1
train_stop_function=0
cascade_output_change_fraction=0.010000
quickprop_decay=-0.000100
quickprop_mu=1.750000
rprop_increase_factor=1.200000
rprop_decrease_factor=0.500000
rprop_delta_min=0.000000
rprop_delta_max=50.000000
rprop_delta_zero=0.100000
cascade_output_stagnation_epochs=12
cascade_candidate_change_fraction=0.010000
cascade_candidate_stagnation_epochs=12
cascade_max_out_epochs=150
cascade_min_out_epochs=50
cascade_max_cand_epochs=150
cascade_min_cand_epochs=50
cascade_num_candidate_groups=2
bit_fail_limit=3.49999994039535522461e-01
cascade_candidate_limit=1.00000000000000000000e+03
cascade_weight_multiplier=4.00000005960464477539e-01
cascade_activation_functions_count=10
cascade_activation_functions=3 5 7 8 10 11 14 15 16 17 
cascade_activation_steepnesses_count=4
cascade_activation_steepnesses=2.50000000000000000000e-01 5.00000000000000000000e-01 7.50000000000000000000e-01 1.00000000000000000000e+00 
layer_sizes=10 5 3 2 
scale_included=0
neurons (num_inputs, activation_function, activation_steepness)=(0, 0, 0.00000000000000000000e+00) (0, 0, 0.00000000000000000000e+00) (0, 0, 0.00000000000000000000e+00) (0, 0, 0.00000000000000000000e+00) (0, 0, 0.00000000000000000000e+00) (0, 0, 0.00000000000000000000e+00) (0, 0, 0.00000000000000000000e+00) (0, 0, 0.00000000000000000000e+00) (0, 0, 0.00000000000000000000e+00) (0, 0, 0.00000000000000000000e+00) (10, 3, 5.00000000000000000000e-01) (10, 3, 5.00000000000000000000e-01) (10, 3, 5.00000000000000000000e-01) (10, 3, 5.00000000000000000000e-01) (0, 3, 0.00000000000000000000e+00) (5, 3, 5.00000000000000000000e-01) (5, 3, 5.00000000000000000000e-01) (0, 3, 0.00000000000000000000e+00) (3, 3, 5.00000000000000000000e-01) (0, 3, 0.00000000000000000000e+00) 
connections (connected_to_neuron, weight)=(0, -3.74697174072265625000e+02) (1, 1.49182104492187500000e+03) (2, -1.50000000000000000000e+03) (3, 1.45624768066406250000e+03) (4, 1.49501843261718750000e+03) (5, -1.50000000000000000000e+03) (6, 1.50000000000000000000e+03) (7, 1.50000000000000000000e+03) (8, 1.50000000000000000000e+03) (9, 4.49614067077636718750e+01) (0, -4.17674636840820312500e+00) (1, -4.15378665924072265625e+00) (2, -1.13367438316345214844e+00) (3, 4.13227987289428710938e+00) (4, -1.73300623893737792969e+00) (5, 7.56502032279968261719e-01) (6, 2.54889583587646484375e+01) (7, 4.42890942096710205078e-01) (8, -1.85879838466644287109e+00) (9, -3.35728549957275390625e+00) (0, 8.76388931274414062500e+00) (1, -7.41514205932617187500e+00) (2, -7.18595743179321289062e-01) (3, -9.46602153778076171875e+00) (4, 6.46997570991516113281e-01) (5, 6.02402687072753906250e+00) (6, -5.75261268615722656250e+01) (7, 1.23946294784545898438e+01) (8, 2.66345424652099609375e+01) (9, 7.04837512969970703125e+00) (0, 3.63247299194335937500e+00) (1, 1.48302819824218750000e+03) (2, -1.48657678222656250000e+03) (3, 1.25245104980468750000e+03) (4, 1.49145056152343750000e+03) (5, -1.49983117675781250000e+03) (6, 1.50000000000000000000e+03) (7, 7.40297546386718750000e+02) (8, 1.30011315917968750000e+03) (9, 2.00261139869689941406e+00) (10, 3.61154289245605468750e+01) (11, -1.50000000000000000000e+03) (12, 1.47886142730712890625e+01) (13, 4.65298682451248168945e-01) (14, 1.29757130146026611328e+00) (10, 3.82315725088119506836e-01) (11, -6.95628738403320312500e+00) (12, -9.74733638763427734375e+00) (13, 1.17953100204467773438e+01) (14, 2.88662880659103393555e-01) (15, 3.83670687675476074219e-01) (16, 3.66844868659973144531e+00) (17, -2.93617010116577148438e+00) 
