FANN_FLO_2.1
num_layers=3
learning_rate=0.400000
connection_rate=1.000000
network_type=0
learning_momentum=0.000000
training_algorithm=2
train_error_function=1
train_stop_function=0
cascade_output_change_fraction=0.010000
quickprop_decay=-0.000100
quickprop_mu=1.750000
rprop_increase_factor=1.200000
rprop_decrease_factor=0.500000
rprop_delta_min=0.000000
rprop_delta_max=50.000000
rprop_delta_zero=0.100000
cascade_output_stagnation_epochs=12
cascade_candidate_change_fraction=0.010000
cascade_candidate_stagnation_epochs=12
cascade_max_out_epochs=150
cascade_min_out_epochs=50
cascade_max_cand_epochs=150
cascade_min_cand_epochs=50
cascade_num_candidate_groups=2
bit_fail_limit=3.49999994039535522461e-01
cascade_candidate_limit=1.00000000000000000000e+03
cascade_weight_multiplier=4.00000005960464477539e-01
cascade_activation_functions_count=10
cascade_activation_functions=3 5 7 8 10 11 14 15 16 17 
cascade_activation_steepnesses_count=4
cascade_activation_steepnesses=2.50000000000000000000e-01 5.00000000000000000000e-01 7.50000000000000000000e-01 1.00000000000000000000e+00 
layer_sizes=7 5 2 
scale_included=0
neurons (num_inputs, activation_function, activation_steepness)=(0, 0, 0.00000000000000000000e+00) (0, 0, 0.00000000000000000000e+00) (0, 0, 0.00000000000000000000e+00) (0, 0, 0.00000000000000000000e+00) (0, 0, 0.00000000000000000000e+00) (0, 0, 0.00000000000000000000e+00) (0, 0, 0.00000000000000000000e+00) (7, 3, 5.00000000000000000000e-01) (7, 3, 5.00000000000000000000e-01) (7, 3, 5.00000000000000000000e-01) (7, 3, 5.00000000000000000000e-01) (0, 3, 0.00000000000000000000e+00) (5, 3, 5.00000000000000000000e-01) (0, 3, 0.00000000000000000000e+00) 
connections (connected_to_neuron, weight)=(0, 3.69479441642761230469e+00) (1, 3.20710420608520507812e+00) (2, 9.19306278228759765625e+00) (3, -2.82514691352844238281e+00) (4, -3.34330201148986816406e+00) (5, -2.28143858909606933594e+00) (6, 1.46221446990966796875e+00) (0, -1.90341722965240478516e+00) (1, -1.49096322059631347656e+00) (2, -2.06369566917419433594e+00) (3, 2.55444741249084472656e+00) (4, -1.46245753765106201172e+00) (5, 5.56364488601684570312e+00) (6, -2.16192007064819335938e+00) (0, 8.59436571598052978516e-01) (1, 9.55781638622283935547e-01) (2, -3.28948450088500976562e+00) (3, -3.87655884027481079102e-01) (4, -7.14641284942626953125e+00) (5, 1.03866500854492187500e+01) (6, 2.22258996963500976562e+00) (0, -6.79694056510925292969e-01) (1, -1.27552855014801025391e+00) (2, 1.83336973190307617188e+00) (3, 1.25967299938201904297e+00) (4, 3.95725202560424804688e+00) (5, 1.58556222915649414062e+00) (6, -3.04192495346069335938e+00) (7, -1.94401061534881591797e+00) (8, 3.51242709159851074219e+00) (9, -2.70100903511047363281e+00) (10, 2.45067262649536132812e+00) (11, 2.65622258186340332031e-01) 
