FANN_FLO_2.1
num_layers=3
learning_rate=0.400000
connection_rate=1.000000
network_type=0
learning_momentum=0.000000
training_algorithm=2
train_error_function=1
train_stop_function=0
cascade_output_change_fraction=0.010000
quickprop_decay=-0.000100
quickprop_mu=1.750000
rprop_increase_factor=1.200000
rprop_decrease_factor=0.500000
rprop_delta_min=0.000000
rprop_delta_max=50.000000
rprop_delta_zero=0.100000
cascade_output_stagnation_epochs=12
cascade_candidate_change_fraction=0.010000
cascade_candidate_stagnation_epochs=12
cascade_max_out_epochs=150
cascade_min_out_epochs=50
cascade_max_cand_epochs=150
cascade_min_cand_epochs=50
cascade_num_candidate_groups=2
bit_fail_limit=3.49999994039535522461e-01
cascade_candidate_limit=1.00000000000000000000e+03
cascade_weight_multiplier=4.00000005960464477539e-01
cascade_activation_functions_count=10
cascade_activation_functions=3 5 7 8 10 11 14 15 16 17 
cascade_activation_steepnesses_count=4
cascade_activation_steepnesses=2.50000000000000000000e-01 5.00000000000000000000e-01 7.50000000000000000000e-01 1.00000000000000000000e+00 
layer_sizes=7 5 2 
scale_included=0
neurons (num_inputs, activation_function, activation_steepness)=(0, 0, 0.00000000000000000000e+00) (0, 0, 0.00000000000000000000e+00) (0, 0, 0.00000000000000000000e+00) (0, 0, 0.00000000000000000000e+00) (0, 0, 0.00000000000000000000e+00) (0, 0, 0.00000000000000000000e+00) (0, 0, 0.00000000000000000000e+00) (7, 3, 5.00000000000000000000e-01) (7, 3, 5.00000000000000000000e-01) (7, 3, 5.00000000000000000000e-01) (7, 3, 5.00000000000000000000e-01) (0, 3, 0.00000000000000000000e+00) (5, 3, 5.00000000000000000000e-01) (0, 3, 0.00000000000000000000e+00) 
connections (connected_to_neuron, weight)=(0, 9.70395183563232421875e+00) (1, -1.07423715591430664062e+01) (2, 6.08206939697265625000e+00) (3, -2.44924116134643554688e+00) (4, -1.79458096623420715332e-01) (5, -3.39751601219177246094e+00) (6, 4.43189048767089843750e+00) (0, -2.91543555259704589844e+00) (1, -1.27189898490905761719e+00) (2, 9.38387811183929443359e-01) (3, -3.77032256126403808594e+00) (4, -2.38460183143615722656e+00) (5, 1.08680486679077148438e+00) (6, 6.62616395950317382812e+00) (0, -7.97453999519348144531e-01) (1, -1.77425909042358398438e+00) (2, -9.95027005672454833984e-01) (3, -3.46180152893066406250e+00) (4, -1.79880213737487792969e+00) (5, 6.03711009025573730469e-01) (6, 5.30387639999389648438e+00) (0, -1.37164850234985351562e+01) (1, 1.23780994415283203125e+01) (2, -4.08475065231323242188e+00) (3, -1.37997066974639892578e+00) (4, -1.19388544559478759766e+00) (5, 4.08770561218261718750e+00) (6, 1.55020105838775634766e+00) (7, -4.40123987197875976562e+00) (8, -3.57812345027923583984e-02) (9, -7.62671709060668945312e-01) (10, -4.09980058670043945312e+00) (11, 3.56088209152221679688e+00) 
