FANN_FLO_2.1
num_layers=3
learning_rate=0.500000
connection_rate=1.000000
network_type=0
learning_momentum=0.000000
training_algorithm=2
train_error_function=1
train_stop_function=0
cascade_output_change_fraction=0.010000
quickprop_decay=-0.000100
quickprop_mu=1.750000
rprop_increase_factor=1.200000
rprop_decrease_factor=0.500000
rprop_delta_min=0.000000
rprop_delta_max=50.000000
rprop_delta_zero=0.100000
cascade_output_stagnation_epochs=12
cascade_candidate_change_fraction=0.010000
cascade_candidate_stagnation_epochs=12
cascade_max_out_epochs=150
cascade_min_out_epochs=50
cascade_max_cand_epochs=150
cascade_min_cand_epochs=50
cascade_num_candidate_groups=2
bit_fail_limit=3.49999994039535522461e-01
cascade_candidate_limit=1.00000000000000000000e+03
cascade_weight_multiplier=4.00000005960464477539e-01
cascade_activation_functions_count=10
cascade_activation_functions=3 5 7 8 10 11 14 15 16 17 
cascade_activation_steepnesses_count=4
cascade_activation_steepnesses=2.50000000000000000000e-01 5.00000000000000000000e-01 7.50000000000000000000e-01 1.00000000000000000000e+00 
layer_sizes=10 3 2 
scale_included=0
neurons (num_inputs, activation_function, activation_steepness)=(0, 0, 0.00000000000000000000e+00) (0, 0, 0.00000000000000000000e+00) (0, 0, 0.00000000000000000000e+00) (0, 0, 0.00000000000000000000e+00) (0, 0, 0.00000000000000000000e+00) (0, 0, 0.00000000000000000000e+00) (0, 0, 0.00000000000000000000e+00) (0, 0, 0.00000000000000000000e+00) (0, 0, 0.00000000000000000000e+00) (0, 0, 0.00000000000000000000e+00) (10, 3, 5.00000000000000000000e-01) (10, 3, 5.00000000000000000000e-01) (0, 3, 0.00000000000000000000e+00) (3, 3, 5.00000000000000000000e-01) (0, 3, 0.00000000000000000000e+00) 
connections (connected_to_neuron, weight)=(0, -5.21785020828247070312e+00) (1, -2.03005623817443847656e+00) (2, -3.13866996765136718750e+00) (3, 3.92010283470153808594e+00) (4, -7.22788155078887939453e-01) (5, 3.03777813911437988281e+00) (6, 6.64401721954345703125e+00) (7, 7.43748188018798828125e-01) (8, -2.03861966729164123535e-01) (9, -2.33608794212341308594e+00) (0, -4.03612345457077026367e-01) (1, -9.64417457580566406250e+00) (2, -1.13352556228637695312e+01) (3, -1.91662851721048355103e-02) (4, 2.09448361396789550781e+00) (5, 6.59332647919654846191e-02) (6, 1.15093526840209960938e+01) (7, 8.75267314910888671875e+00) (8, 2.17008757591247558594e+00) (9, -1.19269415736198425293e-01) (10, 6.79593467712402343750e+00) (11, -6.64288234710693359375e+00) (12, 7.58406043052673339844e-01) 
