FANN_FLO_2.1
num_layers=4
learning_rate=0.500000
connection_rate=1.000000
network_type=0
learning_momentum=0.000000
training_algorithm=2
train_error_function=1
train_stop_function=0
cascade_output_change_fraction=0.010000
quickprop_decay=-0.000100
quickprop_mu=1.750000
rprop_increase_factor=1.200000
rprop_decrease_factor=0.500000
rprop_delta_min=0.000000
rprop_delta_max=50.000000
rprop_delta_zero=0.100000
cascade_output_stagnation_epochs=12
cascade_candidate_change_fraction=0.010000
cascade_candidate_stagnation_epochs=12
cascade_max_out_epochs=150
cascade_min_out_epochs=50
cascade_max_cand_epochs=150
cascade_min_cand_epochs=50
cascade_num_candidate_groups=2
bit_fail_limit=3.49999994039535522461e-01
cascade_candidate_limit=1.00000000000000000000e+03
cascade_weight_multiplier=4.00000005960464477539e-01
cascade_activation_functions_count=10
cascade_activation_functions=3 5 7 8 10 11 14 15 16 17 
cascade_activation_steepnesses_count=4
cascade_activation_steepnesses=2.50000000000000000000e-01 5.00000000000000000000e-01 7.50000000000000000000e-01 1.00000000000000000000e+00 
layer_sizes=10 3 3 2 
scale_included=0
neurons (num_inputs, activation_function, activation_steepness)=(0, 0, 0.00000000000000000000e+00) (0, 0, 0.00000000000000000000e+00) (0, 0, 0.00000000000000000000e+00) (0, 0, 0.00000000000000000000e+00) (0, 0, 0.00000000000000000000e+00) (0, 0, 0.00000000000000000000e+00) (0, 0, 0.00000000000000000000e+00) (0, 0, 0.00000000000000000000e+00) (0, 0, 0.00000000000000000000e+00) (0, 0, 0.00000000000000000000e+00) (10, 3, 5.00000000000000000000e-01) (10, 3, 5.00000000000000000000e-01) (0, 3, 0.00000000000000000000e+00) (3, 3, 5.00000000000000000000e-01) (3, 3, 5.00000000000000000000e-01) (0, 3, 0.00000000000000000000e+00) (3, 3, 5.00000000000000000000e-01) (0, 3, 0.00000000000000000000e+00) 
connections (connected_to_neuron, weight)=(0, 9.85541248321533203125e+00) (1, -2.22478717565536499023e-01) (2, 7.91722679138183593750e+00) (3, -7.40309476852416992188e-01) (4, 1.07072758674621582031e+00) (5, -1.38892233371734619141e+00) (6, 1.11485920846462249756e-01) (7, -1.25025548934936523438e+01) (8, -1.31669340133666992188e+01) (9, 1.22382926940917968750e+00) (0, -4.89257478713989257812e+00) (1, -4.04754608869552612305e-01) (2, -4.84258979558944702148e-01) (3, -8.17229390144348144531e-01) (4, 1.58606290817260742188e+00) (5, 8.94398331642150878906e-01) (6, -2.41150879859924316406e+00) (7, 1.90147653222084045410e-01) (8, -3.08831739425659179688e+00) (9, 4.03242301940917968750e+00) (10, 3.05726361274719238281e+00) (11, 1.53374977111816406250e+01) (12, -5.21058177947998046875e+00) (10, 2.90463757514953613281e+00) (11, 1.74539470672607421875e+01) (12, -6.17833614349365234375e+00) (13, 2.93582630157470703125e+00) (14, 1.51990437507629394531e+00) (15, -3.57251858711242675781e+00) 
