FANN_FLO_2.1
num_layers=4
learning_rate=0.400000
connection_rate=1.000000
network_type=0
learning_momentum=0.000000
training_algorithm=2
train_error_function=1
train_stop_function=0
cascade_output_change_fraction=0.010000
quickprop_decay=-0.000100
quickprop_mu=1.750000
rprop_increase_factor=1.200000
rprop_decrease_factor=0.500000
rprop_delta_min=0.000000
rprop_delta_max=50.000000
rprop_delta_zero=0.100000
cascade_output_stagnation_epochs=12
cascade_candidate_change_fraction=0.010000
cascade_candidate_stagnation_epochs=12
cascade_max_out_epochs=150
cascade_min_out_epochs=50
cascade_max_cand_epochs=150
cascade_min_cand_epochs=50
cascade_num_candidate_groups=2
bit_fail_limit=3.49999994039535522461e-01
cascade_candidate_limit=1.00000000000000000000e+03
cascade_weight_multiplier=4.00000005960464477539e-01
cascade_activation_functions_count=10
cascade_activation_functions=3 5 7 8 10 11 14 15 16 17 
cascade_activation_steepnesses_count=4
cascade_activation_steepnesses=2.50000000000000000000e-01 5.00000000000000000000e-01 7.50000000000000000000e-01 1.00000000000000000000e+00 
layer_sizes=7 3 3 2 
scale_included=0
neurons (num_inputs, activation_function, activation_steepness)=(0, 0, 0.00000000000000000000e+00) (0, 0, 0.00000000000000000000e+00) (0, 0, 0.00000000000000000000e+00) (0, 0, 0.00000000000000000000e+00) (0, 0, 0.00000000000000000000e+00) (0, 0, 0.00000000000000000000e+00) (0, 0, 0.00000000000000000000e+00) (7, 3, 5.00000000000000000000e-01) (7, 3, 5.00000000000000000000e-01) (0, 3, 0.00000000000000000000e+00) (3, 3, 5.00000000000000000000e-01) (3, 3, 5.00000000000000000000e-01) (0, 3, 0.00000000000000000000e+00) (3, 3, 5.00000000000000000000e-01) (0, 3, 0.00000000000000000000e+00) 
connections (connected_to_neuron, weight)=(0, 4.96191644668579101562e+00) (1, -6.33156728744506835938e+00) (2, 4.70942592620849609375e+00) (3, -2.13583731651306152344e+00) (4, -6.12142443656921386719e-01) (5, 7.30575990676879882812e+00) (6, -5.09320545196533203125e+00) (0, -1.00462083816528320312e+01) (1, 8.50364780426025390625e+00) (2, -3.11718821525573730469e+00) (3, -1.96551072597503662109e+00) (4, -9.71474587917327880859e-01) (5, -6.39308261871337890625e+00) (6, 1.33075690269470214844e+00) (7, 3.44056677818298339844e+00) (8, 5.96819067001342773438e+00) (9, -3.30445051193237304688e+00) (7, 7.17271900177001953125e+00) (8, 3.35352897644042968750e+01) (9, -2.62219882011413574219e+00) (10, -5.94448089599609375000e+00) (11, -1.06741046905517578125e+00) (12, -6.14234507083892822266e-01) 
