FANN_FLO_2.1
num_layers=3
learning_rate=0.400000
connection_rate=1.000000
network_type=0
learning_momentum=0.000000
training_algorithm=2
train_error_function=1
train_stop_function=0
cascade_output_change_fraction=0.010000
quickprop_decay=-0.000100
quickprop_mu=1.750000
rprop_increase_factor=1.200000
rprop_decrease_factor=0.500000
rprop_delta_min=0.000000
rprop_delta_max=50.000000
rprop_delta_zero=0.100000
cascade_output_stagnation_epochs=12
cascade_candidate_change_fraction=0.010000
cascade_candidate_stagnation_epochs=12
cascade_max_out_epochs=150
cascade_min_out_epochs=50
cascade_max_cand_epochs=150
cascade_min_cand_epochs=50
cascade_num_candidate_groups=2
bit_fail_limit=3.49999994039535522461e-01
cascade_candidate_limit=1.00000000000000000000e+03
cascade_weight_multiplier=4.00000005960464477539e-01
cascade_activation_functions_count=10
cascade_activation_functions=3 5 7 8 10 11 14 15 16 17 
cascade_activation_steepnesses_count=4
cascade_activation_steepnesses=2.50000000000000000000e-01 5.00000000000000000000e-01 7.50000000000000000000e-01 1.00000000000000000000e+00 
layer_sizes=19 3 3 
scale_included=0
neurons (num_inputs, activation_function, activation_steepness)=(0, 0, 0.00000000000000000000e+00) (0, 0, 0.00000000000000000000e+00) (0, 0, 0.00000000000000000000e+00) (0, 0, 0.00000000000000000000e+00) (0, 0, 0.00000000000000000000e+00) (0, 0, 0.00000000000000000000e+00) (0, 0, 0.00000000000000000000e+00) (0, 0, 0.00000000000000000000e+00) (0, 0, 0.00000000000000000000e+00) (0, 0, 0.00000000000000000000e+00) (0, 0, 0.00000000000000000000e+00) (0, 0, 0.00000000000000000000e+00) (0, 0, 0.00000000000000000000e+00) (0, 0, 0.00000000000000000000e+00) (0, 0, 0.00000000000000000000e+00) (0, 0, 0.00000000000000000000e+00) (0, 0, 0.00000000000000000000e+00) (0, 0, 0.00000000000000000000e+00) (0, 0, 0.00000000000000000000e+00) (19, 3, 5.00000000000000000000e-01) (19, 3, 5.00000000000000000000e-01) (0, 3, 0.00000000000000000000e+00) (3, 3, 5.00000000000000000000e-01) (3, 3, 5.00000000000000000000e-01) (0, 3, 0.00000000000000000000e+00) 
connections (connected_to_neuron, weight)=(0, -3.46633839607238769531e+00) (1, 1.22608304023742675781e+00) (2, 1.25727310776710510254e-01) (3, -2.93956136703491210938e+00) (4, 7.05283522605895996094e-01) (5, -1.82119405269622802734e+00) (6, -3.31154298782348632812e+00) (7, 1.10410618782043457031e+00) (8, 1.50612160563468933105e-01) (9, 2.06792569160461425781e+00) (10, -2.01640272140502929688e+00) (11, -7.20201194286346435547e-01) (12, 3.59188055992126464844e+00) (13, -6.87768280506134033203e-01) (14, 8.57446938753128051758e-02) (15, 2.35222482681274414062e+00) (16, -1.09105980396270751953e+00) (17, -2.25596770644187927246e-01) (18, 2.42807269096374511719e-01) (0, 5.23222875595092773438e+00) (1, -3.68918013572692871094e+00) (2, 2.19028830528259277344e-01) (3, 3.96481943130493164062e+00) (4, -2.82888197898864746094e+00) (5, 2.26235771179199218750e+00) (6, 5.79224681854248046875e+00) (7, -4.77510833740234375000e+00) (8, 2.55974268913269042969e+00) (9, -5.00857400894165039062e+00) (10, 5.67535209655761718750e+00) (11, -1.97217023372650146484e+00) (12, -7.82054424285888671875e+00) (13, 1.58390796184539794922e+00) (14, -4.18620109558105468750e-01) (15, -7.38911437988281250000e+00) (16, 2.69570797681808471680e-01) (17, 7.92235612869262695312e-01) (18, 1.45179450511932373047e-01) (19, -1.84958291053771972656e+00) (20, -1.28454446792602539062e+00) (21, 3.65635484457015991211e-01) (19, 1.85167121887207031250e+00) (20, 1.28622543811798095703e+00) (21, -3.66768449544906616211e-01) 
