FANN_FLO_2.1
num_layers=4
learning_rate=0.500000
connection_rate=1.000000
network_type=0
learning_momentum=0.000000
training_algorithm=2
train_error_function=1
train_stop_function=0
cascade_output_change_fraction=0.010000
quickprop_decay=-0.000100
quickprop_mu=1.750000
rprop_increase_factor=1.200000
rprop_decrease_factor=0.500000
rprop_delta_min=0.000000
rprop_delta_max=50.000000
rprop_delta_zero=0.100000
cascade_output_stagnation_epochs=12
cascade_candidate_change_fraction=0.010000
cascade_candidate_stagnation_epochs=12
cascade_max_out_epochs=150
cascade_min_out_epochs=50
cascade_max_cand_epochs=150
cascade_min_cand_epochs=50
cascade_num_candidate_groups=2
bit_fail_limit=3.49999994039535522461e-01
cascade_candidate_limit=1.00000000000000000000e+03
cascade_weight_multiplier=4.00000005960464477539e-01
cascade_activation_functions_count=10
cascade_activation_functions=3 5 7 8 10 11 14 15 16 17 
cascade_activation_steepnesses_count=4
cascade_activation_steepnesses=2.50000000000000000000e-01 5.00000000000000000000e-01 7.50000000000000000000e-01 1.00000000000000000000e+00 
layer_sizes=2 5 3 3 
scale_included=0
neurons (num_inputs, activation_function, activation_steepness)=(0, 0, 0.00000000000000000000e+00) (0, 0, 0.00000000000000000000e+00) (2, 3, 5.00000000000000000000e-01) (2, 3, 5.00000000000000000000e-01) (2, 3, 5.00000000000000000000e-01) (2, 3, 5.00000000000000000000e-01) (0, 3, 0.00000000000000000000e+00) (5, 3, 5.00000000000000000000e-01) (5, 3, 5.00000000000000000000e-01) (0, 3, 0.00000000000000000000e+00) (3, 0, 5.00000000000000000000e-01) (3, 0, 5.00000000000000000000e-01) (0, 0, 0.00000000000000000000e+00) 
connections (connected_to_neuron, weight)=(0, 1.76573963165283203125e+01) (1, -5.33837080001831054688e+00) (0, 2.05694618225097656250e+01) (1, -6.79252803325653076172e-01) (0, -1.58228158950805664062e+01) (1, 1.15552644729614257812e+01) (0, 1.88194561004638671875e+01) (1, -9.50307655334472656250e+00) (2, 4.53099775314331054688e+00) (3, 4.51927900314331054688e+00) (4, -7.47160553932189941406e-01) (5, -5.62532186508178710938e+00) (6, -3.78607916831970214844e+00) (2, -1.82715141773223876953e+00) (3, 2.00028824806213378906e+00) (4, -2.79260277748107910156e-01) (5, -4.94064760208129882812e+00) (6, -2.61266827583312988281e-01) (7, -1.96805548667907714844e+00) (8, -3.28482317924499511719e+00) (9, 1.82395362854003906250e+00) (7, -3.38429164886474609375e+00) (8, 2.53977346420288085938e+00) (9, 8.01302731037139892578e-01) 
