FANN_FLO_2.1
num_layers=4
learning_rate=0.400000
connection_rate=1.000000
network_type=0
learning_momentum=0.000000
training_algorithm=2
train_error_function=1
train_stop_function=0
cascade_output_change_fraction=0.010000
quickprop_decay=-0.000100
quickprop_mu=1.750000
rprop_increase_factor=1.200000
rprop_decrease_factor=0.500000
rprop_delta_min=0.000000
rprop_delta_max=50.000000
rprop_delta_zero=0.100000
cascade_output_stagnation_epochs=12
cascade_candidate_change_fraction=0.010000
cascade_candidate_stagnation_epochs=12
cascade_max_out_epochs=150
cascade_min_out_epochs=50
cascade_max_cand_epochs=150
cascade_min_cand_epochs=50
cascade_num_candidate_groups=2
bit_fail_limit=3.49999994039535522461e-01
cascade_candidate_limit=1.00000000000000000000e+03
cascade_weight_multiplier=4.00000005960464477539e-01
cascade_activation_functions_count=10
cascade_activation_functions=3 5 7 8 10 11 14 15 16 17 
cascade_activation_steepnesses_count=4
cascade_activation_steepnesses=2.50000000000000000000e-01 5.00000000000000000000e-01 7.50000000000000000000e-01 1.00000000000000000000e+00 
layer_sizes=7 3 3 2 
scale_included=0
neurons (num_inputs, activation_function, activation_steepness)=(0, 0, 0.00000000000000000000e+00) (0, 0, 0.00000000000000000000e+00) (0, 0, 0.00000000000000000000e+00) (0, 0, 0.00000000000000000000e+00) (0, 0, 0.00000000000000000000e+00) (0, 0, 0.00000000000000000000e+00) (0, 0, 0.00000000000000000000e+00) (7, 3, 5.00000000000000000000e-01) (7, 3, 5.00000000000000000000e-01) (0, 3, 0.00000000000000000000e+00) (3, 3, 5.00000000000000000000e-01) (3, 3, 5.00000000000000000000e-01) (0, 3, 0.00000000000000000000e+00) (3, 3, 5.00000000000000000000e-01) (0, 3, 0.00000000000000000000e+00) 
connections (connected_to_neuron, weight)=(0, -6.31282091140747070312e+00) (1, 5.24391508102416992188e+00) (2, -9.98229026794433593750e-01) (3, -1.73730254173278808594e+00) (4, -8.20072174072265625000e-01) (5, -1.63423339843750000000e+02) (6, 8.92176106572151184082e-02) (0, 3.85020780563354492188e+00) (1, -5.39396762847900390625e+00) (2, 5.09371638298034667969e-01) (3, -2.34421753883361816406e+00) (4, -4.35801804065704345703e-01) (5, 4.23910665512084960938e+00) (6, -2.57297658920288085938e+00) (7, 8.23985671997070312500e+00) (8, 3.61923050880432128906e+00) (9, -1.86807799339294433594e+00) (7, 8.77173805236816406250e+00) (8, 4.24993181228637695312e+00) (9, -2.04750514030456542969e+00) (10, -1.47784638404846191406e+00) (11, -4.27759933471679687500e+00) (12, -4.50360178947448730469e-01) 
