FANN_FLO_2.1
num_layers=3
learning_rate=0.400000
connection_rate=1.000000
network_type=0
learning_momentum=0.000000
training_algorithm=2
train_error_function=1
train_stop_function=0
cascade_output_change_fraction=0.010000
quickprop_decay=-0.000100
quickprop_mu=1.750000
rprop_increase_factor=1.200000
rprop_decrease_factor=0.500000
rprop_delta_min=0.000000
rprop_delta_max=50.000000
rprop_delta_zero=0.100000
cascade_output_stagnation_epochs=12
cascade_candidate_change_fraction=0.010000
cascade_candidate_stagnation_epochs=12
cascade_max_out_epochs=150
cascade_min_out_epochs=50
cascade_max_cand_epochs=150
cascade_min_cand_epochs=50
cascade_num_candidate_groups=2
bit_fail_limit=3.49999994039535522461e-01
cascade_candidate_limit=1.00000000000000000000e+03
cascade_weight_multiplier=4.00000005960464477539e-01
cascade_activation_functions_count=10
cascade_activation_functions=3 5 7 8 10 11 14 15 16 17 
cascade_activation_steepnesses_count=4
cascade_activation_steepnesses=2.50000000000000000000e-01 5.00000000000000000000e-01 7.50000000000000000000e-01 1.00000000000000000000e+00 
layer_sizes=7 9 2 
scale_included=0
neurons (num_inputs, activation_function, activation_steepness)=(0, 0, 0.00000000000000000000e+00) (0, 0, 0.00000000000000000000e+00) (0, 0, 0.00000000000000000000e+00) (0, 0, 0.00000000000000000000e+00) (0, 0, 0.00000000000000000000e+00) (0, 0, 0.00000000000000000000e+00) (0, 0, 0.00000000000000000000e+00) (7, 3, 5.00000000000000000000e-01) (7, 3, 5.00000000000000000000e-01) (7, 3, 5.00000000000000000000e-01) (7, 3, 5.00000000000000000000e-01) (7, 3, 5.00000000000000000000e-01) (7, 3, 5.00000000000000000000e-01) (7, 3, 5.00000000000000000000e-01) (7, 3, 5.00000000000000000000e-01) (0, 3, 0.00000000000000000000e+00) (9, 3, 5.00000000000000000000e-01) (0, 3, 0.00000000000000000000e+00) 
connections (connected_to_neuron, weight)=(0, -1.36841535568237304688e+00) (1, 5.31818747520446777344e-01) (2, -6.51243567466735839844e-01) (3, -1.42693161964416503906e-01) (4, -2.38246536254882812500e+00) (5, -3.85697096586227416992e-01) (6, 1.15009891986846923828e+00) (0, 1.57884383201599121094e+00) (1, -8.24311196804046630859e-01) (2, -4.53736841678619384766e-01) (3, -1.85578629374504089355e-01) (4, 4.01892805099487304688e+00) (5, -1.79199469089508056641e+00) (6, 8.16867575049400329590e-02) (0, 1.93004512786865234375e+00) (1, 4.11033773422241210938e+00) (2, 8.08816814422607421875e+00) (3, -4.59190702438354492188e+00) (4, -2.13795447349548339844e+00) (5, -4.70434665679931640625e+00) (6, 1.34727263450622558594e+00) (0, -8.55100917816162109375e+00) (1, -1.45024621486663818359e+00) (2, -1.17642641067504882812e+00) (3, 2.48691916465759277344e+00) (4, 6.99627041816711425781e-01) (5, 1.38038182258605957031e+00) (6, -1.29022145271301269531e+00) (0, 8.36086845397949218750e+00) (1, 1.07809495925903320312e+00) (2, -6.28357267379760742188e+00) (3, -9.21299839019775390625e+00) (4, 1.65202271938323974609e+00) (5, 4.16127252578735351562e+00) (6, 3.83344507217407226562e+00) (0, 1.79704105854034423828e+00) (1, 2.04820036888122558594e+00) (2, 2.49112677574157714844e+00) (3, -3.69917726516723632812e+00) (4, 1.07484550476074218750e+01) (5, -1.21706972122192382812e+01) (6, 3.24590468406677246094e+00) (0, 2.27193570137023925781e+00) (1, -8.90281140804290771484e-01) (2, -7.84479916095733642578e-01) (3, 7.42291867733001708984e-01) (4, 4.39475679397583007812e+00) (5, -8.20099413394927978516e-01) (6, -1.14939205348491668701e-01) (0, 1.72888636589050292969e+00) (1, -7.02404797077178955078e-01) (2, -7.24289655685424804688e-01) (3, -1.78764593601226806641e+00) (4, 4.37726449966430664062e+00) (5, -2.02813291549682617188e+00) (6, 8.29471200704574584961e-02) (7, -2.47466564178466796875e+00) (8, 1.54614162445068359375e+00) (9, -7.51869559288024902344e-01) (10, 3.06513881683349609375e+00) (11, -1.11731123924255371094e+00) (12, -2.05999898910522460938e+00) (13, 9.78233575820922851562e-01) (14, 1.81211817264556884766e+00) (15, -8.05039256811141967773e-02) 
