FANN_FLO_2.1
num_layers=3
learning_rate=0.400000
connection_rate=1.000000
network_type=0
learning_momentum=0.000000
training_algorithm=2
train_error_function=1
train_stop_function=0
cascade_output_change_fraction=0.010000
quickprop_decay=-0.000100
quickprop_mu=1.750000
rprop_increase_factor=1.200000
rprop_decrease_factor=0.500000
rprop_delta_min=0.000000
rprop_delta_max=50.000000
rprop_delta_zero=0.100000
cascade_output_stagnation_epochs=12
cascade_candidate_change_fraction=0.010000
cascade_candidate_stagnation_epochs=12
cascade_max_out_epochs=150
cascade_min_out_epochs=50
cascade_max_cand_epochs=150
cascade_min_cand_epochs=50
cascade_num_candidate_groups=2
bit_fail_limit=3.49999994039535522461e-01
cascade_candidate_limit=1.00000000000000000000e+03
cascade_weight_multiplier=4.00000005960464477539e-01
cascade_activation_functions_count=10
cascade_activation_functions=3 5 7 8 10 11 14 15 16 17 
cascade_activation_steepnesses_count=4
cascade_activation_steepnesses=2.50000000000000000000e-01 5.00000000000000000000e-01 7.50000000000000000000e-01 1.00000000000000000000e+00 
layer_sizes=7 5 2 
scale_included=0
neurons (num_inputs, activation_function, activation_steepness)=(0, 0, 0.00000000000000000000e+00) (0, 0, 0.00000000000000000000e+00) (0, 0, 0.00000000000000000000e+00) (0, 0, 0.00000000000000000000e+00) (0, 0, 0.00000000000000000000e+00) (0, 0, 0.00000000000000000000e+00) (0, 0, 0.00000000000000000000e+00) (7, 3, 5.00000000000000000000e-01) (7, 3, 5.00000000000000000000e-01) (7, 3, 5.00000000000000000000e-01) (7, 3, 5.00000000000000000000e-01) (0, 3, 0.00000000000000000000e+00) (5, 3, 5.00000000000000000000e-01) (0, 3, 0.00000000000000000000e+00) 
connections (connected_to_neuron, weight)=(0, -5.05487501621246337891e-01) (1, 1.09262454509735107422e+00) (2, -1.30601775646209716797e+00) (3, -1.45063221454620361328e+00) (4, -1.88006651401519775391e+00) (5, -2.57331943511962890625e+00) (6, 1.26206898689270019531e+00) (0, 1.01519813537597656250e+01) (1, 5.51933228969573974609e-01) (2, 2.01559567451477050781e+00) (3, -3.43550062179565429688e+00) (4, -2.67141014337539672852e-01) (5, -3.07696318626403808594e+00) (6, 5.06821453571319580078e-01) (0, 9.30549025535583496094e-01) (1, 5.71158528327941894531e-01) (2, -2.70703172683715820312e+00) (3, 7.01995730400085449219e-01) (4, -8.15883445739746093750e+00) (5, 1.16000280380249023438e+01) (6, 1.26240324974060058594e+00) (0, 6.70712292194366455078e-01) (1, -6.17937386035919189453e-01) (2, 2.56268411874771118164e-01) (3, 8.41343343257904052734e-01) (4, 1.65526974201202392578e+00) (5, 3.33889722824096679688e+00) (6, -2.62402653694152832031e+00) (7, -2.59490847587585449219e+00) (8, -2.96396708488464355469e+00) (9, -2.66701698303222656250e+00) (10, 4.85967063903808593750e+00) (11, 8.12870323657989501953e-01) 
