FANN_FLO_2.1
num_layers=3
learning_rate=0.400000
connection_rate=1.000000
network_type=0
learning_momentum=0.000000
training_algorithm=2
train_error_function=1
train_stop_function=0
cascade_output_change_fraction=0.010000
quickprop_decay=-0.000100
quickprop_mu=1.750000
rprop_increase_factor=1.200000
rprop_decrease_factor=0.500000
rprop_delta_min=0.000000
rprop_delta_max=50.000000
rprop_delta_zero=0.100000
cascade_output_stagnation_epochs=12
cascade_candidate_change_fraction=0.010000
cascade_candidate_stagnation_epochs=12
cascade_max_out_epochs=150
cascade_min_out_epochs=50
cascade_max_cand_epochs=150
cascade_min_cand_epochs=50
cascade_num_candidate_groups=2
bit_fail_limit=3.49999994039535522461e-01
cascade_candidate_limit=1.00000000000000000000e+03
cascade_weight_multiplier=4.00000005960464477539e-01
cascade_activation_functions_count=10
cascade_activation_functions=3 5 7 8 10 11 14 15 16 17 
cascade_activation_steepnesses_count=4
cascade_activation_steepnesses=2.50000000000000000000e-01 5.00000000000000000000e-01 7.50000000000000000000e-01 1.00000000000000000000e+00 
layer_sizes=7 5 2 
scale_included=0
neurons (num_inputs, activation_function, activation_steepness)=(0, 0, 0.00000000000000000000e+00) (0, 0, 0.00000000000000000000e+00) (0, 0, 0.00000000000000000000e+00) (0, 0, 0.00000000000000000000e+00) (0, 0, 0.00000000000000000000e+00) (0, 0, 0.00000000000000000000e+00) (0, 0, 0.00000000000000000000e+00) (7, 3, 5.00000000000000000000e-01) (7, 3, 5.00000000000000000000e-01) (7, 3, 5.00000000000000000000e-01) (7, 3, 5.00000000000000000000e-01) (0, 3, 0.00000000000000000000e+00) (5, 3, 5.00000000000000000000e-01) (0, 3, 0.00000000000000000000e+00) 
connections (connected_to_neuron, weight)=(0, -2.02038788795471191406e+00) (1, -1.35513320565223693848e-01) (2, 3.52790355682373046875e+00) (3, -5.91231966018676757812e+00) (4, -2.54799389839172363281e+00) (5, 9.39355492591857910156e-01) (6, 5.31436872482299804688e+00) (0, 5.84879350662231445312e+00) (1, -2.48568820953369140625e+00) (2, -8.21820640563964843750e+00) (3, 1.84747731685638427734e+00) (4, -6.37488269805908203125e+00) (5, 9.33923304080963134766e-01) (6, -3.98320078849792480469e+00) (0, 7.53424501419067382812e+00) (1, -9.06572341918945312500e+00) (2, 4.72053432464599609375e+00) (3, -2.12143564224243164062e+00) (4, 3.46049487590789794922e-01) (5, -3.83856511116027832031e+00) (6, 4.85967922210693359375e+00) (0, -1.15953159332275390625e+01) (1, 1.01910667419433593750e+01) (2, -1.38456344604492187500e+00) (3, -1.14686357975006103516e+00) (4, -5.43021559715270996094e-01) (5, 4.79990625381469726562e+00) (6, 1.17761099338531494141e+00) (7, -4.66370940208435058594e-01) (8, -2.59837627410888671875e+00) (9, -4.26112508773803710938e+00) (10, -4.06307649612426757812e+00) (11, 3.43169975280761718750e+00) 
