FANN_FLO_2.1
num_layers=4
learning_rate=0.500000
connection_rate=1.000000
network_type=0
learning_momentum=0.000000
training_algorithm=2
train_error_function=1
train_stop_function=0
cascade_output_change_fraction=0.010000
quickprop_decay=-0.000100
quickprop_mu=1.750000
rprop_increase_factor=1.200000
rprop_decrease_factor=0.500000
rprop_delta_min=0.000000
rprop_delta_max=50.000000
rprop_delta_zero=0.100000
cascade_output_stagnation_epochs=12
cascade_candidate_change_fraction=0.010000
cascade_candidate_stagnation_epochs=12
cascade_max_out_epochs=150
cascade_min_out_epochs=50
cascade_max_cand_epochs=150
cascade_min_cand_epochs=50
cascade_num_candidate_groups=2
bit_fail_limit=3.49999994039535522461e-01
cascade_candidate_limit=1.00000000000000000000e+03
cascade_weight_multiplier=4.00000005960464477539e-01
cascade_activation_functions_count=10
cascade_activation_functions=3 5 7 8 10 11 14 15 16 17 
cascade_activation_steepnesses_count=4
cascade_activation_steepnesses=2.50000000000000000000e-01 5.00000000000000000000e-01 7.50000000000000000000e-01 1.00000000000000000000e+00 
layer_sizes=10 5 3 2 
scale_included=0
neurons (num_inputs, activation_function, activation_steepness)=(0, 0, 0.00000000000000000000e+00) (0, 0, 0.00000000000000000000e+00) (0, 0, 0.00000000000000000000e+00) (0, 0, 0.00000000000000000000e+00) (0, 0, 0.00000000000000000000e+00) (0, 0, 0.00000000000000000000e+00) (0, 0, 0.00000000000000000000e+00) (0, 0, 0.00000000000000000000e+00) (0, 0, 0.00000000000000000000e+00) (0, 0, 0.00000000000000000000e+00) (10, 3, 5.00000000000000000000e-01) (10, 3, 5.00000000000000000000e-01) (10, 3, 5.00000000000000000000e-01) (10, 3, 5.00000000000000000000e-01) (0, 3, 0.00000000000000000000e+00) (5, 3, 5.00000000000000000000e-01) (5, 3, 5.00000000000000000000e-01) (0, 3, 0.00000000000000000000e+00) (3, 3, 5.00000000000000000000e-01) (0, 3, 0.00000000000000000000e+00) 
connections (connected_to_neuron, weight)=(0, -5.99112487792968750000e+02) (1, -9.77755798339843750000e+02) (2, -1.36520690917968750000e+01) (3, -5.10951614379882812500e+00) (4, -3.31412658691406250000e+01) (5, -8.34509658813476562500e+00) (6, -1.50000000000000000000e+03) (7, -3.70786499977111816406e+00) (8, -1.50000000000000000000e+03) (9, -3.15373321533203125000e+02) (0, -2.83099746704101562500e+00) (1, 7.98313379287719726562e-01) (2, -5.39471912384033203125e+00) (3, -4.49430435895919799805e-01) (4, 3.55775356292724609375e+00) (5, -8.81306171417236328125e+00) (6, 1.18134856224060058594e-01) (7, -2.03318819403648376465e-01) (8, -9.85814154148101806641e-01) (9, 2.64253759384155273438e+00) (0, -8.84563803672790527344e-01) (1, 2.50553309917449951172e-01) (2, -1.71590566635131835938e-01) (3, -1.33413243293762207031e+00) (4, -4.32614684104919433594e-01) (5, -7.40607857704162597656e-01) (6, -5.49545049667358398438e+00) (7, -4.00225251913070678711e-01) (8, -1.27680981159210205078e+00) (9, 4.52547597885131835938e+00) (0, 7.12313711643218994141e-01) (1, 8.85491371154785156250e+00) (2, 7.29105806350708007812e+00) (3, 7.38274037837982177734e-01) (4, -9.16942358016967773438e-01) (5, 1.10944623947143554688e+01) (6, -8.45588493347167968750e+00) (7, -6.28408575057983398438e+00) (8, -6.29686117172241210938e-01) (9, -2.37399935722351074219e+00) (10, 1.50000000000000000000e+03) (11, 1.50000000000000000000e+03) (12, 2.15558414459228515625e+01) (13, -9.38134574890136718750e+00) (14, -2.11780476570129394531e+00) (10, 1.50000000000000000000e+03) (11, 1.50000000000000000000e+03) (12, 2.46505203247070312500e+01) (13, -2.28406085968017578125e+01) (14, -9.69718098640441894531e-02) (15, 2.53674077987670898438e+00) (16, 6.82525873184204101562e-01) (17, -2.36084437370300292969e+00) 
