FANN_FLO_2.1
num_layers=3
learning_rate=0.400000
connection_rate=1.000000
network_type=0
learning_momentum=0.000000
training_algorithm=2
train_error_function=1
train_stop_function=0
cascade_output_change_fraction=0.010000
quickprop_decay=-0.000100
quickprop_mu=1.750000
rprop_increase_factor=1.200000
rprop_decrease_factor=0.500000
rprop_delta_min=0.000000
rprop_delta_max=50.000000
rprop_delta_zero=0.100000
cascade_output_stagnation_epochs=12
cascade_candidate_change_fraction=0.010000
cascade_candidate_stagnation_epochs=12
cascade_max_out_epochs=150
cascade_min_out_epochs=50
cascade_max_cand_epochs=150
cascade_min_cand_epochs=50
cascade_num_candidate_groups=2
bit_fail_limit=3.49999994039535522461e-01
cascade_candidate_limit=1.00000000000000000000e+03
cascade_weight_multiplier=4.00000005960464477539e-01
cascade_activation_functions_count=10
cascade_activation_functions=3 5 7 8 10 11 14 15 16 17 
cascade_activation_steepnesses_count=4
cascade_activation_steepnesses=2.50000000000000000000e-01 5.00000000000000000000e-01 7.50000000000000000000e-01 1.00000000000000000000e+00 
layer_sizes=19 3 3 
scale_included=0
neurons (num_inputs, activation_function, activation_steepness)=(0, 0, 0.00000000000000000000e+00) (0, 0, 0.00000000000000000000e+00) (0, 0, 0.00000000000000000000e+00) (0, 0, 0.00000000000000000000e+00) (0, 0, 0.00000000000000000000e+00) (0, 0, 0.00000000000000000000e+00) (0, 0, 0.00000000000000000000e+00) (0, 0, 0.00000000000000000000e+00) (0, 0, 0.00000000000000000000e+00) (0, 0, 0.00000000000000000000e+00) (0, 0, 0.00000000000000000000e+00) (0, 0, 0.00000000000000000000e+00) (0, 0, 0.00000000000000000000e+00) (0, 0, 0.00000000000000000000e+00) (0, 0, 0.00000000000000000000e+00) (0, 0, 0.00000000000000000000e+00) (0, 0, 0.00000000000000000000e+00) (0, 0, 0.00000000000000000000e+00) (0, 0, 0.00000000000000000000e+00) (19, 3, 5.00000000000000000000e-01) (19, 3, 5.00000000000000000000e-01) (0, 3, 0.00000000000000000000e+00) (3, 3, 5.00000000000000000000e-01) (3, 3, 5.00000000000000000000e-01) (0, 3, 0.00000000000000000000e+00) 
connections (connected_to_neuron, weight)=(0, 3.33449268341064453125e+00) (1, 2.00551152229309082031e+00) (2, -2.77189373970031738281e+00) (3, 3.61386346817016601562e+00) (4, 1.77482020854949951172e+00) (5, -2.37577271461486816406e+00) (6, 2.80662894248962402344e+00) (7, 2.44188451766967773438e+00) (8, -2.59328603744506835938e+00) (9, -3.92659616470336914062e+00) (10, -2.46984648704528808594e+00) (11, 3.43268060684204101562e+00) (12, -1.84004092216491699219e+00) (13, -2.15088963508605957031e+00) (14, 1.32435739040374755859e+00) (15, -1.53555250167846679688e+00) (16, -1.60534262657165527344e+00) (17, 1.71389341354370117188e+00) (18, -1.84828841686248779297e+00) (0, -4.41945362091064453125e+00) (1, -2.65759682655334472656e+00) (2, 2.62689232826232910156e+00) (3, -2.82200574874877929688e+00) (4, -1.70376098155975341797e+00) (5, 2.81153440475463867188e+00) (6, -3.35840272903442382812e+00) (7, -3.28085947036743164062e+00) (8, 2.94651818275451660156e+00) (9, 4.51868867874145507812e+00) (10, 1.52703309059143066406e+00) (11, -4.27508974075317382812e+00) (12, 2.22030496597290039062e+00) (13, 2.63945817947387695312e+00) (14, -1.53483176231384277344e+00) (15, 1.03871607780456542969e+00) (16, 2.17812752723693847656e+00) (17, -2.21687889099121093750e+00) (18, 1.04169535636901855469e+00) (19, -2.42680311203002929688e+00) (20, -2.31176352500915527344e+00) (21, 1.27374863624572753906e+00) (19, 2.42792081832885742188e+00) (20, 2.31053090095520019531e+00) (21, -1.27358698844909667969e+00) 
