FANN_FLO_2.1
num_layers=4
learning_rate=0.500000
connection_rate=1.000000
network_type=0
learning_momentum=0.000000
training_algorithm=2
train_error_function=1
train_stop_function=0
cascade_output_change_fraction=0.010000
quickprop_decay=-0.000100
quickprop_mu=1.750000
rprop_increase_factor=1.200000
rprop_decrease_factor=0.500000
rprop_delta_min=0.000000
rprop_delta_max=50.000000
rprop_delta_zero=0.100000
cascade_output_stagnation_epochs=12
cascade_candidate_change_fraction=0.010000
cascade_candidate_stagnation_epochs=12
cascade_max_out_epochs=150
cascade_min_out_epochs=50
cascade_max_cand_epochs=150
cascade_min_cand_epochs=50
cascade_num_candidate_groups=2
bit_fail_limit=3.49999994039535522461e-01
cascade_candidate_limit=1.00000000000000000000e+03
cascade_weight_multiplier=4.00000005960464477539e-01
cascade_activation_functions_count=10
cascade_activation_functions=3 5 7 8 10 11 14 15 16 17 
cascade_activation_steepnesses_count=4
cascade_activation_steepnesses=2.50000000000000000000e-01 5.00000000000000000000e-01 7.50000000000000000000e-01 1.00000000000000000000e+00 
layer_sizes=10 3 3 2 
scale_included=0
neurons (num_inputs, activation_function, activation_steepness)=(0, 0, 0.00000000000000000000e+00) (0, 0, 0.00000000000000000000e+00) (0, 0, 0.00000000000000000000e+00) (0, 0, 0.00000000000000000000e+00) (0, 0, 0.00000000000000000000e+00) (0, 0, 0.00000000000000000000e+00) (0, 0, 0.00000000000000000000e+00) (0, 0, 0.00000000000000000000e+00) (0, 0, 0.00000000000000000000e+00) (0, 0, 0.00000000000000000000e+00) (10, 3, 5.00000000000000000000e-01) (10, 3, 5.00000000000000000000e-01) (0, 3, 0.00000000000000000000e+00) (3, 3, 5.00000000000000000000e-01) (3, 3, 5.00000000000000000000e-01) (0, 3, 0.00000000000000000000e+00) (3, 3, 5.00000000000000000000e-01) (0, 3, 0.00000000000000000000e+00) 
connections (connected_to_neuron, weight)=(0, -1.02615296840667724609e+00) (1, -8.34428817033767700195e-02) (2, -1.26218023300170898438e+01) (3, 2.46721744537353515625e+00) (4, 2.61401724815368652344e+00) (5, 2.66689515113830566406e+00) (6, 7.54496455192565917969e-01) (7, -3.30477166175842285156e+00) (8, -1.38038784265518188477e-01) (9, 2.53092551231384277344e+00) (0, -5.40105581283569335938e-01) (1, 8.70146870613098144531e-01) (2, 2.87677741050720214844e+00) (3, 4.89364713430404663086e-01) (4, -1.90677666664123535156e+00) (5, 1.56760132312774658203e+00) (6, -2.91948246955871582031e+00) (7, -7.44515037536621093750e+00) (8, -1.49737215042114257812e+00) (9, 1.92324566841125488281e+00) (10, 8.21427249908447265625e+00) (11, 1.21286716461181640625e+01) (12, -3.79572319984436035156e+00) (10, 2.05530128479003906250e+01) (11, 1.68990421295166015625e+01) (12, -4.79083776473999023438e+00) (13, 9.66413557529449462891e-01) (14, 3.46039915084838867188e+00) (15, -3.55019116401672363281e+00) 
