FANN_FLO_2.1
num_layers=3
learning_rate=0.400000
connection_rate=1.000000
network_type=0
learning_momentum=0.000000
training_algorithm=2
train_error_function=1
train_stop_function=0
cascade_output_change_fraction=0.010000
quickprop_decay=-0.000100
quickprop_mu=1.750000
rprop_increase_factor=1.200000
rprop_decrease_factor=0.500000
rprop_delta_min=0.000000
rprop_delta_max=50.000000
rprop_delta_zero=0.100000
cascade_output_stagnation_epochs=12
cascade_candidate_change_fraction=0.010000
cascade_candidate_stagnation_epochs=12
cascade_max_out_epochs=150
cascade_min_out_epochs=50
cascade_max_cand_epochs=150
cascade_min_cand_epochs=50
cascade_num_candidate_groups=2
bit_fail_limit=3.49999994039535522461e-01
cascade_candidate_limit=1.00000000000000000000e+03
cascade_weight_multiplier=4.00000005960464477539e-01
cascade_activation_functions_count=10
cascade_activation_functions=3 5 7 8 10 11 14 15 16 17 
cascade_activation_steepnesses_count=4
cascade_activation_steepnesses=2.50000000000000000000e-01 5.00000000000000000000e-01 7.50000000000000000000e-01 1.00000000000000000000e+00 
layer_sizes=7 5 2 
scale_included=0
neurons (num_inputs, activation_function, activation_steepness)=(0, 0, 0.00000000000000000000e+00) (0, 0, 0.00000000000000000000e+00) (0, 0, 0.00000000000000000000e+00) (0, 0, 0.00000000000000000000e+00) (0, 0, 0.00000000000000000000e+00) (0, 0, 0.00000000000000000000e+00) (0, 0, 0.00000000000000000000e+00) (7, 3, 5.00000000000000000000e-01) (7, 3, 5.00000000000000000000e-01) (7, 3, 5.00000000000000000000e-01) (7, 3, 5.00000000000000000000e-01) (0, 3, 0.00000000000000000000e+00) (5, 3, 5.00000000000000000000e-01) (0, 3, 0.00000000000000000000e+00) 
connections (connected_to_neuron, weight)=(0, -5.42228078842163085938e+00) (1, 3.10626053810119628906e+00) (2, 8.34072017669677734375e+00) (3, -7.70639276504516601562e+00) (4, 4.75911808013916015625e+00) (5, -2.64099526405334472656e+00) (6, 1.28707453608512878418e-01) (0, -1.07779674530029296875e+01) (1, 7.78926658630371093750e+00) (2, -6.45527744293212890625e+00) (3, -2.93924236297607421875e+00) (4, -9.67284858226776123047e-01) (5, 2.84201955795288085938e+00) (6, 3.03799748420715332031e+00) (0, 1.53973646163940429688e+01) (1, -1.57891616821289062500e+01) (2, 6.54599714279174804688e+00) (3, -1.48768126964569091797e+00) (4, -9.57078754901885986328e-01) (5, 4.42174959182739257812e+00) (6, -4.86775684356689453125e+00) (0, -2.18777036666870117188e+00) (1, 2.76952672004699707031e+00) (2, -1.17169678211212158203e+00) (3, 1.68785583972930908203e+00) (4, -1.83447062969207763672e+00) (5, -1.50000000000000000000e+03) (6, 3.03121387958526611328e-01) (7, -1.98898327350616455078e+00) (8, -3.09967827796936035156e+00) (9, -6.49725055694580078125e+00) (10, -3.93836259841918945312e+00) (11, 1.24633336067199707031e+00) 
