FANN_FLO_2.1
num_layers=3
learning_rate=0.400000
connection_rate=1.000000
network_type=0
learning_momentum=0.000000
training_algorithm=2
train_error_function=1
train_stop_function=0
cascade_output_change_fraction=0.010000
quickprop_decay=-0.000100
quickprop_mu=1.750000
rprop_increase_factor=1.200000
rprop_decrease_factor=0.500000
rprop_delta_min=0.000000
rprop_delta_max=50.000000
rprop_delta_zero=0.100000
cascade_output_stagnation_epochs=12
cascade_candidate_change_fraction=0.010000
cascade_candidate_stagnation_epochs=12
cascade_max_out_epochs=150
cascade_min_out_epochs=50
cascade_max_cand_epochs=150
cascade_min_cand_epochs=50
cascade_num_candidate_groups=2
bit_fail_limit=3.49999994039535522461e-01
cascade_candidate_limit=1.00000000000000000000e+03
cascade_weight_multiplier=4.00000005960464477539e-01
cascade_activation_functions_count=10
cascade_activation_functions=3 5 7 8 10 11 14 15 16 17 
cascade_activation_steepnesses_count=4
cascade_activation_steepnesses=2.50000000000000000000e-01 5.00000000000000000000e-01 7.50000000000000000000e-01 1.00000000000000000000e+00 
layer_sizes=19 3 3 
scale_included=0
neurons (num_inputs, activation_function, activation_steepness)=(0, 0, 0.00000000000000000000e+00) (0, 0, 0.00000000000000000000e+00) (0, 0, 0.00000000000000000000e+00) (0, 0, 0.00000000000000000000e+00) (0, 0, 0.00000000000000000000e+00) (0, 0, 0.00000000000000000000e+00) (0, 0, 0.00000000000000000000e+00) (0, 0, 0.00000000000000000000e+00) (0, 0, 0.00000000000000000000e+00) (0, 0, 0.00000000000000000000e+00) (0, 0, 0.00000000000000000000e+00) (0, 0, 0.00000000000000000000e+00) (0, 0, 0.00000000000000000000e+00) (0, 0, 0.00000000000000000000e+00) (0, 0, 0.00000000000000000000e+00) (0, 0, 0.00000000000000000000e+00) (0, 0, 0.00000000000000000000e+00) (0, 0, 0.00000000000000000000e+00) (0, 0, 0.00000000000000000000e+00) (19, 3, 5.00000000000000000000e-01) (19, 3, 5.00000000000000000000e-01) (0, 3, 0.00000000000000000000e+00) (3, 3, 5.00000000000000000000e-01) (3, 3, 5.00000000000000000000e-01) (0, 3, 0.00000000000000000000e+00) 
connections (connected_to_neuron, weight)=(0, -2.43697690963745117188e+00) (1, -6.33196544647216796875e+00) (2, -2.18486118316650390625e+00) (3, -5.98626661300659179688e+00) (4, 4.68730020523071289062e+00) (5, 3.78564214706420898438e+00) (6, 4.73473215103149414062e+00) (7, -5.76689195632934570312e+00) (8, -3.97858190536499023438e+00) (9, 1.53566971421241760254e-01) (10, 7.58577585220336914062e+00) (11, -4.12730407714843750000e+00) (12, -4.05112886428833007812e+00) (13, 6.12294864654541015625e+00) (14, 1.31115406751632690430e-01) (15, 1.13364446163177490234e+00) (16, -9.22039794921875000000e+00) (17, -5.34533786773681640625e+00) (18, 1.93764648437500000000e+01) (0, 5.20984458923339843750e+00) (1, -1.84530735015869140625e+00) (2, 3.47480440139770507812e+00) (3, 7.25327372550964355469e-01) (4, 4.89128541946411132812e+00) (5, -7.09497117996215820312e+00) (6, -1.93616619110107421875e+01) (7, -3.23150306940078735352e-01) (8, 1.32566528320312500000e+01) (9, -1.56357460021972656250e+01) (10, -5.25262928009033203125e+00) (11, 1.33222115039825439453e+00) (12, 6.18305921554565429688e-01) (13, 2.52847361564636230469e+00) (14, -8.69435405731201171875e+00) (15, 2.09197044372558593750e+01) (16, -2.43718788027763366699e-01) (17, 1.78374671936035156250e+01) (18, 1.49699580669403076172e+00) (19, -1.11924374103546142578e+00) (20, -5.62618970870971679688e-01) (21, 8.63414168357849121094e-01) (19, 1.11938142776489257812e+00) (20, 5.63389658927917480469e-01) (21, -8.63872170448303222656e-01) 
