FANN_FLO_2.1
num_layers=4
learning_rate=0.400000
connection_rate=1.000000
network_type=0
learning_momentum=0.000000
training_algorithm=2
train_error_function=1
train_stop_function=0
cascade_output_change_fraction=0.010000
quickprop_decay=-0.000100
quickprop_mu=1.750000
rprop_increase_factor=1.200000
rprop_decrease_factor=0.500000
rprop_delta_min=0.000000
rprop_delta_max=50.000000
rprop_delta_zero=0.100000
cascade_output_stagnation_epochs=12
cascade_candidate_change_fraction=0.010000
cascade_candidate_stagnation_epochs=12
cascade_max_out_epochs=150
cascade_min_out_epochs=50
cascade_max_cand_epochs=150
cascade_min_cand_epochs=50
cascade_num_candidate_groups=2
bit_fail_limit=3.49999994039535522461e-01
cascade_candidate_limit=1.00000000000000000000e+03
cascade_weight_multiplier=4.00000005960464477539e-01
cascade_activation_functions_count=10
cascade_activation_functions=3 5 7 8 10 11 14 15 16 17 
cascade_activation_steepnesses_count=4
cascade_activation_steepnesses=2.50000000000000000000e-01 5.00000000000000000000e-01 7.50000000000000000000e-01 1.00000000000000000000e+00 
layer_sizes=7 5 5 2 
scale_included=0
neurons (num_inputs, activation_function, activation_steepness)=(0, 0, 0.00000000000000000000e+00) (0, 0, 0.00000000000000000000e+00) (0, 0, 0.00000000000000000000e+00) (0, 0, 0.00000000000000000000e+00) (0, 0, 0.00000000000000000000e+00) (0, 0, 0.00000000000000000000e+00) (0, 0, 0.00000000000000000000e+00) (7, 3, 5.00000000000000000000e-01) (7, 3, 5.00000000000000000000e-01) (7, 3, 5.00000000000000000000e-01) (7, 3, 5.00000000000000000000e-01) (0, 3, 0.00000000000000000000e+00) (5, 3, 5.00000000000000000000e-01) (5, 3, 5.00000000000000000000e-01) (5, 3, 5.00000000000000000000e-01) (5, 3, 5.00000000000000000000e-01) (0, 3, 0.00000000000000000000e+00) (5, 3, 5.00000000000000000000e-01) (0, 3, 0.00000000000000000000e+00) 
connections (connected_to_neuron, weight)=(0, -1.50000000000000000000e+03) (1, -1.50000000000000000000e+03) (2, 1.50000000000000000000e+03) (3, -1.50000000000000000000e+03) (4, -1.50000000000000000000e+03) (5, 1.20583361816406250000e+03) (6, 3.03331637382507324219e+00) (0, -1.40877962112426757812e+01) (1, -1.74121704101562500000e+02) (2, 1.98285751342773437500e+02) (3, -8.49829483032226562500e+01) (4, -3.42142753601074218750e+01) (5, 3.01818786621093750000e+02) (6, -9.15508193969726562500e+01) (0, -1.03787698745727539062e+01) (1, 8.90553188323974609375e+00) (2, -1.58054590225219726562e+00) (3, -2.57627439498901367188e+00) (4, -1.21389102935791015625e+00) (5, -5.48690319061279296875e+00) (6, 4.41495150327682495117e-01) (0, -1.50000000000000000000e+03) (1, -1.50000000000000000000e+03) (2, 1.50000000000000000000e+03) (3, -1.50000000000000000000e+03) (4, -1.50000000000000000000e+03) (5, 9.89930786132812500000e+02) (6, 2.46752977371215820312e+00) (7, 1.50000000000000000000e+03) (8, 1.35066962242126464844e+00) (9, 9.04212760925292968750e+00) (10, 1.50000000000000000000e+03) (11, -1.24346327781677246094e+00) (7, 1.50000000000000000000e+03) (8, 1.38590905761718750000e+03) (9, 9.05330467224121093750e+00) (10, 1.50000000000000000000e+03) (11, -8.50302219390869140625e-01) (7, 1.50000000000000000000e+03) (8, 1.01714396476745605469e+00) (9, 8.84658908843994140625e+00) (10, 1.50000000000000000000e+03) (11, -1.13676035404205322266e+00) (7, 1.50000000000000000000e+03) (8, 1.05980229377746582031e+00) (9, 8.93904399871826171875e+00) (10, 1.50000000000000000000e+03) (11, -1.21036100387573242188e+00) (12, -1.24757504463195800781e+00) (13, -1.04405379295349121094e+00) (14, -9.63500022888183593750e-01) (15, -1.23457980155944824219e+00) (16, -4.38460111618041992188e-01) 
