FANN_FLO_2.1
num_layers=3
learning_rate=0.400000
connection_rate=1.000000
network_type=0
learning_momentum=0.000000
training_algorithm=2
train_error_function=1
train_stop_function=0
cascade_output_change_fraction=0.010000
quickprop_decay=-0.000100
quickprop_mu=1.750000
rprop_increase_factor=1.200000
rprop_decrease_factor=0.500000
rprop_delta_min=0.000000
rprop_delta_max=50.000000
rprop_delta_zero=0.100000
cascade_output_stagnation_epochs=12
cascade_candidate_change_fraction=0.010000
cascade_candidate_stagnation_epochs=12
cascade_max_out_epochs=150
cascade_min_out_epochs=50
cascade_max_cand_epochs=150
cascade_min_cand_epochs=50
cascade_num_candidate_groups=2
bit_fail_limit=3.49999994039535522461e-01
cascade_candidate_limit=1.00000000000000000000e+03
cascade_weight_multiplier=4.00000005960464477539e-01
cascade_activation_functions_count=10
cascade_activation_functions=3 5 7 8 10 11 14 15 16 17 
cascade_activation_steepnesses_count=4
cascade_activation_steepnesses=2.50000000000000000000e-01 5.00000000000000000000e-01 7.50000000000000000000e-01 1.00000000000000000000e+00 
layer_sizes=7 5 2 
scale_included=0
neurons (num_inputs, activation_function, activation_steepness)=(0, 0, 0.00000000000000000000e+00) (0, 0, 0.00000000000000000000e+00) (0, 0, 0.00000000000000000000e+00) (0, 0, 0.00000000000000000000e+00) (0, 0, 0.00000000000000000000e+00) (0, 0, 0.00000000000000000000e+00) (0, 0, 0.00000000000000000000e+00) (7, 3, 5.00000000000000000000e-01) (7, 3, 5.00000000000000000000e-01) (7, 3, 5.00000000000000000000e-01) (7, 3, 5.00000000000000000000e-01) (0, 3, 0.00000000000000000000e+00) (5, 3, 5.00000000000000000000e-01) (0, 3, 0.00000000000000000000e+00) 
connections (connected_to_neuron, weight)=(0, 1.80970323085784912109e+00) (1, -2.64647006988525390625e+00) (2, -2.42495846748352050781e+00) (3, 3.13307237625122070312e+00) (4, -1.86902487277984619141e+00) (5, 8.74774074554443359375e+00) (6, -5.20123529434204101562e+00) (0, 6.78234481811523437500e+00) (1, -1.62215816974639892578e+00) (2, 3.91941595077514648438e+00) (3, -1.64307737350463867188e+00) (4, 3.19181728363037109375e+00) (5, -1.87723522186279296875e+01) (6, -2.41633987426757812500e+00) (0, 1.20417079925537109375e+01) (1, -1.54539716243743896484e+00) (2, 2.68982434272766113281e+00) (3, 1.98534834384918212891e+00) (4, 6.97129535675048828125e+00) (5, -1.48068466186523437500e+01) (6, -4.22206354141235351562e+00) (0, -3.24323153495788574219e+00) (1, -3.63971376419067382812e+00) (2, -2.22819995880126953125e+00) (3, 1.78235948085784912109e+00) (4, 3.24043583869934082031e+00) (5, 1.03258740901947021484e+00) (6, -1.76330101490020751953e+00) (7, 2.55859255790710449219e+00) (8, 1.92479181289672851562e+00) (9, 1.55811989307403564453e+00) (10, 4.28445720672607421875e+00) (11, -2.54288077354431152344e+00) 
