FANN_FLO_2.1
num_layers=4
learning_rate=0.500000
connection_rate=1.000000
network_type=0
learning_momentum=0.000000
training_algorithm=2
train_error_function=1
train_stop_function=0
cascade_output_change_fraction=0.010000
quickprop_decay=-0.000100
quickprop_mu=1.750000
rprop_increase_factor=1.200000
rprop_decrease_factor=0.500000
rprop_delta_min=0.000000
rprop_delta_max=50.000000
rprop_delta_zero=0.100000
cascade_output_stagnation_epochs=12
cascade_candidate_change_fraction=0.010000
cascade_candidate_stagnation_epochs=12
cascade_max_out_epochs=150
cascade_min_out_epochs=50
cascade_max_cand_epochs=150
cascade_min_cand_epochs=50
cascade_num_candidate_groups=2
bit_fail_limit=3.49999994039535522461e-01
cascade_candidate_limit=1.00000000000000000000e+03
cascade_weight_multiplier=4.00000005960464477539e-01
cascade_activation_functions_count=10
cascade_activation_functions=3 5 7 8 10 11 14 15 16 17 
cascade_activation_steepnesses_count=4
cascade_activation_steepnesses=2.50000000000000000000e-01 5.00000000000000000000e-01 7.50000000000000000000e-01 1.00000000000000000000e+00 
layer_sizes=10 5 3 2 
scale_included=0
neurons (num_inputs, activation_function, activation_steepness)=(0, 0, 0.00000000000000000000e+00) (0, 0, 0.00000000000000000000e+00) (0, 0, 0.00000000000000000000e+00) (0, 0, 0.00000000000000000000e+00) (0, 0, 0.00000000000000000000e+00) (0, 0, 0.00000000000000000000e+00) (0, 0, 0.00000000000000000000e+00) (0, 0, 0.00000000000000000000e+00) (0, 0, 0.00000000000000000000e+00) (0, 0, 0.00000000000000000000e+00) (10, 3, 5.00000000000000000000e-01) (10, 3, 5.00000000000000000000e-01) (10, 3, 5.00000000000000000000e-01) (10, 3, 5.00000000000000000000e-01) (0, 3, 0.00000000000000000000e+00) (5, 3, 5.00000000000000000000e-01) (5, 3, 5.00000000000000000000e-01) (0, 3, 0.00000000000000000000e+00) (3, 3, 5.00000000000000000000e-01) (0, 3, 0.00000000000000000000e+00) 
connections (connected_to_neuron, weight)=(0, -1.04802429199218750000e+02) (1, -1.84346191406250000000e+02) (2, -2.44576301574707031250e+01) (3, 3.29021415710449218750e+01) (4, 7.54567031860351562500e+01) (5, -2.95290613174438476562e+00) (6, 1.47732772827148437500e+02) (7, 1.36390399932861328125e+01) (8, 5.46203231811523437500e+00) (9, 1.35082602500915527344e-01) (0, 1.29973912239074707031e+00) (1, 1.30133800506591796875e+01) (2, 5.05683040618896484375e+00) (3, -2.54596138000488281250e+01) (4, 1.84828842163085937500e+02) (5, 1.13420307636260986328e+00) (6, -2.38133041381835937500e+02) (7, 7.13826537132263183594e-01) (8, 1.57269182205200195312e+01) (9, 4.55827176570892333984e-01) (0, -9.00713253021240234375e+00) (1, 2.32405400276184082031e+00) (2, 1.38162636756896972656e+00) (3, 9.76543247699737548828e-01) (4, 6.84681463241577148438e+00) (5, 1.38473911285400390625e+01) (6, -1.21346244812011718750e+01) (7, -5.33791112899780273438e+00) (8, -3.87155008316040039062e+00) (9, 1.44738876819610595703e+00) (0, 5.51715507507324218750e+01) (1, 2.77259464263916015625e+01) (2, 1.54688796997070312500e+01) (3, -7.80726814270019531250e+00) (4, -1.25172920227050781250e+01) (5, 4.58166092634201049805e-01) (6, -6.86624298095703125000e+01) (7, -3.83302402496337890625e+00) (8, -3.76611733436584472656e+00) (9, 3.64687561988830566406e-01) (10, 6.62771320343017578125e+00) (11, 4.53991770744323730469e-01) (12, 1.08580045700073242188e+01) (13, -4.13734102249145507812e+00) (14, -2.32857346534729003906e+00) (10, 9.07360935211181640625e+00) (11, 6.73069596290588378906e-01) (12, 1.35011835098266601562e+01) (13, -3.63816022872924804688e+00) (14, -1.96605098247528076172e+00) (15, 8.84153366088867187500e-01) (16, 1.54227674007415771484e+00) (17, -1.55122423171997070312e+00) 
