FANN_FLO_2.1
num_layers=4
learning_rate=0.500000
connection_rate=1.000000
network_type=0
learning_momentum=0.000000
training_algorithm=2
train_error_function=1
train_stop_function=0
cascade_output_change_fraction=0.010000
quickprop_decay=-0.000100
quickprop_mu=1.750000
rprop_increase_factor=1.200000
rprop_decrease_factor=0.500000
rprop_delta_min=0.000000
rprop_delta_max=50.000000
rprop_delta_zero=0.100000
cascade_output_stagnation_epochs=12
cascade_candidate_change_fraction=0.010000
cascade_candidate_stagnation_epochs=12
cascade_max_out_epochs=150
cascade_min_out_epochs=50
cascade_max_cand_epochs=150
cascade_min_cand_epochs=50
cascade_num_candidate_groups=2
bit_fail_limit=3.49999994039535522461e-01
cascade_candidate_limit=1.00000000000000000000e+03
cascade_weight_multiplier=4.00000005960464477539e-01
cascade_activation_functions_count=10
cascade_activation_functions=3 5 7 8 10 11 14 15 16 17 
cascade_activation_steepnesses_count=4
cascade_activation_steepnesses=2.50000000000000000000e-01 5.00000000000000000000e-01 7.50000000000000000000e-01 1.00000000000000000000e+00 
layer_sizes=10 5 3 2 
scale_included=0
neurons (num_inputs, activation_function, activation_steepness)=(0, 0, 0.00000000000000000000e+00) (0, 0, 0.00000000000000000000e+00) (0, 0, 0.00000000000000000000e+00) (0, 0, 0.00000000000000000000e+00) (0, 0, 0.00000000000000000000e+00) (0, 0, 0.00000000000000000000e+00) (0, 0, 0.00000000000000000000e+00) (0, 0, 0.00000000000000000000e+00) (0, 0, 0.00000000000000000000e+00) (0, 0, 0.00000000000000000000e+00) (10, 3, 5.00000000000000000000e-01) (10, 3, 5.00000000000000000000e-01) (10, 3, 5.00000000000000000000e-01) (10, 3, 5.00000000000000000000e-01) (0, 3, 0.00000000000000000000e+00) (5, 3, 5.00000000000000000000e-01) (5, 3, 5.00000000000000000000e-01) (0, 3, 0.00000000000000000000e+00) (3, 3, 5.00000000000000000000e-01) (0, 3, 0.00000000000000000000e+00) 
connections (connected_to_neuron, weight)=(0, 9.02100503444671630859e-01) (1, 4.02057975530624389648e-01) (2, -2.95118484497070312500e+01) (3, 2.58287620544433593750e+00) (4, -1.40809917449951171875e+00) (5, -1.45714271068572998047e+00) (6, 4.36264801025390625000e+00) (7, 1.05382041931152343750e+01) (8, 1.12094855308532714844e+00) (9, -1.86493083834648132324e-01) (0, -5.81049060821533203125e+00) (1, -2.11011362075805664062e+00) (2, -3.68229532241821289062e+00) (3, 1.78478872776031494141e+00) (4, 2.48737668991088867188e+00) (5, -2.26174354553222656250e-01) (6, 4.73913764953613281250e+00) (7, 1.19619297981262207031e+00) (8, 1.56200408935546875000e+00) (9, 6.70233607292175292969e-01) (0, 3.16686773300170898438e+00) (1, 5.06832838058471679688e-01) (2, -2.70327587127685546875e+01) (3, 1.56433033943176269531e+00) (4, 3.17339873313903808594e+00) (5, -2.26384687423706054688e+00) (6, 4.62834882736206054688e+00) (7, 7.30906820297241210938e+00) (8, 2.18297362327575683594e+00) (9, -3.98262262344360351562e-01) (0, -3.51060009002685546875e+00) (1, -1.05561065673828125000e+00) (2, -8.02588176727294921875e+00) (3, 1.53340506553649902344e+00) (4, 3.24218821525573730469e+00) (5, 6.21404200792312622070e-02) (6, 4.62808322906494140625e+00) (7, 1.19971358776092529297e+00) (8, 1.64928042888641357422e+00) (9, 8.53331685066223144531e-01) (10, 6.16930675506591796875e+00) (11, -7.10579156875610351562e+00) (12, 4.55401325225830078125e+00) (13, -5.19245290756225585938e+00) (14, 5.71816635131835937500e+00) (10, 5.83806943893432617188e+00) (11, -3.51903247833251953125e+00) (12, 4.29740428924560546875e+00) (13, -9.94765377044677734375e+00) (14, 6.15242433547973632812e+00) (15, 1.83134353160858154297e+00) (16, 6.95585310459136962891e-01) (17, -1.60202479362487792969e+00) 
