FANN_FLO_2.1
num_layers=3
learning_rate=0.400000
connection_rate=1.000000
network_type=0
learning_momentum=0.000000
training_algorithm=2
train_error_function=1
train_stop_function=0
cascade_output_change_fraction=0.010000
quickprop_decay=-0.000100
quickprop_mu=1.750000
rprop_increase_factor=1.200000
rprop_decrease_factor=0.500000
rprop_delta_min=0.000000
rprop_delta_max=50.000000
rprop_delta_zero=0.100000
cascade_output_stagnation_epochs=12
cascade_candidate_change_fraction=0.010000
cascade_candidate_stagnation_epochs=12
cascade_max_out_epochs=150
cascade_min_out_epochs=50
cascade_max_cand_epochs=150
cascade_min_cand_epochs=50
cascade_num_candidate_groups=2
bit_fail_limit=3.49999994039535522461e-01
cascade_candidate_limit=1.00000000000000000000e+03
cascade_weight_multiplier=4.00000005960464477539e-01
cascade_activation_functions_count=10
cascade_activation_functions=3 5 7 8 10 11 14 15 16 17 
cascade_activation_steepnesses_count=4
cascade_activation_steepnesses=2.50000000000000000000e-01 5.00000000000000000000e-01 7.50000000000000000000e-01 1.00000000000000000000e+00 
layer_sizes=7 5 2 
scale_included=0
neurons (num_inputs, activation_function, activation_steepness)=(0, 0, 0.00000000000000000000e+00) (0, 0, 0.00000000000000000000e+00) (0, 0, 0.00000000000000000000e+00) (0, 0, 0.00000000000000000000e+00) (0, 0, 0.00000000000000000000e+00) (0, 0, 0.00000000000000000000e+00) (0, 0, 0.00000000000000000000e+00) (7, 3, 5.00000000000000000000e-01) (7, 3, 5.00000000000000000000e-01) (7, 3, 5.00000000000000000000e-01) (7, 3, 5.00000000000000000000e-01) (0, 3, 0.00000000000000000000e+00) (5, 3, 5.00000000000000000000e-01) (0, 3, 0.00000000000000000000e+00) 
connections (connected_to_neuron, weight)=(0, -1.14443421363830566406e+00) (1, -5.19762182235717773438e+00) (2, -3.20708417892456054688e+00) (3, 1.01870946884155273438e+01) (4, -4.98391628265380859375e+00) (5, 7.83435106277465820312e+00) (6, -6.08607435226440429688e+00) (0, 8.14632797241210937500e+00) (1, -8.03656101226806640625e+00) (2, 3.27917432785034179688e+00) (3, -3.27171874046325683594e+00) (4, 2.12401807308197021484e-01) (5, 3.00528240203857421875e+00) (6, -4.02040433883666992188e+00) (0, -8.37582767009735107422e-01) (1, -3.94213342666625976562e+00) (2, 1.33030977249145507812e+01) (3, -4.93338441848754882812e+00) (4, -1.94428539276123046875e+00) (5, 8.41944575309753417969e-01) (6, 7.22127580642700195312e+00) (0, -9.82828235626220703125e+00) (1, 9.04814243316650390625e+00) (2, -2.14999270439147949219e+00) (3, -8.31048905849456787109e-01) (4, -9.20315623283386230469e-01) (5, -4.14549732208251953125e+00) (6, -5.08281886577606201172e-01) (7, -6.43882095813751220703e-01) (8, -7.86185836791992187500e+00) (9, -1.00914621353149414062e+00) (10, -9.18053722381591796875e+00) (11, -4.40851837396621704102e-01) 
