FANN_FLO_2.1
num_layers=3
learning_rate=0.500000
connection_rate=1.000000
network_type=0
learning_momentum=0.000000
training_algorithm=2
train_error_function=1
train_stop_function=0
cascade_output_change_fraction=0.010000
quickprop_decay=-0.000100
quickprop_mu=1.750000
rprop_increase_factor=1.200000
rprop_decrease_factor=0.500000
rprop_delta_min=0.000000
rprop_delta_max=50.000000
rprop_delta_zero=0.100000
cascade_output_stagnation_epochs=12
cascade_candidate_change_fraction=0.010000
cascade_candidate_stagnation_epochs=12
cascade_max_out_epochs=150
cascade_min_out_epochs=50
cascade_max_cand_epochs=150
cascade_min_cand_epochs=50
cascade_num_candidate_groups=2
bit_fail_limit=3.49999994039535522461e-01
cascade_candidate_limit=1.00000000000000000000e+03
cascade_weight_multiplier=4.00000005960464477539e-01
cascade_activation_functions_count=10
cascade_activation_functions=3 5 7 8 10 11 14 15 16 17 
cascade_activation_steepnesses_count=4
cascade_activation_steepnesses=2.50000000000000000000e-01 5.00000000000000000000e-01 7.50000000000000000000e-01 1.00000000000000000000e+00 
layer_sizes=10 3 2 
scale_included=0
neurons (num_inputs, activation_function, activation_steepness)=(0, 0, 0.00000000000000000000e+00) (0, 0, 0.00000000000000000000e+00) (0, 0, 0.00000000000000000000e+00) (0, 0, 0.00000000000000000000e+00) (0, 0, 0.00000000000000000000e+00) (0, 0, 0.00000000000000000000e+00) (0, 0, 0.00000000000000000000e+00) (0, 0, 0.00000000000000000000e+00) (0, 0, 0.00000000000000000000e+00) (0, 0, 0.00000000000000000000e+00) (10, 3, 5.00000000000000000000e-01) (10, 3, 5.00000000000000000000e-01) (0, 3, 0.00000000000000000000e+00) (3, 3, 5.00000000000000000000e-01) (0, 3, 0.00000000000000000000e+00) 
connections (connected_to_neuron, weight)=(0, 8.17104995250701904297e-01) (1, 2.22152576446533203125e+01) (2, 5.25622606277465820312e+00) (3, -2.28901481628417968750e+00) (4, -2.08543739318847656250e+01) (5, 1.94359703063964843750e+01) (6, -2.04665732383728027344e+00) (7, -1.21809263229370117188e+01) (8, -1.58876061439514160156e+00) (9, -6.23521232604980468750e+00) (0, -1.17233819961547851562e+01) (1, 4.39813047647476196289e-01) (2, -1.08484382629394531250e+01) (3, -2.18570575714111328125e+01) (4, 2.39917325973510742188e+00) (5, -2.04760217666625976562e+00) (6, 2.06234149932861328125e+01) (7, 1.32650537490844726562e+01) (8, -1.31334247589111328125e+01) (9, 4.50043344497680664062e+00) (10, 2.60764789581298828125e+00) (11, 2.46902322769165039062e+00) (12, -1.52628493309020996094e+00) 
