FANN_FLO_2.1
num_layers=3
learning_rate=0.400000
connection_rate=1.000000
network_type=0
learning_momentum=0.000000
training_algorithm=2
train_error_function=1
train_stop_function=0
cascade_output_change_fraction=0.010000
quickprop_decay=-0.000100
quickprop_mu=1.750000
rprop_increase_factor=1.200000
rprop_decrease_factor=0.500000
rprop_delta_min=0.000000
rprop_delta_max=50.000000
rprop_delta_zero=0.100000
cascade_output_stagnation_epochs=12
cascade_candidate_change_fraction=0.010000
cascade_candidate_stagnation_epochs=12
cascade_max_out_epochs=150
cascade_min_out_epochs=50
cascade_max_cand_epochs=150
cascade_min_cand_epochs=50
cascade_num_candidate_groups=2
bit_fail_limit=3.49999994039535522461e-01
cascade_candidate_limit=1.00000000000000000000e+03
cascade_weight_multiplier=4.00000005960464477539e-01
cascade_activation_functions_count=10
cascade_activation_functions=3 5 7 8 10 11 14 15 16 17 
cascade_activation_steepnesses_count=4
cascade_activation_steepnesses=2.50000000000000000000e-01 5.00000000000000000000e-01 7.50000000000000000000e-01 1.00000000000000000000e+00 
layer_sizes=7 9 2 
scale_included=0
neurons (num_inputs, activation_function, activation_steepness)=(0, 0, 0.00000000000000000000e+00) (0, 0, 0.00000000000000000000e+00) (0, 0, 0.00000000000000000000e+00) (0, 0, 0.00000000000000000000e+00) (0, 0, 0.00000000000000000000e+00) (0, 0, 0.00000000000000000000e+00) (0, 0, 0.00000000000000000000e+00) (7, 3, 5.00000000000000000000e-01) (7, 3, 5.00000000000000000000e-01) (7, 3, 5.00000000000000000000e-01) (7, 3, 5.00000000000000000000e-01) (7, 3, 5.00000000000000000000e-01) (7, 3, 5.00000000000000000000e-01) (7, 3, 5.00000000000000000000e-01) (7, 3, 5.00000000000000000000e-01) (0, 3, 0.00000000000000000000e+00) (9, 3, 5.00000000000000000000e-01) (0, 3, 0.00000000000000000000e+00) 
connections (connected_to_neuron, weight)=(0, 1.17276315689086914062e+01) (1, -1.21077613830566406250e+01) (2, 5.86891222000122070312e+00) (3, -1.56391370296478271484e+00) (4, 1.17117516696453094482e-01) (5, -4.37214756011962890625e+00) (6, 4.51699495315551757812e+00) (0, -2.19301271438598632812e+00) (1, 1.56786537170410156250e+00) (2, 1.15462362766265869141e+00) (3, -9.70633029937744140625e+00) (4, 5.78378820419311523438e+00) (5, 1.92891389131546020508e-01) (6, -2.64682650566101074219e+00) (0, -2.18006229400634765625e+00) (1, 2.31303405761718750000e+00) (2, 2.31138920783996582031e+00) (3, -3.21846032142639160156e+00) (4, -1.60995197296142578125e+00) (5, 2.87818884849548339844e+00) (6, 4.49330136179924011230e-02) (0, -1.46371765136718750000e+01) (1, 1.36470766067504882812e+01) (2, -3.42014384269714355469e+00) (3, -2.69499540328979492188e+00) (4, -1.02595663070678710938e+00) (5, 4.20327377319335937500e+00) (6, 1.47510886192321777344e+00) (0, 2.52270054817199707031e+00) (1, 5.10525405406951904297e-01) (2, 2.48572444915771484375e+00) (3, -1.17177639007568359375e+01) (4, -6.40604543685913085938e+00) (5, -1.19277465343475341797e+00) (6, 6.56641483306884765625e+00) (0, -1.36572647094726562500e+01) (1, -1.49908840656280517578e+00) (2, -1.79173259735107421875e+01) (3, 6.49122524261474609375e+00) (4, 3.80014634132385253906e+00) (5, -6.10436558723449707031e-01) (6, 3.52138471603393554688e+00) (0, -1.31504142284393310547e+00) (1, 1.39496719837188720703e+00) (2, 1.40183019638061523438e+00) (3, -2.59011173248291015625e+00) (4, 1.08954060077667236328e+00) (5, 5.95799624919891357422e-01) (6, 2.31545865535736083984e-01) (0, 1.49999670410156250000e+03) (1, -1.40848624706268310547e+00) (2, 7.95859313964843750000e+02) (3, 1.49926635742187500000e+03) (4, 1.49999780273437500000e+03) (5, 1.70719397068023681641e+00) (6, 1.15667877197265625000e+01) (7, -3.99479866027832031250e+00) (8, -9.45767879486083984375e-01) (9, -1.32255363464355468750e+00) (10, -3.32987570762634277344e+00) (11, -4.17776077985763549805e-01) (12, -6.62798285484313964844e-01) (13, 1.77909004688262939453e+00) (14, 1.10103404521942138672e+00) (15, 1.20116341114044189453e+00) 
