FANN_FLO_2.1
num_layers=4
learning_rate=0.500000
connection_rate=1.000000
network_type=0
learning_momentum=0.000000
training_algorithm=2
train_error_function=1
train_stop_function=0
cascade_output_change_fraction=0.010000
quickprop_decay=-0.000100
quickprop_mu=1.750000
rprop_increase_factor=1.200000
rprop_decrease_factor=0.500000
rprop_delta_min=0.000000
rprop_delta_max=50.000000
rprop_delta_zero=0.100000
cascade_output_stagnation_epochs=12
cascade_candidate_change_fraction=0.010000
cascade_candidate_stagnation_epochs=12
cascade_max_out_epochs=150
cascade_min_out_epochs=50
cascade_max_cand_epochs=150
cascade_min_cand_epochs=50
cascade_num_candidate_groups=2
bit_fail_limit=3.49999994039535522461e-01
cascade_candidate_limit=1.00000000000000000000e+03
cascade_weight_multiplier=4.00000005960464477539e-01
cascade_activation_functions_count=10
cascade_activation_functions=3 5 7 8 10 11 14 15 16 17 
cascade_activation_steepnesses_count=4
cascade_activation_steepnesses=2.50000000000000000000e-01 5.00000000000000000000e-01 7.50000000000000000000e-01 1.00000000000000000000e+00 
layer_sizes=10 5 3 2 
scale_included=0
neurons (num_inputs, activation_function, activation_steepness)=(0, 0, 0.00000000000000000000e+00) (0, 0, 0.00000000000000000000e+00) (0, 0, 0.00000000000000000000e+00) (0, 0, 0.00000000000000000000e+00) (0, 0, 0.00000000000000000000e+00) (0, 0, 0.00000000000000000000e+00) (0, 0, 0.00000000000000000000e+00) (0, 0, 0.00000000000000000000e+00) (0, 0, 0.00000000000000000000e+00) (0, 0, 0.00000000000000000000e+00) (10, 3, 5.00000000000000000000e-01) (10, 3, 5.00000000000000000000e-01) (10, 3, 5.00000000000000000000e-01) (10, 3, 5.00000000000000000000e-01) (0, 3, 0.00000000000000000000e+00) (5, 3, 5.00000000000000000000e-01) (5, 3, 5.00000000000000000000e-01) (0, 3, 0.00000000000000000000e+00) (3, 3, 5.00000000000000000000e-01) (0, 3, 0.00000000000000000000e+00) 
connections (connected_to_neuron, weight)=(0, -2.00158810615539550781e+00) (1, 2.35885548591613769531e+00) (2, -1.11542582511901855469e+00) (3, -3.17148065567016601562e+00) (4, 1.29784154891967773438e+00) (5, 2.69988179206848144531e+00) (6, -4.42257356643676757812e+00) (7, -7.26580572128295898438e+00) (8, 1.59072518348693847656e+00) (9, 1.98809254169464111328e+00) (0, -1.33866941928863525391e+00) (1, 5.92083835601806640625e+00) (2, 1.42681169509887695312e+00) (3, -3.64417147636413574219e+00) (4, 1.41290688514709472656e+00) (5, 1.23255014419555664062e+00) (6, -6.77748489379882812500e+00) (7, -5.57988595962524414062e+00) (8, 6.20755493640899658203e-01) (9, 1.78360533714294433594e+00) (0, -3.66428494453430175781e+00) (1, 1.07317483425140380859e+00) (2, -1.07651197910308837891e+00) (3, -3.08972954750061035156e+00) (4, 1.49160659313201904297e+00) (5, 1.33288502693176269531e+00) (6, -4.32690572738647460938e+00) (7, -3.63516326904296875000e+02) (8, 1.29703068733215332031e+00) (9, 1.13886880874633789062e+00) (0, -2.98813986778259277344e+00) (1, 1.53470480442047119141e+00) (2, -1.27949037551879882812e+01) (3, 1.92525118589401245117e-01) (4, 1.98749828338623046875e+00) (5, 2.57693982124328613281e+00) (6, 3.46865445375442504883e-01) (7, 1.22279286384582519531e+00) (8, 1.91730201244354248047e+00) (9, 1.43064594268798828125e+00) (10, -2.72837123870849609375e+01) (11, 2.93660240173339843750e+01) (12, 1.50000000000000000000e+03) (13, 1.30968074798583984375e+01) (14, -6.11957168579101562500e+00) (10, -1.89461688995361328125e+01) (11, 2.48895263671875000000e+01) (12, 1.50000000000000000000e+03) (13, 1.11138887405395507812e+01) (14, -7.20514869689941406250e+00) (15, 1.59762561321258544922e+00) (16, 5.11315286159515380859e-01) (17, -1.22343146800994873047e+00) 
