FANN_FLO_2.1
num_layers=4
learning_rate=0.400000
connection_rate=1.000000
network_type=0
learning_momentum=0.000000
training_algorithm=2
train_error_function=1
train_stop_function=0
cascade_output_change_fraction=0.010000
quickprop_decay=-0.000100
quickprop_mu=1.750000
rprop_increase_factor=1.200000
rprop_decrease_factor=0.500000
rprop_delta_min=0.000000
rprop_delta_max=50.000000
rprop_delta_zero=0.100000
cascade_output_stagnation_epochs=12
cascade_candidate_change_fraction=0.010000
cascade_candidate_stagnation_epochs=12
cascade_max_out_epochs=150
cascade_min_out_epochs=50
cascade_max_cand_epochs=150
cascade_min_cand_epochs=50
cascade_num_candidate_groups=2
bit_fail_limit=3.49999994039535522461e-01
cascade_candidate_limit=1.00000000000000000000e+03
cascade_weight_multiplier=4.00000005960464477539e-01
cascade_activation_functions_count=10
cascade_activation_functions=3 5 7 8 10 11 14 15 16 17 
cascade_activation_steepnesses_count=4
cascade_activation_steepnesses=2.50000000000000000000e-01 5.00000000000000000000e-01 7.50000000000000000000e-01 1.00000000000000000000e+00 
layer_sizes=7 3 3 2 
scale_included=0
neurons (num_inputs, activation_function, activation_steepness)=(0, 0, 0.00000000000000000000e+00) (0, 0, 0.00000000000000000000e+00) (0, 0, 0.00000000000000000000e+00) (0, 0, 0.00000000000000000000e+00) (0, 0, 0.00000000000000000000e+00) (0, 0, 0.00000000000000000000e+00) (0, 0, 0.00000000000000000000e+00) (7, 3, 5.00000000000000000000e-01) (7, 3, 5.00000000000000000000e-01) (0, 3, 0.00000000000000000000e+00) (3, 3, 5.00000000000000000000e-01) (3, 3, 5.00000000000000000000e-01) (0, 3, 0.00000000000000000000e+00) (3, 3, 5.00000000000000000000e-01) (0, 3, 0.00000000000000000000e+00) 
connections (connected_to_neuron, weight)=(0, -3.19058456420898437500e+01) (1, 3.20145111083984375000e+01) (2, -1.02926054000854492188e+01) (3, 5.55890619754791259766e-01) (4, -4.71991509199142456055e-01) (5, 6.38601112365722656250e+00) (6, 1.58186471462249755859e+00) (0, 1.65588521957397460938e+00) (1, -4.60826158523559570312e+00) (2, 2.95356750488281250000e+00) (3, -4.24734878540039062500e+00) (4, -1.48004162311553955078e+00) (5, -8.73008489608764648438e-01) (6, 3.33929324150085449219e+00) (7, 2.61189341545104980469e-01) (8, 6.26915092468261718750e+01) (9, -6.28561353683471679688e+00) (7, 2.43598389625549316406e+00) (8, 2.23826575279235839844e+00) (9, -3.28086209297180175781e+00) (10, -1.05968034267425537109e+00) (11, -4.54852056503295898438e+00) (12, -3.06311875581741333008e-01) 
