FANN_FLO_2.1
num_layers=3
learning_rate=0.500000
connection_rate=1.000000
network_type=0
learning_momentum=0.000000
training_algorithm=2
train_error_function=1
train_stop_function=0
cascade_output_change_fraction=0.010000
quickprop_decay=-0.000100
quickprop_mu=1.750000
rprop_increase_factor=1.200000
rprop_decrease_factor=0.500000
rprop_delta_min=0.000000
rprop_delta_max=50.000000
rprop_delta_zero=0.100000
cascade_output_stagnation_epochs=12
cascade_candidate_change_fraction=0.010000
cascade_candidate_stagnation_epochs=12
cascade_max_out_epochs=150
cascade_min_out_epochs=50
cascade_max_cand_epochs=150
cascade_min_cand_epochs=50
cascade_num_candidate_groups=2
bit_fail_limit=3.49999994039535522461e-01
cascade_candidate_limit=1.00000000000000000000e+03
cascade_weight_multiplier=4.00000005960464477539e-01
cascade_activation_functions_count=10
cascade_activation_functions=3 5 7 8 10 11 14 15 16 17 
cascade_activation_steepnesses_count=4
cascade_activation_steepnesses=2.50000000000000000000e-01 5.00000000000000000000e-01 7.50000000000000000000e-01 1.00000000000000000000e+00 
layer_sizes=10 5 2 
scale_included=0
neurons (num_inputs, activation_function, activation_steepness)=(0, 0, 0.00000000000000000000e+00) (0, 0, 0.00000000000000000000e+00) (0, 0, 0.00000000000000000000e+00) (0, 0, 0.00000000000000000000e+00) (0, 0, 0.00000000000000000000e+00) (0, 0, 0.00000000000000000000e+00) (0, 0, 0.00000000000000000000e+00) (0, 0, 0.00000000000000000000e+00) (0, 0, 0.00000000000000000000e+00) (0, 0, 0.00000000000000000000e+00) (10, 3, 5.00000000000000000000e-01) (10, 3, 5.00000000000000000000e-01) (10, 3, 5.00000000000000000000e-01) (10, 3, 5.00000000000000000000e-01) (0, 3, 0.00000000000000000000e+00) (5, 3, 5.00000000000000000000e-01) (0, 3, 0.00000000000000000000e+00) 
connections (connected_to_neuron, weight)=(0, -2.37199153900146484375e+01) (1, -1.83895623683929443359e+00) (2, -2.09065151214599609375e+00) (3, 1.18677740097045898438e+01) (4, 7.23846614360809326172e-01) (5, 3.70353966951370239258e-01) (6, -1.01240873336791992188e+00) (7, 2.16869997978210449219e+00) (8, 2.99132513999938964844e+00) (9, 5.98655581474304199219e-01) (0, 7.00203895568847656250e+00) (1, -2.05169573426246643066e-01) (2, -1.00386917591094970703e+00) (3, 9.64940249919891357422e-01) (4, -9.79486083984375000000e+00) (5, 1.26321041584014892578e+00) (6, -5.32825326919555664062e+00) (7, -1.04224669933319091797e+00) (8, 1.25435400009155273438e+00) (9, 2.38991403579711914062e+00) (0, -1.30615282058715820312e+01) (1, -3.19447338581085205078e-01) (2, -2.01147958636283874512e-01) (3, -2.88047099113464355469e+00) (4, -3.04981040954589843750e+00) (5, 1.27982616424560546875e+00) (6, 5.17428874969482421875e+00) (7, 1.14945678710937500000e+01) (8, 6.35194253921508789062e+00) (9, 1.17439031600952148438e+00) (0, 6.81575918197631835938e+00) (1, 2.62919092178344726562e+00) (2, 2.01015782356262207031e+00) (3, 1.11543595790863037109e+00) (4, 1.50600969791412353516e+00) (5, -5.84710001945495605469e-01) (6, -6.91399288177490234375e+00) (7, 1.16822576522827148438e+01) (8, 7.37373352050781250000e-01) (9, -6.56912660598754882812e+00) (10, 3.65078425407409667969e+00) (11, 1.17487490177154541016e+00) (12, -2.73594427108764648438e+00) (13, 1.41566419601440429688e+00) (14, -2.01028689742088317871e-01) 
