FANN_FLO_2.1
num_layers=3
learning_rate=0.400000
connection_rate=1.000000
network_type=0
learning_momentum=0.000000
training_algorithm=2
train_error_function=1
train_stop_function=0
cascade_output_change_fraction=0.010000
quickprop_decay=-0.000100
quickprop_mu=1.750000
rprop_increase_factor=1.200000
rprop_decrease_factor=0.500000
rprop_delta_min=0.000000
rprop_delta_max=50.000000
rprop_delta_zero=0.100000
cascade_output_stagnation_epochs=12
cascade_candidate_change_fraction=0.010000
cascade_candidate_stagnation_epochs=12
cascade_max_out_epochs=150
cascade_min_out_epochs=50
cascade_max_cand_epochs=150
cascade_min_cand_epochs=50
cascade_num_candidate_groups=2
bit_fail_limit=3.49999994039535522461e-01
cascade_candidate_limit=1.00000000000000000000e+03
cascade_weight_multiplier=4.00000005960464477539e-01
cascade_activation_functions_count=10
cascade_activation_functions=3 5 7 8 10 11 14 15 16 17 
cascade_activation_steepnesses_count=4
cascade_activation_steepnesses=2.50000000000000000000e-01 5.00000000000000000000e-01 7.50000000000000000000e-01 1.00000000000000000000e+00 
layer_sizes=19 3 3 
scale_included=0
neurons (num_inputs, activation_function, activation_steepness)=(0, 0, 0.00000000000000000000e+00) (0, 0, 0.00000000000000000000e+00) (0, 0, 0.00000000000000000000e+00) (0, 0, 0.00000000000000000000e+00) (0, 0, 0.00000000000000000000e+00) (0, 0, 0.00000000000000000000e+00) (0, 0, 0.00000000000000000000e+00) (0, 0, 0.00000000000000000000e+00) (0, 0, 0.00000000000000000000e+00) (0, 0, 0.00000000000000000000e+00) (0, 0, 0.00000000000000000000e+00) (0, 0, 0.00000000000000000000e+00) (0, 0, 0.00000000000000000000e+00) (0, 0, 0.00000000000000000000e+00) (0, 0, 0.00000000000000000000e+00) (0, 0, 0.00000000000000000000e+00) (0, 0, 0.00000000000000000000e+00) (0, 0, 0.00000000000000000000e+00) (0, 0, 0.00000000000000000000e+00) (19, 3, 5.00000000000000000000e-01) (19, 3, 5.00000000000000000000e-01) (0, 3, 0.00000000000000000000e+00) (3, 3, 5.00000000000000000000e-01) (3, 3, 5.00000000000000000000e-01) (0, 3, 0.00000000000000000000e+00) 
connections (connected_to_neuron, weight)=(0, 3.47232198715209960938e+00) (1, -1.92813944816589355469e+00) (2, 7.71923065185546875000e+00) (3, 3.44459319114685058594e+00) (4, -5.70934963226318359375e+00) (5, 7.79863643646240234375e+00) (6, 3.44133687019348144531e+00) (7, -6.26966381072998046875e+00) (8, 4.85254192352294921875e+00) (9, -3.81096172332763671875e+00) (10, 4.46024465560913085938e+00) (11, -3.84751939773559570312e+00) (12, -2.70556020736694335938e+00) (13, 1.60647857189178466797e+00) (14, -7.63323116302490234375e+00) (15, -8.55069458484649658203e-01) (16, 4.89351224899291992188e+00) (17, -5.65017127990722656250e+00) (18, -5.24929475784301757812e+00) (0, -4.67533683776855468750e+00) (1, -7.74322807788848876953e-01) (2, -4.35711240768432617188e+00) (3, 7.45213150978088378906e-01) (4, 4.84188795089721679688e+00) (5, -6.77374124526977539062e+00) (6, -1.38898015022277832031e+00) (7, 2.45853471755981445312e+00) (8, -2.20823884010314941406e+00) (9, 3.32272195816040039062e+00) (10, -4.10911369323730468750e+00) (11, 4.01643323898315429688e+00) (12, 3.29890823364257812500e+00) (13, -1.26150047779083251953e+00) (14, 7.67812061309814453125e+00) (15, 3.04167747497558593750e+00) (16, -6.70647859573364257812e+00) (17, 7.22101402282714843750e+00) (18, -3.57305955886840820312e+00) (19, -1.47200477123260498047e+00) (20, -1.23328053951263427734e+00) (21, 4.12381738424301147461e-01) (19, 1.47367835044860839844e+00) (20, 1.23355495929718017578e+00) (21, -4.12405103445053100586e-01) 
