FANN_FLO_2.1
num_layers=3
learning_rate=0.400000
connection_rate=1.000000
network_type=0
learning_momentum=0.000000
training_algorithm=2
train_error_function=1
train_stop_function=0
cascade_output_change_fraction=0.010000
quickprop_decay=-0.000100
quickprop_mu=1.750000
rprop_increase_factor=1.200000
rprop_decrease_factor=0.500000
rprop_delta_min=0.000000
rprop_delta_max=50.000000
rprop_delta_zero=0.100000
cascade_output_stagnation_epochs=12
cascade_candidate_change_fraction=0.010000
cascade_candidate_stagnation_epochs=12
cascade_max_out_epochs=150
cascade_min_out_epochs=50
cascade_max_cand_epochs=150
cascade_min_cand_epochs=50
cascade_num_candidate_groups=2
bit_fail_limit=3.49999994039535522461e-01
cascade_candidate_limit=1.00000000000000000000e+03
cascade_weight_multiplier=4.00000005960464477539e-01
cascade_activation_functions_count=10
cascade_activation_functions=3 5 7 8 10 11 14 15 16 17 
cascade_activation_steepnesses_count=4
cascade_activation_steepnesses=2.50000000000000000000e-01 5.00000000000000000000e-01 7.50000000000000000000e-01 1.00000000000000000000e+00 
layer_sizes=7 5 2 
scale_included=0
neurons (num_inputs, activation_function, activation_steepness)=(0, 0, 0.00000000000000000000e+00) (0, 0, 0.00000000000000000000e+00) (0, 0, 0.00000000000000000000e+00) (0, 0, 0.00000000000000000000e+00) (0, 0, 0.00000000000000000000e+00) (0, 0, 0.00000000000000000000e+00) (0, 0, 0.00000000000000000000e+00) (7, 3, 5.00000000000000000000e-01) (7, 3, 5.00000000000000000000e-01) (7, 3, 5.00000000000000000000e-01) (7, 3, 5.00000000000000000000e-01) (0, 3, 0.00000000000000000000e+00) (5, 3, 5.00000000000000000000e-01) (0, 3, 0.00000000000000000000e+00) 
connections (connected_to_neuron, weight)=(0, -2.43735861778259277344e+00) (1, -3.02623128890991210938e+00) (2, -4.79665994644165039062e+00) (3, 3.19303941726684570312e+00) (4, -1.07931518554687500000e+00) (5, 4.71073055267333984375e+00) (6, -9.59239304065704345703e-01) (0, 9.66806471347808837891e-01) (1, -2.27985572814941406250e+00) (2, -2.84818339347839355469e+00) (3, -1.22044639587402343750e+01) (4, 1.59001588821411132812e+01) (5, -1.30041390657424926758e-01) (6, -2.62283571064472198486e-02) (0, -2.89909124374389648438e-01) (1, -1.10050296783447265625e+00) (2, 2.99483752250671386719e+00) (3, 8.54977989196777343750e+00) (4, -2.45438051223754882812e+00) (5, -7.00751185417175292969e-01) (6, -5.74764728546142578125e+00) (0, -1.63582193851470947266e+00) (1, -5.98120737075805664062e+00) (2, -2.12522506713867187500e+00) (3, 3.87971901893615722656e+00) (4, 1.74852752685546875000e+00) (5, 1.18531107902526855469e+00) (6, -3.55290222167968750000e+00) (7, 1.47289323806762695312e+00) (8, 2.02500224113464355469e+00) (9, 2.16070556640625000000e+00) (10, 5.08206748962402343750e+00) (11, -2.38598012924194335938e+00) 
