FANN_FLO_2.1
num_layers=3
learning_rate=0.400000
connection_rate=1.000000
network_type=0
learning_momentum=0.000000
training_algorithm=2
train_error_function=1
train_stop_function=0
cascade_output_change_fraction=0.010000
quickprop_decay=-0.000100
quickprop_mu=1.750000
rprop_increase_factor=1.200000
rprop_decrease_factor=0.500000
rprop_delta_min=0.000000
rprop_delta_max=50.000000
rprop_delta_zero=0.100000
cascade_output_stagnation_epochs=12
cascade_candidate_change_fraction=0.010000
cascade_candidate_stagnation_epochs=12
cascade_max_out_epochs=150
cascade_min_out_epochs=50
cascade_max_cand_epochs=150
cascade_min_cand_epochs=50
cascade_num_candidate_groups=2
bit_fail_limit=3.49999994039535522461e-01
cascade_candidate_limit=1.00000000000000000000e+03
cascade_weight_multiplier=4.00000005960464477539e-01
cascade_activation_functions_count=10
cascade_activation_functions=3 5 7 8 10 11 14 15 16 17 
cascade_activation_steepnesses_count=4
cascade_activation_steepnesses=2.50000000000000000000e-01 5.00000000000000000000e-01 7.50000000000000000000e-01 1.00000000000000000000e+00 
layer_sizes=19 3 3 
scale_included=0
neurons (num_inputs, activation_function, activation_steepness)=(0, 0, 0.00000000000000000000e+00) (0, 0, 0.00000000000000000000e+00) (0, 0, 0.00000000000000000000e+00) (0, 0, 0.00000000000000000000e+00) (0, 0, 0.00000000000000000000e+00) (0, 0, 0.00000000000000000000e+00) (0, 0, 0.00000000000000000000e+00) (0, 0, 0.00000000000000000000e+00) (0, 0, 0.00000000000000000000e+00) (0, 0, 0.00000000000000000000e+00) (0, 0, 0.00000000000000000000e+00) (0, 0, 0.00000000000000000000e+00) (0, 0, 0.00000000000000000000e+00) (0, 0, 0.00000000000000000000e+00) (0, 0, 0.00000000000000000000e+00) (0, 0, 0.00000000000000000000e+00) (0, 0, 0.00000000000000000000e+00) (0, 0, 0.00000000000000000000e+00) (0, 0, 0.00000000000000000000e+00) (19, 3, 5.00000000000000000000e-01) (19, 3, 5.00000000000000000000e-01) (0, 3, 0.00000000000000000000e+00) (3, 3, 5.00000000000000000000e-01) (3, 3, 5.00000000000000000000e-01) (0, 3, 0.00000000000000000000e+00) 
connections (connected_to_neuron, weight)=(0, 1.35420727729797363281e+00) (1, 3.55434584617614746094e+00) (2, 1.48044443130493164062e+00) (3, 1.87254750728607177734e+00) (4, 5.88179063796997070312e+00) (5, 4.32831668853759765625e+00) (6, 1.27842259407043457031e+00) (7, 4.23410844802856445312e+00) (8, 3.20309472084045410156e+00) (9, -9.28615033626556396484e-01) (10, -5.83136320114135742188e+00) (11, -5.31961297988891601562e+00) (12, -8.78692984580993652344e-01) (13, -6.95490264892578125000e+00) (14, -5.35329866409301757812e+00) (15, -1.31939375400543212891e+00) (16, -4.65208292007446289062e+00) (17, -4.28070640563964843750e+00) (18, 1.45241391658782958984e+00) (0, -2.15252757072448730469e-01) (1, -2.41257166862487792969e+00) (2, -2.38211202621459960938e+00) (3, -9.39089238643646240234e-01) (4, -4.54731464385986328125e+00) (5, -3.69293165206909179688e+00) (6, -1.29039955139160156250e+00) (7, -5.93394851684570312500e+00) (8, -3.23579072952270507812e+00) (9, 1.77624142169952392578e+00) (10, 1.65070271492004394531e+00) (11, 4.09404993057250976562e+00) (12, 1.08056271076202392578e+00) (13, 4.58363437652587890625e+00) (14, 4.54782629013061523438e+00) (15, 2.49152493476867675781e+00) (16, 3.70317530632019042969e+00) (17, 3.51724052429199218750e+00) (18, -3.89024806022644042969e+00) (19, -1.25825202465057373047e+00) (20, -1.42786264419555664062e+00) (21, 1.92388787865638732910e-01) (19, 1.25959956645965576172e+00) (20, 1.42881977558135986328e+00) (21, -1.91743686795234680176e-01) 
