FANN_FLO_2.1
num_layers=3
learning_rate=0.500000
connection_rate=1.000000
network_type=0
learning_momentum=0.000000
training_algorithm=2
train_error_function=1
train_stop_function=0
cascade_output_change_fraction=0.010000
quickprop_decay=-0.000100
quickprop_mu=1.750000
rprop_increase_factor=1.200000
rprop_decrease_factor=0.500000
rprop_delta_min=0.000000
rprop_delta_max=50.000000
rprop_delta_zero=0.100000
cascade_output_stagnation_epochs=12
cascade_candidate_change_fraction=0.010000
cascade_candidate_stagnation_epochs=12
cascade_max_out_epochs=150
cascade_min_out_epochs=50
cascade_max_cand_epochs=150
cascade_min_cand_epochs=50
cascade_num_candidate_groups=2
bit_fail_limit=3.49999994039535522461e-01
cascade_candidate_limit=1.00000000000000000000e+03
cascade_weight_multiplier=4.00000005960464477539e-01
cascade_activation_functions_count=10
cascade_activation_functions=3 5 7 8 10 11 14 15 16 17 
cascade_activation_steepnesses_count=4
cascade_activation_steepnesses=2.50000000000000000000e-01 5.00000000000000000000e-01 7.50000000000000000000e-01 1.00000000000000000000e+00 
layer_sizes=10 5 2 
scale_included=0
neurons (num_inputs, activation_function, activation_steepness)=(0, 0, 0.00000000000000000000e+00) (0, 0, 0.00000000000000000000e+00) (0, 0, 0.00000000000000000000e+00) (0, 0, 0.00000000000000000000e+00) (0, 0, 0.00000000000000000000e+00) (0, 0, 0.00000000000000000000e+00) (0, 0, 0.00000000000000000000e+00) (0, 0, 0.00000000000000000000e+00) (0, 0, 0.00000000000000000000e+00) (0, 0, 0.00000000000000000000e+00) (10, 3, 5.00000000000000000000e-01) (10, 3, 5.00000000000000000000e-01) (10, 3, 5.00000000000000000000e-01) (10, 3, 5.00000000000000000000e-01) (0, 3, 0.00000000000000000000e+00) (5, 3, 5.00000000000000000000e-01) (0, 3, 0.00000000000000000000e+00) 
connections (connected_to_neuron, weight)=(0, -2.29775834083557128906e+00) (1, -1.36798381805419921875e+01) (2, 9.99500393867492675781e-01) (3, -4.54355287551879882812e+00) (4, 1.17601954936981201172e+00) (5, 1.19663572311401367188e+00) (6, 2.69611620903015136719e+00) (7, -1.14457905292510986328e+00) (8, 1.02772274017333984375e+01) (9, -7.84033536911010742188e-01) (0, 4.81995224952697753906e-01) (1, 4.14561939239501953125e+00) (2, 1.57398557662963867188e+01) (3, -1.22978115081787109375e+00) (4, 5.72213649749755859375e-01) (5, 2.16189026832580566406e+00) (6, -1.45782117843627929688e+01) (7, -1.57810926437377929688e+01) (8, 2.46815013885498046875e+00) (9, -8.09852778911590576172e-01) (0, 6.97781026363372802734e-01) (1, -3.17071700096130371094e+00) (2, 2.85189008712768554688e+00) (3, -3.23325419425964355469e+00) (4, 2.46009397506713867188e+00) (5, -2.15556859970092773438e+00) (6, 1.55101621150970458984e+00) (7, -2.92072153091430664062e+00) (8, 9.89244341850280761719e-01) (9, 1.14804871380329132080e-01) (0, -2.34334081411361694336e-01) (1, -4.39900696277618408203e-01) (2, -8.31770038604736328125e+00) (3, -2.32232427597045898438e+00) (4, -2.27933382987976074219e+00) (5, -1.03281517028808593750e+01) (6, 7.53659210205078125000e+01) (7, -1.17346358299255371094e+00) (8, -6.43166198730468750000e+01) (9, -2.68588423728942871094e-01) (10, 2.14974141120910644531e+00) (11, 3.63389444351196289062e+00) (12, -2.36962938308715820312e+00) (13, 2.97952747344970703125e+00) (14, -1.82460284233093261719e+00) 
