FANN_FLO_2.1
num_layers=4
learning_rate=0.500000
connection_rate=1.000000
network_type=0
learning_momentum=0.000000
training_algorithm=2
train_error_function=1
train_stop_function=0
cascade_output_change_fraction=0.010000
quickprop_decay=-0.000100
quickprop_mu=1.750000
rprop_increase_factor=1.200000
rprop_decrease_factor=0.500000
rprop_delta_min=0.000000
rprop_delta_max=50.000000
rprop_delta_zero=0.100000
cascade_output_stagnation_epochs=12
cascade_candidate_change_fraction=0.010000
cascade_candidate_stagnation_epochs=12
cascade_max_out_epochs=150
cascade_min_out_epochs=50
cascade_max_cand_epochs=150
cascade_min_cand_epochs=50
cascade_num_candidate_groups=2
bit_fail_limit=3.49999994039535522461e-01
cascade_candidate_limit=1.00000000000000000000e+03
cascade_weight_multiplier=4.00000005960464477539e-01
cascade_activation_functions_count=10
cascade_activation_functions=3 5 7 8 10 11 14 15 16 17 
cascade_activation_steepnesses_count=4
cascade_activation_steepnesses=2.50000000000000000000e-01 5.00000000000000000000e-01 7.50000000000000000000e-01 1.00000000000000000000e+00 
layer_sizes=10 3 3 2 
scale_included=0
neurons (num_inputs, activation_function, activation_steepness)=(0, 0, 0.00000000000000000000e+00) (0, 0, 0.00000000000000000000e+00) (0, 0, 0.00000000000000000000e+00) (0, 0, 0.00000000000000000000e+00) (0, 0, 0.00000000000000000000e+00) (0, 0, 0.00000000000000000000e+00) (0, 0, 0.00000000000000000000e+00) (0, 0, 0.00000000000000000000e+00) (0, 0, 0.00000000000000000000e+00) (0, 0, 0.00000000000000000000e+00) (10, 3, 5.00000000000000000000e-01) (10, 3, 5.00000000000000000000e-01) (0, 3, 0.00000000000000000000e+00) (3, 3, 5.00000000000000000000e-01) (3, 3, 5.00000000000000000000e-01) (0, 3, 0.00000000000000000000e+00) (3, 3, 5.00000000000000000000e-01) (0, 3, 0.00000000000000000000e+00) 
connections (connected_to_neuron, weight)=(0, -5.72868633270263671875e+00) (1, -1.95049881935119628906e+00) (2, -5.30310273170471191406e-02) (3, -4.46220779418945312500e+00) (4, 1.31249654293060302734e+00) (5, -1.05075192451477050781e+00) (6, 1.27628520131111145020e-01) (7, -1.14999675750732421875e+00) (8, -5.63055896759033203125e+00) (9, 9.04761886596679687500e+00) (0, -1.15683975219726562500e+01) (1, -2.41230273246765136719e+00) (2, 1.72075223922729492188e+00) (3, 1.66896171867847442627e-02) (4, 6.54807806015014648438e+00) (5, 2.74609827995300292969e+00) (6, -8.11733245849609375000e+00) (7, 4.86910200119018554688e+00) (8, -1.81340217590332031250e+00) (9, 2.11930131912231445312e+00) (10, 1.39426679611206054688e+01) (11, 3.66163754463195800781e+00) (12, -5.67902088165283203125e+00) (10, 1.27240419387817382812e+01) (11, 7.49907445907592773438e+00) (12, -5.71510648727416992188e+00) (13, 2.78632950782775878906e+00) (14, 1.37637102603912353516e+00) (15, -3.29044795036315917969e+00) 
