FANN_FLO_2.1
num_layers=3
learning_rate=0.500000
connection_rate=1.000000
network_type=0
learning_momentum=0.000000
training_algorithm=2
train_error_function=1
train_stop_function=0
cascade_output_change_fraction=0.010000
quickprop_decay=-0.000100
quickprop_mu=1.750000
rprop_increase_factor=1.200000
rprop_decrease_factor=0.500000
rprop_delta_min=0.000000
rprop_delta_max=50.000000
rprop_delta_zero=0.100000
cascade_output_stagnation_epochs=12
cascade_candidate_change_fraction=0.010000
cascade_candidate_stagnation_epochs=12
cascade_max_out_epochs=150
cascade_min_out_epochs=50
cascade_max_cand_epochs=150
cascade_min_cand_epochs=50
cascade_num_candidate_groups=2
bit_fail_limit=3.49999994039535522461e-01
cascade_candidate_limit=1.00000000000000000000e+03
cascade_weight_multiplier=4.00000005960464477539e-01
cascade_activation_functions_count=10
cascade_activation_functions=3 5 7 8 10 11 14 15 16 17 
cascade_activation_steepnesses_count=4
cascade_activation_steepnesses=2.50000000000000000000e-01 5.00000000000000000000e-01 7.50000000000000000000e-01 1.00000000000000000000e+00 
layer_sizes=10 5 2 
scale_included=0
neurons (num_inputs, activation_function, activation_steepness)=(0, 0, 0.00000000000000000000e+00) (0, 0, 0.00000000000000000000e+00) (0, 0, 0.00000000000000000000e+00) (0, 0, 0.00000000000000000000e+00) (0, 0, 0.00000000000000000000e+00) (0, 0, 0.00000000000000000000e+00) (0, 0, 0.00000000000000000000e+00) (0, 0, 0.00000000000000000000e+00) (0, 0, 0.00000000000000000000e+00) (0, 0, 0.00000000000000000000e+00) (10, 3, 5.00000000000000000000e-01) (10, 3, 5.00000000000000000000e-01) (10, 3, 5.00000000000000000000e-01) (10, 3, 5.00000000000000000000e-01) (0, 3, 0.00000000000000000000e+00) (5, 3, 5.00000000000000000000e-01) (0, 3, 0.00000000000000000000e+00) 
connections (connected_to_neuron, weight)=(0, 4.60393047332763671875e+00) (1, -1.31883659362792968750e+01) (2, -8.79359340667724609375e+00) (3, 1.17794036865234375000e+01) (4, -9.88075137138366699219e-02) (5, 5.38530170917510986328e-01) (6, 1.58909206390380859375e+01) (7, 2.77995795011520385742e-01) (8, 1.13277206420898437500e+01) (9, -1.00218288600444793701e-01) (0, 2.43576717376708984375e+00) (1, 2.28138847351074218750e+01) (2, 1.67674770355224609375e+01) (3, -2.54804229736328125000e+01) (4, -4.70710277557373046875e+00) (5, 2.93200016021728515625e+00) (6, 1.13785781860351562500e+01) (7, -1.99438972473144531250e+01) (8, -9.30500698089599609375e+00) (9, -1.75622630119323730469e+00) (0, -1.85243844985961914062e+00) (1, 3.35141450166702270508e-01) (2, -1.60507640838623046875e+01) (3, 9.84107136726379394531e-01) (4, 1.48820519447326660156e+00) (5, 7.44561672210693359375e+00) (6, 5.91852140426635742188e+00) (7, 8.02053213119506835938e-02) (8, -8.45576047897338867188e-01) (9, -4.45107907056808471680e-01) (0, 5.29030752182006835938e+00) (1, -1.60684890747070312500e+01) (2, -3.40016865730285644531e+00) (3, 1.06904304027557373047e+00) (4, -3.83343267440795898438e+00) (5, -6.99847269058227539062e+00) (6, 1.11037979125976562500e+01) (7, 6.57777786254882812500e+00) (8, 6.00854635238647460938e+00) (9, 2.19240999221801757812e+00) (10, -1.37114569544792175293e-01) (11, 1.08660984039306640625e+00) (12, 3.45358777046203613281e+00) (13, -2.21342968940734863281e+00) (14, -2.00457587838172912598e-01) 
