FANN_FLO_2.1
num_layers=3
learning_rate=0.500000
connection_rate=1.000000
network_type=0
learning_momentum=0.000000
training_algorithm=2
train_error_function=1
train_stop_function=0
cascade_output_change_fraction=0.010000
quickprop_decay=-0.000100
quickprop_mu=1.750000
rprop_increase_factor=1.200000
rprop_decrease_factor=0.500000
rprop_delta_min=0.000000
rprop_delta_max=50.000000
rprop_delta_zero=0.100000
cascade_output_stagnation_epochs=12
cascade_candidate_change_fraction=0.010000
cascade_candidate_stagnation_epochs=12
cascade_max_out_epochs=150
cascade_min_out_epochs=50
cascade_max_cand_epochs=150
cascade_min_cand_epochs=50
cascade_num_candidate_groups=2
bit_fail_limit=3.49999994039535522461e-01
cascade_candidate_limit=1.00000000000000000000e+03
cascade_weight_multiplier=4.00000005960464477539e-01
cascade_activation_functions_count=10
cascade_activation_functions=3 5 7 8 10 11 14 15 16 17 
cascade_activation_steepnesses_count=4
cascade_activation_steepnesses=2.50000000000000000000e-01 5.00000000000000000000e-01 7.50000000000000000000e-01 1.00000000000000000000e+00 
layer_sizes=10 3 2 
scale_included=0
neurons (num_inputs, activation_function, activation_steepness)=(0, 0, 0.00000000000000000000e+00) (0, 0, 0.00000000000000000000e+00) (0, 0, 0.00000000000000000000e+00) (0, 0, 0.00000000000000000000e+00) (0, 0, 0.00000000000000000000e+00) (0, 0, 0.00000000000000000000e+00) (0, 0, 0.00000000000000000000e+00) (0, 0, 0.00000000000000000000e+00) (0, 0, 0.00000000000000000000e+00) (0, 0, 0.00000000000000000000e+00) (10, 3, 5.00000000000000000000e-01) (10, 3, 5.00000000000000000000e-01) (0, 3, 0.00000000000000000000e+00) (3, 3, 5.00000000000000000000e-01) (0, 3, 0.00000000000000000000e+00) 
connections (connected_to_neuron, weight)=(0, 1.29153132438659667969e+00) (1, 7.58905506134033203125e+00) (2, -6.15970420837402343750e+00) (3, -6.64609479904174804688e+00) (4, 1.74533977508544921875e+01) (5, 5.64756679534912109375e+00) (6, -4.40781927108764648438e+00) (7, -1.45667610168457031250e+01) (8, 6.61427402496337890625e+00) (9, -2.96730732917785644531e+00) (0, 1.46891221404075622559e-01) (1, 6.56501412391662597656e-01) (2, -9.99431037902832031250e+00) (3, 7.74891138076782226562e+00) (4, 2.11853675842285156250e+01) (5, -1.90894451141357421875e+01) (6, 1.06469452381134033203e+00) (7, -5.24947357177734375000e+00) (8, -3.54216003417968750000e+00) (9, -2.06692025065422058105e-01) (10, 3.27610707283020019531e+00) (11, 3.38671898841857910156e+00) (12, -2.76756143569946289062e+00) 
