FANN_FLO_2.1
num_layers=4
learning_rate=0.500000
connection_rate=1.000000
network_type=0
learning_momentum=0.000000
training_algorithm=2
train_error_function=1
train_stop_function=0
cascade_output_change_fraction=0.010000
quickprop_decay=-0.000100
quickprop_mu=1.750000
rprop_increase_factor=1.200000
rprop_decrease_factor=0.500000
rprop_delta_min=0.000000
rprop_delta_max=50.000000
rprop_delta_zero=0.100000
cascade_output_stagnation_epochs=12
cascade_candidate_change_fraction=0.010000
cascade_candidate_stagnation_epochs=12
cascade_max_out_epochs=150
cascade_min_out_epochs=50
cascade_max_cand_epochs=150
cascade_min_cand_epochs=50
cascade_num_candidate_groups=2
bit_fail_limit=3.49999994039535522461e-01
cascade_candidate_limit=1.00000000000000000000e+03
cascade_weight_multiplier=4.00000005960464477539e-01
cascade_activation_functions_count=10
cascade_activation_functions=3 5 7 8 10 11 14 15 16 17 
cascade_activation_steepnesses_count=4
cascade_activation_steepnesses=2.50000000000000000000e-01 5.00000000000000000000e-01 7.50000000000000000000e-01 1.00000000000000000000e+00 
layer_sizes=2 5 5 3 
scale_included=0
neurons (num_inputs, activation_function, activation_steepness)=(0, 0, 0.00000000000000000000e+00) (0, 0, 0.00000000000000000000e+00) (2, 3, 5.00000000000000000000e-01) (2, 3, 5.00000000000000000000e-01) (2, 3, 5.00000000000000000000e-01) (2, 3, 5.00000000000000000000e-01) (0, 3, 0.00000000000000000000e+00) (5, 3, 5.00000000000000000000e-01) (5, 3, 5.00000000000000000000e-01) (5, 3, 5.00000000000000000000e-01) (5, 3, 5.00000000000000000000e-01) (0, 3, 0.00000000000000000000e+00) (5, 0, 5.00000000000000000000e-01) (5, 0, 5.00000000000000000000e-01) (0, 0, 0.00000000000000000000e+00) 
connections (connected_to_neuron, weight)=(0, 1.50000000000000000000e+03) (1, 1.55198240280151367188e+01) (0, -1.17997360229492187500e+01) (1, 4.03845119476318359375e+00) (0, -1.50000000000000000000e+03) (1, 4.07267532348632812500e+01) (0, 1.44759301757812500000e+03) (1, 1.97506332397460937500e+01) (2, -7.23190551757812500000e+02) (3, 5.56546203613281250000e+02) (4, 1.47561804199218750000e+03) (5, 5.98560119628906250000e+02) (6, 2.63913970947265625000e+02) (2, 3.68107271194458007812e+00) (3, 1.51363223791122436523e-01) (4, -2.57420206069946289062e+00) (5, -3.88056486845016479492e-01) (6, -2.44976329803466796875e+00) (2, -1.39271020507812500000e+03) (3, -1.07159605026245117188e+01) (4, 1.41411450195312500000e+03) (5, -1.65614547729492187500e+01) (6, -4.09063041210174560547e-01) (2, 1.67744779586791992188e+00) (3, -2.68110966682434082031e+00) (4, -1.13924181461334228516e+00) (5, -2.61545896530151367188e-01) (6, 3.21154952049255371094e-01) (7, 4.10203069448471069336e-01) (8, -2.82009625434875488281e+00) (9, 1.03256347656250000000e+02) (10, 1.07840585708618164062e+00) (11, -3.12150448560714721680e-01) (7, 1.41864752769470214844e+00) (8, 1.19214665889739990234e+00) (9, -4.29850425720214843750e+01) (10, -7.55738449096679687500e+00) (11, 1.34164059162139892578e+00) 
