FANN_FLO_2.1
num_layers=3
learning_rate=0.400000
connection_rate=1.000000
network_type=0
learning_momentum=0.000000
training_algorithm=2
train_error_function=1
train_stop_function=0
cascade_output_change_fraction=0.010000
quickprop_decay=-0.000100
quickprop_mu=1.750000
rprop_increase_factor=1.200000
rprop_decrease_factor=0.500000
rprop_delta_min=0.000000
rprop_delta_max=50.000000
rprop_delta_zero=0.100000
cascade_output_stagnation_epochs=12
cascade_candidate_change_fraction=0.010000
cascade_candidate_stagnation_epochs=12
cascade_max_out_epochs=150
cascade_min_out_epochs=50
cascade_max_cand_epochs=150
cascade_min_cand_epochs=50
cascade_num_candidate_groups=2
bit_fail_limit=3.49999994039535522461e-01
cascade_candidate_limit=1.00000000000000000000e+03
cascade_weight_multiplier=4.00000005960464477539e-01
cascade_activation_functions_count=10
cascade_activation_functions=3 5 7 8 10 11 14 15 16 17 
cascade_activation_steepnesses_count=4
cascade_activation_steepnesses=2.50000000000000000000e-01 5.00000000000000000000e-01 7.50000000000000000000e-01 1.00000000000000000000e+00 
layer_sizes=7 5 2 
scale_included=0
neurons (num_inputs, activation_function, activation_steepness)=(0, 0, 0.00000000000000000000e+00) (0, 0, 0.00000000000000000000e+00) (0, 0, 0.00000000000000000000e+00) (0, 0, 0.00000000000000000000e+00) (0, 0, 0.00000000000000000000e+00) (0, 0, 0.00000000000000000000e+00) (0, 0, 0.00000000000000000000e+00) (7, 3, 5.00000000000000000000e-01) (7, 3, 5.00000000000000000000e-01) (7, 3, 5.00000000000000000000e-01) (7, 3, 5.00000000000000000000e-01) (0, 3, 0.00000000000000000000e+00) (5, 3, 5.00000000000000000000e-01) (0, 3, 0.00000000000000000000e+00) 
connections (connected_to_neuron, weight)=(0, 1.50000000000000000000e+03) (1, 1.50000000000000000000e+03) (2, 1.50000000000000000000e+03) (3, 1.50000000000000000000e+03) (4, 4.86129665374755859375e+00) (5, 1.50000000000000000000e+03) (6, -7.30033993721008300781e-01) (0, 2.81033128499984741211e-01) (1, 4.73419487476348876953e-01) (2, -6.57692670822143554688e-01) (3, -2.13357543945312500000e+00) (4, -1.56978821754455566406e+00) (5, -1.77472221851348876953e+00) (6, 1.46067667007446289062e+00) (0, 1.79384076595306396484e+00) (1, -1.75304186344146728516e+00) (2, -1.97732186317443847656e+00) (3, -7.93345212936401367188e+00) (4, 1.22078542709350585938e+01) (5, -3.77052962779998779297e-01) (6, -2.01103782653808593750e+00) (0, 4.24092292785644531250e+00) (1, 2.37587523460388183594e+00) (2, 2.51941299438476562500e+00) (3, -5.04511928558349609375e+00) (4, 2.28057503700256347656e+00) (5, -2.24443697929382324219e+00) (6, 8.48397910594940185547e-01) (7, 1.58641791343688964844e+00) (8, -7.34247684478759765625e+00) (9, 2.61375689506530761719e+00) (10, -3.22281932830810546875e+00) (11, 8.89859020709991455078e-01) 
