FANN_FLO_2.1
num_layers=3
learning_rate=0.500000
connection_rate=1.000000
network_type=0
learning_momentum=0.000000
training_algorithm=2
train_error_function=1
train_stop_function=0
cascade_output_change_fraction=0.010000
quickprop_decay=-0.000100
quickprop_mu=1.750000
rprop_increase_factor=1.200000
rprop_decrease_factor=0.500000
rprop_delta_min=0.000000
rprop_delta_max=50.000000
rprop_delta_zero=0.100000
cascade_output_stagnation_epochs=12
cascade_candidate_change_fraction=0.010000
cascade_candidate_stagnation_epochs=12
cascade_max_out_epochs=150
cascade_min_out_epochs=50
cascade_max_cand_epochs=150
cascade_min_cand_epochs=50
cascade_num_candidate_groups=2
bit_fail_limit=3.49999994039535522461e-01
cascade_candidate_limit=1.00000000000000000000e+03
cascade_weight_multiplier=4.00000005960464477539e-01
cascade_activation_functions_count=10
cascade_activation_functions=3 5 7 8 10 11 14 15 16 17 
cascade_activation_steepnesses_count=4
cascade_activation_steepnesses=2.50000000000000000000e-01 5.00000000000000000000e-01 7.50000000000000000000e-01 1.00000000000000000000e+00 
layer_sizes=10 5 2 
scale_included=0
neurons (num_inputs, activation_function, activation_steepness)=(0, 0, 0.00000000000000000000e+00) (0, 0, 0.00000000000000000000e+00) (0, 0, 0.00000000000000000000e+00) (0, 0, 0.00000000000000000000e+00) (0, 0, 0.00000000000000000000e+00) (0, 0, 0.00000000000000000000e+00) (0, 0, 0.00000000000000000000e+00) (0, 0, 0.00000000000000000000e+00) (0, 0, 0.00000000000000000000e+00) (0, 0, 0.00000000000000000000e+00) (10, 3, 5.00000000000000000000e-01) (10, 3, 5.00000000000000000000e-01) (10, 3, 5.00000000000000000000e-01) (10, 3, 5.00000000000000000000e-01) (0, 3, 0.00000000000000000000e+00) (5, 3, 5.00000000000000000000e-01) (0, 3, 0.00000000000000000000e+00) 
connections (connected_to_neuron, weight)=(0, 6.10200786590576171875e+00) (1, -2.64548864215612411499e-02) (2, -2.50981121063232421875e+01) (3, 2.62582540512084960938e+00) (4, 2.33491912484169006348e-01) (5, -6.40481138229370117188e+00) (6, 9.74867725372314453125e+00) (7, -2.56824582815170288086e-01) (8, 1.86581878662109375000e+01) (9, -7.54707288742065429688e+00) (0, 3.82339715957641601562e+00) (1, 2.39369239807128906250e+01) (2, 6.66551589965820312500e-01) (3, -6.29940986633300781250e+00) (4, -5.10820102691650390625e+00) (5, 4.41559028625488281250e+00) (6, -1.02123908996582031250e+01) (7, -8.44248867034912109375e+00) (8, -8.97623634338378906250e+00) (9, 1.27461254596710205078e+00) (0, 9.79673743247985839844e-01) (1, 1.79228305816650390625e+01) (2, 2.69140630960464477539e-01) (3, -1.39855742454528808594e+00) (4, 2.61682891845703125000e+00) (5, 8.47480952739715576172e-01) (6, -1.39381141662597656250e+01) (7, -1.04838380813598632812e+01) (8, -5.20704746246337890625e+00) (9, 1.80701541900634765625e+00) (0, 1.80728569030761718750e+01) (1, -3.16209363937377929688e+00) (2, -4.17300834655761718750e+01) (3, 2.99684810638427734375e+00) (4, 2.49310985207557678223e-01) (5, -6.52579247951507568359e-01) (6, 1.45745534896850585938e+01) (7, 4.07388353347778320312e+00) (8, 4.40117597579956054688e+00) (9, -3.84279280900955200195e-01) (10, 1.56285655498504638672e+00) (11, 1.70756661891937255859e+00) (12, 1.35052418708801269531e+00) (13, 1.50560498237609863281e+00) (14, -2.18580198287963867188e+00) 
