FANN_FLO_2.1
num_layers=4
learning_rate=0.400000
connection_rate=1.000000
network_type=0
learning_momentum=0.000000
training_algorithm=2
train_error_function=1
train_stop_function=0
cascade_output_change_fraction=0.010000
quickprop_decay=-0.000100
quickprop_mu=1.750000
rprop_increase_factor=1.200000
rprop_decrease_factor=0.500000
rprop_delta_min=0.000000
rprop_delta_max=50.000000
rprop_delta_zero=0.100000
cascade_output_stagnation_epochs=12
cascade_candidate_change_fraction=0.010000
cascade_candidate_stagnation_epochs=12
cascade_max_out_epochs=150
cascade_min_out_epochs=50
cascade_max_cand_epochs=150
cascade_min_cand_epochs=50
cascade_num_candidate_groups=2
bit_fail_limit=3.49999994039535522461e-01
cascade_candidate_limit=1.00000000000000000000e+03
cascade_weight_multiplier=4.00000005960464477539e-01
cascade_activation_functions_count=10
cascade_activation_functions=3 5 7 8 10 11 14 15 16 17 
cascade_activation_steepnesses_count=4
cascade_activation_steepnesses=2.50000000000000000000e-01 5.00000000000000000000e-01 7.50000000000000000000e-01 1.00000000000000000000e+00 
layer_sizes=7 3 3 2 
scale_included=0
neurons (num_inputs, activation_function, activation_steepness)=(0, 0, 0.00000000000000000000e+00) (0, 0, 0.00000000000000000000e+00) (0, 0, 0.00000000000000000000e+00) (0, 0, 0.00000000000000000000e+00) (0, 0, 0.00000000000000000000e+00) (0, 0, 0.00000000000000000000e+00) (0, 0, 0.00000000000000000000e+00) (7, 3, 5.00000000000000000000e-01) (7, 3, 5.00000000000000000000e-01) (0, 3, 0.00000000000000000000e+00) (3, 3, 5.00000000000000000000e-01) (3, 3, 5.00000000000000000000e-01) (0, 3, 0.00000000000000000000e+00) (3, 3, 5.00000000000000000000e-01) (0, 3, 0.00000000000000000000e+00) 
connections (connected_to_neuron, weight)=(0, -3.82295250892639160156e+00) (1, 2.21890509128570556641e-01) (2, -4.05573904514312744141e-01) (3, -5.43318748474121093750e+00) (4, -1.80642426013946533203e+00) (5, 1.22021770477294921875e+00) (6, 4.59838104248046875000e+00) (0, -3.89748687744140625000e+01) (1, 1.05313386917114257812e+01) (2, -2.37982940673828125000e+02) (3, -1.35334313964843750000e+03) (4, -8.22358417510986328125e+00) (5, 7.10862731933593750000e+02) (6, 3.63892221450805664062e+00) (7, 7.29415559768676757812e+00) (8, -2.80721378326416015625e+00) (9, -1.05948257446289062500e+00) (7, 8.56781005859375000000e+00) (8, -1.27062439918518066406e+00) (9, -1.37798094749450683594e+00) (10, -1.20989072322845458984e+00) (11, -1.33993458747863769531e+00) (12, -8.00939977169036865234e-01) 
