FANN_FLO_2.1
num_layers=4
learning_rate=0.500000
connection_rate=1.000000
network_type=0
learning_momentum=0.000000
training_algorithm=2
train_error_function=1
train_stop_function=0
cascade_output_change_fraction=0.010000
quickprop_decay=-0.000100
quickprop_mu=1.750000
rprop_increase_factor=1.200000
rprop_decrease_factor=0.500000
rprop_delta_min=0.000000
rprop_delta_max=50.000000
rprop_delta_zero=0.100000
cascade_output_stagnation_epochs=12
cascade_candidate_change_fraction=0.010000
cascade_candidate_stagnation_epochs=12
cascade_max_out_epochs=150
cascade_min_out_epochs=50
cascade_max_cand_epochs=150
cascade_min_cand_epochs=50
cascade_num_candidate_groups=2
bit_fail_limit=3.49999994039535522461e-01
cascade_candidate_limit=1.00000000000000000000e+03
cascade_weight_multiplier=4.00000005960464477539e-01
cascade_activation_functions_count=10
cascade_activation_functions=3 5 7 8 10 11 14 15 16 17 
cascade_activation_steepnesses_count=4
cascade_activation_steepnesses=2.50000000000000000000e-01 5.00000000000000000000e-01 7.50000000000000000000e-01 1.00000000000000000000e+00 
layer_sizes=10 3 3 2 
scale_included=0
neurons (num_inputs, activation_function, activation_steepness)=(0, 0, 0.00000000000000000000e+00) (0, 0, 0.00000000000000000000e+00) (0, 0, 0.00000000000000000000e+00) (0, 0, 0.00000000000000000000e+00) (0, 0, 0.00000000000000000000e+00) (0, 0, 0.00000000000000000000e+00) (0, 0, 0.00000000000000000000e+00) (0, 0, 0.00000000000000000000e+00) (0, 0, 0.00000000000000000000e+00) (0, 0, 0.00000000000000000000e+00) (10, 3, 5.00000000000000000000e-01) (10, 3, 5.00000000000000000000e-01) (0, 3, 0.00000000000000000000e+00) (3, 3, 5.00000000000000000000e-01) (3, 3, 5.00000000000000000000e-01) (0, 3, 0.00000000000000000000e+00) (3, 3, 5.00000000000000000000e-01) (0, 3, 0.00000000000000000000e+00) 
connections (connected_to_neuron, weight)=(0, -1.91917753219604492188e+00) (1, -2.56054967641830444336e-01) (2, -2.70495843887329101562e+00) (3, 7.00582385063171386719e-01) (4, -1.87390506267547607422e+00) (5, 7.16702222824096679688e-01) (6, 1.49786794185638427734e+00) (7, -2.71760678291320800781e+00) (8, -1.10556900501251220703e+00) (9, 3.16488838195800781250e+00) (0, -2.28791666030883789062e+00) (1, -3.56012701988220214844e-01) (2, -3.22796487808227539062e+00) (3, 2.45353713631629943848e-01) (4, 3.71750406920909881592e-02) (5, 8.45530509948730468750e-01) (6, 5.26675164699554443359e-01) (7, -2.59054708480834960938e+00) (8, -4.56555485725402832031e-01) (9, 3.12729501724243164062e+00) (10, 1.14876527786254882812e+01) (11, 1.14955987930297851562e+01) (12, -6.66818046569824218750e+00) (10, 1.09280309677124023438e+01) (11, 1.13893737792968750000e+01) (12, -6.46791648864746093750e+00) (13, 1.97661340236663818359e+00) (14, 2.47531890869140625000e+00) (15, -3.57196736335754394531e+00) 
