FANN_FLO_2.1
num_layers=3
learning_rate=0.400000
connection_rate=1.000000
network_type=0
learning_momentum=0.000000
training_algorithm=2
train_error_function=1
train_stop_function=0
cascade_output_change_fraction=0.010000
quickprop_decay=-0.000100
quickprop_mu=1.750000
rprop_increase_factor=1.200000
rprop_decrease_factor=0.500000
rprop_delta_min=0.000000
rprop_delta_max=50.000000
rprop_delta_zero=0.100000
cascade_output_stagnation_epochs=12
cascade_candidate_change_fraction=0.010000
cascade_candidate_stagnation_epochs=12
cascade_max_out_epochs=150
cascade_min_out_epochs=50
cascade_max_cand_epochs=150
cascade_min_cand_epochs=50
cascade_num_candidate_groups=2
bit_fail_limit=3.49999994039535522461e-01
cascade_candidate_limit=1.00000000000000000000e+03
cascade_weight_multiplier=4.00000005960464477539e-01
cascade_activation_functions_count=10
cascade_activation_functions=3 5 7 8 10 11 14 15 16 17 
cascade_activation_steepnesses_count=4
cascade_activation_steepnesses=2.50000000000000000000e-01 5.00000000000000000000e-01 7.50000000000000000000e-01 1.00000000000000000000e+00 
layer_sizes=19 3 3 
scale_included=0
neurons (num_inputs, activation_function, activation_steepness)=(0, 0, 0.00000000000000000000e+00) (0, 0, 0.00000000000000000000e+00) (0, 0, 0.00000000000000000000e+00) (0, 0, 0.00000000000000000000e+00) (0, 0, 0.00000000000000000000e+00) (0, 0, 0.00000000000000000000e+00) (0, 0, 0.00000000000000000000e+00) (0, 0, 0.00000000000000000000e+00) (0, 0, 0.00000000000000000000e+00) (0, 0, 0.00000000000000000000e+00) (0, 0, 0.00000000000000000000e+00) (0, 0, 0.00000000000000000000e+00) (0, 0, 0.00000000000000000000e+00) (0, 0, 0.00000000000000000000e+00) (0, 0, 0.00000000000000000000e+00) (0, 0, 0.00000000000000000000e+00) (0, 0, 0.00000000000000000000e+00) (0, 0, 0.00000000000000000000e+00) (0, 0, 0.00000000000000000000e+00) (19, 3, 5.00000000000000000000e-01) (19, 3, 5.00000000000000000000e-01) (0, 3, 0.00000000000000000000e+00) (3, 3, 5.00000000000000000000e-01) (3, 3, 5.00000000000000000000e-01) (0, 3, 0.00000000000000000000e+00) 
connections (connected_to_neuron, weight)=(0, -1.28391218185424804688e+00) (1, -3.46148872375488281250e+00) (2, 5.72777032852172851562e-01) (3, -1.20195187628269195557e-01) (4, -4.87129259109497070312e+00) (5, -1.95317506790161132812e+00) (6, -1.65958845615386962891e+00) (7, -3.13922333717346191406e+00) (8, -1.15683722496032714844e+00) (9, -9.25407111644744873047e-01) (10, 3.04910206794738769531e+00) (11, 6.20708644390106201172e-01) (12, -1.04415059089660644531e+00) (13, 5.60871696472167968750e+00) (14, 1.31285965442657470703e+00) (15, 8.83805453777313232422e-01) (16, 7.49477243423461914062e+00) (17, 1.19281470775604248047e+00) (18, -4.49734830856323242188e+00) (0, -2.76814508438110351562e+00) (1, 1.19211506843566894531e+00) (2, 1.88629910349845886230e-01) (3, 1.21684198379516601562e+01) (4, 1.96802902221679687500e+01) (5, 4.62183618545532226562e+00) (6, 1.19210901260375976562e+01) (7, 3.59634685516357421875e+00) (8, 1.15945491790771484375e+01) (9, 1.51184034347534179688e+00) (10, -5.19331502914428710938e+00) (11, -1.47545647621154785156e+00) (12, 8.32851505279541015625e+00) (13, -1.47483234405517578125e+01) (14, -3.24890565872192382812e+00) (15, 1.02720246650278568268e-03) (16, -2.85767288208007812500e+01) (17, 4.92227554321289062500e+00) (18, -6.00127506256103515625e+00) (19, -1.85329782962799072266e+00) (20, -9.87853646278381347656e-01) (21, 4.61025476455688476562e-01) (19, 1.85466134548187255859e+00) (20, 9.88678216934204101562e-01) (21, -4.61897879838943481445e-01) 
