FANN_FLO_2.1
num_layers=4
learning_rate=0.400000
connection_rate=1.000000
network_type=0
learning_momentum=0.000000
training_algorithm=2
train_error_function=1
train_stop_function=0
cascade_output_change_fraction=0.010000
quickprop_decay=-0.000100
quickprop_mu=1.750000
rprop_increase_factor=1.200000
rprop_decrease_factor=0.500000
rprop_delta_min=0.000000
rprop_delta_max=50.000000
rprop_delta_zero=0.100000
cascade_output_stagnation_epochs=12
cascade_candidate_change_fraction=0.010000
cascade_candidate_stagnation_epochs=12
cascade_max_out_epochs=150
cascade_min_out_epochs=50
cascade_max_cand_epochs=150
cascade_min_cand_epochs=50
cascade_num_candidate_groups=2
bit_fail_limit=3.49999994039535522461e-01
cascade_candidate_limit=1.00000000000000000000e+03
cascade_weight_multiplier=4.00000005960464477539e-01
cascade_activation_functions_count=10
cascade_activation_functions=3 5 7 8 10 11 14 15 16 17 
cascade_activation_steepnesses_count=4
cascade_activation_steepnesses=2.50000000000000000000e-01 5.00000000000000000000e-01 7.50000000000000000000e-01 1.00000000000000000000e+00 
layer_sizes=7 5 5 2 
scale_included=0
neurons (num_inputs, activation_function, activation_steepness)=(0, 0, 0.00000000000000000000e+00) (0, 0, 0.00000000000000000000e+00) (0, 0, 0.00000000000000000000e+00) (0, 0, 0.00000000000000000000e+00) (0, 0, 0.00000000000000000000e+00) (0, 0, 0.00000000000000000000e+00) (0, 0, 0.00000000000000000000e+00) (7, 3, 5.00000000000000000000e-01) (7, 3, 5.00000000000000000000e-01) (7, 3, 5.00000000000000000000e-01) (7, 3, 5.00000000000000000000e-01) (0, 3, 0.00000000000000000000e+00) (5, 3, 5.00000000000000000000e-01) (5, 3, 5.00000000000000000000e-01) (5, 3, 5.00000000000000000000e-01) (5, 3, 5.00000000000000000000e-01) (0, 3, 0.00000000000000000000e+00) (5, 3, 5.00000000000000000000e-01) (0, 3, 0.00000000000000000000e+00) 
connections (connected_to_neuron, weight)=(0, -1.48339978027343750000e+03) (1, -1.50000000000000000000e+03) (2, -1.50000000000000000000e+03) (3, -1.50000000000000000000e+03) (4, -1.50000000000000000000e+03) (5, 1.47658190917968750000e+03) (6, -7.61984863281250000000e+01) (0, -1.49982446289062500000e+03) (1, -1.50000000000000000000e+03) (2, -1.50000000000000000000e+03) (3, -1.50000000000000000000e+03) (4, -1.50000000000000000000e+03) (5, 1.47658190917968750000e+03) (6, 1.27585721015930175781e+00) (0, -6.46035099029541015625e+00) (1, 5.55880451202392578125e+00) (2, 8.77400815486907958984e-01) (3, -1.31134605407714843750e+00) (4, -8.03940773010253906250e-01) (5, -1.07552478027343750000e+03) (6, 3.01988452672958374023e-01) (0, 4.31310653686523437500e+00) (1, -5.19398927688598632812e+00) (2, 2.83269906044006347656e+00) (3, -1.87375390529632568359e+00) (4, -4.42029565572738647461e-01) (5, 5.96687316894531250000e+00) (6, -4.96807146072387695312e+00) (7, 1.50000000000000000000e+03) (8, 1.50000000000000000000e+03) (9, 8.10192489624023437500e+00) (10, 3.94504117965698242188e+00) (11, -1.76274037361145019531e+00) (7, 1.50000000000000000000e+03) (8, 1.50000000000000000000e+03) (9, 6.48611593246459960938e+00) (10, 3.34929251670837402344e+00) (11, -1.71747338771820068359e+00) (7, 1.50000000000000000000e+03) (8, 1.50000000000000000000e+03) (9, 6.27138614654541015625e+00) (10, 3.55097889900207519531e+00) (11, -1.69582152366638183594e+00) (7, 1.50000000000000000000e+03) (8, 1.50000000000000000000e+03) (9, 5.62628173828125000000e+00) (10, 4.98024272918701171875e+00) (11, -2.54969406127929687500e+00) (12, -8.95890176296234130859e-01) (13, -8.55990588665008544922e-01) (14, -1.07667195796966552734e+00) (15, -4.10247945785522460938e+00) (16, -1.32303580641746520996e-01) 
