FANN_FLO_2.1
num_layers=4
learning_rate=0.500000
connection_rate=1.000000
network_type=0
learning_momentum=0.000000
training_algorithm=2
train_error_function=1
train_stop_function=0
cascade_output_change_fraction=0.010000
quickprop_decay=-0.000100
quickprop_mu=1.750000
rprop_increase_factor=1.200000
rprop_decrease_factor=0.500000
rprop_delta_min=0.000000
rprop_delta_max=50.000000
rprop_delta_zero=0.100000
cascade_output_stagnation_epochs=12
cascade_candidate_change_fraction=0.010000
cascade_candidate_stagnation_epochs=12
cascade_max_out_epochs=150
cascade_min_out_epochs=50
cascade_max_cand_epochs=150
cascade_min_cand_epochs=50
cascade_num_candidate_groups=2
bit_fail_limit=3.49999994039535522461e-01
cascade_candidate_limit=1.00000000000000000000e+03
cascade_weight_multiplier=4.00000005960464477539e-01
cascade_activation_functions_count=10
cascade_activation_functions=3 5 7 8 10 11 14 15 16 17 
cascade_activation_steepnesses_count=4
cascade_activation_steepnesses=2.50000000000000000000e-01 5.00000000000000000000e-01 7.50000000000000000000e-01 1.00000000000000000000e+00 
layer_sizes=10 5 3 2 
scale_included=0
neurons (num_inputs, activation_function, activation_steepness)=(0, 0, 0.00000000000000000000e+00) (0, 0, 0.00000000000000000000e+00) (0, 0, 0.00000000000000000000e+00) (0, 0, 0.00000000000000000000e+00) (0, 0, 0.00000000000000000000e+00) (0, 0, 0.00000000000000000000e+00) (0, 0, 0.00000000000000000000e+00) (0, 0, 0.00000000000000000000e+00) (0, 0, 0.00000000000000000000e+00) (0, 0, 0.00000000000000000000e+00) (10, 3, 5.00000000000000000000e-01) (10, 3, 5.00000000000000000000e-01) (10, 3, 5.00000000000000000000e-01) (10, 3, 5.00000000000000000000e-01) (0, 3, 0.00000000000000000000e+00) (5, 3, 5.00000000000000000000e-01) (5, 3, 5.00000000000000000000e-01) (0, 3, 0.00000000000000000000e+00) (3, 3, 5.00000000000000000000e-01) (0, 3, 0.00000000000000000000e+00) 
connections (connected_to_neuron, weight)=(0, 7.24845290184020996094e-01) (1, 2.43543839454650878906e+00) (2, 1.96989047527313232422e+00) (3, -1.81101953983306884766e+00) (4, -4.11858415603637695312e+00) (5, -2.18078017234802246094e+00) (6, 4.14982557296752929688e+00) (7, -3.42523366212844848633e-01) (8, -9.99640274047851562500e+00) (9, 3.49824953079223632812e+00) (0, -1.06830024719238281250e+02) (1, -3.33733820915222167969e+00) (2, -2.43133854866027832031e+00) (3, -3.50694808959960937500e+01) (4, -3.08593606948852539062e+00) (5, 9.28035557270050048828e-01) (6, 2.24069152832031250000e+02) (7, -1.36875808238983154297e+00) (8, -1.22587323188781738281e+00) (9, -3.85066485404968261719e+00) (0, 5.24152861908078193665e-03) (1, 1.69670999050140380859e+00) (2, -9.81340408325195312500e+00) (3, -6.58257901668548583984e-01) (4, 8.17516922950744628906e-01) (5, 1.65812444686889648438e+00) (6, -8.81887733936309814453e-01) (7, -6.63441181182861328125e-01) (8, -9.96179866790771484375e+00) (9, 2.84440374374389648438e+00) (0, -8.26055526733398437500e-01) (1, -9.72870171070098876953e-01) (2, -1.50296673178672790527e-01) (3, -4.22803926467895507812e+00) (4, 5.36256171762943267822e-02) (5, -1.15078401565551757812e+00) (6, -2.43305873870849609375e+00) (7, -2.06050556153059005737e-02) (8, -4.67027097940444946289e-01) (9, 4.30761528015136718750e+00) (10, 1.81278724670410156250e+01) (11, -5.47491192817687988281e-01) (12, -6.40870904922485351562e+00) (13, 1.22838563919067382812e+01) (14, -9.04373455047607421875e+00) (10, -1.74548358917236328125e+01) (11, -1.70032424926757812500e+01) (12, 1.50000000000000000000e+03) (13, 2.27338027954101562500e+01) (14, 3.58866840600967407227e-01) (15, 1.00067675113677978516e+00) (16, 1.26887547969818115234e+00) (17, -1.40233492851257324219e+00) 
