FANN_FLO_2.1
num_layers=3
learning_rate=0.400000
connection_rate=1.000000
network_type=0
learning_momentum=0.000000
training_algorithm=2
train_error_function=1
train_stop_function=0
cascade_output_change_fraction=0.010000
quickprop_decay=-0.000100
quickprop_mu=1.750000
rprop_increase_factor=1.200000
rprop_decrease_factor=0.500000
rprop_delta_min=0.000000
rprop_delta_max=50.000000
rprop_delta_zero=0.100000
cascade_output_stagnation_epochs=12
cascade_candidate_change_fraction=0.010000
cascade_candidate_stagnation_epochs=12
cascade_max_out_epochs=150
cascade_min_out_epochs=50
cascade_max_cand_epochs=150
cascade_min_cand_epochs=50
cascade_num_candidate_groups=2
bit_fail_limit=3.49999994039535522461e-01
cascade_candidate_limit=1.00000000000000000000e+03
cascade_weight_multiplier=4.00000005960464477539e-01
cascade_activation_functions_count=10
cascade_activation_functions=3 5 7 8 10 11 14 15 16 17 
cascade_activation_steepnesses_count=4
cascade_activation_steepnesses=2.50000000000000000000e-01 5.00000000000000000000e-01 7.50000000000000000000e-01 1.00000000000000000000e+00 
layer_sizes=7 9 2 
scale_included=0
neurons (num_inputs, activation_function, activation_steepness)=(0, 0, 0.00000000000000000000e+00) (0, 0, 0.00000000000000000000e+00) (0, 0, 0.00000000000000000000e+00) (0, 0, 0.00000000000000000000e+00) (0, 0, 0.00000000000000000000e+00) (0, 0, 0.00000000000000000000e+00) (0, 0, 0.00000000000000000000e+00) (7, 3, 5.00000000000000000000e-01) (7, 3, 5.00000000000000000000e-01) (7, 3, 5.00000000000000000000e-01) (7, 3, 5.00000000000000000000e-01) (7, 3, 5.00000000000000000000e-01) (7, 3, 5.00000000000000000000e-01) (7, 3, 5.00000000000000000000e-01) (7, 3, 5.00000000000000000000e-01) (0, 3, 0.00000000000000000000e+00) (9, 3, 5.00000000000000000000e-01) (0, 3, 0.00000000000000000000e+00) 
connections (connected_to_neuron, weight)=(0, 1.71887362003326416016e+00) (1, -4.03250885009765625000e+00) (2, 5.33483409881591796875e+00) (3, -4.42167234420776367188e+00) (4, -1.80004522204399108887e-01) (5, 4.48224973678588867188e+00) (6, -2.41596078872680664062e+00) (0, -2.45388388633728027344e-01) (1, -3.19973707199096679688e+00) (2, 8.42510700225830078125e-01) (3, 6.40281343460083007812e+00) (4, -9.36568832397460937500e+00) (5, -1.22773003578186035156e+00) (6, 4.62029027938842773438e+00) (0, 9.57831859588623046875e-01) (1, 2.87567406892776489258e-01) (2, 3.47854118347167968750e+01) (3, -8.61553668975830078125e+00) (4, -1.17836399078369140625e+01) (5, 5.82911312580108642578e-01) (6, 5.18603229522705078125e+00) (0, 2.59334921836853027344e+00) (1, -6.06847047805786132812e+00) (2, 1.29094543457031250000e+01) (3, -1.75165817141532897949e-01) (4, 2.31517863273620605469e+00) (5, 2.40702584385871887207e-01) (6, 1.09716691076755523682e-01) (0, -2.52497315406799316406e+00) (1, 1.56133532524108886719e+00) (2, 1.19424638748168945312e+01) (3, -1.12132497131824493408e-01) (4, -3.45808959007263183594e+00) (5, 4.14488029479980468750e+00) (6, -4.03676182031631469727e-02) (0, -2.00281906127929687500e+00) (1, 1.44558906555175781250e-01) (2, 2.28963828086853027344e+00) (3, -3.57080626487731933594e+00) (4, -7.08480656147003173828e-01) (5, 1.08957982063293457031e+00) (6, -1.99900660663843154907e-02) (0, -6.89518213272094726562e+00) (1, 5.60377550125122070312e+00) (2, -8.03508400917053222656e-01) (3, -2.73713731765747070312e+00) (4, -8.88393074274063110352e-02) (5, -4.97743558883666992188e+00) (6, 5.26978254318237304688e-01) (0, -3.85894632339477539062e+00) (1, -1.56249880790710449219e+00) (2, 4.61265411376953125000e+01) (3, -4.09611850976943969727e-01) (4, -3.31581616401672363281e+00) (5, -2.40727305412292480469e+00) (6, 4.71958065032958984375e+00) (7, -1.00587387084960937500e+01) (8, -9.73621129989624023438e-01) (9, -6.75578534603118896484e-01) (10, -7.27852404117584228516e-01) (11, -8.81282806396484375000e-01) (12, 1.18744392395019531250e+01) (13, -1.15092344284057617188e+01) (14, 8.21226716041564941406e-01) (15, -3.64012777805328369141e-01) 
