FANN_FLO_2.1
num_layers=4
learning_rate=0.400000
connection_rate=1.000000
network_type=0
learning_momentum=0.000000
training_algorithm=2
train_error_function=1
train_stop_function=0
cascade_output_change_fraction=0.010000
quickprop_decay=-0.000100
quickprop_mu=1.750000
rprop_increase_factor=1.200000
rprop_decrease_factor=0.500000
rprop_delta_min=0.000000
rprop_delta_max=50.000000
rprop_delta_zero=0.100000
cascade_output_stagnation_epochs=12
cascade_candidate_change_fraction=0.010000
cascade_candidate_stagnation_epochs=12
cascade_max_out_epochs=150
cascade_min_out_epochs=50
cascade_max_cand_epochs=150
cascade_min_cand_epochs=50
cascade_num_candidate_groups=2
bit_fail_limit=3.49999994039535522461e-01
cascade_candidate_limit=1.00000000000000000000e+03
cascade_weight_multiplier=4.00000005960464477539e-01
cascade_activation_functions_count=10
cascade_activation_functions=3 5 7 8 10 11 14 15 16 17 
cascade_activation_steepnesses_count=4
cascade_activation_steepnesses=2.50000000000000000000e-01 5.00000000000000000000e-01 7.50000000000000000000e-01 1.00000000000000000000e+00 
layer_sizes=7 5 3 2 
scale_included=0
neurons (num_inputs, activation_function, activation_steepness)=(0, 0, 0.00000000000000000000e+00) (0, 0, 0.00000000000000000000e+00) (0, 0, 0.00000000000000000000e+00) (0, 0, 0.00000000000000000000e+00) (0, 0, 0.00000000000000000000e+00) (0, 0, 0.00000000000000000000e+00) (0, 0, 0.00000000000000000000e+00) (7, 3, 5.00000000000000000000e-01) (7, 3, 5.00000000000000000000e-01) (7, 3, 5.00000000000000000000e-01) (7, 3, 5.00000000000000000000e-01) (0, 3, 0.00000000000000000000e+00) (5, 3, 5.00000000000000000000e-01) (5, 3, 5.00000000000000000000e-01) (0, 3, 0.00000000000000000000e+00) (3, 3, 5.00000000000000000000e-01) (0, 3, 0.00000000000000000000e+00) 
connections (connected_to_neuron, weight)=(0, -7.00365356445312500000e+02) (1, -1.50000000000000000000e+03) (2, 1.50000000000000000000e+03) (3, -1.47819946289062500000e+03) (4, 1.42256518554687500000e+03) (5, -1.50000000000000000000e+03) (6, 7.31263542175292968750e+00) (0, -2.86599090576171875000e+02) (1, -6.85590515136718750000e+01) (2, 5.91953186035156250000e+02) (3, -6.71241577148437500000e+02) (4, 3.40867034912109375000e+02) (5, 8.60276031494140625000e+01) (6, 1.38706541061401367188e+00) (0, -1.18244016170501708984e+00) (1, -6.39741992950439453125e+00) (2, -1.93763446807861328125e+00) (3, -9.26491165161132812500e+00) (4, -2.95806598663330078125e+00) (5, 4.09992885589599609375e+00) (6, 7.27278518676757812500e+00) (0, -1.02913074493408203125e+01) (1, 9.71423721313476562500e+00) (2, -4.34749746322631835938e+00) (3, -1.29679429531097412109e+00) (4, -1.32361030578613281250e+00) (5, -5.47373390197753906250e+00) (6, 2.99969196319580078125e-01) (7, -1.66471147537231445312e+00) (8, 8.42042803764343261719e-01) (9, 2.63715219497680664062e+00) (10, 6.12482690811157226562e+00) (11, -1.98794424533843994141e+00) (7, 1.44205529785156250000e+03) (8, -1.71657517552375793457e-01) (9, 3.86888241767883300781e+00) (10, 9.84189224243164062500e+00) (11, -1.11597251892089843750e+00) (12, -2.53168606758117675781e+00) (13, -9.72318589687347412109e-01) (14, -8.47280383110046386719e-01) 
