FANN_FLO_2.1
num_layers=3
learning_rate=0.400000
connection_rate=1.000000
network_type=0
learning_momentum=0.000000
training_algorithm=2
train_error_function=1
train_stop_function=0
cascade_output_change_fraction=0.010000
quickprop_decay=-0.000100
quickprop_mu=1.750000
rprop_increase_factor=1.200000
rprop_decrease_factor=0.500000
rprop_delta_min=0.000000
rprop_delta_max=50.000000
rprop_delta_zero=0.100000
cascade_output_stagnation_epochs=12
cascade_candidate_change_fraction=0.010000
cascade_candidate_stagnation_epochs=12
cascade_max_out_epochs=150
cascade_min_out_epochs=50
cascade_max_cand_epochs=150
cascade_min_cand_epochs=50
cascade_num_candidate_groups=2
bit_fail_limit=3.49999994039535522461e-01
cascade_candidate_limit=1.00000000000000000000e+03
cascade_weight_multiplier=4.00000005960464477539e-01
cascade_activation_functions_count=10
cascade_activation_functions=3 5 7 8 10 11 14 15 16 17 
cascade_activation_steepnesses_count=4
cascade_activation_steepnesses=2.50000000000000000000e-01 5.00000000000000000000e-01 7.50000000000000000000e-01 1.00000000000000000000e+00 
layer_sizes=7 9 2 
scale_included=0
neurons (num_inputs, activation_function, activation_steepness)=(0, 0, 0.00000000000000000000e+00) (0, 0, 0.00000000000000000000e+00) (0, 0, 0.00000000000000000000e+00) (0, 0, 0.00000000000000000000e+00) (0, 0, 0.00000000000000000000e+00) (0, 0, 0.00000000000000000000e+00) (0, 0, 0.00000000000000000000e+00) (7, 3, 5.00000000000000000000e-01) (7, 3, 5.00000000000000000000e-01) (7, 3, 5.00000000000000000000e-01) (7, 3, 5.00000000000000000000e-01) (7, 3, 5.00000000000000000000e-01) (7, 3, 5.00000000000000000000e-01) (7, 3, 5.00000000000000000000e-01) (7, 3, 5.00000000000000000000e-01) (0, 3, 0.00000000000000000000e+00) (9, 3, 5.00000000000000000000e-01) (0, 3, 0.00000000000000000000e+00) 
connections (connected_to_neuron, weight)=(0, 3.06367844343185424805e-01) (1, 3.10952682495117187500e+01) (2, 1.18876747131347656250e+02) (3, -4.62763309478759765625e-01) (4, -1.26985671997070312500e+02) (5, -8.01095390319824218750e+00) (6, -9.41824245452880859375e+00) (0, 1.17146110534667968750e+00) (1, 1.41139626502990722656e-01) (2, 2.01982110738754272461e-01) (3, -2.10378599166870117188e+00) (4, -1.06542885303497314453e+00) (5, -4.53604221343994140625e-01) (6, 2.04776227474212646484e-01) (0, 9.78786870837211608887e-02) (1, 1.92213580012321472168e-01) (2, 5.63148796558380126953e-01) (3, -1.29668080806732177734e+00) (4, -1.01085531711578369141e+00) (5, 4.66809272766113281250e-01) (6, 3.64908307790756225586e-01) (0, -1.95377979278564453125e+01) (1, 1.80576686859130859375e+01) (2, -8.05991172790527343750e+00) (3, -4.04008102416992187500e+00) (4, -7.29633629322052001953e-01) (5, 5.85654973983764648438e+00) (6, 2.21049118041992187500e+00) (0, -1.37787694931030273438e+01) (1, -1.56776247024536132812e+01) (2, 2.38354489207267761230e-01) (3, 1.91818122863769531250e+01) (4, 4.48741197586059570312e+00) (5, 2.35346317291259765625e+00) (6, 4.67520427703857421875e+00) (0, 1.05286912918090820312e+01) (1, -8.31627082824707031250e+00) (2, 5.16404485702514648438e+00) (3, -3.38072323799133300781e+00) (4, -3.80719333887100219727e-01) (5, -4.70155858993530273438e+00) (6, 3.74444580078125000000e+00) (0, 1.75815916061401367188e+00) (1, 4.08743470907211303711e-01) (2, 1.13203489780426025391e+00) (3, -1.92778575420379638672e+00) (4, -1.57073545455932617188e+00) (5, -3.08072362095117568970e-02) (6, 1.42337694764137268066e-01) (0, 4.20030355453491210938e-01) (1, -1.45873203277587890625e+01) (2, 1.49401772022247314453e+00) (3, -2.04047536849975585938e+00) (4, -4.20632660388946533203e-01) (5, 4.68215990066528320312e+00) (6, 3.84894669055938720703e-01) (7, -9.81241285800933837891e-01) (8, -8.37892770767211914062e-01) (9, 4.10279154777526855469e-01) (10, -3.15945196151733398438e+00) (11, -7.99507617950439453125e-01) (12, -3.39752626419067382812e+00) (13, -6.09627723693847656250e-01) (14, -5.50332403182983398438e+00) (15, 2.50261616706848144531e+00) 
