FANN_FLO_2.1
num_layers=3
learning_rate=0.500000
connection_rate=1.000000
network_type=0
learning_momentum=0.000000
training_algorithm=2
train_error_function=1
train_stop_function=0
cascade_output_change_fraction=0.010000
quickprop_decay=-0.000100
quickprop_mu=1.750000
rprop_increase_factor=1.200000
rprop_decrease_factor=0.500000
rprop_delta_min=0.000000
rprop_delta_max=50.000000
rprop_delta_zero=0.100000
cascade_output_stagnation_epochs=12
cascade_candidate_change_fraction=0.010000
cascade_candidate_stagnation_epochs=12
cascade_max_out_epochs=150
cascade_min_out_epochs=50
cascade_max_cand_epochs=150
cascade_min_cand_epochs=50
cascade_num_candidate_groups=2
bit_fail_limit=3.49999994039535522461e-01
cascade_candidate_limit=1.00000000000000000000e+03
cascade_weight_multiplier=4.00000005960464477539e-01
cascade_activation_functions_count=10
cascade_activation_functions=3 5 7 8 10 11 14 15 16 17 
cascade_activation_steepnesses_count=4
cascade_activation_steepnesses=2.50000000000000000000e-01 5.00000000000000000000e-01 7.50000000000000000000e-01 1.00000000000000000000e+00 
layer_sizes=10 3 2 
scale_included=0
neurons (num_inputs, activation_function, activation_steepness)=(0, 0, 0.00000000000000000000e+00) (0, 0, 0.00000000000000000000e+00) (0, 0, 0.00000000000000000000e+00) (0, 0, 0.00000000000000000000e+00) (0, 0, 0.00000000000000000000e+00) (0, 0, 0.00000000000000000000e+00) (0, 0, 0.00000000000000000000e+00) (0, 0, 0.00000000000000000000e+00) (0, 0, 0.00000000000000000000e+00) (0, 0, 0.00000000000000000000e+00) (10, 3, 5.00000000000000000000e-01) (10, 3, 5.00000000000000000000e-01) (0, 3, 0.00000000000000000000e+00) (3, 3, 5.00000000000000000000e-01) (0, 3, 0.00000000000000000000e+00) 
connections (connected_to_neuron, weight)=(0, -1.49999035644531250000e+03) (1, -3.50765914916992187500e+01) (2, 7.55585266113281250000e+02) (3, -6.23800814151763916016e-01) (4, 8.22654426097869873047e-01) (5, 2.72659397125244140625e+00) (6, 6.96447789669036865234e-01) (7, -3.19804996252059936523e-01) (8, 2.93954372406005859375e+01) (9, -8.00575256347656250000e+00) (0, 2.05447788238525390625e+01) (1, -4.13110685348510742188e+00) (2, -1.39597473144531250000e+01) (3, 2.31753897666931152344e+00) (4, 5.37894821166992187500e+00) (5, 4.27691841125488281250e+00) (6, -2.79664182662963867188e+00) (7, -2.46635665893554687500e+01) (8, -4.79764670133590698242e-01) (9, 4.11549186706542968750e+00) (10, 3.96205925941467285156e+00) (11, 4.06896495819091796875e+00) (12, -3.11673927307128906250e+00) 
