FANN_FLO_2.1
num_layers=4
learning_rate=0.500000
connection_rate=1.000000
network_type=0
learning_momentum=0.000000
training_algorithm=2
train_error_function=1
train_stop_function=0
cascade_output_change_fraction=0.010000
quickprop_decay=-0.000100
quickprop_mu=1.750000
rprop_increase_factor=1.200000
rprop_decrease_factor=0.500000
rprop_delta_min=0.000000
rprop_delta_max=50.000000
rprop_delta_zero=0.100000
cascade_output_stagnation_epochs=12
cascade_candidate_change_fraction=0.010000
cascade_candidate_stagnation_epochs=12
cascade_max_out_epochs=150
cascade_min_out_epochs=50
cascade_max_cand_epochs=150
cascade_min_cand_epochs=50
cascade_num_candidate_groups=2
bit_fail_limit=3.49999994039535522461e-01
cascade_candidate_limit=1.00000000000000000000e+03
cascade_weight_multiplier=4.00000005960464477539e-01
cascade_activation_functions_count=10
cascade_activation_functions=3 5 7 8 10 11 14 15 16 17 
cascade_activation_steepnesses_count=4
cascade_activation_steepnesses=2.50000000000000000000e-01 5.00000000000000000000e-01 7.50000000000000000000e-01 1.00000000000000000000e+00 
layer_sizes=2 5 5 3 
scale_included=0
neurons (num_inputs, activation_function, activation_steepness)=(0, 0, 0.00000000000000000000e+00) (0, 0, 0.00000000000000000000e+00) (2, 3, 5.00000000000000000000e-01) (2, 3, 5.00000000000000000000e-01) (2, 3, 5.00000000000000000000e-01) (2, 3, 5.00000000000000000000e-01) (0, 3, 0.00000000000000000000e+00) (5, 3, 5.00000000000000000000e-01) (5, 3, 5.00000000000000000000e-01) (5, 3, 5.00000000000000000000e-01) (5, 3, 5.00000000000000000000e-01) (0, 3, 0.00000000000000000000e+00) (5, 0, 5.00000000000000000000e-01) (5, 0, 5.00000000000000000000e-01) (0, 0, 0.00000000000000000000e+00) 
connections (connected_to_neuron, weight)=(0, 1.88731880187988281250e+01) (1, -8.24786567687988281250e+00) (0, 1.20587272644042968750e+01) (1, -3.05173349380493164062e+00) (0, 5.66209018230438232422e-01) (1, -3.36799979209899902344e-01) (0, 1.48960123062133789062e+01) (1, -1.11434295773506164551e-01) (2, -1.62289249897003173828e+00) (3, -4.41162586212158203125e+00) (4, 1.49294853210449218750e-01) (5, 1.88656890392303466797e+00) (6, 4.14217025041580200195e-01) (2, 2.57450723648071289062e+00) (3, -4.21959686279296875000e+00) (4, -6.61549925804138183594e-01) (5, -2.09121465682983398438e+00) (6, 2.30128240585327148438e+00) (2, -4.38868284225463867188e+00) (3, 1.32843360304832458496e-01) (4, 8.42263340950012207031e-01) (5, 1.62130248546600341797e+00) (6, 3.55241864919662475586e-01) (2, 3.49991583824157714844e+00) (3, 7.64331877231597900391e-01) (4, 6.89286947250366210938e-01) (5, -2.35065174102783203125e+00) (6, 2.00090751051902770996e-01) (7, -1.40475165843963623047e+00) (8, 3.57182049751281738281e+00) (9, -1.34182584285736083984e+00) (10, 7.79373288154602050781e-01) (11, -6.21137201786041259766e-01) (7, 2.61375403404235839844e+00) (8, 2.71745014190673828125e+00) (9, -7.22207605838775634766e-01) (10, -1.83223807811737060547e+00) (11, -6.48968815803527832031e-01) 
