FANN_FLO_2.1
num_layers=3
learning_rate=0.400000
connection_rate=1.000000
network_type=0
learning_momentum=0.000000
training_algorithm=2
train_error_function=1
train_stop_function=0
cascade_output_change_fraction=0.010000
quickprop_decay=-0.000100
quickprop_mu=1.750000
rprop_increase_factor=1.200000
rprop_decrease_factor=0.500000
rprop_delta_min=0.000000
rprop_delta_max=50.000000
rprop_delta_zero=0.100000
cascade_output_stagnation_epochs=12
cascade_candidate_change_fraction=0.010000
cascade_candidate_stagnation_epochs=12
cascade_max_out_epochs=150
cascade_min_out_epochs=50
cascade_max_cand_epochs=150
cascade_min_cand_epochs=50
cascade_num_candidate_groups=2
bit_fail_limit=3.49999994039535522461e-01
cascade_candidate_limit=1.00000000000000000000e+03
cascade_weight_multiplier=4.00000005960464477539e-01
cascade_activation_functions_count=10
cascade_activation_functions=3 5 7 8 10 11 14 15 16 17 
cascade_activation_steepnesses_count=4
cascade_activation_steepnesses=2.50000000000000000000e-01 5.00000000000000000000e-01 7.50000000000000000000e-01 1.00000000000000000000e+00 
layer_sizes=7 5 2 
scale_included=0
neurons (num_inputs, activation_function, activation_steepness)=(0, 0, 0.00000000000000000000e+00) (0, 0, 0.00000000000000000000e+00) (0, 0, 0.00000000000000000000e+00) (0, 0, 0.00000000000000000000e+00) (0, 0, 0.00000000000000000000e+00) (0, 0, 0.00000000000000000000e+00) (0, 0, 0.00000000000000000000e+00) (7, 3, 5.00000000000000000000e-01) (7, 3, 5.00000000000000000000e-01) (7, 3, 5.00000000000000000000e-01) (7, 3, 5.00000000000000000000e-01) (0, 3, 0.00000000000000000000e+00) (5, 3, 5.00000000000000000000e-01) (0, 3, 0.00000000000000000000e+00) 
connections (connected_to_neuron, weight)=(0, 5.12874364852905273438e+00) (1, 8.85738074779510498047e-01) (2, -3.30429983139038085938e+00) (3, -6.23443222045898437500e+00) (4, -1.42099678516387939453e+00) (5, 1.90984284877777099609e+00) (6, -3.56748843193054199219e+00) (0, -2.50431466102600097656e+00) (1, -1.42403135299682617188e+01) (2, -2.17740249633789062500e+00) (3, 2.51165181398391723633e-02) (4, -4.33812952041625976562e+00) (5, 1.37395553588867187500e+01) (6, 1.60026407241821289062e+00) (0, 3.00547409057617187500e+00) (1, -4.75058650970458984375e+00) (2, 4.37881040573120117188e+00) (3, -2.29634329676628112793e-01) (4, 4.81491774320602416992e-01) (5, 1.77665567398071289062e+00) (6, -1.73012292385101318359e+00) (0, -7.96726274490356445312e+00) (1, 6.81322097778320312500e+00) (2, -2.18585634231567382812e+00) (3, -8.06401669979095458984e-01) (4, -8.48617494106292724609e-01) (5, -5.80574035644531250000e+01) (6, 3.40559959411621093750e-01) (7, -1.77535808086395263672e+00) (8, -8.50449681282043457031e-01) (9, -4.52780055999755859375e+00) (10, -8.08153343200683593750e+00) (11, -8.39770361781120300293e-02) 
