FANN_FLO_2.1
num_layers=3
learning_rate=0.500000
connection_rate=1.000000
network_type=0
learning_momentum=0.000000
training_algorithm=2
train_error_function=1
train_stop_function=0
cascade_output_change_fraction=0.010000
quickprop_decay=-0.000100
quickprop_mu=1.750000
rprop_increase_factor=1.200000
rprop_decrease_factor=0.500000
rprop_delta_min=0.000000
rprop_delta_max=50.000000
rprop_delta_zero=0.100000
cascade_output_stagnation_epochs=12
cascade_candidate_change_fraction=0.010000
cascade_candidate_stagnation_epochs=12
cascade_max_out_epochs=150
cascade_min_out_epochs=50
cascade_max_cand_epochs=150
cascade_min_cand_epochs=50
cascade_num_candidate_groups=2
bit_fail_limit=3.49999994039535522461e-01
cascade_candidate_limit=1.00000000000000000000e+03
cascade_weight_multiplier=4.00000005960464477539e-01
cascade_activation_functions_count=10
cascade_activation_functions=3 5 7 8 10 11 14 15 16 17 
cascade_activation_steepnesses_count=4
cascade_activation_steepnesses=2.50000000000000000000e-01 5.00000000000000000000e-01 7.50000000000000000000e-01 1.00000000000000000000e+00 
layer_sizes=10 3 2 
scale_included=0
neurons (num_inputs, activation_function, activation_steepness)=(0, 0, 0.00000000000000000000e+00) (0, 0, 0.00000000000000000000e+00) (0, 0, 0.00000000000000000000e+00) (0, 0, 0.00000000000000000000e+00) (0, 0, 0.00000000000000000000e+00) (0, 0, 0.00000000000000000000e+00) (0, 0, 0.00000000000000000000e+00) (0, 0, 0.00000000000000000000e+00) (0, 0, 0.00000000000000000000e+00) (0, 0, 0.00000000000000000000e+00) (10, 3, 5.00000000000000000000e-01) (10, 3, 5.00000000000000000000e-01) (0, 3, 0.00000000000000000000e+00) (3, 3, 5.00000000000000000000e-01) (0, 3, 0.00000000000000000000e+00) 
connections (connected_to_neuron, weight)=(0, -1.39462018013000488281e+00) (1, 1.85866184234619140625e+01) (2, 1.49994058609008789062e+01) (3, -4.14926052093505859375e+00) (4, -5.68239688873291015625e+00) (5, 1.74968719482421875000e+00) (6, -6.70001411437988281250e+00) (7, -1.14857892990112304688e+01) (8, 6.20877170562744140625e+00) (9, -7.22067165374755859375e+00) (0, -2.49215888977050781250e+00) (1, 2.31605505943298339844e+00) (2, -1.80736293792724609375e+01) (3, -8.12462687492370605469e-01) (4, 5.35910749435424804688e+00) (5, 1.26513967514038085938e+01) (6, -1.07999444007873535156e+00) (7, 3.02395857870578765869e-02) (8, -1.22904577255249023438e+01) (9, 2.10967564582824707031e+00) (10, 2.53166985511779785156e+00) (11, 2.56287360191345214844e+00) (12, -1.62777292728424072266e+00) 
