FANN_FLO_2.1
num_layers=4
learning_rate=0.400000
connection_rate=1.000000
network_type=0
learning_momentum=0.000000
training_algorithm=2
train_error_function=1
train_stop_function=0
cascade_output_change_fraction=0.010000
quickprop_decay=-0.000100
quickprop_mu=1.750000
rprop_increase_factor=1.200000
rprop_decrease_factor=0.500000
rprop_delta_min=0.000000
rprop_delta_max=50.000000
rprop_delta_zero=0.100000
cascade_output_stagnation_epochs=12
cascade_candidate_change_fraction=0.010000
cascade_candidate_stagnation_epochs=12
cascade_max_out_epochs=150
cascade_min_out_epochs=50
cascade_max_cand_epochs=150
cascade_min_cand_epochs=50
cascade_num_candidate_groups=2
bit_fail_limit=3.49999994039535522461e-01
cascade_candidate_limit=1.00000000000000000000e+03
cascade_weight_multiplier=4.00000005960464477539e-01
cascade_activation_functions_count=10
cascade_activation_functions=3 5 7 8 10 11 14 15 16 17 
cascade_activation_steepnesses_count=4
cascade_activation_steepnesses=2.50000000000000000000e-01 5.00000000000000000000e-01 7.50000000000000000000e-01 1.00000000000000000000e+00 
layer_sizes=7 5 5 2 
scale_included=0
neurons (num_inputs, activation_function, activation_steepness)=(0, 0, 0.00000000000000000000e+00) (0, 0, 0.00000000000000000000e+00) (0, 0, 0.00000000000000000000e+00) (0, 0, 0.00000000000000000000e+00) (0, 0, 0.00000000000000000000e+00) (0, 0, 0.00000000000000000000e+00) (0, 0, 0.00000000000000000000e+00) (7, 3, 5.00000000000000000000e-01) (7, 3, 5.00000000000000000000e-01) (7, 3, 5.00000000000000000000e-01) (7, 3, 5.00000000000000000000e-01) (0, 3, 0.00000000000000000000e+00) (5, 3, 5.00000000000000000000e-01) (5, 3, 5.00000000000000000000e-01) (5, 3, 5.00000000000000000000e-01) (5, 3, 5.00000000000000000000e-01) (0, 3, 0.00000000000000000000e+00) (5, 3, 5.00000000000000000000e-01) (0, 3, 0.00000000000000000000e+00) 
connections (connected_to_neuron, weight)=(0, -7.21926927566528320312e+00) (1, 6.00671577453613281250e+00) (2, 1.84235465526580810547e+00) (3, -1.54607498645782470703e+00) (4, -9.91925239562988281250e-01) (5, -4.27480459213256835938e+00) (6, -5.33994376659393310547e-01) (0, -7.51970335841178894043e-02) (1, 3.21108154296875000000e+02) (2, -1.56943912506103515625e+01) (3, 1.50000000000000000000e+03) (4, 9.58175598144531250000e+02) (5, -1.49942138671875000000e+03) (6, 2.23149919509887695312e+00) (0, -1.50000000000000000000e+03) (1, -1.50000000000000000000e+03) (2, -9.26827209472656250000e+02) (3, -1.50000000000000000000e+03) (4, -1.50000000000000000000e+03) (5, 2.42693061828613281250e+01) (6, 3.60008955001831054688e+00) (0, -1.50000000000000000000e+03) (1, -1.50000000000000000000e+03) (2, -1.12903198242187500000e+03) (3, -1.50000000000000000000e+03) (4, -1.50000000000000000000e+03) (5, 3.35911941528320312500e+01) (6, 5.16222667694091796875e+00) (7, 1.31179666519165039062e+01) (8, -8.66839313507080078125e+00) (9, 1.50000000000000000000e+03) (10, 1.50000000000000000000e+03) (11, -1.84021508693695068359e+00) (7, 1.02378227233886718750e+02) (8, -1.40648712158203125000e+02) (9, 1.50000000000000000000e+03) (10, 1.50000000000000000000e+03) (11, 4.51400184631347656250e+00) (7, 3.44974060058593750000e+01) (8, -4.80228185653686523438e+00) (9, 1.50000000000000000000e+03) (10, 1.50000000000000000000e+03) (11, 1.36234462261199951172e-01) (7, 4.91949033737182617188e+00) (8, 3.09607648849487304688e+00) (9, 1.50000000000000000000e+03) (10, 1.50000000000000000000e+03) (11, -1.33262276649475097656e+00) (12, -5.06014251708984375000e+00) (13, -9.02284458279609680176e-02) (14, -2.73082375526428222656e+00) (15, -1.59346961975097656250e+00) (16, -4.38883215188980102539e-01) 
