FANN_FLO_2.1
num_layers=3
learning_rate=0.400000
connection_rate=1.000000
network_type=0
learning_momentum=0.000000
training_algorithm=2
train_error_function=1
train_stop_function=0
cascade_output_change_fraction=0.010000
quickprop_decay=-0.000100
quickprop_mu=1.750000
rprop_increase_factor=1.200000
rprop_decrease_factor=0.500000
rprop_delta_min=0.000000
rprop_delta_max=50.000000
rprop_delta_zero=0.100000
cascade_output_stagnation_epochs=12
cascade_candidate_change_fraction=0.010000
cascade_candidate_stagnation_epochs=12
cascade_max_out_epochs=150
cascade_min_out_epochs=50
cascade_max_cand_epochs=150
cascade_min_cand_epochs=50
cascade_num_candidate_groups=2
bit_fail_limit=3.49999994039535522461e-01
cascade_candidate_limit=1.00000000000000000000e+03
cascade_weight_multiplier=4.00000005960464477539e-01
cascade_activation_functions_count=10
cascade_activation_functions=3 5 7 8 10 11 14 15 16 17 
cascade_activation_steepnesses_count=4
cascade_activation_steepnesses=2.50000000000000000000e-01 5.00000000000000000000e-01 7.50000000000000000000e-01 1.00000000000000000000e+00 
layer_sizes=7 9 2 
scale_included=0
neurons (num_inputs, activation_function, activation_steepness)=(0, 0, 0.00000000000000000000e+00) (0, 0, 0.00000000000000000000e+00) (0, 0, 0.00000000000000000000e+00) (0, 0, 0.00000000000000000000e+00) (0, 0, 0.00000000000000000000e+00) (0, 0, 0.00000000000000000000e+00) (0, 0, 0.00000000000000000000e+00) (7, 3, 5.00000000000000000000e-01) (7, 3, 5.00000000000000000000e-01) (7, 3, 5.00000000000000000000e-01) (7, 3, 5.00000000000000000000e-01) (7, 3, 5.00000000000000000000e-01) (7, 3, 5.00000000000000000000e-01) (7, 3, 5.00000000000000000000e-01) (7, 3, 5.00000000000000000000e-01) (0, 3, 0.00000000000000000000e+00) (9, 3, 5.00000000000000000000e-01) (0, 3, 0.00000000000000000000e+00) 
connections (connected_to_neuron, weight)=(0, 1.51339030265808105469e+00) (1, 1.60648679733276367188e+00) (2, 1.16430413722991943359e+00) (3, -3.46072816848754882812e+00) (4, 1.02960281372070312500e+01) (5, -1.45142269134521484375e+01) (6, 5.29475498199462890625e+00) (0, 2.31354400515556335449e-01) (1, 7.79500365257263183594e-01) (2, 4.67982918024063110352e-01) (3, -5.14020025730133056641e-01) (4, -5.27257251739501953125e+00) (5, 1.91219973564147949219e+00) (6, 2.98293709754943847656e-01) (0, -4.24507570266723632812e+00) (1, -1.43334555625915527344e+00) (2, -6.67449116706848144531e-01) (3, 2.41759347915649414062e+00) (4, 1.14013803005218505859e+00) (5, -8.53242278099060058594e-01) (6, -2.05073451995849609375e+00) (0, 5.38212299346923828125e-01) (1, 6.83682441711425781250e-01) (2, -6.30162048339843750000e+00) (3, 2.72641229629516601562e+00) (4, -3.69310116767883300781e+00) (5, 1.51420135498046875000e+01) (6, 5.57730972766876220703e-01) (0, -3.15315961837768554688e-01) (1, 7.27915167808532714844e-01) (2, 3.61486315727233886719e-01) (3, -1.35628306865692138672e+00) (4, -3.45344614982604980469e+00) (5, -1.31213352084159851074e-01) (6, 7.40009546279907226562e-01) (0, 7.30366706848144531250e-01) (1, -6.16180539131164550781e-01) (2, 1.97656464576721191406e+00) (3, 1.33096659183502197266e+00) (4, 1.67585325241088867188e+00) (5, 1.78736060857772827148e-01) (6, -1.70792627334594726562e+00) (0, 8.85105073451995849609e-01) (1, -1.04513168334960937500e+00) (2, -1.11367249488830566406e+00) (3, 1.57629454135894775391e+00) (4, 4.29975938796997070312e+00) (5, 3.27193796634674072266e-01) (6, -1.27832746505737304688e+00) (0, -2.34959745407104492188e+00) (1, -3.23828339576721191406e+00) (2, -3.43056416511535644531e+00) (3, 1.17785930633544921875e+00) (4, 3.06398820877075195312e+00) (5, 2.88697624206542968750e+00) (6, -2.26720714569091796875e+00) (7, -1.54639399051666259766e+00) (8, -1.05207252502441406250e+00) (9, 4.17935323715209960938e+00) (10, -1.52272546291351318359e+00) (11, -8.30949902534484863281e-01) (12, 1.06195473670959472656e+00) (13, 1.42684245109558105469e+00) (14, 2.55851650238037109375e+00) (15, -1.40188172459602355957e-01) 
