FANN_FLO_2.1
num_layers=3
learning_rate=0.500000
connection_rate=1.000000
network_type=0
learning_momentum=0.000000
training_algorithm=2
train_error_function=1
train_stop_function=0
cascade_output_change_fraction=0.010000
quickprop_decay=-0.000100
quickprop_mu=1.750000
rprop_increase_factor=1.200000
rprop_decrease_factor=0.500000
rprop_delta_min=0.000000
rprop_delta_max=50.000000
rprop_delta_zero=0.100000
cascade_output_stagnation_epochs=12
cascade_candidate_change_fraction=0.010000
cascade_candidate_stagnation_epochs=12
cascade_max_out_epochs=150
cascade_min_out_epochs=50
cascade_max_cand_epochs=150
cascade_min_cand_epochs=50
cascade_num_candidate_groups=2
bit_fail_limit=3.49999994039535522461e-01
cascade_candidate_limit=1.00000000000000000000e+03
cascade_weight_multiplier=4.00000005960464477539e-01
cascade_activation_functions_count=10
cascade_activation_functions=3 5 7 8 10 11 14 15 16 17 
cascade_activation_steepnesses_count=4
cascade_activation_steepnesses=2.50000000000000000000e-01 5.00000000000000000000e-01 7.50000000000000000000e-01 1.00000000000000000000e+00 
layer_sizes=10 3 2 
scale_included=0
neurons (num_inputs, activation_function, activation_steepness)=(0, 0, 0.00000000000000000000e+00) (0, 0, 0.00000000000000000000e+00) (0, 0, 0.00000000000000000000e+00) (0, 0, 0.00000000000000000000e+00) (0, 0, 0.00000000000000000000e+00) (0, 0, 0.00000000000000000000e+00) (0, 0, 0.00000000000000000000e+00) (0, 0, 0.00000000000000000000e+00) (0, 0, 0.00000000000000000000e+00) (0, 0, 0.00000000000000000000e+00) (10, 3, 5.00000000000000000000e-01) (10, 3, 5.00000000000000000000e-01) (0, 3, 0.00000000000000000000e+00) (3, 3, 5.00000000000000000000e-01) (0, 3, 0.00000000000000000000e+00) 
connections (connected_to_neuron, weight)=(0, -6.28999900817871093750e+00) (1, 3.87393736839294433594e+00) (2, 3.73244873046875000000e+02) (3, -2.56468415260314941406e+00) (4, -4.14822921752929687500e+01) (5, 1.96211910247802734375e+01) (6, -2.28004867553710937500e+02) (7, -3.07250579833984375000e+02) (8, 9.81271862983703613281e-01) (9, 1.37238252162933349609e+00) (0, -4.50372982025146484375e+00) (1, -5.49098491668701171875e-01) (2, -8.80810642242431640625e+00) (3, 1.11413307189941406250e+01) (4, -3.37614989280700683594e+00) (5, -9.60340881347656250000e+00) (6, 5.95044708251953125000e+00) (7, -1.80898511409759521484e+00) (8, 3.66390800476074218750e+00) (9, 2.39690989255905151367e-01) (10, 2.25422024726867675781e+00) (11, 2.32710671424865722656e+00) (12, -1.39454305171966552734e+00) 
