FANN_FLO_2.1
num_layers=4
learning_rate=0.400000
connection_rate=1.000000
network_type=0
learning_momentum=0.000000
training_algorithm=2
train_error_function=1
train_stop_function=0
cascade_output_change_fraction=0.010000
quickprop_decay=-0.000100
quickprop_mu=1.750000
rprop_increase_factor=1.200000
rprop_decrease_factor=0.500000
rprop_delta_min=0.000000
rprop_delta_max=50.000000
rprop_delta_zero=0.100000
cascade_output_stagnation_epochs=12
cascade_candidate_change_fraction=0.010000
cascade_candidate_stagnation_epochs=12
cascade_max_out_epochs=150
cascade_min_out_epochs=50
cascade_max_cand_epochs=150
cascade_min_cand_epochs=50
cascade_num_candidate_groups=2
bit_fail_limit=3.49999994039535522461e-01
cascade_candidate_limit=1.00000000000000000000e+03
cascade_weight_multiplier=4.00000005960464477539e-01
cascade_activation_functions_count=10
cascade_activation_functions=3 5 7 8 10 11 14 15 16 17 
cascade_activation_steepnesses_count=4
cascade_activation_steepnesses=2.50000000000000000000e-01 5.00000000000000000000e-01 7.50000000000000000000e-01 1.00000000000000000000e+00 
layer_sizes=7 5 5 2 
scale_included=0
neurons (num_inputs, activation_function, activation_steepness)=(0, 0, 0.00000000000000000000e+00) (0, 0, 0.00000000000000000000e+00) (0, 0, 0.00000000000000000000e+00) (0, 0, 0.00000000000000000000e+00) (0, 0, 0.00000000000000000000e+00) (0, 0, 0.00000000000000000000e+00) (0, 0, 0.00000000000000000000e+00) (7, 3, 5.00000000000000000000e-01) (7, 3, 5.00000000000000000000e-01) (7, 3, 5.00000000000000000000e-01) (7, 3, 5.00000000000000000000e-01) (0, 3, 0.00000000000000000000e+00) (5, 3, 5.00000000000000000000e-01) (5, 3, 5.00000000000000000000e-01) (5, 3, 5.00000000000000000000e-01) (5, 3, 5.00000000000000000000e-01) (0, 3, 0.00000000000000000000e+00) (5, 3, 5.00000000000000000000e-01) (0, 3, 0.00000000000000000000e+00) 
connections (connected_to_neuron, weight)=(0, -9.72695064544677734375e+00) (1, 6.52491426467895507812e+00) (2, -2.56953072547912597656e+00) (3, -3.98679041862487792969e+00) (4, -2.01262426376342773438e+00) (5, -3.48606038093566894531e+00) (6, 4.32380676269531250000e+00) (0, -4.49999904632568359375e+00) (1, 1.40514743328094482422e+00) (2, -1.27627696990966796875e+01) (3, -4.33216190338134765625e+00) (4, 4.59045797586441040039e-01) (5, 1.72539508342742919922e+00) (6, 1.17660808563232421875e+00) (0, 1.42416489124298095703e+00) (1, -4.28763961791992187500e+00) (2, -4.77953910827636718750e+00) (3, -4.31439781188964843750e+00) (4, -1.67651310563087463379e-01) (5, 4.20609664916992187500e+00) (6, -9.81774687767028808594e-01) (0, -1.34158813476562500000e+02) (1, 6.44570495605468750000e+02) (2, -6.51711914062500000000e+02) (3, -1.36941101074218750000e+03) (4, -1.36935253906250000000e+03) (5, 1.24977709960937500000e+03) (6, 1.70241510868072509766e+00) (7, 6.25769329071044921875e+00) (8, 2.66934432983398437500e+01) (9, -2.45094436645507812500e+02) (10, 1.83820354938507080078e+00) (11, -2.64065074920654296875e+00) (7, -3.44876503944396972656e+00) (8, -4.00762128829956054688e+00) (9, 6.42660427093505859375e+00) (10, 7.55743205547332763672e-01) (11, -3.11881971359252929688e+00) (7, 4.39172172546386718750e+00) (8, 9.39640140533447265625e+00) (9, -1.35577945709228515625e+01) (10, 2.21129775047302246094e+00) (11, -2.50139403343200683594e+00) (7, 1.93316764831542968750e+01) (8, 3.88871908187866210938e+00) (9, 2.24025878906250000000e+01) (10, -2.33942260742187500000e+01) (11, -2.08740973472595214844e+00) (12, -2.89289093017578125000e+00) (13, -1.10804147720336914062e+01) (14, -1.28149008750915527344e+00) (15, -1.07291471958160400391e+00) (16, -2.57897466421127319336e-01) 
