FANN_FLO_2.1
num_layers=4
learning_rate=0.400000
connection_rate=1.000000
network_type=0
learning_momentum=0.000000
training_algorithm=2
train_error_function=1
train_stop_function=0
cascade_output_change_fraction=0.010000
quickprop_decay=-0.000100
quickprop_mu=1.750000
rprop_increase_factor=1.200000
rprop_decrease_factor=0.500000
rprop_delta_min=0.000000
rprop_delta_max=50.000000
rprop_delta_zero=0.100000
cascade_output_stagnation_epochs=12
cascade_candidate_change_fraction=0.010000
cascade_candidate_stagnation_epochs=12
cascade_max_out_epochs=150
cascade_min_out_epochs=50
cascade_max_cand_epochs=150
cascade_min_cand_epochs=50
cascade_num_candidate_groups=2
bit_fail_limit=3.49999994039535522461e-01
cascade_candidate_limit=1.00000000000000000000e+03
cascade_weight_multiplier=4.00000005960464477539e-01
cascade_activation_functions_count=10
cascade_activation_functions=3 5 7 8 10 11 14 15 16 17 
cascade_activation_steepnesses_count=4
cascade_activation_steepnesses=2.50000000000000000000e-01 5.00000000000000000000e-01 7.50000000000000000000e-01 1.00000000000000000000e+00 
layer_sizes=7 5 3 2 
scale_included=0
neurons (num_inputs, activation_function, activation_steepness)=(0, 0, 0.00000000000000000000e+00) (0, 0, 0.00000000000000000000e+00) (0, 0, 0.00000000000000000000e+00) (0, 0, 0.00000000000000000000e+00) (0, 0, 0.00000000000000000000e+00) (0, 0, 0.00000000000000000000e+00) (0, 0, 0.00000000000000000000e+00) (7, 3, 5.00000000000000000000e-01) (7, 3, 5.00000000000000000000e-01) (7, 3, 5.00000000000000000000e-01) (7, 3, 5.00000000000000000000e-01) (0, 3, 0.00000000000000000000e+00) (5, 3, 5.00000000000000000000e-01) (5, 3, 5.00000000000000000000e-01) (0, 3, 0.00000000000000000000e+00) (3, 3, 5.00000000000000000000e-01) (0, 3, 0.00000000000000000000e+00) 
connections (connected_to_neuron, weight)=(0, -1.57698631286621093750e+00) (1, -6.03156137466430664062e+00) (2, 5.78713130950927734375e+00) (3, -4.82930660247802734375e+00) (4, 2.72390961647033691406e-01) (5, 5.39123439788818359375e+00) (6, 8.54150176048278808594e-01) (0, -7.08273983001708984375e+00) (1, 5.87103366851806640625e+00) (2, -6.95644950866699218750e+00) (3, -1.85135698318481445312e+00) (4, -5.72528302669525146484e-01) (5, -1.50000000000000000000e+03) (6, 6.41753911972045898438e-01) (0, -4.90173864364624023438e+00) (1, -2.29761219024658203125e+00) (2, 7.48967514038085937500e+01) (3, -1.24097132682800292969e+00) (4, -4.99844121932983398438e+00) (5, 2.56830000877380371094e+00) (6, -2.24476575851440429688e+00) (0, -4.50144052505493164062e+00) (1, -5.39426994323730468750e+00) (2, 8.87805080413818359375e+00) (3, 8.75878810882568359375e+00) (4, -6.05700159072875976562e+00) (5, 3.83461213111877441406e+00) (6, 1.03017628192901611328e+00) (7, 1.12864313125610351562e+01) (8, 1.33877086639404296875e+01) (9, -9.69598484039306640625e+00) (10, 6.52574634552001953125e+00) (11, -2.20830702781677246094e+00) (7, -8.81109333038330078125e+00) (8, 2.70892963409423828125e+01) (9, 1.12152717590332031250e+02) (10, -9.59203720092773437500e+01) (11, -8.41981220245361328125e+00) (12, -2.17607069015502929688e+00) (13, -3.09446525573730468750e+00) (14, -1.09667456150054931641e+00) 
