FANN_FLO_2.1
num_layers=3
learning_rate=0.400000
connection_rate=1.000000
network_type=0
learning_momentum=0.000000
training_algorithm=2
train_error_function=1
train_stop_function=0
cascade_output_change_fraction=0.010000
quickprop_decay=-0.000100
quickprop_mu=1.750000
rprop_increase_factor=1.200000
rprop_decrease_factor=0.500000
rprop_delta_min=0.000000
rprop_delta_max=50.000000
rprop_delta_zero=0.100000
cascade_output_stagnation_epochs=12
cascade_candidate_change_fraction=0.010000
cascade_candidate_stagnation_epochs=12
cascade_max_out_epochs=150
cascade_min_out_epochs=50
cascade_max_cand_epochs=150
cascade_min_cand_epochs=50
cascade_num_candidate_groups=2
bit_fail_limit=3.49999994039535522461e-01
cascade_candidate_limit=1.00000000000000000000e+03
cascade_weight_multiplier=4.00000005960464477539e-01
cascade_activation_functions_count=10
cascade_activation_functions=3 5 7 8 10 11 14 15 16 17 
cascade_activation_steepnesses_count=4
cascade_activation_steepnesses=2.50000000000000000000e-01 5.00000000000000000000e-01 7.50000000000000000000e-01 1.00000000000000000000e+00 
layer_sizes=7 9 2 
scale_included=0
neurons (num_inputs, activation_function, activation_steepness)=(0, 0, 0.00000000000000000000e+00) (0, 0, 0.00000000000000000000e+00) (0, 0, 0.00000000000000000000e+00) (0, 0, 0.00000000000000000000e+00) (0, 0, 0.00000000000000000000e+00) (0, 0, 0.00000000000000000000e+00) (0, 0, 0.00000000000000000000e+00) (7, 3, 5.00000000000000000000e-01) (7, 3, 5.00000000000000000000e-01) (7, 3, 5.00000000000000000000e-01) (7, 3, 5.00000000000000000000e-01) (7, 3, 5.00000000000000000000e-01) (7, 3, 5.00000000000000000000e-01) (7, 3, 5.00000000000000000000e-01) (7, 3, 5.00000000000000000000e-01) (0, 3, 0.00000000000000000000e+00) (9, 3, 5.00000000000000000000e-01) (0, 3, 0.00000000000000000000e+00) 
connections (connected_to_neuron, weight)=(0, 8.16503882408142089844e-01) (1, 9.46692228317260742188e-01) (2, 8.92651200294494628906e-01) (3, -1.06194210052490234375e+00) (4, -1.77314674854278564453e+00) (5, -9.11750972270965576172e-01) (6, 1.71175014972686767578e+00) (0, 6.47318184375762939453e-01) (1, 8.57214093208312988281e-01) (2, -1.63901977539062500000e+01) (3, 1.12622904777526855469e+00) (4, 2.03091096878051757812e+00) (5, 1.02925405502319335938e+01) (6, 3.64927315711975097656e+00) (0, -2.09198975563049316406e+00) (1, 9.13128495216369628906e-01) (2, 8.31212043762207031250e-01) (3, -8.20109724998474121094e-01) (4, -1.49002671241760253906e+00) (5, -1.09527087211608886719e+00) (6, 1.46800673007965087891e+00) (0, -1.78442835807800292969e+00) (1, -3.04385256767272949219e+00) (2, 4.35054779052734375000e+00) (3, 4.91321897506713867188e+00) (4, 3.59747815132141113281e+00) (5, -9.81067752838134765625e+00) (6, -2.70213067531585693359e-01) (0, -4.80982971191406250000e+00) (1, -1.36150360107421875000e+00) (2, 1.17336165904998779297e+00) (3, -3.73000316321849822998e-02) (4, -3.37766218185424804688e+00) (5, 1.44660644531250000000e+01) (6, -7.14529180526733398438e+00) (0, -1.38889718055725097656e+00) (1, -1.82466208934783935547e+00) (2, -4.16819763183593750000e+00) (3, 1.69093132019042968750e+00) (4, 1.98306870460510253906e+00) (5, 7.77784109115600585938e-01) (6, -2.09648966789245605469e+00) (0, -1.33280253410339355469e+00) (1, -1.58315932750701904297e+00) (2, -1.85941958427429199219e+00) (3, 1.49545896053314208984e+00) (4, 2.00501227378845214844e+00) (5, -1.61039158701896667480e-01) (6, -9.59914982318878173828e-01) (0, 1.33761358261108398438e+00) (1, 2.82270169258117675781e+00) (2, 7.45527029037475585938e+00) (3, -9.62191677093505859375e+00) (4, 5.74516057968139648438e+00) (5, -6.48718690872192382812e+00) (6, 1.32296955585479736328e+00) (7, -9.00710046291351318359e-01) (8, -9.83539760112762451172e-01) (9, -3.76531004905700683594e-01) (10, 1.78201591968536376953e+00) (11, 1.79562759399414062500e+00) (12, 3.73993992805480957031e+00) (13, 1.34401750564575195312e+00) (14, -8.01325023174285888672e-01) (15, -5.53144775331020355225e-02) 
