FANN_FLO_2.1
num_layers=3
learning_rate=0.400000
connection_rate=1.000000
network_type=0
learning_momentum=0.000000
training_algorithm=2
train_error_function=1
train_stop_function=0
cascade_output_change_fraction=0.010000
quickprop_decay=-0.000100
quickprop_mu=1.750000
rprop_increase_factor=1.200000
rprop_decrease_factor=0.500000
rprop_delta_min=0.000000
rprop_delta_max=50.000000
rprop_delta_zero=0.100000
cascade_output_stagnation_epochs=12
cascade_candidate_change_fraction=0.010000
cascade_candidate_stagnation_epochs=12
cascade_max_out_epochs=150
cascade_min_out_epochs=50
cascade_max_cand_epochs=150
cascade_min_cand_epochs=50
cascade_num_candidate_groups=2
bit_fail_limit=3.49999994039535522461e-01
cascade_candidate_limit=1.00000000000000000000e+03
cascade_weight_multiplier=4.00000005960464477539e-01
cascade_activation_functions_count=10
cascade_activation_functions=3 5 7 8 10 11 14 15 16 17 
cascade_activation_steepnesses_count=4
cascade_activation_steepnesses=2.50000000000000000000e-01 5.00000000000000000000e-01 7.50000000000000000000e-01 1.00000000000000000000e+00 
layer_sizes=7 5 2 
scale_included=0
neurons (num_inputs, activation_function, activation_steepness)=(0, 0, 0.00000000000000000000e+00) (0, 0, 0.00000000000000000000e+00) (0, 0, 0.00000000000000000000e+00) (0, 0, 0.00000000000000000000e+00) (0, 0, 0.00000000000000000000e+00) (0, 0, 0.00000000000000000000e+00) (0, 0, 0.00000000000000000000e+00) (7, 3, 5.00000000000000000000e-01) (7, 3, 5.00000000000000000000e-01) (7, 3, 5.00000000000000000000e-01) (7, 3, 5.00000000000000000000e-01) (0, 3, 0.00000000000000000000e+00) (5, 3, 5.00000000000000000000e-01) (0, 3, 0.00000000000000000000e+00) 
connections (connected_to_neuron, weight)=(0, 9.63813591003417968750e+00) (1, -1.00801601409912109375e+01) (2, 3.16447520256042480469e+00) (3, -1.19164967536926269531e+00) (4, -7.76262819766998291016e-01) (5, -3.14932179450988769531e+00) (6, 3.80018067359924316406e+00) (0, -1.56533679962158203125e+01) (1, 1.33579816818237304688e+01) (2, -5.46016263961791992188e+00) (3, -3.08403897285461425781e+00) (4, -9.38357710838317871094e-01) (5, 4.58716201782226562500e+00) (6, 2.40998578071594238281e+00) (0, -2.86269712448120117188e+00) (1, 2.40643024444580078125e+00) (2, -3.54566740989685058594e+00) (3, 2.51256048679351806641e-01) (4, -1.47781729698181152344e+00) (5, -1.42515295410156250000e+03) (6, 7.58410915732383728027e-02) (0, 6.70916676521301269531e-01) (1, -4.71315336227416992188e+00) (2, 1.24102630615234375000e+01) (3, -8.95115280151367187500e+00) (4, 4.72896051406860351562e+00) (5, 1.29220318794250488281e+00) (6, -2.36164021492004394531e+00) (7, -4.14620542526245117188e+00) (8, -4.09752178192138671875e+00) (9, -1.59745252132415771484e+00) (10, -2.03408288955688476562e+00) (11, 2.96116137504577636719e+00) 
