FANN_FLO_2.1
num_layers=4
learning_rate=0.500000
connection_rate=1.000000
network_type=0
learning_momentum=0.000000
training_algorithm=2
train_error_function=1
train_stop_function=0
cascade_output_change_fraction=0.010000
quickprop_decay=-0.000100
quickprop_mu=1.750000
rprop_increase_factor=1.200000
rprop_decrease_factor=0.500000
rprop_delta_min=0.000000
rprop_delta_max=50.000000
rprop_delta_zero=0.100000
cascade_output_stagnation_epochs=12
cascade_candidate_change_fraction=0.010000
cascade_candidate_stagnation_epochs=12
cascade_max_out_epochs=150
cascade_min_out_epochs=50
cascade_max_cand_epochs=150
cascade_min_cand_epochs=50
cascade_num_candidate_groups=2
bit_fail_limit=3.49999994039535522461e-01
cascade_candidate_limit=1.00000000000000000000e+03
cascade_weight_multiplier=4.00000005960464477539e-01
cascade_activation_functions_count=10
cascade_activation_functions=3 5 7 8 10 11 14 15 16 17 
cascade_activation_steepnesses_count=4
cascade_activation_steepnesses=2.50000000000000000000e-01 5.00000000000000000000e-01 7.50000000000000000000e-01 1.00000000000000000000e+00 
layer_sizes=10 5 3 2 
scale_included=0
neurons (num_inputs, activation_function, activation_steepness)=(0, 0, 0.00000000000000000000e+00) (0, 0, 0.00000000000000000000e+00) (0, 0, 0.00000000000000000000e+00) (0, 0, 0.00000000000000000000e+00) (0, 0, 0.00000000000000000000e+00) (0, 0, 0.00000000000000000000e+00) (0, 0, 0.00000000000000000000e+00) (0, 0, 0.00000000000000000000e+00) (0, 0, 0.00000000000000000000e+00) (0, 0, 0.00000000000000000000e+00) (10, 3, 5.00000000000000000000e-01) (10, 3, 5.00000000000000000000e-01) (10, 3, 5.00000000000000000000e-01) (10, 3, 5.00000000000000000000e-01) (0, 3, 0.00000000000000000000e+00) (5, 3, 5.00000000000000000000e-01) (5, 3, 5.00000000000000000000e-01) (0, 3, 0.00000000000000000000e+00) (3, 3, 5.00000000000000000000e-01) (0, 3, 0.00000000000000000000e+00) 
connections (connected_to_neuron, weight)=(0, -1.56116437911987304688e+01) (1, -5.69863510131835937500e+00) (2, 1.26294875144958496094e+00) (3, 6.63396358489990234375e-01) (4, -8.55426192283630371094e-01) (5, -1.12372314929962158203e+00) (6, 2.40566768646240234375e+01) (7, 2.23859958648681640625e+01) (8, 2.18394041061401367188e+00) (9, -3.66953396797180175781e+00) (0, -1.17561931610107421875e+01) (1, 7.95445394515991210938e+00) (2, -6.40195846557617187500e+00) (3, 5.84124661982059478760e-02) (4, -2.46178936958312988281e+00) (5, -9.19760107994079589844e-01) (6, 2.10683196783065795898e-01) (7, 1.80459861755371093750e+01) (8, -2.67729020118713378906e+00) (9, -3.00794601440429687500e+00) (0, -7.21576833724975585938e+00) (1, 1.49978698730468750000e+03) (2, -2.55141115188598632812e+00) (3, 1.78605818748474121094e+00) (4, -2.98057246208190917969e+00) (5, -4.64628505706787109375e+00) (6, 2.10862159729003906250e+01) (7, -7.15202941894531250000e+02) (8, -1.32656598091125488281e+00) (9, -2.68974328041076660156e+00) (0, -1.92867124080657958984e+00) (1, -4.22427797317504882812e+00) (2, 2.56999145507812500000e+02) (3, 3.03324133157730102539e-01) (4, 8.14617276191711425781e-01) (5, 6.72235310077667236328e-01) (6, -2.00432540893554687500e+02) (7, -2.33103060722351074219e+00) (8, 3.13785052299499511719e+00) (9, -2.43946099281311035156e+00) (10, 1.07552165985107421875e+01) (11, -3.02581367492675781250e+01) (12, 3.75833058357238769531e+00) (13, 3.15024971961975097656e+00) (14, -1.06626348495483398438e+01) (10, 3.80582714080810546875e+00) (11, 4.24188041687011718750e+00) (12, 1.75008487701416015625e+00) (13, 8.22902870178222656250e+00) (14, -1.48293352127075195312e+01) (15, 3.58654499053955078125e-01) (16, -6.95019483566284179688e+00) (17, 9.03633296489715576172e-01) 
