FANN_FLO_2.1
num_layers=3
learning_rate=0.400000
connection_rate=1.000000
network_type=0
learning_momentum=0.000000
training_algorithm=2
train_error_function=1
train_stop_function=0
cascade_output_change_fraction=0.010000
quickprop_decay=-0.000100
quickprop_mu=1.750000
rprop_increase_factor=1.200000
rprop_decrease_factor=0.500000
rprop_delta_min=0.000000
rprop_delta_max=50.000000
rprop_delta_zero=0.100000
cascade_output_stagnation_epochs=12
cascade_candidate_change_fraction=0.010000
cascade_candidate_stagnation_epochs=12
cascade_max_out_epochs=150
cascade_min_out_epochs=50
cascade_max_cand_epochs=150
cascade_min_cand_epochs=50
cascade_num_candidate_groups=2
bit_fail_limit=3.49999994039535522461e-01
cascade_candidate_limit=1.00000000000000000000e+03
cascade_weight_multiplier=4.00000005960464477539e-01
cascade_activation_functions_count=10
cascade_activation_functions=3 5 7 8 10 11 14 15 16 17 
cascade_activation_steepnesses_count=4
cascade_activation_steepnesses=2.50000000000000000000e-01 5.00000000000000000000e-01 7.50000000000000000000e-01 1.00000000000000000000e+00 
layer_sizes=7 9 2 
scale_included=0
neurons (num_inputs, activation_function, activation_steepness)=(0, 0, 0.00000000000000000000e+00) (0, 0, 0.00000000000000000000e+00) (0, 0, 0.00000000000000000000e+00) (0, 0, 0.00000000000000000000e+00) (0, 0, 0.00000000000000000000e+00) (0, 0, 0.00000000000000000000e+00) (0, 0, 0.00000000000000000000e+00) (7, 3, 5.00000000000000000000e-01) (7, 3, 5.00000000000000000000e-01) (7, 3, 5.00000000000000000000e-01) (7, 3, 5.00000000000000000000e-01) (7, 3, 5.00000000000000000000e-01) (7, 3, 5.00000000000000000000e-01) (7, 3, 5.00000000000000000000e-01) (7, 3, 5.00000000000000000000e-01) (0, 3, 0.00000000000000000000e+00) (9, 3, 5.00000000000000000000e-01) (0, 3, 0.00000000000000000000e+00) 
connections (connected_to_neuron, weight)=(0, 5.08877325057983398438e+00) (1, -8.01924824714660644531e-01) (2, -2.41291275024414062500e+01) (3, 3.69571838378906250000e+01) (4, 1.19290475845336914062e+01) (5, -1.96783580780029296875e+01) (6, 9.48200988769531250000e+00) (0, 1.41814291477203369141e+00) (1, 6.46659927368164062500e+01) (2, -6.42829284667968750000e+02) (3, 3.53333251953125000000e+02) (4, -2.07456436157226562500e+01) (5, 1.54126605987548828125e+01) (6, 9.18253898620605468750e+00) (0, 5.70492565631866455078e-01) (1, -1.48491668701171875000e+01) (2, 8.49828529357910156250e+00) (3, 3.51441884040832519531e+00) (4, 1.71498749405145645142e-02) (5, 3.62431955337524414062e+00) (6, 3.12469244003295898438e-01) (0, -5.98440933227539062500e+00) (1, -8.55767917633056640625e+00) (2, 3.14245147705078125000e+02) (3, 6.78423523902893066406e-01) (4, -6.14323282241821289062e+00) (5, -8.26200664043426513672e-01) (6, 7.71006155014038085938e+00) (0, -1.15720968246459960938e+01) (1, 9.21684360504150390625e+00) (2, 6.67438566684722900391e-01) (3, -1.63996326923370361328e+00) (4, -8.89383435249328613281e-01) (5, -1.47500000000000000000e+03) (6, 9.04303789138793945312e-01) (0, 5.69454717636108398438e+00) (1, 8.56354293823242187500e+01) (2, -8.13698730468750000000e+02) (3, 9.05009841918945312500e+00) (4, -8.13698730468750000000e+02) (5, -5.26412868499755859375e+00) (6, -4.69343471527099609375e+00) (0, 8.91192436218261718750e+00) (1, -8.87078762054443359375e+00) (2, 5.82641077041625976562e+00) (3, -3.72798681259155273438e+00) (4, -4.12540078163146972656e-01) (5, 5.36486148834228515625e+00) (6, -6.70665121078491210938e+00) (0, 2.17266583442687988281e+00) (1, 3.82976770401000976562e+00) (2, -3.45131645202636718750e+01) (3, -7.02771902084350585938e+00) (4, -1.84274792671203613281e+00) (5, 1.44443655014038085938e+00) (6, 3.36115896701812744141e-01) (7, -9.27380084991455078125e-01) (8, 2.45084706693887710571e-03) (9, -2.44727611541748046875e+00) (10, -3.04228782653808593750e-01) (11, -6.86956262588500976562e+00) (12, 5.54905700683593750000e+01) (13, -1.44140996932983398438e+01) (14, -7.20847785472869873047e-01) (15, 1.54811203479766845703e-01) 
