FANN_FLO_2.1
num_layers=3
learning_rate=0.400000
connection_rate=1.000000
network_type=0
learning_momentum=0.000000
training_algorithm=2
train_error_function=1
train_stop_function=0
cascade_output_change_fraction=0.010000
quickprop_decay=-0.000100
quickprop_mu=1.750000
rprop_increase_factor=1.200000
rprop_decrease_factor=0.500000
rprop_delta_min=0.000000
rprop_delta_max=50.000000
rprop_delta_zero=0.100000
cascade_output_stagnation_epochs=12
cascade_candidate_change_fraction=0.010000
cascade_candidate_stagnation_epochs=12
cascade_max_out_epochs=150
cascade_min_out_epochs=50
cascade_max_cand_epochs=150
cascade_min_cand_epochs=50
cascade_num_candidate_groups=2
bit_fail_limit=3.49999994039535522461e-01
cascade_candidate_limit=1.00000000000000000000e+03
cascade_weight_multiplier=4.00000005960464477539e-01
cascade_activation_functions_count=10
cascade_activation_functions=3 5 7 8 10 11 14 15 16 17 
cascade_activation_steepnesses_count=4
cascade_activation_steepnesses=2.50000000000000000000e-01 5.00000000000000000000e-01 7.50000000000000000000e-01 1.00000000000000000000e+00 
layer_sizes=7 9 2 
scale_included=0
neurons (num_inputs, activation_function, activation_steepness)=(0, 0, 0.00000000000000000000e+00) (0, 0, 0.00000000000000000000e+00) (0, 0, 0.00000000000000000000e+00) (0, 0, 0.00000000000000000000e+00) (0, 0, 0.00000000000000000000e+00) (0, 0, 0.00000000000000000000e+00) (0, 0, 0.00000000000000000000e+00) (7, 3, 5.00000000000000000000e-01) (7, 3, 5.00000000000000000000e-01) (7, 3, 5.00000000000000000000e-01) (7, 3, 5.00000000000000000000e-01) (7, 3, 5.00000000000000000000e-01) (7, 3, 5.00000000000000000000e-01) (7, 3, 5.00000000000000000000e-01) (7, 3, 5.00000000000000000000e-01) (0, 3, 0.00000000000000000000e+00) (9, 3, 5.00000000000000000000e-01) (0, 3, 0.00000000000000000000e+00) 
connections (connected_to_neuron, weight)=(0, 2.98564147949218750000e+00) (1, -8.26356530189514160156e-01) (2, -8.05114328861236572266e-01) (3, 6.49627327919006347656e-01) (4, 2.06590008735656738281e+00) (5, -1.27849400043487548828e-01) (6, -6.13165080547332763672e-01) (0, 1.56385529041290283203e+00) (1, 3.11586046218872070312e+00) (2, -8.30826568603515625000e+00) (3, 2.68557810783386230469e+00) (4, -3.40798020362854003906e+00) (5, 1.75367374420166015625e+01) (6, -1.46821939945220947266e+00) (0, 1.75974905490875244141e+00) (1, -4.67390298843383789062e-01) (2, -1.00552606582641601562e+00) (3, 4.78172957897186279297e-01) (4, 2.05457496643066406250e+00) (5, 3.04479181766510009766e-01) (6, 2.20610514283180236816e-01) (0, -2.45318233966827392578e-01) (1, 1.99762511253356933594e+00) (2, 2.24426531791687011719e+00) (3, -3.84514659643173217773e-01) (4, 3.93015122413635253906e+00) (5, -1.35122289657592773438e+01) (6, 5.68804454803466796875e+00) (0, 3.29912042617797851562e+00) (1, 1.17451953887939453125e+01) (2, 2.57270312309265136719e+00) (3, 1.49885402061045169830e-03) (4, -4.00013637542724609375e+00) (5, -7.97273695468902587891e-01) (6, -2.40244030952453613281e+00) (0, 6.17505264282226562500e+00) (1, 5.62785434722900390625e+00) (2, 3.34855270385742187500e+00) (3, -2.94971680641174316406e+00) (4, -3.36644148826599121094e+00) (5, -6.55145883560180664062e+00) (6, 2.39265632629394531250e+00) (0, 3.01176190376281738281e-01) (1, -6.85862660408020019531e-01) (2, 7.58060514926910400391e-01) (3, -4.23882275819778442383e-01) (4, 2.67495870590209960938e+00) (5, 9.20208632946014404297e-01) (6, -6.98176801204681396484e-01) (0, 5.64797258377075195312e+00) (1, 1.53104627132415771484e+00) (2, -1.44435942173004150391e+00) (3, -1.24834394454956054688e+01) (4, 5.17107248306274414062e+00) (5, 2.91521573066711425781e+00) (6, 2.67788028717041015625e+00) (7, 2.79139208793640136719e+00) (8, -1.95846509933471679688e+00) (9, 1.31631922721862792969e+00) (10, -1.34423601627349853516e+00) (11, -1.17768478393554687500e+00) (12, -1.19030332565307617188e+00) (13, 1.30453312397003173828e+00) (14, -9.24174189567565917969e-01) (15, 2.85447329282760620117e-01) 
