FANN_FLO_2.1
num_layers=3
learning_rate=0.400000
connection_rate=1.000000
network_type=0
learning_momentum=0.000000
training_algorithm=2
train_error_function=1
train_stop_function=0
cascade_output_change_fraction=0.010000
quickprop_decay=-0.000100
quickprop_mu=1.750000
rprop_increase_factor=1.200000
rprop_decrease_factor=0.500000
rprop_delta_min=0.000000
rprop_delta_max=50.000000
rprop_delta_zero=0.100000
cascade_output_stagnation_epochs=12
cascade_candidate_change_fraction=0.010000
cascade_candidate_stagnation_epochs=12
cascade_max_out_epochs=150
cascade_min_out_epochs=50
cascade_max_cand_epochs=150
cascade_min_cand_epochs=50
cascade_num_candidate_groups=2
bit_fail_limit=3.49999994039535522461e-01
cascade_candidate_limit=1.00000000000000000000e+03
cascade_weight_multiplier=4.00000005960464477539e-01
cascade_activation_functions_count=10
cascade_activation_functions=3 5 7 8 10 11 14 15 16 17 
cascade_activation_steepnesses_count=4
cascade_activation_steepnesses=2.50000000000000000000e-01 5.00000000000000000000e-01 7.50000000000000000000e-01 1.00000000000000000000e+00 
layer_sizes=7 9 2 
scale_included=0
neurons (num_inputs, activation_function, activation_steepness)=(0, 0, 0.00000000000000000000e+00) (0, 0, 0.00000000000000000000e+00) (0, 0, 0.00000000000000000000e+00) (0, 0, 0.00000000000000000000e+00) (0, 0, 0.00000000000000000000e+00) (0, 0, 0.00000000000000000000e+00) (0, 0, 0.00000000000000000000e+00) (7, 3, 5.00000000000000000000e-01) (7, 3, 5.00000000000000000000e-01) (7, 3, 5.00000000000000000000e-01) (7, 3, 5.00000000000000000000e-01) (7, 3, 5.00000000000000000000e-01) (7, 3, 5.00000000000000000000e-01) (7, 3, 5.00000000000000000000e-01) (7, 3, 5.00000000000000000000e-01) (0, 3, 0.00000000000000000000e+00) (9, 3, 5.00000000000000000000e-01) (0, 3, 0.00000000000000000000e+00) 
connections (connected_to_neuron, weight)=(0, 9.66385960578918457031e-01) (1, -1.71207821369171142578e+00) (2, 1.27737655639648437500e+01) (3, -1.81170349121093750000e+01) (4, 1.01333742141723632812e+01) (5, -5.48712074756622314453e-01) (6, -2.28237366676330566406e+00) (0, -1.45068848133087158203e+00) (1, -8.85098278522491455078e-01) (2, 2.13788070678710937500e+01) (3, 4.27308750152587890625e+00) (4, -1.60149824619293212891e+00) (5, 9.55257511138916015625e+00) (6, -4.19260931015014648438e+00) (0, 2.23790988326072692871e-01) (1, -8.32621574401855468750e-01) (2, -1.50000000000000000000e+03) (3, 1.10062217712402343750e+02) (4, -8.90524923801422119141e-01) (5, 1.50000000000000000000e+03) (6, -3.23035278320312500000e+01) (0, -4.34565305709838867188e+00) (1, -1.03068399429321289062e+00) (2, 1.22281122207641601562e+01) (3, -6.36124563217163085938e+00) (4, -2.79720687866210937500e+00) (5, 9.63000297546386718750e+00) (6, -1.08766698837280273438e+00) (0, -8.14636611938476562500e+00) (1, -9.92518007755279541016e-01) (2, -2.60154399871826171875e+01) (3, -3.00545525550842285156e+00) (4, -4.79884958267211914062e+00) (5, 1.01772033691406250000e+03) (6, 1.27992038726806640625e+01) (0, 1.71635608673095703125e+01) (1, -1.45390300750732421875e+01) (2, -1.00051898193359375000e+03) (3, 1.50000000000000000000e+03) (4, 1.98942642211914062500e+01) (5, -1.24258470535278320312e+01) (6, -3.90504417419433593750e+01) (0, -1.08507566452026367188e+01) (1, 9.96532249450683593750e+00) (2, -6.21146894991397857666e-02) (3, -1.03985667228698730469e+00) (4, -1.48076045513153076172e+00) (5, -4.95518922805786132812e+00) (6, 1.07691120356321334839e-02) (0, 1.67876319885253906250e+01) (1, -1.76396789550781250000e+01) (2, 4.79725742340087890625e+00) (3, -2.80730795860290527344e+00) (4, -1.32883107662200927734e+00) (5, -6.92321538925170898438e+00) (6, 8.22985076904296875000e+00) (7, -6.20034337043762207031e-01) (8, -8.51856768131256103516e-01) (9, -1.45563983917236328125e+00) (10, -9.31138277053833007812e-01) (11, -6.88856959342956542969e-01) (12, -3.87370884418487548828e-01) (13, -6.45198917388916015625e+00) (14, -2.78023266792297363281e+00) (15, 2.34735679626464843750e+00) 
