FANN_FLO_2.1
num_layers=4
learning_rate=0.400000
connection_rate=1.000000
network_type=0
learning_momentum=0.000000
training_algorithm=2
train_error_function=1
train_stop_function=0
cascade_output_change_fraction=0.010000
quickprop_decay=-0.000100
quickprop_mu=1.750000
rprop_increase_factor=1.200000
rprop_decrease_factor=0.500000
rprop_delta_min=0.000000
rprop_delta_max=50.000000
rprop_delta_zero=0.100000
cascade_output_stagnation_epochs=12
cascade_candidate_change_fraction=0.010000
cascade_candidate_stagnation_epochs=12
cascade_max_out_epochs=150
cascade_min_out_epochs=50
cascade_max_cand_epochs=150
cascade_min_cand_epochs=50
cascade_num_candidate_groups=2
bit_fail_limit=3.49999994039535522461e-01
cascade_candidate_limit=1.00000000000000000000e+03
cascade_weight_multiplier=4.00000005960464477539e-01
cascade_activation_functions_count=10
cascade_activation_functions=3 5 7 8 10 11 14 15 16 17 
cascade_activation_steepnesses_count=4
cascade_activation_steepnesses=2.50000000000000000000e-01 5.00000000000000000000e-01 7.50000000000000000000e-01 1.00000000000000000000e+00 
layer_sizes=7 5 3 2 
scale_included=0
neurons (num_inputs, activation_function, activation_steepness)=(0, 0, 0.00000000000000000000e+00) (0, 0, 0.00000000000000000000e+00) (0, 0, 0.00000000000000000000e+00) (0, 0, 0.00000000000000000000e+00) (0, 0, 0.00000000000000000000e+00) (0, 0, 0.00000000000000000000e+00) (0, 0, 0.00000000000000000000e+00) (7, 3, 5.00000000000000000000e-01) (7, 3, 5.00000000000000000000e-01) (7, 3, 5.00000000000000000000e-01) (7, 3, 5.00000000000000000000e-01) (0, 3, 0.00000000000000000000e+00) (5, 3, 5.00000000000000000000e-01) (5, 3, 5.00000000000000000000e-01) (0, 3, 0.00000000000000000000e+00) (3, 3, 5.00000000000000000000e-01) (0, 3, 0.00000000000000000000e+00) 
connections (connected_to_neuron, weight)=(0, -1.03027575683593750000e+03) (1, -4.54176605224609375000e+02) (2, 1.48889538574218750000e+03) (3, -1.21830004882812500000e+03) (4, 1.43215795898437500000e+03) (5, -1.10741503906250000000e+03) (6, 1.53737592697143554688e+00) (0, -1.49830883789062500000e+03) (1, 5.37871704101562500000e+02) (2, -1.47840002441406250000e+03) (3, -1.44197460937500000000e+03) (4, 1.46564953613281250000e+03) (5, -1.50000000000000000000e+03) (6, 1.12193989753723144531e+00) (0, -1.04899475097656250000e+03) (1, -1.25846032714843750000e+03) (2, -1.46665295410156250000e+03) (3, 1.26252673339843750000e+03) (4, 1.49998181152343750000e+03) (5, 3.35595062255859375000e+02) (6, 1.08498704433441162109e+00) (0, -4.60053682327270507812e+00) (1, 1.05265378952026367188e+00) (2, -9.66606712341308593750e+00) (3, -6.95870590209960937500e+00) (4, -2.05994224548339843750e+00) (5, 2.05699419975280761719e+00) (6, 4.59199380874633789062e+00) (7, -6.22930489480495452881e-02) (8, 6.83199882507324218750e+00) (9, -2.80362081527709960938e+00) (10, 1.40547800064086914062e+01) (11, -3.34888505935668945312e+00) (7, -1.12837877273559570312e+01) (8, 6.83199882507324218750e+00) (9, 3.00512266159057617188e+00) (10, 4.81544380187988281250e+01) (11, -4.21184152364730834961e-01) (12, -9.19205307960510253906e-01) (13, -1.85600411891937255859e+00) (14, -4.84527468681335449219e-01) 
