FANN_FLO_2.1
num_layers=4
learning_rate=0.400000
connection_rate=1.000000
network_type=0
learning_momentum=0.000000
training_algorithm=2
train_error_function=1
train_stop_function=0
cascade_output_change_fraction=0.010000
quickprop_decay=-0.000100
quickprop_mu=1.750000
rprop_increase_factor=1.200000
rprop_decrease_factor=0.500000
rprop_delta_min=0.000000
rprop_delta_max=50.000000
rprop_delta_zero=0.100000
cascade_output_stagnation_epochs=12
cascade_candidate_change_fraction=0.010000
cascade_candidate_stagnation_epochs=12
cascade_max_out_epochs=150
cascade_min_out_epochs=50
cascade_max_cand_epochs=150
cascade_min_cand_epochs=50
cascade_num_candidate_groups=2
bit_fail_limit=3.49999994039535522461e-01
cascade_candidate_limit=1.00000000000000000000e+03
cascade_weight_multiplier=4.00000005960464477539e-01
cascade_activation_functions_count=10
cascade_activation_functions=3 5 7 8 10 11 14 15 16 17 
cascade_activation_steepnesses_count=4
cascade_activation_steepnesses=2.50000000000000000000e-01 5.00000000000000000000e-01 7.50000000000000000000e-01 1.00000000000000000000e+00 
layer_sizes=7 5 3 2 
scale_included=0
neurons (num_inputs, activation_function, activation_steepness)=(0, 0, 0.00000000000000000000e+00) (0, 0, 0.00000000000000000000e+00) (0, 0, 0.00000000000000000000e+00) (0, 0, 0.00000000000000000000e+00) (0, 0, 0.00000000000000000000e+00) (0, 0, 0.00000000000000000000e+00) (0, 0, 0.00000000000000000000e+00) (7, 3, 5.00000000000000000000e-01) (7, 3, 5.00000000000000000000e-01) (7, 3, 5.00000000000000000000e-01) (7, 3, 5.00000000000000000000e-01) (0, 3, 0.00000000000000000000e+00) (5, 3, 5.00000000000000000000e-01) (5, 3, 5.00000000000000000000e-01) (0, 3, 0.00000000000000000000e+00) (3, 3, 5.00000000000000000000e-01) (0, 3, 0.00000000000000000000e+00) 
connections (connected_to_neuron, weight)=(0, -6.50616699218750000000e+02) (1, -5.59592041015625000000e+02) (2, -1.44135644531250000000e+03) (3, 1.41232250976562500000e+03) (4, 8.16659362792968750000e+02) (5, -4.96640930175781250000e+02) (6, 3.99371223449707031250e+01) (0, 1.25666923522949218750e+01) (1, 3.98502874374389648438e+00) (2, -5.89572265625000000000e+02) (3, -1.30134185791015625000e+02) (4, -2.99528533935546875000e+02) (5, 3.21487152099609375000e+02) (6, -4.74953699111938476562e+00) (0, -7.45116853713989257812e+00) (1, 5.28049707412719726562e+00) (2, -3.25733804702758789062e+00) (3, -3.99414157867431640625e+00) (4, -3.50810241699218750000e+00) (5, 1.29893612861633300781e+00) (6, 3.39638686180114746094e+00) (0, -1.42995703125000000000e+03) (1, 3.02143218994140625000e+02) (2, -1.32404577636718750000e+03) (3, -1.48566174316406250000e+03) (4, 1.43236840820312500000e+03) (5, 5.45530639648437500000e+02) (6, 1.91659088134765625000e+01) (7, -3.00459957122802734375e+00) (8, -5.25184297561645507812e+00) (9, 1.93618500232696533203e+00) (10, 2.86013722419738769531e+00) (11, -9.14910316467285156250e-01) (7, 1.65408921241760253906e+00) (8, 3.21791738271713256836e-01) (9, 1.16403570175170898438e+01) (10, -4.82646413147449493408e-02) (11, -2.74631857872009277344e+00) (12, -1.64876556396484375000e+00) (13, -2.37499213218688964844e+00) (14, -7.95886695384979248047e-01) 
