FANN_FLO_2.1
num_layers=3
learning_rate=0.400000
connection_rate=1.000000
network_type=0
learning_momentum=0.000000
training_algorithm=2
train_error_function=1
train_stop_function=0
cascade_output_change_fraction=0.010000
quickprop_decay=-0.000100
quickprop_mu=1.750000
rprop_increase_factor=1.200000
rprop_decrease_factor=0.500000
rprop_delta_min=0.000000
rprop_delta_max=50.000000
rprop_delta_zero=0.100000
cascade_output_stagnation_epochs=12
cascade_candidate_change_fraction=0.010000
cascade_candidate_stagnation_epochs=12
cascade_max_out_epochs=150
cascade_min_out_epochs=50
cascade_max_cand_epochs=150
cascade_min_cand_epochs=50
cascade_num_candidate_groups=2
bit_fail_limit=3.49999994039535522461e-01
cascade_candidate_limit=1.00000000000000000000e+03
cascade_weight_multiplier=4.00000005960464477539e-01
cascade_activation_functions_count=10
cascade_activation_functions=3 5 7 8 10 11 14 15 16 17 
cascade_activation_steepnesses_count=4
cascade_activation_steepnesses=2.50000000000000000000e-01 5.00000000000000000000e-01 7.50000000000000000000e-01 1.00000000000000000000e+00 
layer_sizes=19 3 3 
scale_included=0
neurons (num_inputs, activation_function, activation_steepness)=(0, 0, 0.00000000000000000000e+00) (0, 0, 0.00000000000000000000e+00) (0, 0, 0.00000000000000000000e+00) (0, 0, 0.00000000000000000000e+00) (0, 0, 0.00000000000000000000e+00) (0, 0, 0.00000000000000000000e+00) (0, 0, 0.00000000000000000000e+00) (0, 0, 0.00000000000000000000e+00) (0, 0, 0.00000000000000000000e+00) (0, 0, 0.00000000000000000000e+00) (0, 0, 0.00000000000000000000e+00) (0, 0, 0.00000000000000000000e+00) (0, 0, 0.00000000000000000000e+00) (0, 0, 0.00000000000000000000e+00) (0, 0, 0.00000000000000000000e+00) (0, 0, 0.00000000000000000000e+00) (0, 0, 0.00000000000000000000e+00) (0, 0, 0.00000000000000000000e+00) (0, 0, 0.00000000000000000000e+00) (19, 3, 5.00000000000000000000e-01) (19, 3, 5.00000000000000000000e-01) (0, 3, 0.00000000000000000000e+00) (3, 3, 5.00000000000000000000e-01) (3, 3, 5.00000000000000000000e-01) (0, 3, 0.00000000000000000000e+00) 
connections (connected_to_neuron, weight)=(0, 1.09058723449707031250e+01) (1, 3.96301388740539550781e+00) (2, -5.84027004241943359375e+00) (3, 1.39021759033203125000e+01) (4, 3.67604827880859375000e+00) (5, -3.35764765739440917969e+00) (6, 6.45619821548461914062e+00) (7, 4.99068546295166015625e+00) (8, -4.32964277267456054688e+00) (9, -3.08449745178222656250e+00) (10, -7.91016721725463867188e+00) (11, 5.35717785358428955078e-01) (12, -1.93091905117034912109e+00) (13, -1.63669526576995849609e+00) (14, -4.92186498641967773438e+00) (15, -4.11031150817871093750e+00) (16, -3.52957272529602050781e+00) (17, -2.11346864700317382812e+00) (18, -1.00052011013031005859e+00) (0, -7.72150564193725585938e+00) (1, -2.95899200439453125000e+00) (2, 3.22797465324401855469e+00) (3, -6.86169862747192382812e+00) (4, -2.49612355232238769531e+00) (5, 2.84333801269531250000e+00) (6, -4.60998487472534179688e+00) (7, -4.22724962234497070312e+00) (8, 3.73228359222412109375e+00) (9, 4.27372264862060546875e+00) (10, 2.89533734321594238281e+00) (11, 5.90056657791137695312e-01) (12, 1.59071874618530273438e+00) (13, 1.55441081523895263672e+00) (14, 1.97053170204162597656e+00) (15, 2.52253079414367675781e+00) (16, 3.15161490440368652344e+00) (17, 5.01478016376495361328e-01) (18, -2.19268798828125000000e+00) (19, -1.60999190807342529297e+00) (20, -1.97173130512237548828e+00) (21, 8.91413807868957519531e-01) (19, 1.61790537834167480469e+00) (20, 1.98315536975860595703e+00) (21, -8.97240340709686279297e-01) 
