FANN_FLO_2.1
num_layers=3
learning_rate=0.400000
connection_rate=1.000000
network_type=0
learning_momentum=0.000000
training_algorithm=2
train_error_function=1
train_stop_function=0
cascade_output_change_fraction=0.010000
quickprop_decay=-0.000100
quickprop_mu=1.750000
rprop_increase_factor=1.200000
rprop_decrease_factor=0.500000
rprop_delta_min=0.000000
rprop_delta_max=50.000000
rprop_delta_zero=0.100000
cascade_output_stagnation_epochs=12
cascade_candidate_change_fraction=0.010000
cascade_candidate_stagnation_epochs=12
cascade_max_out_epochs=150
cascade_min_out_epochs=50
cascade_max_cand_epochs=150
cascade_min_cand_epochs=50
cascade_num_candidate_groups=2
bit_fail_limit=3.49999994039535522461e-01
cascade_candidate_limit=1.00000000000000000000e+03
cascade_weight_multiplier=4.00000005960464477539e-01
cascade_activation_functions_count=10
cascade_activation_functions=3 5 7 8 10 11 14 15 16 17 
cascade_activation_steepnesses_count=4
cascade_activation_steepnesses=2.50000000000000000000e-01 5.00000000000000000000e-01 7.50000000000000000000e-01 1.00000000000000000000e+00 
layer_sizes=7 9 2 
scale_included=0
neurons (num_inputs, activation_function, activation_steepness)=(0, 0, 0.00000000000000000000e+00) (0, 0, 0.00000000000000000000e+00) (0, 0, 0.00000000000000000000e+00) (0, 0, 0.00000000000000000000e+00) (0, 0, 0.00000000000000000000e+00) (0, 0, 0.00000000000000000000e+00) (0, 0, 0.00000000000000000000e+00) (7, 3, 5.00000000000000000000e-01) (7, 3, 5.00000000000000000000e-01) (7, 3, 5.00000000000000000000e-01) (7, 3, 5.00000000000000000000e-01) (7, 3, 5.00000000000000000000e-01) (7, 3, 5.00000000000000000000e-01) (7, 3, 5.00000000000000000000e-01) (7, 3, 5.00000000000000000000e-01) (0, 3, 0.00000000000000000000e+00) (9, 3, 5.00000000000000000000e-01) (0, 3, 0.00000000000000000000e+00) 
connections (connected_to_neuron, weight)=(0, -7.52261519432067871094e-01) (1, -6.88337624073028564453e-01) (2, -9.62408006191253662109e-01) (3, -3.14007496833801269531e+00) (4, 4.26153612136840820312e+00) (5, 7.74854958057403564453e-01) (6, -1.73233076930046081543e-01) (0, 1.37106895446777343750e+00) (1, 1.21999096870422363281e+00) (2, 1.11075270175933837891e+00) (3, 3.03220891952514648438e+00) (4, -4.81486129760742187500e+00) (5, -5.38298726081848144531e-01) (6, -5.90418100357055664062e-01) (0, 4.53707408905029296875e+00) (1, 2.39632272720336914062e+00) (2, 1.54754984378814697266e+00) (3, -2.71037530899047851562e+00) (4, -3.01230430603027343750e+00) (5, -1.34568321704864501953e+00) (6, -7.18177497386932373047e-01) (0, 3.98758983612060546875e+00) (1, 4.46584510803222656250e+00) (2, 1.44457697868347167969e+00) (3, -4.27631902694702148438e+00) (4, 4.24729681015014648438e+00) (5, -6.45074796676635742188e+00) (6, 1.75217580795288085938e+00) (0, -1.10191762447357177734e+00) (1, -1.21880090236663818359e+00) (2, -4.29059839248657226562e+00) (3, -1.56245315074920654297e+00) (4, 1.37836718559265136719e+00) (5, 3.34955334663391113281e+00) (6, -4.28373329341411590576e-02) (0, 7.17689156532287597656e-01) (1, 6.00711941719055175781e-01) (2, -2.67261004447937011719e+00) (3, 1.69981098175048828125e+00) (4, 2.93727827072143554688e+00) (5, -7.36888825893402099609e-01) (6, 3.38441938161849975586e-01) (0, 9.73945617675781250000e+00) (1, 9.57664668560028076172e-01) (2, -3.38287663459777832031e+00) (3, -3.95719838142395019531e+00) (4, -1.78408312797546386719e+00) (5, 1.64690792560577392578e+00) (6, 1.10241591930389404297e+00) (0, 2.08182406425476074219e+00) (1, 1.17232036590576171875e+00) (2, 8.55206131935119628906e-01) (3, -2.05009593963623046875e+01) (4, 1.18651127815246582031e+00) (5, 2.22180914878845214844e+00) (6, 9.69107437133789062500e+00) (7, 2.19831800460815429688e+00) (8, -9.53732311725616455078e-01) (9, 2.19446420669555664062e+00) (10, -1.38461434841156005859e+00) (11, 1.79591107368469238281e+00) (12, 1.02294564247131347656e+00) (13, -1.20956325531005859375e+00) (14, -1.81621122360229492188e+00) (15, 2.71195769309997558594e-01) 
