FANN_FLO_2.1
num_layers=3
learning_rate=0.500000
connection_rate=1.000000
network_type=0
learning_momentum=0.000000
training_algorithm=2
train_error_function=1
train_stop_function=0
cascade_output_change_fraction=0.010000
quickprop_decay=-0.000100
quickprop_mu=1.750000
rprop_increase_factor=1.200000
rprop_decrease_factor=0.500000
rprop_delta_min=0.000000
rprop_delta_max=50.000000
rprop_delta_zero=0.100000
cascade_output_stagnation_epochs=12
cascade_candidate_change_fraction=0.010000
cascade_candidate_stagnation_epochs=12
cascade_max_out_epochs=150
cascade_min_out_epochs=50
cascade_max_cand_epochs=150
cascade_min_cand_epochs=50
cascade_num_candidate_groups=2
bit_fail_limit=3.49999994039535522461e-01
cascade_candidate_limit=1.00000000000000000000e+03
cascade_weight_multiplier=4.00000005960464477539e-01
cascade_activation_functions_count=10
cascade_activation_functions=3 5 7 8 10 11 14 15 16 17 
cascade_activation_steepnesses_count=4
cascade_activation_steepnesses=2.50000000000000000000e-01 5.00000000000000000000e-01 7.50000000000000000000e-01 1.00000000000000000000e+00 
layer_sizes=10 3 2 
scale_included=0
neurons (num_inputs, activation_function, activation_steepness)=(0, 0, 0.00000000000000000000e+00) (0, 0, 0.00000000000000000000e+00) (0, 0, 0.00000000000000000000e+00) (0, 0, 0.00000000000000000000e+00) (0, 0, 0.00000000000000000000e+00) (0, 0, 0.00000000000000000000e+00) (0, 0, 0.00000000000000000000e+00) (0, 0, 0.00000000000000000000e+00) (0, 0, 0.00000000000000000000e+00) (0, 0, 0.00000000000000000000e+00) (10, 3, 5.00000000000000000000e-01) (10, 3, 5.00000000000000000000e-01) (0, 3, 0.00000000000000000000e+00) (3, 3, 5.00000000000000000000e-01) (0, 3, 0.00000000000000000000e+00) 
connections (connected_to_neuron, weight)=(0, -4.06292755126953125000e+02) (1, -1.90409439086914062500e+02) (2, 8.46832847595214843750e+00) (3, 3.53048034667968750000e+02) (4, 7.03893065452575683594e-01) (5, 2.30169367790222167969e+00) (6, 1.07611961364746093750e+01) (7, 1.41022338867187500000e+02) (8, 1.34919128417968750000e+02) (9, -2.44644851684570312500e+01) (0, 4.07765239477157592773e-01) (1, 1.44461908340454101562e+01) (2, 1.57195825576782226562e+01) (3, -2.94036939740180969238e-02) (4, 4.55658292770385742188e+00) (5, 4.40168762207031250000e+00) (6, 1.34956216812133789062e+00) (7, -3.66876296997070312500e+01) (8, -7.54930591583251953125e+00) (9, -1.38409256935119628906e+00) (10, 2.60632586479187011719e+00) (11, 2.64743852615356445312e+00) (12, -1.73583686351776123047e+00) 
