FANN_FLO_2.1
num_layers=3
learning_rate=0.400000
connection_rate=1.000000
network_type=0
learning_momentum=0.000000
training_algorithm=2
train_error_function=1
train_stop_function=0
cascade_output_change_fraction=0.010000
quickprop_decay=-0.000100
quickprop_mu=1.750000
rprop_increase_factor=1.200000
rprop_decrease_factor=0.500000
rprop_delta_min=0.000000
rprop_delta_max=50.000000
rprop_delta_zero=0.100000
cascade_output_stagnation_epochs=12
cascade_candidate_change_fraction=0.010000
cascade_candidate_stagnation_epochs=12
cascade_max_out_epochs=150
cascade_min_out_epochs=50
cascade_max_cand_epochs=150
cascade_min_cand_epochs=50
cascade_num_candidate_groups=2
bit_fail_limit=3.49999994039535522461e-01
cascade_candidate_limit=1.00000000000000000000e+03
cascade_weight_multiplier=4.00000005960464477539e-01
cascade_activation_functions_count=10
cascade_activation_functions=3 5 7 8 10 11 14 15 16 17 
cascade_activation_steepnesses_count=4
cascade_activation_steepnesses=2.50000000000000000000e-01 5.00000000000000000000e-01 7.50000000000000000000e-01 1.00000000000000000000e+00 
layer_sizes=7 9 2 
scale_included=0
neurons (num_inputs, activation_function, activation_steepness)=(0, 0, 0.00000000000000000000e+00) (0, 0, 0.00000000000000000000e+00) (0, 0, 0.00000000000000000000e+00) (0, 0, 0.00000000000000000000e+00) (0, 0, 0.00000000000000000000e+00) (0, 0, 0.00000000000000000000e+00) (0, 0, 0.00000000000000000000e+00) (7, 3, 5.00000000000000000000e-01) (7, 3, 5.00000000000000000000e-01) (7, 3, 5.00000000000000000000e-01) (7, 3, 5.00000000000000000000e-01) (7, 3, 5.00000000000000000000e-01) (7, 3, 5.00000000000000000000e-01) (7, 3, 5.00000000000000000000e-01) (7, 3, 5.00000000000000000000e-01) (0, 3, 0.00000000000000000000e+00) (9, 3, 5.00000000000000000000e-01) (0, 3, 0.00000000000000000000e+00) 
connections (connected_to_neuron, weight)=(0, -3.34901595115661621094e+00) (1, -4.51260948181152343750e+00) (2, -2.44706678390502929688e+00) (3, 2.32207274436950683594e+00) (4, 2.53419327735900878906e+00) (5, 1.91216576099395751953e+00) (6, -2.56139516830444335938e+00) (0, 7.40295886993408203125e+00) (1, -9.04205501079559326172e-01) (2, -4.61760282516479492188e+00) (3, 3.14424204826354980469e+00) (4, 1.17737174034118652344e+00) (5, -9.09265875816345214844e-01) (6, -4.45063024759292602539e-01) (0, 1.55047774314880371094e+00) (1, -9.04024541378021240234e-01) (2, -1.66774094104766845703e+00) (3, 4.85429853200912475586e-01) (4, 4.74287331104278564453e-01) (5, -2.01358366012573242188e+00) (6, -2.04253494739532470703e-01) (0, 2.42067217826843261719e+00) (1, 2.93183517456054687500e+00) (2, 2.13694524765014648438e+00) (3, -1.07583808898925781250e+00) (4, -1.00003480911254882812e+00) (5, -1.64757585525512695312e+00) (6, 1.62454918026924133301e-01) (0, -1.78162074089050292969e+00) (1, -3.77203673124313354492e-01) (2, 2.44242739677429199219e+00) (3, 1.24551713466644287109e+00) (4, 4.74357128143310546875e+00) (5, -9.88193035125732421875e+00) (6, -5.52804172039031982422e-01) (0, -7.55813896656036376953e-01) (1, -8.82534563541412353516e-01) (2, -1.20713138580322265625e+00) (3, 2.21599683165550231934e-01) (4, 4.33117836713790893555e-01) (5, -1.96331167221069335938e+00) (6, 1.47408699989318847656e+00) (0, -2.11736536026000976562e+00) (1, -2.19652938842773437500e+00) (2, -1.72333228588104248047e+00) (3, 3.19524836540222167969e+00) (4, 2.11696243286132812500e+00) (5, 2.52860736846923828125e+00) (6, -1.70536291599273681641e+00) (0, 1.86457586288452148438e+00) (1, 1.95096778869628906250e+00) (2, 4.37743711471557617188e+00) (3, -3.55134248733520507812e+00) (4, 6.46762132644653320312e-01) (5, -8.49763679504394531250e+00) (6, 3.36674022674560546875e+00) (7, 4.75852203369140625000e+00) (8, 9.07233178615570068359e-01) (9, -2.65312528610229492188e+00) (10, -5.62332093715667724609e-01) (11, 3.74608111381530761719e+00) (12, -2.17422509193420410156e+00) (13, 6.77214086055755615234e-01) (14, -1.92079448699951171875e+00) (15, 7.06774294376373291016e-02) 
