FANN_FLO_2.1
num_layers=4
learning_rate=0.500000
connection_rate=1.000000
network_type=0
learning_momentum=0.000000
training_algorithm=2
train_error_function=1
train_stop_function=0
cascade_output_change_fraction=0.010000
quickprop_decay=-0.000100
quickprop_mu=1.750000
rprop_increase_factor=1.200000
rprop_decrease_factor=0.500000
rprop_delta_min=0.000000
rprop_delta_max=50.000000
rprop_delta_zero=0.100000
cascade_output_stagnation_epochs=12
cascade_candidate_change_fraction=0.010000
cascade_candidate_stagnation_epochs=12
cascade_max_out_epochs=150
cascade_min_out_epochs=50
cascade_max_cand_epochs=150
cascade_min_cand_epochs=50
cascade_num_candidate_groups=2
bit_fail_limit=3.49999994039535522461e-01
cascade_candidate_limit=1.00000000000000000000e+03
cascade_weight_multiplier=4.00000005960464477539e-01
cascade_activation_functions_count=10
cascade_activation_functions=3 5 7 8 10 11 14 15 16 17 
cascade_activation_steepnesses_count=4
cascade_activation_steepnesses=2.50000000000000000000e-01 5.00000000000000000000e-01 7.50000000000000000000e-01 1.00000000000000000000e+00 
layer_sizes=10 3 3 2 
scale_included=0
neurons (num_inputs, activation_function, activation_steepness)=(0, 0, 0.00000000000000000000e+00) (0, 0, 0.00000000000000000000e+00) (0, 0, 0.00000000000000000000e+00) (0, 0, 0.00000000000000000000e+00) (0, 0, 0.00000000000000000000e+00) (0, 0, 0.00000000000000000000e+00) (0, 0, 0.00000000000000000000e+00) (0, 0, 0.00000000000000000000e+00) (0, 0, 0.00000000000000000000e+00) (0, 0, 0.00000000000000000000e+00) (10, 3, 5.00000000000000000000e-01) (10, 3, 5.00000000000000000000e-01) (0, 3, 0.00000000000000000000e+00) (3, 3, 5.00000000000000000000e-01) (3, 3, 5.00000000000000000000e-01) (0, 3, 0.00000000000000000000e+00) (3, 3, 5.00000000000000000000e-01) (0, 3, 0.00000000000000000000e+00) 
connections (connected_to_neuron, weight)=(0, -1.44822607421875000000e+03) (1, 1.49343762207031250000e+03) (2, -1.44299841308593750000e+03) (3, -1.11810766601562500000e+03) (4, -1.50000000000000000000e+03) (5, -1.50000000000000000000e+03) (6, -1.47268713378906250000e+03) (7, -1.47511560058593750000e+03) (8, 3.35513458251953125000e+02) (9, -1.01175785064697265625e+00) (0, -5.06980323791503906250e+00) (1, -1.65187251567840576172e+00) (2, -5.58930969238281250000e+00) (3, -7.21563696861267089844e-01) (4, -2.76843219995498657227e-01) (5, 3.25927114486694335938e+00) (6, 1.70358312129974365234e+00) (7, -5.43421268463134765625e+00) (8, -1.69606220722198486328e+00) (9, 5.79326057434082031250e+00) (10, 1.50000000000000000000e+03) (11, 3.70551643371582031250e+01) (12, -4.51905393600463867188e+00) (10, 1.50000000000000000000e+03) (11, 1.07826385498046875000e+02) (12, -6.38411808013916015625e+00) (13, 1.69427835941314697266e+00) (14, 2.29001069068908691406e+00) (15, -3.12009954452514648438e+00) 
