FANN_FLO_2.1
num_layers=4
learning_rate=0.400000
connection_rate=1.000000
network_type=0
learning_momentum=0.000000
training_algorithm=2
train_error_function=1
train_stop_function=0
cascade_output_change_fraction=0.010000
quickprop_decay=-0.000100
quickprop_mu=1.750000
rprop_increase_factor=1.200000
rprop_decrease_factor=0.500000
rprop_delta_min=0.000000
rprop_delta_max=50.000000
rprop_delta_zero=0.100000
cascade_output_stagnation_epochs=12
cascade_candidate_change_fraction=0.010000
cascade_candidate_stagnation_epochs=12
cascade_max_out_epochs=150
cascade_min_out_epochs=50
cascade_max_cand_epochs=150
cascade_min_cand_epochs=50
cascade_num_candidate_groups=2
bit_fail_limit=3.49999994039535522461e-01
cascade_candidate_limit=1.00000000000000000000e+03
cascade_weight_multiplier=4.00000005960464477539e-01
cascade_activation_functions_count=10
cascade_activation_functions=3 5 7 8 10 11 14 15 16 17 
cascade_activation_steepnesses_count=4
cascade_activation_steepnesses=2.50000000000000000000e-01 5.00000000000000000000e-01 7.50000000000000000000e-01 1.00000000000000000000e+00 
layer_sizes=7 5 5 2 
scale_included=0
neurons (num_inputs, activation_function, activation_steepness)=(0, 0, 0.00000000000000000000e+00) (0, 0, 0.00000000000000000000e+00) (0, 0, 0.00000000000000000000e+00) (0, 0, 0.00000000000000000000e+00) (0, 0, 0.00000000000000000000e+00) (0, 0, 0.00000000000000000000e+00) (0, 0, 0.00000000000000000000e+00) (7, 3, 5.00000000000000000000e-01) (7, 3, 5.00000000000000000000e-01) (7, 3, 5.00000000000000000000e-01) (7, 3, 5.00000000000000000000e-01) (0, 3, 0.00000000000000000000e+00) (5, 3, 5.00000000000000000000e-01) (5, 3, 5.00000000000000000000e-01) (5, 3, 5.00000000000000000000e-01) (5, 3, 5.00000000000000000000e-01) (0, 3, 0.00000000000000000000e+00) (5, 3, 5.00000000000000000000e-01) (0, 3, 0.00000000000000000000e+00) 
connections (connected_to_neuron, weight)=(0, -8.55252170562744140625e+00) (1, -7.42660331726074218750e+00) (2, -7.63150835037231445312e+00) (3, -9.06391048431396484375e+00) (4, 5.44125413894653320312e+00) (5, 7.92816400527954101562e+00) (6, 2.57731890678405761719e+00) (0, -4.45022726058959960938e+00) (1, 1.62875957489013671875e+01) (2, -5.31690979003906250000e+01) (3, -2.16870307922363281250e+01) (4, -2.01445102691650390625e+00) (5, -8.42387008666992187500e+00) (6, 8.73589992523193359375e-01) (0, -9.74965667724609375000e+00) (1, 8.05597591400146484375e+00) (2, -1.09112250804901123047e+00) (3, -2.42600035667419433594e+00) (4, -1.27279996871948242188e+00) (5, -5.07617855072021484375e+00) (6, 1.34062969684600830078e+00) (0, -3.51586604118347167969e+00) (1, -6.49040842056274414062e+00) (2, -5.23182725906372070312e+00) (3, -5.09611175537109375000e+02) (4, -6.56253528594970703125e+00) (5, 3.39651794433593750000e+02) (6, 4.05735373497009277344e-01) (7, 1.50000000000000000000e+03) (8, 3.73129653930664062500e+01) (9, -2.63424949645996093750e+01) (10, 5.41517448425292968750e+00) (11, -2.56898069381713867188e+00) (7, -1.70752899169921875000e+02) (8, 1.48326452636718750000e+03) (9, 1.62475769042968750000e+02) (10, 1.28313220214843750000e+03) (11, -7.15420341491699218750e+00) (7, -7.90660381317138671875e-01) (8, 1.05050384998321533203e+00) (9, 5.42705535888671875000e+00) (10, 2.35727429389953613281e+00) (11, -2.69378542900085449219e+00) (7, 1.53795501708984375000e+02) (8, 1.46303743124008178711e-01) (9, 7.84011602401733398438e+00) (10, -4.46507036685943603516e-01) (11, -1.72267651557922363281e+00) (12, 3.77102226018905639648e-01) (13, -5.98860800266265869141e-01) (14, -3.20314192771911621094e+00) (15, -1.67999398708343505859e+00) (16, -4.34808790683746337891e-01) 
