FANN_FLO_2.1
num_layers=4
learning_rate=0.400000
connection_rate=1.000000
network_type=0
learning_momentum=0.000000
training_algorithm=2
train_error_function=1
train_stop_function=0
cascade_output_change_fraction=0.010000
quickprop_decay=-0.000100
quickprop_mu=1.750000
rprop_increase_factor=1.200000
rprop_decrease_factor=0.500000
rprop_delta_min=0.000000
rprop_delta_max=50.000000
rprop_delta_zero=0.100000
cascade_output_stagnation_epochs=12
cascade_candidate_change_fraction=0.010000
cascade_candidate_stagnation_epochs=12
cascade_max_out_epochs=150
cascade_min_out_epochs=50
cascade_max_cand_epochs=150
cascade_min_cand_epochs=50
cascade_num_candidate_groups=2
bit_fail_limit=3.49999994039535522461e-01
cascade_candidate_limit=1.00000000000000000000e+03
cascade_weight_multiplier=4.00000005960464477539e-01
cascade_activation_functions_count=10
cascade_activation_functions=3 5 7 8 10 11 14 15 16 17 
cascade_activation_steepnesses_count=4
cascade_activation_steepnesses=2.50000000000000000000e-01 5.00000000000000000000e-01 7.50000000000000000000e-01 1.00000000000000000000e+00 
layer_sizes=7 5 5 2 
scale_included=0
neurons (num_inputs, activation_function, activation_steepness)=(0, 0, 0.00000000000000000000e+00) (0, 0, 0.00000000000000000000e+00) (0, 0, 0.00000000000000000000e+00) (0, 0, 0.00000000000000000000e+00) (0, 0, 0.00000000000000000000e+00) (0, 0, 0.00000000000000000000e+00) (0, 0, 0.00000000000000000000e+00) (7, 3, 5.00000000000000000000e-01) (7, 3, 5.00000000000000000000e-01) (7, 3, 5.00000000000000000000e-01) (7, 3, 5.00000000000000000000e-01) (0, 3, 0.00000000000000000000e+00) (5, 3, 5.00000000000000000000e-01) (5, 3, 5.00000000000000000000e-01) (5, 3, 5.00000000000000000000e-01) (5, 3, 5.00000000000000000000e-01) (0, 3, 0.00000000000000000000e+00) (5, 3, 5.00000000000000000000e-01) (0, 3, 0.00000000000000000000e+00) 
connections (connected_to_neuron, weight)=(0, -5.71780395507812500000e+00) (1, 9.15624499320983886719e-01) (2, -8.47746181488037109375e+00) (3, 3.92322063446044921875e+00) (4, -2.34646201133728027344e+00) (5, -1.53419530391693115234e+00) (6, 4.26430225372314453125e+00) (0, 1.87133669853210449219e+00) (1, -5.15912246704101562500e+00) (2, 1.11600465774536132812e+01) (3, -1.30799484252929687500e+01) (4, -2.32699084281921386719e+00) (5, 6.43526887893676757812e+00) (6, 3.58228182792663574219e+00) (0, -4.16498327255249023438e+00) (1, 3.67449736595153808594e+00) (2, 1.90732240676879882812e+00) (3, -2.64949488639831542969e+00) (4, -4.90875482559204101562e-01) (5, -1.00197172164916992188e+00) (6, 5.04374444484710693359e-01) (0, -2.52215886116027832031e+00) (1, 1.49021244049072265625e+00) (2, 1.24103422164916992188e+01) (3, -1.33245353698730468750e+01) (4, -1.22878301143646240234e+00) (5, 1.98033201694488525391e+00) (6, 1.06746232509613037109e+00) (7, 2.52459907531738281250e+00) (8, 2.85712146759033203125e+00) (9, -3.62169532775878906250e+01) (10, 9.46033763885498046875e+00) (11, -1.71777391433715820312e+00) (7, -2.35772109031677246094e+00) (8, 1.99452042579650878906e+00) (9, 8.85315704345703125000e+00) (10, 7.11797046661376953125e+00) (11, -1.25303995609283447266e+00) (7, -5.41365981101989746094e-01) (8, 5.66556262969970703125e+00) (9, -4.47062194347381591797e-01) (10, -9.50870609283447265625e+00) (11, -6.81114435195922851562e-01) (7, 2.57685756683349609375e+00) (8, -6.78552055358886718750e+00) (9, 7.53164911270141601562e+00) (10, 7.65273857116699218750e+00) (11, -4.61860132217407226562e+00) (12, -5.49759960174560546875e+00) (13, -8.63587498664855957031e-01) (14, -9.42419290542602539062e-01) (15, -5.34399271011352539062e+00) (16, -4.41057264804840087891e-01) 
