FANN_FLO_2.1
num_layers=4
learning_rate=0.500000
connection_rate=1.000000
network_type=0
learning_momentum=0.000000
training_algorithm=2
train_error_function=1
train_stop_function=0
cascade_output_change_fraction=0.010000
quickprop_decay=-0.000100
quickprop_mu=1.750000
rprop_increase_factor=1.200000
rprop_decrease_factor=0.500000
rprop_delta_min=0.000000
rprop_delta_max=50.000000
rprop_delta_zero=0.100000
cascade_output_stagnation_epochs=12
cascade_candidate_change_fraction=0.010000
cascade_candidate_stagnation_epochs=12
cascade_max_out_epochs=150
cascade_min_out_epochs=50
cascade_max_cand_epochs=150
cascade_min_cand_epochs=50
cascade_num_candidate_groups=2
bit_fail_limit=3.49999994039535522461e-01
cascade_candidate_limit=1.00000000000000000000e+03
cascade_weight_multiplier=4.00000005960464477539e-01
cascade_activation_functions_count=10
cascade_activation_functions=3 5 7 8 10 11 14 15 16 17 
cascade_activation_steepnesses_count=4
cascade_activation_steepnesses=2.50000000000000000000e-01 5.00000000000000000000e-01 7.50000000000000000000e-01 1.00000000000000000000e+00 
layer_sizes=2 5 5 3 
scale_included=0
neurons (num_inputs, activation_function, activation_steepness)=(0, 0, 0.00000000000000000000e+00) (0, 0, 0.00000000000000000000e+00) (2, 3, 5.00000000000000000000e-01) (2, 3, 5.00000000000000000000e-01) (2, 3, 5.00000000000000000000e-01) (2, 3, 5.00000000000000000000e-01) (0, 3, 0.00000000000000000000e+00) (5, 3, 5.00000000000000000000e-01) (5, 3, 5.00000000000000000000e-01) (5, 3, 5.00000000000000000000e-01) (5, 3, 5.00000000000000000000e-01) (0, 3, 0.00000000000000000000e+00) (5, 0, 5.00000000000000000000e-01) (5, 0, 5.00000000000000000000e-01) (0, 0, 0.00000000000000000000e+00) 
connections (connected_to_neuron, weight)=(0, 2.40589008331298828125e+01) (1, -9.22822058200836181641e-01) (0, 1.66083836555480957031e+00) (1, 1.36624002456665039062e+00) (0, 5.94216796875000000000e+02) (1, 8.33294963836669921875e+00) (0, 2.31816375732421875000e+02) (1, 4.36278867721557617188e+00) (2, -4.52066302299499511719e-01) (3, -8.21381807327270507812e-01) (4, -3.61926960945129394531e+00) (5, 7.29137599468231201172e-01) (6, 3.58969998359680175781e+00) (2, -2.56788909912109375000e+02) (3, 2.70979003906250000000e+02) (4, -1.47975845336914062500e+02) (5, 2.24700808525085449219e+00) (6, -6.19620978832244873047e-01) (2, 1.07083809375762939453e+00) (3, 4.09549331665039062500e+00) (4, 4.15805244445800781250e+01) (5, -5.74967765808105468750e+00) (6, -3.06846410036087036133e-01) (2, 6.38256669044494628906e-01) (3, -5.38960123062133789062e+00) (4, -1.35143811035156250000e+03) (5, 2.12386965751647949219e+00) (6, 7.85270631313323974609e-01) (7, -2.77544885873794555664e-01) (8, 7.60958862304687500000e+02) (9, -8.58797669410705566406e-01) (10, 3.41838226318359375000e+02) (11, -1.38860657811164855957e-01) (7, -6.27999258041381835938e+00) (8, 5.70303833007812500000e+02) (9, 1.99218630790710449219e+00) (10, 1.50000000000000000000e+03) (11, 7.41365909576416015625e-01) 
