FANN_FLO_2.1
num_layers=4
learning_rate=0.400000
connection_rate=1.000000
network_type=0
learning_momentum=0.000000
training_algorithm=2
train_error_function=1
train_stop_function=0
cascade_output_change_fraction=0.010000
quickprop_decay=-0.000100
quickprop_mu=1.750000
rprop_increase_factor=1.200000
rprop_decrease_factor=0.500000
rprop_delta_min=0.000000
rprop_delta_max=50.000000
rprop_delta_zero=0.100000
cascade_output_stagnation_epochs=12
cascade_candidate_change_fraction=0.010000
cascade_candidate_stagnation_epochs=12
cascade_max_out_epochs=150
cascade_min_out_epochs=50
cascade_max_cand_epochs=150
cascade_min_cand_epochs=50
cascade_num_candidate_groups=2
bit_fail_limit=3.49999994039535522461e-01
cascade_candidate_limit=1.00000000000000000000e+03
cascade_weight_multiplier=4.00000005960464477539e-01
cascade_activation_functions_count=10
cascade_activation_functions=3 5 7 8 10 11 14 15 16 17 
cascade_activation_steepnesses_count=4
cascade_activation_steepnesses=2.50000000000000000000e-01 5.00000000000000000000e-01 7.50000000000000000000e-01 1.00000000000000000000e+00 
layer_sizes=7 3 3 2 
scale_included=0
neurons (num_inputs, activation_function, activation_steepness)=(0, 0, 0.00000000000000000000e+00) (0, 0, 0.00000000000000000000e+00) (0, 0, 0.00000000000000000000e+00) (0, 0, 0.00000000000000000000e+00) (0, 0, 0.00000000000000000000e+00) (0, 0, 0.00000000000000000000e+00) (0, 0, 0.00000000000000000000e+00) (7, 3, 5.00000000000000000000e-01) (7, 3, 5.00000000000000000000e-01) (0, 3, 0.00000000000000000000e+00) (3, 3, 5.00000000000000000000e-01) (3, 3, 5.00000000000000000000e-01) (0, 3, 0.00000000000000000000e+00) (3, 3, 5.00000000000000000000e-01) (0, 3, 0.00000000000000000000e+00) 
connections (connected_to_neuron, weight)=(0, -2.79930710792541503906e+00) (1, 1.04653716087341308594e+00) (2, -3.34277367591857910156e+00) (3, -3.23942780494689941406e+00) (4, -1.58894276618957519531e+00) (5, 1.24526095390319824219e+00) (6, 1.67448663711547851562e+00) (0, -8.57462219238281250000e+02) (1, 7.88928079605102539062e+00) (2, -2.00326004028320312500e+02) (3, -3.26452026367187500000e+01) (4, -4.39695663452148437500e+01) (5, 7.65772460937500000000e+02) (6, 1.42608392238616943359e+00) (7, 2.36067085266113281250e+01) (8, -3.78528022766113281250e+00) (9, -2.26509785652160644531e+00) (7, 1.01262073516845703125e+01) (8, -1.80928027629852294922e+00) (9, -1.95816183090209960938e+00) (10, -1.60786414146423339844e+00) (11, -9.97518301010131835938e-01) (12, -9.17075097560882568359e-01) 
