FANN_FLO_2.1
num_layers=3
learning_rate=0.400000
connection_rate=1.000000
network_type=0
learning_momentum=0.000000
training_algorithm=2
train_error_function=1
train_stop_function=0
cascade_output_change_fraction=0.010000
quickprop_decay=-0.000100
quickprop_mu=1.750000
rprop_increase_factor=1.200000
rprop_decrease_factor=0.500000
rprop_delta_min=0.000000
rprop_delta_max=50.000000
rprop_delta_zero=0.100000
cascade_output_stagnation_epochs=12
cascade_candidate_change_fraction=0.010000
cascade_candidate_stagnation_epochs=12
cascade_max_out_epochs=150
cascade_min_out_epochs=50
cascade_max_cand_epochs=150
cascade_min_cand_epochs=50
cascade_num_candidate_groups=2
bit_fail_limit=3.49999994039535522461e-01
cascade_candidate_limit=1.00000000000000000000e+03
cascade_weight_multiplier=4.00000005960464477539e-01
cascade_activation_functions_count=10
cascade_activation_functions=3 5 7 8 10 11 14 15 16 17 
cascade_activation_steepnesses_count=4
cascade_activation_steepnesses=2.50000000000000000000e-01 5.00000000000000000000e-01 7.50000000000000000000e-01 1.00000000000000000000e+00 
layer_sizes=7 9 2 
scale_included=0
neurons (num_inputs, activation_function, activation_steepness)=(0, 0, 0.00000000000000000000e+00) (0, 0, 0.00000000000000000000e+00) (0, 0, 0.00000000000000000000e+00) (0, 0, 0.00000000000000000000e+00) (0, 0, 0.00000000000000000000e+00) (0, 0, 0.00000000000000000000e+00) (0, 0, 0.00000000000000000000e+00) (7, 3, 5.00000000000000000000e-01) (7, 3, 5.00000000000000000000e-01) (7, 3, 5.00000000000000000000e-01) (7, 3, 5.00000000000000000000e-01) (7, 3, 5.00000000000000000000e-01) (7, 3, 5.00000000000000000000e-01) (7, 3, 5.00000000000000000000e-01) (7, 3, 5.00000000000000000000e-01) (0, 3, 0.00000000000000000000e+00) (9, 3, 5.00000000000000000000e-01) (0, 3, 0.00000000000000000000e+00) 
connections (connected_to_neuron, weight)=(0, -1.02937161922454833984e+00) (1, 1.13972938060760498047e+00) (2, -3.20784664154052734375e+00) (3, -3.43839716911315917969e+00) (4, -4.49304610490798950195e-01) (5, 1.08536076545715332031e+00) (6, 1.47922158241271972656e-01) (0, 1.04299821853637695312e+01) (1, -9.85163879394531250000e+00) (2, 8.86242485046386718750e+00) (3, -2.52248913049697875977e-01) (4, 1.09357513487339019775e-01) (5, -4.55652809143066406250e+00) (6, 3.84427356719970703125e+00) (0, -8.63772964477539062500e+00) (1, 8.11094379425048828125e+00) (2, 3.34259182214736938477e-01) (3, 5.53656995296478271484e-01) (4, -5.95287919044494628906e-01) (5, 7.76001691818237304688e+00) (6, 2.18348711729049682617e-01) (0, -1.53030169010162353516e+00) (1, 2.07374978065490722656e+00) (2, -8.93957805633544921875e+00) (3, -7.88868570327758789062e+00) (4, 4.19602966308593750000e+00) (5, 7.30878174304962158203e-01) (6, -2.90856409072875976562e+00) (0, -8.81188106536865234375e+00) (1, 6.18106365203857421875e+00) (2, -1.60262930393218994141e+00) (3, -4.69514894485473632812e+00) (4, -2.61386585235595703125e+00) (5, 1.43260467052459716797e+00) (6, 5.31684160232543945312e+00) (0, -2.46320128440856933594e+00) (1, -2.36714973449707031250e+01) (2, -9.93365478515625000000e+02) (3, 3.90619277954101562500e+00) (4, -1.50000000000000000000e+03) (5, 4.27801084518432617188e+00) (6, 3.26236343383789062500e+00) (0, 1.05845985412597656250e+01) (1, -1.02388277053833007812e+01) (2, 7.67304515838623046875e+00) (3, -2.84160256385803222656e-01) (4, -3.19641306996345520020e-02) (5, -4.51354980468750000000e+00) (6, 4.06327199935913085938e+00) (0, -4.25973510742187500000e+00) (1, -2.91622042655944824219e+00) (2, -8.42002582550048828125e+00) (3, 1.44048190116882324219e+00) (4, -1.38918852806091308594e+00) (5, 2.59803128242492675781e+00) (6, 3.56917667388916015625e+00) (7, -7.97723174095153808594e-01) (8, -7.69623339176177978516e-01) (9, -2.05719566345214843750e+00) (10, -9.50902760028839111328e-01) (11, -1.69379591941833496094e+00) (12, -1.05000000000000000000e+03) (13, -3.03774333000183105469e+00) (14, -7.73219466209411621094e-01) (15, 3.46885514259338378906e+00) 
