FANN_FLO_2.1
num_layers=3
learning_rate=0.400000
connection_rate=1.000000
network_type=0
learning_momentum=0.000000
training_algorithm=2
train_error_function=1
train_stop_function=0
cascade_output_change_fraction=0.010000
quickprop_decay=-0.000100
quickprop_mu=1.750000
rprop_increase_factor=1.200000
rprop_decrease_factor=0.500000
rprop_delta_min=0.000000
rprop_delta_max=50.000000
rprop_delta_zero=0.100000
cascade_output_stagnation_epochs=12
cascade_candidate_change_fraction=0.010000
cascade_candidate_stagnation_epochs=12
cascade_max_out_epochs=150
cascade_min_out_epochs=50
cascade_max_cand_epochs=150
cascade_min_cand_epochs=50
cascade_num_candidate_groups=2
bit_fail_limit=3.49999994039535522461e-01
cascade_candidate_limit=1.00000000000000000000e+03
cascade_weight_multiplier=4.00000005960464477539e-01
cascade_activation_functions_count=10
cascade_activation_functions=3 5 7 8 10 11 14 15 16 17 
cascade_activation_steepnesses_count=4
cascade_activation_steepnesses=2.50000000000000000000e-01 5.00000000000000000000e-01 7.50000000000000000000e-01 1.00000000000000000000e+00 
layer_sizes=19 3 3 
scale_included=0
neurons (num_inputs, activation_function, activation_steepness)=(0, 0, 0.00000000000000000000e+00) (0, 0, 0.00000000000000000000e+00) (0, 0, 0.00000000000000000000e+00) (0, 0, 0.00000000000000000000e+00) (0, 0, 0.00000000000000000000e+00) (0, 0, 0.00000000000000000000e+00) (0, 0, 0.00000000000000000000e+00) (0, 0, 0.00000000000000000000e+00) (0, 0, 0.00000000000000000000e+00) (0, 0, 0.00000000000000000000e+00) (0, 0, 0.00000000000000000000e+00) (0, 0, 0.00000000000000000000e+00) (0, 0, 0.00000000000000000000e+00) (0, 0, 0.00000000000000000000e+00) (0, 0, 0.00000000000000000000e+00) (0, 0, 0.00000000000000000000e+00) (0, 0, 0.00000000000000000000e+00) (0, 0, 0.00000000000000000000e+00) (0, 0, 0.00000000000000000000e+00) (19, 3, 5.00000000000000000000e-01) (19, 3, 5.00000000000000000000e-01) (0, 3, 0.00000000000000000000e+00) (3, 3, 5.00000000000000000000e-01) (3, 3, 5.00000000000000000000e-01) (0, 3, 0.00000000000000000000e+00) 
connections (connected_to_neuron, weight)=(0, 2.37402189522981643677e-02) (1, 7.75613975524902343750e+00) (2, 8.40405559539794921875e+00) (3, -1.40445113182067871094e+00) (4, 1.03469724655151367188e+01) (5, 1.10609273910522460938e+01) (6, 4.88965845108032226562e+00) (7, 8.23355865478515625000e+00) (8, 8.58677768707275390625e+00) (9, 6.13473653793334960938e-01) (10, -3.58586740493774414062e+00) (11, -8.92537689208984375000e+00) (12, -1.56303119659423828125e+00) (13, -1.29674491882324218750e+01) (14, -1.10284729003906250000e+01) (15, -3.31903189420700073242e-01) (16, -7.51353979110717773438e+00) (17, -6.85659360885620117188e+00) (18, -9.37836837768554687500e+00) (0, 4.43568468093872070312e-01) (1, -8.08120632171630859375e+00) (2, -2.83840847015380859375e+00) (3, 2.61870932579040527344e+00) (4, -5.03660154342651367188e+00) (5, -4.69259691238403320312e+00) (6, -1.30209967494010925293e-01) (7, -5.65179157257080078125e+00) (8, -1.36275112628936767578e+00) (9, -2.16688871383666992188e+00) (10, 3.54683136940002441406e+00) (11, 4.94570827484130859375e+00) (12, -1.15822815895080566406e+00) (13, 5.08388328552246093750e+00) (14, 5.81348991394042968750e+00) (15, 2.53270459175109863281e+00) (16, 3.73015594482421875000e+00) (17, 5.54639482498168945312e+00) (18, -5.48928356170654296875e+00) (19, -1.05164742469787597656e+00) (20, -1.17571616172790527344e+00) (21, 1.90310198813676834106e-02) (19, 1.05277764797210693359e+00) (20, 1.17639207839965820312e+00) (21, -1.89796872437000274658e-02) 
