FANN_FLO_2.1
num_layers=4
learning_rate=0.500000
connection_rate=1.000000
network_type=0
learning_momentum=0.000000
training_algorithm=2
train_error_function=1
train_stop_function=0
cascade_output_change_fraction=0.010000
quickprop_decay=-0.000100
quickprop_mu=1.750000
rprop_increase_factor=1.200000
rprop_decrease_factor=0.500000
rprop_delta_min=0.000000
rprop_delta_max=50.000000
rprop_delta_zero=0.100000
cascade_output_stagnation_epochs=12
cascade_candidate_change_fraction=0.010000
cascade_candidate_stagnation_epochs=12
cascade_max_out_epochs=150
cascade_min_out_epochs=50
cascade_max_cand_epochs=150
cascade_min_cand_epochs=50
cascade_num_candidate_groups=2
bit_fail_limit=3.49999994039535522461e-01
cascade_candidate_limit=1.00000000000000000000e+03
cascade_weight_multiplier=4.00000005960464477539e-01
cascade_activation_functions_count=10
cascade_activation_functions=3 5 7 8 10 11 14 15 16 17 
cascade_activation_steepnesses_count=4
cascade_activation_steepnesses=2.50000000000000000000e-01 5.00000000000000000000e-01 7.50000000000000000000e-01 1.00000000000000000000e+00 
layer_sizes=2 5 5 3 
scale_included=0
neurons (num_inputs, activation_function, activation_steepness)=(0, 0, 0.00000000000000000000e+00) (0, 0, 0.00000000000000000000e+00) (2, 3, 5.00000000000000000000e-01) (2, 3, 5.00000000000000000000e-01) (2, 3, 5.00000000000000000000e-01) (2, 3, 5.00000000000000000000e-01) (0, 3, 0.00000000000000000000e+00) (5, 3, 5.00000000000000000000e-01) (5, 3, 5.00000000000000000000e-01) (5, 3, 5.00000000000000000000e-01) (5, 3, 5.00000000000000000000e-01) (0, 3, 0.00000000000000000000e+00) (5, 0, 5.00000000000000000000e-01) (5, 0, 5.00000000000000000000e-01) (0, 0, 0.00000000000000000000e+00) 
connections (connected_to_neuron, weight)=(0, 2.39908256530761718750e+01) (1, 1.63377933502197265625e+01) (0, 3.55970001220703125000e+01) (1, -1.44057521820068359375e+01) (0, 7.33308315277099609375e+00) (1, -2.04076242446899414062e+00) (0, -1.23236074447631835938e+01) (1, 4.22082328796386718750e+00) (2, -1.14697631835937500000e+02) (3, 1.50000000000000000000e+03) (4, 1.50000000000000000000e+03) (5, -1.50000000000000000000e+03) (6, -3.46200323104858398438e+00) (2, 3.90085816383361816406e+00) (3, 1.31142940521240234375e+01) (4, -2.11786270141601562500e+01) (5, 2.35208225250244140625e+00) (6, -9.04772818088531494141e-01) (2, 4.95490884780883789062e+00) (3, -1.60356960296630859375e+01) (4, -2.23551818847656250000e+02) (5, 1.50000000000000000000e+03) (6, 1.23686242103576660156e+00) (2, 1.50000000000000000000e+03) (3, -7.04756450653076171875e+00) (4, 6.34451961517333984375e+00) (5, -1.15676584243774414062e+01) (6, 2.65127635002136230469e+00) (7, 9.26144480705261230469e-01) (8, 1.99445867538452148438e+00) (9, -6.11520588397979736328e-01) (10, -1.76333665847778320312e+00) (11, 2.75830507278442382812e-01) (7, -1.78148984909057617188e+00) (8, 2.08992171287536621094e+00) (9, 4.50026988983154296875e+00) (10, -2.24880599975585937500e+00) (11, -2.15646815299987792969e+00) 
