FANN_FLO_2.1
num_layers=3
learning_rate=0.400000
connection_rate=1.000000
network_type=0
learning_momentum=0.000000
training_algorithm=2
train_error_function=1
train_stop_function=0
cascade_output_change_fraction=0.010000
quickprop_decay=-0.000100
quickprop_mu=1.750000
rprop_increase_factor=1.200000
rprop_decrease_factor=0.500000
rprop_delta_min=0.000000
rprop_delta_max=50.000000
rprop_delta_zero=0.100000
cascade_output_stagnation_epochs=12
cascade_candidate_change_fraction=0.010000
cascade_candidate_stagnation_epochs=12
cascade_max_out_epochs=150
cascade_min_out_epochs=50
cascade_max_cand_epochs=150
cascade_min_cand_epochs=50
cascade_num_candidate_groups=2
bit_fail_limit=3.49999994039535522461e-01
cascade_candidate_limit=1.00000000000000000000e+03
cascade_weight_multiplier=4.00000005960464477539e-01
cascade_activation_functions_count=10
cascade_activation_functions=3 5 7 8 10 11 14 15 16 17 
cascade_activation_steepnesses_count=4
cascade_activation_steepnesses=2.50000000000000000000e-01 5.00000000000000000000e-01 7.50000000000000000000e-01 1.00000000000000000000e+00 
layer_sizes=7 5 2 
scale_included=0
neurons (num_inputs, activation_function, activation_steepness)=(0, 0, 0.00000000000000000000e+00) (0, 0, 0.00000000000000000000e+00) (0, 0, 0.00000000000000000000e+00) (0, 0, 0.00000000000000000000e+00) (0, 0, 0.00000000000000000000e+00) (0, 0, 0.00000000000000000000e+00) (0, 0, 0.00000000000000000000e+00) (7, 3, 5.00000000000000000000e-01) (7, 3, 5.00000000000000000000e-01) (7, 3, 5.00000000000000000000e-01) (7, 3, 5.00000000000000000000e-01) (0, 3, 0.00000000000000000000e+00) (5, 3, 5.00000000000000000000e-01) (0, 3, 0.00000000000000000000e+00) 
connections (connected_to_neuron, weight)=(0, 6.07128620147705078125e-01) (1, -2.76957035064697265625e+00) (2, 8.55647644042968750000e+02) (3, -5.33682006835937500000e+02) (4, -6.42690563201904296875e+00) (5, -1.47500000000000000000e+03) (6, -3.96053194999694824219e+00) (0, -4.57332324981689453125e+00) (1, -3.35386395454406738281e+00) (2, -2.58983922004699707031e+00) (3, 1.64828896522521972656e+00) (4, 2.28009176254272460938e+00) (5, 1.82074928283691406250e+00) (6, -1.71885704994201660156e+00) (0, -2.13983505964279174805e-01) (1, -1.83000266551971435547e+00) (2, -3.17645740509033203125e+00) (3, 3.21604514122009277344e+00) (4, -2.44963526725769042969e+00) (5, 8.92077064514160156250e+00) (6, -4.22556972503662109375e+00) (0, -1.83336579799652099609e+00) (1, -2.64155960083007812500e+00) (2, 5.18393468856811523438e+00) (3, 3.07245349884033203125e+00) (4, 4.98781442642211914062e+00) (5, -8.50187683105468750000e+00) (6, -2.24201965332031250000e+00) (7, 1.50000000000000000000e+03) (8, 4.09283161163330078125e+00) (9, 2.83083796501159667969e+00) (10, 3.16686034202575683594e+00) (11, -2.70392680168151855469e+00) 
