FANN_FLO_2.1
num_layers=3
learning_rate=0.400000
connection_rate=1.000000
network_type=0
learning_momentum=0.000000
training_algorithm=2
train_error_function=1
train_stop_function=0
cascade_output_change_fraction=0.010000
quickprop_decay=-0.000100
quickprop_mu=1.750000
rprop_increase_factor=1.200000
rprop_decrease_factor=0.500000
rprop_delta_min=0.000000
rprop_delta_max=50.000000
rprop_delta_zero=0.100000
cascade_output_stagnation_epochs=12
cascade_candidate_change_fraction=0.010000
cascade_candidate_stagnation_epochs=12
cascade_max_out_epochs=150
cascade_min_out_epochs=50
cascade_max_cand_epochs=150
cascade_min_cand_epochs=50
cascade_num_candidate_groups=2
bit_fail_limit=3.49999994039535522461e-01
cascade_candidate_limit=1.00000000000000000000e+03
cascade_weight_multiplier=4.00000005960464477539e-01
cascade_activation_functions_count=10
cascade_activation_functions=3 5 7 8 10 11 14 15 16 17 
cascade_activation_steepnesses_count=4
cascade_activation_steepnesses=2.50000000000000000000e-01 5.00000000000000000000e-01 7.50000000000000000000e-01 1.00000000000000000000e+00 
layer_sizes=7 9 2 
scale_included=0
neurons (num_inputs, activation_function, activation_steepness)=(0, 0, 0.00000000000000000000e+00) (0, 0, 0.00000000000000000000e+00) (0, 0, 0.00000000000000000000e+00) (0, 0, 0.00000000000000000000e+00) (0, 0, 0.00000000000000000000e+00) (0, 0, 0.00000000000000000000e+00) (0, 0, 0.00000000000000000000e+00) (7, 3, 5.00000000000000000000e-01) (7, 3, 5.00000000000000000000e-01) (7, 3, 5.00000000000000000000e-01) (7, 3, 5.00000000000000000000e-01) (7, 3, 5.00000000000000000000e-01) (7, 3, 5.00000000000000000000e-01) (7, 3, 5.00000000000000000000e-01) (7, 3, 5.00000000000000000000e-01) (0, 3, 0.00000000000000000000e+00) (9, 3, 5.00000000000000000000e-01) (0, 3, 0.00000000000000000000e+00) 
connections (connected_to_neuron, weight)=(0, -7.31709289550781250000e+00) (1, -8.83234119415283203125e+00) (2, 1.32766637802124023438e+01) (3, -1.38466053009033203125e+01) (4, -3.92094230651855468750e+00) (5, 1.12851679325103759766e+00) (6, 2.04175262451171875000e+01) (0, 3.62071647644042968750e+01) (1, -3.00403709411621093750e+01) (2, 2.45934653282165527344e+00) (3, -2.32783241271972656250e+01) (4, -8.63678512573242187500e+01) (5, 1.00070142745971679688e+01) (6, 4.28059995174407958984e-01) (0, 9.53280735015869140625e+00) (1, -9.63047122955322265625e+00) (2, 3.27742271423339843750e+01) (3, -9.47235965728759765625e+00) (4, 6.25478172302246093750e+00) (5, -5.17007064819335937500e+00) (6, 1.10929965972900390625e+00) (0, 3.30488891601562500000e+01) (1, -3.53038444519042968750e+01) (2, 4.05679225921630859375e+00) (3, -4.75119686126708984375e+00) (4, -2.37357068061828613281e+00) (5, -5.36214351654052734375e+00) (6, 8.61001777648925781250e+00) (0, -1.06303310394287109375e+01) (1, 2.02111816406250000000e+01) (2, 2.72762060165405273438e+00) (3, 6.27586174011230468750e+00) (4, -3.41639518737792968750e+01) (5, -1.18844909667968750000e+03) (6, -1.93876576423645019531e+00) (0, 4.03238010406494140625e+00) (1, -7.95787715911865234375e+00) (2, 1.17029121398925781250e+02) (3, -2.37843570709228515625e+01) (4, 3.29453659057617187500e+00) (5, -3.12161397933959960938e+00) (6, -2.89824223518371582031e+00) (0, -1.92282886505126953125e+01) (1, 1.80044097900390625000e+01) (2, -7.61594486236572265625e+00) (3, -1.29840934276580810547e+00) (4, -3.66958864033222198486e-02) (5, 6.25837469100952148438e+00) (6, 1.20038712024688720703e+00) (0, 1.40705657005310058594e+00) (1, -6.38418865203857421875e+00) (2, 6.12860822677612304688e+00) (3, -1.71565759181976318359e+00) (4, -7.16298961639404296875e+00) (5, 1.52675056457519531250e+00) (6, 7.69903469085693359375e+00) (7, -4.05372619628906250000e-01) (8, -1.45841860771179199219e+00) (9, -6.61189973354339599609e-01) (10, -2.31652045249938964844e+00) (11, -8.98709774017333984375e-01) (12, -8.67362245917320251465e-02) (13, -3.42919445037841796875e+00) (14, -3.53408008813858032227e-01) (15, 2.02958703041076660156e+00) 
