FANN_FLO_2.1
num_layers=4
learning_rate=0.500000
connection_rate=1.000000
network_type=0
learning_momentum=0.000000
training_algorithm=2
train_error_function=1
train_stop_function=0
cascade_output_change_fraction=0.010000
quickprop_decay=-0.000100
quickprop_mu=1.750000
rprop_increase_factor=1.200000
rprop_decrease_factor=0.500000
rprop_delta_min=0.000000
rprop_delta_max=50.000000
rprop_delta_zero=0.100000
cascade_output_stagnation_epochs=12
cascade_candidate_change_fraction=0.010000
cascade_candidate_stagnation_epochs=12
cascade_max_out_epochs=150
cascade_min_out_epochs=50
cascade_max_cand_epochs=150
cascade_min_cand_epochs=50
cascade_num_candidate_groups=2
bit_fail_limit=3.49999994039535522461e-01
cascade_candidate_limit=1.00000000000000000000e+03
cascade_weight_multiplier=4.00000005960464477539e-01
cascade_activation_functions_count=10
cascade_activation_functions=3 5 7 8 10 11 14 15 16 17 
cascade_activation_steepnesses_count=4
cascade_activation_steepnesses=2.50000000000000000000e-01 5.00000000000000000000e-01 7.50000000000000000000e-01 1.00000000000000000000e+00 
layer_sizes=2 5 5 3 
scale_included=0
neurons (num_inputs, activation_function, activation_steepness)=(0, 0, 0.00000000000000000000e+00) (0, 0, 0.00000000000000000000e+00) (2, 3, 5.00000000000000000000e-01) (2, 3, 5.00000000000000000000e-01) (2, 3, 5.00000000000000000000e-01) (2, 3, 5.00000000000000000000e-01) (0, 3, 0.00000000000000000000e+00) (5, 3, 5.00000000000000000000e-01) (5, 3, 5.00000000000000000000e-01) (5, 3, 5.00000000000000000000e-01) (5, 3, 5.00000000000000000000e-01) (0, 3, 0.00000000000000000000e+00) (5, 0, 5.00000000000000000000e-01) (5, 0, 5.00000000000000000000e-01) (0, 0, 0.00000000000000000000e+00) 
connections (connected_to_neuron, weight)=(0, 9.32857322692871093750e+00) (1, -1.34245708584785461426e-01) (0, 6.96958351135253906250e+00) (1, 1.12569801509380340576e-01) (0, -1.61581974029541015625e+01) (1, 4.20970290899276733398e-01) (0, -1.36464509963989257812e+01) (1, 4.70926094055175781250e+00) (2, 2.58695864677429199219e+00) (3, 1.65345644950866699219e+00) (4, -6.49536192417144775391e-01) (5, -4.54640817642211914062e+00) (6, 1.53943002223968505859e+00) (2, -3.02977776527404785156e+00) (3, -1.43089067935943603516e+00) (4, 3.91568684577941894531e+00) (5, 4.41988992691040039062e+00) (6, 2.42182403802871704102e-01) (2, -1.72948586940765380859e+00) (3, -2.84510850906372070312e-01) (4, -5.96014857292175292969e-01) (5, 2.01265239715576171875e+01) (6, -9.63053405284881591797e-01) (2, 5.22582121193408966064e-02) (3, 1.63876321166753768921e-02) (4, 1.96244299411773681641e+00) (5, -2.76313161849975585938e+00) (6, 2.15385884046554565430e-01) (7, -3.24739694595336914062e+00) (8, -7.15548753738403320312e-01) (9, -7.78836250305175781250e-01) (10, 4.41765594482421875000e+00) (11, 1.25328373908996582031e+00) (7, -1.64696919918060302734e+00) (8, 2.16489934921264648438e+00) (9, 4.17098365724086761475e-02) (10, -2.39079117774963378906e+00) (11, 6.83858215808868408203e-01) 
