FANN_FLO_2.1
num_layers=3
learning_rate=0.500000
connection_rate=1.000000
network_type=0
learning_momentum=0.000000
training_algorithm=2
train_error_function=1
train_stop_function=0
cascade_output_change_fraction=0.010000
quickprop_decay=-0.000100
quickprop_mu=1.750000
rprop_increase_factor=1.200000
rprop_decrease_factor=0.500000
rprop_delta_min=0.000000
rprop_delta_max=50.000000
rprop_delta_zero=0.100000
cascade_output_stagnation_epochs=12
cascade_candidate_change_fraction=0.010000
cascade_candidate_stagnation_epochs=12
cascade_max_out_epochs=150
cascade_min_out_epochs=50
cascade_max_cand_epochs=150
cascade_min_cand_epochs=50
cascade_num_candidate_groups=2
bit_fail_limit=3.49999994039535522461e-01
cascade_candidate_limit=1.00000000000000000000e+03
cascade_weight_multiplier=4.00000005960464477539e-01
cascade_activation_functions_count=10
cascade_activation_functions=3 5 7 8 10 11 14 15 16 17 
cascade_activation_steepnesses_count=4
cascade_activation_steepnesses=2.50000000000000000000e-01 5.00000000000000000000e-01 7.50000000000000000000e-01 1.00000000000000000000e+00 
layer_sizes=10 5 2 
scale_included=0
neurons (num_inputs, activation_function, activation_steepness)=(0, 0, 0.00000000000000000000e+00) (0, 0, 0.00000000000000000000e+00) (0, 0, 0.00000000000000000000e+00) (0, 0, 0.00000000000000000000e+00) (0, 0, 0.00000000000000000000e+00) (0, 0, 0.00000000000000000000e+00) (0, 0, 0.00000000000000000000e+00) (0, 0, 0.00000000000000000000e+00) (0, 0, 0.00000000000000000000e+00) (0, 0, 0.00000000000000000000e+00) (10, 3, 5.00000000000000000000e-01) (10, 3, 5.00000000000000000000e-01) (10, 3, 5.00000000000000000000e-01) (10, 3, 5.00000000000000000000e-01) (0, 3, 0.00000000000000000000e+00) (5, 3, 5.00000000000000000000e-01) (0, 3, 0.00000000000000000000e+00) 
connections (connected_to_neuron, weight)=(0, -2.04937076568603515625e+01) (1, -7.50531625747680664062e+00) (2, -1.44405737304687500000e+03) (3, 2.63932466506958007812e+00) (4, -4.73710403442382812500e+01) (5, -1.39902416992187500000e+03) (6, -6.33252319335937500000e+02) (7, 7.47783386230468750000e+02) (8, 1.49777563476562500000e+03) (9, -4.35125017166137695312e+00) (0, 4.98160743713378906250e+00) (1, 1.52698183059692382812e+01) (2, 6.40889692306518554688e+00) (3, 2.23668500781059265137e-01) (4, -1.03274803161621093750e+01) (5, 5.80160331726074218750e+00) (6, -1.95455017089843750000e+01) (7, -6.93347835540771484375e+00) (8, 1.44942000508308410645e-01) (9, 9.08627450466156005859e-01) (0, 6.95775002241134643555e-02) (1, 4.10022497177124023438e+00) (2, -7.95883560180664062500e+01) (3, 6.21198806762695312500e+01) (4, -3.82164907455444335938e+00) (5, -3.06748847961425781250e+01) (6, 3.63108897209167480469e+00) (7, 1.03429977416992187500e+02) (8, -5.15385551452636718750e+01) (9, -1.66397190093994140625e+01) (0, 2.53383445739746093750e+00) (1, 8.63265514373779296875e+00) (2, 8.75356006622314453125e+00) (3, 1.92146253585815429688e+00) (4, -2.17649602890014648438e+00) (5, 5.25242090225219726562e+00) (6, -2.37692737579345703125e+01) (7, -4.86631774902343750000e+00) (8, -3.86887669563293457031e+00) (9, 2.83568453788757324219e+00) (10, 3.70206683874130249023e-01) (11, 2.56578636169433593750e+00) (12, 4.09444189071655273438e+00) (13, 1.97729802131652832031e+00) (14, -3.60586500167846679688e+00) 
