FANN_FLO_2.1
num_layers=3
learning_rate=0.400000
connection_rate=1.000000
network_type=0
learning_momentum=0.000000
training_algorithm=2
train_error_function=1
train_stop_function=0
cascade_output_change_fraction=0.010000
quickprop_decay=-0.000100
quickprop_mu=1.750000
rprop_increase_factor=1.200000
rprop_decrease_factor=0.500000
rprop_delta_min=0.000000
rprop_delta_max=50.000000
rprop_delta_zero=0.100000
cascade_output_stagnation_epochs=12
cascade_candidate_change_fraction=0.010000
cascade_candidate_stagnation_epochs=12
cascade_max_out_epochs=150
cascade_min_out_epochs=50
cascade_max_cand_epochs=150
cascade_min_cand_epochs=50
cascade_num_candidate_groups=2
bit_fail_limit=3.49999994039535522461e-01
cascade_candidate_limit=1.00000000000000000000e+03
cascade_weight_multiplier=4.00000005960464477539e-01
cascade_activation_functions_count=10
cascade_activation_functions=3 5 7 8 10 11 14 15 16 17 
cascade_activation_steepnesses_count=4
cascade_activation_steepnesses=2.50000000000000000000e-01 5.00000000000000000000e-01 7.50000000000000000000e-01 1.00000000000000000000e+00 
layer_sizes=7 9 2 
scale_included=0
neurons (num_inputs, activation_function, activation_steepness)=(0, 0, 0.00000000000000000000e+00) (0, 0, 0.00000000000000000000e+00) (0, 0, 0.00000000000000000000e+00) (0, 0, 0.00000000000000000000e+00) (0, 0, 0.00000000000000000000e+00) (0, 0, 0.00000000000000000000e+00) (0, 0, 0.00000000000000000000e+00) (7, 3, 5.00000000000000000000e-01) (7, 3, 5.00000000000000000000e-01) (7, 3, 5.00000000000000000000e-01) (7, 3, 5.00000000000000000000e-01) (7, 3, 5.00000000000000000000e-01) (7, 3, 5.00000000000000000000e-01) (7, 3, 5.00000000000000000000e-01) (7, 3, 5.00000000000000000000e-01) (0, 3, 0.00000000000000000000e+00) (9, 3, 5.00000000000000000000e-01) (0, 3, 0.00000000000000000000e+00) 
connections (connected_to_neuron, weight)=(0, 6.60723090171813964844e-01) (1, -2.19099020957946777344e+00) (2, -2.57675018310546875000e+01) (3, 5.39949703216552734375e+00) (4, 1.82372343540191650391e+00) (5, 4.79591846466064453125e-01) (6, -3.47781944274902343750e+00) (0, -9.35240387916564941406e-01) (1, -1.08351814746856689453e+00) (2, 5.78575849533081054688e+00) (3, -2.51351618766784667969e+00) (4, 5.73946857452392578125e+00) (5, -1.24815788269042968750e+01) (6, -2.73116731643676757812e+00) (0, -2.42356896400451660156e+00) (1, -1.68769216537475585938e+00) (2, -4.47515964508056640625e+00) (3, 1.37934014201164245605e-01) (4, 5.18412923812866210938e+00) (5, 2.60060453414916992188e+00) (6, -2.57645869255065917969e+00) (0, 2.11986708641052246094e+00) (1, 1.70685935020446777344e+00) (2, 3.82255136966705322266e-01) (3, -6.16754245758056640625e+00) (4, 2.36070132255554199219e+00) (5, -8.54384303092956542969e-01) (6, 2.21321773529052734375e+00) (0, 8.28394830226898193359e-01) (1, -4.96981573104858398438e+00) (2, -5.66699683666229248047e-01) (3, 1.37170040607452392578e+00) (4, 1.62358537316322326660e-01) (5, 8.31714248657226562500e+00) (6, -4.25892829895019531250e+00) (0, -1.17331004142761230469e+00) (1, -9.54438745975494384766e-01) (2, 6.08682870864868164062e+00) (3, 1.99495148658752441406e+00) (4, 6.51714229583740234375e+00) (5, -1.02813463211059570312e+01) (6, -3.13566803932189941406e+00) (0, 9.89159226417541503906e-01) (1, 8.24317336082458496094e-01) (2, 3.96438694000244140625e+00) (3, -4.31300640106201171875e-01) (4, -2.42625784873962402344e+00) (5, 1.20288681983947753906e+00) (6, 1.34995985031127929688e+00) (0, -2.48834538459777832031e+00) (1, 6.73206388950347900391e-01) (2, -1.63145427703857421875e+01) (3, -1.69811487197875976562e+00) (4, -4.08653877675533294678e-02) (5, 6.67705237865447998047e-01) (6, 1.52602186203002929688e+01) (7, 1.53578386306762695312e+01) (8, 2.20367527008056640625e+00) (9, 2.20112848281860351562e+00) (10, -1.25852739810943603516e+00) (11, 2.34894204139709472656e+00) (12, 1.33906304836273193359e+00) (13, -8.72286677360534667969e-01) (14, -5.27397453784942626953e-01) (15, -1.20252244174480438232e-01) 
