FANN_FLO_2.1
num_layers=3
learning_rate=0.400000
connection_rate=1.000000
network_type=0
learning_momentum=0.000000
training_algorithm=2
train_error_function=1
train_stop_function=0
cascade_output_change_fraction=0.010000
quickprop_decay=-0.000100
quickprop_mu=1.750000
rprop_increase_factor=1.200000
rprop_decrease_factor=0.500000
rprop_delta_min=0.000000
rprop_delta_max=50.000000
rprop_delta_zero=0.100000
cascade_output_stagnation_epochs=12
cascade_candidate_change_fraction=0.010000
cascade_candidate_stagnation_epochs=12
cascade_max_out_epochs=150
cascade_min_out_epochs=50
cascade_max_cand_epochs=150
cascade_min_cand_epochs=50
cascade_num_candidate_groups=2
bit_fail_limit=3.49999994039535522461e-01
cascade_candidate_limit=1.00000000000000000000e+03
cascade_weight_multiplier=4.00000005960464477539e-01
cascade_activation_functions_count=10
cascade_activation_functions=3 5 7 8 10 11 14 15 16 17 
cascade_activation_steepnesses_count=4
cascade_activation_steepnesses=2.50000000000000000000e-01 5.00000000000000000000e-01 7.50000000000000000000e-01 1.00000000000000000000e+00 
layer_sizes=7 9 2 
scale_included=0
neurons (num_inputs, activation_function, activation_steepness)=(0, 0, 0.00000000000000000000e+00) (0, 0, 0.00000000000000000000e+00) (0, 0, 0.00000000000000000000e+00) (0, 0, 0.00000000000000000000e+00) (0, 0, 0.00000000000000000000e+00) (0, 0, 0.00000000000000000000e+00) (0, 0, 0.00000000000000000000e+00) (7, 3, 5.00000000000000000000e-01) (7, 3, 5.00000000000000000000e-01) (7, 3, 5.00000000000000000000e-01) (7, 3, 5.00000000000000000000e-01) (7, 3, 5.00000000000000000000e-01) (7, 3, 5.00000000000000000000e-01) (7, 3, 5.00000000000000000000e-01) (7, 3, 5.00000000000000000000e-01) (0, 3, 0.00000000000000000000e+00) (9, 3, 5.00000000000000000000e-01) (0, 3, 0.00000000000000000000e+00) 
connections (connected_to_neuron, weight)=(0, -6.82729959487915039062e+00) (1, 1.15774230957031250000e+01) (2, 6.03317489624023437500e+01) (3, -2.93226737976074218750e+01) (4, -2.79327154159545898438e+00) (5, 1.22181921386718750000e+03) (6, 1.18560428619384765625e+01) (0, 1.14395812153816223145e-01) (1, 6.58397912979125976562e+00) (2, -1.81602897644042968750e+01) (3, -2.22950506210327148438e+00) (4, -4.64537334442138671875e+00) (5, -3.16937136650085449219e+00) (6, 2.80839413404464721680e-01) (0, -9.34208583831787109375e+00) (1, 9.12600040435791015625e+00) (2, -6.66248703002929687500e+00) (3, -1.67782413959503173828e+00) (4, -4.35547649860382080078e-01) (5, 1.17008308410644531250e+02) (6, 5.42876362800598144531e-01) (0, 4.56852883100509643555e-01) (1, 2.47393417358398437500e+00) (2, 8.21212005615234375000e+00) (3, -8.90862464904785156250e+00) (4, 2.58884429931640625000e+00) (5, 1.26573920249938964844e+00) (6, -5.06961584091186523438e+00) (0, -3.92245340347290039062e+00) (1, 9.97097396850585937500e+00) (2, 1.62456855773925781250e+01) (3, 2.15143159031867980957e-01) (4, -3.18269672393798828125e+01) (5, -4.51261377334594726562e+00) (6, -4.88265895843505859375e+00) (0, -7.37705516815185546875e+00) (1, -1.25042724609375000000e+01) (2, 2.24867935180664062500e+01) (3, 2.31733113527297973633e-01) (4, 7.23124563694000244141e-01) (5, 6.29737997055053710938e+00) (6, 1.12511644363403320312e+01) (0, 1.46862077713012695312e+01) (1, -1.75235614776611328125e+01) (2, 3.56574821472167968750e+00) (3, -2.30991697311401367188e+00) (4, -1.05288851261138916016e+00) (5, -7.86995983123779296875e+00) (6, 1.02260103225708007812e+01) (0, 1.27434358000755310059e-01) (1, 1.22043885290622711182e-01) (2, -9.47428321838378906250e+00) (3, -8.04865550994873046875e+00) (4, 2.26169347763061523438e+00) (5, 2.66328215599060058594e+00) (6, -4.16454839706420898438e+00) (7, -2.86818236112594604492e-01) (8, -8.20986986160278320312e-01) (9, -3.20602130889892578125e+00) (10, -1.29605782032012939453e+00) (11, -3.59523558616638183594e+00) (12, -1.13756895065307617188e+00) (13, -3.32905387878417968750e+00) (14, -4.80846226215362548828e-01) (15, 3.10096406936645507812e+00) 
