FANN_FLO_2.1
num_layers=4
learning_rate=0.500000
connection_rate=1.000000
network_type=0
learning_momentum=0.000000
training_algorithm=2
train_error_function=1
train_stop_function=0
cascade_output_change_fraction=0.010000
quickprop_decay=-0.000100
quickprop_mu=1.750000
rprop_increase_factor=1.200000
rprop_decrease_factor=0.500000
rprop_delta_min=0.000000
rprop_delta_max=50.000000
rprop_delta_zero=0.100000
cascade_output_stagnation_epochs=12
cascade_candidate_change_fraction=0.010000
cascade_candidate_stagnation_epochs=12
cascade_max_out_epochs=150
cascade_min_out_epochs=50
cascade_max_cand_epochs=150
cascade_min_cand_epochs=50
cascade_num_candidate_groups=2
bit_fail_limit=3.49999994039535522461e-01
cascade_candidate_limit=1.00000000000000000000e+03
cascade_weight_multiplier=4.00000005960464477539e-01
cascade_activation_functions_count=10
cascade_activation_functions=3 5 7 8 10 11 14 15 16 17 
cascade_activation_steepnesses_count=4
cascade_activation_steepnesses=2.50000000000000000000e-01 5.00000000000000000000e-01 7.50000000000000000000e-01 1.00000000000000000000e+00 
layer_sizes=2 5 5 3 
scale_included=0
neurons (num_inputs, activation_function, activation_steepness)=(0, 0, 0.00000000000000000000e+00) (0, 0, 0.00000000000000000000e+00) (2, 3, 5.00000000000000000000e-01) (2, 3, 5.00000000000000000000e-01) (2, 3, 5.00000000000000000000e-01) (2, 3, 5.00000000000000000000e-01) (0, 3, 0.00000000000000000000e+00) (5, 3, 5.00000000000000000000e-01) (5, 3, 5.00000000000000000000e-01) (5, 3, 5.00000000000000000000e-01) (5, 3, 5.00000000000000000000e-01) (0, 3, 0.00000000000000000000e+00) (5, 0, 5.00000000000000000000e-01) (5, 0, 5.00000000000000000000e-01) (0, 0, 0.00000000000000000000e+00) 
connections (connected_to_neuron, weight)=(0, -2.21985473632812500000e+01) (1, 7.68265247344970703125e-01) (0, -8.83046722412109375000e+00) (1, 2.83104300498962402344e+00) (0, -7.10929632186889648438e+00) (1, 4.84066456556320190430e-01) (0, -1.05484142303466796875e+01) (1, 5.02987325191497802734e-01) (2, -2.95875716209411621094e+00) (3, -2.95937132835388183594e+00) (4, -3.17036390304565429688e+00) (5, -4.69180643558502197266e-01) (6, 1.92895829677581787109e+00) (2, 2.37175011634826660156e+00) (3, 4.50417423248291015625e+00) (4, -2.27883055806159973145e-01) (5, -1.17721977233886718750e+01) (6, -2.61904835700988769531e-01) (2, 1.49419441223144531250e+01) (3, -3.36400222778320312500e+00) (4, 1.40023493766784667969e+00) (5, 2.16570034027099609375e+01) (6, 9.27194654941558837891e-01) (2, 1.76448523998260498047e+00) (3, 1.22869634628295898438e+01) (4, 3.65771222114562988281e+00) (5, -1.90942764282226562500e+01) (6, -2.66521644592285156250e+00) (7, 1.53643620014190673828e+00) (8, -2.69697475433349609375e+00) (9, 1.01380145549774169922e+00) (10, -1.33940839767456054688e+00) (11, 1.74861997365951538086e-01) (7, -4.07001447677612304688e+00) (8, -9.25155162811279296875e-01) (9, 1.12986934185028076172e+00) (10, 3.09459626674652099609e-01) (11, 8.22346806526184082031e-01) 
