FANN_FLO_2.1
num_layers=4
learning_rate=0.500000
connection_rate=1.000000
network_type=0
learning_momentum=0.000000
training_algorithm=2
train_error_function=1
train_stop_function=0
cascade_output_change_fraction=0.010000
quickprop_decay=-0.000100
quickprop_mu=1.750000
rprop_increase_factor=1.200000
rprop_decrease_factor=0.500000
rprop_delta_min=0.000000
rprop_delta_max=50.000000
rprop_delta_zero=0.100000
cascade_output_stagnation_epochs=12
cascade_candidate_change_fraction=0.010000
cascade_candidate_stagnation_epochs=12
cascade_max_out_epochs=150
cascade_min_out_epochs=50
cascade_max_cand_epochs=150
cascade_min_cand_epochs=50
cascade_num_candidate_groups=2
bit_fail_limit=3.49999994039535522461e-01
cascade_candidate_limit=1.00000000000000000000e+03
cascade_weight_multiplier=4.00000005960464477539e-01
cascade_activation_functions_count=10
cascade_activation_functions=3 5 7 8 10 11 14 15 16 17 
cascade_activation_steepnesses_count=4
cascade_activation_steepnesses=2.50000000000000000000e-01 5.00000000000000000000e-01 7.50000000000000000000e-01 1.00000000000000000000e+00 
layer_sizes=2 5 5 3 
scale_included=0
neurons (num_inputs, activation_function, activation_steepness)=(0, 0, 0.00000000000000000000e+00) (0, 0, 0.00000000000000000000e+00) (2, 3, 5.00000000000000000000e-01) (2, 3, 5.00000000000000000000e-01) (2, 3, 5.00000000000000000000e-01) (2, 3, 5.00000000000000000000e-01) (0, 3, 0.00000000000000000000e+00) (5, 3, 5.00000000000000000000e-01) (5, 3, 5.00000000000000000000e-01) (5, 3, 5.00000000000000000000e-01) (5, 3, 5.00000000000000000000e-01) (0, 3, 0.00000000000000000000e+00) (5, 0, 5.00000000000000000000e-01) (5, 0, 5.00000000000000000000e-01) (0, 0, 0.00000000000000000000e+00) 
connections (connected_to_neuron, weight)=(0, -1.34411067962646484375e+01) (1, 1.07071614265441894531e+00) (0, -1.56305656433105468750e+01) (1, 6.10265874862670898438e+00) (0, 4.69475173950195312500e+01) (1, -7.42564320564270019531e-01) (0, 2.05122547149658203125e+01) (1, -1.84696173667907714844e+00) (2, -7.56300258636474609375e+00) (3, 2.97827267646789550781e+00) (4, 7.85374343395233154297e-01) (5, 2.37407982349395751953e-01) (6, 1.24934419989585876465e-01) (2, -3.41117471456527709961e-01) (3, -1.02638626098632812500e+01) (4, 6.38039827346801757812e+00) (5, 3.17371463775634765625e+00) (6, 6.51283800601959228516e-01) (2, -3.41848907470703125000e+01) (3, 4.01505565643310546875e+00) (4, 8.83064806461334228516e-01) (5, 1.07662551879882812500e+02) (6, 2.02554792165756225586e-01) (2, -4.20313167572021484375e+00) (3, 4.61859607696533203125e+00) (4, -1.11563527584075927734e+00) (5, -5.63518524169921875000e-01) (6, -2.93747097253799438477e-01) (7, -9.26887571811676025391e-01) (8, -3.76686334609985351562e-01) (9, -4.17981505393981933594e-01) (10, -2.73819828033447265625e+00) (11, 1.94856715202331542969e+00) (7, 2.37173616886138916016e-01) (8, -3.51440620422363281250e+00) (9, -3.50073613226413726807e-02) (10, 1.56664991378784179688e+00) (11, 9.17049944400787353516e-01) 
