FANN_FLO_2.1
num_layers=3
learning_rate=0.500000
connection_rate=1.000000
network_type=0
learning_momentum=0.000000
training_algorithm=2
train_error_function=1
train_stop_function=0
cascade_output_change_fraction=0.010000
quickprop_decay=-0.000100
quickprop_mu=1.750000
rprop_increase_factor=1.200000
rprop_decrease_factor=0.500000
rprop_delta_min=0.000000
rprop_delta_max=50.000000
rprop_delta_zero=0.100000
cascade_output_stagnation_epochs=12
cascade_candidate_change_fraction=0.010000
cascade_candidate_stagnation_epochs=12
cascade_max_out_epochs=150
cascade_min_out_epochs=50
cascade_max_cand_epochs=150
cascade_min_cand_epochs=50
cascade_num_candidate_groups=2
bit_fail_limit=3.49999994039535522461e-01
cascade_candidate_limit=1.00000000000000000000e+03
cascade_weight_multiplier=4.00000005960464477539e-01
cascade_activation_functions_count=10
cascade_activation_functions=3 5 7 8 10 11 14 15 16 17 
cascade_activation_steepnesses_count=4
cascade_activation_steepnesses=2.50000000000000000000e-01 5.00000000000000000000e-01 7.50000000000000000000e-01 1.00000000000000000000e+00 
layer_sizes=10 5 2 
scale_included=0
neurons (num_inputs, activation_function, activation_steepness)=(0, 0, 0.00000000000000000000e+00) (0, 0, 0.00000000000000000000e+00) (0, 0, 0.00000000000000000000e+00) (0, 0, 0.00000000000000000000e+00) (0, 0, 0.00000000000000000000e+00) (0, 0, 0.00000000000000000000e+00) (0, 0, 0.00000000000000000000e+00) (0, 0, 0.00000000000000000000e+00) (0, 0, 0.00000000000000000000e+00) (0, 0, 0.00000000000000000000e+00) (10, 3, 5.00000000000000000000e-01) (10, 3, 5.00000000000000000000e-01) (10, 3, 5.00000000000000000000e-01) (10, 3, 5.00000000000000000000e-01) (0, 3, 0.00000000000000000000e+00) (5, 3, 5.00000000000000000000e-01) (0, 3, 0.00000000000000000000e+00) 
connections (connected_to_neuron, weight)=(0, -1.24093616008758544922e+00) (1, -1.45778417587280273438e+00) (2, -1.49428845214843750000e+03) (3, 6.99831768870353698730e-02) (4, 7.09513723850250244141e-02) (5, -1.50000000000000000000e+03) (6, 2.76523977518081665039e-01) (7, -5.60680627822875976562e-01) (8, -1.49788354492187500000e+03) (9, -4.35080416500568389893e-02) (0, 1.42423331737518310547e+00) (1, 1.17096633911132812500e+01) (2, 3.75995922088623046875e+00) (3, 3.19054412841796875000e+00) (4, -1.61755733489990234375e+01) (5, 3.16519379615783691406e+00) (6, -8.80866432189941406250e+00) (7, -1.91759002208709716797e+00) (8, 1.02977700531482696533e-01) (9, 7.65520691871643066406e-01) (0, 1.43396687507629394531e+00) (1, 1.49187660217285156250e+01) (2, 1.25605573654174804688e+01) (3, -5.58056831359863281250e+00) (4, -6.75031518936157226562e+00) (5, 9.90358352661132812500e+00) (6, -2.43628191947937011719e+00) (7, -1.29066276550292968750e+01) (8, -1.55417413711547851562e+01) (9, -2.70821079611778259277e-02) (0, 3.65720689296722412109e-02) (1, -3.47749739885330200195e-01) (2, -2.05901794433593750000e+01) (3, 3.85226368904113769531e-01) (4, 1.46705234050750732422e+00) (5, 4.88627004623413085938e+00) (6, 7.64809131622314453125e-01) (7, 2.41220569610595703125e+00) (8, 6.18512582778930664062e+00) (9, -9.36214253306388854980e-03) (10, 1.77692699432373046875e+00) (11, 1.03164505958557128906e+00) (12, 3.55698966979980468750e+00) (13, 4.54853391647338867188e+00) (14, -3.69111585617065429688e+00) 
