FANN_FLO_2.1
num_layers=4
learning_rate=0.500000
connection_rate=1.000000
network_type=0
learning_momentum=0.000000
training_algorithm=2
train_error_function=1
train_stop_function=0
cascade_output_change_fraction=0.010000
quickprop_decay=-0.000100
quickprop_mu=1.750000
rprop_increase_factor=1.200000
rprop_decrease_factor=0.500000
rprop_delta_min=0.000000
rprop_delta_max=50.000000
rprop_delta_zero=0.100000
cascade_output_stagnation_epochs=12
cascade_candidate_change_fraction=0.010000
cascade_candidate_stagnation_epochs=12
cascade_max_out_epochs=150
cascade_min_out_epochs=50
cascade_max_cand_epochs=150
cascade_min_cand_epochs=50
cascade_num_candidate_groups=2
bit_fail_limit=3.49999994039535522461e-01
cascade_candidate_limit=1.00000000000000000000e+03
cascade_weight_multiplier=4.00000005960464477539e-01
cascade_activation_functions_count=10
cascade_activation_functions=3 5 7 8 10 11 14 15 16 17 
cascade_activation_steepnesses_count=4
cascade_activation_steepnesses=2.50000000000000000000e-01 5.00000000000000000000e-01 7.50000000000000000000e-01 1.00000000000000000000e+00 
layer_sizes=2 5 5 3 
scale_included=0
neurons (num_inputs, activation_function, activation_steepness)=(0, 0, 0.00000000000000000000e+00) (0, 0, 0.00000000000000000000e+00) (2, 3, 5.00000000000000000000e-01) (2, 3, 5.00000000000000000000e-01) (2, 3, 5.00000000000000000000e-01) (2, 3, 5.00000000000000000000e-01) (0, 3, 0.00000000000000000000e+00) (5, 3, 5.00000000000000000000e-01) (5, 3, 5.00000000000000000000e-01) (5, 3, 5.00000000000000000000e-01) (5, 3, 5.00000000000000000000e-01) (0, 3, 0.00000000000000000000e+00) (5, 0, 5.00000000000000000000e-01) (5, 0, 5.00000000000000000000e-01) (0, 0, 0.00000000000000000000e+00) 
connections (connected_to_neuron, weight)=(0, -9.48757751464843750000e+02) (1, 1.05140562057495117188e+01) (0, 1.49999975585937500000e+03) (1, 6.08600219726562500000e+02) (0, -1.07868862152099609375e+01) (1, 1.32612633705139160156e+00) (0, -1.05606441497802734375e+01) (1, 2.23370671272277832031e+00) (2, 7.73187100887298583984e-01) (3, 3.96566331386566162109e-01) (4, -2.35234189033508300781e+00) (5, -2.26822400093078613281e+00) (6, 3.28991234302520751953e-01) (2, 4.96174216270446777344e-01) (3, -1.12585628032684326172e+00) (4, -2.90161056518554687500e+01) (5, 2.79123210906982421875e+01) (6, -7.73114502429962158203e-01) (2, -1.46260498046875000000e+03) (3, -2.05775007605552673340e-01) (4, 1.50000000000000000000e+03) (5, 1.50000000000000000000e+03) (6, 3.86857122182846069336e-01) (2, -9.89228725433349609375e-01) (3, 1.33310413360595703125e+00) (4, -4.52104759216308593750e+00) (5, -2.90751785039901733398e-01) (6, 1.11363768577575683594e+00) (7, -8.74337911605834960938e-01) (8, -2.86234712600708007812e+00) (9, 2.20972269773483276367e-01) (10, -1.44483447074890136719e+00) (11, 2.00113916397094726562e+00) (7, -4.15797472000122070312e+00) (8, 9.11575019359588623047e-01) (9, 1.48125934600830078125e+00) (10, -1.64039230346679687500e+00) (11, 3.58670860528945922852e-01) 
