FANN_FLO_2.1
num_layers=4
learning_rate=0.500000
connection_rate=1.000000
network_type=0
learning_momentum=0.000000
training_algorithm=2
train_error_function=1
train_stop_function=0
cascade_output_change_fraction=0.010000
quickprop_decay=-0.000100
quickprop_mu=1.750000
rprop_increase_factor=1.200000
rprop_decrease_factor=0.500000
rprop_delta_min=0.000000
rprop_delta_max=50.000000
rprop_delta_zero=0.100000
cascade_output_stagnation_epochs=12
cascade_candidate_change_fraction=0.010000
cascade_candidate_stagnation_epochs=12
cascade_max_out_epochs=150
cascade_min_out_epochs=50
cascade_max_cand_epochs=150
cascade_min_cand_epochs=50
cascade_num_candidate_groups=2
bit_fail_limit=3.49999994039535522461e-01
cascade_candidate_limit=1.00000000000000000000e+03
cascade_weight_multiplier=4.00000005960464477539e-01
cascade_activation_functions_count=10
cascade_activation_functions=3 5 7 8 10 11 14 15 16 17 
cascade_activation_steepnesses_count=4
cascade_activation_steepnesses=2.50000000000000000000e-01 5.00000000000000000000e-01 7.50000000000000000000e-01 1.00000000000000000000e+00 
layer_sizes=10 3 3 2 
scale_included=0
neurons (num_inputs, activation_function, activation_steepness)=(0, 0, 0.00000000000000000000e+00) (0, 0, 0.00000000000000000000e+00) (0, 0, 0.00000000000000000000e+00) (0, 0, 0.00000000000000000000e+00) (0, 0, 0.00000000000000000000e+00) (0, 0, 0.00000000000000000000e+00) (0, 0, 0.00000000000000000000e+00) (0, 0, 0.00000000000000000000e+00) (0, 0, 0.00000000000000000000e+00) (0, 0, 0.00000000000000000000e+00) (10, 3, 5.00000000000000000000e-01) (10, 3, 5.00000000000000000000e-01) (0, 3, 0.00000000000000000000e+00) (3, 3, 5.00000000000000000000e-01) (3, 3, 5.00000000000000000000e-01) (0, 3, 0.00000000000000000000e+00) (3, 3, 5.00000000000000000000e-01) (0, 3, 0.00000000000000000000e+00) 
connections (connected_to_neuron, weight)=(0, -8.72028172016143798828e-01) (1, -3.10395193099975585938e+00) (2, -1.40583992004394531250e+01) (3, 5.31500720977783203125e+00) (4, 1.03968591690063476562e+01) (5, 8.29514741897583007812e-01) (6, -7.76185464859008789062e+00) (7, -3.05454421043395996094e+00) (8, -3.12777787446975708008e-01) (9, -1.27256047725677490234e+00) (0, 6.88120648264884948730e-02) (1, 2.19646000862121582031e+00) (2, 1.52504262924194335938e+01) (3, 2.00353813171386718750e+00) (4, 6.27037811279296875000e+00) (5, 9.77132096886634826660e-02) (6, -4.05356264114379882812e+00) (7, -2.04197731018066406250e+01) (8, -1.57674297690391540527e-01) (9, -1.51965522766113281250e+00) (10, 1.01077648925781250000e+03) (11, 1.11501169204711914062e+01) (12, -8.02355194091796875000e+00) (10, 1.27074987792968750000e+03) (11, 1.26607627868652343750e+01) (12, -9.66962718963623046875e+00) (13, 1.44578516483306884766e+00) (14, 1.60447669029235839844e+00) (15, -2.17792367935180664062e+00) 
