FANN_FLO_2.1
num_layers=4
learning_rate=0.400000
connection_rate=1.000000
network_type=0
learning_momentum=0.000000
training_algorithm=2
train_error_function=1
train_stop_function=0
cascade_output_change_fraction=0.010000
quickprop_decay=-0.000100
quickprop_mu=1.750000
rprop_increase_factor=1.200000
rprop_decrease_factor=0.500000
rprop_delta_min=0.000000
rprop_delta_max=50.000000
rprop_delta_zero=0.100000
cascade_output_stagnation_epochs=12
cascade_candidate_change_fraction=0.010000
cascade_candidate_stagnation_epochs=12
cascade_max_out_epochs=150
cascade_min_out_epochs=50
cascade_max_cand_epochs=150
cascade_min_cand_epochs=50
cascade_num_candidate_groups=2
bit_fail_limit=3.49999994039535522461e-01
cascade_candidate_limit=1.00000000000000000000e+03
cascade_weight_multiplier=4.00000005960464477539e-01
cascade_activation_functions_count=10
cascade_activation_functions=3 5 7 8 10 11 14 15 16 17 
cascade_activation_steepnesses_count=4
cascade_activation_steepnesses=2.50000000000000000000e-01 5.00000000000000000000e-01 7.50000000000000000000e-01 1.00000000000000000000e+00 
layer_sizes=7 3 3 2 
scale_included=0
neurons (num_inputs, activation_function, activation_steepness)=(0, 0, 0.00000000000000000000e+00) (0, 0, 0.00000000000000000000e+00) (0, 0, 0.00000000000000000000e+00) (0, 0, 0.00000000000000000000e+00) (0, 0, 0.00000000000000000000e+00) (0, 0, 0.00000000000000000000e+00) (0, 0, 0.00000000000000000000e+00) (7, 3, 5.00000000000000000000e-01) (7, 3, 5.00000000000000000000e-01) (0, 3, 0.00000000000000000000e+00) (3, 3, 5.00000000000000000000e-01) (3, 3, 5.00000000000000000000e-01) (0, 3, 0.00000000000000000000e+00) (3, 3, 5.00000000000000000000e-01) (0, 3, 0.00000000000000000000e+00) 
connections (connected_to_neuron, weight)=(0, -5.09731101989746093750e+00) (1, 1.02421653270721435547e+00) (2, 2.93565025329589843750e+01) (3, -5.68435096740722656250e+00) (4, -4.13943529129028320312e-01) (5, 2.97853922843933105469e+00) (6, 3.31030972301959991455e-02) (0, -6.56568908691406250000e+00) (1, 4.45216894149780273438e+00) (2, -2.14424209594726562500e+01) (3, -3.88237714767456054688e+00) (4, -2.39883041381835937500e+00) (5, -1.25300502777099609375e+00) (6, 2.03578472137451171875e+00) (7, 5.72542381286621093750e+00) (8, 1.13212528228759765625e+01) (9, -2.17207956314086914062e+00) (7, 6.15468177795410156250e+01) (8, 1.50000000000000000000e+03) (9, -2.50883808135986328125e+01) (10, -1.38096845149993896484e+00) (11, -8.98187160491943359375e-01) (12, -1.38762545585632324219e+00) 
