FANN_FLO_2.1
num_layers=4
learning_rate=0.400000
connection_rate=1.000000
network_type=0
learning_momentum=0.000000
training_algorithm=2
train_error_function=1
train_stop_function=0
cascade_output_change_fraction=0.010000
quickprop_decay=-0.000100
quickprop_mu=1.750000
rprop_increase_factor=1.200000
rprop_decrease_factor=0.500000
rprop_delta_min=0.000000
rprop_delta_max=50.000000
rprop_delta_zero=0.100000
cascade_output_stagnation_epochs=12
cascade_candidate_change_fraction=0.010000
cascade_candidate_stagnation_epochs=12
cascade_max_out_epochs=150
cascade_min_out_epochs=50
cascade_max_cand_epochs=150
cascade_min_cand_epochs=50
cascade_num_candidate_groups=2
bit_fail_limit=3.49999994039535522461e-01
cascade_candidate_limit=1.00000000000000000000e+03
cascade_weight_multiplier=4.00000005960464477539e-01
cascade_activation_functions_count=10
cascade_activation_functions=3 5 7 8 10 11 14 15 16 17 
cascade_activation_steepnesses_count=4
cascade_activation_steepnesses=2.50000000000000000000e-01 5.00000000000000000000e-01 7.50000000000000000000e-01 1.00000000000000000000e+00 
layer_sizes=7 5 5 2 
scale_included=0
neurons (num_inputs, activation_function, activation_steepness)=(0, 0, 0.00000000000000000000e+00) (0, 0, 0.00000000000000000000e+00) (0, 0, 0.00000000000000000000e+00) (0, 0, 0.00000000000000000000e+00) (0, 0, 0.00000000000000000000e+00) (0, 0, 0.00000000000000000000e+00) (0, 0, 0.00000000000000000000e+00) (7, 3, 5.00000000000000000000e-01) (7, 3, 5.00000000000000000000e-01) (7, 3, 5.00000000000000000000e-01) (7, 3, 5.00000000000000000000e-01) (0, 3, 0.00000000000000000000e+00) (5, 3, 5.00000000000000000000e-01) (5, 3, 5.00000000000000000000e-01) (5, 3, 5.00000000000000000000e-01) (5, 3, 5.00000000000000000000e-01) (0, 3, 0.00000000000000000000e+00) (5, 3, 5.00000000000000000000e-01) (0, 3, 0.00000000000000000000e+00) 
connections (connected_to_neuron, weight)=(0, -1.51581251621246337891e+00) (1, 2.71669363975524902344e+00) (2, -2.00015090942382812500e+02) (3, 1.56689529418945312500e+01) (4, -4.97324323654174804688e+00) (5, 7.81304407119750976562e+00) (6, -4.00007772445678710938e+00) (0, -5.87031738281250000000e+02) (1, 2.63370475769042968750e+01) (2, -1.44493423461914062500e+02) (3, -8.55859222412109375000e+01) (4, 1.23207378387451171875e+01) (5, 4.79221588134765625000e+02) (6, 3.84866744279861450195e-01) (0, -3.34495315551757812500e+01) (1, -1.00349445343017578125e+01) (2, -5.22573471069335937500e+01) (3, -9.50982589721679687500e+01) (4, -2.01527500152587890625e+01) (5, 7.35144119262695312500e+01) (6, 5.19844830036163330078e-01) (0, -5.38553428649902343750e+00) (1, 2.69961762428283691406e+00) (2, 1.36398534774780273438e+01) (3, -4.85900497436523437500e+00) (4, -8.13768196105957031250e+00) (5, 1.50000000000000000000e+03) (6, 4.76704549789428710938e+00) (7, -1.18003125000000000000e+03) (8, 1.50000000000000000000e+03) (9, 1.50000000000000000000e+03) (10, 1.50000000000000000000e+03) (11, 1.65224624633789062500e+02) (7, -1.49673876953125000000e+03) (8, 1.50000000000000000000e+03) (9, 1.50000000000000000000e+03) (10, 1.50000000000000000000e+03) (11, -4.71094083786010742188e+00) (7, -1.18164501953125000000e+03) (8, 1.50000000000000000000e+03) (9, 1.50000000000000000000e+03) (10, 1.50000000000000000000e+03) (11, 1.65241027832031250000e+02) (7, -1.17986633300781250000e+03) (8, 1.50000000000000000000e+03) (9, 1.50000000000000000000e+03) (10, 1.50000000000000000000e+03) (11, 1.65190170288085937500e+02) (12, -3.14566940069198608398e-01) (13, -1.32412421703338623047e+00) (14, -3.66035908460617065430e-01) (15, -3.40701520442962646484e-01) (16, -6.73482954502105712891e-01) 
