FANN_FLO_2.1
num_layers=3
learning_rate=0.400000
connection_rate=1.000000
network_type=0
learning_momentum=0.000000
training_algorithm=2
train_error_function=1
train_stop_function=0
cascade_output_change_fraction=0.010000
quickprop_decay=-0.000100
quickprop_mu=1.750000
rprop_increase_factor=1.200000
rprop_decrease_factor=0.500000
rprop_delta_min=0.000000
rprop_delta_max=50.000000
rprop_delta_zero=0.100000
cascade_output_stagnation_epochs=12
cascade_candidate_change_fraction=0.010000
cascade_candidate_stagnation_epochs=12
cascade_max_out_epochs=150
cascade_min_out_epochs=50
cascade_max_cand_epochs=150
cascade_min_cand_epochs=50
cascade_num_candidate_groups=2
bit_fail_limit=3.49999994039535522461e-01
cascade_candidate_limit=1.00000000000000000000e+03
cascade_weight_multiplier=4.00000005960464477539e-01
cascade_activation_functions_count=10
cascade_activation_functions=3 5 7 8 10 11 14 15 16 17 
cascade_activation_steepnesses_count=4
cascade_activation_steepnesses=2.50000000000000000000e-01 5.00000000000000000000e-01 7.50000000000000000000e-01 1.00000000000000000000e+00 
layer_sizes=7 9 2 
scale_included=0
neurons (num_inputs, activation_function, activation_steepness)=(0, 0, 0.00000000000000000000e+00) (0, 0, 0.00000000000000000000e+00) (0, 0, 0.00000000000000000000e+00) (0, 0, 0.00000000000000000000e+00) (0, 0, 0.00000000000000000000e+00) (0, 0, 0.00000000000000000000e+00) (0, 0, 0.00000000000000000000e+00) (7, 3, 5.00000000000000000000e-01) (7, 3, 5.00000000000000000000e-01) (7, 3, 5.00000000000000000000e-01) (7, 3, 5.00000000000000000000e-01) (7, 3, 5.00000000000000000000e-01) (7, 3, 5.00000000000000000000e-01) (7, 3, 5.00000000000000000000e-01) (7, 3, 5.00000000000000000000e-01) (0, 3, 0.00000000000000000000e+00) (9, 3, 5.00000000000000000000e-01) (0, 3, 0.00000000000000000000e+00) 
connections (connected_to_neuron, weight)=(0, -1.55459177494049072266e+00) (1, -2.18923664093017578125e+00) (2, -1.90959465503692626953e+00) (3, 2.67476773262023925781e+00) (4, -2.78210520744323730469e-01) (5, 5.81289052963256835938e+00) (6, -3.04884934425354003906e+00) (0, -1.31074142456054687500e+00) (1, -1.32352864742279052734e+00) (2, -2.67892265319824218750e+00) (3, -6.40938699245452880859e-01) (4, 1.58138740062713623047e+00) (5, 7.58338332176208496094e-01) (6, -7.17824935913085937500e-01) (0, -2.67749428749084472656e+00) (1, -1.04205417633056640625e+00) (2, -2.10648238658905029297e-01) (3, 1.44486355781555175781e+00) (4, 1.93543195724487304688e+00) (5, 8.37872475385665893555e-02) (6, -2.02582120895385742188e+00) (0, -3.31089980900287628174e-02) (1, -4.52385514974594116211e-01) (2, -1.44364011287689208984e+00) (3, 7.97949433326721191406e-01) (4, 2.06289386749267578125e+00) (5, 1.03398942947387695312e+00) (6, -9.97222602367401123047e-01) (0, 1.21764268875122070312e+01) (1, 4.89345932006835937500e+00) (2, 5.05010080337524414062e+00) (3, -5.10609674453735351562e+00) (4, -1.58351862430572509766e+00) (5, -2.88736414909362792969e+00) (6, 2.67227196693420410156e+00) (0, 5.46231222152709960938e+00) (1, -1.20662558078765869141e+00) (2, 3.98542809486389160156e+00) (3, -1.68088245391845703125e+00) (4, -2.11520385742187500000e+00) (5, -1.21652865409851074219e+00) (6, -4.11285066604614257812e+00) (0, 1.99041569232940673828e+00) (1, 1.75363814830780029297e+00) (2, -3.71896362304687500000e+00) (3, -6.29096746444702148438e+00) (4, -1.76498484611511230469e+00) (5, 1.31113023757934570312e+01) (6, 1.18060700595378875732e-01) (0, 2.44836807250976562500e+00) (1, 2.10124969482421875000e+00) (2, -3.42903375625610351562e+00) (3, -4.19628953933715820312e+00) (4, -7.19920730590820312500e+00) (5, 1.45603876113891601562e+01) (6, 2.00537994503974914551e-01) (7, 4.00938701629638671875e+00) (8, 1.08106005191802978516e+00) (9, 2.47935342788696289062e+00) (10, 7.61848926544189453125e-01) (11, -1.02120757102966308594e+00) (12, 6.92743062973022460938e+00) (13, -1.25227415561676025391e+00) (14, -1.59667348861694335938e+00) (15, -6.96671456098556518555e-02) 
