FANN_FLO_2.1
num_layers=4
learning_rate=0.400000
connection_rate=1.000000
network_type=0
learning_momentum=0.000000
training_algorithm=2
train_error_function=1
train_stop_function=0
cascade_output_change_fraction=0.010000
quickprop_decay=-0.000100
quickprop_mu=1.750000
rprop_increase_factor=1.200000
rprop_decrease_factor=0.500000
rprop_delta_min=0.000000
rprop_delta_max=50.000000
rprop_delta_zero=0.100000
cascade_output_stagnation_epochs=12
cascade_candidate_change_fraction=0.010000
cascade_candidate_stagnation_epochs=12
cascade_max_out_epochs=150
cascade_min_out_epochs=50
cascade_max_cand_epochs=150
cascade_min_cand_epochs=50
cascade_num_candidate_groups=2
bit_fail_limit=3.49999994039535522461e-01
cascade_candidate_limit=1.00000000000000000000e+03
cascade_weight_multiplier=4.00000005960464477539e-01
cascade_activation_functions_count=10
cascade_activation_functions=3 5 7 8 10 11 14 15 16 17 
cascade_activation_steepnesses_count=4
cascade_activation_steepnesses=2.50000000000000000000e-01 5.00000000000000000000e-01 7.50000000000000000000e-01 1.00000000000000000000e+00 
layer_sizes=7 5 5 2 
scale_included=0
neurons (num_inputs, activation_function, activation_steepness)=(0, 0, 0.00000000000000000000e+00) (0, 0, 0.00000000000000000000e+00) (0, 0, 0.00000000000000000000e+00) (0, 0, 0.00000000000000000000e+00) (0, 0, 0.00000000000000000000e+00) (0, 0, 0.00000000000000000000e+00) (0, 0, 0.00000000000000000000e+00) (7, 3, 5.00000000000000000000e-01) (7, 3, 5.00000000000000000000e-01) (7, 3, 5.00000000000000000000e-01) (7, 3, 5.00000000000000000000e-01) (0, 3, 0.00000000000000000000e+00) (5, 3, 5.00000000000000000000e-01) (5, 3, 5.00000000000000000000e-01) (5, 3, 5.00000000000000000000e-01) (5, 3, 5.00000000000000000000e-01) (0, 3, 0.00000000000000000000e+00) (5, 3, 5.00000000000000000000e-01) (0, 3, 0.00000000000000000000e+00) 
connections (connected_to_neuron, weight)=(0, -3.58030843734741210938e+00) (1, 2.56569457054138183594e+00) (2, -3.53246068954467773438e+00) (3, -2.80633282661437988281e+00) (4, -9.30541977286338806152e-02) (5, -8.39065170288085937500e+00) (6, 1.72551894187927246094e+00) (0, -1.17385997772216796875e+01) (1, 9.29153156280517578125e+00) (2, 8.50542831420898437500e+00) (3, -2.15587472915649414062e+00) (4, -2.54344582557678222656e+00) (5, 1.02889184951782226562e+01) (6, 8.95260423421859741211e-02) (0, -2.64935564994812011719e+00) (1, 2.50969862937927246094e+00) (2, 7.01308488845825195312e-01) (3, -7.27285003662109375000e+00) (4, 1.59785437583923339844e+00) (5, 3.49331355094909667969e+00) (6, 1.02650725841522216797e+00) (0, 6.79068708419799804688e+00) (1, -7.67856168746948242188e+00) (2, 4.59761381149291992188e+00) (3, -3.32005119323730468750e+00) (4, -1.45670846104621887207e-01) (5, 8.32395374774932861328e-01) (6, 1.78818672895431518555e-01) (7, 6.76284837722778320312e+00) (8, 1.69057953357696533203e+00) (9, -3.82466149330139160156e+00) (10, 7.72836923599243164062e+00) (11, -1.52299535274505615234e+00) (7, 7.66723966598510742188e+00) (8, 2.49067616462707519531e+00) (9, -4.53358602523803710938e+00) (10, 7.84870910644531250000e+00) (11, -1.65437555313110351562e+00) (7, 6.34851598739624023438e+00) (8, 1.21103315353393554688e+01) (9, 2.56261348724365234375e+00) (10, -1.10236740112304687500e+01) (11, -2.56474947929382324219e+00) (7, 7.74393415451049804688e+00) (8, 3.44969701766967773438e+00) (9, -4.77402114868164062500e+00) (10, 7.26114559173583984375e+00) (11, -2.17325806617736816406e+00) (12, -7.78894126415252685547e-01) (13, -9.29866135120391845703e-01) (14, -2.48361253738403320312e+00) (15, -1.28796482086181640625e+00) (16, 8.11252832412719726562e-01) 
