FANN_FLO_2.1
num_layers=4
learning_rate=0.500000
connection_rate=1.000000
network_type=0
learning_momentum=0.000000
training_algorithm=2
train_error_function=1
train_stop_function=0
cascade_output_change_fraction=0.010000
quickprop_decay=-0.000100
quickprop_mu=1.750000
rprop_increase_factor=1.200000
rprop_decrease_factor=0.500000
rprop_delta_min=0.000000
rprop_delta_max=50.000000
rprop_delta_zero=0.100000
cascade_output_stagnation_epochs=12
cascade_candidate_change_fraction=0.010000
cascade_candidate_stagnation_epochs=12
cascade_max_out_epochs=150
cascade_min_out_epochs=50
cascade_max_cand_epochs=150
cascade_min_cand_epochs=50
cascade_num_candidate_groups=2
bit_fail_limit=3.49999994039535522461e-01
cascade_candidate_limit=1.00000000000000000000e+03
cascade_weight_multiplier=4.00000005960464477539e-01
cascade_activation_functions_count=10
cascade_activation_functions=3 5 7 8 10 11 14 15 16 17 
cascade_activation_steepnesses_count=4
cascade_activation_steepnesses=2.50000000000000000000e-01 5.00000000000000000000e-01 7.50000000000000000000e-01 1.00000000000000000000e+00 
layer_sizes=10 3 3 2 
scale_included=0
neurons (num_inputs, activation_function, activation_steepness)=(0, 0, 0.00000000000000000000e+00) (0, 0, 0.00000000000000000000e+00) (0, 0, 0.00000000000000000000e+00) (0, 0, 0.00000000000000000000e+00) (0, 0, 0.00000000000000000000e+00) (0, 0, 0.00000000000000000000e+00) (0, 0, 0.00000000000000000000e+00) (0, 0, 0.00000000000000000000e+00) (0, 0, 0.00000000000000000000e+00) (0, 0, 0.00000000000000000000e+00) (10, 3, 5.00000000000000000000e-01) (10, 3, 5.00000000000000000000e-01) (0, 3, 0.00000000000000000000e+00) (3, 3, 5.00000000000000000000e-01) (3, 3, 5.00000000000000000000e-01) (0, 3, 0.00000000000000000000e+00) (3, 3, 5.00000000000000000000e-01) (0, 3, 0.00000000000000000000e+00) 
connections (connected_to_neuron, weight)=(0, -6.45200729370117187500e+00) (1, 3.14687404632568359375e+01) (2, 1.93743495941162109375e+01) (3, -1.16135597229003906250e+01) (4, 4.67495880126953125000e+01) (5, 3.66580343246459960938e+00) (6, -5.05466003417968750000e+01) (7, -4.61748962402343750000e+01) (8, -2.66297588348388671875e+01) (9, 2.77909326553344726562e+00) (0, -7.35836975097656250000e+02) (1, -5.79014831542968750000e+02) (2, -1.49279479980468750000e+02) (3, 1.49818310546875000000e+03) (4, 1.47629077148437500000e+03) (5, -9.81173400878906250000e+02) (6, 8.05932983398437500000e+02) (7, -3.49476257324218750000e+02) (8, -4.20171569824218750000e+02) (9, -4.47270782470703125000e+02) (10, -9.41602478027343750000e+02) (11, 9.40800048828125000000e+02) (12, 2.95739562988281250000e+02) (10, 1.50000000000000000000e+03) (11, 7.25000122070312500000e+02) (12, -4.86297559738159179688e+00) (13, -5.16321472823619842529e-02) (14, 1.70433938503265380859e+00) (15, -1.06851398944854736328e+00) 
