FANN_FLO_2.1
num_layers=3
learning_rate=0.400000
connection_rate=1.000000
network_type=0
learning_momentum=0.000000
training_algorithm=2
train_error_function=1
train_stop_function=0
cascade_output_change_fraction=0.010000
quickprop_decay=-0.000100
quickprop_mu=1.750000
rprop_increase_factor=1.200000
rprop_decrease_factor=0.500000
rprop_delta_min=0.000000
rprop_delta_max=50.000000
rprop_delta_zero=0.100000
cascade_output_stagnation_epochs=12
cascade_candidate_change_fraction=0.010000
cascade_candidate_stagnation_epochs=12
cascade_max_out_epochs=150
cascade_min_out_epochs=50
cascade_max_cand_epochs=150
cascade_min_cand_epochs=50
cascade_num_candidate_groups=2
bit_fail_limit=3.49999994039535522461e-01
cascade_candidate_limit=1.00000000000000000000e+03
cascade_weight_multiplier=4.00000005960464477539e-01
cascade_activation_functions_count=10
cascade_activation_functions=3 5 7 8 10 11 14 15 16 17 
cascade_activation_steepnesses_count=4
cascade_activation_steepnesses=2.50000000000000000000e-01 5.00000000000000000000e-01 7.50000000000000000000e-01 1.00000000000000000000e+00 
layer_sizes=7 5 2 
scale_included=0
neurons (num_inputs, activation_function, activation_steepness)=(0, 0, 0.00000000000000000000e+00) (0, 0, 0.00000000000000000000e+00) (0, 0, 0.00000000000000000000e+00) (0, 0, 0.00000000000000000000e+00) (0, 0, 0.00000000000000000000e+00) (0, 0, 0.00000000000000000000e+00) (0, 0, 0.00000000000000000000e+00) (7, 3, 5.00000000000000000000e-01) (7, 3, 5.00000000000000000000e-01) (7, 3, 5.00000000000000000000e-01) (7, 3, 5.00000000000000000000e-01) (0, 3, 0.00000000000000000000e+00) (5, 3, 5.00000000000000000000e-01) (0, 3, 0.00000000000000000000e+00) 
connections (connected_to_neuron, weight)=(0, -4.18045550584793090820e-01) (1, -1.63384950160980224609e+00) (2, -2.80467438697814941406e+00) (3, 9.10387217998504638672e-01) (4, -2.72661900520324707031e+00) (5, 1.10973672866821289062e+01) (6, 8.18106770515441894531e-01) (0, 2.58007019758224487305e-01) (1, -7.56784155964851379395e-02) (2, -3.92221379280090332031e+00) (3, 1.99857759475708007812e+00) (4, -3.09595441818237304688e+00) (5, 1.14850139617919921875e+01) (6, 4.32335585355758666992e-01) (0, -4.58115434646606445312e+00) (1, -1.55838763713836669922e+00) (2, -1.30464422702789306641e+00) (3, 1.22542178630828857422e+00) (4, 2.19081401824951171875e+00) (5, 4.47816640138626098633e-01) (6, -1.86371374130249023438e+00) (0, -7.15099498629570007324e-02) (1, -2.13030886650085449219e+00) (2, -7.99633741378784179688e-01) (3, 2.50077438354492187500e+00) (4, 1.44407868385314941406e-01) (5, 5.47000932693481445312e+00) (6, -4.21377420425415039062e+00) (7, -1.66008043289184570312e+00) (8, -1.49243497848510742188e+00) (9, 7.46464252471923828125e+00) (10, 3.27668190002441406250e+00) (11, 5.95613837242126464844e-01) 
