FANN_FLO_2.1
num_layers=3
learning_rate=0.400000
connection_rate=1.000000
network_type=0
learning_momentum=0.000000
training_algorithm=2
train_error_function=1
train_stop_function=0
cascade_output_change_fraction=0.010000
quickprop_decay=-0.000100
quickprop_mu=1.750000
rprop_increase_factor=1.200000
rprop_decrease_factor=0.500000
rprop_delta_min=0.000000
rprop_delta_max=50.000000
rprop_delta_zero=0.100000
cascade_output_stagnation_epochs=12
cascade_candidate_change_fraction=0.010000
cascade_candidate_stagnation_epochs=12
cascade_max_out_epochs=150
cascade_min_out_epochs=50
cascade_max_cand_epochs=150
cascade_min_cand_epochs=50
cascade_num_candidate_groups=2
bit_fail_limit=3.49999994039535522461e-01
cascade_candidate_limit=1.00000000000000000000e+03
cascade_weight_multiplier=4.00000005960464477539e-01
cascade_activation_functions_count=10
cascade_activation_functions=3 5 7 8 10 11 14 15 16 17 
cascade_activation_steepnesses_count=4
cascade_activation_steepnesses=2.50000000000000000000e-01 5.00000000000000000000e-01 7.50000000000000000000e-01 1.00000000000000000000e+00 
layer_sizes=7 9 2 
scale_included=0
neurons (num_inputs, activation_function, activation_steepness)=(0, 0, 0.00000000000000000000e+00) (0, 0, 0.00000000000000000000e+00) (0, 0, 0.00000000000000000000e+00) (0, 0, 0.00000000000000000000e+00) (0, 0, 0.00000000000000000000e+00) (0, 0, 0.00000000000000000000e+00) (0, 0, 0.00000000000000000000e+00) (7, 3, 5.00000000000000000000e-01) (7, 3, 5.00000000000000000000e-01) (7, 3, 5.00000000000000000000e-01) (7, 3, 5.00000000000000000000e-01) (7, 3, 5.00000000000000000000e-01) (7, 3, 5.00000000000000000000e-01) (7, 3, 5.00000000000000000000e-01) (7, 3, 5.00000000000000000000e-01) (0, 3, 0.00000000000000000000e+00) (9, 3, 5.00000000000000000000e-01) (0, 3, 0.00000000000000000000e+00) 
connections (connected_to_neuron, weight)=(0, 7.84781980514526367188e+00) (1, -8.90114116668701171875e+00) (2, -5.22573769092559814453e-01) (3, -2.80665016174316406250e+00) (4, -9.01045978069305419922e-01) (5, 3.24728488922119140625e+00) (6, -3.10153007507324218750e+00) (0, -8.07922303676605224609e-01) (1, 2.81074047088623046875e-01) (2, 9.13312625885009765625e+00) (3, -1.23688638210296630859e+00) (4, -8.93156111240386962891e-01) (5, 1.57578265666961669922e+00) (6, 2.88040190935134887695e-01) (0, -1.68343341350555419922e+00) (1, -1.38639402389526367188e+00) (2, 1.16141380310058593750e+02) (3, -6.33568048477172851562e+00) (4, -9.87987995147705078125e+00) (5, 8.78528308868408203125e+00) (6, -3.05176234245300292969e+00) (0, -2.53357839584350585938e+00) (1, -1.92371737957000732422e+00) (2, 3.86822724342346191406e+00) (3, -3.48049354553222656250e+00) (4, -2.25765156745910644531e+00) (5, -4.24177795648574829102e-01) (6, 7.58625841140747070312e+00) (0, -8.90405476093292236328e-01) (1, -5.44733285903930664062e-01) (2, -6.74257278442382812500e-01) (3, -3.26407670974731445312e+00) (4, -1.58677732944488525391e+00) (5, -9.71456915140151977539e-02) (6, 4.87384855747222900391e-01) (0, -5.34859800338745117188e+00) (1, 5.05076408386230468750e+00) (2, -5.36074972152709960938e+00) (3, -1.70924472808837890625e+00) (4, -9.78497028350830078125e-01) (5, -5.78636026382446289062e+00) (6, 1.52119696140289306641e-01) (0, -3.21197724342346191406e+00) (1, -2.13998985290527343750e+00) (2, 1.18093605041503906250e+01) (3, -3.40560436248779296875e+00) (4, 1.76504150032997131348e-01) (5, 1.01144981384277343750e+00) (6, 4.16185283660888671875e+00) (0, -1.07429437637329101562e+01) (1, -2.76083874702453613281e+00) (2, 2.44345703125000000000e+01) (3, -1.57611835002899169922e+00) (4, 3.75151157379150390625e+00) (5, 1.14652261734008789062e+01) (6, 3.99273276329040527344e+00) (7, -1.29307537078857421875e+01) (8, -8.76313686370849609375e-01) (9, -4.36599016189575195312e-01) (10, -4.09114629030227661133e-01) (11, 7.35820960998535156250e+00) (12, -1.14082384109497070312e+01) (13, -2.98043400049209594727e-01) (14, -5.38945972919464111328e-01) (15, 1.04252107441425323486e-01) 
