FANN_FLO_2.1
num_layers=3
learning_rate=0.400000
connection_rate=1.000000
network_type=0
learning_momentum=0.000000
training_algorithm=2
train_error_function=1
train_stop_function=0
cascade_output_change_fraction=0.010000
quickprop_decay=-0.000100
quickprop_mu=1.750000
rprop_increase_factor=1.200000
rprop_decrease_factor=0.500000
rprop_delta_min=0.000000
rprop_delta_max=50.000000
rprop_delta_zero=0.100000
cascade_output_stagnation_epochs=12
cascade_candidate_change_fraction=0.010000
cascade_candidate_stagnation_epochs=12
cascade_max_out_epochs=150
cascade_min_out_epochs=50
cascade_max_cand_epochs=150
cascade_min_cand_epochs=50
cascade_num_candidate_groups=2
bit_fail_limit=3.49999994039535522461e-01
cascade_candidate_limit=1.00000000000000000000e+03
cascade_weight_multiplier=4.00000005960464477539e-01
cascade_activation_functions_count=10
cascade_activation_functions=3 5 7 8 10 11 14 15 16 17 
cascade_activation_steepnesses_count=4
cascade_activation_steepnesses=2.50000000000000000000e-01 5.00000000000000000000e-01 7.50000000000000000000e-01 1.00000000000000000000e+00 
layer_sizes=7 5 2 
scale_included=0
neurons (num_inputs, activation_function, activation_steepness)=(0, 0, 0.00000000000000000000e+00) (0, 0, 0.00000000000000000000e+00) (0, 0, 0.00000000000000000000e+00) (0, 0, 0.00000000000000000000e+00) (0, 0, 0.00000000000000000000e+00) (0, 0, 0.00000000000000000000e+00) (0, 0, 0.00000000000000000000e+00) (7, 3, 5.00000000000000000000e-01) (7, 3, 5.00000000000000000000e-01) (7, 3, 5.00000000000000000000e-01) (7, 3, 5.00000000000000000000e-01) (0, 3, 0.00000000000000000000e+00) (5, 3, 5.00000000000000000000e-01) (0, 3, 0.00000000000000000000e+00) 
connections (connected_to_neuron, weight)=(0, -2.23496818542480468750e+00) (1, -4.52689218521118164062e+00) (2, 2.76749944686889648438e+00) (3, 2.32979726791381835938e+00) (4, -3.39561033248901367188e+00) (5, 3.68897974491119384766e-01) (6, 5.38171863555908203125e+00) (0, 1.57681060791015625000e+02) (1, -5.78354492187500000000e+01) (2, 1.41391418457031250000e+03) (3, 9.25443553924560546875e+00) (4, -1.40050561523437500000e+03) (5, 1.49795141601562500000e+03) (6, -9.50632781982421875000e+01) (0, 1.84258785247802734375e+01) (1, -1.82176189422607421875e+01) (2, 9.04829502105712890625e+00) (3, -6.59585285186767578125e+00) (4, 4.87745553255081176758e-02) (5, 9.38010692596435546875e+00) (6, -8.25744628906250000000e+00) (0, -8.03898429870605468750e+00) (1, 7.98651027679443359375e+00) (2, -1.55582177639007568359e+00) (3, -2.73073697090148925781e+00) (4, -3.01604777574539184570e-01) (5, -4.04971313476562500000e+00) (6, -6.40752971172332763672e-01) (7, -1.07386577129364013672e+00) (8, -4.71533626317977905273e-01) (9, -3.06146597862243652344e+00) (10, -9.40825748443603515625e+00) (11, -6.75257802009582519531e-01) 
