FANN_FLO_2.1
num_layers=4
learning_rate=0.500000
connection_rate=1.000000
network_type=0
learning_momentum=0.000000
training_algorithm=2
train_error_function=1
train_stop_function=0
cascade_output_change_fraction=0.010000
quickprop_decay=-0.000100
quickprop_mu=1.750000
rprop_increase_factor=1.200000
rprop_decrease_factor=0.500000
rprop_delta_min=0.000000
rprop_delta_max=50.000000
rprop_delta_zero=0.100000
cascade_output_stagnation_epochs=12
cascade_candidate_change_fraction=0.010000
cascade_candidate_stagnation_epochs=12
cascade_max_out_epochs=150
cascade_min_out_epochs=50
cascade_max_cand_epochs=150
cascade_min_cand_epochs=50
cascade_num_candidate_groups=2
bit_fail_limit=3.49999994039535522461e-01
cascade_candidate_limit=1.00000000000000000000e+03
cascade_weight_multiplier=4.00000005960464477539e-01
cascade_activation_functions_count=10
cascade_activation_functions=3 5 7 8 10 11 14 15 16 17 
cascade_activation_steepnesses_count=4
cascade_activation_steepnesses=2.50000000000000000000e-01 5.00000000000000000000e-01 7.50000000000000000000e-01 1.00000000000000000000e+00 
layer_sizes=2 5 5 3 
scale_included=0
neurons (num_inputs, activation_function, activation_steepness)=(0, 0, 0.00000000000000000000e+00) (0, 0, 0.00000000000000000000e+00) (2, 3, 5.00000000000000000000e-01) (2, 3, 5.00000000000000000000e-01) (2, 3, 5.00000000000000000000e-01) (2, 3, 5.00000000000000000000e-01) (0, 3, 0.00000000000000000000e+00) (5, 3, 5.00000000000000000000e-01) (5, 3, 5.00000000000000000000e-01) (5, 3, 5.00000000000000000000e-01) (5, 3, 5.00000000000000000000e-01) (0, 3, 0.00000000000000000000e+00) (5, 0, 5.00000000000000000000e-01) (5, 0, 5.00000000000000000000e-01) (0, 0, 0.00000000000000000000e+00) 
connections (connected_to_neuron, weight)=(0, -1.64552154541015625000e+01) (1, 1.65172982215881347656e+00) (0, -2.26907958984375000000e+01) (1, 8.67036819458007812500e+00) (0, 1.35945425033569335938e+01) (1, -5.01339673995971679688e-01) (0, -1.68583221435546875000e+01) (1, 1.20455074310302734375e+00) (2, -9.88008618354797363281e-01) (3, -8.85526752471923828125e+00) (4, 8.19088649749755859375e+00) (5, 1.96146023273468017578e+00) (6, 1.58930850028991699219e+00) (2, 1.50000000000000000000e+03) (3, -5.80450683593750000000e+02) (4, -1.53415937423706054688e+01) (5, 1.50000000000000000000e+03) (6, 1.50000000000000000000e+03) (2, -4.53270673751831054688e+00) (3, 5.69120693206787109375e+00) (4, -3.20832705497741699219e+00) (5, -5.23202228546142578125e+00) (6, 8.64277184009552001953e-01) (2, 1.11876696777343750000e+03) (3, -1.39321203613281250000e+03) (4, -2.10169467926025390625e+01) (5, 5.95824462890625000000e+02) (6, 7.52677321434020996094e-01) (7, -1.09287071973085403442e-02) (8, 5.89893817901611328125e-01) (9, -1.85035943984985351562e+00) (10, 7.29855728149414062500e+00) (11, -8.03572833538055419922e-01) (7, -4.16997623443603515625e+00) (8, 1.72570645809173583984e-01) (9, 1.01966321468353271484e+00) (10, -2.72931039333343505859e-01) (11, 1.88555860519409179688e+00) 
