FANN_FLO_2.1
num_layers=3
learning_rate=0.400000
connection_rate=1.000000
network_type=0
learning_momentum=0.000000
training_algorithm=2
train_error_function=1
train_stop_function=0
cascade_output_change_fraction=0.010000
quickprop_decay=-0.000100
quickprop_mu=1.750000
rprop_increase_factor=1.200000
rprop_decrease_factor=0.500000
rprop_delta_min=0.000000
rprop_delta_max=50.000000
rprop_delta_zero=0.100000
cascade_output_stagnation_epochs=12
cascade_candidate_change_fraction=0.010000
cascade_candidate_stagnation_epochs=12
cascade_max_out_epochs=150
cascade_min_out_epochs=50
cascade_max_cand_epochs=150
cascade_min_cand_epochs=50
cascade_num_candidate_groups=2
bit_fail_limit=3.49999994039535522461e-01
cascade_candidate_limit=1.00000000000000000000e+03
cascade_weight_multiplier=4.00000005960464477539e-01
cascade_activation_functions_count=10
cascade_activation_functions=3 5 7 8 10 11 14 15 16 17 
cascade_activation_steepnesses_count=4
cascade_activation_steepnesses=2.50000000000000000000e-01 5.00000000000000000000e-01 7.50000000000000000000e-01 1.00000000000000000000e+00 
layer_sizes=19 3 3 
scale_included=0
neurons (num_inputs, activation_function, activation_steepness)=(0, 0, 0.00000000000000000000e+00) (0, 0, 0.00000000000000000000e+00) (0, 0, 0.00000000000000000000e+00) (0, 0, 0.00000000000000000000e+00) (0, 0, 0.00000000000000000000e+00) (0, 0, 0.00000000000000000000e+00) (0, 0, 0.00000000000000000000e+00) (0, 0, 0.00000000000000000000e+00) (0, 0, 0.00000000000000000000e+00) (0, 0, 0.00000000000000000000e+00) (0, 0, 0.00000000000000000000e+00) (0, 0, 0.00000000000000000000e+00) (0, 0, 0.00000000000000000000e+00) (0, 0, 0.00000000000000000000e+00) (0, 0, 0.00000000000000000000e+00) (0, 0, 0.00000000000000000000e+00) (0, 0, 0.00000000000000000000e+00) (0, 0, 0.00000000000000000000e+00) (0, 0, 0.00000000000000000000e+00) (19, 3, 5.00000000000000000000e-01) (19, 3, 5.00000000000000000000e-01) (0, 3, 0.00000000000000000000e+00) (3, 3, 5.00000000000000000000e-01) (3, 3, 5.00000000000000000000e-01) (0, 3, 0.00000000000000000000e+00) 
connections (connected_to_neuron, weight)=(0, 2.68430566787719726562e+00) (1, 2.01915335655212402344e+00) (2, -9.52370929718017578125e+00) (3, 2.50894761085510253906e+00) (4, 1.12533159255981445312e+01) (5, 7.67528820037841796875e+00) (6, 4.05065774917602539062e+00) (7, -2.39005541801452636719e+00) (8, -1.82264506816864013672e+00) (9, 1.14065580368041992188e+01) (10, -5.70938229560852050781e-01) (11, -1.04861319065093994141e+00) (12, -1.58003959655761718750e+01) (13, 6.17083168029785156250e+00) (14, 1.39841451644897460938e+01) (15, 1.03862066268920898438e+01) (16, -1.00814950466156005859e+00) (17, -1.13500680923461914062e+01) (18, -3.91635322570800781250e+00) (0, -4.70230150222778320312e+00) (1, -6.76654911041259765625e+00) (2, -4.01685237884521484375e+00) (3, -6.89173746109008789062e+00) (4, 2.97882676124572753906e-01) (5, 3.87553644180297851562e+00) (6, 8.88811051845550537109e-02) (7, 6.58700895309448242188e+00) (8, 1.12789440155029296875e+01) (9, -5.18135845661163330078e-01) (10, 4.14192581176757812500e+00) (11, -8.92695426940917968750e-01) (12, 9.98328781127929687500e+00) (13, -7.13743591308593750000e+00) (14, -2.01589260101318359375e+01) (15, 4.64007759094238281250e+00) (16, 1.43998062610626220703e+00) (17, 2.54274177551269531250e+01) (18, 1.84123575687408447266e-01) (19, -9.84806537628173828125e-01) (20, -6.97012364864349365234e-01) (21, 8.25589239597320556641e-01) (19, 9.84774649143218994141e-01) (20, 6.95550143718719482422e-01) (21, -8.24487984180450439453e-01) 
