FANN_FLO_2.1
num_layers=4
learning_rate=0.500000
connection_rate=1.000000
network_type=0
learning_momentum=0.000000
training_algorithm=2
train_error_function=1
train_stop_function=0
cascade_output_change_fraction=0.010000
quickprop_decay=-0.000100
quickprop_mu=1.750000
rprop_increase_factor=1.200000
rprop_decrease_factor=0.500000
rprop_delta_min=0.000000
rprop_delta_max=50.000000
rprop_delta_zero=0.100000
cascade_output_stagnation_epochs=12
cascade_candidate_change_fraction=0.010000
cascade_candidate_stagnation_epochs=12
cascade_max_out_epochs=150
cascade_min_out_epochs=50
cascade_max_cand_epochs=150
cascade_min_cand_epochs=50
cascade_num_candidate_groups=2
bit_fail_limit=3.49999994039535522461e-01
cascade_candidate_limit=1.00000000000000000000e+03
cascade_weight_multiplier=4.00000005960464477539e-01
cascade_activation_functions_count=10
cascade_activation_functions=3 5 7 8 10 11 14 15 16 17 
cascade_activation_steepnesses_count=4
cascade_activation_steepnesses=2.50000000000000000000e-01 5.00000000000000000000e-01 7.50000000000000000000e-01 1.00000000000000000000e+00 
layer_sizes=2 5 5 3 
scale_included=0
neurons (num_inputs, activation_function, activation_steepness)=(0, 0, 0.00000000000000000000e+00) (0, 0, 0.00000000000000000000e+00) (2, 3, 5.00000000000000000000e-01) (2, 3, 5.00000000000000000000e-01) (2, 3, 5.00000000000000000000e-01) (2, 3, 5.00000000000000000000e-01) (0, 3, 0.00000000000000000000e+00) (5, 3, 5.00000000000000000000e-01) (5, 3, 5.00000000000000000000e-01) (5, 3, 5.00000000000000000000e-01) (5, 3, 5.00000000000000000000e-01) (0, 3, 0.00000000000000000000e+00) (5, 0, 5.00000000000000000000e-01) (5, 0, 5.00000000000000000000e-01) (0, 0, 0.00000000000000000000e+00) 
connections (connected_to_neuron, weight)=(0, 1.89008285522460937500e+02) (1, 1.54909825325012207031e+00) (0, -1.22892169952392578125e+01) (1, 1.12512946128845214844e+00) (0, -1.26387386322021484375e+01) (1, 3.80800223350524902344e+00) (0, -1.01853990554809570312e+01) (1, 7.00411260128021240234e-01) (2, -6.85290157794952392578e-01) (3, -2.27738881111145019531e+00) (4, 7.84727096557617187500e+00) (5, -1.02600421905517578125e+01) (6, -1.56355381011962890625e+00) (2, -8.01093578338623046875e-01) (3, -1.06007089614868164062e+01) (4, 1.26804466247558593750e+01) (5, -3.67299628257751464844e+00) (6, -4.68243956565856933594e-01) (2, 8.12159776687622070312e-01) (3, -2.06852602958679199219e+00) (4, -1.30207538604736328125e+00) (5, -1.71810030937194824219e+00) (6, 7.85843491554260253906e-01) (2, -5.18667250871658325195e-02) (3, 2.69166603088378906250e+01) (4, -3.49638867378234863281e+00) (5, 1.11154804229736328125e+01) (6, -1.88504531979560852051e-02) (7, -1.30188715457916259766e+00) (8, -2.03051543235778808594e+00) (9, -8.35573852062225341797e-01) (10, 1.72796398401260375977e-01) (11, 1.35382473468780517578e+00) (7, -1.35723605751991271973e-01) (8, 8.52736413478851318359e-01) (9, -4.10682201385498046875e+00) (10, 1.60234487056732177734e+00) (11, 1.12354539334774017334e-01) 
