FANN_FLO_2.1
num_layers=4
learning_rate=0.400000
connection_rate=1.000000
network_type=0
learning_momentum=0.000000
training_algorithm=2
train_error_function=1
train_stop_function=0
cascade_output_change_fraction=0.010000
quickprop_decay=-0.000100
quickprop_mu=1.750000
rprop_increase_factor=1.200000
rprop_decrease_factor=0.500000
rprop_delta_min=0.000000
rprop_delta_max=50.000000
rprop_delta_zero=0.100000
cascade_output_stagnation_epochs=12
cascade_candidate_change_fraction=0.010000
cascade_candidate_stagnation_epochs=12
cascade_max_out_epochs=150
cascade_min_out_epochs=50
cascade_max_cand_epochs=150
cascade_min_cand_epochs=50
cascade_num_candidate_groups=2
bit_fail_limit=3.49999994039535522461e-01
cascade_candidate_limit=1.00000000000000000000e+03
cascade_weight_multiplier=4.00000005960464477539e-01
cascade_activation_functions_count=10
cascade_activation_functions=3 5 7 8 10 11 14 15 16 17 
cascade_activation_steepnesses_count=4
cascade_activation_steepnesses=2.50000000000000000000e-01 5.00000000000000000000e-01 7.50000000000000000000e-01 1.00000000000000000000e+00 
layer_sizes=7 5 3 2 
scale_included=0
neurons (num_inputs, activation_function, activation_steepness)=(0, 0, 0.00000000000000000000e+00) (0, 0, 0.00000000000000000000e+00) (0, 0, 0.00000000000000000000e+00) (0, 0, 0.00000000000000000000e+00) (0, 0, 0.00000000000000000000e+00) (0, 0, 0.00000000000000000000e+00) (0, 0, 0.00000000000000000000e+00) (7, 3, 5.00000000000000000000e-01) (7, 3, 5.00000000000000000000e-01) (7, 3, 5.00000000000000000000e-01) (7, 3, 5.00000000000000000000e-01) (0, 3, 0.00000000000000000000e+00) (5, 3, 5.00000000000000000000e-01) (5, 3, 5.00000000000000000000e-01) (0, 3, 0.00000000000000000000e+00) (3, 3, 5.00000000000000000000e-01) (0, 3, 0.00000000000000000000e+00) 
connections (connected_to_neuron, weight)=(0, 1.67017233371734619141e+00) (1, 1.76048922538757324219e+00) (2, 1.02365665435791015625e+01) (3, -1.38828372955322265625e+01) (4, 3.04837989807128906250e+00) (5, -2.72702169418334960938e+00) (6, -3.30372095108032226562e-01) (0, 3.13016915321350097656e+00) (1, -4.78045892715454101562e+00) (2, 1.06017267704010009766e+00) (3, -3.03547549247741699219e+00) (4, -1.27863943576812744141e+00) (5, 3.33973097801208496094e+00) (6, -1.62371206283569335938e+00) (0, -1.73773956298828125000e+00) (1, -4.04636887833476066589e-03) (2, 3.65378595888614654541e-02) (3, -3.58379530906677246094e+00) (4, -1.65354573726654052734e+00) (5, 9.64719709008932113647e-03) (6, 1.10605454444885253906e+00) (0, -8.72105026245117187500e+00) (1, 6.65997457504272460938e+00) (2, -2.41627526283264160156e+00) (3, -2.97027730941772460938e+00) (4, -2.10256147384643554688e+00) (5, -6.13693571090698242188e+00) (6, 2.39427208900451660156e+00) (7, 6.74913763999938964844e-01) (8, 9.60990524291992187500e+00) (9, -9.48769569396972656250e+00) (10, 7.98765134811401367188e+00) (11, -2.42273855209350585938e+00) (7, -4.02060842514038085938e+00) (8, 4.47152671813964843750e+01) (9, 3.86579589843750000000e+02) (10, 3.49826927185058593750e+01) (11, -8.32172393798828125000e+00) (12, -6.69979333877563476562e+00) (13, -9.31518018245697021484e-01) (14, -5.90827949345111846924e-02) 
