FANN_FLO_2.1
num_layers=4
learning_rate=0.500000
connection_rate=1.000000
network_type=0
learning_momentum=0.000000
training_algorithm=2
train_error_function=1
train_stop_function=0
cascade_output_change_fraction=0.010000
quickprop_decay=-0.000100
quickprop_mu=1.750000
rprop_increase_factor=1.200000
rprop_decrease_factor=0.500000
rprop_delta_min=0.000000
rprop_delta_max=50.000000
rprop_delta_zero=0.100000
cascade_output_stagnation_epochs=12
cascade_candidate_change_fraction=0.010000
cascade_candidate_stagnation_epochs=12
cascade_max_out_epochs=150
cascade_min_out_epochs=50
cascade_max_cand_epochs=150
cascade_min_cand_epochs=50
cascade_num_candidate_groups=2
bit_fail_limit=3.49999994039535522461e-01
cascade_candidate_limit=1.00000000000000000000e+03
cascade_weight_multiplier=4.00000005960464477539e-01
cascade_activation_functions_count=10
cascade_activation_functions=3 5 7 8 10 11 14 15 16 17 
cascade_activation_steepnesses_count=4
cascade_activation_steepnesses=2.50000000000000000000e-01 5.00000000000000000000e-01 7.50000000000000000000e-01 1.00000000000000000000e+00 
layer_sizes=2 5 5 3 
scale_included=0
neurons (num_inputs, activation_function, activation_steepness)=(0, 0, 0.00000000000000000000e+00) (0, 0, 0.00000000000000000000e+00) (2, 3, 5.00000000000000000000e-01) (2, 3, 5.00000000000000000000e-01) (2, 3, 5.00000000000000000000e-01) (2, 3, 5.00000000000000000000e-01) (0, 3, 0.00000000000000000000e+00) (5, 3, 5.00000000000000000000e-01) (5, 3, 5.00000000000000000000e-01) (5, 3, 5.00000000000000000000e-01) (5, 3, 5.00000000000000000000e-01) (0, 3, 0.00000000000000000000e+00) (5, 0, 5.00000000000000000000e-01) (5, 0, 5.00000000000000000000e-01) (0, 0, 0.00000000000000000000e+00) 
connections (connected_to_neuron, weight)=(0, 1.49527966308593750000e+03) (1, -1.13374729156494140625e+01) (0, -8.83536300659179687500e+01) (1, 3.77240800857543945312e+00) (0, -7.41656589508056640625e+00) (1, 8.63814055919647216797e-01) (0, -5.49082527160644531250e+01) (1, 1.28313016891479492188e+01) (2, 1.67821960449218750000e+01) (3, 1.49417248535156250000e+03) (4, -8.10569381713867187500e+00) (5, -1.45653869628906250000e+03) (6, 3.22143745422363281250e+00) (2, 1.42920923233032226562e+00) (3, 1.50000000000000000000e+03) (4, -3.68997840881347656250e+01) (5, 2.57676143646240234375e+01) (6, 8.63361835479736328125e-01) (2, -3.88683772087097167969e+00) (3, 1.04353004455566406250e+02) (4, 6.72787322998046875000e+01) (5, 1.50000000000000000000e+03) (6, -2.59216904640197753906e+00) (2, 3.59764766693115234375e+00) (3, -1.50000000000000000000e+03) (4, -1.85970687866210937500e+01) (5, 4.58098602294921875000e+00) (6, 9.16245400905609130859e-01) (7, 8.59469652175903320312e-01) (8, 4.17996555566787719727e-01) (9, -1.28466689586639404297e+00) (10, -1.53104126453399658203e+00) (11, 1.90725341439247131348e-01) (7, -2.00134351849555969238e-01) (8, 1.32846963405609130859e+00) (9, 1.52394616603851318359e+00) (10, -1.83140039443969726562e+00) (11, -8.59238982200622558594e-01) 
