FANN_FLO_2.1
num_layers=3
learning_rate=0.500000
connection_rate=1.000000
network_type=0
learning_momentum=0.000000
training_algorithm=2
train_error_function=1
train_stop_function=0
cascade_output_change_fraction=0.010000
quickprop_decay=-0.000100
quickprop_mu=1.750000
rprop_increase_factor=1.200000
rprop_decrease_factor=0.500000
rprop_delta_min=0.000000
rprop_delta_max=50.000000
rprop_delta_zero=0.100000
cascade_output_stagnation_epochs=12
cascade_candidate_change_fraction=0.010000
cascade_candidate_stagnation_epochs=12
cascade_max_out_epochs=150
cascade_min_out_epochs=50
cascade_max_cand_epochs=150
cascade_min_cand_epochs=50
cascade_num_candidate_groups=2
bit_fail_limit=3.49999994039535522461e-01
cascade_candidate_limit=1.00000000000000000000e+03
cascade_weight_multiplier=4.00000005960464477539e-01
cascade_activation_functions_count=10
cascade_activation_functions=3 5 7 8 10 11 14 15 16 17 
cascade_activation_steepnesses_count=4
cascade_activation_steepnesses=2.50000000000000000000e-01 5.00000000000000000000e-01 7.50000000000000000000e-01 1.00000000000000000000e+00 
layer_sizes=10 3 2 
scale_included=0
neurons (num_inputs, activation_function, activation_steepness)=(0, 0, 0.00000000000000000000e+00) (0, 0, 0.00000000000000000000e+00) (0, 0, 0.00000000000000000000e+00) (0, 0, 0.00000000000000000000e+00) (0, 0, 0.00000000000000000000e+00) (0, 0, 0.00000000000000000000e+00) (0, 0, 0.00000000000000000000e+00) (0, 0, 0.00000000000000000000e+00) (0, 0, 0.00000000000000000000e+00) (0, 0, 0.00000000000000000000e+00) (10, 3, 5.00000000000000000000e-01) (10, 3, 5.00000000000000000000e-01) (0, 3, 0.00000000000000000000e+00) (3, 3, 5.00000000000000000000e-01) (0, 3, 0.00000000000000000000e+00) 
connections (connected_to_neuron, weight)=(0, -7.24230945110321044922e-01) (1, 1.44943342208862304688e+01) (2, -1.58032617568969726562e+01) (3, -2.77632379531860351562e+00) (4, 2.05735111236572265625e+01) (5, 8.84131526947021484375e+00) (6, -2.77310752868652343750e+01) (7, -4.63201522827148437500e+00) (8, -2.96441245079040527344e+00) (9, 1.30456402897834777832e-01) (0, -4.98936057090759277344e-01) (1, -7.11452531814575195312e+00) (2, -1.59660220146179199219e+00) (3, -2.14520621299743652344e+00) (4, 3.04134273529052734375e+00) (5, 1.58267045021057128906e+00) (6, 1.31212959289550781250e+01) (7, 9.74087524414062500000e+00) (8, -3.37363243103027343750e+00) (9, -7.02739810943603515625e+00) (10, 2.82115983963012695312e+00) (11, 2.82027411460876464844e+00) (12, -1.91436851024627685547e+00) 
