FANN_FLO_2.1
num_layers=4
learning_rate=0.500000
connection_rate=1.000000
network_type=0
learning_momentum=0.000000
training_algorithm=2
train_error_function=1
train_stop_function=0
cascade_output_change_fraction=0.010000
quickprop_decay=-0.000100
quickprop_mu=1.750000
rprop_increase_factor=1.200000
rprop_decrease_factor=0.500000
rprop_delta_min=0.000000
rprop_delta_max=50.000000
rprop_delta_zero=0.100000
cascade_output_stagnation_epochs=12
cascade_candidate_change_fraction=0.010000
cascade_candidate_stagnation_epochs=12
cascade_max_out_epochs=150
cascade_min_out_epochs=50
cascade_max_cand_epochs=150
cascade_min_cand_epochs=50
cascade_num_candidate_groups=2
bit_fail_limit=3.49999994039535522461e-01
cascade_candidate_limit=1.00000000000000000000e+03
cascade_weight_multiplier=4.00000005960464477539e-01
cascade_activation_functions_count=10
cascade_activation_functions=3 5 7 8 10 11 14 15 16 17 
cascade_activation_steepnesses_count=4
cascade_activation_steepnesses=2.50000000000000000000e-01 5.00000000000000000000e-01 7.50000000000000000000e-01 1.00000000000000000000e+00 
layer_sizes=2 5 3 3 
scale_included=0
neurons (num_inputs, activation_function, activation_steepness)=(0, 0, 0.00000000000000000000e+00) (0, 0, 0.00000000000000000000e+00) (2, 3, 5.00000000000000000000e-01) (2, 3, 5.00000000000000000000e-01) (2, 3, 5.00000000000000000000e-01) (2, 3, 5.00000000000000000000e-01) (0, 3, 0.00000000000000000000e+00) (5, 3, 5.00000000000000000000e-01) (5, 3, 5.00000000000000000000e-01) (0, 3, 0.00000000000000000000e+00) (3, 0, 5.00000000000000000000e-01) (3, 0, 5.00000000000000000000e-01) (0, 0, 0.00000000000000000000e+00) 
connections (connected_to_neuron, weight)=(0, 8.43469619750976562500e+00) (1, -3.23308420181274414062e+00) (0, -2.76986420154571533203e-01) (1, -4.23338776454329490662e-03) (0, 3.72341384887695312500e+01) (1, -2.57288479804992675781e+00) (0, 2.78968467712402343750e+01) (1, -1.22195017337799072266e+00) (2, -6.06540298461914062500e+00) (3, -1.36738315224647521973e-01) (4, 1.37026965618133544922e+00) (5, 8.67781937122344970703e-01) (6, 8.51302921772003173828e-01) (2, 9.75248622894287109375e+00) (3, -1.85951638221740722656e+00) (4, -5.86970448493957519531e-01) (5, 3.07671904563903808594e+00) (6, -2.93714666366577148438e+00) (7, -3.79804348945617675781e+00) (8, -2.23240017890930175781e+00) (9, 2.76439499855041503906e+00) (7, 2.05754327774047851562e+00) (8, -3.29922008514404296875e+00) (9, 7.35876441001892089844e-01) 
