FANN_FLO_2.1
num_layers=3
learning_rate=0.400000
connection_rate=1.000000
network_type=0
learning_momentum=0.000000
training_algorithm=2
train_error_function=1
train_stop_function=0
cascade_output_change_fraction=0.010000
quickprop_decay=-0.000100
quickprop_mu=1.750000
rprop_increase_factor=1.200000
rprop_decrease_factor=0.500000
rprop_delta_min=0.000000
rprop_delta_max=50.000000
rprop_delta_zero=0.100000
cascade_output_stagnation_epochs=12
cascade_candidate_change_fraction=0.010000
cascade_candidate_stagnation_epochs=12
cascade_max_out_epochs=150
cascade_min_out_epochs=50
cascade_max_cand_epochs=150
cascade_min_cand_epochs=50
cascade_num_candidate_groups=2
bit_fail_limit=3.49999994039535522461e-01
cascade_candidate_limit=1.00000000000000000000e+03
cascade_weight_multiplier=4.00000005960464477539e-01
cascade_activation_functions_count=10
cascade_activation_functions=3 5 7 8 10 11 14 15 16 17 
cascade_activation_steepnesses_count=4
cascade_activation_steepnesses=2.50000000000000000000e-01 5.00000000000000000000e-01 7.50000000000000000000e-01 1.00000000000000000000e+00 
layer_sizes=19 3 3 
scale_included=0
neurons (num_inputs, activation_function, activation_steepness)=(0, 0, 0.00000000000000000000e+00) (0, 0, 0.00000000000000000000e+00) (0, 0, 0.00000000000000000000e+00) (0, 0, 0.00000000000000000000e+00) (0, 0, 0.00000000000000000000e+00) (0, 0, 0.00000000000000000000e+00) (0, 0, 0.00000000000000000000e+00) (0, 0, 0.00000000000000000000e+00) (0, 0, 0.00000000000000000000e+00) (0, 0, 0.00000000000000000000e+00) (0, 0, 0.00000000000000000000e+00) (0, 0, 0.00000000000000000000e+00) (0, 0, 0.00000000000000000000e+00) (0, 0, 0.00000000000000000000e+00) (0, 0, 0.00000000000000000000e+00) (0, 0, 0.00000000000000000000e+00) (0, 0, 0.00000000000000000000e+00) (0, 0, 0.00000000000000000000e+00) (0, 0, 0.00000000000000000000e+00) (19, 3, 5.00000000000000000000e-01) (19, 3, 5.00000000000000000000e-01) (0, 3, 0.00000000000000000000e+00) (3, 3, 5.00000000000000000000e-01) (3, 3, 5.00000000000000000000e-01) (0, 3, 0.00000000000000000000e+00) 
connections (connected_to_neuron, weight)=(0, 2.68818593025207519531e+00) (1, 5.31534147262573242188e+00) (2, 1.38162698745727539062e+01) (3, -9.07654190063476562500e+00) (4, -3.39719295501708984375e+00) (5, -1.39005126953125000000e+01) (6, 9.12593364715576171875e+00) (7, 4.28602361679077148438e+00) (8, 7.38791418075561523438e+00) (9, -1.67576539516448974609e+00) (10, 6.22406530380249023438e+00) (11, -1.68837988376617431641e+00) (12, -2.62593507766723632812e+00) (13, 6.35463809967041015625e+00) (14, -3.00895047187805175781e+00) (15, 2.07603282928466796875e+01) (16, -1.43570547103881835938e+01) (17, 4.95378923416137695312e+00) (18, -2.20394596457481384277e-01) (0, -5.57615709304809570312e+00) (1, -2.88525032997131347656e+00) (2, -1.58419981002807617188e+01) (3, -3.56330537796020507812e+00) (4, 1.77311193943023681641e+00) (5, 1.27371520996093750000e+01) (6, -1.04928299784660339355e-01) (7, 5.37359046936035156250e+00) (8, 1.15263438224792480469e+00) (9, -2.37363014221191406250e+01) (10, 9.83748817443847656250e+00) (11, 2.50900363922119140625e+00) (12, 6.13608217239379882812e+00) (13, 9.55798816680908203125e+00) (14, -1.97903060913085937500e+00) (15, -8.69165992736816406250e+00) (16, 4.02108669281005859375e+00) (17, 1.50130252838134765625e+01) (18, 2.45709967613220214844e+00) (19, -9.20249104499816894531e-01) (20, -4.92250144481658935547e-01) (21, 6.20188117027282714844e-01) (19, 9.20381665229797363281e-01) (20, 4.92169618606567382812e-01) (21, -6.19892060756683349609e-01) 
