FANN_FLO_2.1
num_layers=3
learning_rate=0.400000
connection_rate=1.000000
network_type=0
learning_momentum=0.000000
training_algorithm=2
train_error_function=1
train_stop_function=0
cascade_output_change_fraction=0.010000
quickprop_decay=-0.000100
quickprop_mu=1.750000
rprop_increase_factor=1.200000
rprop_decrease_factor=0.500000
rprop_delta_min=0.000000
rprop_delta_max=50.000000
rprop_delta_zero=0.100000
cascade_output_stagnation_epochs=12
cascade_candidate_change_fraction=0.010000
cascade_candidate_stagnation_epochs=12
cascade_max_out_epochs=150
cascade_min_out_epochs=50
cascade_max_cand_epochs=150
cascade_min_cand_epochs=50
cascade_num_candidate_groups=2
bit_fail_limit=3.49999994039535522461e-01
cascade_candidate_limit=1.00000000000000000000e+03
cascade_weight_multiplier=4.00000005960464477539e-01
cascade_activation_functions_count=10
cascade_activation_functions=3 5 7 8 10 11 14 15 16 17 
cascade_activation_steepnesses_count=4
cascade_activation_steepnesses=2.50000000000000000000e-01 5.00000000000000000000e-01 7.50000000000000000000e-01 1.00000000000000000000e+00 
layer_sizes=7 9 2 
scale_included=0
neurons (num_inputs, activation_function, activation_steepness)=(0, 0, 0.00000000000000000000e+00) (0, 0, 0.00000000000000000000e+00) (0, 0, 0.00000000000000000000e+00) (0, 0, 0.00000000000000000000e+00) (0, 0, 0.00000000000000000000e+00) (0, 0, 0.00000000000000000000e+00) (0, 0, 0.00000000000000000000e+00) (7, 3, 5.00000000000000000000e-01) (7, 3, 5.00000000000000000000e-01) (7, 3, 5.00000000000000000000e-01) (7, 3, 5.00000000000000000000e-01) (7, 3, 5.00000000000000000000e-01) (7, 3, 5.00000000000000000000e-01) (7, 3, 5.00000000000000000000e-01) (7, 3, 5.00000000000000000000e-01) (0, 3, 0.00000000000000000000e+00) (9, 3, 5.00000000000000000000e-01) (0, 3, 0.00000000000000000000e+00) 
connections (connected_to_neuron, weight)=(0, -2.82265257835388183594e+00) (1, -2.31205654144287109375e+00) (2, 6.21642494201660156250e+00) (3, -3.50329685211181640625e+00) (4, -1.98216688632965087891e+00) (5, 1.52549600601196289062e+00) (6, 5.72861528396606445312e+00) (0, -1.24846661090850830078e+00) (1, 1.99114471673965454102e-01) (2, -2.39623856544494628906e+00) (3, -3.48603248596191406250e+00) (4, -1.61503374576568603516e+00) (5, 2.81516075134277343750e-01) (6, -1.82193353772163391113e-01) (0, -5.89841938018798828125e+00) (1, 3.68770539760589599609e-01) (2, -2.07592391967773437500e+01) (3, -1.94392662048339843750e+01) (4, 6.24033546447753906250e+00) (5, -7.17739963531494140625e+00) (6, 1.95038247108459472656e+00) (0, 7.19904780387878417969e-01) (1, -2.28866505622863769531e+00) (2, -8.39969825744628906250e+00) (3, -2.58918333053588867188e+00) (4, -6.25832843780517578125e+00) (5, -1.78872570395469665527e-01) (6, 4.63394260406494140625e+00) (0, -2.17284736633300781250e+01) (1, 2.05115947723388671875e+01) (2, -6.50308227539062500000e+00) (3, -3.26730918884277343750e+00) (4, -2.11811780929565429688e+00) (5, 1.16500148773193359375e+01) (6, 2.15028405189514160156e+00) (0, 1.79236907958984375000e+01) (1, 3.77499656677246093750e+01) (2, 4.81003448486328125000e+02) (3, -1.05287158203125000000e+03) (4, -1.48203527927398681641e+00) (5, 3.99228897094726562500e+01) (6, 1.35070943832397460938e+01) (0, 1.05242967605590820312e+00) (1, -2.51490443944931030273e-01) (2, 4.17322367429733276367e-01) (3, -6.16117429733276367188e+00) (4, -7.37054824829101562500e-01) (5, 2.28831386566162109375e+00) (6, -5.44509291648864746094e-01) (0, 1.39970798492431640625e+01) (1, -1.57136125564575195312e+01) (2, 3.03165864944458007812e+00) (3, -5.19200372695922851562e+00) (4, -4.13206070661544799805e-01) (5, -6.57796764373779296875e+00) (6, 8.56451797485351562500e+00) (7, -1.09831130504608154297e+00) (8, 8.22660446166992187500e+00) (9, -1.23799133300781250000e+00) (10, -6.93385481834411621094e-01) (11, -3.39193463325500488281e+00) (12, -3.69632780551910400391e-01) (13, -8.77589583396911621094e-01) (14, -3.64011383056640625000e+00) (15, 2.47581958770751953125e+00) 
