FANN_FLO_2.1
num_layers=3
learning_rate=0.500000
connection_rate=1.000000
network_type=0
learning_momentum=0.000000
training_algorithm=2
train_error_function=1
train_stop_function=0
cascade_output_change_fraction=0.010000
quickprop_decay=-0.000100
quickprop_mu=1.750000
rprop_increase_factor=1.200000
rprop_decrease_factor=0.500000
rprop_delta_min=0.000000
rprop_delta_max=50.000000
rprop_delta_zero=0.100000
cascade_output_stagnation_epochs=12
cascade_candidate_change_fraction=0.010000
cascade_candidate_stagnation_epochs=12
cascade_max_out_epochs=150
cascade_min_out_epochs=50
cascade_max_cand_epochs=150
cascade_min_cand_epochs=50
cascade_num_candidate_groups=2
bit_fail_limit=3.49999994039535522461e-01
cascade_candidate_limit=1.00000000000000000000e+03
cascade_weight_multiplier=4.00000005960464477539e-01
cascade_activation_functions_count=10
cascade_activation_functions=3 5 7 8 10 11 14 15 16 17 
cascade_activation_steepnesses_count=4
cascade_activation_steepnesses=2.50000000000000000000e-01 5.00000000000000000000e-01 7.50000000000000000000e-01 1.00000000000000000000e+00 
layer_sizes=10 3 2 
scale_included=0
neurons (num_inputs, activation_function, activation_steepness)=(0, 0, 0.00000000000000000000e+00) (0, 0, 0.00000000000000000000e+00) (0, 0, 0.00000000000000000000e+00) (0, 0, 0.00000000000000000000e+00) (0, 0, 0.00000000000000000000e+00) (0, 0, 0.00000000000000000000e+00) (0, 0, 0.00000000000000000000e+00) (0, 0, 0.00000000000000000000e+00) (0, 0, 0.00000000000000000000e+00) (0, 0, 0.00000000000000000000e+00) (10, 3, 5.00000000000000000000e-01) (10, 3, 5.00000000000000000000e-01) (0, 3, 0.00000000000000000000e+00) (3, 3, 5.00000000000000000000e-01) (0, 3, 0.00000000000000000000e+00) 
connections (connected_to_neuron, weight)=(0, 1.29961565136909484863e-01) (1, 2.93994855880737304688e+00) (2, -2.72765178680419921875e+01) (3, -1.29193067550659179688e+00) (4, 7.76363611221313476562e-01) (5, -1.13599169254302978516e+00) (6, 2.09720268249511718750e+01) (7, -7.73504376411437988281e-02) (8, 7.83076047897338867188e-01) (9, 1.95315569639205932617e-01) (0, -3.39870548248291015625e+00) (1, 7.98387861251831054688e+00) (2, -4.43735688924789428711e-01) (3, -3.11230564117431640625e+00) (4, 9.97067153453826904297e-01) (5, 7.50384521484375000000e+00) (6, -1.04708423614501953125e+01) (7, -1.10776777267456054688e+01) (8, 9.78627443313598632812e-01) (9, 3.75381875038146972656e+00) (10, 4.34510755538940429688e+00) (11, 4.38617753982543945312e+00) (12, -3.50432419776916503906e+00) 
