FANN_FLO_2.1
num_layers=4
learning_rate=0.500000
connection_rate=1.000000
network_type=0
learning_momentum=0.000000
training_algorithm=2
train_error_function=1
train_stop_function=0
cascade_output_change_fraction=0.010000
quickprop_decay=-0.000100
quickprop_mu=1.750000
rprop_increase_factor=1.200000
rprop_decrease_factor=0.500000
rprop_delta_min=0.000000
rprop_delta_max=50.000000
rprop_delta_zero=0.100000
cascade_output_stagnation_epochs=12
cascade_candidate_change_fraction=0.010000
cascade_candidate_stagnation_epochs=12
cascade_max_out_epochs=150
cascade_min_out_epochs=50
cascade_max_cand_epochs=150
cascade_min_cand_epochs=50
cascade_num_candidate_groups=2
bit_fail_limit=3.49999994039535522461e-01
cascade_candidate_limit=1.00000000000000000000e+03
cascade_weight_multiplier=4.00000005960464477539e-01
cascade_activation_functions_count=10
cascade_activation_functions=3 5 7 8 10 11 14 15 16 17 
cascade_activation_steepnesses_count=4
cascade_activation_steepnesses=2.50000000000000000000e-01 5.00000000000000000000e-01 7.50000000000000000000e-01 1.00000000000000000000e+00 
layer_sizes=2 5 3 3 
scale_included=0
neurons (num_inputs, activation_function, activation_steepness)=(0, 0, 0.00000000000000000000e+00) (0, 0, 0.00000000000000000000e+00) (2, 3, 5.00000000000000000000e-01) (2, 3, 5.00000000000000000000e-01) (2, 3, 5.00000000000000000000e-01) (2, 3, 5.00000000000000000000e-01) (0, 3, 0.00000000000000000000e+00) (5, 3, 5.00000000000000000000e-01) (5, 3, 5.00000000000000000000e-01) (0, 3, 0.00000000000000000000e+00) (3, 0, 5.00000000000000000000e-01) (3, 0, 5.00000000000000000000e-01) (0, 0, 0.00000000000000000000e+00) 
connections (connected_to_neuron, weight)=(0, -1.50000000000000000000e+03) (1, 9.96265869140625000000e+01) (0, 1.50000000000000000000e+03) (1, 3.14400310516357421875e+01) (0, 1.50000000000000000000e+03) (1, 3.77584648132324218750e+01) (0, 1.50000000000000000000e+03) (1, 3.28912658691406250000e+01) (2, 1.50000000000000000000e+03) (3, -9.67010131835937500000e+02) (4, -4.56415374755859375000e+02) (5, -8.61843261718750000000e+02) (6, -5.24335741996765136719e-01) (2, 1.45697375488281250000e+03) (3, -3.99917716979980468750e+01) (4, -1.42827905273437500000e+03) (5, 8.23317432403564453125e+00) (6, 1.49683153629302978516e+00) (7, 1.50000000000000000000e+03) (8, 7.60172843933105468750e+00) (9, -1.41599082946777343750e+00) (7, 1.50000000000000000000e+03) (8, 1.26369552612304687500e+01) (9, -1.56966239213943481445e-01) 
