FANN_FLO_2.1
num_layers=3
learning_rate=0.500000
connection_rate=1.000000
network_type=0
learning_momentum=0.000000
training_algorithm=2
train_error_function=1
train_stop_function=0
cascade_output_change_fraction=0.010000
quickprop_decay=-0.000100
quickprop_mu=1.750000
rprop_increase_factor=1.200000
rprop_decrease_factor=0.500000
rprop_delta_min=0.000000
rprop_delta_max=50.000000
rprop_delta_zero=0.100000
cascade_output_stagnation_epochs=12
cascade_candidate_change_fraction=0.010000
cascade_candidate_stagnation_epochs=12
cascade_max_out_epochs=150
cascade_min_out_epochs=50
cascade_max_cand_epochs=150
cascade_min_cand_epochs=50
cascade_num_candidate_groups=2
bit_fail_limit=3.49999994039535522461e-01
cascade_candidate_limit=1.00000000000000000000e+03
cascade_weight_multiplier=4.00000005960464477539e-01
cascade_activation_functions_count=10
cascade_activation_functions=3 5 7 8 10 11 14 15 16 17 
cascade_activation_steepnesses_count=4
cascade_activation_steepnesses=2.50000000000000000000e-01 5.00000000000000000000e-01 7.50000000000000000000e-01 1.00000000000000000000e+00 
layer_sizes=10 5 2 
scale_included=0
neurons (num_inputs, activation_function, activation_steepness)=(0, 0, 0.00000000000000000000e+00) (0, 0, 0.00000000000000000000e+00) (0, 0, 0.00000000000000000000e+00) (0, 0, 0.00000000000000000000e+00) (0, 0, 0.00000000000000000000e+00) (0, 0, 0.00000000000000000000e+00) (0, 0, 0.00000000000000000000e+00) (0, 0, 0.00000000000000000000e+00) (0, 0, 0.00000000000000000000e+00) (0, 0, 0.00000000000000000000e+00) (10, 3, 5.00000000000000000000e-01) (10, 3, 5.00000000000000000000e-01) (10, 3, 5.00000000000000000000e-01) (10, 3, 5.00000000000000000000e-01) (0, 3, 0.00000000000000000000e+00) (5, 3, 5.00000000000000000000e-01) (0, 3, 0.00000000000000000000e+00) 
connections (connected_to_neuron, weight)=(0, 4.79644851684570312500e+01) (1, 1.01831781864166259766e+00) (2, 2.98204574584960937500e+01) (3, 1.27199344635009765625e+01) (4, 6.00354528427124023438e+00) (5, -1.15612716674804687500e+01) (6, -3.24446945190429687500e+01) (7, -3.59469184875488281250e+01) (8, -1.11912279129028320312e+01) (9, 1.90897250175476074219e+00) (0, 1.26533359289169311523e-01) (1, 1.67677040100097656250e+01) (2, 3.25533151626586914062e+00) (3, -4.67816382646560668945e-01) (4, -2.78451704978942871094e+00) (5, 6.24734830856323242188e+00) (6, -1.19359290599822998047e+00) (7, -1.52334671020507812500e+01) (8, -5.38416290283203125000e+00) (9, -2.33816647529602050781e+00) (0, 1.09350943565368652344e+00) (1, 1.10924196243286132812e+01) (2, 3.47074604034423828125e+00) (3, -2.69958734512329101562e+00) (4, -7.64927196502685546875e+00) (5, 1.17410020828247070312e+01) (6, 1.22352220118045806885e-01) (7, -1.47405271530151367188e+01) (8, -5.54952096939086914062e+00) (9, -1.26339733600616455078e+00) (0, -9.46572542190551757812e-01) (1, 1.05253458023071289062e+01) (2, 1.70794563293457031250e+01) (3, -1.27167129516601562500e+01) (4, 2.77257461547851562500e+01) (5, 4.16589832305908203125e+00) (6, 1.15222692489624023438e+00) (7, -4.20234947204589843750e+01) (8, -4.14995861053466796875e+00) (9, -4.08058017492294311523e-01) (10, -2.51401352882385253906e+00) (11, 2.41720223426818847656e+00) (12, 1.12925660610198974609e+00) (13, -9.88589406013488769531e-01) (14, 8.67011845111846923828e-01) 
