FANN_FLO_2.1
num_layers=4
learning_rate=0.400000
connection_rate=1.000000
network_type=0
learning_momentum=0.000000
training_algorithm=2
train_error_function=1
train_stop_function=0
cascade_output_change_fraction=0.010000
quickprop_decay=-0.000100
quickprop_mu=1.750000
rprop_increase_factor=1.200000
rprop_decrease_factor=0.500000
rprop_delta_min=0.000000
rprop_delta_max=50.000000
rprop_delta_zero=0.100000
cascade_output_stagnation_epochs=12
cascade_candidate_change_fraction=0.010000
cascade_candidate_stagnation_epochs=12
cascade_max_out_epochs=150
cascade_min_out_epochs=50
cascade_max_cand_epochs=150
cascade_min_cand_epochs=50
cascade_num_candidate_groups=2
bit_fail_limit=3.49999994039535522461e-01
cascade_candidate_limit=1.00000000000000000000e+03
cascade_weight_multiplier=4.00000005960464477539e-01
cascade_activation_functions_count=10
cascade_activation_functions=3 5 7 8 10 11 14 15 16 17 
cascade_activation_steepnesses_count=4
cascade_activation_steepnesses=2.50000000000000000000e-01 5.00000000000000000000e-01 7.50000000000000000000e-01 1.00000000000000000000e+00 
layer_sizes=7 5 5 2 
scale_included=0
neurons (num_inputs, activation_function, activation_steepness)=(0, 0, 0.00000000000000000000e+00) (0, 0, 0.00000000000000000000e+00) (0, 0, 0.00000000000000000000e+00) (0, 0, 0.00000000000000000000e+00) (0, 0, 0.00000000000000000000e+00) (0, 0, 0.00000000000000000000e+00) (0, 0, 0.00000000000000000000e+00) (7, 3, 5.00000000000000000000e-01) (7, 3, 5.00000000000000000000e-01) (7, 3, 5.00000000000000000000e-01) (7, 3, 5.00000000000000000000e-01) (0, 3, 0.00000000000000000000e+00) (5, 3, 5.00000000000000000000e-01) (5, 3, 5.00000000000000000000e-01) (5, 3, 5.00000000000000000000e-01) (5, 3, 5.00000000000000000000e-01) (0, 3, 0.00000000000000000000e+00) (5, 3, 5.00000000000000000000e-01) (0, 3, 0.00000000000000000000e+00) 
connections (connected_to_neuron, weight)=(0, -3.68798232078552246094e+00) (1, -2.37600398063659667969e+00) (2, -7.13844823837280273438e+00) (3, -7.41702318191528320312e-01) (4, 3.10049247741699218750e+00) (5, -1.86238348484039306641e+00) (6, 1.36950469017028808594e+00) (0, 5.60441637039184570312e+00) (1, -6.28118324279785156250e+00) (2, 4.37480974197387695312e+00) (3, -1.47757029533386230469e+00) (4, -4.87250775098800659180e-01) (5, 2.89934730529785156250e+00) (6, -2.84947586059570312500e+00) (0, -9.51586961746215820312e-01) (1, 8.89138244628906250000e+02) (2, -2.63433799743652343750e+01) (3, 1.41060924530029296875e+00) (4, -4.46930633544921875000e+02) (5, -6.02689392089843750000e+02) (6, 8.71008574962615966797e-01) (0, -5.09208965301513671875e+00) (1, 6.33401393890380859375e+00) (2, -5.30407619476318359375e+00) (3, -6.71709012985229492188e+00) (4, -3.18338823318481445312e+00) (5, -4.11705303192138671875e+00) (6, -8.30461382865905761719e-01) (7, 5.46560239791870117188e+00) (8, 4.44756412506103515625e+00) (9, -9.01425063610076904297e-01) (10, 2.13403213500976562500e+02) (11, -2.39919877052307128906e+00) (7, 9.24106884002685546875e+00) (8, 3.22496771812438964844e+00) (9, 2.13832163810729980469e+00) (10, -1.66583843231201171875e+01) (11, -1.10869061946868896484e+00) (7, -2.48846888542175292969e+00) (8, 6.69678831100463867188e+00) (9, -5.18794119358062744141e-01) (10, 1.50203742980957031250e+01) (11, -2.45681762695312500000e+00) (7, 1.93119132518768310547e+00) (8, 5.46544742584228515625e+00) (9, 1.70350348949432373047e+00) (10, 2.50238983154296875000e+02) (11, -2.42318964004516601562e+00) (12, -1.07834923267364501953e+00) (13, -9.50400948524475097656e-01) (14, -4.90434551239013671875e+00) (15, -8.15494894981384277344e-01) (16, -7.14829042553901672363e-02) 
