FANN_FLO_2.1
num_layers=4
learning_rate=0.500000
connection_rate=1.000000
network_type=0
learning_momentum=0.000000
training_algorithm=2
train_error_function=1
train_stop_function=0
cascade_output_change_fraction=0.010000
quickprop_decay=-0.000100
quickprop_mu=1.750000
rprop_increase_factor=1.200000
rprop_decrease_factor=0.500000
rprop_delta_min=0.000000
rprop_delta_max=50.000000
rprop_delta_zero=0.100000
cascade_output_stagnation_epochs=12
cascade_candidate_change_fraction=0.010000
cascade_candidate_stagnation_epochs=12
cascade_max_out_epochs=150
cascade_min_out_epochs=50
cascade_max_cand_epochs=150
cascade_min_cand_epochs=50
cascade_num_candidate_groups=2
bit_fail_limit=3.49999994039535522461e-01
cascade_candidate_limit=1.00000000000000000000e+03
cascade_weight_multiplier=4.00000005960464477539e-01
cascade_activation_functions_count=10
cascade_activation_functions=3 5 7 8 10 11 14 15 16 17 
cascade_activation_steepnesses_count=4
cascade_activation_steepnesses=2.50000000000000000000e-01 5.00000000000000000000e-01 7.50000000000000000000e-01 1.00000000000000000000e+00 
layer_sizes=10 5 3 2 
scale_included=0
neurons (num_inputs, activation_function, activation_steepness)=(0, 0, 0.00000000000000000000e+00) (0, 0, 0.00000000000000000000e+00) (0, 0, 0.00000000000000000000e+00) (0, 0, 0.00000000000000000000e+00) (0, 0, 0.00000000000000000000e+00) (0, 0, 0.00000000000000000000e+00) (0, 0, 0.00000000000000000000e+00) (0, 0, 0.00000000000000000000e+00) (0, 0, 0.00000000000000000000e+00) (0, 0, 0.00000000000000000000e+00) (10, 3, 5.00000000000000000000e-01) (10, 3, 5.00000000000000000000e-01) (10, 3, 5.00000000000000000000e-01) (10, 3, 5.00000000000000000000e-01) (0, 3, 0.00000000000000000000e+00) (5, 3, 5.00000000000000000000e-01) (5, 3, 5.00000000000000000000e-01) (0, 3, 0.00000000000000000000e+00) (3, 3, 5.00000000000000000000e-01) (0, 3, 0.00000000000000000000e+00) 
connections (connected_to_neuron, weight)=(0, -1.19016671180725097656e+00) (1, -1.36032116413116455078e+00) (2, -2.57418346405029296875e+00) (3, 9.04216095805168151855e-02) (4, 1.65125739574432373047e+00) (5, 1.31774616241455078125e+00) (6, -2.09065651893615722656e+00) (7, -7.44005918502807617188e-01) (8, -1.17710912227630615234e+00) (9, 1.56319117546081542969e+00) (0, -2.51293826103210449219e+00) (1, 1.65029048919677734375e+00) (2, -1.57833456993103027344e+00) (3, 1.39258551597595214844e+00) (4, 5.74268531799316406250e+00) (5, 7.27498245239257812500e+00) (6, -2.97705006599426269531e+00) (7, -1.00182366371154785156e+00) (8, 2.27797675132751464844e+00) (9, -1.02902352809906005859e+00) (0, -2.05820366740226745605e-01) (1, 3.43151521682739257812e+00) (2, -5.23969936370849609375e+00) (3, 3.97543954849243164062e+00) (4, 1.35317134857177734375e+00) (5, 7.53163278102874755859e-01) (6, 1.22218835353851318359e+00) (7, -6.82043409347534179688e+00) (8, -2.02198171615600585938e+00) (9, 4.03054088354110717773e-01) (0, 4.10822153091430664062e-01) (1, 4.12284088134765625000e+00) (2, -7.18529701232910156250e-01) (3, -2.53178668022155761719e+00) (4, 5.86134243011474609375e+00) (5, 4.10838794708251953125e+00) (6, -3.63330036401748657227e-01) (7, -6.45360136032104492188e+00) (8, -2.13420181274414062500e+01) (9, -3.50574135780334472656e-01) (10, -7.25559854507446289062e+00) (11, -1.80157649517059326172e+00) (12, -3.54839563369750976562e+00) (13, -1.14440834522247314453e+00) (14, 2.84730529785156250000e+00) (10, -4.91263484954833984375e+00) (11, 4.67074155807495117188e+00) (12, -1.95704385638236999512e-01) (13, 4.89140599966049194336e-01) (14, -1.84475028514862060547e+00) (15, -1.16689739227294921875e+01) (16, 2.58707141876220703125e+00) (17, 1.44417241215705871582e-01) 
