FANN_FLO_2.1
num_layers=3
learning_rate=0.500000
connection_rate=1.000000
network_type=0
learning_momentum=0.000000
training_algorithm=2
train_error_function=1
train_stop_function=0
cascade_output_change_fraction=0.010000
quickprop_decay=-0.000100
quickprop_mu=1.750000
rprop_increase_factor=1.200000
rprop_decrease_factor=0.500000
rprop_delta_min=0.000000
rprop_delta_max=50.000000
rprop_delta_zero=0.100000
cascade_output_stagnation_epochs=12
cascade_candidate_change_fraction=0.010000
cascade_candidate_stagnation_epochs=12
cascade_max_out_epochs=150
cascade_min_out_epochs=50
cascade_max_cand_epochs=150
cascade_min_cand_epochs=50
cascade_num_candidate_groups=2
bit_fail_limit=3.49999994039535522461e-01
cascade_candidate_limit=1.00000000000000000000e+03
cascade_weight_multiplier=4.00000005960464477539e-01
cascade_activation_functions_count=10
cascade_activation_functions=3 5 7 8 10 11 14 15 16 17 
cascade_activation_steepnesses_count=4
cascade_activation_steepnesses=2.50000000000000000000e-01 5.00000000000000000000e-01 7.50000000000000000000e-01 1.00000000000000000000e+00 
layer_sizes=10 5 2 
scale_included=0
neurons (num_inputs, activation_function, activation_steepness)=(0, 0, 0.00000000000000000000e+00) (0, 0, 0.00000000000000000000e+00) (0, 0, 0.00000000000000000000e+00) (0, 0, 0.00000000000000000000e+00) (0, 0, 0.00000000000000000000e+00) (0, 0, 0.00000000000000000000e+00) (0, 0, 0.00000000000000000000e+00) (0, 0, 0.00000000000000000000e+00) (0, 0, 0.00000000000000000000e+00) (0, 0, 0.00000000000000000000e+00) (10, 3, 5.00000000000000000000e-01) (10, 3, 5.00000000000000000000e-01) (10, 3, 5.00000000000000000000e-01) (10, 3, 5.00000000000000000000e-01) (0, 3, 0.00000000000000000000e+00) (5, 3, 5.00000000000000000000e-01) (0, 3, 0.00000000000000000000e+00) 
connections (connected_to_neuron, weight)=(0, -3.28017115592956542969e+00) (1, -7.52491593360900878906e-01) (2, -3.92021102905273437500e+01) (3, 1.56096741557121276855e-01) (4, 4.03526097536087036133e-01) (5, -1.87332713603973388672e+00) (6, 6.35549879074096679688e+00) (7, -1.95280537009239196777e-01) (8, -4.85901498794555664062e+00) (9, -4.23481285572052001953e-01) (0, -1.32468891143798828125e+00) (1, -5.89947342872619628906e-01) (2, -8.35397362709045410156e-01) (3, 1.27947974205017089844e+00) (4, -1.41676390171051025391e+00) (5, -2.59889457374811172485e-02) (6, -8.06261157989501953125e+00) (7, -9.31866884231567382812e-01) (8, 4.09597814083099365234e-01) (9, 4.27628469467163085938e+00) (0, -6.79877251386642456055e-02) (1, 1.93558275699615478516e-01) (2, -1.64390671253204345703e+00) (3, -1.77258044481277465820e-01) (4, -3.29845046997070312500e+00) (5, -3.92925906181335449219e+00) (6, 4.69833135604858398438e+00) (7, -1.05254924297332763672e+00) (8, 2.21772241592407226562e+00) (9, 1.12112700939178466797e+00) (0, 4.46753054857254028320e-01) (1, -3.53679239749908447266e-01) (2, 1.45530998706817626953e-01) (3, 5.43846273422241210938e+00) (4, -6.46686851978302001953e-01) (5, 6.45461603999137878418e-02) (6, -3.89208698272705078125e+00) (7, 6.29375457763671875000e+00) (8, -3.58089375495910644531e+00) (9, -1.65537762641906738281e+00) (10, 2.32229232788085937500e+00) (11, 2.06261515617370605469e+00) (12, 2.70241045951843261719e+00) (13, -3.68607926368713378906e+00) (14, 7.25797489285469055176e-02) 
