FANN_FLO_2.1
num_layers=3
learning_rate=0.400000
connection_rate=1.000000
network_type=0
learning_momentum=0.000000
training_algorithm=2
train_error_function=1
train_stop_function=0
cascade_output_change_fraction=0.010000
quickprop_decay=-0.000100
quickprop_mu=1.750000
rprop_increase_factor=1.200000
rprop_decrease_factor=0.500000
rprop_delta_min=0.000000
rprop_delta_max=50.000000
rprop_delta_zero=0.100000
cascade_output_stagnation_epochs=12
cascade_candidate_change_fraction=0.010000
cascade_candidate_stagnation_epochs=12
cascade_max_out_epochs=150
cascade_min_out_epochs=50
cascade_max_cand_epochs=150
cascade_min_cand_epochs=50
cascade_num_candidate_groups=2
bit_fail_limit=3.49999994039535522461e-01
cascade_candidate_limit=1.00000000000000000000e+03
cascade_weight_multiplier=4.00000005960464477539e-01
cascade_activation_functions_count=10
cascade_activation_functions=3 5 7 8 10 11 14 15 16 17 
cascade_activation_steepnesses_count=4
cascade_activation_steepnesses=2.50000000000000000000e-01 5.00000000000000000000e-01 7.50000000000000000000e-01 1.00000000000000000000e+00 
layer_sizes=7 9 2 
scale_included=0
neurons (num_inputs, activation_function, activation_steepness)=(0, 0, 0.00000000000000000000e+00) (0, 0, 0.00000000000000000000e+00) (0, 0, 0.00000000000000000000e+00) (0, 0, 0.00000000000000000000e+00) (0, 0, 0.00000000000000000000e+00) (0, 0, 0.00000000000000000000e+00) (0, 0, 0.00000000000000000000e+00) (7, 3, 5.00000000000000000000e-01) (7, 3, 5.00000000000000000000e-01) (7, 3, 5.00000000000000000000e-01) (7, 3, 5.00000000000000000000e-01) (7, 3, 5.00000000000000000000e-01) (7, 3, 5.00000000000000000000e-01) (7, 3, 5.00000000000000000000e-01) (7, 3, 5.00000000000000000000e-01) (0, 3, 0.00000000000000000000e+00) (9, 3, 5.00000000000000000000e-01) (0, 3, 0.00000000000000000000e+00) 
connections (connected_to_neuron, weight)=(0, -1.30704097747802734375e+01) (1, 1.26328926086425781250e+01) (2, -2.54151701927185058594e+00) (3, -1.35380506515502929688e+00) (4, -1.40647089481353759766e+00) (5, 4.33252334594726562500e+00) (6, 6.50638043880462646484e-01) (0, 1.04884843826293945312e+01) (1, -1.18233203887939453125e+01) (2, 9.94362926483154296875e+00) (3, -3.09800434112548828125e+00) (4, 2.20075893402099609375e+00) (5, -5.09430551528930664062e+00) (6, 5.02993106842041015625e+00) (0, 1.35848598480224609375e+01) (1, -1.37487497329711914062e+01) (2, 2.84238004684448242188e+00) (3, -2.45403695106506347656e+00) (4, -5.78321099281311035156e-01) (5, -5.67335271835327148438e+00) (6, 6.15921211242675781250e+00) (0, -7.25655555725097656250e-01) (1, -4.82682609558105468750e+00) (2, 2.76418900489807128906e+00) (3, -3.34417414665222167969e+00) (4, -4.48515701293945312500e+00) (5, 8.29586803913116455078e-01) (6, 7.86042404174804687500e+00) (0, -5.36168766021728515625e+00) (1, 3.05248236656188964844e+00) (2, -4.21595764160156250000e+00) (3, -1.75731837749481201172e+00) (4, 4.19315195083618164062e+00) (5, -9.50832946777343750000e+02) (6, -1.03633844852447509766e+00) (0, 4.14303362369537353516e-01) (1, -1.65377867221832275391e+00) (2, -1.21290769577026367188e+01) (3, -2.88412780761718750000e+01) (4, 6.31245374679565429688e+00) (5, 1.43718111515045166016e+00) (6, -2.51948094367980957031e+00) (0, -7.10333681106567382812e+00) (1, -1.55163198709487915039e-01) (2, 8.06708984375000000000e+01) (3, -1.50000000000000000000e+03) (4, -4.54421661376953125000e+02) (5, 7.39026641845703125000e+01) (6, 1.45785055160522460938e+01) (0, -2.10084342956542968750e+01) (1, -4.09531861543655395508e-01) (2, 1.84215259552001953125e+00) (3, -1.50000000000000000000e+03) (4, 1.88896143436431884766e+00) (5, -2.60918903350830078125e+01) (6, 4.47519987821578979492e-01) (7, -4.05098867416381835938e+00) (8, -1.06741857528686523438e+00) (9, -2.73561763763427734375e+00) (10, -8.33112895488739013672e-01) (11, -7.65042304992675781250e-01) (12, -1.81219446659088134766e+00) (13, 1.50000000000000000000e+03) (14, 1.50000000000000000000e+03) (15, 3.06027007102966308594e+00) 
