FANN_FLO_2.1
num_layers=4
learning_rate=0.500000
connection_rate=1.000000
network_type=0
learning_momentum=0.000000
training_algorithm=2
train_error_function=1
train_stop_function=0
cascade_output_change_fraction=0.010000
quickprop_decay=-0.000100
quickprop_mu=1.750000
rprop_increase_factor=1.200000
rprop_decrease_factor=0.500000
rprop_delta_min=0.000000
rprop_delta_max=50.000000
rprop_delta_zero=0.100000
cascade_output_stagnation_epochs=12
cascade_candidate_change_fraction=0.010000
cascade_candidate_stagnation_epochs=12
cascade_max_out_epochs=150
cascade_min_out_epochs=50
cascade_max_cand_epochs=150
cascade_min_cand_epochs=50
cascade_num_candidate_groups=2
bit_fail_limit=3.49999994039535522461e-01
cascade_candidate_limit=1.00000000000000000000e+03
cascade_weight_multiplier=4.00000005960464477539e-01
cascade_activation_functions_count=10
cascade_activation_functions=3 5 7 8 10 11 14 15 16 17 
cascade_activation_steepnesses_count=4
cascade_activation_steepnesses=2.50000000000000000000e-01 5.00000000000000000000e-01 7.50000000000000000000e-01 1.00000000000000000000e+00 
layer_sizes=10 5 3 2 
scale_included=0
neurons (num_inputs, activation_function, activation_steepness)=(0, 0, 0.00000000000000000000e+00) (0, 0, 0.00000000000000000000e+00) (0, 0, 0.00000000000000000000e+00) (0, 0, 0.00000000000000000000e+00) (0, 0, 0.00000000000000000000e+00) (0, 0, 0.00000000000000000000e+00) (0, 0, 0.00000000000000000000e+00) (0, 0, 0.00000000000000000000e+00) (0, 0, 0.00000000000000000000e+00) (0, 0, 0.00000000000000000000e+00) (10, 3, 5.00000000000000000000e-01) (10, 3, 5.00000000000000000000e-01) (10, 3, 5.00000000000000000000e-01) (10, 3, 5.00000000000000000000e-01) (0, 3, 0.00000000000000000000e+00) (5, 3, 5.00000000000000000000e-01) (5, 3, 5.00000000000000000000e-01) (0, 3, 0.00000000000000000000e+00) (3, 3, 5.00000000000000000000e-01) (0, 3, 0.00000000000000000000e+00) 
connections (connected_to_neuron, weight)=(0, 9.93072986602783203125e+00) (1, -2.78906869888305664062e+00) (2, 1.09273214340209960938e+01) (3, 1.50749659538269042969e+00) (4, 1.03954471647739410400e-01) (5, 1.79651033878326416016e+00) (6, -1.71904487609863281250e+01) (7, -2.69341897964477539062e+00) (8, 4.16254281997680664062e+00) (9, -2.44579195976257324219e+00) (0, 4.71334648132324218750e+00) (1, -8.46692752838134765625e+00) (2, 7.01915359497070312500e+00) (3, 7.00839996337890625000e+00) (4, -6.48701488971710205078e-01) (5, -2.02628636360168457031e+00) (6, -1.89136009216308593750e+01) (7, -5.90906620025634765625e-01) (8, 4.20427709817886352539e-01) (9, -2.91449874639511108398e-01) (0, 9.91526842117309570312e-01) (1, -1.40024881362915039062e+01) (2, -8.34686946868896484375e+00) (3, 3.61443376541137695312e+00) (4, 9.49230313301086425781e-01) (5, 1.08402812480926513672e+00) (6, 2.76665472984313964844e+00) (7, 1.51832084655761718750e+01) (8, 3.29414486885070800781e+00) (9, -1.85683512687683105469e+00) (0, -2.40614533424377441406e+00) (1, -2.00202407836914062500e+01) (2, -2.16909885406494140625e+00) (3, 4.19866895675659179688e+00) (4, 2.14652156829833984375e+00) (5, 1.46487808227539062500e+00) (6, 1.18825268745422363281e+00) (7, 1.30828914642333984375e+01) (8, 2.93681097030639648438e+00) (9, -1.49224889278411865234e+00) (10, -8.63892555236816406250e-01) (11, -3.97330117225646972656e+00) (12, -8.86213588714599609375e+00) (13, 1.07461154460906982422e+00) (14, 3.06446504592895507812e+00) (10, -1.49924475097656250000e+03) (11, -1.49233593750000000000e+03) (12, 1.10596961975097656250e+02) (13, 3.90827789306640625000e+02) (14, 4.87228870391845703125e+00) (15, 2.94946599006652832031e+00) (16, 2.50756955146789550781e+00) (17, -1.66951954364776611328e+00) 
