FANN_FLO_2.1
num_layers=3
learning_rate=0.400000
connection_rate=1.000000
network_type=0
learning_momentum=0.000000
training_algorithm=2
train_error_function=1
train_stop_function=0
cascade_output_change_fraction=0.010000
quickprop_decay=-0.000100
quickprop_mu=1.750000
rprop_increase_factor=1.200000
rprop_decrease_factor=0.500000
rprop_delta_min=0.000000
rprop_delta_max=50.000000
rprop_delta_zero=0.100000
cascade_output_stagnation_epochs=12
cascade_candidate_change_fraction=0.010000
cascade_candidate_stagnation_epochs=12
cascade_max_out_epochs=150
cascade_min_out_epochs=50
cascade_max_cand_epochs=150
cascade_min_cand_epochs=50
cascade_num_candidate_groups=2
bit_fail_limit=3.49999994039535522461e-01
cascade_candidate_limit=1.00000000000000000000e+03
cascade_weight_multiplier=4.00000005960464477539e-01
cascade_activation_functions_count=10
cascade_activation_functions=3 5 7 8 10 11 14 15 16 17 
cascade_activation_steepnesses_count=4
cascade_activation_steepnesses=2.50000000000000000000e-01 5.00000000000000000000e-01 7.50000000000000000000e-01 1.00000000000000000000e+00 
layer_sizes=7 9 2 
scale_included=0
neurons (num_inputs, activation_function, activation_steepness)=(0, 0, 0.00000000000000000000e+00) (0, 0, 0.00000000000000000000e+00) (0, 0, 0.00000000000000000000e+00) (0, 0, 0.00000000000000000000e+00) (0, 0, 0.00000000000000000000e+00) (0, 0, 0.00000000000000000000e+00) (0, 0, 0.00000000000000000000e+00) (7, 3, 5.00000000000000000000e-01) (7, 3, 5.00000000000000000000e-01) (7, 3, 5.00000000000000000000e-01) (7, 3, 5.00000000000000000000e-01) (7, 3, 5.00000000000000000000e-01) (7, 3, 5.00000000000000000000e-01) (7, 3, 5.00000000000000000000e-01) (7, 3, 5.00000000000000000000e-01) (0, 3, 0.00000000000000000000e+00) (9, 3, 5.00000000000000000000e-01) (0, 3, 0.00000000000000000000e+00) 
connections (connected_to_neuron, weight)=(0, -5.95662355422973632812e-01) (1, 3.72296839952468872070e-01) (2, -3.73696774244308471680e-01) (3, 8.99164557456970214844e-01) (4, -8.39246273040771484375e-01) (5, 2.74186372756958007812e-01) (6, 5.61817526817321777344e-01) (0, -3.34030723571777343750e+00) (1, -1.85034012794494628906e+00) (2, -1.55617547035217285156e+00) (3, 1.74938821792602539062e+00) (4, 5.18262147903442382812e-01) (5, 1.49597442150115966797e+00) (6, -2.55711650848388671875e+00) (0, -5.34097611904144287109e-01) (1, -1.13065338134765625000e+00) (2, -2.58545517921447753906e+00) (3, 1.66098380088806152344e+00) (4, -9.92126822471618652344e-01) (5, 6.21862220764160156250e+00) (6, -2.53383922576904296875e+00) (0, 7.71928548812866210938e-01) (1, -1.47090995311737060547e+00) (2, -3.25570011138916015625e+00) (3, 1.21917307376861572266e+00) (4, -8.32387924194335937500e-01) (5, 4.12894153594970703125e+00) (6, -2.50471925735473632812e+00) (0, -1.29975128173828125000e+00) (1, -1.60169005393981933594e+00) (2, -1.57378053665161132812e+00) (3, -1.28105223178863525391e+00) (4, 1.54948310852050781250e+01) (5, -1.14965229034423828125e+01) (6, -7.28142499923706054688e-01) (0, -8.74276816844940185547e-01) (1, 3.24915051460266113281e-01) (2, -3.04002791643142700195e-01) (3, 1.06565284729003906250e+00) (4, -8.19922268390655517578e-01) (5, 2.86264151334762573242e-01) (6, 6.33471488952636718750e-01) (0, -9.33197438716888427734e-01) (1, 1.17470526695251464844e+00) (2, -7.13337182998657226562e+00) (3, -1.02543210983276367188e+01) (4, 4.34178161621093750000e+00) (5, 1.28633031845092773438e+01) (6, 1.45769608020782470703e+00) (0, -5.08794021606445312500e+00) (1, -4.10395240783691406250e+00) (2, -6.88148498535156250000e-01) (3, 2.86991047859191894531e+00) (4, 2.16637492179870605469e+00) (5, 1.43649744987487792969e+00) (6, -2.28276586532592773438e+00) (7, -7.74695932865142822266e-01) (8, 1.26142466068267822266e+00) (9, 2.70919704437255859375e+00) (10, 1.33758842945098876953e+00) (11, 1.96811115741729736328e+00) (12, -8.43554496765136718750e-01) (13, -1.16921687126159667969e+00) (14, 2.70387578010559082031e+00) (15, -8.03465664386749267578e-01) 
