FANN_FLO_2.1
num_layers=4
learning_rate=0.500000
connection_rate=1.000000
network_type=0
learning_momentum=0.000000
training_algorithm=2
train_error_function=1
train_stop_function=0
cascade_output_change_fraction=0.010000
quickprop_decay=-0.000100
quickprop_mu=1.750000
rprop_increase_factor=1.200000
rprop_decrease_factor=0.500000
rprop_delta_min=0.000000
rprop_delta_max=50.000000
rprop_delta_zero=0.100000
cascade_output_stagnation_epochs=12
cascade_candidate_change_fraction=0.010000
cascade_candidate_stagnation_epochs=12
cascade_max_out_epochs=150
cascade_min_out_epochs=50
cascade_max_cand_epochs=150
cascade_min_cand_epochs=50
cascade_num_candidate_groups=2
bit_fail_limit=3.49999994039535522461e-01
cascade_candidate_limit=1.00000000000000000000e+03
cascade_weight_multiplier=4.00000005960464477539e-01
cascade_activation_functions_count=10
cascade_activation_functions=3 5 7 8 10 11 14 15 16 17 
cascade_activation_steepnesses_count=4
cascade_activation_steepnesses=2.50000000000000000000e-01 5.00000000000000000000e-01 7.50000000000000000000e-01 1.00000000000000000000e+00 
layer_sizes=10 3 3 2 
scale_included=0
neurons (num_inputs, activation_function, activation_steepness)=(0, 0, 0.00000000000000000000e+00) (0, 0, 0.00000000000000000000e+00) (0, 0, 0.00000000000000000000e+00) (0, 0, 0.00000000000000000000e+00) (0, 0, 0.00000000000000000000e+00) (0, 0, 0.00000000000000000000e+00) (0, 0, 0.00000000000000000000e+00) (0, 0, 0.00000000000000000000e+00) (0, 0, 0.00000000000000000000e+00) (0, 0, 0.00000000000000000000e+00) (10, 3, 5.00000000000000000000e-01) (10, 3, 5.00000000000000000000e-01) (0, 3, 0.00000000000000000000e+00) (3, 3, 5.00000000000000000000e-01) (3, 3, 5.00000000000000000000e-01) (0, 3, 0.00000000000000000000e+00) (3, 3, 5.00000000000000000000e-01) (0, 3, 0.00000000000000000000e+00) 
connections (connected_to_neuron, weight)=(0, 3.31667375564575195312e+00) (1, -1.76063766479492187500e+01) (2, -3.37670326232910156250e+00) (3, 9.73701000213623046875e+00) (4, 7.03833532333374023438e+00) (5, -2.08531055450439453125e+01) (6, 1.32231130599975585938e+01) (7, -6.09636783599853515625e-01) (8, 1.54017763137817382812e+01) (9, -1.07531404495239257812e+00) (0, 3.25955009460449218750e+00) (1, -9.47646331787109375000e+00) (2, 2.40887975692749023438e+00) (3, 3.20763206481933593750e+00) (4, -4.16817712783813476562e+00) (5, 2.22193256020545959473e-01) (6, 4.37484645843505859375e+00) (7, -5.78454542160034179688e+00) (8, 8.18689823150634765625e+00) (9, -1.08386051654815673828e+00) (10, 1.60082435607910156250e+01) (11, -1.54904603958129882812e+01) (12, -9.02508926391601562500e+00) (10, -5.21192502975463867188e+00) (11, -9.33171653747558593750e+00) (12, 8.27225399017333984375e+00) (13, 2.30719774961471557617e-01) (14, 2.74587202072143554688e+00) (15, -1.97320914268493652344e+00) 
