FANN_FLO_2.1
num_layers=3
learning_rate=0.500000
connection_rate=1.000000
network_type=0
learning_momentum=0.000000
training_algorithm=2
train_error_function=1
train_stop_function=0
cascade_output_change_fraction=0.010000
quickprop_decay=-0.000100
quickprop_mu=1.750000
rprop_increase_factor=1.200000
rprop_decrease_factor=0.500000
rprop_delta_min=0.000000
rprop_delta_max=50.000000
rprop_delta_zero=0.100000
cascade_output_stagnation_epochs=12
cascade_candidate_change_fraction=0.010000
cascade_candidate_stagnation_epochs=12
cascade_max_out_epochs=150
cascade_min_out_epochs=50
cascade_max_cand_epochs=150
cascade_min_cand_epochs=50
cascade_num_candidate_groups=2
bit_fail_limit=3.49999994039535522461e-01
cascade_candidate_limit=1.00000000000000000000e+03
cascade_weight_multiplier=4.00000005960464477539e-01
cascade_activation_functions_count=10
cascade_activation_functions=3 5 7 8 10 11 14 15 16 17 
cascade_activation_steepnesses_count=4
cascade_activation_steepnesses=2.50000000000000000000e-01 5.00000000000000000000e-01 7.50000000000000000000e-01 1.00000000000000000000e+00 
layer_sizes=10 5 2 
scale_included=0
neurons (num_inputs, activation_function, activation_steepness)=(0, 0, 0.00000000000000000000e+00) (0, 0, 0.00000000000000000000e+00) (0, 0, 0.00000000000000000000e+00) (0, 0, 0.00000000000000000000e+00) (0, 0, 0.00000000000000000000e+00) (0, 0, 0.00000000000000000000e+00) (0, 0, 0.00000000000000000000e+00) (0, 0, 0.00000000000000000000e+00) (0, 0, 0.00000000000000000000e+00) (0, 0, 0.00000000000000000000e+00) (10, 3, 5.00000000000000000000e-01) (10, 3, 5.00000000000000000000e-01) (10, 3, 5.00000000000000000000e-01) (10, 3, 5.00000000000000000000e-01) (0, 3, 0.00000000000000000000e+00) (5, 3, 5.00000000000000000000e-01) (0, 3, 0.00000000000000000000e+00) 
connections (connected_to_neuron, weight)=(0, -9.02107417583465576172e-01) (1, -2.67399144172668457031e+00) (2, 3.16676586866378784180e-01) (3, 1.12895536422729492188e+00) (4, -1.14561104774475097656e+00) (5, 4.65504407882690429688e+00) (6, -1.72580969333648681641e+00) (7, 5.21746540069580078125e+00) (8, 4.33112055063247680664e-01) (9, -1.92241251468658447266e+00) (0, 4.08492386341094970703e-01) (1, 1.69029787182807922363e-01) (2, -2.57813501358032226562e+00) (3, -2.10982060432434082031e+00) (4, 5.52090525627136230469e-01) (5, -1.77764534950256347656e+00) (6, -1.58930912613868713379e-01) (7, -9.46558639407157897949e-02) (8, 4.87648391723632812500e+00) (9, 1.34946978092193603516e+00) (0, -1.35892936959862709045e-02) (1, -2.26452159881591796875e+00) (2, -1.24031186103820800781e+00) (3, -4.04265403747558593750e+00) (4, 1.13127124309539794922e+00) (5, 6.39173388481140136719e-01) (6, -4.11021232604980468750e+00) (7, -4.30900841951370239258e-01) (8, 4.17467164993286132812e+00) (9, 1.39221525192260742188e+00) (0, 1.53062152862548828125e+00) (1, 4.61312592029571533203e-01) (2, 9.93389904499053955078e-01) (3, 1.40976083278656005859e+00) (4, -1.44474518299102783203e+00) (5, 2.31848430633544921875e+00) (6, -6.96271276473999023438e+00) (7, 6.01441669464111328125e+00) (8, -7.13171541690826416016e-01) (9, -1.63152968883514404297e+00) (10, -2.34748578071594238281e+00) (11, 2.56163477897644042969e+00) (12, 3.15929937362670898438e+00) (13, -2.96513795852661132812e+00) (14, 9.53475534915924072266e-02) 
