FANN_FLO_2.1
num_layers=4
learning_rate=0.500000
connection_rate=1.000000
network_type=0
learning_momentum=0.000000
training_algorithm=2
train_error_function=1
train_stop_function=0
cascade_output_change_fraction=0.010000
quickprop_decay=-0.000100
quickprop_mu=1.750000
rprop_increase_factor=1.200000
rprop_decrease_factor=0.500000
rprop_delta_min=0.000000
rprop_delta_max=50.000000
rprop_delta_zero=0.100000
cascade_output_stagnation_epochs=12
cascade_candidate_change_fraction=0.010000
cascade_candidate_stagnation_epochs=12
cascade_max_out_epochs=150
cascade_min_out_epochs=50
cascade_max_cand_epochs=150
cascade_min_cand_epochs=50
cascade_num_candidate_groups=2
bit_fail_limit=3.49999994039535522461e-01
cascade_candidate_limit=1.00000000000000000000e+03
cascade_weight_multiplier=4.00000005960464477539e-01
cascade_activation_functions_count=10
cascade_activation_functions=3 5 7 8 10 11 14 15 16 17 
cascade_activation_steepnesses_count=4
cascade_activation_steepnesses=2.50000000000000000000e-01 5.00000000000000000000e-01 7.50000000000000000000e-01 1.00000000000000000000e+00 
layer_sizes=2 5 3 3 
scale_included=0
neurons (num_inputs, activation_function, activation_steepness)=(0, 0, 0.00000000000000000000e+00) (0, 0, 0.00000000000000000000e+00) (2, 3, 5.00000000000000000000e-01) (2, 3, 5.00000000000000000000e-01) (2, 3, 5.00000000000000000000e-01) (2, 3, 5.00000000000000000000e-01) (0, 3, 0.00000000000000000000e+00) (5, 3, 5.00000000000000000000e-01) (5, 3, 5.00000000000000000000e-01) (0, 3, 0.00000000000000000000e+00) (3, 0, 5.00000000000000000000e-01) (3, 0, 5.00000000000000000000e-01) (0, 0, 0.00000000000000000000e+00) 
connections (connected_to_neuron, weight)=(0, -1.13936567306518554688e+01) (1, 2.94018816947937011719e+00) (0, -2.19762682914733886719e+00) (1, -5.36222124099731445312e+00) (0, -2.41404907226562500000e+02) (1, -4.97644567489624023438e+00) (0, -2.19044637680053710938e+00) (1, -5.37636756896972656250e+00) (2, 5.10679769515991210938e+00) (3, 9.52781906127929687500e+01) (4, 3.22852897644042968750e+01) (5, 1.78943519592285156250e+01) (6, -4.66848421096801757812e+00) (2, 1.54271440505981445312e+01) (3, -9.43180480957031250000e+02) (4, -8.22082275390625000000e+02) (5, -9.43117431640625000000e+02) (6, 1.07297384738922119141e+00) (7, 2.66092157363891601562e+00) (8, -2.86510801315307617188e+00) (9, 3.65912646055221557617e-01) (7, 4.35878610610961914062e+00) (8, 2.01356410980224609375e+00) (9, -2.71974968910217285156e+00) 
