FANN_FLO_2.1
num_layers=3
learning_rate=0.400000
connection_rate=1.000000
network_type=0
learning_momentum=0.000000
training_algorithm=2
train_error_function=1
train_stop_function=0
cascade_output_change_fraction=0.010000
quickprop_decay=-0.000100
quickprop_mu=1.750000
rprop_increase_factor=1.200000
rprop_decrease_factor=0.500000
rprop_delta_min=0.000000
rprop_delta_max=50.000000
rprop_delta_zero=0.100000
cascade_output_stagnation_epochs=12
cascade_candidate_change_fraction=0.010000
cascade_candidate_stagnation_epochs=12
cascade_max_out_epochs=150
cascade_min_out_epochs=50
cascade_max_cand_epochs=150
cascade_min_cand_epochs=50
cascade_num_candidate_groups=2
bit_fail_limit=3.49999994039535522461e-01
cascade_candidate_limit=1.00000000000000000000e+03
cascade_weight_multiplier=4.00000005960464477539e-01
cascade_activation_functions_count=10
cascade_activation_functions=3 5 7 8 10 11 14 15 16 17 
cascade_activation_steepnesses_count=4
cascade_activation_steepnesses=2.50000000000000000000e-01 5.00000000000000000000e-01 7.50000000000000000000e-01 1.00000000000000000000e+00 
layer_sizes=7 9 2 
scale_included=0
neurons (num_inputs, activation_function, activation_steepness)=(0, 0, 0.00000000000000000000e+00) (0, 0, 0.00000000000000000000e+00) (0, 0, 0.00000000000000000000e+00) (0, 0, 0.00000000000000000000e+00) (0, 0, 0.00000000000000000000e+00) (0, 0, 0.00000000000000000000e+00) (0, 0, 0.00000000000000000000e+00) (7, 3, 5.00000000000000000000e-01) (7, 3, 5.00000000000000000000e-01) (7, 3, 5.00000000000000000000e-01) (7, 3, 5.00000000000000000000e-01) (7, 3, 5.00000000000000000000e-01) (7, 3, 5.00000000000000000000e-01) (7, 3, 5.00000000000000000000e-01) (7, 3, 5.00000000000000000000e-01) (0, 3, 0.00000000000000000000e+00) (9, 3, 5.00000000000000000000e-01) (0, 3, 0.00000000000000000000e+00) 
connections (connected_to_neuron, weight)=(0, 9.51419949531555175781e-01) (1, 8.91263186931610107422e-01) (2, 9.39691066741943359375e-01) (3, -1.62095153331756591797e+00) (4, -1.01324729621410369873e-01) (5, 6.06783568859100341797e-01) (6, 4.56484526395797729492e-01) (0, -2.78622770309448242188e+00) (1, -1.18589907884597778320e-01) (2, 2.67111611366271972656e+00) (3, -3.75681233406066894531e+00) (4, 7.16207075119018554688e+00) (5, -1.44306516647338867188e+01) (6, 1.25352472066879272461e-01) (0, -1.08572280406951904297e+00) (1, -1.87741422653198242188e+00) (2, -7.36618757247924804688e-01) (3, 1.86518490314483642578e+00) (4, 4.37233638763427734375e+00) (5, -1.01951634883880615234e+00) (6, -3.05948972702026367188e+00) (0, -4.52731847763061523438e+00) (1, 9.63086247444152832031e-01) (2, -3.47434997558593750000e+00) (3, 1.12341699600219726562e+01) (4, -4.98563814163208007812e+00) (5, 3.85221123695373535156e+00) (6, -3.91304683685302734375e+00) (0, -2.03347921371459960938e+00) (1, -1.54351150989532470703e+00) (2, -2.70367813110351562500e+00) (3, 2.06887006759643554688e+00) (4, 1.28222239017486572266e+00) (5, 5.68606674671173095703e-01) (6, 1.89151084423065185547e+00) (0, -1.72608149051666259766e+00) (1, -1.74911642074584960938e+00) (2, -3.61767697334289550781e+00) (3, -1.14339840412139892578e+00) (4, 2.16486668586730957031e+00) (5, 6.85753107070922851562e+00) (6, -3.05375671386718750000e+00) (0, 8.47470641136169433594e-01) (1, 8.95264923572540283203e-01) (2, 9.58654463291168212891e-01) (3, -1.61025559902191162109e+00) (4, -1.05285480618476867676e-01) (5, 6.10711216926574707031e-01) (6, 4.45263892412185668945e-01) (0, 8.90463113784790039062e-01) (1, 7.46024310588836669922e-01) (2, 8.48946094512939453125e-01) (3, -1.66977226734161376953e+00) (4, 7.17190206050872802734e-02) (5, 5.28226315975189208984e-01) (6, 5.06362617015838623047e-01) (7, -6.06882452964782714844e-01) (8, 2.65678834915161132812e+00) (9, 1.97492611408233642578e+00) (10, 1.93847560882568359375e+00) (11, -2.05102944374084472656e+00) (12, 3.39012289047241210938e+00) (13, -5.75260818004608154297e-01) (14, -6.20853424072265625000e-01) (15, 1.20386220514774322510e-01) 
