FANN_FLO_2.1
num_layers=3
learning_rate=0.400000
connection_rate=1.000000
network_type=0
learning_momentum=0.000000
training_algorithm=2
train_error_function=1
train_stop_function=0
cascade_output_change_fraction=0.010000
quickprop_decay=-0.000100
quickprop_mu=1.750000
rprop_increase_factor=1.200000
rprop_decrease_factor=0.500000
rprop_delta_min=0.000000
rprop_delta_max=50.000000
rprop_delta_zero=0.100000
cascade_output_stagnation_epochs=12
cascade_candidate_change_fraction=0.010000
cascade_candidate_stagnation_epochs=12
cascade_max_out_epochs=150
cascade_min_out_epochs=50
cascade_max_cand_epochs=150
cascade_min_cand_epochs=50
cascade_num_candidate_groups=2
bit_fail_limit=3.49999994039535522461e-01
cascade_candidate_limit=1.00000000000000000000e+03
cascade_weight_multiplier=4.00000005960464477539e-01
cascade_activation_functions_count=10
cascade_activation_functions=3 5 7 8 10 11 14 15 16 17 
cascade_activation_steepnesses_count=4
cascade_activation_steepnesses=2.50000000000000000000e-01 5.00000000000000000000e-01 7.50000000000000000000e-01 1.00000000000000000000e+00 
layer_sizes=19 3 3 
scale_included=0
neurons (num_inputs, activation_function, activation_steepness)=(0, 0, 0.00000000000000000000e+00) (0, 0, 0.00000000000000000000e+00) (0, 0, 0.00000000000000000000e+00) (0, 0, 0.00000000000000000000e+00) (0, 0, 0.00000000000000000000e+00) (0, 0, 0.00000000000000000000e+00) (0, 0, 0.00000000000000000000e+00) (0, 0, 0.00000000000000000000e+00) (0, 0, 0.00000000000000000000e+00) (0, 0, 0.00000000000000000000e+00) (0, 0, 0.00000000000000000000e+00) (0, 0, 0.00000000000000000000e+00) (0, 0, 0.00000000000000000000e+00) (0, 0, 0.00000000000000000000e+00) (0, 0, 0.00000000000000000000e+00) (0, 0, 0.00000000000000000000e+00) (0, 0, 0.00000000000000000000e+00) (0, 0, 0.00000000000000000000e+00) (0, 0, 0.00000000000000000000e+00) (19, 3, 5.00000000000000000000e-01) (19, 3, 5.00000000000000000000e-01) (0, 3, 0.00000000000000000000e+00) (3, 3, 5.00000000000000000000e-01) (3, 3, 5.00000000000000000000e-01) (0, 3, 0.00000000000000000000e+00) 
connections (connected_to_neuron, weight)=(0, -8.45773041248321533203e-01) (1, 1.14488089084625244141e+00) (2, -2.85857439041137695312e+00) (3, -6.80122280120849609375e+00) (4, 1.73197879791259765625e+01) (5, 6.75943422317504882812e+00) (6, 4.27135276794433593750e+00) (7, -6.27883529663085937500e+00) (8, 4.12144565582275390625e+00) (9, 1.12171506881713867188e+01) (10, -2.05236268043518066406e+00) (11, -4.70891857147216796875e+00) (12, -2.07301750183105468750e+01) (13, 6.44668638706207275391e-01) (14, 9.34723281860351562500e+00) (15, 3.90090513229370117188e+00) (16, -2.88569402694702148438e+00) (17, 1.24670934677124023438e+00) (18, 4.32268142700195312500e+00) (0, 3.51913046836853027344e+00) (1, -1.11618804931640625000e+01) (2, -9.66392898559570312500e+00) (3, -3.31054496765136718750e+00) (4, -1.32567703723907470703e+00) (5, 9.72778797149658203125e+00) (6, -3.64962911605834960938e+00) (7, 2.03831100463867187500e+00) (8, -9.79998588562011718750e-01) (9, 7.51842260360717773438e+00) (10, 5.65911436080932617188e+00) (11, 1.29676427841186523438e+01) (12, 6.24857950210571289062e+00) (13, -3.36432552337646484375e+00) (14, -1.03013143539428710938e+01) (15, 1.84697952270507812500e+01) (16, 3.38830494880676269531e+00) (17, 2.24451041221618652344e+00) (18, -1.49505271911621093750e+01) (19, -8.16849887371063232422e-01) (20, -4.91631180047988891602e-01) (21, 3.96584600210189819336e-01) (19, 8.16551804542541503906e-01) (20, 4.91624951362609863281e-01) (21, -3.96418482065200805664e-01) 
