FANN_FLO_2.1
num_layers=3
learning_rate=0.400000
connection_rate=1.000000
network_type=0
learning_momentum=0.000000
training_algorithm=2
train_error_function=1
train_stop_function=0
cascade_output_change_fraction=0.010000
quickprop_decay=-0.000100
quickprop_mu=1.750000
rprop_increase_factor=1.200000
rprop_decrease_factor=0.500000
rprop_delta_min=0.000000
rprop_delta_max=50.000000
rprop_delta_zero=0.100000
cascade_output_stagnation_epochs=12
cascade_candidate_change_fraction=0.010000
cascade_candidate_stagnation_epochs=12
cascade_max_out_epochs=150
cascade_min_out_epochs=50
cascade_max_cand_epochs=150
cascade_min_cand_epochs=50
cascade_num_candidate_groups=2
bit_fail_limit=3.49999994039535522461e-01
cascade_candidate_limit=1.00000000000000000000e+03
cascade_weight_multiplier=4.00000005960464477539e-01
cascade_activation_functions_count=10
cascade_activation_functions=3 5 7 8 10 11 14 15 16 17 
cascade_activation_steepnesses_count=4
cascade_activation_steepnesses=2.50000000000000000000e-01 5.00000000000000000000e-01 7.50000000000000000000e-01 1.00000000000000000000e+00 
layer_sizes=19 3 3 
scale_included=0
neurons (num_inputs, activation_function, activation_steepness)=(0, 0, 0.00000000000000000000e+00) (0, 0, 0.00000000000000000000e+00) (0, 0, 0.00000000000000000000e+00) (0, 0, 0.00000000000000000000e+00) (0, 0, 0.00000000000000000000e+00) (0, 0, 0.00000000000000000000e+00) (0, 0, 0.00000000000000000000e+00) (0, 0, 0.00000000000000000000e+00) (0, 0, 0.00000000000000000000e+00) (0, 0, 0.00000000000000000000e+00) (0, 0, 0.00000000000000000000e+00) (0, 0, 0.00000000000000000000e+00) (0, 0, 0.00000000000000000000e+00) (0, 0, 0.00000000000000000000e+00) (0, 0, 0.00000000000000000000e+00) (0, 0, 0.00000000000000000000e+00) (0, 0, 0.00000000000000000000e+00) (0, 0, 0.00000000000000000000e+00) (0, 0, 0.00000000000000000000e+00) (19, 3, 5.00000000000000000000e-01) (19, 3, 5.00000000000000000000e-01) (0, 3, 0.00000000000000000000e+00) (3, 3, 5.00000000000000000000e-01) (3, 3, 5.00000000000000000000e-01) (0, 3, 0.00000000000000000000e+00) 
connections (connected_to_neuron, weight)=(0, 2.63959693908691406250e+00) (1, -6.75306129455566406250e+00) (2, 6.04837656021118164062e-01) (3, 6.44664716720581054688e+00) (4, -9.72426891326904296875e+00) (5, 1.28621125221252441406e+00) (6, 2.35842418670654296875e+00) (7, -6.24972295761108398438e+00) (8, 2.77078771591186523438e+00) (9, -7.26102685928344726562e+00) (10, 6.29209947586059570312e+00) (11, -4.51429188251495361328e-01) (12, -8.66530799865722656250e+00) (13, 5.67915439605712890625e+00) (14, 1.93496868014335632324e-01) (15, -7.83033084869384765625e+00) (16, 7.56450605392456054688e+00) (17, 1.02765083312988281250e+00) (18, -7.33353376388549804688e-01) (0, -5.83078956604003906250e+00) (1, 4.91208219528198242188e+00) (2, -1.57447814941406250000e+00) (3, -4.14246797561645507812e+00) (4, 3.83235168457031250000e+00) (5, 2.79000973701477050781e+00) (6, -8.62840461730957031250e+00) (7, 6.11068296432495117188e+00) (8, -6.05505287647247314453e-01) (9, 3.85310101509094238281e+00) (10, -3.09882259368896484375e+00) (11, 7.01206743717193603516e-01) (12, 8.20585536956787109375e+00) (13, -4.92027425765991210938e+00) (14, -3.73775720596313476562e-01) (15, 7.80473661422729492188e+00) (16, -6.86702346801757812500e+00) (17, 1.17814660072326660156e+00) (18, -5.96576976776123046875e+00) (19, -1.31989741325378417969e+00) (20, -1.26083493232727050781e+00) (21, 9.64101031422615051270e-02) (19, 1.31832158565521240234e+00) (20, 1.26047551631927490234e+00) (21, -9.57850068807601928711e-02) 
