FANN_FLO_2.1
num_layers=4
learning_rate=0.400000
connection_rate=1.000000
network_type=0
learning_momentum=0.000000
training_algorithm=2
train_error_function=1
train_stop_function=0
cascade_output_change_fraction=0.010000
quickprop_decay=-0.000100
quickprop_mu=1.750000
rprop_increase_factor=1.200000
rprop_decrease_factor=0.500000
rprop_delta_min=0.000000
rprop_delta_max=50.000000
rprop_delta_zero=0.100000
cascade_output_stagnation_epochs=12
cascade_candidate_change_fraction=0.010000
cascade_candidate_stagnation_epochs=12
cascade_max_out_epochs=150
cascade_min_out_epochs=50
cascade_max_cand_epochs=150
cascade_min_cand_epochs=50
cascade_num_candidate_groups=2
bit_fail_limit=3.49999994039535522461e-01
cascade_candidate_limit=1.00000000000000000000e+03
cascade_weight_multiplier=4.00000005960464477539e-01
cascade_activation_functions_count=10
cascade_activation_functions=3 5 7 8 10 11 14 15 16 17 
cascade_activation_steepnesses_count=4
cascade_activation_steepnesses=2.50000000000000000000e-01 5.00000000000000000000e-01 7.50000000000000000000e-01 1.00000000000000000000e+00 
layer_sizes=7 5 5 2 
scale_included=0
neurons (num_inputs, activation_function, activation_steepness)=(0, 0, 0.00000000000000000000e+00) (0, 0, 0.00000000000000000000e+00) (0, 0, 0.00000000000000000000e+00) (0, 0, 0.00000000000000000000e+00) (0, 0, 0.00000000000000000000e+00) (0, 0, 0.00000000000000000000e+00) (0, 0, 0.00000000000000000000e+00) (7, 3, 5.00000000000000000000e-01) (7, 3, 5.00000000000000000000e-01) (7, 3, 5.00000000000000000000e-01) (7, 3, 5.00000000000000000000e-01) (0, 3, 0.00000000000000000000e+00) (5, 3, 5.00000000000000000000e-01) (5, 3, 5.00000000000000000000e-01) (5, 3, 5.00000000000000000000e-01) (5, 3, 5.00000000000000000000e-01) (0, 3, 0.00000000000000000000e+00) (5, 3, 5.00000000000000000000e-01) (0, 3, 0.00000000000000000000e+00) 
connections (connected_to_neuron, weight)=(0, 1.68049156665802001953e+00) (1, 1.64023566246032714844e+00) (2, -2.50443363189697265625e+00) (3, -4.59741258621215820312e+00) (4, -1.27727174758911132812e+00) (5, 3.21499848365783691406e+00) (6, 1.11794877052307128906e+00) (0, -1.17070925235748291016e+00) (1, 1.39414405822753906250e+01) (2, 6.41015548706054687500e+01) (3, -1.55384814739227294922e+00) (4, -2.30129680633544921875e+01) (5, 2.78784732818603515625e+01) (6, -1.13459186553955078125e+01) (0, 8.98924350738525390625e+00) (1, -9.61226081848144531250e+00) (2, 5.49470472335815429688e+00) (3, -2.09794545173645019531e+00) (4, -2.95298933982849121094e-01) (5, 3.53681397438049316406e+00) (6, -3.61503314971923828125e+00) (0, -6.84609985351562500000e+00) (1, 5.19671106338500976562e+00) (2, -1.85804975032806396484e+00) (3, -1.11630034446716308594e+00) (4, -3.06779295206069946289e-01) (5, -1.50000000000000000000e+03) (6, 1.03266775608062744141e+00) (7, -9.11466658115386962891e-01) (8, 4.37417328357696533203e-01) (9, 5.86337900161743164062e+00) (10, 5.84759998321533203125e+00) (11, -2.72777605056762695312e+00) (7, -1.97435915470123291016e+00) (8, 1.05200600624084472656e+00) (9, 6.71879863739013671875e+00) (10, 6.24967908859252929688e+00) (11, -2.60712075233459472656e+00) (7, 1.35635566711425781250e+01) (8, 4.14512023925781250000e+01) (9, -7.91446075439453125000e+01) (10, -1.21275854110717773438e+01) (11, -5.59865379333496093750e+00) (7, 8.28620672225952148438e-01) (8, 7.45747983455657958984e-01) (9, 5.44365310668945312500e+00) (10, 6.68062353134155273438e+00) (11, -4.54977893829345703125e+00) (12, -2.03047609329223632812e+00) (13, -3.29443931579589843750e+00) (14, -1.10280549526214599609e+00) (15, -3.52996993064880371094e+00) (16, -4.19254779815673828125e-01) 
