FANN_FLO_2.1
num_layers=3
learning_rate=0.400000
connection_rate=1.000000
network_type=0
learning_momentum=0.000000
training_algorithm=2
train_error_function=1
train_stop_function=0
cascade_output_change_fraction=0.010000
quickprop_decay=-0.000100
quickprop_mu=1.750000
rprop_increase_factor=1.200000
rprop_decrease_factor=0.500000
rprop_delta_min=0.000000
rprop_delta_max=50.000000
rprop_delta_zero=0.100000
cascade_output_stagnation_epochs=12
cascade_candidate_change_fraction=0.010000
cascade_candidate_stagnation_epochs=12
cascade_max_out_epochs=150
cascade_min_out_epochs=50
cascade_max_cand_epochs=150
cascade_min_cand_epochs=50
cascade_num_candidate_groups=2
bit_fail_limit=3.49999994039535522461e-01
cascade_candidate_limit=1.00000000000000000000e+03
cascade_weight_multiplier=4.00000005960464477539e-01
cascade_activation_functions_count=10
cascade_activation_functions=3 5 7 8 10 11 14 15 16 17 
cascade_activation_steepnesses_count=4
cascade_activation_steepnesses=2.50000000000000000000e-01 5.00000000000000000000e-01 7.50000000000000000000e-01 1.00000000000000000000e+00 
layer_sizes=7 9 2 
scale_included=0
neurons (num_inputs, activation_function, activation_steepness)=(0, 0, 0.00000000000000000000e+00) (0, 0, 0.00000000000000000000e+00) (0, 0, 0.00000000000000000000e+00) (0, 0, 0.00000000000000000000e+00) (0, 0, 0.00000000000000000000e+00) (0, 0, 0.00000000000000000000e+00) (0, 0, 0.00000000000000000000e+00) (7, 3, 5.00000000000000000000e-01) (7, 3, 5.00000000000000000000e-01) (7, 3, 5.00000000000000000000e-01) (7, 3, 5.00000000000000000000e-01) (7, 3, 5.00000000000000000000e-01) (7, 3, 5.00000000000000000000e-01) (7, 3, 5.00000000000000000000e-01) (7, 3, 5.00000000000000000000e-01) (0, 3, 0.00000000000000000000e+00) (9, 3, 5.00000000000000000000e-01) (0, 3, 0.00000000000000000000e+00) 
connections (connected_to_neuron, weight)=(0, -9.40379977226257324219e-01) (1, -4.64767396450042724609e-01) (2, 4.22617584466934204102e-01) (3, -4.25753355026245117188e+00) (4, -6.52755141258239746094e-01) (5, -2.52503842115402221680e-01) (6, 4.07729417085647583008e-01) (0, -4.17162561416625976562e+00) (1, -1.96856212615966796875e+00) (2, 1.97977695465087890625e+01) (3, -4.02760171890258789062e+00) (4, -3.39182066917419433594e+00) (5, 7.51997351646423339844e-01) (6, 6.68898916244506835938e+00) (0, -2.18007750809192657471e-02) (1, -2.23821103572845458984e-01) (2, 5.45818924903869628906e-01) (3, -6.05416679382324218750e+00) (4, -3.07223767042160034180e-01) (5, 1.50295412540435791016e+00) (6, 3.69472771883010864258e-01) (0, 6.22115321457386016846e-02) (1, -2.36286699771881103516e-01) (2, -1.61575007438659667969e+00) (3, -9.05621242523193359375e+00) (4, 1.87827702611684799194e-02) (5, 2.29550123214721679688e+00) (6, 2.47003495693206787109e-01) (0, -1.33611574172973632812e+01) (1, 1.11228551864624023438e+01) (2, -5.54142189025878906250e+00) (3, -4.10361433029174804688e+00) (4, -1.26899456977844238281e+00) (5, 5.01686859130859375000e+00) (6, 3.30104112625122070312e+00) (0, 1.27946910858154296875e+01) (1, -1.45309820175170898438e+01) (2, 3.30576729774475097656e+00) (3, -4.10786867141723632812e+00) (4, -6.51859462261199951172e-01) (5, -4.92882394790649414062e+00) (6, 6.92358875274658203125e+00) (0, 6.35704135894775390625e+00) (1, -4.73827153444290161133e-01) (2, 5.51839782714843750000e+02) (3, -1.10947033691406250000e+03) (4, 7.73768463134765625000e+01) (5, 1.48430366516113281250e+01) (6, 1.89578762054443359375e+01) (0, -7.59817436337471008301e-02) (1, -3.97360146045684814453e-01) (2, 4.61572945117950439453e-01) (3, -2.45220756530761718750e+00) (4, -2.64443963766098022461e-01) (5, -8.04384127259254455566e-02) (6, 2.98613190650939941406e-01) (7, 6.99380016326904296875e+00) (8, -6.44502758979797363281e-01) (9, -2.90724873542785644531e-01) (10, -5.61837613582611083984e-01) (11, -4.16280651092529296875e+00) (12, -4.22449064254760742188e+00) (13, -4.08822387456893920898e-01) (14, 5.31582593917846679688e-01) (15, 2.59911727905273437500e+00) 
