FANN_FLO_2.1
num_layers=3
learning_rate=0.500000
connection_rate=1.000000
network_type=0
learning_momentum=0.000000
training_algorithm=2
train_error_function=1
train_stop_function=0
cascade_output_change_fraction=0.010000
quickprop_decay=-0.000100
quickprop_mu=1.750000
rprop_increase_factor=1.200000
rprop_decrease_factor=0.500000
rprop_delta_min=0.000000
rprop_delta_max=50.000000
rprop_delta_zero=0.100000
cascade_output_stagnation_epochs=12
cascade_candidate_change_fraction=0.010000
cascade_candidate_stagnation_epochs=12
cascade_max_out_epochs=150
cascade_min_out_epochs=50
cascade_max_cand_epochs=150
cascade_min_cand_epochs=50
cascade_num_candidate_groups=2
bit_fail_limit=3.49999994039535522461e-01
cascade_candidate_limit=1.00000000000000000000e+03
cascade_weight_multiplier=4.00000005960464477539e-01
cascade_activation_functions_count=10
cascade_activation_functions=3 5 7 8 10 11 14 15 16 17 
cascade_activation_steepnesses_count=4
cascade_activation_steepnesses=2.50000000000000000000e-01 5.00000000000000000000e-01 7.50000000000000000000e-01 1.00000000000000000000e+00 
layer_sizes=10 3 2 
scale_included=0
neurons (num_inputs, activation_function, activation_steepness)=(0, 0, 0.00000000000000000000e+00) (0, 0, 0.00000000000000000000e+00) (0, 0, 0.00000000000000000000e+00) (0, 0, 0.00000000000000000000e+00) (0, 0, 0.00000000000000000000e+00) (0, 0, 0.00000000000000000000e+00) (0, 0, 0.00000000000000000000e+00) (0, 0, 0.00000000000000000000e+00) (0, 0, 0.00000000000000000000e+00) (0, 0, 0.00000000000000000000e+00) (10, 3, 5.00000000000000000000e-01) (10, 3, 5.00000000000000000000e-01) (0, 3, 0.00000000000000000000e+00) (3, 3, 5.00000000000000000000e-01) (0, 3, 0.00000000000000000000e+00) 
connections (connected_to_neuron, weight)=(0, -2.28723583221435546875e+01) (1, -8.25759410858154296875e+00) (2, 1.94702327251434326172e-01) (3, -5.43904840946197509766e-01) (4, 5.87270832061767578125e+00) (5, 3.31745773553848266602e-01) (6, 1.89212779998779296875e+01) (7, -1.01453494280576705933e-02) (8, -1.59914147853851318359e+00) (9, 1.01405896246433258057e-01) (0, 1.20673441886901855469e+00) (1, 1.05964899063110351562e+01) (2, 8.48630332946777343750e+00) (3, -9.42891687154769897461e-02) (4, 6.52885246276855468750e+00) (5, -7.61048346757888793945e-02) (6, -7.48097467422485351562e+00) (7, -1.82874565124511718750e+01) (8, -1.22469377517700195312e+00) (9, -8.30116868019104003906e-01) (10, 4.61940670013427734375e+00) (11, 4.64566421508789062500e+00) (12, -3.70971703529357910156e+00) 
