FANN_FLO_2.1
num_layers=3
learning_rate=0.400000
connection_rate=1.000000
network_type=0
learning_momentum=0.000000
training_algorithm=2
train_error_function=1
train_stop_function=0
cascade_output_change_fraction=0.010000
quickprop_decay=-0.000100
quickprop_mu=1.750000
rprop_increase_factor=1.200000
rprop_decrease_factor=0.500000
rprop_delta_min=0.000000
rprop_delta_max=50.000000
rprop_delta_zero=0.100000
cascade_output_stagnation_epochs=12
cascade_candidate_change_fraction=0.010000
cascade_candidate_stagnation_epochs=12
cascade_max_out_epochs=150
cascade_min_out_epochs=50
cascade_max_cand_epochs=150
cascade_min_cand_epochs=50
cascade_num_candidate_groups=2
bit_fail_limit=3.49999994039535522461e-01
cascade_candidate_limit=1.00000000000000000000e+03
cascade_weight_multiplier=4.00000005960464477539e-01
cascade_activation_functions_count=10
cascade_activation_functions=3 5 7 8 10 11 14 15 16 17 
cascade_activation_steepnesses_count=4
cascade_activation_steepnesses=2.50000000000000000000e-01 5.00000000000000000000e-01 7.50000000000000000000e-01 1.00000000000000000000e+00 
layer_sizes=7 9 2 
scale_included=0
neurons (num_inputs, activation_function, activation_steepness)=(0, 0, 0.00000000000000000000e+00) (0, 0, 0.00000000000000000000e+00) (0, 0, 0.00000000000000000000e+00) (0, 0, 0.00000000000000000000e+00) (0, 0, 0.00000000000000000000e+00) (0, 0, 0.00000000000000000000e+00) (0, 0, 0.00000000000000000000e+00) (7, 3, 5.00000000000000000000e-01) (7, 3, 5.00000000000000000000e-01) (7, 3, 5.00000000000000000000e-01) (7, 3, 5.00000000000000000000e-01) (7, 3, 5.00000000000000000000e-01) (7, 3, 5.00000000000000000000e-01) (7, 3, 5.00000000000000000000e-01) (7, 3, 5.00000000000000000000e-01) (0, 3, 0.00000000000000000000e+00) (9, 3, 5.00000000000000000000e-01) (0, 3, 0.00000000000000000000e+00) 
connections (connected_to_neuron, weight)=(0, 5.70745944976806640625e-01) (1, -1.97671031951904296875e+00) (2, -7.40761032104492187500e+01) (3, 9.28795337677001953125e+00) (4, 7.26478147506713867188e+00) (5, 5.07920598983764648438e+00) (6, -2.04512238502502441406e+00) (0, -9.31656181812286376953e-01) (1, -5.49823343753814697266e-01) (2, -1.28264074325561523438e+01) (3, -2.26365447044372558594e+00) (4, -2.48211050033569335938e+00) (5, 4.54363346099853515625e+00) (6, -1.30584371089935302734e+00) (0, -8.04627895355224609375e+00) (1, 7.09451627731323242188e+00) (2, -2.17547416687011718750e+00) (3, -2.10615015029907226562e+00) (4, -8.27378153800964355469e-01) (5, -4.29391241073608398438e+00) (6, 1.82207543402910232544e-02) (0, 9.95959854125976562500e+00) (1, -1.19485569000244140625e+01) (2, 4.53853893280029296875e+00) (3, -4.72294902801513671875e+00) (4, -8.51468503475189208984e-01) (5, 9.63103389739990234375e+00) (6, -8.70513343811035156250e+00) (0, -1.85488643646240234375e+01) (1, 2.13435707092285156250e+01) (2, 1.28165878295898437500e+02) (3, -2.16753356933593750000e+02) (4, -1.24978959560394287109e-01) (5, -3.41850727796554565430e-01) (6, 3.90506416559219360352e-01) (0, -4.15939760208129882812e+00) (1, -8.40957224369049072266e-01) (2, -1.04508280754089355469e+00) (3, -1.02748918533325195312e+01) (4, -2.94129490852355957031e+00) (5, 4.94720220565795898438e+00) (6, -1.23960800468921661377e-01) (0, 1.34976840019226074219e+00) (1, -7.48468875885009765625e+00) (2, 1.69718994140625000000e+02) (3, -5.24798488616943359375e+00) (4, -8.05661320686340332031e-01) (5, 1.99930183589458465576e-02) (6, 4.28213500976562500000e+00) (0, 1.94363713264465332031e+00) (1, -1.14568166434764862061e-01) (2, 3.80006790161132812500e+00) (3, 9.75583267211914062500e+00) (4, -1.47332944869995117188e+01) (5, 1.93741664886474609375e+01) (6, -3.73553299903869628906e+00) (7, -2.83144861459732055664e-01) (8, -4.81198102235794067383e-01) (9, -1.11057558059692382812e+01) (10, -1.23508672714233398438e+01) (11, 1.87731399536132812500e+01) (12, 3.01178884506225585938e+00) (13, -9.08381164073944091797e-01) (14, -4.85904037952423095703e-01) (15, -5.72374016046524047852e-02) 
