FANN_FLO_2.1
num_layers=4
learning_rate=0.400000
connection_rate=1.000000
network_type=0
learning_momentum=0.000000
training_algorithm=2
train_error_function=1
train_stop_function=0
cascade_output_change_fraction=0.010000
quickprop_decay=-0.000100
quickprop_mu=1.750000
rprop_increase_factor=1.200000
rprop_decrease_factor=0.500000
rprop_delta_min=0.000000
rprop_delta_max=50.000000
rprop_delta_zero=0.100000
cascade_output_stagnation_epochs=12
cascade_candidate_change_fraction=0.010000
cascade_candidate_stagnation_epochs=12
cascade_max_out_epochs=150
cascade_min_out_epochs=50
cascade_max_cand_epochs=150
cascade_min_cand_epochs=50
cascade_num_candidate_groups=2
bit_fail_limit=3.49999994039535522461e-01
cascade_candidate_limit=1.00000000000000000000e+03
cascade_weight_multiplier=4.00000005960464477539e-01
cascade_activation_functions_count=10
cascade_activation_functions=3 5 7 8 10 11 14 15 16 17 
cascade_activation_steepnesses_count=4
cascade_activation_steepnesses=2.50000000000000000000e-01 5.00000000000000000000e-01 7.50000000000000000000e-01 1.00000000000000000000e+00 
layer_sizes=7 5 3 2 
scale_included=0
neurons (num_inputs, activation_function, activation_steepness)=(0, 0, 0.00000000000000000000e+00) (0, 0, 0.00000000000000000000e+00) (0, 0, 0.00000000000000000000e+00) (0, 0, 0.00000000000000000000e+00) (0, 0, 0.00000000000000000000e+00) (0, 0, 0.00000000000000000000e+00) (0, 0, 0.00000000000000000000e+00) (7, 3, 5.00000000000000000000e-01) (7, 3, 5.00000000000000000000e-01) (7, 3, 5.00000000000000000000e-01) (7, 3, 5.00000000000000000000e-01) (0, 3, 0.00000000000000000000e+00) (5, 3, 5.00000000000000000000e-01) (5, 3, 5.00000000000000000000e-01) (0, 3, 0.00000000000000000000e+00) (3, 3, 5.00000000000000000000e-01) (0, 3, 0.00000000000000000000e+00) 
connections (connected_to_neuron, weight)=(0, -1.49733911132812500000e+03) (1, -8.99143249511718750000e+02) (2, 7.41938705444335937500e+01) (3, 1.47105712890625000000e+01) (4, 1.49352136230468750000e+03) (5, 5.61894409179687500000e+02) (6, 7.82974576950073242188e+00) (0, -1.19791662597656250000e+03) (1, -1.05216064453125000000e+03) (2, -8.18992248535156250000e+02) (3, -7.35361511230468750000e+02) (4, 1.33595397949218750000e+03) (5, 7.44718872070312500000e+02) (6, -2.97095984220504760742e-01) (0, -7.37521696090698242188e+00) (1, 3.36300277709960937500e+00) (2, -3.12756786346435546875e+01) (3, -1.79615077972412109375e+01) (4, -5.09316444396972656250e+00) (5, 5.10815620422363281250e+00) (6, 1.03252067565917968750e+01) (0, -9.95357055664062500000e+02) (1, -4.56839477539062500000e+02) (2, -1.50000000000000000000e+03) (3, -2.61413391113281250000e+02) (4, 1.49142065429687500000e+03) (5, 1.37857495117187500000e+03) (6, 6.16194295883178710938e+00) (7, 7.81740188598632812500e+00) (8, 2.37522705078125000000e+02) (9, 1.50000000000000000000e+03) (10, 4.10163021087646484375e+00) (11, -3.49317359924316406250e+00) (7, 1.16014146804809570312e+00) (8, -1.36836558580398559570e-01) (9, 2.90699911117553710938e+00) (10, -1.54366385936737060547e+00) (11, -9.41471755504608154297e-01) (12, -1.01114988327026367188e+00) (13, -2.23097705841064453125e+00) (14, -8.62856507301330566406e-01) 
