FANN_FLO_2.1
num_layers=3
learning_rate=0.400000
connection_rate=1.000000
network_type=0
learning_momentum=0.000000
training_algorithm=2
train_error_function=1
train_stop_function=0
cascade_output_change_fraction=0.010000
quickprop_decay=-0.000100
quickprop_mu=1.750000
rprop_increase_factor=1.200000
rprop_decrease_factor=0.500000
rprop_delta_min=0.000000
rprop_delta_max=50.000000
rprop_delta_zero=0.100000
cascade_output_stagnation_epochs=12
cascade_candidate_change_fraction=0.010000
cascade_candidate_stagnation_epochs=12
cascade_max_out_epochs=150
cascade_min_out_epochs=50
cascade_max_cand_epochs=150
cascade_min_cand_epochs=50
cascade_num_candidate_groups=2
bit_fail_limit=3.49999994039535522461e-01
cascade_candidate_limit=1.00000000000000000000e+03
cascade_weight_multiplier=4.00000005960464477539e-01
cascade_activation_functions_count=10
cascade_activation_functions=3 5 7 8 10 11 14 15 16 17 
cascade_activation_steepnesses_count=4
cascade_activation_steepnesses=2.50000000000000000000e-01 5.00000000000000000000e-01 7.50000000000000000000e-01 1.00000000000000000000e+00 
layer_sizes=19 3 3 
scale_included=0
neurons (num_inputs, activation_function, activation_steepness)=(0, 0, 0.00000000000000000000e+00) (0, 0, 0.00000000000000000000e+00) (0, 0, 0.00000000000000000000e+00) (0, 0, 0.00000000000000000000e+00) (0, 0, 0.00000000000000000000e+00) (0, 0, 0.00000000000000000000e+00) (0, 0, 0.00000000000000000000e+00) (0, 0, 0.00000000000000000000e+00) (0, 0, 0.00000000000000000000e+00) (0, 0, 0.00000000000000000000e+00) (0, 0, 0.00000000000000000000e+00) (0, 0, 0.00000000000000000000e+00) (0, 0, 0.00000000000000000000e+00) (0, 0, 0.00000000000000000000e+00) (0, 0, 0.00000000000000000000e+00) (0, 0, 0.00000000000000000000e+00) (0, 0, 0.00000000000000000000e+00) (0, 0, 0.00000000000000000000e+00) (0, 0, 0.00000000000000000000e+00) (19, 3, 5.00000000000000000000e-01) (19, 3, 5.00000000000000000000e-01) (0, 3, 0.00000000000000000000e+00) (3, 3, 5.00000000000000000000e-01) (3, 3, 5.00000000000000000000e-01) (0, 3, 0.00000000000000000000e+00) 
connections (connected_to_neuron, weight)=(0, -8.43817234039306640625e+00) (1, -1.83298021554946899414e-01) (2, -2.91271418333053588867e-01) (3, -9.07625675201416015625e+00) (4, -3.12477082014083862305e-01) (5, 3.07427120208740234375e+00) (6, -7.76473855972290039062e+00) (7, 3.17233824729919433594e+00) (8, 2.76451659202575683594e+00) (9, 3.25167727470397949219e+00) (10, 9.32055652141571044922e-01) (11, 5.13751268386840820312e-01) (12, 1.01347866058349609375e+01) (13, -1.79149651527404785156e+00) (14, -2.06717753410339355469e+00) (15, 6.56293630599975585938e+00) (16, -6.51452988386154174805e-02) (17, 8.52697864174842834473e-02) (18, -1.04999995231628417969e+00) (0, 5.41881561279296875000e+00) (1, -2.47172161936759948730e-01) (2, 2.86908239126205444336e-01) (3, 5.14719676971435546875e+00) (4, 6.79262802004814147949e-02) (5, -2.25688576698303222656e+00) (6, 5.39739704132080078125e+00) (7, -1.47206318378448486328e+00) (8, -1.49305558204650878906e+00) (9, -2.96093940734863281250e+00) (10, -2.19481438398361206055e-01) (11, -3.27064208686351776123e-02) (12, -6.68636369705200195312e+00) (13, 1.50795364379882812500e+00) (14, 1.21648180484771728516e+00) (15, -4.04102754592895507812e+00) (16, 3.23924481868743896484e-01) (17, 5.28778433799743652344e-01) (18, -1.43230164051055908203e+00) (19, -2.52849173545837402344e+00) (20, -2.78805160522460937500e+00) (21, 1.66199648380279541016e+00) (19, 2.51723957061767578125e+00) (20, 2.77366900444030761719e+00) (21, -1.65107655525207519531e+00) 
