FANN_FLO_2.1
num_layers=3
learning_rate=0.400000
connection_rate=1.000000
network_type=0
learning_momentum=0.000000
training_algorithm=2
train_error_function=1
train_stop_function=0
cascade_output_change_fraction=0.010000
quickprop_decay=-0.000100
quickprop_mu=1.750000
rprop_increase_factor=1.200000
rprop_decrease_factor=0.500000
rprop_delta_min=0.000000
rprop_delta_max=50.000000
rprop_delta_zero=0.100000
cascade_output_stagnation_epochs=12
cascade_candidate_change_fraction=0.010000
cascade_candidate_stagnation_epochs=12
cascade_max_out_epochs=150
cascade_min_out_epochs=50
cascade_max_cand_epochs=150
cascade_min_cand_epochs=50
cascade_num_candidate_groups=2
bit_fail_limit=3.49999994039535522461e-01
cascade_candidate_limit=1.00000000000000000000e+03
cascade_weight_multiplier=4.00000005960464477539e-01
cascade_activation_functions_count=10
cascade_activation_functions=3 5 7 8 10 11 14 15 16 17 
cascade_activation_steepnesses_count=4
cascade_activation_steepnesses=2.50000000000000000000e-01 5.00000000000000000000e-01 7.50000000000000000000e-01 1.00000000000000000000e+00 
layer_sizes=7 5 2 
scale_included=0
neurons (num_inputs, activation_function, activation_steepness)=(0, 0, 0.00000000000000000000e+00) (0, 0, 0.00000000000000000000e+00) (0, 0, 0.00000000000000000000e+00) (0, 0, 0.00000000000000000000e+00) (0, 0, 0.00000000000000000000e+00) (0, 0, 0.00000000000000000000e+00) (0, 0, 0.00000000000000000000e+00) (7, 3, 5.00000000000000000000e-01) (7, 3, 5.00000000000000000000e-01) (7, 3, 5.00000000000000000000e-01) (7, 3, 5.00000000000000000000e-01) (0, 3, 0.00000000000000000000e+00) (5, 3, 5.00000000000000000000e-01) (0, 3, 0.00000000000000000000e+00) 
connections (connected_to_neuron, weight)=(0, -3.18856626749038696289e-01) (1, 7.22459983825683593750e+00) (2, -6.94723653793334960938e+00) (3, -9.05230617523193359375e+00) (4, -2.75288152694702148438e+00) (5, -9.44196522235870361328e-01) (6, 1.28039884567260742188e+00) (0, -9.49026298522949218750e+00) (1, 8.66479015350341796875e+00) (2, -1.48301136493682861328e+00) (3, -1.49063336849212646484e+00) (4, -1.19983124732971191406e+00) (5, 3.35316395759582519531e+00) (6, 9.72001492977142333984e-01) (0, 1.48341960906982421875e+01) (1, -1.52615585327148437500e+01) (2, 5.97553157806396484375e+00) (3, -2.58379960060119628906e+00) (4, -1.22086055576801300049e-01) (5, -4.63787317276000976562e+00) (6, 5.42175149917602539062e+00) (0, -1.83505439758300781250e+01) (1, -7.23919630050659179688e+00) (2, -5.89216136932373046875e+00) (3, 1.63741493225097656250e+01) (4, 6.06939840316772460938e+00) (5, 1.65526092052459716797e+00) (6, 3.45025825500488281250e+00) (7, -5.66930890083312988281e-01) (8, -4.04388713836669921875e+00) (9, -3.69238901138305664062e+00) (10, -6.91125154495239257812e-01) (11, 2.95931005477905273438e+00) 
