FANN_FLO_2.1
num_layers=3
learning_rate=0.400000
connection_rate=1.000000
network_type=0
learning_momentum=0.000000
training_algorithm=2
train_error_function=1
train_stop_function=0
cascade_output_change_fraction=0.010000
quickprop_decay=-0.000100
quickprop_mu=1.750000
rprop_increase_factor=1.200000
rprop_decrease_factor=0.500000
rprop_delta_min=0.000000
rprop_delta_max=50.000000
rprop_delta_zero=0.100000
cascade_output_stagnation_epochs=12
cascade_candidate_change_fraction=0.010000
cascade_candidate_stagnation_epochs=12
cascade_max_out_epochs=150
cascade_min_out_epochs=50
cascade_max_cand_epochs=150
cascade_min_cand_epochs=50
cascade_num_candidate_groups=2
bit_fail_limit=3.49999994039535522461e-01
cascade_candidate_limit=1.00000000000000000000e+03
cascade_weight_multiplier=4.00000005960464477539e-01
cascade_activation_functions_count=10
cascade_activation_functions=3 5 7 8 10 11 14 15 16 17 
cascade_activation_steepnesses_count=4
cascade_activation_steepnesses=2.50000000000000000000e-01 5.00000000000000000000e-01 7.50000000000000000000e-01 1.00000000000000000000e+00 
layer_sizes=7 5 2 
scale_included=0
neurons (num_inputs, activation_function, activation_steepness)=(0, 0, 0.00000000000000000000e+00) (0, 0, 0.00000000000000000000e+00) (0, 0, 0.00000000000000000000e+00) (0, 0, 0.00000000000000000000e+00) (0, 0, 0.00000000000000000000e+00) (0, 0, 0.00000000000000000000e+00) (0, 0, 0.00000000000000000000e+00) (7, 3, 5.00000000000000000000e-01) (7, 3, 5.00000000000000000000e-01) (7, 3, 5.00000000000000000000e-01) (7, 3, 5.00000000000000000000e-01) (0, 3, 0.00000000000000000000e+00) (5, 3, 5.00000000000000000000e-01) (0, 3, 0.00000000000000000000e+00) 
connections (connected_to_neuron, weight)=(0, -3.68549108505249023438e+00) (1, 4.83344411849975585938e+00) (2, -4.53053617477416992188e+00) (3, -2.02309036254882812500e+00) (4, -2.39503726363182067871e-01) (5, -4.18491077423095703125e+00) (6, -7.06029951572418212891e-01) (0, -3.81669807434082031250e+00) (1, -5.54047250747680664062e+00) (2, 1.96159858703613281250e+01) (3, 6.86434602737426757812e+00) (4, -2.12270092964172363281e+00) (5, -3.30416941642761230469e+00) (6, 4.29524612426757812500e+00) (0, -1.37947416305541992188e+01) (1, 6.69281578063964843750e+00) (2, 1.08104190826416015625e+01) (3, -1.62499034404754638672e+00) (4, -2.56492495536804199219e+00) (5, 2.96006059646606445312e+00) (6, 6.07937002182006835938e+00) (0, 1.12522497177124023438e+01) (1, -1.15056781768798828125e+01) (2, 2.07195544242858886719e+00) (3, -3.29501509666442871094e+00) (4, -3.43450814485549926758e-01) (5, 7.12665414810180664062e+00) (6, -6.55189943313598632812e+00) (7, -5.94324874877929687500e+00) (8, -4.77590113878250122070e-01) (9, -1.38492560386657714844e+00) (10, -5.07568264007568359375e+00) (11, -2.22434867173433303833e-02) 
