FANN_FLO_2.1
num_layers=4
learning_rate=0.400000
connection_rate=1.000000
network_type=0
learning_momentum=0.000000
training_algorithm=2
train_error_function=1
train_stop_function=0
cascade_output_change_fraction=0.010000
quickprop_decay=-0.000100
quickprop_mu=1.750000
rprop_increase_factor=1.200000
rprop_decrease_factor=0.500000
rprop_delta_min=0.000000
rprop_delta_max=50.000000
rprop_delta_zero=0.100000
cascade_output_stagnation_epochs=12
cascade_candidate_change_fraction=0.010000
cascade_candidate_stagnation_epochs=12
cascade_max_out_epochs=150
cascade_min_out_epochs=50
cascade_max_cand_epochs=150
cascade_min_cand_epochs=50
cascade_num_candidate_groups=2
bit_fail_limit=3.49999994039535522461e-01
cascade_candidate_limit=1.00000000000000000000e+03
cascade_weight_multiplier=4.00000005960464477539e-01
cascade_activation_functions_count=10
cascade_activation_functions=3 5 7 8 10 11 14 15 16 17 
cascade_activation_steepnesses_count=4
cascade_activation_steepnesses=2.50000000000000000000e-01 5.00000000000000000000e-01 7.50000000000000000000e-01 1.00000000000000000000e+00 
layer_sizes=7 5 3 2 
scale_included=0
neurons (num_inputs, activation_function, activation_steepness)=(0, 0, 0.00000000000000000000e+00) (0, 0, 0.00000000000000000000e+00) (0, 0, 0.00000000000000000000e+00) (0, 0, 0.00000000000000000000e+00) (0, 0, 0.00000000000000000000e+00) (0, 0, 0.00000000000000000000e+00) (0, 0, 0.00000000000000000000e+00) (7, 3, 5.00000000000000000000e-01) (7, 3, 5.00000000000000000000e-01) (7, 3, 5.00000000000000000000e-01) (7, 3, 5.00000000000000000000e-01) (0, 3, 0.00000000000000000000e+00) (5, 3, 5.00000000000000000000e-01) (5, 3, 5.00000000000000000000e-01) (0, 3, 0.00000000000000000000e+00) (3, 3, 5.00000000000000000000e-01) (0, 3, 0.00000000000000000000e+00) 
connections (connected_to_neuron, weight)=(0, -1.49127551269531250000e+03) (1, 1.38066503906250000000e+03) (2, -9.96180419921875000000e+02) (3, 6.92497009277343750000e+02) (4, -1.00853042602539062500e+02) (5, 2.91090087890625000000e+02) (6, 1.62947678565979003906e+00) (0, -8.04434936523437500000e+02) (1, -9.57359850406646728516e-01) (2, 1.50000000000000000000e+03) (3, 1.48463159179687500000e+03) (4, -2.32936965942382812500e+02) (5, -1.50000000000000000000e+03) (6, 4.41460371017456054688e+00) (0, -7.59272956848144531250e+00) (1, 5.94665384292602539062e+00) (2, 9.60934638977050781250e+00) (3, -1.16593618392944335938e+01) (4, -3.27997469902038574219e+00) (5, 4.28553968667984008789e-01) (6, 4.32094001770019531250e+00) (0, -1.50000000000000000000e+03) (1, -1.50000000000000000000e+03) (2, 1.50000000000000000000e+03) (3, -4.94543991088867187500e+01) (4, -1.50000000000000000000e+03) (5, -1.50000000000000000000e+03) (6, 1.95576190948486328125e-01) (7, 9.23609912395477294922e-01) (8, -3.87184381484985351562e+00) (9, 1.63192138671875000000e+02) (10, 1.50000000000000000000e+03) (11, -5.57282876968383789062e+00) (7, 1.30499041080474853516e+00) (8, 6.66767895221710205078e-01) (9, 2.24596643447875976562e+00) (10, 1.50000000000000000000e+03) (11, -1.75299215316772460938e+00) (12, -9.97267246246337890625e-01) (13, -2.45852375030517578125e+00) (14, -7.46703088283538818359e-01) 
