FANN_FLO_2.1
num_layers=3
learning_rate=0.400000
connection_rate=1.000000
network_type=0
learning_momentum=0.000000
training_algorithm=2
train_error_function=1
train_stop_function=0
cascade_output_change_fraction=0.010000
quickprop_decay=-0.000100
quickprop_mu=1.750000
rprop_increase_factor=1.200000
rprop_decrease_factor=0.500000
rprop_delta_min=0.000000
rprop_delta_max=50.000000
rprop_delta_zero=0.100000
cascade_output_stagnation_epochs=12
cascade_candidate_change_fraction=0.010000
cascade_candidate_stagnation_epochs=12
cascade_max_out_epochs=150
cascade_min_out_epochs=50
cascade_max_cand_epochs=150
cascade_min_cand_epochs=50
cascade_num_candidate_groups=2
bit_fail_limit=3.49999994039535522461e-01
cascade_candidate_limit=1.00000000000000000000e+03
cascade_weight_multiplier=4.00000005960464477539e-01
cascade_activation_functions_count=10
cascade_activation_functions=3 5 7 8 10 11 14 15 16 17 
cascade_activation_steepnesses_count=4
cascade_activation_steepnesses=2.50000000000000000000e-01 5.00000000000000000000e-01 7.50000000000000000000e-01 1.00000000000000000000e+00 
layer_sizes=19 3 3 
scale_included=0
neurons (num_inputs, activation_function, activation_steepness)=(0, 0, 0.00000000000000000000e+00) (0, 0, 0.00000000000000000000e+00) (0, 0, 0.00000000000000000000e+00) (0, 0, 0.00000000000000000000e+00) (0, 0, 0.00000000000000000000e+00) (0, 0, 0.00000000000000000000e+00) (0, 0, 0.00000000000000000000e+00) (0, 0, 0.00000000000000000000e+00) (0, 0, 0.00000000000000000000e+00) (0, 0, 0.00000000000000000000e+00) (0, 0, 0.00000000000000000000e+00) (0, 0, 0.00000000000000000000e+00) (0, 0, 0.00000000000000000000e+00) (0, 0, 0.00000000000000000000e+00) (0, 0, 0.00000000000000000000e+00) (0, 0, 0.00000000000000000000e+00) (0, 0, 0.00000000000000000000e+00) (0, 0, 0.00000000000000000000e+00) (0, 0, 0.00000000000000000000e+00) (19, 3, 5.00000000000000000000e-01) (19, 3, 5.00000000000000000000e-01) (0, 3, 0.00000000000000000000e+00) (3, 3, 5.00000000000000000000e-01) (3, 3, 5.00000000000000000000e-01) (0, 3, 0.00000000000000000000e+00) 
connections (connected_to_neuron, weight)=(0, -5.82934141159057617188e+00) (1, -7.70348727703094482422e-01) (2, 8.66673648357391357422e-01) (3, -7.28418779373168945312e+00) (4, -8.91676068305969238281e-01) (5, 9.98500764369964599609e-01) (6, -5.69264602661132812500e+00) (7, 8.05637717247009277344e-01) (8, 7.71895587444305419922e-01) (9, 7.28458356857299804688e+00) (10, -3.78418385982513427734e-01) (11, 5.49273192882537841797e-01) (12, 6.10906410217285156250e+00) (13, -3.89369010925292968750e-01) (14, -2.46144723892211914062e+00) (15, 2.11940431594848632812e+00) (16, -8.40710699558258056641e-02) (17, -5.53022511303424835205e-02) (18, -1.62291932106018066406e+00) (0, 1.02446327209472656250e+01) (1, 1.06057572364807128906e+00) (2, -3.46939492225646972656e+00) (3, 1.77855243682861328125e+01) (4, 1.38562893867492675781e+00) (5, 6.82337665557861328125e+00) (6, 9.42492580413818359375e+00) (7, -2.74220108985900878906e+00) (8, -1.09437093734741210938e+01) (9, -1.78118591308593750000e+01) (10, 1.66187775135040283203e+00) (11, -1.34245499968528747559e-01) (12, -8.58998298645019531250e+00) (13, -1.53300487995147705078e+00) (14, 7.39516067504882812500e+00) (15, 5.81270980834960937500e+00) (16, -5.18654584884643554688e+00) (17, -2.74841594696044921875e+00) (18, -1.42707931995391845703e+00) (19, -1.77560520172119140625e+00) (20, -1.07578158378601074219e+00) (21, 5.18032431602478027344e-01) (19, 1.77911853790283203125e+00) (20, 1.07910442352294921875e+00) (21, -5.19963681697845458984e-01) 
