FANN_FLO_2.1
num_layers=4
learning_rate=0.500000
connection_rate=1.000000
network_type=0
learning_momentum=0.000000
training_algorithm=2
train_error_function=1
train_stop_function=0
cascade_output_change_fraction=0.010000
quickprop_decay=-0.000100
quickprop_mu=1.750000
rprop_increase_factor=1.200000
rprop_decrease_factor=0.500000
rprop_delta_min=0.000000
rprop_delta_max=50.000000
rprop_delta_zero=0.100000
cascade_output_stagnation_epochs=12
cascade_candidate_change_fraction=0.010000
cascade_candidate_stagnation_epochs=12
cascade_max_out_epochs=150
cascade_min_out_epochs=50
cascade_max_cand_epochs=150
cascade_min_cand_epochs=50
cascade_num_candidate_groups=2
bit_fail_limit=3.49999994039535522461e-01
cascade_candidate_limit=1.00000000000000000000e+03
cascade_weight_multiplier=4.00000005960464477539e-01
cascade_activation_functions_count=10
cascade_activation_functions=3 5 7 8 10 11 14 15 16 17 
cascade_activation_steepnesses_count=4
cascade_activation_steepnesses=2.50000000000000000000e-01 5.00000000000000000000e-01 7.50000000000000000000e-01 1.00000000000000000000e+00 
layer_sizes=2 5 3 3 
scale_included=0
neurons (num_inputs, activation_function, activation_steepness)=(0, 0, 0.00000000000000000000e+00) (0, 0, 0.00000000000000000000e+00) (2, 3, 5.00000000000000000000e-01) (2, 3, 5.00000000000000000000e-01) (2, 3, 5.00000000000000000000e-01) (2, 3, 5.00000000000000000000e-01) (0, 3, 0.00000000000000000000e+00) (5, 3, 5.00000000000000000000e-01) (5, 3, 5.00000000000000000000e-01) (0, 3, 0.00000000000000000000e+00) (3, 0, 5.00000000000000000000e-01) (3, 0, 5.00000000000000000000e-01) (0, 0, 0.00000000000000000000e+00) 
connections (connected_to_neuron, weight)=(0, 1.27934522628784179688e+01) (1, -8.58418881893157958984e-01) (0, 1.84894046783447265625e+01) (1, -8.24837684631347656250e+00) (0, 1.39547910690307617188e+01) (1, -5.99403190612792968750e+00) (0, 1.46339511871337890625e+01) (1, -2.83592152595520019531e+00) (2, 4.66916370391845703125e+00) (3, 1.14148342609405517578e+00) (4, -5.57852840423583984375e+00) (5, -2.18217328190803527832e-01) (6, -2.27672100067138671875e+00) (2, 4.35604691505432128906e-01) (3, -1.77693760395050048828e+00) (4, -2.26376175880432128906e+00) (5, -1.79177474975585937500e+00) (6, 5.09902060031890869141e-01) (7, -3.58637118339538574219e+00) (8, 3.33444148302078247070e-01) (9, 8.03651452064514160156e-01) (7, -5.05214095115661621094e-01) (8, 6.59894800186157226562e+00) (9, -2.00827360153198242188e+00) 
