FANN_FLO_2.1
num_layers=3
learning_rate=0.400000
connection_rate=1.000000
network_type=0
learning_momentum=0.000000
training_algorithm=2
train_error_function=1
train_stop_function=0
cascade_output_change_fraction=0.010000
quickprop_decay=-0.000100
quickprop_mu=1.750000
rprop_increase_factor=1.200000
rprop_decrease_factor=0.500000
rprop_delta_min=0.000000
rprop_delta_max=50.000000
rprop_delta_zero=0.100000
cascade_output_stagnation_epochs=12
cascade_candidate_change_fraction=0.010000
cascade_candidate_stagnation_epochs=12
cascade_max_out_epochs=150
cascade_min_out_epochs=50
cascade_max_cand_epochs=150
cascade_min_cand_epochs=50
cascade_num_candidate_groups=2
bit_fail_limit=3.49999994039535522461e-01
cascade_candidate_limit=1.00000000000000000000e+03
cascade_weight_multiplier=4.00000005960464477539e-01
cascade_activation_functions_count=10
cascade_activation_functions=3 5 7 8 10 11 14 15 16 17 
cascade_activation_steepnesses_count=4
cascade_activation_steepnesses=2.50000000000000000000e-01 5.00000000000000000000e-01 7.50000000000000000000e-01 1.00000000000000000000e+00 
layer_sizes=7 5 2 
scale_included=0
neurons (num_inputs, activation_function, activation_steepness)=(0, 0, 0.00000000000000000000e+00) (0, 0, 0.00000000000000000000e+00) (0, 0, 0.00000000000000000000e+00) (0, 0, 0.00000000000000000000e+00) (0, 0, 0.00000000000000000000e+00) (0, 0, 0.00000000000000000000e+00) (0, 0, 0.00000000000000000000e+00) (7, 3, 5.00000000000000000000e-01) (7, 3, 5.00000000000000000000e-01) (7, 3, 5.00000000000000000000e-01) (7, 3, 5.00000000000000000000e-01) (0, 3, 0.00000000000000000000e+00) (5, 3, 5.00000000000000000000e-01) (0, 3, 0.00000000000000000000e+00) 
connections (connected_to_neuron, weight)=(0, 6.36566257476806640625e+00) (1, -2.36102700233459472656e+00) (2, -1.06023149490356445312e+01) (3, 1.00069677829742431641e+00) (4, 3.65492558479309082031e+00) (5, 3.39193677902221679688e+00) (6, -7.40453338623046875000e+00) (0, -1.27163438796997070312e+01) (1, -2.52848172187805175781e+00) (2, 2.43894767761230468750e+00) (3, 2.30916786193847656250e+00) (4, 2.24541831016540527344e+00) (5, -1.35920596122741699219e+00) (6, 6.58943057060241699219e-01) (0, 1.47387313842773437500e+00) (1, -2.75050735473632812500e+00) (2, -2.75691938400268554688e+00) (3, 4.13913106918334960938e+00) (4, -1.65020346641540527344e-01) (5, 8.05799007415771484375e+00) (6, -6.10531187057495117188e+00) (0, 1.12261664867401123047e+00) (1, 1.08940672874450683594e+00) (2, 2.11268401145935058594e+00) (3, -2.15689611434936523438e+00) (4, 4.50691032409667968750e+00) (5, -1.14512367248535156250e+01) (6, -1.79416203498840332031e+00) (7, 3.14445457458496093750e+01) (8, 2.69988250732421875000e+00) (9, 2.43317675590515136719e+00) (10, 3.18722891807556152344e+00) (11, -2.11653804779052734375e+00) 
