FANN_FLO_2.1
num_layers=3
learning_rate=0.400000
connection_rate=1.000000
network_type=0
learning_momentum=0.000000
training_algorithm=2
train_error_function=1
train_stop_function=0
cascade_output_change_fraction=0.010000
quickprop_decay=-0.000100
quickprop_mu=1.750000
rprop_increase_factor=1.200000
rprop_decrease_factor=0.500000
rprop_delta_min=0.000000
rprop_delta_max=50.000000
rprop_delta_zero=0.100000
cascade_output_stagnation_epochs=12
cascade_candidate_change_fraction=0.010000
cascade_candidate_stagnation_epochs=12
cascade_max_out_epochs=150
cascade_min_out_epochs=50
cascade_max_cand_epochs=150
cascade_min_cand_epochs=50
cascade_num_candidate_groups=2
bit_fail_limit=3.49999994039535522461e-01
cascade_candidate_limit=1.00000000000000000000e+03
cascade_weight_multiplier=4.00000005960464477539e-01
cascade_activation_functions_count=10
cascade_activation_functions=3 5 7 8 10 11 14 15 16 17 
cascade_activation_steepnesses_count=4
cascade_activation_steepnesses=2.50000000000000000000e-01 5.00000000000000000000e-01 7.50000000000000000000e-01 1.00000000000000000000e+00 
layer_sizes=7 5 2 
scale_included=0
neurons (num_inputs, activation_function, activation_steepness)=(0, 0, 0.00000000000000000000e+00) (0, 0, 0.00000000000000000000e+00) (0, 0, 0.00000000000000000000e+00) (0, 0, 0.00000000000000000000e+00) (0, 0, 0.00000000000000000000e+00) (0, 0, 0.00000000000000000000e+00) (0, 0, 0.00000000000000000000e+00) (7, 3, 5.00000000000000000000e-01) (7, 3, 5.00000000000000000000e-01) (7, 3, 5.00000000000000000000e-01) (7, 3, 5.00000000000000000000e-01) (0, 3, 0.00000000000000000000e+00) (5, 3, 5.00000000000000000000e-01) (0, 3, 0.00000000000000000000e+00) 
connections (connected_to_neuron, weight)=(0, -7.73651075363159179688e+00) (1, 7.16449928283691406250e+00) (2, -1.82009100914001464844e+00) (3, -9.10554051399230957031e-01) (4, -5.28971314430236816406e-01) (5, -1.50000000000000000000e+03) (6, -6.55663967132568359375e-01) (0, -1.98768186569213867188e+00) (1, -2.72447891235351562500e+01) (2, -9.18910884857177734375e+00) (3, 1.91117477416992187500e+00) (4, -3.11096608638763427734e-01) (5, 1.15142068862915039062e+01) (6, 6.01960301399230957031e-01) (0, 5.30984878540039062500e+00) (1, -4.60328245162963867188e+00) (2, 2.41036725044250488281e+00) (3, -1.64765214920043945312e+00) (4, -1.47890904918313026428e-02) (5, 3.85764431953430175781e+00) (6, -5.49285316467285156250e+00) (0, -5.56873703002929687500e+00) (1, -2.43709945678710937500e+00) (2, 5.17028141021728515625e+00) (3, -8.99561023712158203125e+00) (4, -4.26888656616210937500e+00) (5, 2.86458432674407958984e-01) (6, 1.28649139404296875000e+01) (7, -1.05940694808959960938e+01) (8, -2.56493806838989257812e+00) (9, -9.43090152740478515625e+00) (10, -6.80987477302551269531e-01) (11, -4.35348331928253173828e-01) 
