FANN_FLO_2.1
num_layers=3
learning_rate=0.400000
connection_rate=1.000000
network_type=0
learning_momentum=0.000000
training_algorithm=2
train_error_function=1
train_stop_function=0
cascade_output_change_fraction=0.010000
quickprop_decay=-0.000100
quickprop_mu=1.750000
rprop_increase_factor=1.200000
rprop_decrease_factor=0.500000
rprop_delta_min=0.000000
rprop_delta_max=50.000000
rprop_delta_zero=0.100000
cascade_output_stagnation_epochs=12
cascade_candidate_change_fraction=0.010000
cascade_candidate_stagnation_epochs=12
cascade_max_out_epochs=150
cascade_min_out_epochs=50
cascade_max_cand_epochs=150
cascade_min_cand_epochs=50
cascade_num_candidate_groups=2
bit_fail_limit=3.49999994039535522461e-01
cascade_candidate_limit=1.00000000000000000000e+03
cascade_weight_multiplier=4.00000005960464477539e-01
cascade_activation_functions_count=10
cascade_activation_functions=3 5 7 8 10 11 14 15 16 17 
cascade_activation_steepnesses_count=4
cascade_activation_steepnesses=2.50000000000000000000e-01 5.00000000000000000000e-01 7.50000000000000000000e-01 1.00000000000000000000e+00 
layer_sizes=7 9 2 
scale_included=0
neurons (num_inputs, activation_function, activation_steepness)=(0, 0, 0.00000000000000000000e+00) (0, 0, 0.00000000000000000000e+00) (0, 0, 0.00000000000000000000e+00) (0, 0, 0.00000000000000000000e+00) (0, 0, 0.00000000000000000000e+00) (0, 0, 0.00000000000000000000e+00) (0, 0, 0.00000000000000000000e+00) (7, 3, 5.00000000000000000000e-01) (7, 3, 5.00000000000000000000e-01) (7, 3, 5.00000000000000000000e-01) (7, 3, 5.00000000000000000000e-01) (7, 3, 5.00000000000000000000e-01) (7, 3, 5.00000000000000000000e-01) (7, 3, 5.00000000000000000000e-01) (7, 3, 5.00000000000000000000e-01) (0, 3, 0.00000000000000000000e+00) (9, 3, 5.00000000000000000000e-01) (0, 3, 0.00000000000000000000e+00) 
connections (connected_to_neuron, weight)=(0, -3.39284873008728027344e+00) (1, -8.17553043365478515625e-01) (2, -2.47752523422241210938e+00) (3, 2.71620917320251464844e+00) (4, -1.94180622696876525879e-01) (5, 7.94741868972778320312e-01) (6, -1.12767469882965087891e+00) (0, 2.57353687286376953125e+00) (1, -1.40467000007629394531e+00) (2, -5.25915682315826416016e-01) (3, 1.10126686096191406250e+00) (4, 3.08606290817260742188e+00) (5, -5.20094573497772216797e-01) (6, -5.34704327583312988281e-01) (0, -4.33156073093414306641e-01) (1, -4.12472248077392578125e-01) (2, 1.50225186347961425781e+00) (3, 1.15484559535980224609e+00) (4, 1.39119827747344970703e+00) (5, 4.56737518310546875000e-01) (6, 9.32280197739601135254e-02) (0, 3.47217965126037597656e+00) (1, 2.30642580986022949219e+00) (2, -8.47743511199951171875e+00) (3, -5.03442907333374023438e+00) (4, -4.51848983764648437500e+00) (5, 1.88751602172851562500e+01) (6, 6.02474212646484375000e-01) (0, 3.95844602584838867188e+00) (1, 3.88221049308776855469e+00) (2, 6.78302860260009765625e+00) (3, 1.55587029457092285156e+00) (4, -6.26733875274658203125e+00) (5, -5.68878793716430664062e+00) (6, 1.52579224109649658203e+00) (0, 1.36038422584533691406e+00) (1, 3.29323148727416992188e+00) (2, -3.40021312236785888672e-01) (3, -3.20447993278503417969e+00) (4, 2.20470786094665527344e+00) (5, -1.02845830917358398438e+01) (6, 5.79517078399658203125e+00) (0, 2.35893859863281250000e+01) (1, 4.38387966156005859375e+00) (2, 1.67083907127380371094e+00) (3, -3.09799337387084960938e+00) (4, -1.25142440795898437500e+01) (5, -9.05630397796630859375e+00) (6, 1.05610456466674804688e+01) (0, 1.05832147598266601562e+00) (1, -1.02320110797882080078e+00) (2, -1.53438121080398559570e-01) (3, 2.44504690170288085938e+00) (4, 2.71944570541381835938e+00) (5, -4.23377990722656250000e-01) (6, -7.36957013607025146484e-01) (7, 2.52064013481140136719e+00) (8, 1.58550405502319335938e+00) (9, 9.21379208564758300781e-01) (10, -2.20541715621948242188e+00) (11, -1.04137647151947021484e+00) (12, -1.97791457176208496094e+00) (13, -7.46423304080963134766e-01) (14, 1.13797581195831298828e+00) (15, 5.61437487602233886719e-01) 
