FANN_FLO_2.1
num_layers=3
learning_rate=0.500000
connection_rate=1.000000
network_type=0
learning_momentum=0.000000
training_algorithm=2
train_error_function=1
train_stop_function=0
cascade_output_change_fraction=0.010000
quickprop_decay=-0.000100
quickprop_mu=1.750000
rprop_increase_factor=1.200000
rprop_decrease_factor=0.500000
rprop_delta_min=0.000000
rprop_delta_max=50.000000
rprop_delta_zero=0.100000
cascade_output_stagnation_epochs=12
cascade_candidate_change_fraction=0.010000
cascade_candidate_stagnation_epochs=12
cascade_max_out_epochs=150
cascade_min_out_epochs=50
cascade_max_cand_epochs=150
cascade_min_cand_epochs=50
cascade_num_candidate_groups=2
bit_fail_limit=3.49999994039535522461e-01
cascade_candidate_limit=1.00000000000000000000e+03
cascade_weight_multiplier=4.00000005960464477539e-01
cascade_activation_functions_count=10
cascade_activation_functions=3 5 7 8 10 11 14 15 16 17 
cascade_activation_steepnesses_count=4
cascade_activation_steepnesses=2.50000000000000000000e-01 5.00000000000000000000e-01 7.50000000000000000000e-01 1.00000000000000000000e+00 
layer_sizes=10 3 2 
scale_included=0
neurons (num_inputs, activation_function, activation_steepness)=(0, 0, 0.00000000000000000000e+00) (0, 0, 0.00000000000000000000e+00) (0, 0, 0.00000000000000000000e+00) (0, 0, 0.00000000000000000000e+00) (0, 0, 0.00000000000000000000e+00) (0, 0, 0.00000000000000000000e+00) (0, 0, 0.00000000000000000000e+00) (0, 0, 0.00000000000000000000e+00) (0, 0, 0.00000000000000000000e+00) (0, 0, 0.00000000000000000000e+00) (10, 3, 5.00000000000000000000e-01) (10, 3, 5.00000000000000000000e-01) (0, 3, 0.00000000000000000000e+00) (3, 3, 5.00000000000000000000e-01) (0, 3, 0.00000000000000000000e+00) 
connections (connected_to_neuron, weight)=(0, -9.74629497528076171875e+00) (1, -6.03128433227539062500e-01) (2, -7.39661645889282226562e+00) (3, -1.54049742221832275391e+00) (4, 1.71986609697341918945e-01) (5, 3.45361113548278808594e+00) (6, 1.22843952178955078125e+01) (7, 4.74625408649444580078e-01) (8, 1.23811349272727966309e-01) (9, -7.69481956958770751953e-02) (0, -6.40362083911895751953e-01) (1, -1.96767196655273437500e+01) (2, -5.63319110870361328125e+00) (3, -5.52541399002075195312e+00) (4, 2.12305355072021484375e+00) (5, 5.12160621583461761475e-02) (6, 1.24232416152954101562e+01) (7, 1.28778915405273437500e+01) (8, 5.19906806945800781250e+00) (9, 1.11903035640716552734e+00) (10, 5.09336757659912109375e+00) (11, -5.09359884262084960938e+00) (12, 8.67197096347808837891e-01) 
