FANN_FLO_2.1
num_layers=4
learning_rate=0.400000
connection_rate=1.000000
network_type=0
learning_momentum=0.000000
training_algorithm=2
train_error_function=1
train_stop_function=0
cascade_output_change_fraction=0.010000
quickprop_decay=-0.000100
quickprop_mu=1.750000
rprop_increase_factor=1.200000
rprop_decrease_factor=0.500000
rprop_delta_min=0.000000
rprop_delta_max=50.000000
rprop_delta_zero=0.100000
cascade_output_stagnation_epochs=12
cascade_candidate_change_fraction=0.010000
cascade_candidate_stagnation_epochs=12
cascade_max_out_epochs=150
cascade_min_out_epochs=50
cascade_max_cand_epochs=150
cascade_min_cand_epochs=50
cascade_num_candidate_groups=2
bit_fail_limit=3.49999994039535522461e-01
cascade_candidate_limit=1.00000000000000000000e+03
cascade_weight_multiplier=4.00000005960464477539e-01
cascade_activation_functions_count=10
cascade_activation_functions=3 5 7 8 10 11 14 15 16 17 
cascade_activation_steepnesses_count=4
cascade_activation_steepnesses=2.50000000000000000000e-01 5.00000000000000000000e-01 7.50000000000000000000e-01 1.00000000000000000000e+00 
layer_sizes=7 5 5 2 
scale_included=0
neurons (num_inputs, activation_function, activation_steepness)=(0, 0, 0.00000000000000000000e+00) (0, 0, 0.00000000000000000000e+00) (0, 0, 0.00000000000000000000e+00) (0, 0, 0.00000000000000000000e+00) (0, 0, 0.00000000000000000000e+00) (0, 0, 0.00000000000000000000e+00) (0, 0, 0.00000000000000000000e+00) (7, 3, 5.00000000000000000000e-01) (7, 3, 5.00000000000000000000e-01) (7, 3, 5.00000000000000000000e-01) (7, 3, 5.00000000000000000000e-01) (0, 3, 0.00000000000000000000e+00) (5, 3, 5.00000000000000000000e-01) (5, 3, 5.00000000000000000000e-01) (5, 3, 5.00000000000000000000e-01) (5, 3, 5.00000000000000000000e-01) (0, 3, 0.00000000000000000000e+00) (5, 3, 5.00000000000000000000e-01) (0, 3, 0.00000000000000000000e+00) 
connections (connected_to_neuron, weight)=(0, -3.51178765296936035156e+00) (1, 1.35953283309936523438e+00) (2, -5.86308908462524414062e+00) (3, -7.83910083770751953125e+00) (4, -2.91627740859985351562e+00) (5, 8.88907492160797119141e-01) (6, 5.78830051422119140625e+00) (0, -1.18817224121093750000e+03) (1, -1.50000000000000000000e+03) (2, -1.46986657714843750000e+03) (3, -1.50000000000000000000e+03) (4, -1.46805493164062500000e+03) (5, -1.50000000000000000000e+03) (6, -9.58540737628936767578e-01) (0, -1.18817224121093750000e+03) (1, -1.50000000000000000000e+03) (2, -1.46986657714843750000e+03) (3, -1.50000000000000000000e+03) (4, -1.37928662109375000000e+03) (5, -1.50000000000000000000e+03) (6, -5.18497734069824218750e+01) (0, -1.18817224121093750000e+03) (1, -1.50000000000000000000e+03) (2, -1.46986657714843750000e+03) (3, -1.50000000000000000000e+03) (4, -1.37928662109375000000e+03) (5, -1.50000000000000000000e+03) (6, -5.28405799865722656250e+01) (7, 1.50000000000000000000e+03) (8, 1.50000000000000000000e+03) (9, 1.50000000000000000000e+03) (10, 1.50000000000000000000e+03) (11, -3.85583801269531250000e+01) (7, -2.44274337768554687500e+02) (8, 1.50000000000000000000e+03) (9, 1.50000000000000000000e+03) (10, 1.50000000000000000000e+03) (11, 1.00811052322387695312e+01) (7, 2.62850046157836914062e+00) (8, 1.50000000000000000000e+03) (9, 1.50000000000000000000e+03) (10, 1.50000000000000000000e+03) (11, -2.25294208526611328125e+00) (7, 5.09365501403808593750e+01) (8, 1.50000000000000000000e+03) (9, 1.50000000000000000000e+03) (10, 1.50000000000000000000e+03) (11, -1.57893199920654296875e+01) (12, -1.79197442531585693359e+00) (13, 7.59873151779174804688e-01) (14, -2.57198333740234375000e+00) (15, -1.77901759743690490723e-01) (16, -3.79143506288528442383e-02) 
