FANN_FLO_2.1
num_layers=3
learning_rate=0.400000
connection_rate=1.000000
network_type=0
learning_momentum=0.000000
training_algorithm=2
train_error_function=1
train_stop_function=0
cascade_output_change_fraction=0.010000
quickprop_decay=-0.000100
quickprop_mu=1.750000
rprop_increase_factor=1.200000
rprop_decrease_factor=0.500000
rprop_delta_min=0.000000
rprop_delta_max=50.000000
rprop_delta_zero=0.100000
cascade_output_stagnation_epochs=12
cascade_candidate_change_fraction=0.010000
cascade_candidate_stagnation_epochs=12
cascade_max_out_epochs=150
cascade_min_out_epochs=50
cascade_max_cand_epochs=150
cascade_min_cand_epochs=50
cascade_num_candidate_groups=2
bit_fail_limit=3.49999994039535522461e-01
cascade_candidate_limit=1.00000000000000000000e+03
cascade_weight_multiplier=4.00000005960464477539e-01
cascade_activation_functions_count=10
cascade_activation_functions=3 5 7 8 10 11 14 15 16 17 
cascade_activation_steepnesses_count=4
cascade_activation_steepnesses=2.50000000000000000000e-01 5.00000000000000000000e-01 7.50000000000000000000e-01 1.00000000000000000000e+00 
layer_sizes=19 3 3 
scale_included=0
neurons (num_inputs, activation_function, activation_steepness)=(0, 0, 0.00000000000000000000e+00) (0, 0, 0.00000000000000000000e+00) (0, 0, 0.00000000000000000000e+00) (0, 0, 0.00000000000000000000e+00) (0, 0, 0.00000000000000000000e+00) (0, 0, 0.00000000000000000000e+00) (0, 0, 0.00000000000000000000e+00) (0, 0, 0.00000000000000000000e+00) (0, 0, 0.00000000000000000000e+00) (0, 0, 0.00000000000000000000e+00) (0, 0, 0.00000000000000000000e+00) (0, 0, 0.00000000000000000000e+00) (0, 0, 0.00000000000000000000e+00) (0, 0, 0.00000000000000000000e+00) (0, 0, 0.00000000000000000000e+00) (0, 0, 0.00000000000000000000e+00) (0, 0, 0.00000000000000000000e+00) (0, 0, 0.00000000000000000000e+00) (0, 0, 0.00000000000000000000e+00) (19, 3, 5.00000000000000000000e-01) (19, 3, 5.00000000000000000000e-01) (0, 3, 0.00000000000000000000e+00) (3, 3, 5.00000000000000000000e-01) (3, 3, 5.00000000000000000000e-01) (0, 3, 0.00000000000000000000e+00) 
connections (connected_to_neuron, weight)=(0, -2.40813925862312316895e-01) (1, 9.64058208465576171875e+00) (2, 6.22061920166015625000e+00) (3, 2.76626515388488769531e+00) (4, 7.36966037750244140625e+00) (5, 6.06575250625610351562e+00) (6, 4.06331062316894531250e+00) (7, 4.91986322402954101562e+00) (8, 2.70359206199645996094e+00) (9, -1.58547592163085937500e+00) (10, -2.75148143768310546875e+01) (11, 1.80501294136047363281e+00) (12, 1.22061042785644531250e+01) (13, -3.21105051040649414062e+00) (14, -2.97120094299316406250e+00) (15, 4.50760746002197265625e+00) (16, -2.94995141029357910156e+00) (17, -2.38664174079895019531e+00) (18, -6.43769550323486328125e+00) (0, -1.49837946891784667969e+00) (1, -5.85961961746215820312e+00) (2, -2.23709297180175781250e+00) (3, -3.94602149724960327148e-01) (4, -5.97929191589355468750e+00) (5, -1.62129390239715576172e+00) (6, -1.79877436161041259766e+00) (7, -3.94036245346069335938e+00) (8, -5.77200055122375488281e-01) (9, 1.27215516567230224609e+00) (10, 8.69436454772949218750e+00) (11, -2.09469169378280639648e-01) (12, -2.93465447425842285156e+00) (13, 4.50888538360595703125e+00) (14, 3.28565740585327148438e+00) (15, -1.12535667419433593750e+00) (16, 3.77847051620483398438e+00) (17, 7.50001668930053710938e-01) (18, -1.15776097774505615234e+00) (19, -1.15532267093658447266e+00) (20, -1.82070708274841308594e+00) (21, 5.43638408184051513672e-01) (19, 1.15602958202362060547e+00) (20, 1.82294130325317382812e+00) (21, -5.44566988945007324219e-01) 
