FANN_FLO_2.1
num_layers=3
learning_rate=0.400000
connection_rate=1.000000
network_type=0
learning_momentum=0.000000
training_algorithm=2
train_error_function=1
train_stop_function=0
cascade_output_change_fraction=0.010000
quickprop_decay=-0.000100
quickprop_mu=1.750000
rprop_increase_factor=1.200000
rprop_decrease_factor=0.500000
rprop_delta_min=0.000000
rprop_delta_max=50.000000
rprop_delta_zero=0.100000
cascade_output_stagnation_epochs=12
cascade_candidate_change_fraction=0.010000
cascade_candidate_stagnation_epochs=12
cascade_max_out_epochs=150
cascade_min_out_epochs=50
cascade_max_cand_epochs=150
cascade_min_cand_epochs=50
cascade_num_candidate_groups=2
bit_fail_limit=3.49999994039535522461e-01
cascade_candidate_limit=1.00000000000000000000e+03
cascade_weight_multiplier=4.00000005960464477539e-01
cascade_activation_functions_count=10
cascade_activation_functions=3 5 7 8 10 11 14 15 16 17 
cascade_activation_steepnesses_count=4
cascade_activation_steepnesses=2.50000000000000000000e-01 5.00000000000000000000e-01 7.50000000000000000000e-01 1.00000000000000000000e+00 
layer_sizes=7 5 2 
scale_included=0
neurons (num_inputs, activation_function, activation_steepness)=(0, 0, 0.00000000000000000000e+00) (0, 0, 0.00000000000000000000e+00) (0, 0, 0.00000000000000000000e+00) (0, 0, 0.00000000000000000000e+00) (0, 0, 0.00000000000000000000e+00) (0, 0, 0.00000000000000000000e+00) (0, 0, 0.00000000000000000000e+00) (7, 3, 5.00000000000000000000e-01) (7, 3, 5.00000000000000000000e-01) (7, 3, 5.00000000000000000000e-01) (7, 3, 5.00000000000000000000e-01) (0, 3, 0.00000000000000000000e+00) (5, 3, 5.00000000000000000000e-01) (0, 3, 0.00000000000000000000e+00) 
connections (connected_to_neuron, weight)=(0, 6.35939598083496093750e+00) (1, 8.04092526435852050781e-01) (2, -4.96368074417114257812e+00) (3, 1.23840510845184326172e+00) (4, -4.76754188537597656250e+00) (5, 6.72273874282836914062e+00) (6, 1.03643059730529785156e+00) (0, -3.23100000619888305664e-01) (1, 5.52808403968811035156e-01) (2, -2.84952425956726074219e+00) (3, -2.27862930297851562500e+00) (4, -1.52227377891540527344e+00) (5, -3.14925134181976318359e-01) (6, 2.92220449447631835938e+00) (0, 7.85942196846008300781e-01) (1, 7.25699663162231445312e-01) (2, -3.49301409721374511719e+00) (3, -1.17435777187347412109e+00) (4, -7.28848743438720703125e+00) (5, 1.32432508468627929688e+01) (6, 1.54152035713195800781e+00) (0, -1.65641713142395019531e+00) (1, -1.85937702655792236328e+00) (2, -1.62237274646759033203e+00) (3, 1.25534582138061523438e+00) (4, 8.04661273956298828125e-01) (5, 3.60601329803466796875e+00) (6, -2.10117459297180175781e+00) (7, -1.30093586444854736328e+00) (8, -1.93611419200897216797e+00) (9, -1.55752897262573242188e+00) (10, 5.99712038040161132812e+00) (11, 8.72928738594055175781e-01) 
