FANN_FLO_2.1
num_layers=3
learning_rate=0.400000
connection_rate=1.000000
network_type=0
learning_momentum=0.000000
training_algorithm=2
train_error_function=1
train_stop_function=0
cascade_output_change_fraction=0.010000
quickprop_decay=-0.000100
quickprop_mu=1.750000
rprop_increase_factor=1.200000
rprop_decrease_factor=0.500000
rprop_delta_min=0.000000
rprop_delta_max=50.000000
rprop_delta_zero=0.100000
cascade_output_stagnation_epochs=12
cascade_candidate_change_fraction=0.010000
cascade_candidate_stagnation_epochs=12
cascade_max_out_epochs=150
cascade_min_out_epochs=50
cascade_max_cand_epochs=150
cascade_min_cand_epochs=50
cascade_num_candidate_groups=2
bit_fail_limit=3.49999994039535522461e-01
cascade_candidate_limit=1.00000000000000000000e+03
cascade_weight_multiplier=4.00000005960464477539e-01
cascade_activation_functions_count=10
cascade_activation_functions=3 5 7 8 10 11 14 15 16 17 
cascade_activation_steepnesses_count=4
cascade_activation_steepnesses=2.50000000000000000000e-01 5.00000000000000000000e-01 7.50000000000000000000e-01 1.00000000000000000000e+00 
layer_sizes=7 9 2 
scale_included=0
neurons (num_inputs, activation_function, activation_steepness)=(0, 0, 0.00000000000000000000e+00) (0, 0, 0.00000000000000000000e+00) (0, 0, 0.00000000000000000000e+00) (0, 0, 0.00000000000000000000e+00) (0, 0, 0.00000000000000000000e+00) (0, 0, 0.00000000000000000000e+00) (0, 0, 0.00000000000000000000e+00) (7, 3, 5.00000000000000000000e-01) (7, 3, 5.00000000000000000000e-01) (7, 3, 5.00000000000000000000e-01) (7, 3, 5.00000000000000000000e-01) (7, 3, 5.00000000000000000000e-01) (7, 3, 5.00000000000000000000e-01) (7, 3, 5.00000000000000000000e-01) (7, 3, 5.00000000000000000000e-01) (0, 3, 0.00000000000000000000e+00) (9, 3, 5.00000000000000000000e-01) (0, 3, 0.00000000000000000000e+00) 
connections (connected_to_neuron, weight)=(0, -1.71437816619873046875e+01) (1, 1.45686893463134765625e+01) (2, -6.84069252014160156250e+00) (3, -5.54335451126098632812e+00) (4, -1.71917045116424560547e+00) (5, 4.66858482360839843750e+00) (6, 4.14702510833740234375e+00) (0, 5.96444785594940185547e-01) (1, -1.32841396331787109375e+00) (2, 1.46746718883514404297e+00) (3, -3.43213629722595214844e+00) (4, -8.86260494589805603027e-02) (5, -1.35355341434478759766e+00) (6, 3.51943165063858032227e-01) (0, -5.78701925277709960938e+00) (1, -3.50536251068115234375e+00) (2, 5.64137172698974609375e+00) (3, 9.29689288139343261719e-01) (4, -8.59595417976379394531e-01) (5, -1.17030715942382812500e+00) (6, 5.64696073532104492188e+00) (0, 5.56940197944641113281e-01) (1, 1.13822746276855468750e+00) (2, 3.73159050941467285156e+00) (3, -5.69360494613647460938e+00) (4, -1.78979778289794921875e+00) (5, 4.91536617279052734375e-01) (6, 2.20393672585487365723e-01) (0, 2.05053329467773437500e+01) (1, -2.19794883728027343750e+01) (2, 1.01286115646362304688e+01) (3, -3.17540955543518066406e+00) (4, -2.08539471030235290527e-01) (5, -9.46454238891601562500e+00) (6, 1.07521429061889648438e+01) (0, 2.46556043624877929688e+00) (1, -5.44676494598388671875e+00) (2, 1.26196022033691406250e+01) (3, -9.07032871246337890625e+00) (4, -3.01523137092590332031e+00) (5, -1.80558812618255615234e+00) (6, 7.62641525268554687500e+00) (0, -1.21232673525810241699e-01) (1, -1.04492700099945068359e+00) (2, 3.84465050697326660156e+00) (3, -3.33093833923339843750e+00) (4, -7.16922461986541748047e-01) (5, 3.21710258722305297852e-01) (6, 4.07076954841613769531e-01) (0, -1.70346879959106445312e+00) (1, 1.05369675159454345703e+00) (2, 1.46883404254913330078e+00) (3, -2.32032318115234375000e+01) (4, 6.62032508850097656250e+00) (5, -4.33898597955703735352e-01) (6, -6.49125874042510986328e-01) (7, -3.19108510017395019531e+00) (8, 3.96402549743652343750e+00) (9, -6.62051379680633544922e-01) (10, -1.06720149517059326172e+00) (11, -2.94589734077453613281e+00) (12, -1.08018851280212402344e+00) (13, 3.59200644493103027344e+00) (14, -8.03673505783081054688e-01) (15, 1.34732234477996826172e+00) 
