FANN_FLO_2.1
num_layers=3
learning_rate=0.500000
connection_rate=1.000000
network_type=0
learning_momentum=0.000000
training_algorithm=2
train_error_function=1
train_stop_function=0
cascade_output_change_fraction=0.010000
quickprop_decay=-0.000100
quickprop_mu=1.750000
rprop_increase_factor=1.200000
rprop_decrease_factor=0.500000
rprop_delta_min=0.000000
rprop_delta_max=50.000000
rprop_delta_zero=0.100000
cascade_output_stagnation_epochs=12
cascade_candidate_change_fraction=0.010000
cascade_candidate_stagnation_epochs=12
cascade_max_out_epochs=150
cascade_min_out_epochs=50
cascade_max_cand_epochs=150
cascade_min_cand_epochs=50
cascade_num_candidate_groups=2
bit_fail_limit=3.49999994039535522461e-01
cascade_candidate_limit=1.00000000000000000000e+03
cascade_weight_multiplier=4.00000005960464477539e-01
cascade_activation_functions_count=10
cascade_activation_functions=3 5 7 8 10 11 14 15 16 17 
cascade_activation_steepnesses_count=4
cascade_activation_steepnesses=2.50000000000000000000e-01 5.00000000000000000000e-01 7.50000000000000000000e-01 1.00000000000000000000e+00 
layer_sizes=10 5 2 
scale_included=0
neurons (num_inputs, activation_function, activation_steepness)=(0, 0, 0.00000000000000000000e+00) (0, 0, 0.00000000000000000000e+00) (0, 0, 0.00000000000000000000e+00) (0, 0, 0.00000000000000000000e+00) (0, 0, 0.00000000000000000000e+00) (0, 0, 0.00000000000000000000e+00) (0, 0, 0.00000000000000000000e+00) (0, 0, 0.00000000000000000000e+00) (0, 0, 0.00000000000000000000e+00) (0, 0, 0.00000000000000000000e+00) (10, 3, 5.00000000000000000000e-01) (10, 3, 5.00000000000000000000e-01) (10, 3, 5.00000000000000000000e-01) (10, 3, 5.00000000000000000000e-01) (0, 3, 0.00000000000000000000e+00) (5, 3, 5.00000000000000000000e-01) (0, 3, 0.00000000000000000000e+00) 
connections (connected_to_neuron, weight)=(0, 2.76737165451049804688e+00) (1, 1.89737629890441894531e+00) (2, 6.62533140182495117188e+00) (3, 2.93013739585876464844e+00) (4, -5.09589767456054687500e+00) (5, 4.56200361251831054688e+00) (6, -2.34616565704345703125e+00) (7, -9.46184825897216796875e+00) (8, 1.51710665225982666016e+00) (9, -1.81591963768005371094e+00) (0, 5.42531251907348632812e-01) (1, 1.87260746955871582031e+00) (2, 5.72178745269775390625e+00) (3, 3.40010094642639160156e+00) (4, 2.08912845700979232788e-02) (5, 4.61845159530639648438e+00) (6, -6.12670958042144775391e-01) (7, -1.69120521545410156250e+01) (8, 1.93484508991241455078e+00) (9, -1.87647521495819091797e-01) (0, -2.38023066520690917969e+00) (1, 3.47136306762695312500e+00) (2, -1.64807415008544921875e+01) (3, 2.03033494949340820312e+00) (4, 6.29028201103210449219e-01) (5, -1.77698838710784912109e+00) (6, 1.43319666385650634766e+00) (7, 4.15843009948730468750e+00) (8, 5.22526836395263671875e+00) (9, -1.12219429016113281250e+00) (0, -1.45700454711914062500e+00) (1, -1.66242504119873046875e+00) (2, -1.45109868049621582031e+00) (3, -4.59432005882263183594e-01) (4, 7.03750491142272949219e-01) (5, -3.62719488143920898438e+00) (6, 4.69598436355590820312e+00) (7, 1.70027828216552734375e+00) (8, 1.93595862388610839844e+00) (9, 1.91542065143585205078e+00) (10, 1.57103848457336425781e+00) (11, 2.21291184425354003906e+00) (12, 4.83023881912231445312e+00) (13, -3.95475888252258300781e+00) (14, -2.67801471054553985596e-02) 
