FANN_FLO_2.1
num_layers=3
learning_rate=0.400000
connection_rate=1.000000
network_type=0
learning_momentum=0.000000
training_algorithm=2
train_error_function=1
train_stop_function=0
cascade_output_change_fraction=0.010000
quickprop_decay=-0.000100
quickprop_mu=1.750000
rprop_increase_factor=1.200000
rprop_decrease_factor=0.500000
rprop_delta_min=0.000000
rprop_delta_max=50.000000
rprop_delta_zero=0.100000
cascade_output_stagnation_epochs=12
cascade_candidate_change_fraction=0.010000
cascade_candidate_stagnation_epochs=12
cascade_max_out_epochs=150
cascade_min_out_epochs=50
cascade_max_cand_epochs=150
cascade_min_cand_epochs=50
cascade_num_candidate_groups=2
bit_fail_limit=3.49999994039535522461e-01
cascade_candidate_limit=1.00000000000000000000e+03
cascade_weight_multiplier=4.00000005960464477539e-01
cascade_activation_functions_count=10
cascade_activation_functions=3 5 7 8 10 11 14 15 16 17 
cascade_activation_steepnesses_count=4
cascade_activation_steepnesses=2.50000000000000000000e-01 5.00000000000000000000e-01 7.50000000000000000000e-01 1.00000000000000000000e+00 
layer_sizes=7 5 2 
scale_included=0
neurons (num_inputs, activation_function, activation_steepness)=(0, 0, 0.00000000000000000000e+00) (0, 0, 0.00000000000000000000e+00) (0, 0, 0.00000000000000000000e+00) (0, 0, 0.00000000000000000000e+00) (0, 0, 0.00000000000000000000e+00) (0, 0, 0.00000000000000000000e+00) (0, 0, 0.00000000000000000000e+00) (7, 3, 5.00000000000000000000e-01) (7, 3, 5.00000000000000000000e-01) (7, 3, 5.00000000000000000000e-01) (7, 3, 5.00000000000000000000e-01) (0, 3, 0.00000000000000000000e+00) (5, 3, 5.00000000000000000000e-01) (0, 3, 0.00000000000000000000e+00) 
connections (connected_to_neuron, weight)=(0, -1.29634447097778320312e+01) (1, 1.15932092666625976562e+01) (2, 3.65175604820251464844e+00) (3, -3.39089584350585937500e+00) (4, -2.49250340461730957031e+00) (5, 3.45369076728820800781e+00) (6, 1.90396678447723388672e+00) (0, 6.87573289871215820312e+00) (1, -7.39630937576293945312e+00) (2, 2.91738104820251464844e+00) (3, -9.98201191425323486328e-01) (4, -4.76703494787216186523e-02) (5, 4.16083240509033203125e+00) (6, -4.66530036926269531250e+00) (0, 2.85450398921966552734e-01) (1, 9.53071653842926025391e-01) (2, 2.16967058181762695312e+00) (3, -3.13998150825500488281e+00) (4, 2.88057466968894004822e-03) (5, -1.50000000000000000000e+03) (6, 1.31621313095092773438e+00) (0, -5.84787034988403320312e+00) (1, 3.34457421302795410156e+00) (2, -4.24362754821777343750e+00) (3, -1.05706341564655303955e-01) (4, -5.47499597072601318359e-01) (5, -1.50000000000000000000e+03) (6, 3.26187229156494140625e+00) (7, -2.50179839134216308594e+00) (8, -1.02727727890014648438e+01) (9, -1.62823176383972167969e+00) (10, -3.32967257499694824219e+00) (11, 1.72533833980560302734e+00) 
