FANN_FLO_2.1
num_layers=3
learning_rate=0.400000
connection_rate=1.000000
network_type=0
learning_momentum=0.000000
training_algorithm=2
train_error_function=1
train_stop_function=0
cascade_output_change_fraction=0.010000
quickprop_decay=-0.000100
quickprop_mu=1.750000
rprop_increase_factor=1.200000
rprop_decrease_factor=0.500000
rprop_delta_min=0.000000
rprop_delta_max=50.000000
rprop_delta_zero=0.100000
cascade_output_stagnation_epochs=12
cascade_candidate_change_fraction=0.010000
cascade_candidate_stagnation_epochs=12
cascade_max_out_epochs=150
cascade_min_out_epochs=50
cascade_max_cand_epochs=150
cascade_min_cand_epochs=50
cascade_num_candidate_groups=2
bit_fail_limit=3.49999994039535522461e-01
cascade_candidate_limit=1.00000000000000000000e+03
cascade_weight_multiplier=4.00000005960464477539e-01
cascade_activation_functions_count=10
cascade_activation_functions=3 5 7 8 10 11 14 15 16 17 
cascade_activation_steepnesses_count=4
cascade_activation_steepnesses=2.50000000000000000000e-01 5.00000000000000000000e-01 7.50000000000000000000e-01 1.00000000000000000000e+00 
layer_sizes=7 5 2 
scale_included=0
neurons (num_inputs, activation_function, activation_steepness)=(0, 0, 0.00000000000000000000e+00) (0, 0, 0.00000000000000000000e+00) (0, 0, 0.00000000000000000000e+00) (0, 0, 0.00000000000000000000e+00) (0, 0, 0.00000000000000000000e+00) (0, 0, 0.00000000000000000000e+00) (0, 0, 0.00000000000000000000e+00) (7, 3, 5.00000000000000000000e-01) (7, 3, 5.00000000000000000000e-01) (7, 3, 5.00000000000000000000e-01) (7, 3, 5.00000000000000000000e-01) (0, 3, 0.00000000000000000000e+00) (5, 3, 5.00000000000000000000e-01) (0, 3, 0.00000000000000000000e+00) 
connections (connected_to_neuron, weight)=(0, 6.86119019985198974609e-01) (1, -2.70787286758422851562e+00) (2, -2.79100513458251953125e+00) (3, 2.92179179191589355469e+00) (4, -3.04511570930480957031e+00) (5, 8.31777572631835937500e+00) (6, -3.58012533187866210938e+00) (0, -2.91996741294860839844e+00) (1, -2.74288105964660644531e+00) (2, -7.64423370361328125000e+00) (3, -1.49310320615768432617e-01) (4, 2.86900186538696289062e+00) (5, 3.34826540946960449219e+00) (6, -3.35018455982208251953e-01) (0, -6.21978330612182617188e+00) (1, -3.62771463394165039062e+00) (2, -1.05701815336942672729e-02) (3, 3.35692691802978515625e+00) (4, 8.76952588558197021484e-01) (5, 6.39862790703773498535e-02) (6, -1.35188853740692138672e+00) (0, -2.53769516944885253906e+00) (1, -1.12303137779235839844e+00) (2, 4.57739734649658203125e+00) (3, 6.40571737289428710938e+00) (4, 4.04646873474121093750e+00) (5, -1.27588787078857421875e+01) (6, -1.42981624603271484375e+00) (7, 2.84742355346679687500e+00) (8, 1.26173996925354003906e+00) (9, 2.47921204566955566406e+00) (10, 3.02296686172485351562e+00) (11, -2.69065093994140625000e+00) 
