FANN_FLO_2.1
num_layers=3
learning_rate=0.500000
connection_rate=1.000000
network_type=0
learning_momentum=0.000000
training_algorithm=2
train_error_function=1
train_stop_function=0
cascade_output_change_fraction=0.010000
quickprop_decay=-0.000100
quickprop_mu=1.750000
rprop_increase_factor=1.200000
rprop_decrease_factor=0.500000
rprop_delta_min=0.000000
rprop_delta_max=50.000000
rprop_delta_zero=0.100000
cascade_output_stagnation_epochs=12
cascade_candidate_change_fraction=0.010000
cascade_candidate_stagnation_epochs=12
cascade_max_out_epochs=150
cascade_min_out_epochs=50
cascade_max_cand_epochs=150
cascade_min_cand_epochs=50
cascade_num_candidate_groups=2
bit_fail_limit=3.49999994039535522461e-01
cascade_candidate_limit=1.00000000000000000000e+03
cascade_weight_multiplier=4.00000005960464477539e-01
cascade_activation_functions_count=10
cascade_activation_functions=3 5 7 8 10 11 14 15 16 17 
cascade_activation_steepnesses_count=4
cascade_activation_steepnesses=2.50000000000000000000e-01 5.00000000000000000000e-01 7.50000000000000000000e-01 1.00000000000000000000e+00 
layer_sizes=10 3 2 
scale_included=0
neurons (num_inputs, activation_function, activation_steepness)=(0, 0, 0.00000000000000000000e+00) (0, 0, 0.00000000000000000000e+00) (0, 0, 0.00000000000000000000e+00) (0, 0, 0.00000000000000000000e+00) (0, 0, 0.00000000000000000000e+00) (0, 0, 0.00000000000000000000e+00) (0, 0, 0.00000000000000000000e+00) (0, 0, 0.00000000000000000000e+00) (0, 0, 0.00000000000000000000e+00) (0, 0, 0.00000000000000000000e+00) (10, 3, 5.00000000000000000000e-01) (10, 3, 5.00000000000000000000e-01) (0, 3, 0.00000000000000000000e+00) (3, 3, 5.00000000000000000000e-01) (0, 3, 0.00000000000000000000e+00) 
connections (connected_to_neuron, weight)=(0, 1.93370199203491210938e+00) (1, 7.68214988708496093750e+00) (2, 2.80504870414733886719e+00) (3, -4.99250555038452148438e+00) (4, -2.81782793998718261719e+00) (5, -1.98858201503753662109e+00) (6, 2.72257113456726074219e+00) (7, -3.69556331634521484375e+00) (8, -1.55225360393524169922e+00) (9, 8.46154093742370605469e-01) (0, -6.73638343811035156250e+00) (1, 2.01610729098320007324e-01) (2, -1.02309789657592773438e+01) (3, -3.66948843002319335938e+00) (4, 2.91528916358947753906e+00) (5, -9.00085985660552978516e-01) (6, 5.05467700958251953125e+00) (7, 3.96970242261886596680e-01) (8, 8.53084182739257812500e+00) (9, -1.33616578578948974609e+00) (10, 3.42574453353881835938e+00) (11, 3.32502961158752441406e+00) (12, -2.44491195678710937500e+00) 
