FANN_FLO_2.1
num_layers=3
learning_rate=0.400000
connection_rate=1.000000
network_type=0
learning_momentum=0.000000
training_algorithm=2
train_error_function=1
train_stop_function=0
cascade_output_change_fraction=0.010000
quickprop_decay=-0.000100
quickprop_mu=1.750000
rprop_increase_factor=1.200000
rprop_decrease_factor=0.500000
rprop_delta_min=0.000000
rprop_delta_max=50.000000
rprop_delta_zero=0.100000
cascade_output_stagnation_epochs=12
cascade_candidate_change_fraction=0.010000
cascade_candidate_stagnation_epochs=12
cascade_max_out_epochs=150
cascade_min_out_epochs=50
cascade_max_cand_epochs=150
cascade_min_cand_epochs=50
cascade_num_candidate_groups=2
bit_fail_limit=3.49999994039535522461e-01
cascade_candidate_limit=1.00000000000000000000e+03
cascade_weight_multiplier=4.00000005960464477539e-01
cascade_activation_functions_count=10
cascade_activation_functions=3 5 7 8 10 11 14 15 16 17 
cascade_activation_steepnesses_count=4
cascade_activation_steepnesses=2.50000000000000000000e-01 5.00000000000000000000e-01 7.50000000000000000000e-01 1.00000000000000000000e+00 
layer_sizes=7 5 2 
scale_included=0
neurons (num_inputs, activation_function, activation_steepness)=(0, 0, 0.00000000000000000000e+00) (0, 0, 0.00000000000000000000e+00) (0, 0, 0.00000000000000000000e+00) (0, 0, 0.00000000000000000000e+00) (0, 0, 0.00000000000000000000e+00) (0, 0, 0.00000000000000000000e+00) (0, 0, 0.00000000000000000000e+00) (7, 3, 5.00000000000000000000e-01) (7, 3, 5.00000000000000000000e-01) (7, 3, 5.00000000000000000000e-01) (7, 3, 5.00000000000000000000e-01) (0, 3, 0.00000000000000000000e+00) (5, 3, 5.00000000000000000000e-01) (0, 3, 0.00000000000000000000e+00) 
connections (connected_to_neuron, weight)=(0, 1.00437726974487304688e+01) (1, 1.91215586662292480469e+00) (2, 1.02798962593078613281e+00) (3, -1.84790134429931640625e+01) (4, -1.18293263018131256104e-01) (5, 3.60646176338195800781e+00) (6, 3.59587717056274414062e+00) (0, -1.84034681320190429688e+00) (1, -1.70203816890716552734e+00) (2, -4.26695108413696289062e-01) (3, -3.93006753921508789062e+00) (4, 4.85252904891967773438e+00) (5, -1.61445188522338867188e+00) (6, -3.05641829967498779297e-01) (0, -5.50260126590728759766e-01) (1, -1.63743138313293457031e+00) (2, -2.14565801620483398438e+00) (3, 1.23126387596130371094e+00) (4, 1.14157521724700927734e+00) (5, 5.86295509338378906250e+00) (6, -4.17524147033691406250e+00) (0, -5.57530689239501953125e+00) (1, 1.08609879016876220703e+00) (2, -1.11532316207885742188e+01) (3, -1.03698987960815429688e+01) (4, -7.68860816955566406250e-01) (5, 3.61516036987304687500e+01) (6, 2.47618937492370605469e+00) (7, -8.84585738182067871094e-01) (8, 2.99502110481262207031e+00) (9, 3.78680920600891113281e+00) (10, -1.49371874332427978516e+00) (11, -5.92548027634620666504e-02) 
