FANN_FLO_2.1
num_layers=3
learning_rate=0.500000
connection_rate=1.000000
network_type=0
learning_momentum=0.000000
training_algorithm=2
train_error_function=1
train_stop_function=0
cascade_output_change_fraction=0.010000
quickprop_decay=-0.000100
quickprop_mu=1.750000
rprop_increase_factor=1.200000
rprop_decrease_factor=0.500000
rprop_delta_min=0.000000
rprop_delta_max=50.000000
rprop_delta_zero=0.100000
cascade_output_stagnation_epochs=12
cascade_candidate_change_fraction=0.010000
cascade_candidate_stagnation_epochs=12
cascade_max_out_epochs=150
cascade_min_out_epochs=50
cascade_max_cand_epochs=150
cascade_min_cand_epochs=50
cascade_num_candidate_groups=2
bit_fail_limit=3.49999994039535522461e-01
cascade_candidate_limit=1.00000000000000000000e+03
cascade_weight_multiplier=4.00000005960464477539e-01
cascade_activation_functions_count=10
cascade_activation_functions=3 5 7 8 10 11 14 15 16 17 
cascade_activation_steepnesses_count=4
cascade_activation_steepnesses=2.50000000000000000000e-01 5.00000000000000000000e-01 7.50000000000000000000e-01 1.00000000000000000000e+00 
layer_sizes=10 3 2 
scale_included=0
neurons (num_inputs, activation_function, activation_steepness)=(0, 0, 0.00000000000000000000e+00) (0, 0, 0.00000000000000000000e+00) (0, 0, 0.00000000000000000000e+00) (0, 0, 0.00000000000000000000e+00) (0, 0, 0.00000000000000000000e+00) (0, 0, 0.00000000000000000000e+00) (0, 0, 0.00000000000000000000e+00) (0, 0, 0.00000000000000000000e+00) (0, 0, 0.00000000000000000000e+00) (0, 0, 0.00000000000000000000e+00) (10, 3, 5.00000000000000000000e-01) (10, 3, 5.00000000000000000000e-01) (0, 3, 0.00000000000000000000e+00) (3, 3, 5.00000000000000000000e-01) (0, 3, 0.00000000000000000000e+00) 
connections (connected_to_neuron, weight)=(0, -9.51027393341064453125e+00) (1, 1.05607606470584869385e-01) (2, -5.12125825881958007812e+00) (3, -1.17301568984985351562e+01) (4, 2.43258247375488281250e+01) (5, 1.04884634017944335938e+01) (6, -2.68059978485107421875e+01) (7, -2.42113426327705383301e-01) (8, 7.68322134017944335938e+00) (9, 7.33263826370239257812e+00) (0, -1.09596929550170898438e+01) (1, -1.16228707134723663330e-01) (2, -5.32534480094909667969e-01) (3, 3.62676548957824707031e+00) (4, 2.15118045806884765625e+01) (5, 6.99578332901000976562e+00) (6, -2.22002010345458984375e+01) (7, -8.01585197448730468750e+00) (8, -3.83772939443588256836e-01) (9, 3.31538224220275878906e+00) (10, -4.53236103057861328125e+00) (11, 4.46868991851806640625e+00) (12, 9.50240671634674072266e-01) 
