FANN_FLO_2.1
num_layers=3
learning_rate=0.400000
connection_rate=1.000000
network_type=0
learning_momentum=0.000000
training_algorithm=2
train_error_function=1
train_stop_function=0
cascade_output_change_fraction=0.010000
quickprop_decay=-0.000100
quickprop_mu=1.750000
rprop_increase_factor=1.200000
rprop_decrease_factor=0.500000
rprop_delta_min=0.000000
rprop_delta_max=50.000000
rprop_delta_zero=0.100000
cascade_output_stagnation_epochs=12
cascade_candidate_change_fraction=0.010000
cascade_candidate_stagnation_epochs=12
cascade_max_out_epochs=150
cascade_min_out_epochs=50
cascade_max_cand_epochs=150
cascade_min_cand_epochs=50
cascade_num_candidate_groups=2
bit_fail_limit=3.49999994039535522461e-01
cascade_candidate_limit=1.00000000000000000000e+03
cascade_weight_multiplier=4.00000005960464477539e-01
cascade_activation_functions_count=10
cascade_activation_functions=3 5 7 8 10 11 14 15 16 17 
cascade_activation_steepnesses_count=4
cascade_activation_steepnesses=2.50000000000000000000e-01 5.00000000000000000000e-01 7.50000000000000000000e-01 1.00000000000000000000e+00 
layer_sizes=7 9 2 
scale_included=0
neurons (num_inputs, activation_function, activation_steepness)=(0, 0, 0.00000000000000000000e+00) (0, 0, 0.00000000000000000000e+00) (0, 0, 0.00000000000000000000e+00) (0, 0, 0.00000000000000000000e+00) (0, 0, 0.00000000000000000000e+00) (0, 0, 0.00000000000000000000e+00) (0, 0, 0.00000000000000000000e+00) (7, 3, 5.00000000000000000000e-01) (7, 3, 5.00000000000000000000e-01) (7, 3, 5.00000000000000000000e-01) (7, 3, 5.00000000000000000000e-01) (7, 3, 5.00000000000000000000e-01) (7, 3, 5.00000000000000000000e-01) (7, 3, 5.00000000000000000000e-01) (7, 3, 5.00000000000000000000e-01) (0, 3, 0.00000000000000000000e+00) (9, 3, 5.00000000000000000000e-01) (0, 3, 0.00000000000000000000e+00) 
connections (connected_to_neuron, weight)=(0, -3.98757719993591308594e+00) (1, -2.26015591621398925781e+00) (2, -4.16491925716400146484e-01) (3, 2.61291623115539550781e+00) (4, -2.49330326914787292480e-01) (5, -7.11981117725372314453e-01) (6, 3.95148843526840209961e-01) (0, -6.14707231521606445312e+00) (1, 5.04070949554443359375e+00) (2, -5.55043268203735351562e+00) (3, -1.68182516098022460938e+00) (4, -3.58109295368194580078e-01) (5, -5.00433111190795898438e+00) (6, 5.89069187641143798828e-01) (0, -3.84966659545898437500e+00) (1, 3.17704021930694580078e-01) (2, 1.44555339813232421875e+01) (3, -8.27636432647705078125e+00) (4, -5.02566862106323242188e+00) (5, 1.52486276626586914062e+00) (6, 8.06880378723144531250e+00) (0, -1.22555863857269287109e+00) (1, -5.73969268798828125000e+00) (2, 1.07544708251953125000e+00) (3, -2.67636775970458984375e-01) (4, -1.96893259882926940918e-01) (5, -1.20000839233398437500e+01) (6, 5.59732019901275634766e-01) (0, -1.71716630458831787109e+00) (1, -1.34561836719512939453e-01) (2, 1.28509750366210937500e+01) (3, -7.86540079116821289062e+00) (4, -6.61022329330444335938e+00) (5, 1.20892882347106933594e+00) (6, 6.50917673110961914062e+00) (0, -5.83924865722656250000e+00) (1, -6.90213203430175781250e+00) (2, 7.51841497421264648438e+00) (3, -1.84983229637145996094e+00) (4, 5.96927642822265625000e-01) (5, 3.03600921630859375000e+02) (6, 4.81074237823486328125e+00) (0, 3.37957429885864257812e+00) (1, 1.50000000000000000000e+03) (2, -2.44762287139892578125e+01) (3, 1.22851953125000000000e+03) (4, 1.49944970703125000000e+03) (5, 6.91096067428588867188e+00) (6, 5.39986419677734375000e+00) (0, 1.66650180816650390625e+01) (1, -1.57141685485839843750e+01) (2, 1.27092447280883789062e+01) (3, -3.34764862060546875000e+00) (4, -3.21733877062797546387e-02) (5, -3.28401613235473632812e+00) (6, 3.24343562126159667969e+00) (7, -4.80849933624267578125e+00) (8, -6.65457391738891601562e+00) (9, -5.26035487651824951172e-01) (10, 2.32416400909423828125e+01) (11, -3.18141877651214599609e-01) (12, -2.28407502174377441406e+00) (13, 8.01123261451721191406e-01) (14, -2.01967597007751464844e+00) (15, 5.75461208820343017578e-01) 
