FANN_FLO_2.1
num_layers=4
learning_rate=0.500000
connection_rate=1.000000
network_type=0
learning_momentum=0.000000
training_algorithm=2
train_error_function=1
train_stop_function=0
cascade_output_change_fraction=0.010000
quickprop_decay=-0.000100
quickprop_mu=1.750000
rprop_increase_factor=1.200000
rprop_decrease_factor=0.500000
rprop_delta_min=0.000000
rprop_delta_max=50.000000
rprop_delta_zero=0.100000
cascade_output_stagnation_epochs=12
cascade_candidate_change_fraction=0.010000
cascade_candidate_stagnation_epochs=12
cascade_max_out_epochs=150
cascade_min_out_epochs=50
cascade_max_cand_epochs=150
cascade_min_cand_epochs=50
cascade_num_candidate_groups=2
bit_fail_limit=3.49999994039535522461e-01
cascade_candidate_limit=1.00000000000000000000e+03
cascade_weight_multiplier=4.00000005960464477539e-01
cascade_activation_functions_count=10
cascade_activation_functions=3 5 7 8 10 11 14 15 16 17 
cascade_activation_steepnesses_count=4
cascade_activation_steepnesses=2.50000000000000000000e-01 5.00000000000000000000e-01 7.50000000000000000000e-01 1.00000000000000000000e+00 
layer_sizes=10 5 3 2 
scale_included=0
neurons (num_inputs, activation_function, activation_steepness)=(0, 0, 0.00000000000000000000e+00) (0, 0, 0.00000000000000000000e+00) (0, 0, 0.00000000000000000000e+00) (0, 0, 0.00000000000000000000e+00) (0, 0, 0.00000000000000000000e+00) (0, 0, 0.00000000000000000000e+00) (0, 0, 0.00000000000000000000e+00) (0, 0, 0.00000000000000000000e+00) (0, 0, 0.00000000000000000000e+00) (0, 0, 0.00000000000000000000e+00) (10, 3, 5.00000000000000000000e-01) (10, 3, 5.00000000000000000000e-01) (10, 3, 5.00000000000000000000e-01) (10, 3, 5.00000000000000000000e-01) (0, 3, 0.00000000000000000000e+00) (5, 3, 5.00000000000000000000e-01) (5, 3, 5.00000000000000000000e-01) (0, 3, 0.00000000000000000000e+00) (3, 3, 5.00000000000000000000e-01) (0, 3, 0.00000000000000000000e+00) 
connections (connected_to_neuron, weight)=(0, -1.29775190353393554688e+00) (1, -6.12402379512786865234e-01) (2, -1.97729897499084472656e+00) (3, -8.21657955646514892578e-01) (4, 7.18044817447662353516e-01) (5, 1.78967010974884033203e+00) (6, 1.21929955482482910156e+00) (7, -6.87339961528778076172e-01) (8, -1.32829678058624267578e+00) (9, 1.24221718311309814453e+00) (0, 9.41180288791656494141e-01) (1, 2.07028716802597045898e-01) (2, 1.68784523010253906250e+00) (3, 1.40661203861236572266e+00) (4, -3.11825692653656005859e-01) (5, -2.18925070762634277344e+00) (6, 9.12154018878936767578e-01) (7, 6.97866916656494140625e-01) (8, 3.08258622884750366211e-01) (9, -1.30744552612304687500e+00) (0, -1.34989714622497558594e+00) (1, -7.78956174850463867188e-01) (2, -1.30515837669372558594e+00) (3, -5.33564150333404541016e-01) (4, 3.98468226194381713867e-01) (5, 2.40510177612304687500e+00) (6, 8.45689654350280761719e-01) (7, -1.14911711215972900391e+00) (8, -1.45710349082946777344e+00) (9, 1.16386818885803222656e+00) (0, -6.32706508040428161621e-02) (1, 2.45994377136230468750e+00) (2, 6.69802069664001464844e-01) (3, 7.29138731956481933594e-01) (4, 5.60010015964508056641e-01) (5, -2.69091010093688964844e-01) (6, 2.94069051742553710938e-01) (7, 9.43424940109252929688e-01) (8, 5.33631384372711181641e-01) (9, -2.55374407768249511719e+00) (10, 1.09782562255859375000e+01) (11, -2.64775419235229492188e+00) (12, 7.28777170181274414062e+00) (13, -6.73415136337280273438e+00) (14, -3.73004108667373657227e-01) (10, 1.86122932434082031250e+01) (11, -2.56205463409423828125e+00) (12, 5.03935241699218750000e+00) (13, -1.18330364227294921875e+01) (14, -2.30114206671714782715e-01) (15, 1.85929381847381591797e+00) (16, 7.79788255691528320312e-01) (17, -1.75012862682342529297e+00) 
