FANN_FLO_2.1
num_layers=4
learning_rate=0.500000
connection_rate=1.000000
network_type=0
learning_momentum=0.000000
training_algorithm=2
train_error_function=1
train_stop_function=0
cascade_output_change_fraction=0.010000
quickprop_decay=-0.000100
quickprop_mu=1.750000
rprop_increase_factor=1.200000
rprop_decrease_factor=0.500000
rprop_delta_min=0.000000
rprop_delta_max=50.000000
rprop_delta_zero=0.100000
cascade_output_stagnation_epochs=12
cascade_candidate_change_fraction=0.010000
cascade_candidate_stagnation_epochs=12
cascade_max_out_epochs=150
cascade_min_out_epochs=50
cascade_max_cand_epochs=150
cascade_min_cand_epochs=50
cascade_num_candidate_groups=2
bit_fail_limit=3.49999994039535522461e-01
cascade_candidate_limit=1.00000000000000000000e+03
cascade_weight_multiplier=4.00000005960464477539e-01
cascade_activation_functions_count=10
cascade_activation_functions=3 5 7 8 10 11 14 15 16 17 
cascade_activation_steepnesses_count=4
cascade_activation_steepnesses=2.50000000000000000000e-01 5.00000000000000000000e-01 7.50000000000000000000e-01 1.00000000000000000000e+00 
layer_sizes=2 5 3 3 
scale_included=0
neurons (num_inputs, activation_function, activation_steepness)=(0, 0, 0.00000000000000000000e+00) (0, 0, 0.00000000000000000000e+00) (2, 3, 5.00000000000000000000e-01) (2, 3, 5.00000000000000000000e-01) (2, 3, 5.00000000000000000000e-01) (2, 3, 5.00000000000000000000e-01) (0, 3, 0.00000000000000000000e+00) (5, 3, 5.00000000000000000000e-01) (5, 3, 5.00000000000000000000e-01) (0, 3, 0.00000000000000000000e+00) (3, 0, 5.00000000000000000000e-01) (3, 0, 5.00000000000000000000e-01) (0, 0, 0.00000000000000000000e+00) 
connections (connected_to_neuron, weight)=(0, 6.86153381347656250000e+02) (1, -5.70722007751464843750e+01) (0, 1.72953872680664062500e+01) (1, -1.85943663120269775391e+00) (0, 1.99413467407226562500e+02) (1, 2.75409271240234375000e+02) (0, 1.99413467407226562500e+02) (1, 4.32054962158203125000e+02) (2, -1.47000488281250000000e+03) (3, 1.99413467407226562500e+02) (4, 4.32054962158203125000e+02) (5, 4.32054962158203125000e+02) (6, 4.32054962158203125000e+02) (2, -5.55227899551391601562e+00) (3, -3.34997677803039550781e+00) (4, 5.51727533340454101562e+00) (5, -4.65779192745685577393e-02) (6, 4.93444390594959259033e-02) (7, 1.63914501667022705078e-01) (8, 1.55575096607208251953e+00) (9, -1.68804454803466796875e+00) (7, -2.65698719024658203125e+00) (8, 3.55875825881958007812e+00) (9, 1.33730065822601318359e+00) 
