FANN_FLO_2.1
num_layers=3
learning_rate=0.400000
connection_rate=1.000000
network_type=0
learning_momentum=0.000000
training_algorithm=2
train_error_function=1
train_stop_function=0
cascade_output_change_fraction=0.010000
quickprop_decay=-0.000100
quickprop_mu=1.750000
rprop_increase_factor=1.200000
rprop_decrease_factor=0.500000
rprop_delta_min=0.000000
rprop_delta_max=50.000000
rprop_delta_zero=0.100000
cascade_output_stagnation_epochs=12
cascade_candidate_change_fraction=0.010000
cascade_candidate_stagnation_epochs=12
cascade_max_out_epochs=150
cascade_min_out_epochs=50
cascade_max_cand_epochs=150
cascade_min_cand_epochs=50
cascade_num_candidate_groups=2
bit_fail_limit=3.49999994039535522461e-01
cascade_candidate_limit=1.00000000000000000000e+03
cascade_weight_multiplier=4.00000005960464477539e-01
cascade_activation_functions_count=10
cascade_activation_functions=3 5 7 8 10 11 14 15 16 17 
cascade_activation_steepnesses_count=4
cascade_activation_steepnesses=2.50000000000000000000e-01 5.00000000000000000000e-01 7.50000000000000000000e-01 1.00000000000000000000e+00 
layer_sizes=7 9 2 
scale_included=0
neurons (num_inputs, activation_function, activation_steepness)=(0, 0, 0.00000000000000000000e+00) (0, 0, 0.00000000000000000000e+00) (0, 0, 0.00000000000000000000e+00) (0, 0, 0.00000000000000000000e+00) (0, 0, 0.00000000000000000000e+00) (0, 0, 0.00000000000000000000e+00) (0, 0, 0.00000000000000000000e+00) (7, 3, 5.00000000000000000000e-01) (7, 3, 5.00000000000000000000e-01) (7, 3, 5.00000000000000000000e-01) (7, 3, 5.00000000000000000000e-01) (7, 3, 5.00000000000000000000e-01) (7, 3, 5.00000000000000000000e-01) (7, 3, 5.00000000000000000000e-01) (7, 3, 5.00000000000000000000e-01) (0, 3, 0.00000000000000000000e+00) (9, 3, 5.00000000000000000000e-01) (0, 3, 0.00000000000000000000e+00) 
connections (connected_to_neuron, weight)=(0, 5.22491121292114257812e+00) (1, 1.13268172740936279297e+00) (2, -4.27136564254760742188e+00) (3, -2.30754399299621582031e+00) (4, -5.61232924461364746094e-01) (5, 1.96313190460205078125e+00) (6, 1.44524884223937988281e+00) (0, -9.23040771484375000000e+00) (1, 1.13994419574737548828e+00) (2, 1.09287106990814208984e+00) (3, 5.85965681076049804688e+00) (4, -1.96961843967437744141e+00) (5, 2.17322206497192382812e+00) (6, 7.69651114940643310547e-01) (0, -7.37211346626281738281e-01) (1, -2.16619515419006347656e+00) (2, -9.65834856033325195312e-01) (3, 2.59484601020812988281e+00) (4, -4.82673019170761108398e-01) (5, 8.35274696350097656250e+00) (6, -5.31173181533813476562e+00) (0, -1.73475480079650878906e+00) (1, -2.50772857666015625000e+00) (2, 4.01882028579711914062e+00) (3, -6.64284586906433105469e-01) (4, 4.08988046646118164062e+00) (5, -1.00201139450073242188e+01) (6, -1.11558020114898681641e+00) (0, -4.03958415985107421875e+00) (1, -3.76692175865173339844e+00) (2, -3.27237725257873535156e+00) (3, 6.97346878051757812500e+00) (4, 4.16664779186248779297e-01) (5, 5.29519605636596679688e+00) (6, -2.81672763824462890625e+00) (0, 2.37661457061767578125e+00) (1, 1.61807572841644287109e+00) (2, 1.41478657722473144531e+00) (3, -3.43418502807617187500e+00) (4, 4.58811730146408081055e-01) (5, 3.22494179010391235352e-01) (6, 2.16318011283874511719e+00) (0, -2.10885643959045410156e+00) (1, -1.80227971076965332031e+00) (2, 2.50017452239990234375e+00) (3, 3.10699009895324707031e+00) (4, 3.77884864807128906250e+00) (5, -5.88501930236816406250e+00) (6, -1.23775112628936767578e+00) (0, -3.20315575599670410156e+00) (1, -3.15737509727478027344e+00) (2, -3.57545232772827148438e+00) (3, 1.44359612464904785156e+00) (4, 2.44236159324645996094e+00) (5, 1.52505445480346679688e+00) (6, -1.96880233287811279297e+00) (7, -5.66075563430786132812e-01) (8, -1.38461780548095703125e+00) (9, 2.32581996917724609375e+00) (10, 3.37935280799865722656e+00) (11, 9.04544889926910400391e-01) (12, -8.66378784179687500000e-01) (13, 6.46108806133270263672e-01) (14, 4.48500919342041015625e+00) (15, -2.34103739261627197266e-01) 
