FANN_FLO_2.1
num_layers=3
learning_rate=0.400000
connection_rate=1.000000
network_type=0
learning_momentum=0.000000
training_algorithm=2
train_error_function=1
train_stop_function=0
cascade_output_change_fraction=0.010000
quickprop_decay=-0.000100
quickprop_mu=1.750000
rprop_increase_factor=1.200000
rprop_decrease_factor=0.500000
rprop_delta_min=0.000000
rprop_delta_max=50.000000
rprop_delta_zero=0.100000
cascade_output_stagnation_epochs=12
cascade_candidate_change_fraction=0.010000
cascade_candidate_stagnation_epochs=12
cascade_max_out_epochs=150
cascade_min_out_epochs=50
cascade_max_cand_epochs=150
cascade_min_cand_epochs=50
cascade_num_candidate_groups=2
bit_fail_limit=3.49999994039535522461e-01
cascade_candidate_limit=1.00000000000000000000e+03
cascade_weight_multiplier=4.00000005960464477539e-01
cascade_activation_functions_count=10
cascade_activation_functions=3 5 7 8 10 11 14 15 16 17 
cascade_activation_steepnesses_count=4
cascade_activation_steepnesses=2.50000000000000000000e-01 5.00000000000000000000e-01 7.50000000000000000000e-01 1.00000000000000000000e+00 
layer_sizes=7 5 2 
scale_included=0
neurons (num_inputs, activation_function, activation_steepness)=(0, 0, 0.00000000000000000000e+00) (0, 0, 0.00000000000000000000e+00) (0, 0, 0.00000000000000000000e+00) (0, 0, 0.00000000000000000000e+00) (0, 0, 0.00000000000000000000e+00) (0, 0, 0.00000000000000000000e+00) (0, 0, 0.00000000000000000000e+00) (7, 3, 5.00000000000000000000e-01) (7, 3, 5.00000000000000000000e-01) (7, 3, 5.00000000000000000000e-01) (7, 3, 5.00000000000000000000e-01) (0, 3, 0.00000000000000000000e+00) (5, 3, 5.00000000000000000000e-01) (0, 3, 0.00000000000000000000e+00) 
connections (connected_to_neuron, weight)=(0, 7.36590719223022460938e+00) (1, -9.17133998870849609375e+00) (2, 9.43829536437988281250e+00) (3, -3.47392773628234863281e+00) (4, -6.63760602474212646484e-01) (5, -2.62174677848815917969e+00) (6, 4.46856689453125000000e+00) (0, -1.12682294845581054688e+01) (1, 1.05973405838012695312e+01) (2, -9.58054244518280029297e-01) (3, -1.13157880306243896484e+00) (4, -5.77397048473358154297e-01) (5, 6.56342506408691406250e+00) (6, 6.49979650974273681641e-01) (0, -5.39139795303344726562e+00) (1, 5.61550664901733398438e+00) (2, -1.15418367385864257812e+01) (3, 2.02407336235046386719e+00) (4, 3.02803784608840942383e-01) (5, -1.39331726074218750000e+03) (6, -6.37030303478240966797e-01) (0, -2.18517398834228515625e+00) (1, -5.86804449558258056641e-02) (2, 1.22470340728759765625e+01) (3, -5.42766189575195312500e+00) (4, -2.49702739715576171875e+00) (5, 2.31492733955383300781e+00) (6, 4.52455615997314453125e+00) (7, -2.90948152542114257812e+00) (8, -3.44716167449951171875e+00) (9, -2.13870215415954589844e+00) (10, -1.06403267383575439453e+00) (11, 2.75696516036987304688e+00) 
