FANN_FLO_2.1
num_layers=3
learning_rate=0.400000
connection_rate=1.000000
network_type=0
learning_momentum=0.000000
training_algorithm=2
train_error_function=1
train_stop_function=0
cascade_output_change_fraction=0.010000
quickprop_decay=-0.000100
quickprop_mu=1.750000
rprop_increase_factor=1.200000
rprop_decrease_factor=0.500000
rprop_delta_min=0.000000
rprop_delta_max=50.000000
rprop_delta_zero=0.100000
cascade_output_stagnation_epochs=12
cascade_candidate_change_fraction=0.010000
cascade_candidate_stagnation_epochs=12
cascade_max_out_epochs=150
cascade_min_out_epochs=50
cascade_max_cand_epochs=150
cascade_min_cand_epochs=50
cascade_num_candidate_groups=2
bit_fail_limit=3.49999994039535522461e-01
cascade_candidate_limit=1.00000000000000000000e+03
cascade_weight_multiplier=4.00000005960464477539e-01
cascade_activation_functions_count=10
cascade_activation_functions=3 5 7 8 10 11 14 15 16 17 
cascade_activation_steepnesses_count=4
cascade_activation_steepnesses=2.50000000000000000000e-01 5.00000000000000000000e-01 7.50000000000000000000e-01 1.00000000000000000000e+00 
layer_sizes=19 3 3 
scale_included=0
neurons (num_inputs, activation_function, activation_steepness)=(0, 0, 0.00000000000000000000e+00) (0, 0, 0.00000000000000000000e+00) (0, 0, 0.00000000000000000000e+00) (0, 0, 0.00000000000000000000e+00) (0, 0, 0.00000000000000000000e+00) (0, 0, 0.00000000000000000000e+00) (0, 0, 0.00000000000000000000e+00) (0, 0, 0.00000000000000000000e+00) (0, 0, 0.00000000000000000000e+00) (0, 0, 0.00000000000000000000e+00) (0, 0, 0.00000000000000000000e+00) (0, 0, 0.00000000000000000000e+00) (0, 0, 0.00000000000000000000e+00) (0, 0, 0.00000000000000000000e+00) (0, 0, 0.00000000000000000000e+00) (0, 0, 0.00000000000000000000e+00) (0, 0, 0.00000000000000000000e+00) (0, 0, 0.00000000000000000000e+00) (0, 0, 0.00000000000000000000e+00) (19, 3, 5.00000000000000000000e-01) (19, 3, 5.00000000000000000000e-01) (0, 3, 0.00000000000000000000e+00) (3, 3, 5.00000000000000000000e-01) (3, 3, 5.00000000000000000000e-01) (0, 3, 0.00000000000000000000e+00) 
connections (connected_to_neuron, weight)=(0, -2.86013817787170410156e+00) (1, 3.68900090456008911133e-01) (2, 4.61742830276489257812e+00) (3, -8.63940417766571044922e-01) (4, 3.35640162229537963867e-01) (5, 3.93754148483276367188e+00) (6, -3.89530992507934570312e+00) (7, 1.12931406497955322266e+00) (8, 4.75942134857177734375e+00) (9, 2.53941750526428222656e+00) (10, -9.61654841899871826172e-01) (11, -3.89049625396728515625e+00) (12, 1.17348003387451171875e+00) (13, -2.69860386848449707031e+00) (14, -3.02268552780151367188e+00) (15, 1.33024239540100097656e+00) (16, 6.60366296768188476562e-01) (17, -4.07348537445068359375e+00) (18, -1.73787891864776611328e+00) (0, 2.43971991539001464844e+00) (1, -7.35589027404785156250e-01) (2, -3.41485118865966796875e+00) (3, 1.07564337551593780518e-01) (4, -5.92345416545867919922e-01) (5, -3.63633608818054199219e+00) (6, 4.38010168075561523438e+00) (7, -5.19875109195709228516e-01) (8, -3.39175724983215332031e+00) (9, -1.90034091472625732422e+00) (10, 1.00498771667480468750e+00) (11, 3.54412388801574707031e+00) (12, 8.56324195861816406250e-01) (13, 3.56858491897583007812e+00) (14, 2.23236584663391113281e+00) (15, -8.95958840847015380859e-01) (16, -1.45609021186828613281e+00) (17, 3.62328410148620605469e+00) (18, -1.72286415100097656250e+00) (19, -3.29907631874084472656e+00) (20, -2.74867367744445800781e+00) (21, 1.99662542343139648438e+00) (19, 3.29470157623291015625e+00) (20, 2.74314951896667480469e+00) (21, -1.99146771430969238281e+00) 
