FANN_FLO_2.1
num_layers=3
learning_rate=0.500000
connection_rate=1.000000
network_type=0
learning_momentum=0.000000
training_algorithm=2
train_error_function=1
train_stop_function=0
cascade_output_change_fraction=0.010000
quickprop_decay=-0.000100
quickprop_mu=1.750000
rprop_increase_factor=1.200000
rprop_decrease_factor=0.500000
rprop_delta_min=0.000000
rprop_delta_max=50.000000
rprop_delta_zero=0.100000
cascade_output_stagnation_epochs=12
cascade_candidate_change_fraction=0.010000
cascade_candidate_stagnation_epochs=12
cascade_max_out_epochs=150
cascade_min_out_epochs=50
cascade_max_cand_epochs=150
cascade_min_cand_epochs=50
cascade_num_candidate_groups=2
bit_fail_limit=3.49999994039535522461e-01
cascade_candidate_limit=1.00000000000000000000e+03
cascade_weight_multiplier=4.00000005960464477539e-01
cascade_activation_functions_count=10
cascade_activation_functions=3 5 7 8 10 11 14 15 16 17 
cascade_activation_steepnesses_count=4
cascade_activation_steepnesses=2.50000000000000000000e-01 5.00000000000000000000e-01 7.50000000000000000000e-01 1.00000000000000000000e+00 
layer_sizes=10 5 2 
scale_included=0
neurons (num_inputs, activation_function, activation_steepness)=(0, 0, 0.00000000000000000000e+00) (0, 0, 0.00000000000000000000e+00) (0, 0, 0.00000000000000000000e+00) (0, 0, 0.00000000000000000000e+00) (0, 0, 0.00000000000000000000e+00) (0, 0, 0.00000000000000000000e+00) (0, 0, 0.00000000000000000000e+00) (0, 0, 0.00000000000000000000e+00) (0, 0, 0.00000000000000000000e+00) (0, 0, 0.00000000000000000000e+00) (10, 3, 5.00000000000000000000e-01) (10, 3, 5.00000000000000000000e-01) (10, 3, 5.00000000000000000000e-01) (10, 3, 5.00000000000000000000e-01) (0, 3, 0.00000000000000000000e+00) (5, 3, 5.00000000000000000000e-01) (0, 3, 0.00000000000000000000e+00) 
connections (connected_to_neuron, weight)=(0, 4.47385683655738830566e-02) (1, 9.80861127376556396484e-01) (2, 9.68150436878204345703e-01) (3, -3.04575777053833007812e+00) (4, 2.74616146087646484375e+00) (5, 3.19991207122802734375e+00) (6, 1.20509423315525054932e-01) (7, -6.70120429992675781250e+00) (8, -3.12556529045104980469e+00) (9, 2.99336218833923339844e+00) (0, 2.24698829650878906250e+00) (1, 2.70585002899169921875e+01) (2, 2.01467084884643554688e+00) (3, -4.08326244354248046875e+00) (4, 1.53663098812103271484e+00) (5, 1.41438770294189453125e+00) (6, -4.68490076065063476562e+00) (7, -2.79511337280273437500e+01) (8, -5.04746794700622558594e-01) (9, -8.90209257602691650391e-01) (0, -4.85931110382080078125e+00) (1, -4.01330184936523437500e+00) (2, 2.99228042364120483398e-01) (3, -1.52545407414436340332e-01) (4, 3.13766551017761230469e+00) (5, 1.61439895629882812500e-01) (6, 1.24322891235351562500e+00) (7, 5.73771762847900390625e+00) (8, -2.82204079627990722656e+00) (9, 1.78887915611267089844e+00) (0, -7.74531304836273193359e-01) (1, -2.24453201293945312500e+01) (2, -2.96496152877807617188e-01) (3, 9.78786777704954147339e-03) (4, 2.64613199234008789062e+00) (5, -3.54350417852401733398e-01) (6, 2.33582611083984375000e+01) (7, -1.25481832027435302734e+00) (8, -1.95138342678546905518e-02) (9, -2.54264140129089355469e+00) (10, -1.47224199771881103516e+00) (11, 3.87313055992126464844e+00) (12, 5.95009326934814453125e-01) (13, 2.60737729072570800781e+00) (14, -1.88750362396240234375e+00) 
