FANN_FLO_2.1
num_layers=4
learning_rate=0.500000
connection_rate=1.000000
network_type=0
learning_momentum=0.000000
training_algorithm=2
train_error_function=1
train_stop_function=0
cascade_output_change_fraction=0.010000
quickprop_decay=-0.000100
quickprop_mu=1.750000
rprop_increase_factor=1.200000
rprop_decrease_factor=0.500000
rprop_delta_min=0.000000
rprop_delta_max=50.000000
rprop_delta_zero=0.100000
cascade_output_stagnation_epochs=12
cascade_candidate_change_fraction=0.010000
cascade_candidate_stagnation_epochs=12
cascade_max_out_epochs=150
cascade_min_out_epochs=50
cascade_max_cand_epochs=150
cascade_min_cand_epochs=50
cascade_num_candidate_groups=2
bit_fail_limit=3.49999994039535522461e-01
cascade_candidate_limit=1.00000000000000000000e+03
cascade_weight_multiplier=4.00000005960464477539e-01
cascade_activation_functions_count=10
cascade_activation_functions=3 5 7 8 10 11 14 15 16 17 
cascade_activation_steepnesses_count=4
cascade_activation_steepnesses=2.50000000000000000000e-01 5.00000000000000000000e-01 7.50000000000000000000e-01 1.00000000000000000000e+00 
layer_sizes=2 5 3 3 
scale_included=0
neurons (num_inputs, activation_function, activation_steepness)=(0, 0, 0.00000000000000000000e+00) (0, 0, 0.00000000000000000000e+00) (2, 3, 5.00000000000000000000e-01) (2, 3, 5.00000000000000000000e-01) (2, 3, 5.00000000000000000000e-01) (2, 3, 5.00000000000000000000e-01) (0, 3, 0.00000000000000000000e+00) (5, 3, 5.00000000000000000000e-01) (5, 3, 5.00000000000000000000e-01) (0, 3, 0.00000000000000000000e+00) (3, 0, 5.00000000000000000000e-01) (3, 0, 5.00000000000000000000e-01) (0, 0, 0.00000000000000000000e+00) 
connections (connected_to_neuron, weight)=(0, 1.50000000000000000000e+03) (1, -5.69712638854980468750e+00) (0, 2.00448665618896484375e+01) (1, -9.32310223579406738281e-01) (0, 1.50000000000000000000e+03) (1, -4.58129119873046875000e+00) (0, 1.50000000000000000000e+03) (1, -6.83513164520263671875e+00) (2, -1.44500000000000000000e+03) (3, -1.48824340820312500000e+03) (4, -1.44500000000000000000e+03) (5, -1.44500000000000000000e+03) (6, 5.22493972778320312500e+01) (2, -9.84606504440307617188e-01) (3, 5.18831348419189453125e+00) (4, -7.15156793594360351562e-01) (5, 2.20646095275878906250e+00) (6, -7.00292730331420898438e+00) (7, 1.50000000000000000000e+03) (8, -6.14367008209228515625e+00) (9, -2.60529756546020507812e-01) (7, 1.50000000000000000000e+03) (8, -1.47995042800903320312e+01) (9, 2.26577830314636230469e+00) 
