FANN_FLO_2.1
num_layers=4
learning_rate=0.500000
connection_rate=1.000000
network_type=0
learning_momentum=0.000000
training_algorithm=2
train_error_function=1
train_stop_function=0
cascade_output_change_fraction=0.010000
quickprop_decay=-0.000100
quickprop_mu=1.750000
rprop_increase_factor=1.200000
rprop_decrease_factor=0.500000
rprop_delta_min=0.000000
rprop_delta_max=50.000000
rprop_delta_zero=0.100000
cascade_output_stagnation_epochs=12
cascade_candidate_change_fraction=0.010000
cascade_candidate_stagnation_epochs=12
cascade_max_out_epochs=150
cascade_min_out_epochs=50
cascade_max_cand_epochs=150
cascade_min_cand_epochs=50
cascade_num_candidate_groups=2
bit_fail_limit=3.49999994039535522461e-01
cascade_candidate_limit=1.00000000000000000000e+03
cascade_weight_multiplier=4.00000005960464477539e-01
cascade_activation_functions_count=10
cascade_activation_functions=3 5 7 8 10 11 14 15 16 17 
cascade_activation_steepnesses_count=4
cascade_activation_steepnesses=2.50000000000000000000e-01 5.00000000000000000000e-01 7.50000000000000000000e-01 1.00000000000000000000e+00 
layer_sizes=10 5 3 2 
scale_included=0
neurons (num_inputs, activation_function, activation_steepness)=(0, 0, 0.00000000000000000000e+00) (0, 0, 0.00000000000000000000e+00) (0, 0, 0.00000000000000000000e+00) (0, 0, 0.00000000000000000000e+00) (0, 0, 0.00000000000000000000e+00) (0, 0, 0.00000000000000000000e+00) (0, 0, 0.00000000000000000000e+00) (0, 0, 0.00000000000000000000e+00) (0, 0, 0.00000000000000000000e+00) (0, 0, 0.00000000000000000000e+00) (10, 3, 5.00000000000000000000e-01) (10, 3, 5.00000000000000000000e-01) (10, 3, 5.00000000000000000000e-01) (10, 3, 5.00000000000000000000e-01) (0, 3, 0.00000000000000000000e+00) (5, 3, 5.00000000000000000000e-01) (5, 3, 5.00000000000000000000e-01) (0, 3, 0.00000000000000000000e+00) (3, 3, 5.00000000000000000000e-01) (0, 3, 0.00000000000000000000e+00) 
connections (connected_to_neuron, weight)=(0, 1.15176267623901367188e+01) (1, -3.44369292259216308594e+00) (2, 1.36570959091186523438e+01) (3, 9.52306365966796875000e+00) (4, -1.36563706398010253906e+00) (5, 4.62540864944458007812e-01) (6, -3.10481190681457519531e+00) (7, 1.64421482086181640625e+01) (8, 3.60461211204528808594e+00) (9, -2.83449630737304687500e+01) (0, 3.10386718750000000000e+02) (1, 1.29650939941406250000e+03) (2, 4.85469116210937500000e+02) (3, -4.00180755615234375000e+02) (4, 4.18685340881347656250e+01) (5, 7.60788696289062500000e+02) (6, 1.29057971191406250000e+03) (7, -5.72868041992187500000e+02) (8, 2.34763381958007812500e+02) (9, 3.07669963836669921875e+01) (0, 2.10316162109375000000e+01) (1, -2.09319229125976562500e+02) (2, 2.08654312133789062500e+02) (3, 5.28482484817504882812e+00) (4, -9.56196665763854980469e-01) (5, 1.06237869262695312500e+01) (6, -2.53947963714599609375e+01) (7, -1.58429241180419921875e+01) (8, 8.25479793548583984375e+00) (9, 2.96834677457809448242e-01) (0, -1.33143334960937500000e+03) (1, 1.37685485839843750000e+03) (2, 3.59927215576171875000e+02) (3, -5.02365234375000000000e+02) (4, 3.07703979492187500000e+02) (5, -4.89241149902343750000e+02) (6, 1.49804211425781250000e+03) (7, -5.11498901367187500000e+02) (8, -4.15345153808593750000e+02) (9, 4.91670989990234375000e+01) (10, 1.50000000000000000000e+03) (11, -2.27950325012207031250e+01) (12, 1.49999987792968750000e+03) (13, -1.49791418457031250000e+03) (14, -3.89458847045898437500e+01) (10, -1.50000000000000000000e+03) (11, 6.35631036758422851562e+00) (12, -1.44993273925781250000e+03) (13, 1.49999987792968750000e+03) (14, 3.23732042312622070312e+00) (15, -1.17570722103118896484e+00) (16, 9.71641778945922851562e-01) (17, -1.21177695691585540771e-01) 
