FANN_FLO_2.1
num_layers=4
learning_rate=0.500000
connection_rate=1.000000
network_type=0
learning_momentum=0.000000
training_algorithm=2
train_error_function=1
train_stop_function=0
cascade_output_change_fraction=0.010000
quickprop_decay=-0.000100
quickprop_mu=1.750000
rprop_increase_factor=1.200000
rprop_decrease_factor=0.500000
rprop_delta_min=0.000000
rprop_delta_max=50.000000
rprop_delta_zero=0.100000
cascade_output_stagnation_epochs=12
cascade_candidate_change_fraction=0.010000
cascade_candidate_stagnation_epochs=12
cascade_max_out_epochs=150
cascade_min_out_epochs=50
cascade_max_cand_epochs=150
cascade_min_cand_epochs=50
cascade_num_candidate_groups=2
bit_fail_limit=3.49999994039535522461e-01
cascade_candidate_limit=1.00000000000000000000e+03
cascade_weight_multiplier=4.00000005960464477539e-01
cascade_activation_functions_count=10
cascade_activation_functions=3 5 7 8 10 11 14 15 16 17 
cascade_activation_steepnesses_count=4
cascade_activation_steepnesses=2.50000000000000000000e-01 5.00000000000000000000e-01 7.50000000000000000000e-01 1.00000000000000000000e+00 
layer_sizes=10 3 3 2 
scale_included=0
neurons (num_inputs, activation_function, activation_steepness)=(0, 0, 0.00000000000000000000e+00) (0, 0, 0.00000000000000000000e+00) (0, 0, 0.00000000000000000000e+00) (0, 0, 0.00000000000000000000e+00) (0, 0, 0.00000000000000000000e+00) (0, 0, 0.00000000000000000000e+00) (0, 0, 0.00000000000000000000e+00) (0, 0, 0.00000000000000000000e+00) (0, 0, 0.00000000000000000000e+00) (0, 0, 0.00000000000000000000e+00) (10, 3, 5.00000000000000000000e-01) (10, 3, 5.00000000000000000000e-01) (0, 3, 0.00000000000000000000e+00) (3, 3, 5.00000000000000000000e-01) (3, 3, 5.00000000000000000000e-01) (0, 3, 0.00000000000000000000e+00) (3, 3, 5.00000000000000000000e-01) (0, 3, 0.00000000000000000000e+00) 
connections (connected_to_neuron, weight)=(0, -1.46682720184326171875e+01) (1, -1.21039962768554687500e+00) (2, 4.70264822244644165039e-01) (3, -5.40347766876220703125e+00) (4, 1.65429547429084777832e-01) (5, 2.32686805725097656250e+01) (6, -6.99731492996215820312e+00) (7, -2.57401609420776367188e+00) (8, 1.89738762378692626953e+00) (9, -7.26465523242950439453e-01) (0, -7.68784224987030029297e-01) (1, 4.60542917251586914062e+00) (2, 8.50123413085937500000e+02) (3, 1.66448593139648437500e+01) (4, 1.10476505756378173828e+00) (5, -6.64935607910156250000e+01) (6, 4.86843883991241455078e-01) (7, 1.43586654663085937500e+02) (8, -1.47518029785156250000e+03) (9, -1.01175940036773681641e+00) (10, 2.38808479309082031250e+01) (11, 3.66845321655273437500e+01) (12, -5.59694099426269531250e+00) (10, 1.75422821044921875000e+01) (11, 6.96537170410156250000e+01) (12, -5.32869863510131835938e+00) (13, 1.12435507774353027344e+00) (14, 7.41485595703125000000e-01) (15, -9.97991979122161865234e-01) 
