FANN_FLO_2.1
num_layers=4
learning_rate=0.400000
connection_rate=1.000000
network_type=0
learning_momentum=0.000000
training_algorithm=2
train_error_function=1
train_stop_function=0
cascade_output_change_fraction=0.010000
quickprop_decay=-0.000100
quickprop_mu=1.750000
rprop_increase_factor=1.200000
rprop_decrease_factor=0.500000
rprop_delta_min=0.000000
rprop_delta_max=50.000000
rprop_delta_zero=0.100000
cascade_output_stagnation_epochs=12
cascade_candidate_change_fraction=0.010000
cascade_candidate_stagnation_epochs=12
cascade_max_out_epochs=150
cascade_min_out_epochs=50
cascade_max_cand_epochs=150
cascade_min_cand_epochs=50
cascade_num_candidate_groups=2
bit_fail_limit=3.49999994039535522461e-01
cascade_candidate_limit=1.00000000000000000000e+03
cascade_weight_multiplier=4.00000005960464477539e-01
cascade_activation_functions_count=10
cascade_activation_functions=3 5 7 8 10 11 14 15 16 17 
cascade_activation_steepnesses_count=4
cascade_activation_steepnesses=2.50000000000000000000e-01 5.00000000000000000000e-01 7.50000000000000000000e-01 1.00000000000000000000e+00 
layer_sizes=7 5 3 2 
scale_included=0
neurons (num_inputs, activation_function, activation_steepness)=(0, 0, 0.00000000000000000000e+00) (0, 0, 0.00000000000000000000e+00) (0, 0, 0.00000000000000000000e+00) (0, 0, 0.00000000000000000000e+00) (0, 0, 0.00000000000000000000e+00) (0, 0, 0.00000000000000000000e+00) (0, 0, 0.00000000000000000000e+00) (7, 3, 5.00000000000000000000e-01) (7, 3, 5.00000000000000000000e-01) (7, 3, 5.00000000000000000000e-01) (7, 3, 5.00000000000000000000e-01) (0, 3, 0.00000000000000000000e+00) (5, 3, 5.00000000000000000000e-01) (5, 3, 5.00000000000000000000e-01) (0, 3, 0.00000000000000000000e+00) (3, 3, 5.00000000000000000000e-01) (0, 3, 0.00000000000000000000e+00) 
connections (connected_to_neuron, weight)=(0, 1.08533248901367187500e+01) (1, -1.21125850677490234375e+01) (2, 3.95451450347900390625e+00) (3, -1.74287617206573486328e+00) (4, -5.73793232440948486328e-01) (5, 3.29981899261474609375e+00) (6, -2.52974462509155273438e+00) (0, -4.37274599075317382812e+00) (1, 5.76340961456298828125e+00) (2, 2.50310325622558593750e+00) (3, 4.34199571609497070312e+00) (4, -7.42227697372436523438e+00) (5, -1.31580004882812500000e+03) (6, -1.91946661472320556641e+00) (0, -1.41165435314178466797e+00) (1, 1.67333722114562988281e+00) (2, -1.72417116165161132812e+00) (3, -5.14792585372924804688e+00) (4, -1.30163455009460449219e+00) (5, 2.15920877456665039062e+00) (6, 2.65675091743469238281e+00) (0, -6.38941478729248046875e+00) (1, 1.99921464920043945312e+00) (2, -5.75414896011352539062e-01) (3, 2.89195704460144042969e+00) (4, 7.03413903713226318359e-01) (5, -1.31580004882812500000e+03) (6, 2.56094425916671752930e-01) (7, 3.51859903335571289062e+00) (8, 8.33092153072357177734e-01) (9, 2.37583947181701660156e+00) (10, 1.48868501186370849609e+00) (11, -4.67909288406372070312e+00) (7, -3.12612056732177734375e+01) (8, 1.04365396499633789062e+00) (9, 4.21512889862060546875e+00) (10, 2.90550279617309570312e+00) (11, -4.47224473953247070312e+00) (12, -9.81711578369140625000e+00) (13, -8.54889392852783203125e+00) (14, -8.78781855106353759766e-01) 
