FANN_FLO_2.1
num_layers=4
learning_rate=0.400000
connection_rate=1.000000
network_type=0
learning_momentum=0.000000
training_algorithm=2
train_error_function=1
train_stop_function=0
cascade_output_change_fraction=0.010000
quickprop_decay=-0.000100
quickprop_mu=1.750000
rprop_increase_factor=1.200000
rprop_decrease_factor=0.500000
rprop_delta_min=0.000000
rprop_delta_max=50.000000
rprop_delta_zero=0.100000
cascade_output_stagnation_epochs=12
cascade_candidate_change_fraction=0.010000
cascade_candidate_stagnation_epochs=12
cascade_max_out_epochs=150
cascade_min_out_epochs=50
cascade_max_cand_epochs=150
cascade_min_cand_epochs=50
cascade_num_candidate_groups=2
bit_fail_limit=3.49999994039535522461e-01
cascade_candidate_limit=1.00000000000000000000e+03
cascade_weight_multiplier=4.00000005960464477539e-01
cascade_activation_functions_count=10
cascade_activation_functions=3 5 7 8 10 11 14 15 16 17 
cascade_activation_steepnesses_count=4
cascade_activation_steepnesses=2.50000000000000000000e-01 5.00000000000000000000e-01 7.50000000000000000000e-01 1.00000000000000000000e+00 
layer_sizes=7 5 5 2 
scale_included=0
neurons (num_inputs, activation_function, activation_steepness)=(0, 0, 0.00000000000000000000e+00) (0, 0, 0.00000000000000000000e+00) (0, 0, 0.00000000000000000000e+00) (0, 0, 0.00000000000000000000e+00) (0, 0, 0.00000000000000000000e+00) (0, 0, 0.00000000000000000000e+00) (0, 0, 0.00000000000000000000e+00) (7, 3, 5.00000000000000000000e-01) (7, 3, 5.00000000000000000000e-01) (7, 3, 5.00000000000000000000e-01) (7, 3, 5.00000000000000000000e-01) (0, 3, 0.00000000000000000000e+00) (5, 3, 5.00000000000000000000e-01) (5, 3, 5.00000000000000000000e-01) (5, 3, 5.00000000000000000000e-01) (5, 3, 5.00000000000000000000e-01) (0, 3, 0.00000000000000000000e+00) (5, 3, 5.00000000000000000000e-01) (0, 3, 0.00000000000000000000e+00) 
connections (connected_to_neuron, weight)=(0, -5.30293846130371093750e+00) (1, 5.29117059707641601562e+00) (2, -4.09652709960937500000e+00) (3, -2.03577041625976562500e-01) (4, -1.75970363616943359375e+00) (5, -4.87722206115722656250e+00) (6, 4.51100111007690429688e-01) (0, -7.95837593078613281250e+00) (1, -6.35927557945251464844e-01) (2, 1.22959842681884765625e+01) (3, -1.46945438385009765625e+01) (4, 1.02301969528198242188e+01) (5, 2.72264862060546875000e+00) (6, -2.14063215255737304688e+00) (0, 6.52258825302124023438e+00) (1, -6.97379255294799804688e+00) (2, 1.94151866436004638672e+00) (3, -1.36773884296417236328e+00) (4, -1.50151348114013671875e+00) (5, 3.51661634445190429688e+00) (6, -2.27006149291992187500e+00) (0, -2.24240088462829589844e+00) (1, 3.04085326194763183594e+00) (2, -6.71971464157104492188e+00) (3, 5.91685533523559570312e-01) (4, -3.74331307411193847656e+00) (5, -3.12738156318664550781e+00) (6, 1.38091754913330078125e+00) (7, 3.56806373596191406250e+01) (8, 1.10106300354003906250e+02) (9, 3.78582763671875000000e+01) (10, 2.32316989898681640625e+01) (11, -7.60761260986328125000e+00) (7, 1.45677452087402343750e+01) (8, 1.14430403709411621094e+00) (9, 6.72913265228271484375e+00) (10, -5.13388919830322265625e+00) (11, -4.38553667068481445312e+00) (7, -3.63999710083007812500e+01) (8, 1.48182662963867187500e+02) (9, 1.04347863769531250000e+03) (10, 1.27904958724975585938e+01) (11, -1.51669015884399414062e+01) (7, -4.86616325378417968750e+00) (8, 6.34853172302246093750e+00) (9, 1.19821960449218750000e+03) (10, -2.05284118652343750000e+01) (11, -2.17522478103637695312e+00) (12, -7.45975852012634277344e-01) (13, -6.92666101455688476562e+00) (14, -4.30998295545578002930e-01) (15, -5.23841261863708496094e-01) (16, 1.29837632179260253906e-01) 
