FANN_FLO_2.1
num_layers=4
learning_rate=0.500000
connection_rate=1.000000
network_type=0
learning_momentum=0.000000
training_algorithm=2
train_error_function=1
train_stop_function=0
cascade_output_change_fraction=0.010000
quickprop_decay=-0.000100
quickprop_mu=1.750000
rprop_increase_factor=1.200000
rprop_decrease_factor=0.500000
rprop_delta_min=0.000000
rprop_delta_max=50.000000
rprop_delta_zero=0.100000
cascade_output_stagnation_epochs=12
cascade_candidate_change_fraction=0.010000
cascade_candidate_stagnation_epochs=12
cascade_max_out_epochs=150
cascade_min_out_epochs=50
cascade_max_cand_epochs=150
cascade_min_cand_epochs=50
cascade_num_candidate_groups=2
bit_fail_limit=3.49999994039535522461e-01
cascade_candidate_limit=1.00000000000000000000e+03
cascade_weight_multiplier=4.00000005960464477539e-01
cascade_activation_functions_count=10
cascade_activation_functions=3 5 7 8 10 11 14 15 16 17 
cascade_activation_steepnesses_count=4
cascade_activation_steepnesses=2.50000000000000000000e-01 5.00000000000000000000e-01 7.50000000000000000000e-01 1.00000000000000000000e+00 
layer_sizes=10 3 3 2 
scale_included=0
neurons (num_inputs, activation_function, activation_steepness)=(0, 0, 0.00000000000000000000e+00) (0, 0, 0.00000000000000000000e+00) (0, 0, 0.00000000000000000000e+00) (0, 0, 0.00000000000000000000e+00) (0, 0, 0.00000000000000000000e+00) (0, 0, 0.00000000000000000000e+00) (0, 0, 0.00000000000000000000e+00) (0, 0, 0.00000000000000000000e+00) (0, 0, 0.00000000000000000000e+00) (0, 0, 0.00000000000000000000e+00) (10, 3, 5.00000000000000000000e-01) (10, 3, 5.00000000000000000000e-01) (0, 3, 0.00000000000000000000e+00) (3, 3, 5.00000000000000000000e-01) (3, 3, 5.00000000000000000000e-01) (0, 3, 0.00000000000000000000e+00) (3, 3, 5.00000000000000000000e-01) (0, 3, 0.00000000000000000000e+00) 
connections (connected_to_neuron, weight)=(0, 1.98343670368194580078e+00) (1, 2.36258697509765625000e+01) (2, 1.50000000000000000000e+03) (3, 1.50000000000000000000e+03) (4, 1.27169275283813476562e+01) (5, 9.54388320446014404297e-01) (6, 9.67162907123565673828e-01) (7, -7.56019175052642822266e-01) (8, -5.63347434997558593750e+00) (9, -2.18275383114814758301e-01) (0, -1.26817190647125244141e+00) (1, 5.78827333450317382812e+00) (2, -1.52972936630249023438e+00) (3, -1.71793246269226074219e+00) (4, 3.02933549880981445312e+00) (5, 4.51097631454467773438e+00) (6, -5.05272865295410156250e+00) (7, 5.95194673538208007812e+00) (8, -1.09846906661987304688e+01) (9, 1.27907192707061767578e+00) (10, -1.47337818145751953125e+00) (11, -1.19788527488708496094e+00) (12, 3.20863509178161621094e+00) (10, -1.48089324951171875000e+02) (11, 2.49293930053710937500e+02) (12, -4.27851181030273437500e+01) (13, -2.82830929756164550781e+00) (14, 1.64927089214324951172e+00) (15, 9.72718179225921630859e-01) 
