FANN_FLO_2.1
num_layers=3
learning_rate=0.400000
connection_rate=1.000000
network_type=0
learning_momentum=0.000000
training_algorithm=2
train_error_function=1
train_stop_function=0
cascade_output_change_fraction=0.010000
quickprop_decay=-0.000100
quickprop_mu=1.750000
rprop_increase_factor=1.200000
rprop_decrease_factor=0.500000
rprop_delta_min=0.000000
rprop_delta_max=50.000000
rprop_delta_zero=0.100000
cascade_output_stagnation_epochs=12
cascade_candidate_change_fraction=0.010000
cascade_candidate_stagnation_epochs=12
cascade_max_out_epochs=150
cascade_min_out_epochs=50
cascade_max_cand_epochs=150
cascade_min_cand_epochs=50
cascade_num_candidate_groups=2
bit_fail_limit=3.49999994039535522461e-01
cascade_candidate_limit=1.00000000000000000000e+03
cascade_weight_multiplier=4.00000005960464477539e-01
cascade_activation_functions_count=10
cascade_activation_functions=3 5 7 8 10 11 14 15 16 17 
cascade_activation_steepnesses_count=4
cascade_activation_steepnesses=2.50000000000000000000e-01 5.00000000000000000000e-01 7.50000000000000000000e-01 1.00000000000000000000e+00 
layer_sizes=7 9 2 
scale_included=0
neurons (num_inputs, activation_function, activation_steepness)=(0, 0, 0.00000000000000000000e+00) (0, 0, 0.00000000000000000000e+00) (0, 0, 0.00000000000000000000e+00) (0, 0, 0.00000000000000000000e+00) (0, 0, 0.00000000000000000000e+00) (0, 0, 0.00000000000000000000e+00) (0, 0, 0.00000000000000000000e+00) (7, 3, 5.00000000000000000000e-01) (7, 3, 5.00000000000000000000e-01) (7, 3, 5.00000000000000000000e-01) (7, 3, 5.00000000000000000000e-01) (7, 3, 5.00000000000000000000e-01) (7, 3, 5.00000000000000000000e-01) (7, 3, 5.00000000000000000000e-01) (7, 3, 5.00000000000000000000e-01) (0, 3, 0.00000000000000000000e+00) (9, 3, 5.00000000000000000000e-01) (0, 3, 0.00000000000000000000e+00) 
connections (connected_to_neuron, weight)=(0, -1.37250602245330810547e-01) (1, -2.20264410972595214844e+00) (2, -2.00974407196044921875e+01) (3, 3.65051307678222656250e+01) (4, -1.91753597259521484375e+01) (5, 5.68653059005737304688e+00) (6, -1.22413644790649414062e+01) (0, 4.91338443756103515625e+00) (1, -1.19125204086303710938e+01) (2, 7.48623037338256835938e+00) (3, -1.52822649478912353516e+00) (4, -2.13061356544494628906e+00) (5, -5.01734685897827148438e+00) (6, 8.34375762939453125000e+00) (0, 1.77471008300781250000e+01) (1, 2.33139014244079589844e+00) (2, -4.14693374633789062500e+01) (3, -2.04292469024658203125e+01) (4, -9.20159912109375000000e+00) (5, -1.42052876949310302734e+00) (6, -1.11653578281402587891e+00) (0, -9.60932350158691406250e+00) (1, 8.80163383483886718750e+00) (2, 4.57369685173034667969e-01) (3, -1.59841370582580566406e+00) (4, -8.58739256858825683594e-01) (5, -1.12261943817138671875e+01) (6, -4.18643563985824584961e-01) (0, 8.87147426605224609375e+00) (1, -6.03429563343524932861e-02) (2, 2.63394947052001953125e+01) (3, -4.78509283065795898438e+00) (4, -3.07881402969360351562e+00) (5, 4.49415731430053710938e+00) (6, -9.48762321472167968750e+00) (0, 3.88020229339599609375e+00) (1, -5.80302810668945312500e+00) (2, 4.92300093173980712891e-01) (3, -1.93341588973999023438e+00) (4, 2.80179202556610107422e-01) (5, 4.32925462722778320312e+00) (6, -3.74381327629089355469e+00) (0, -2.66371607780456542969e+00) (1, 2.68380093574523925781e+00) (2, -1.50972747802734375000e+01) (3, -2.75183105468750000000e+00) (4, 7.97544670104980468750e+00) (5, 4.39191102981567382812e-01) (6, -6.85554695129394531250e+00) (0, -2.04452729225158691406e+00) (1, -8.08870410919189453125e+00) (2, -3.69940834045410156250e+01) (3, 2.54151296615600585938e+00) (4, 5.58579444885253906250e+00) (5, 4.21407270431518554688e+00) (6, 5.36836242675781250000e+00) (7, -4.74315613508224487305e-01) (8, -9.90380346775054931641e-01) (9, -2.63284862041473388672e-01) (10, -1.10282077789306640625e+01) (11, -1.21540272235870361328e+00) (12, -7.77083683013916015625e+00) (13, -3.40451449155807495117e-01) (14, -3.91514837741851806641e-01) (15, 1.38019382953643798828e-01) 
