FANN_FLO_2.1
num_layers=3
learning_rate=0.400000
connection_rate=1.000000
network_type=0
learning_momentum=0.000000
training_algorithm=2
train_error_function=1
train_stop_function=0
cascade_output_change_fraction=0.010000
quickprop_decay=-0.000100
quickprop_mu=1.750000
rprop_increase_factor=1.200000
rprop_decrease_factor=0.500000
rprop_delta_min=0.000000
rprop_delta_max=50.000000
rprop_delta_zero=0.100000
cascade_output_stagnation_epochs=12
cascade_candidate_change_fraction=0.010000
cascade_candidate_stagnation_epochs=12
cascade_max_out_epochs=150
cascade_min_out_epochs=50
cascade_max_cand_epochs=150
cascade_min_cand_epochs=50
cascade_num_candidate_groups=2
bit_fail_limit=3.49999994039535522461e-01
cascade_candidate_limit=1.00000000000000000000e+03
cascade_weight_multiplier=4.00000005960464477539e-01
cascade_activation_functions_count=10
cascade_activation_functions=3 5 7 8 10 11 14 15 16 17 
cascade_activation_steepnesses_count=4
cascade_activation_steepnesses=2.50000000000000000000e-01 5.00000000000000000000e-01 7.50000000000000000000e-01 1.00000000000000000000e+00 
layer_sizes=7 5 2 
scale_included=0
neurons (num_inputs, activation_function, activation_steepness)=(0, 0, 0.00000000000000000000e+00) (0, 0, 0.00000000000000000000e+00) (0, 0, 0.00000000000000000000e+00) (0, 0, 0.00000000000000000000e+00) (0, 0, 0.00000000000000000000e+00) (0, 0, 0.00000000000000000000e+00) (0, 0, 0.00000000000000000000e+00) (7, 3, 5.00000000000000000000e-01) (7, 3, 5.00000000000000000000e-01) (7, 3, 5.00000000000000000000e-01) (7, 3, 5.00000000000000000000e-01) (0, 3, 0.00000000000000000000e+00) (5, 3, 5.00000000000000000000e-01) (0, 3, 0.00000000000000000000e+00) 
connections (connected_to_neuron, weight)=(0, -6.60812473297119140625e+00) (1, -9.10525143146514892578e-01) (2, 6.06502628326416015625e+00) (3, -7.05198621749877929688e+00) (4, -1.02239751815795898438e+00) (5, 1.03102076053619384766e+00) (6, 9.64327049255371093750e+00) (0, -1.29549551010131835938e+01) (1, 1.18005390167236328125e+01) (2, -3.40095376968383789062e+00) (3, -2.94627213478088378906e+00) (4, -6.45799279212951660156e-01) (5, -4.15238094329833984375e+00) (6, -1.52092412114143371582e-01) (0, 4.28072738647460937500e+00) (1, -1.08676481246948242188e+00) (2, -1.36936216354370117188e+01) (3, 1.05083789825439453125e+01) (4, -8.67097949981689453125e+00) (5, -1.68269002437591552734e+00) (6, -3.94933533668518066406e+00) (0, 1.28657188415527343750e+01) (1, -1.39822282791137695312e+01) (2, 6.10860872268676757812e+00) (3, -3.82043814659118652344e+00) (4, -2.12005913257598876953e-01) (5, 5.13457822799682617188e+00) (6, -4.49188137054443359375e+00) (7, -9.42558050155639648438e-01) (8, -1.00146913528442382812e+01) (9, -8.25899183750152587891e-01) (10, -5.28128576278686523438e+00) (11, -7.58957266807556152344e-01) 
