FANN_FLO_2.1
num_layers=4
learning_rate=0.500000
connection_rate=1.000000
network_type=0
learning_momentum=0.000000
training_algorithm=2
train_error_function=1
train_stop_function=0
cascade_output_change_fraction=0.010000
quickprop_decay=-0.000100
quickprop_mu=1.750000
rprop_increase_factor=1.200000
rprop_decrease_factor=0.500000
rprop_delta_min=0.000000
rprop_delta_max=50.000000
rprop_delta_zero=0.100000
cascade_output_stagnation_epochs=12
cascade_candidate_change_fraction=0.010000
cascade_candidate_stagnation_epochs=12
cascade_max_out_epochs=150
cascade_min_out_epochs=50
cascade_max_cand_epochs=150
cascade_min_cand_epochs=50
cascade_num_candidate_groups=2
bit_fail_limit=3.49999994039535522461e-01
cascade_candidate_limit=1.00000000000000000000e+03
cascade_weight_multiplier=4.00000005960464477539e-01
cascade_activation_functions_count=10
cascade_activation_functions=3 5 7 8 10 11 14 15 16 17 
cascade_activation_steepnesses_count=4
cascade_activation_steepnesses=2.50000000000000000000e-01 5.00000000000000000000e-01 7.50000000000000000000e-01 1.00000000000000000000e+00 
layer_sizes=10 3 3 2 
scale_included=0
neurons (num_inputs, activation_function, activation_steepness)=(0, 0, 0.00000000000000000000e+00) (0, 0, 0.00000000000000000000e+00) (0, 0, 0.00000000000000000000e+00) (0, 0, 0.00000000000000000000e+00) (0, 0, 0.00000000000000000000e+00) (0, 0, 0.00000000000000000000e+00) (0, 0, 0.00000000000000000000e+00) (0, 0, 0.00000000000000000000e+00) (0, 0, 0.00000000000000000000e+00) (0, 0, 0.00000000000000000000e+00) (10, 3, 5.00000000000000000000e-01) (10, 3, 5.00000000000000000000e-01) (0, 3, 0.00000000000000000000e+00) (3, 3, 5.00000000000000000000e-01) (3, 3, 5.00000000000000000000e-01) (0, 3, 0.00000000000000000000e+00) (3, 3, 5.00000000000000000000e-01) (0, 3, 0.00000000000000000000e+00) 
connections (connected_to_neuron, weight)=(0, -1.67851316928863525391e+00) (1, 5.02284431457519531250e+00) (2, 1.90632976591587066650e-02) (3, -3.58793854713439941406e+00) (4, 1.78377676010131835938e+00) (5, 1.40813457965850830078e+00) (6, -1.59414327144622802734e+00) (7, 2.90014958381652832031e+00) (8, -6.42694044113159179688e+00) (9, 5.28272867202758789062e-01) (0, -8.15758347511291503906e-01) (1, 6.54909038543701171875e+00) (2, 1.39830827713012695312e-01) (3, -4.20909023284912109375e+00) (4, 2.81421065330505371094e+00) (5, 2.64999651908874511719e+00) (6, -3.61408996582031250000e+00) (7, 2.51303410530090332031e+00) (8, -7.70778369903564453125e+00) (9, 5.40209114551544189453e-01) (10, 2.89788866043090820312e+00) (11, 3.87644696235656738281e+00) (12, 3.57363283634185791016e-01) (10, -3.69465279579162597656e+00) (11, -8.16875267028808593750e+00) (12, 3.16282892227172851562e+00) (13, 5.08144915103912353516e-01) (14, -1.34150400161743164062e+01) (15, 3.71047973632812500000e-01) 
