FANN_FLO_2.1
num_layers=3
learning_rate=0.400000
connection_rate=1.000000
network_type=0
learning_momentum=0.000000
training_algorithm=2
train_error_function=1
train_stop_function=0
cascade_output_change_fraction=0.010000
quickprop_decay=-0.000100
quickprop_mu=1.750000
rprop_increase_factor=1.200000
rprop_decrease_factor=0.500000
rprop_delta_min=0.000000
rprop_delta_max=50.000000
rprop_delta_zero=0.100000
cascade_output_stagnation_epochs=12
cascade_candidate_change_fraction=0.010000
cascade_candidate_stagnation_epochs=12
cascade_max_out_epochs=150
cascade_min_out_epochs=50
cascade_max_cand_epochs=150
cascade_min_cand_epochs=50
cascade_num_candidate_groups=2
bit_fail_limit=3.49999994039535522461e-01
cascade_candidate_limit=1.00000000000000000000e+03
cascade_weight_multiplier=4.00000005960464477539e-01
cascade_activation_functions_count=10
cascade_activation_functions=3 5 7 8 10 11 14 15 16 17 
cascade_activation_steepnesses_count=4
cascade_activation_steepnesses=2.50000000000000000000e-01 5.00000000000000000000e-01 7.50000000000000000000e-01 1.00000000000000000000e+00 
layer_sizes=7 5 2 
scale_included=0
neurons (num_inputs, activation_function, activation_steepness)=(0, 0, 0.00000000000000000000e+00) (0, 0, 0.00000000000000000000e+00) (0, 0, 0.00000000000000000000e+00) (0, 0, 0.00000000000000000000e+00) (0, 0, 0.00000000000000000000e+00) (0, 0, 0.00000000000000000000e+00) (0, 0, 0.00000000000000000000e+00) (7, 3, 5.00000000000000000000e-01) (7, 3, 5.00000000000000000000e-01) (7, 3, 5.00000000000000000000e-01) (7, 3, 5.00000000000000000000e-01) (0, 3, 0.00000000000000000000e+00) (5, 3, 5.00000000000000000000e-01) (0, 3, 0.00000000000000000000e+00) 
connections (connected_to_neuron, weight)=(0, -1.32677769660949707031e+00) (1, -3.47975194454193115234e-01) (2, -1.93261075019836425781e+00) (3, 2.05757808685302734375e+00) (4, -3.76832991838455200195e-01) (5, 4.20970344543457031250e+00) (6, -2.18054080009460449219e+00) (0, 6.68691217899322509766e-01) (1, 8.56327652931213378906e-01) (2, -2.73549723625183105469e+00) (3, -2.68766611814498901367e-01) (4, -1.26173174381256103516e+00) (5, -9.61726248264312744141e-01) (6, 8.15253436565399169922e-01) (0, 1.06308603286743164062e+00) (1, 1.19018149375915527344e+00) (2, -3.99619364738464355469e+00) (3, -1.78381049633026123047e+00) (4, -4.30717182159423828125e+00) (5, 1.35131587982177734375e+01) (6, -2.86866158246994018555e-01) (0, -1.67232859134674072266e+00) (1, -1.14173889160156250000e+00) (2, -6.19824552536010742188e+00) (3, 1.50902652740478515625e+00) (4, 1.43659639358520507812e+00) (5, 1.51252818107604980469e+00) (6, -1.47421026229858398438e+00) (7, 4.27933549880981445312e+00) (8, -3.62604141235351562500e+00) (9, -3.12286972999572753906e+00) (10, 4.39637041091918945312e+00) (11, 5.88891804218292236328e-01) 
