FANN_FLO_2.1
num_layers=4
learning_rate=0.400000
connection_rate=1.000000
network_type=0
learning_momentum=0.000000
training_algorithm=2
train_error_function=1
train_stop_function=0
cascade_output_change_fraction=0.010000
quickprop_decay=-0.000100
quickprop_mu=1.750000
rprop_increase_factor=1.200000
rprop_decrease_factor=0.500000
rprop_delta_min=0.000000
rprop_delta_max=50.000000
rprop_delta_zero=0.100000
cascade_output_stagnation_epochs=12
cascade_candidate_change_fraction=0.010000
cascade_candidate_stagnation_epochs=12
cascade_max_out_epochs=150
cascade_min_out_epochs=50
cascade_max_cand_epochs=150
cascade_min_cand_epochs=50
cascade_num_candidate_groups=2
bit_fail_limit=3.49999994039535522461e-01
cascade_candidate_limit=1.00000000000000000000e+03
cascade_weight_multiplier=4.00000005960464477539e-01
cascade_activation_functions_count=10
cascade_activation_functions=3 5 7 8 10 11 14 15 16 17 
cascade_activation_steepnesses_count=4
cascade_activation_steepnesses=2.50000000000000000000e-01 5.00000000000000000000e-01 7.50000000000000000000e-01 1.00000000000000000000e+00 
layer_sizes=7 3 3 2 
scale_included=0
neurons (num_inputs, activation_function, activation_steepness)=(0, 0, 0.00000000000000000000e+00) (0, 0, 0.00000000000000000000e+00) (0, 0, 0.00000000000000000000e+00) (0, 0, 0.00000000000000000000e+00) (0, 0, 0.00000000000000000000e+00) (0, 0, 0.00000000000000000000e+00) (0, 0, 0.00000000000000000000e+00) (7, 3, 5.00000000000000000000e-01) (7, 3, 5.00000000000000000000e-01) (0, 3, 0.00000000000000000000e+00) (3, 3, 5.00000000000000000000e-01) (3, 3, 5.00000000000000000000e-01) (0, 3, 0.00000000000000000000e+00) (3, 3, 5.00000000000000000000e-01) (0, 3, 0.00000000000000000000e+00) 
connections (connected_to_neuron, weight)=(0, -2.13211078643798828125e+01) (1, -2.44260292053222656250e+01) (2, 3.04825210571289062500e+01) (3, -1.12556915283203125000e+01) (4, -9.51132997870445251465e-02) (5, 4.04305152893066406250e+01) (6, 2.61919283866882324219e+00) (0, -6.42049360275268554688e+00) (1, 5.28482341766357421875e+00) (2, -2.97417819499969482422e-01) (3, -1.40129935741424560547e+00) (4, -8.95146906375885009766e-01) (5, -5.55346584320068359375e+00) (6, 1.25769519805908203125e+00) (7, 2.76067280769348144531e+00) (8, 5.57428693771362304688e+00) (9, -2.62731504440307617188e+00) (7, 2.78743839263916015625e+00) (8, 5.71312713623046875000e+00) (9, -3.21999835968017578125e+00) (10, -1.94984364509582519531e+00) (11, -3.75977253913879394531e+00) (12, -7.38275885581970214844e-01) 
