FANN_FLO_2.1
num_layers=3
learning_rate=0.500000
connection_rate=1.000000
network_type=0
learning_momentum=0.000000
training_algorithm=2
train_error_function=1
train_stop_function=0
cascade_output_change_fraction=0.010000
quickprop_decay=-0.000100
quickprop_mu=1.750000
rprop_increase_factor=1.200000
rprop_decrease_factor=0.500000
rprop_delta_min=0.000000
rprop_delta_max=50.000000
rprop_delta_zero=0.100000
cascade_output_stagnation_epochs=12
cascade_candidate_change_fraction=0.010000
cascade_candidate_stagnation_epochs=12
cascade_max_out_epochs=150
cascade_min_out_epochs=50
cascade_max_cand_epochs=150
cascade_min_cand_epochs=50
cascade_num_candidate_groups=2
bit_fail_limit=3.49999994039535522461e-01
cascade_candidate_limit=1.00000000000000000000e+03
cascade_weight_multiplier=4.00000005960464477539e-01
cascade_activation_functions_count=10
cascade_activation_functions=3 5 7 8 10 11 14 15 16 17 
cascade_activation_steepnesses_count=4
cascade_activation_steepnesses=2.50000000000000000000e-01 5.00000000000000000000e-01 7.50000000000000000000e-01 1.00000000000000000000e+00 
layer_sizes=10 5 2 
scale_included=0
neurons (num_inputs, activation_function, activation_steepness)=(0, 0, 0.00000000000000000000e+00) (0, 0, 0.00000000000000000000e+00) (0, 0, 0.00000000000000000000e+00) (0, 0, 0.00000000000000000000e+00) (0, 0, 0.00000000000000000000e+00) (0, 0, 0.00000000000000000000e+00) (0, 0, 0.00000000000000000000e+00) (0, 0, 0.00000000000000000000e+00) (0, 0, 0.00000000000000000000e+00) (0, 0, 0.00000000000000000000e+00) (10, 3, 5.00000000000000000000e-01) (10, 3, 5.00000000000000000000e-01) (10, 3, 5.00000000000000000000e-01) (10, 3, 5.00000000000000000000e-01) (0, 3, 0.00000000000000000000e+00) (5, 3, 5.00000000000000000000e-01) (0, 3, 0.00000000000000000000e+00) 
connections (connected_to_neuron, weight)=(0, 1.32523274421691894531e+00) (1, 6.69273078441619873047e-01) (2, 2.27483034133911132812e+00) (3, -2.42337465286254882812e+00) (4, -1.64634430408477783203e+00) (5, -2.12128326296806335449e-01) (6, 4.89240437746047973633e-01) (7, -1.15689420700073242188e+01) (8, 1.24675245285034179688e+01) (9, -1.29713654518127441406e+00) (0, 9.32671368122100830078e-01) (1, 9.47113692760467529297e-01) (2, 6.58903980255126953125e+00) (3, 9.08600032329559326172e-01) (4, -1.92449164390563964844e+00) (5, 5.57142853736877441406e-01) (6, 6.11438095569610595703e-01) (7, 3.34330391883850097656e+00) (8, 6.04927480220794677734e-01) (9, -4.32378196716308593750e+00) (0, -3.26475530862808227539e-01) (1, -2.87826836109161376953e-01) (2, 4.74652171134948730469e-01) (3, 2.23600077629089355469e+00) (4, 8.64473134279251098633e-02) (5, -1.27294719219207763672e-01) (6, 2.11123180389404296875e+01) (7, -7.48778915405273437500e+00) (8, -7.00770318508148193359e-01) (9, -1.62165844440460205078e+00) (0, -5.24973869323730468750e-01) (1, -1.91392973065376281738e-01) (2, -2.96684789657592773438e+00) (3, 9.40573289990425109863e-02) (4, -1.03643500804901123047e+00) (5, -1.43391335010528564453e+00) (6, 7.58562040328979492188e+00) (7, -1.37051153182983398438e+00) (8, -9.04496788978576660156e-01) (9, 2.55028717219829559326e-02) (10, 3.89187335968017578125e+00) (11, -2.28094816207885742188e+00) (12, -1.81741178035736083984e+00) (13, 3.00057911872863769531e+00) (14, 2.57976323366165161133e-01) 
