FANN_FLO_2.1
num_layers=3
learning_rate=0.400000
connection_rate=1.000000
network_type=0
learning_momentum=0.000000
training_algorithm=2
train_error_function=1
train_stop_function=0
cascade_output_change_fraction=0.010000
quickprop_decay=-0.000100
quickprop_mu=1.750000
rprop_increase_factor=1.200000
rprop_decrease_factor=0.500000
rprop_delta_min=0.000000
rprop_delta_max=50.000000
rprop_delta_zero=0.100000
cascade_output_stagnation_epochs=12
cascade_candidate_change_fraction=0.010000
cascade_candidate_stagnation_epochs=12
cascade_max_out_epochs=150
cascade_min_out_epochs=50
cascade_max_cand_epochs=150
cascade_min_cand_epochs=50
cascade_num_candidate_groups=2
bit_fail_limit=3.49999994039535522461e-01
cascade_candidate_limit=1.00000000000000000000e+03
cascade_weight_multiplier=4.00000005960464477539e-01
cascade_activation_functions_count=10
cascade_activation_functions=3 5 7 8 10 11 14 15 16 17 
cascade_activation_steepnesses_count=4
cascade_activation_steepnesses=2.50000000000000000000e-01 5.00000000000000000000e-01 7.50000000000000000000e-01 1.00000000000000000000e+00 
layer_sizes=7 5 2 
scale_included=0
neurons (num_inputs, activation_function, activation_steepness)=(0, 0, 0.00000000000000000000e+00) (0, 0, 0.00000000000000000000e+00) (0, 0, 0.00000000000000000000e+00) (0, 0, 0.00000000000000000000e+00) (0, 0, 0.00000000000000000000e+00) (0, 0, 0.00000000000000000000e+00) (0, 0, 0.00000000000000000000e+00) (7, 3, 5.00000000000000000000e-01) (7, 3, 5.00000000000000000000e-01) (7, 3, 5.00000000000000000000e-01) (7, 3, 5.00000000000000000000e-01) (0, 3, 0.00000000000000000000e+00) (5, 3, 5.00000000000000000000e-01) (0, 3, 0.00000000000000000000e+00) 
connections (connected_to_neuron, weight)=(0, 1.72583794593811035156e+00) (1, 1.74514329433441162109e+00) (2, 8.72354412078857421875e+00) (3, -2.36003708839416503906e+00) (4, -3.45947432518005371094e+00) (5, -4.62374591827392578125e+00) (6, 1.76877960562705993652e-01) (0, 4.14551115036010742188e+00) (1, 3.02119350433349609375e+00) (2, 7.82286357879638671875e+00) (3, -3.75841617584228515625e+00) (4, -4.35307550430297851562e+00) (5, -4.82978868484497070312e+00) (6, 4.69292640686035156250e+00) (0, 5.53945720195770263672e-01) (1, 9.20415401458740234375e-01) (2, 2.27553200721740722656e+00) (3, -1.03927314281463623047e+00) (4, 5.32086944580078125000e+00) (5, 2.40108937025070190430e-01) (6, -6.63364648818969726562e+00) (0, 5.95650553703308105469e-01) (1, 9.16312098503112792969e-01) (2, 2.42426323890686035156e+00) (3, 2.34228134155273437500e+00) (4, -5.76965665817260742188e+00) (5, 3.78410410881042480469e+00) (6, -6.70192098617553710938e+00) (7, -2.66372275352478027344e+00) (8, -3.04499387741088867188e+00) (9, 7.93780326843261718750e+00) (10, 9.81570529937744140625e+00) (11, 2.44177222251892089844e+00) 
