FANN_FLO_2.1
num_layers=3
learning_rate=0.500000
connection_rate=1.000000
network_type=0
learning_momentum=0.000000
training_algorithm=2
train_error_function=1
train_stop_function=0
cascade_output_change_fraction=0.010000
quickprop_decay=-0.000100
quickprop_mu=1.750000
rprop_increase_factor=1.200000
rprop_decrease_factor=0.500000
rprop_delta_min=0.000000
rprop_delta_max=50.000000
rprop_delta_zero=0.100000
cascade_output_stagnation_epochs=12
cascade_candidate_change_fraction=0.010000
cascade_candidate_stagnation_epochs=12
cascade_max_out_epochs=150
cascade_min_out_epochs=50
cascade_max_cand_epochs=150
cascade_min_cand_epochs=50
cascade_num_candidate_groups=2
bit_fail_limit=3.49999994039535522461e-01
cascade_candidate_limit=1.00000000000000000000e+03
cascade_weight_multiplier=4.00000005960464477539e-01
cascade_activation_functions_count=10
cascade_activation_functions=3 5 7 8 10 11 14 15 16 17 
cascade_activation_steepnesses_count=4
cascade_activation_steepnesses=2.50000000000000000000e-01 5.00000000000000000000e-01 7.50000000000000000000e-01 1.00000000000000000000e+00 
layer_sizes=10 5 2 
scale_included=0
neurons (num_inputs, activation_function, activation_steepness)=(0, 0, 0.00000000000000000000e+00) (0, 0, 0.00000000000000000000e+00) (0, 0, 0.00000000000000000000e+00) (0, 0, 0.00000000000000000000e+00) (0, 0, 0.00000000000000000000e+00) (0, 0, 0.00000000000000000000e+00) (0, 0, 0.00000000000000000000e+00) (0, 0, 0.00000000000000000000e+00) (0, 0, 0.00000000000000000000e+00) (0, 0, 0.00000000000000000000e+00) (10, 3, 5.00000000000000000000e-01) (10, 3, 5.00000000000000000000e-01) (10, 3, 5.00000000000000000000e-01) (10, 3, 5.00000000000000000000e-01) (0, 3, 0.00000000000000000000e+00) (5, 3, 5.00000000000000000000e-01) (0, 3, 0.00000000000000000000e+00) 
connections (connected_to_neuron, weight)=(0, -2.23105359077453613281e+00) (1, -2.30997200012207031250e+01) (2, 1.16235470771789550781e+00) (3, -2.54949378967285156250e+00) (4, 4.99541461467742919922e-01) (5, 7.66019336879253387451e-03) (6, 2.52551498413085937500e+01) (7, -1.86880075931549072266e+00) (8, 4.29244899749755859375e+00) (9, -2.59369897842407226562e+00) (0, 6.60048425197601318359e-01) (1, 1.76656761169433593750e+01) (2, 2.77597832679748535156e+00) (3, -1.58378684520721435547e+00) (4, 6.21193075180053710938e+00) (5, -6.52395069599151611328e-01) (6, -1.78651964664459228516e+00) (7, -2.49960670471191406250e+01) (8, -2.27186894416809082031e+00) (9, 1.22879214584827423096e-01) (0, 2.69079375267028808594e+00) (1, -4.74207133054733276367e-01) (2, 4.28416132926940917969e-01) (3, -1.31111621856689453125e+00) (4, 5.53886592388153076172e-01) (5, 7.16338634490966796875e-01) (6, -7.66875505447387695312e-01) (7, -6.60913276672363281250e+00) (8, 1.46800172328948974609e+00) (9, 1.17827069759368896484e+00) (0, 3.18852758407592773438e+00) (1, 3.22645378112792968750e+00) (2, -1.55429911613464355469e+00) (3, -3.40468668937683105469e+00) (4, 3.60528922080993652344e+00) (5, -2.19907307624816894531e+00) (6, 8.03540325164794921875e+00) (7, -3.84784626960754394531e+00) (8, -4.11501502990722656250e+00) (9, 5.78848540782928466797e-01) (10, 3.59700322151184082031e+00) (11, 4.41277647018432617188e+00) (12, -1.17199862003326416016e+00) (13, -1.50112116336822509766e+00) (14, -1.25910365581512451172e+00) 
