FANN_FLO_2.1
num_layers=3
learning_rate=0.400000
connection_rate=1.000000
network_type=0
learning_momentum=0.000000
training_algorithm=2
train_error_function=1
train_stop_function=0
cascade_output_change_fraction=0.010000
quickprop_decay=-0.000100
quickprop_mu=1.750000
rprop_increase_factor=1.200000
rprop_decrease_factor=0.500000
rprop_delta_min=0.000000
rprop_delta_max=50.000000
rprop_delta_zero=0.100000
cascade_output_stagnation_epochs=12
cascade_candidate_change_fraction=0.010000
cascade_candidate_stagnation_epochs=12
cascade_max_out_epochs=150
cascade_min_out_epochs=50
cascade_max_cand_epochs=150
cascade_min_cand_epochs=50
cascade_num_candidate_groups=2
bit_fail_limit=3.49999994039535522461e-01
cascade_candidate_limit=1.00000000000000000000e+03
cascade_weight_multiplier=4.00000005960464477539e-01
cascade_activation_functions_count=10
cascade_activation_functions=3 5 7 8 10 11 14 15 16 17 
cascade_activation_steepnesses_count=4
cascade_activation_steepnesses=2.50000000000000000000e-01 5.00000000000000000000e-01 7.50000000000000000000e-01 1.00000000000000000000e+00 
layer_sizes=7 9 2 
scale_included=0
neurons (num_inputs, activation_function, activation_steepness)=(0, 0, 0.00000000000000000000e+00) (0, 0, 0.00000000000000000000e+00) (0, 0, 0.00000000000000000000e+00) (0, 0, 0.00000000000000000000e+00) (0, 0, 0.00000000000000000000e+00) (0, 0, 0.00000000000000000000e+00) (0, 0, 0.00000000000000000000e+00) (7, 3, 5.00000000000000000000e-01) (7, 3, 5.00000000000000000000e-01) (7, 3, 5.00000000000000000000e-01) (7, 3, 5.00000000000000000000e-01) (7, 3, 5.00000000000000000000e-01) (7, 3, 5.00000000000000000000e-01) (7, 3, 5.00000000000000000000e-01) (7, 3, 5.00000000000000000000e-01) (0, 3, 0.00000000000000000000e+00) (9, 3, 5.00000000000000000000e-01) (0, 3, 0.00000000000000000000e+00) 
connections (connected_to_neuron, weight)=(0, 2.89025378227233886719e+00) (1, 3.13128757476806640625e+00) (2, -4.70373362302780151367e-01) (3, 1.27880277633666992188e+01) (4, 4.72567319869995117188e+00) (5, -7.83364295959472656250e-01) (6, -5.62337875366210937500e+00) (0, -2.24934315681457519531e+00) (1, -2.09639310836791992188e+00) (2, -3.55779762268066406250e+01) (3, -4.76534986495971679688e+00) (4, -4.40006351470947265625e+00) (5, 5.27813434600830078125e+00) (6, 1.09887189865112304688e+01) (0, 1.39827070236206054688e+01) (1, -1.57430229187011718750e+01) (2, 2.97892904281616210938e+00) (3, -4.37680006027221679688e+00) (4, -1.15867137908935546875e+00) (5, 6.38013458251953125000e+00) (6, -5.46111536026000976562e+00) (0, -2.65399360656738281250e+00) (1, -1.82936787605285644531e+00) (2, 1.37005805969238281250e+01) (3, -6.32439041137695312500e+00) (4, -1.89945971965789794922e+00) (5, -1.10701739788055419922e-01) (6, 7.50100660324096679688e+00) (0, -1.62716255187988281250e+01) (1, 1.46962032318115234375e+01) (2, -1.12537419795989990234e+00) (3, -3.67153239250183105469e+00) (4, -1.53859734535217285156e+00) (5, -1.50000000000000000000e+03) (6, 3.47145229578018188477e-01) (0, -4.43067836761474609375e+00) (1, -3.67380952835083007812e+00) (2, 1.13168725967407226562e+01) (3, -7.84634256362915039062e+00) (4, -3.25093984603881835938e+00) (5, 6.43878042697906494141e-01) (6, 1.12497024536132812500e+01) (0, -6.13434696197509765625e+00) (1, 6.15451298654079437256e-02) (2, 1.28929681777954101562e+01) (3, 4.55370950698852539062e+00) (4, -1.57498512268066406250e+01) (5, 1.71359844207763671875e+01) (6, 5.58865547180175781250e+00) (0, 6.60350265502929687500e+01) (1, 5.25693655014038085938e+00) (2, 1.50000000000000000000e+03) (3, 1.47353747558593750000e+03) (4, 1.37763745117187500000e+03) (5, 1.50000000000000000000e+03) (6, 7.19143533706665039062e+00) (7, -1.27876555919647216797e+00) (8, -2.72395730018615722656e-01) (9, -8.71855640411376953125e+00) (10, -2.88830846548080444336e-01) (11, -1.17655763626098632812e+01) (12, -4.50291991233825683594e-01) (13, -1.38096630573272705078e-01) (14, 1.99593678116798400879e-01) (15, 6.27278611063957214355e-02) 
