FANN_FLO_2.1
num_layers=4
learning_rate=0.500000
connection_rate=1.000000
network_type=0
learning_momentum=0.000000
training_algorithm=2
train_error_function=1
train_stop_function=0
cascade_output_change_fraction=0.010000
quickprop_decay=-0.000100
quickprop_mu=1.750000
rprop_increase_factor=1.200000
rprop_decrease_factor=0.500000
rprop_delta_min=0.000000
rprop_delta_max=50.000000
rprop_delta_zero=0.100000
cascade_output_stagnation_epochs=12
cascade_candidate_change_fraction=0.010000
cascade_candidate_stagnation_epochs=12
cascade_max_out_epochs=150
cascade_min_out_epochs=50
cascade_max_cand_epochs=150
cascade_min_cand_epochs=50
cascade_num_candidate_groups=2
bit_fail_limit=3.49999994039535522461e-01
cascade_candidate_limit=1.00000000000000000000e+03
cascade_weight_multiplier=4.00000005960464477539e-01
cascade_activation_functions_count=10
cascade_activation_functions=3 5 7 8 10 11 14 15 16 17 
cascade_activation_steepnesses_count=4
cascade_activation_steepnesses=2.50000000000000000000e-01 5.00000000000000000000e-01 7.50000000000000000000e-01 1.00000000000000000000e+00 
layer_sizes=10 3 3 2 
scale_included=0
neurons (num_inputs, activation_function, activation_steepness)=(0, 0, 0.00000000000000000000e+00) (0, 0, 0.00000000000000000000e+00) (0, 0, 0.00000000000000000000e+00) (0, 0, 0.00000000000000000000e+00) (0, 0, 0.00000000000000000000e+00) (0, 0, 0.00000000000000000000e+00) (0, 0, 0.00000000000000000000e+00) (0, 0, 0.00000000000000000000e+00) (0, 0, 0.00000000000000000000e+00) (0, 0, 0.00000000000000000000e+00) (10, 3, 5.00000000000000000000e-01) (10, 3, 5.00000000000000000000e-01) (0, 3, 0.00000000000000000000e+00) (3, 3, 5.00000000000000000000e-01) (3, 3, 5.00000000000000000000e-01) (0, 3, 0.00000000000000000000e+00) (3, 3, 5.00000000000000000000e-01) (0, 3, 0.00000000000000000000e+00) 
connections (connected_to_neuron, weight)=(0, -9.54524993896484375000e+00) (1, -1.00371479988098144531e+00) (2, -5.34840869903564453125e+00) (3, -2.13291704654693603516e-01) (4, 1.66882169246673583984e+00) (5, 8.59387218952178955078e-01) (6, 1.01931691169738769531e+00) (7, -4.70608329772949218750e+00) (8, -4.84576749801635742188e+00) (9, 7.73357868194580078125e+00) (0, -9.49655437469482421875e+00) (1, -3.55994254350662231445e-01) (2, -5.08191871643066406250e+00) (3, -3.14651057124137878418e-02) (4, 1.81535708904266357422e+00) (5, 9.51551675796508789062e-01) (6, 9.47988629341125488281e-01) (7, -4.60265445709228515625e+00) (8, -4.52339744567871093750e+00) (9, 7.01352405548095703125e+00) (10, 1.50000000000000000000e+03) (11, 1.50000000000000000000e+03) (12, -9.11239776611328125000e+01) (10, 1.50000000000000000000e+03) (11, 1.50000000000000000000e+03) (12, -5.34334449768066406250e+01) (13, 1.46143126487731933594e+00) (14, 2.47675848007202148438e+00) (15, -3.12603783607482910156e+00) 
