FANN_FLO_2.1
num_layers=4
learning_rate=0.400000
connection_rate=1.000000
network_type=0
learning_momentum=0.000000
training_algorithm=2
train_error_function=1
train_stop_function=0
cascade_output_change_fraction=0.010000
quickprop_decay=-0.000100
quickprop_mu=1.750000
rprop_increase_factor=1.200000
rprop_decrease_factor=0.500000
rprop_delta_min=0.000000
rprop_delta_max=50.000000
rprop_delta_zero=0.100000
cascade_output_stagnation_epochs=12
cascade_candidate_change_fraction=0.010000
cascade_candidate_stagnation_epochs=12
cascade_max_out_epochs=150
cascade_min_out_epochs=50
cascade_max_cand_epochs=150
cascade_min_cand_epochs=50
cascade_num_candidate_groups=2
bit_fail_limit=3.49999994039535522461e-01
cascade_candidate_limit=1.00000000000000000000e+03
cascade_weight_multiplier=4.00000005960464477539e-01
cascade_activation_functions_count=10
cascade_activation_functions=3 5 7 8 10 11 14 15 16 17 
cascade_activation_steepnesses_count=4
cascade_activation_steepnesses=2.50000000000000000000e-01 5.00000000000000000000e-01 7.50000000000000000000e-01 1.00000000000000000000e+00 
layer_sizes=7 3 3 2 
scale_included=0
neurons (num_inputs, activation_function, activation_steepness)=(0, 0, 0.00000000000000000000e+00) (0, 0, 0.00000000000000000000e+00) (0, 0, 0.00000000000000000000e+00) (0, 0, 0.00000000000000000000e+00) (0, 0, 0.00000000000000000000e+00) (0, 0, 0.00000000000000000000e+00) (0, 0, 0.00000000000000000000e+00) (7, 3, 5.00000000000000000000e-01) (7, 3, 5.00000000000000000000e-01) (0, 3, 0.00000000000000000000e+00) (3, 3, 5.00000000000000000000e-01) (3, 3, 5.00000000000000000000e-01) (0, 3, 0.00000000000000000000e+00) (3, 3, 5.00000000000000000000e-01) (0, 3, 0.00000000000000000000e+00) 
connections (connected_to_neuron, weight)=(0, 3.76030039787292480469e+00) (1, -4.34085607528686523438e+00) (2, 3.12038564682006835938e+00) (3, -1.12852835655212402344e+00) (4, -2.70848959684371948242e-01) (5, 4.32994413375854492188e+00) (6, -3.53340506553649902344e+00) (0, -7.77170848846435546875e+00) (1, 6.42843818664550781250e+00) (2, -2.07491302490234375000e+00) (3, -1.48586201667785644531e+00) (4, -8.36087644100189208984e-01) (5, -1.54499492645263671875e+01) (6, 1.57910287380218505859e+00) (7, 6.55127716064453125000e+00) (8, 5.72096776962280273438e+00) (9, -4.24626970291137695312e+00) (7, 3.77393794059753417969e+00) (8, 1.50169982910156250000e+01) (9, -2.08930063247680664062e+00) (10, -7.25188446044921875000e+00) (11, -1.14412879943847656250e+00) (12, -3.95778506994247436523e-01) 
