FANN_FLO_2.1
num_layers=3
learning_rate=0.400000
connection_rate=1.000000
network_type=0
learning_momentum=0.000000
training_algorithm=2
train_error_function=1
train_stop_function=0
cascade_output_change_fraction=0.010000
quickprop_decay=-0.000100
quickprop_mu=1.750000
rprop_increase_factor=1.200000
rprop_decrease_factor=0.500000
rprop_delta_min=0.000000
rprop_delta_max=50.000000
rprop_delta_zero=0.100000
cascade_output_stagnation_epochs=12
cascade_candidate_change_fraction=0.010000
cascade_candidate_stagnation_epochs=12
cascade_max_out_epochs=150
cascade_min_out_epochs=50
cascade_max_cand_epochs=150
cascade_min_cand_epochs=50
cascade_num_candidate_groups=2
bit_fail_limit=3.49999994039535522461e-01
cascade_candidate_limit=1.00000000000000000000e+03
cascade_weight_multiplier=4.00000005960464477539e-01
cascade_activation_functions_count=10
cascade_activation_functions=3 5 7 8 10 11 14 15 16 17 
cascade_activation_steepnesses_count=4
cascade_activation_steepnesses=2.50000000000000000000e-01 5.00000000000000000000e-01 7.50000000000000000000e-01 1.00000000000000000000e+00 
layer_sizes=7 5 2 
scale_included=0
neurons (num_inputs, activation_function, activation_steepness)=(0, 0, 0.00000000000000000000e+00) (0, 0, 0.00000000000000000000e+00) (0, 0, 0.00000000000000000000e+00) (0, 0, 0.00000000000000000000e+00) (0, 0, 0.00000000000000000000e+00) (0, 0, 0.00000000000000000000e+00) (0, 0, 0.00000000000000000000e+00) (7, 3, 5.00000000000000000000e-01) (7, 3, 5.00000000000000000000e-01) (7, 3, 5.00000000000000000000e-01) (7, 3, 5.00000000000000000000e-01) (0, 3, 0.00000000000000000000e+00) (5, 3, 5.00000000000000000000e-01) (0, 3, 0.00000000000000000000e+00) 
connections (connected_to_neuron, weight)=(0, -1.39052562713623046875e+01) (1, 1.04016418457031250000e+01) (2, -1.13349494934082031250e+01) (3, -1.29169762134552001953e+00) (4, -1.20641446113586425781e+00) (5, 3.38136148452758789062e+00) (6, 4.21436071395874023438e+00) (0, 2.72472119331359863281e+00) (1, -1.24830985069274902344e+00) (2, 1.46702222824096679688e+01) (3, -6.23571252822875976562e+00) (4, -4.55197602510452270508e-01) (5, -3.34803318977355957031e+00) (6, 8.32998692989349365234e-01) (0, -3.26849436759948730469e+00) (1, 6.01291561126708984375e+00) (2, 7.42127370834350585938e+00) (3, 2.40094923973083496094e+00) (4, 4.33580696582794189453e-01) (5, -1.47737695312500000000e+03) (6, -1.38863623142242431641e+00) (0, 2.40317974090576171875e+01) (1, -2.81035137176513671875e+01) (2, 1.32028255462646484375e+01) (3, -6.21145820617675781250e+00) (4, -1.33161258697509765625e+00) (5, 8.53772449493408203125e+00) (6, -5.05451488494873046875e+00) (7, -2.81544089317321777344e+00) (8, -1.43541073799133300781e+00) (9, -1.28182089328765869141e+00) (10, -4.14565944671630859375e+00) (11, 7.97478020191192626953e-01) 
