FANN_FLO_2.1
num_layers=4
learning_rate=0.500000
connection_rate=1.000000
network_type=0
learning_momentum=0.000000
training_algorithm=2
train_error_function=1
train_stop_function=0
cascade_output_change_fraction=0.010000
quickprop_decay=-0.000100
quickprop_mu=1.750000
rprop_increase_factor=1.200000
rprop_decrease_factor=0.500000
rprop_delta_min=0.000000
rprop_delta_max=50.000000
rprop_delta_zero=0.100000
cascade_output_stagnation_epochs=12
cascade_candidate_change_fraction=0.010000
cascade_candidate_stagnation_epochs=12
cascade_max_out_epochs=150
cascade_min_out_epochs=50
cascade_max_cand_epochs=150
cascade_min_cand_epochs=50
cascade_num_candidate_groups=2
bit_fail_limit=3.49999994039535522461e-01
cascade_candidate_limit=1.00000000000000000000e+03
cascade_weight_multiplier=4.00000005960464477539e-01
cascade_activation_functions_count=10
cascade_activation_functions=3 5 7 8 10 11 14 15 16 17 
cascade_activation_steepnesses_count=4
cascade_activation_steepnesses=2.50000000000000000000e-01 5.00000000000000000000e-01 7.50000000000000000000e-01 1.00000000000000000000e+00 
layer_sizes=10 5 3 2 
scale_included=0
neurons (num_inputs, activation_function, activation_steepness)=(0, 0, 0.00000000000000000000e+00) (0, 0, 0.00000000000000000000e+00) (0, 0, 0.00000000000000000000e+00) (0, 0, 0.00000000000000000000e+00) (0, 0, 0.00000000000000000000e+00) (0, 0, 0.00000000000000000000e+00) (0, 0, 0.00000000000000000000e+00) (0, 0, 0.00000000000000000000e+00) (0, 0, 0.00000000000000000000e+00) (0, 0, 0.00000000000000000000e+00) (10, 3, 5.00000000000000000000e-01) (10, 3, 5.00000000000000000000e-01) (10, 3, 5.00000000000000000000e-01) (10, 3, 5.00000000000000000000e-01) (0, 3, 0.00000000000000000000e+00) (5, 3, 5.00000000000000000000e-01) (5, 3, 5.00000000000000000000e-01) (0, 3, 0.00000000000000000000e+00) (3, 3, 5.00000000000000000000e-01) (0, 3, 0.00000000000000000000e+00) 
connections (connected_to_neuron, weight)=(0, 4.97734975814819335938e+00) (1, 1.73982632160186767578e+00) (2, 9.79667544364929199219e-01) (3, 1.61269259452819824219e+00) (4, -1.32431268692016601562e+00) (5, -2.35949182510375976562e+00) (6, -2.42837190628051757812e+00) (7, 2.74887108802795410156e+00) (8, 2.31492996215820312500e+00) (9, -4.06235265731811523438e+00) (0, -2.64503240585327148438e+00) (1, -5.44298291206359863281e-01) (2, -4.17531108856201171875e+00) (3, -1.40778422355651855469e+00) (4, 5.44115304946899414062e-01) (5, 1.42408108711242675781e+00) (6, 1.72967433929443359375e+00) (7, -9.99605804681777954102e-02) (8, 4.01197731494903564453e-01) (9, 1.85173976421356201172e+00) (0, -3.32849049568176269531e+00) (1, -6.04397118091583251953e-01) (2, -2.21887922286987304688e+00) (3, -9.76860463619232177734e-01) (4, 1.78045618534088134766e+00) (5, 2.40315413475036621094e+00) (6, 2.76541185379028320312e+00) (7, -2.06724596023559570312e+00) (8, -2.81681990623474121094e+00) (9, 1.88246726989746093750e+00) (0, -1.01695756912231445312e+01) (1, -8.01323032379150390625e+00) (2, 6.15689396858215332031e-01) (3, 6.32283687591552734375e-01) (4, 1.14163410663604736328e+00) (5, 3.36503267288208007812e+00) (6, 1.25802564620971679688e+01) (7, -7.14363622665405273438e+00) (8, -1.09102048873901367188e+01) (9, 3.55108332633972167969e+00) (10, -7.21216773986816406250e+00) (11, 8.72035408020019531250e+00) (12, 1.03748884201049804688e+01) (13, -1.24737434387207031250e+01) (14, -4.84872341156005859375e-01) (10, -6.80947780609130859375e+00) (11, 5.49577713012695312500e+00) (12, 1.36860561370849609375e+01) (13, -1.28157348632812500000e+01) (14, -1.10678446292877197266e+00) (15, 1.58581173419952392578e+00) (16, 9.52405810356140136719e-01) (17, -1.64910578727722167969e+00) 
