FANN_FLO_2.1
num_layers=4
learning_rate=0.400000
connection_rate=1.000000
network_type=0
learning_momentum=0.000000
training_algorithm=2
train_error_function=1
train_stop_function=0
cascade_output_change_fraction=0.010000
quickprop_decay=-0.000100
quickprop_mu=1.750000
rprop_increase_factor=1.200000
rprop_decrease_factor=0.500000
rprop_delta_min=0.000000
rprop_delta_max=50.000000
rprop_delta_zero=0.100000
cascade_output_stagnation_epochs=12
cascade_candidate_change_fraction=0.010000
cascade_candidate_stagnation_epochs=12
cascade_max_out_epochs=150
cascade_min_out_epochs=50
cascade_max_cand_epochs=150
cascade_min_cand_epochs=50
cascade_num_candidate_groups=2
bit_fail_limit=3.49999994039535522461e-01
cascade_candidate_limit=1.00000000000000000000e+03
cascade_weight_multiplier=4.00000005960464477539e-01
cascade_activation_functions_count=10
cascade_activation_functions=3 5 7 8 10 11 14 15 16 17 
cascade_activation_steepnesses_count=4
cascade_activation_steepnesses=2.50000000000000000000e-01 5.00000000000000000000e-01 7.50000000000000000000e-01 1.00000000000000000000e+00 
layer_sizes=7 3 3 2 
scale_included=0
neurons (num_inputs, activation_function, activation_steepness)=(0, 0, 0.00000000000000000000e+00) (0, 0, 0.00000000000000000000e+00) (0, 0, 0.00000000000000000000e+00) (0, 0, 0.00000000000000000000e+00) (0, 0, 0.00000000000000000000e+00) (0, 0, 0.00000000000000000000e+00) (0, 0, 0.00000000000000000000e+00) (7, 3, 5.00000000000000000000e-01) (7, 3, 5.00000000000000000000e-01) (0, 3, 0.00000000000000000000e+00) (3, 3, 5.00000000000000000000e-01) (3, 3, 5.00000000000000000000e-01) (0, 3, 0.00000000000000000000e+00) (3, 3, 5.00000000000000000000e-01) (0, 3, 0.00000000000000000000e+00) 
connections (connected_to_neuron, weight)=(0, -9.25208759307861328125e+00) (1, 7.36651229858398437500e+00) (2, -2.40948510169982910156e+00) (3, -2.74419021606445312500e+00) (4, -1.39839923381805419922e+00) (5, 1.69324505329132080078e+00) (6, 3.32472395896911621094e+00) (0, -1.44303918457031250000e+03) (1, 9.16172851562500000000e+02) (2, -5.62590576171875000000e+02) (3, -1.50000000000000000000e+03) (4, 7.24414489746093750000e+02) (5, -1.50000000000000000000e+03) (6, -1.87373313903808593750e+01) (7, 4.47113180160522460938e+00) (8, 1.30161061882972717285e-01) (9, -1.90407288074493408203e+00) (7, 4.81017732620239257812e+00) (8, 2.72934317588806152344e-01) (9, -1.83710885047912597656e+00) (10, -1.94974279403686523438e+00) (11, -1.15931701660156250000e+00) (12, -5.07745683193206787109e-01) 
