FANN_FLO_2.1
num_layers=3
learning_rate=0.400000
connection_rate=1.000000
network_type=0
learning_momentum=0.000000
training_algorithm=2
train_error_function=1
train_stop_function=0
cascade_output_change_fraction=0.010000
quickprop_decay=-0.000100
quickprop_mu=1.750000
rprop_increase_factor=1.200000
rprop_decrease_factor=0.500000
rprop_delta_min=0.000000
rprop_delta_max=50.000000
rprop_delta_zero=0.100000
cascade_output_stagnation_epochs=12
cascade_candidate_change_fraction=0.010000
cascade_candidate_stagnation_epochs=12
cascade_max_out_epochs=150
cascade_min_out_epochs=50
cascade_max_cand_epochs=150
cascade_min_cand_epochs=50
cascade_num_candidate_groups=2
bit_fail_limit=3.49999994039535522461e-01
cascade_candidate_limit=1.00000000000000000000e+03
cascade_weight_multiplier=4.00000005960464477539e-01
cascade_activation_functions_count=10
cascade_activation_functions=3 5 7 8 10 11 14 15 16 17 
cascade_activation_steepnesses_count=4
cascade_activation_steepnesses=2.50000000000000000000e-01 5.00000000000000000000e-01 7.50000000000000000000e-01 1.00000000000000000000e+00 
layer_sizes=7 5 2 
scale_included=0
neurons (num_inputs, activation_function, activation_steepness)=(0, 0, 0.00000000000000000000e+00) (0, 0, 0.00000000000000000000e+00) (0, 0, 0.00000000000000000000e+00) (0, 0, 0.00000000000000000000e+00) (0, 0, 0.00000000000000000000e+00) (0, 0, 0.00000000000000000000e+00) (0, 0, 0.00000000000000000000e+00) (7, 3, 5.00000000000000000000e-01) (7, 3, 5.00000000000000000000e-01) (7, 3, 5.00000000000000000000e-01) (7, 3, 5.00000000000000000000e-01) (0, 3, 0.00000000000000000000e+00) (5, 3, 5.00000000000000000000e-01) (0, 3, 0.00000000000000000000e+00) 
connections (connected_to_neuron, weight)=(0, 7.88599824905395507812e+00) (1, -8.15305805206298828125e+00) (2, 3.65815949440002441406e+00) (3, -2.19529938697814941406e+00) (4, 1.51816368103027343750e-01) (5, 4.71259880065917968750e+00) (6, -5.52164793014526367188e+00) (0, -6.93285465240478515625e+00) (1, 6.42419695854187011719e-01) (2, -1.22685985565185546875e+01) (3, 1.38759498596191406250e+01) (4, -7.82902812957763671875e+00) (5, -3.14669632911682128906e+00) (6, 3.06261110305786132812e+00) (0, -9.63474750518798828125e+00) (1, 8.24220466613769531250e+00) (2, -2.49505400657653808594e+00) (3, -2.78723716735839843750e+00) (4, -5.03459393978118896484e-01) (5, -5.23177766799926757812e+00) (6, 9.81240034103393554688e-01) (0, -2.75620412826538085938e+00) (1, 6.06788516044616699219e-01) (2, 1.96280002593994140625e+01) (3, -1.05820798873901367188e+01) (4, -1.34062767028808593750e+00) (5, 9.99190032482147216797e-01) (6, 7.19054412841796875000e+00) (7, -9.99754810333251953125e+00) (8, -7.77473986148834228516e-01) (9, -6.37745952606201171875e+00) (10, -7.77583718299865722656e-01) (11, -2.52015322446823120117e-01) 
