FANN_FLO_2.1
num_layers=3
learning_rate=0.400000
connection_rate=1.000000
network_type=0
learning_momentum=0.000000
training_algorithm=2
train_error_function=1
train_stop_function=0
cascade_output_change_fraction=0.010000
quickprop_decay=-0.000100
quickprop_mu=1.750000
rprop_increase_factor=1.200000
rprop_decrease_factor=0.500000
rprop_delta_min=0.000000
rprop_delta_max=50.000000
rprop_delta_zero=0.100000
cascade_output_stagnation_epochs=12
cascade_candidate_change_fraction=0.010000
cascade_candidate_stagnation_epochs=12
cascade_max_out_epochs=150
cascade_min_out_epochs=50
cascade_max_cand_epochs=150
cascade_min_cand_epochs=50
cascade_num_candidate_groups=2
bit_fail_limit=3.49999994039535522461e-01
cascade_candidate_limit=1.00000000000000000000e+03
cascade_weight_multiplier=4.00000005960464477539e-01
cascade_activation_functions_count=10
cascade_activation_functions=3 5 7 8 10 11 14 15 16 17 
cascade_activation_steepnesses_count=4
cascade_activation_steepnesses=2.50000000000000000000e-01 5.00000000000000000000e-01 7.50000000000000000000e-01 1.00000000000000000000e+00 
layer_sizes=19 3 3 
scale_included=0
neurons (num_inputs, activation_function, activation_steepness)=(0, 0, 0.00000000000000000000e+00) (0, 0, 0.00000000000000000000e+00) (0, 0, 0.00000000000000000000e+00) (0, 0, 0.00000000000000000000e+00) (0, 0, 0.00000000000000000000e+00) (0, 0, 0.00000000000000000000e+00) (0, 0, 0.00000000000000000000e+00) (0, 0, 0.00000000000000000000e+00) (0, 0, 0.00000000000000000000e+00) (0, 0, 0.00000000000000000000e+00) (0, 0, 0.00000000000000000000e+00) (0, 0, 0.00000000000000000000e+00) (0, 0, 0.00000000000000000000e+00) (0, 0, 0.00000000000000000000e+00) (0, 0, 0.00000000000000000000e+00) (0, 0, 0.00000000000000000000e+00) (0, 0, 0.00000000000000000000e+00) (0, 0, 0.00000000000000000000e+00) (0, 0, 0.00000000000000000000e+00) (19, 3, 5.00000000000000000000e-01) (19, 3, 5.00000000000000000000e-01) (0, 3, 0.00000000000000000000e+00) (3, 3, 5.00000000000000000000e-01) (3, 3, 5.00000000000000000000e-01) (0, 3, 0.00000000000000000000e+00) 
connections (connected_to_neuron, weight)=(0, 2.82079935073852539062e+00) (1, -9.56670856475830078125e+00) (2, -9.04832077026367187500e+00) (3, 8.93837451934814453125e+00) (4, -1.86628723144531250000e+00) (5, 2.68109874725341796875e+01) (6, 4.88517045974731445312e+00) (7, -1.88095378875732421875e+00) (8, -2.16990137100219726562e+00) (9, -4.92972755432128906250e+00) (10, 4.05441141128540039062e+00) (11, -3.83279609680175781250e+00) (12, -9.65934276580810546875e+00) (13, 8.06757450103759765625e+00) (14, 8.39853942394256591797e-01) (15, -7.55629730224609375000e+00) (16, 7.23258304595947265625e+00) (17, 5.75240707397460937500e+00) (18, 1.09142160415649414062e+00) (0, -2.38944435119628906250e+00) (1, 2.58889436721801757812e+00) (2, 1.43169343471527099609e+00) (3, -5.19991350173950195312e+00) (4, 1.99586498737335205078e+00) (5, -9.31724643707275390625e+00) (6, -3.10776662826538085938e+00) (7, 2.51370263099670410156e+00) (8, 2.31365524232387542725e-02) (9, 3.90591287612915039062e+00) (10, -2.44733643531799316406e+00) (11, 1.13159632682800292969e+00) (12, 5.01535272598266601562e+00) (13, -3.26977586746215820312e+00) (14, -2.33656559139490127563e-02) (15, 3.24454116821289062500e+00) (16, -4.91062927246093750000e+00) (17, -2.03623652458190917969e+00) (18, 1.74604535102844238281e-01) (19, -2.16477584838867187500e+00) (20, -2.78669714927673339844e+00) (21, 1.66765797138214111328e+00) (19, 2.16261196136474609375e+00) (20, 2.79308938980102539062e+00) (21, -1.66649472713470458984e+00) 
