FANN_FLO_2.1
num_layers=3
learning_rate=0.400000
connection_rate=1.000000
network_type=0
learning_momentum=0.000000
training_algorithm=2
train_error_function=1
train_stop_function=0
cascade_output_change_fraction=0.010000
quickprop_decay=-0.000100
quickprop_mu=1.750000
rprop_increase_factor=1.200000
rprop_decrease_factor=0.500000
rprop_delta_min=0.000000
rprop_delta_max=50.000000
rprop_delta_zero=0.100000
cascade_output_stagnation_epochs=12
cascade_candidate_change_fraction=0.010000
cascade_candidate_stagnation_epochs=12
cascade_max_out_epochs=150
cascade_min_out_epochs=50
cascade_max_cand_epochs=150
cascade_min_cand_epochs=50
cascade_num_candidate_groups=2
bit_fail_limit=3.49999994039535522461e-01
cascade_candidate_limit=1.00000000000000000000e+03
cascade_weight_multiplier=4.00000005960464477539e-01
cascade_activation_functions_count=10
cascade_activation_functions=3 5 7 8 10 11 14 15 16 17 
cascade_activation_steepnesses_count=4
cascade_activation_steepnesses=2.50000000000000000000e-01 5.00000000000000000000e-01 7.50000000000000000000e-01 1.00000000000000000000e+00 
layer_sizes=19 3 3 
scale_included=0
neurons (num_inputs, activation_function, activation_steepness)=(0, 0, 0.00000000000000000000e+00) (0, 0, 0.00000000000000000000e+00) (0, 0, 0.00000000000000000000e+00) (0, 0, 0.00000000000000000000e+00) (0, 0, 0.00000000000000000000e+00) (0, 0, 0.00000000000000000000e+00) (0, 0, 0.00000000000000000000e+00) (0, 0, 0.00000000000000000000e+00) (0, 0, 0.00000000000000000000e+00) (0, 0, 0.00000000000000000000e+00) (0, 0, 0.00000000000000000000e+00) (0, 0, 0.00000000000000000000e+00) (0, 0, 0.00000000000000000000e+00) (0, 0, 0.00000000000000000000e+00) (0, 0, 0.00000000000000000000e+00) (0, 0, 0.00000000000000000000e+00) (0, 0, 0.00000000000000000000e+00) (0, 0, 0.00000000000000000000e+00) (0, 0, 0.00000000000000000000e+00) (19, 3, 5.00000000000000000000e-01) (19, 3, 5.00000000000000000000e-01) (0, 3, 0.00000000000000000000e+00) (3, 3, 5.00000000000000000000e-01) (3, 3, 5.00000000000000000000e-01) (0, 3, 0.00000000000000000000e+00) 
connections (connected_to_neuron, weight)=(0, 1.38109815120697021484e+00) (1, 4.75974464416503906250e+00) (2, 7.68469142913818359375e+00) (3, -3.76637029647827148438e+00) (4, 1.18644332885742187500e+01) (5, -1.11015567779541015625e+01) (6, 9.29694461822509765625e+00) (7, -1.58820028305053710938e+01) (8, 1.82253818511962890625e+01) (9, 1.96551060676574707031e+00) (10, 2.51511049270629882812e+00) (11, -8.87797832489013671875e+00) (12, 7.52302503585815429688e+00) (13, -3.63276815414428710938e+00) (14, -1.08598208427429199219e+00) (15, -1.73508250713348388672e+00) (16, -9.06446948647499084473e-02) (17, 7.34879636764526367188e+00) (18, -5.29360413551330566406e-01) (0, 1.41932412981986999512e-01) (1, -5.61428689956665039062e+00) (2, -1.33080422878265380859e+00) (3, -4.80505609512329101562e+00) (4, -8.30857753753662109375e+00) (5, -8.83968591690063476562e-01) (6, 1.67520332336425781250e+00) (7, 1.37223691940307617188e+01) (8, 4.08803033828735351562e+00) (9, -5.35102796554565429688e+00) (10, -7.11477041244506835938e+00) (11, 8.58825874328613281250e+00) (12, 6.08686447143554687500e+00) (13, 2.02091274261474609375e+01) (14, -1.15848236083984375000e+01) (15, 3.71226286888122558594e+00) (16, -4.78574657440185546875e+00) (17, 1.38510122895240783691e-01) (18, 6.33925580978393554688e+00) (19, -1.02345275878906250000e+00) (20, -9.25912559032440185547e-01) (21, 1.19766640663146972656e+00) (19, 1.02318465709686279297e+00) (20, 9.25390124320983886719e-01) (21, -1.19520556926727294922e+00) 
