FANN_FLO_2.1
num_layers=3
learning_rate=0.400000
connection_rate=1.000000
network_type=0
learning_momentum=0.000000
training_algorithm=2
train_error_function=1
train_stop_function=0
cascade_output_change_fraction=0.010000
quickprop_decay=-0.000100
quickprop_mu=1.750000
rprop_increase_factor=1.200000
rprop_decrease_factor=0.500000
rprop_delta_min=0.000000
rprop_delta_max=50.000000
rprop_delta_zero=0.100000
cascade_output_stagnation_epochs=12
cascade_candidate_change_fraction=0.010000
cascade_candidate_stagnation_epochs=12
cascade_max_out_epochs=150
cascade_min_out_epochs=50
cascade_max_cand_epochs=150
cascade_min_cand_epochs=50
cascade_num_candidate_groups=2
bit_fail_limit=3.49999994039535522461e-01
cascade_candidate_limit=1.00000000000000000000e+03
cascade_weight_multiplier=4.00000005960464477539e-01
cascade_activation_functions_count=10
cascade_activation_functions=3 5 7 8 10 11 14 15 16 17 
cascade_activation_steepnesses_count=4
cascade_activation_steepnesses=2.50000000000000000000e-01 5.00000000000000000000e-01 7.50000000000000000000e-01 1.00000000000000000000e+00 
layer_sizes=7 5 2 
scale_included=0
neurons (num_inputs, activation_function, activation_steepness)=(0, 0, 0.00000000000000000000e+00) (0, 0, 0.00000000000000000000e+00) (0, 0, 0.00000000000000000000e+00) (0, 0, 0.00000000000000000000e+00) (0, 0, 0.00000000000000000000e+00) (0, 0, 0.00000000000000000000e+00) (0, 0, 0.00000000000000000000e+00) (7, 3, 5.00000000000000000000e-01) (7, 3, 5.00000000000000000000e-01) (7, 3, 5.00000000000000000000e-01) (7, 3, 5.00000000000000000000e-01) (0, 3, 0.00000000000000000000e+00) (5, 3, 5.00000000000000000000e-01) (0, 3, 0.00000000000000000000e+00) 
connections (connected_to_neuron, weight)=(0, -8.41424274444580078125e+00) (1, -2.47027015686035156250e+00) (2, 5.48084716796875000000e+01) (3, 1.34431114196777343750e+01) (4, -1.98013031482696533203e+00) (5, -5.53492866456508636475e-02) (6, -2.78545737266540527344e+00) (0, -9.06026744842529296875e+00) (1, 8.47570037841796875000e+00) (2, -5.48281574249267578125e+00) (3, -1.92696380615234375000e+00) (4, -5.86133062839508056641e-01) (5, -1.04904602050781250000e+03) (6, 1.92987918853759765625e-02) (0, 9.92870151996612548828e-01) (1, 3.34686726331710815430e-01) (2, -1.42540395259857177734e+00) (3, -7.32647323608398437500e+00) (4, -2.49200057983398437500e+00) (5, -2.17902645468711853027e-01) (6, 5.40322875976562500000e+00) (0, 6.46565389633178710938e+00) (1, -6.84071350097656250000e+00) (2, 1.78537487983703613281e+00) (3, -2.11450791358947753906e+00) (4, -7.23427236080169677734e-02) (5, 5.15016698837280273438e+00) (6, -5.97319078445434570312e+00) (7, -8.58430445194244384766e-01) (8, -8.10491466522216796875e+00) (9, -8.50056529045104980469e-01) (10, -1.10583705902099609375e+01) (11, -3.42105627059936523438e-01) 
