FANN_FLO_2.1
num_layers=4
learning_rate=0.400000
connection_rate=1.000000
network_type=0
learning_momentum=0.000000
training_algorithm=2
train_error_function=1
train_stop_function=0
cascade_output_change_fraction=0.010000
quickprop_decay=-0.000100
quickprop_mu=1.750000
rprop_increase_factor=1.200000
rprop_decrease_factor=0.500000
rprop_delta_min=0.000000
rprop_delta_max=50.000000
rprop_delta_zero=0.100000
cascade_output_stagnation_epochs=12
cascade_candidate_change_fraction=0.010000
cascade_candidate_stagnation_epochs=12
cascade_max_out_epochs=150
cascade_min_out_epochs=50
cascade_max_cand_epochs=150
cascade_min_cand_epochs=50
cascade_num_candidate_groups=2
bit_fail_limit=3.49999994039535522461e-01
cascade_candidate_limit=1.00000000000000000000e+03
cascade_weight_multiplier=4.00000005960464477539e-01
cascade_activation_functions_count=10
cascade_activation_functions=3 5 7 8 10 11 14 15 16 17 
cascade_activation_steepnesses_count=4
cascade_activation_steepnesses=2.50000000000000000000e-01 5.00000000000000000000e-01 7.50000000000000000000e-01 1.00000000000000000000e+00 
layer_sizes=7 5 3 2 
scale_included=0
neurons (num_inputs, activation_function, activation_steepness)=(0, 0, 0.00000000000000000000e+00) (0, 0, 0.00000000000000000000e+00) (0, 0, 0.00000000000000000000e+00) (0, 0, 0.00000000000000000000e+00) (0, 0, 0.00000000000000000000e+00) (0, 0, 0.00000000000000000000e+00) (0, 0, 0.00000000000000000000e+00) (7, 3, 5.00000000000000000000e-01) (7, 3, 5.00000000000000000000e-01) (7, 3, 5.00000000000000000000e-01) (7, 3, 5.00000000000000000000e-01) (0, 3, 0.00000000000000000000e+00) (5, 3, 5.00000000000000000000e-01) (5, 3, 5.00000000000000000000e-01) (0, 3, 0.00000000000000000000e+00) (3, 3, 5.00000000000000000000e-01) (0, 3, 0.00000000000000000000e+00) 
connections (connected_to_neuron, weight)=(0, -1.50000000000000000000e+03) (1, -1.50000000000000000000e+03) (2, -1.45231469726562500000e+03) (3, -3.36062169075012207031e+00) (4, -1.12004671096801757812e+01) (5, -1.50000000000000000000e+03) (6, 1.57902908325195312500e+00) (0, -1.50000000000000000000e+03) (1, -1.50000000000000000000e+03) (2, -1.45231469726562500000e+03) (3, -7.78016519546508789062e+00) (4, -2.00905044555664062500e+02) (5, -1.50000000000000000000e+03) (6, 8.72978389263153076172e-01) (0, -3.59529662132263183594e+00) (1, 2.14126777648925781250e+00) (2, -2.06523593515157699585e-02) (3, -1.20601737499237060547e+00) (4, -1.37538814544677734375e+00) (5, 3.91950130462646484375e-01) (6, 1.12367796897888183594e+00) (0, -5.57734870910644531250e+00) (1, 4.92319440841674804688e+00) (2, -1.44053297042846679688e+01) (3, -4.71270656585693359375e+00) (4, 8.81434631347656250000e+00) (5, 1.78363955020904541016e+00) (6, -8.56632137298583984375e+00) (7, 1.50000000000000000000e+03) (8, 1.50000000000000000000e+03) (9, 1.69624347686767578125e+01) (10, 7.48721218109130859375e+00) (11, -4.06636667251586914062e+00) (7, 1.50000000000000000000e+03) (8, 1.50000000000000000000e+03) (9, 1.15904450416564941406e+00) (10, 7.98731279373168945312e+00) (11, -1.38361024856567382812e+00) (12, -2.19642400741577148438e+00) (13, -1.56517910957336425781e+00) (14, -7.56697893142700195312e-01) 
