FANN_FLO_2.1
num_layers=3
learning_rate=0.400000
connection_rate=1.000000
network_type=0
learning_momentum=0.000000
training_algorithm=2
train_error_function=1
train_stop_function=0
cascade_output_change_fraction=0.010000
quickprop_decay=-0.000100
quickprop_mu=1.750000
rprop_increase_factor=1.200000
rprop_decrease_factor=0.500000
rprop_delta_min=0.000000
rprop_delta_max=50.000000
rprop_delta_zero=0.100000
cascade_output_stagnation_epochs=12
cascade_candidate_change_fraction=0.010000
cascade_candidate_stagnation_epochs=12
cascade_max_out_epochs=150
cascade_min_out_epochs=50
cascade_max_cand_epochs=150
cascade_min_cand_epochs=50
cascade_num_candidate_groups=2
bit_fail_limit=3.49999994039535522461e-01
cascade_candidate_limit=1.00000000000000000000e+03
cascade_weight_multiplier=4.00000005960464477539e-01
cascade_activation_functions_count=10
cascade_activation_functions=3 5 7 8 10 11 14 15 16 17 
cascade_activation_steepnesses_count=4
cascade_activation_steepnesses=2.50000000000000000000e-01 5.00000000000000000000e-01 7.50000000000000000000e-01 1.00000000000000000000e+00 
layer_sizes=7 9 2 
scale_included=0
neurons (num_inputs, activation_function, activation_steepness)=(0, 0, 0.00000000000000000000e+00) (0, 0, 0.00000000000000000000e+00) (0, 0, 0.00000000000000000000e+00) (0, 0, 0.00000000000000000000e+00) (0, 0, 0.00000000000000000000e+00) (0, 0, 0.00000000000000000000e+00) (0, 0, 0.00000000000000000000e+00) (7, 3, 5.00000000000000000000e-01) (7, 3, 5.00000000000000000000e-01) (7, 3, 5.00000000000000000000e-01) (7, 3, 5.00000000000000000000e-01) (7, 3, 5.00000000000000000000e-01) (7, 3, 5.00000000000000000000e-01) (7, 3, 5.00000000000000000000e-01) (7, 3, 5.00000000000000000000e-01) (0, 3, 0.00000000000000000000e+00) (9, 3, 5.00000000000000000000e-01) (0, 3, 0.00000000000000000000e+00) 
connections (connected_to_neuron, weight)=(0, -2.08124071359634399414e-01) (1, 2.09604918956756591797e-01) (2, 4.78574037551879882812e+00) (3, -1.12137918472290039062e+01) (4, 4.66731023788452148438e+00) (5, -4.28977251052856445312e-01) (6, -1.64722466468811035156e+00) (0, -7.85831630229949951172e-01) (1, -2.95167356729507446289e-01) (2, 2.06318211555480957031e+00) (3, -3.16260433197021484375e+00) (4, -4.54208254814147949219e-01) (5, 5.84182918071746826172e-01) (6, 2.97641575336456298828e-01) (0, -1.71486396789550781250e+01) (1, 1.50573968887329101562e+01) (2, 2.17324542999267578125e+00) (3, -2.72413969039916992188e+00) (4, -1.75329589843750000000e+00) (5, 5.37097978591918945312e+00) (6, 1.95086193084716796875e+00) (0, -5.46104574203491210938e+00) (1, 5.43782138824462890625e+00) (2, -1.32823516845703125000e+02) (3, 5.27095317840576171875e-01) (4, -2.70353770256042480469e+00) (5, -7.44316635131835937500e+01) (6, 3.49694037437438964844e+00) (0, 1.41453418731689453125e+01) (1, -1.58188295364379882812e+01) (2, 7.63980746269226074219e-02) (3, -3.52911138534545898438e+00) (4, -9.34146717190742492676e-02) (5, -4.96986865997314453125e+00) (6, 6.74441528320312500000e+00) (0, -5.18459415435791015625e+00) (1, 7.42790889739990234375e+00) (2, -1.77788734436035156250e+01) (3, -9.88473796844482421875e+00) (4, -5.68268823623657226562e+00) (5, 9.53611373901367187500e-01) (6, 5.44322156906127929688e+00) (0, 4.31992143392562866211e-01) (1, 9.35507118701934814453e-01) (2, 2.68032836914062500000e+01) (3, -4.43251705169677734375e+00) (4, -2.60676360130310058594e+00) (5, 2.17764997482299804688e+00) (6, -2.10509252548217773438e+00) (0, -1.86035537719726562500e+01) (1, -4.35150194168090820312e+00) (2, 9.32177448272705078125e+00) (3, 1.29118576049804687500e+01) (4, 4.59214067459106445312e+00) (5, 6.93254888057708740234e-01) (6, 3.86245322227478027344e+00) (7, -8.32585990428924560547e-01) (8, 2.36589550971984863281e+00) (9, -3.73973059654235839844e+00) (10, -8.17201018333435058594e-01) (11, -3.78348517417907714844e+00) (12, -5.21054446697235107422e-01) (13, -8.96075129508972167969e-01) (14, -4.89630937576293945312e-01) (15, 2.34455037117004394531e+00) 
