FANN_FLO_2.1
num_layers=3
learning_rate=0.400000
connection_rate=1.000000
network_type=0
learning_momentum=0.000000
training_algorithm=2
train_error_function=1
train_stop_function=0
cascade_output_change_fraction=0.010000
quickprop_decay=-0.000100
quickprop_mu=1.750000
rprop_increase_factor=1.200000
rprop_decrease_factor=0.500000
rprop_delta_min=0.000000
rprop_delta_max=50.000000
rprop_delta_zero=0.100000
cascade_output_stagnation_epochs=12
cascade_candidate_change_fraction=0.010000
cascade_candidate_stagnation_epochs=12
cascade_max_out_epochs=150
cascade_min_out_epochs=50
cascade_max_cand_epochs=150
cascade_min_cand_epochs=50
cascade_num_candidate_groups=2
bit_fail_limit=3.49999994039535522461e-01
cascade_candidate_limit=1.00000000000000000000e+03
cascade_weight_multiplier=4.00000005960464477539e-01
cascade_activation_functions_count=10
cascade_activation_functions=3 5 7 8 10 11 14 15 16 17 
cascade_activation_steepnesses_count=4
cascade_activation_steepnesses=2.50000000000000000000e-01 5.00000000000000000000e-01 7.50000000000000000000e-01 1.00000000000000000000e+00 
layer_sizes=7 9 2 
scale_included=0
neurons (num_inputs, activation_function, activation_steepness)=(0, 0, 0.00000000000000000000e+00) (0, 0, 0.00000000000000000000e+00) (0, 0, 0.00000000000000000000e+00) (0, 0, 0.00000000000000000000e+00) (0, 0, 0.00000000000000000000e+00) (0, 0, 0.00000000000000000000e+00) (0, 0, 0.00000000000000000000e+00) (7, 3, 5.00000000000000000000e-01) (7, 3, 5.00000000000000000000e-01) (7, 3, 5.00000000000000000000e-01) (7, 3, 5.00000000000000000000e-01) (7, 3, 5.00000000000000000000e-01) (7, 3, 5.00000000000000000000e-01) (7, 3, 5.00000000000000000000e-01) (7, 3, 5.00000000000000000000e-01) (0, 3, 0.00000000000000000000e+00) (9, 3, 5.00000000000000000000e-01) (0, 3, 0.00000000000000000000e+00) 
connections (connected_to_neuron, weight)=(0, 7.51272439956665039062e-01) (1, 3.43826961517333984375e+00) (2, -3.30731964111328125000e+00) (3, -3.77083420753479003906e+00) (4, 4.18801084160804748535e-02) (5, 7.63864636421203613281e-01) (6, -4.23230934143066406250e+00) (0, -3.50654268264770507812e+00) (1, 6.19338321685791015625e+00) (2, 2.49797677993774414062e+00) (3, -1.38039455413818359375e+01) (4, -7.52738237380981445312e+00) (5, 2.26207196712493896484e-01) (6, 8.61132240295410156250e+00) (0, -9.68781375885009765625e+00) (1, 8.72743797302246093750e+00) (2, 5.69194984436035156250e+00) (3, -1.43853950500488281250e+00) (4, -1.05661463737487792969e+00) (5, 4.50867605209350585938e+00) (6, 4.73222769796848297119e-02) (0, 9.34134101867675781250e+00) (1, -1.09799633026123046875e+01) (2, 3.63608264923095703125e+00) (3, -2.60199880599975585938e+00) (4, 7.34067857265472412109e-01) (5, -7.16480112075805664062e+00) (6, 8.30809307098388671875e+00) (0, -7.03638696670532226562e+00) (1, 6.98619318008422851562e+00) (2, -1.78003139495849609375e+01) (3, -3.72767257690429687500e+00) (4, -5.79252660274505615234e-01) (5, -4.32749938964843750000e+02) (6, -3.32762002944946289062e-02) (0, -3.60085153579711914062e+00) (1, -1.42481698989868164062e+01) (2, 6.82408142089843750000e+00) (3, 9.62576806545257568359e-01) (4, 4.01083886623382568359e-01) (5, 5.73869991302490234375e+00) (6, 1.02394132614135742188e+01) (0, -6.89561271667480468750e+00) (1, 6.89915275573730468750e+00) (2, -1.10781478881835937500e+01) (3, -3.29336810111999511719e+00) (4, -3.55493068695068359375e-01) (5, -1.48461486816406250000e+03) (6, -1.68241523206233978271e-02) (0, 3.28065824508666992188e+00) (1, -1.97168970108032226562e+00) (2, -1.44598169326782226562e+01) (3, -2.08068847656250000000e+00) (4, 4.79719543457031250000e+00) (5, -3.18939256668090820312e+00) (6, 4.19552683830261230469e-01) (7, -1.23749887943267822266e+00) (8, -2.47746199369430541992e-01) (9, -2.59406638145446777344e+00) (10, -3.35493350028991699219e+00) (11, -2.34332466125488281250e+00) (12, -5.61379969120025634766e-01) (13, -2.06229162216186523438e+00) (14, 7.76508629322052001953e-01) (15, 1.68440890312194824219e+00) 
