FANN_FLO_2.1
num_layers=3
learning_rate=0.400000
connection_rate=1.000000
network_type=0
learning_momentum=0.000000
training_algorithm=2
train_error_function=1
train_stop_function=0
cascade_output_change_fraction=0.010000
quickprop_decay=-0.000100
quickprop_mu=1.750000
rprop_increase_factor=1.200000
rprop_decrease_factor=0.500000
rprop_delta_min=0.000000
rprop_delta_max=50.000000
rprop_delta_zero=0.100000
cascade_output_stagnation_epochs=12
cascade_candidate_change_fraction=0.010000
cascade_candidate_stagnation_epochs=12
cascade_max_out_epochs=150
cascade_min_out_epochs=50
cascade_max_cand_epochs=150
cascade_min_cand_epochs=50
cascade_num_candidate_groups=2
bit_fail_limit=3.49999994039535522461e-01
cascade_candidate_limit=1.00000000000000000000e+03
cascade_weight_multiplier=4.00000005960464477539e-01
cascade_activation_functions_count=10
cascade_activation_functions=3 5 7 8 10 11 14 15 16 17 
cascade_activation_steepnesses_count=4
cascade_activation_steepnesses=2.50000000000000000000e-01 5.00000000000000000000e-01 7.50000000000000000000e-01 1.00000000000000000000e+00 
layer_sizes=7 9 2 
scale_included=0
neurons (num_inputs, activation_function, activation_steepness)=(0, 0, 0.00000000000000000000e+00) (0, 0, 0.00000000000000000000e+00) (0, 0, 0.00000000000000000000e+00) (0, 0, 0.00000000000000000000e+00) (0, 0, 0.00000000000000000000e+00) (0, 0, 0.00000000000000000000e+00) (0, 0, 0.00000000000000000000e+00) (7, 3, 5.00000000000000000000e-01) (7, 3, 5.00000000000000000000e-01) (7, 3, 5.00000000000000000000e-01) (7, 3, 5.00000000000000000000e-01) (7, 3, 5.00000000000000000000e-01) (7, 3, 5.00000000000000000000e-01) (7, 3, 5.00000000000000000000e-01) (7, 3, 5.00000000000000000000e-01) (0, 3, 0.00000000000000000000e+00) (9, 3, 5.00000000000000000000e-01) (0, 3, 0.00000000000000000000e+00) 
connections (connected_to_neuron, weight)=(0, -3.52340888977050781250e+00) (1, -1.97015237808227539062e+00) (2, -1.82786059379577636719e+00) (3, 1.03600921630859375000e+01) (4, -4.28282642364501953125e+00) (5, 5.82205116748809814453e-01) (6, -2.76068425178527832031e+00) (0, 6.75715148448944091797e-01) (1, 5.42121291160583496094e-01) (2, -1.07070980072021484375e+01) (3, -1.06053578853607177734e+00) (4, 7.96517908573150634766e-01) (5, 4.58272647857666015625e+00) (6, 5.32643842697143554688e+00) (0, -1.27881228923797607422e+00) (1, -2.00186562538146972656e+00) (2, 6.03454113006591796875e+00) (3, 4.27640390396118164062e+00) (4, 4.35646104812622070312e+00) (5, -1.45493535995483398438e+01) (6, -5.20373165607452392578e-01) (0, -2.83804863691329956055e-01) (1, 9.82950270175933837891e-01) (2, 1.19984805583953857422e+00) (3, 6.15354299545288085938e-01) (4, -2.27284336090087890625e+00) (5, -2.10535025596618652344e+00) (6, 2.18810534477233886719e+00) (0, -3.84218573570251464844e+00) (1, -4.15423583984375000000e+00) (2, -2.62374639511108398438e+00) (3, 8.52890074253082275391e-01) (4, 3.33817434310913085938e+00) (5, 2.30501246452331542969e+00) (6, -2.17586112022399902344e+00) (0, -7.99928158521652221680e-02) (1, -2.85579466819763183594e+00) (2, -2.72060322761535644531e+00) (3, 1.90449512004852294922e+00) (4, -1.45054471492767333984e+00) (5, 9.60563755035400390625e+00) (6, -4.03131484985351562500e+00) (0, -6.69095659255981445312e+00) (1, -1.86162304878234863281e+00) (2, 7.41590440273284912109e-01) (3, 9.10402679443359375000e+00) (4, 1.50253072381019592285e-01) (5, -5.88945388793945312500e+00) (6, -1.85253405570983886719e+00) (0, -6.55721604824066162109e-01) (1, 4.29183304309844970703e-01) (2, -1.80401921272277832031e+00) (3, 1.03432714939117431641e+00) (4, -9.39622461795806884766e-01) (5, 2.27398216724395751953e-01) (6, 1.25011754035949707031e+00) (7, 9.02407348155975341797e-01) (8, -8.17577600479125976562e-01) (9, 1.99527144432067871094e+00) (10, -1.37235629558563232422e+00) (11, 3.60184168815612792969e+00) (12, 1.91606342792510986328e+00) (13, 7.14367032051086425781e-01) (14, -6.67514622211456298828e-01) (15, -2.03780516982078552246e-01) 
