FANN_FLO_2.1
num_layers=3
learning_rate=0.400000
connection_rate=1.000000
network_type=0
learning_momentum=0.000000
training_algorithm=2
train_error_function=1
train_stop_function=0
cascade_output_change_fraction=0.010000
quickprop_decay=-0.000100
quickprop_mu=1.750000
rprop_increase_factor=1.200000
rprop_decrease_factor=0.500000
rprop_delta_min=0.000000
rprop_delta_max=50.000000
rprop_delta_zero=0.100000
cascade_output_stagnation_epochs=12
cascade_candidate_change_fraction=0.010000
cascade_candidate_stagnation_epochs=12
cascade_max_out_epochs=150
cascade_min_out_epochs=50
cascade_max_cand_epochs=150
cascade_min_cand_epochs=50
cascade_num_candidate_groups=2
bit_fail_limit=3.49999994039535522461e-01
cascade_candidate_limit=1.00000000000000000000e+03
cascade_weight_multiplier=4.00000005960464477539e-01
cascade_activation_functions_count=10
cascade_activation_functions=3 5 7 8 10 11 14 15 16 17 
cascade_activation_steepnesses_count=4
cascade_activation_steepnesses=2.50000000000000000000e-01 5.00000000000000000000e-01 7.50000000000000000000e-01 1.00000000000000000000e+00 
layer_sizes=7 9 2 
scale_included=0
neurons (num_inputs, activation_function, activation_steepness)=(0, 0, 0.00000000000000000000e+00) (0, 0, 0.00000000000000000000e+00) (0, 0, 0.00000000000000000000e+00) (0, 0, 0.00000000000000000000e+00) (0, 0, 0.00000000000000000000e+00) (0, 0, 0.00000000000000000000e+00) (0, 0, 0.00000000000000000000e+00) (7, 3, 5.00000000000000000000e-01) (7, 3, 5.00000000000000000000e-01) (7, 3, 5.00000000000000000000e-01) (7, 3, 5.00000000000000000000e-01) (7, 3, 5.00000000000000000000e-01) (7, 3, 5.00000000000000000000e-01) (7, 3, 5.00000000000000000000e-01) (7, 3, 5.00000000000000000000e-01) (0, 3, 0.00000000000000000000e+00) (9, 3, 5.00000000000000000000e-01) (0, 3, 0.00000000000000000000e+00) 
connections (connected_to_neuron, weight)=(0, 2.02074503898620605469e+00) (1, -2.41149020195007324219e+00) (2, -1.48724710941314697266e+00) (3, 1.37608063220977783203e+00) (4, -9.18497323989868164062e-01) (5, 8.57502460479736328125e+00) (6, -4.71123600006103515625e+00) (0, -2.04304718971252441406e+00) (1, -3.13698840141296386719e+00) (2, -2.10464262962341308594e+00) (3, 1.06195199489593505859e+00) (4, 1.89492452144622802734e+00) (5, 3.92273128032684326172e-01) (6, -1.25439941883087158203e+00) (0, -2.02986717224121093750e+00) (1, -2.06963968276977539062e+00) (2, 8.13455772399902343750e+00) (3, -3.31905722618103027344e+00) (4, 4.98139905929565429688e+00) (5, -5.68313598632812500000e+00) (6, -3.90624094009399414062e+00) (0, -2.78227138519287109375e+00) (1, -4.65432929992675781250e+00) (2, -3.51733279228210449219e+00) (3, -4.12762165069580078125e-01) (4, 3.37755107879638671875e+00) (5, 2.59319972991943359375e+00) (6, 1.63937330245971679688e-01) (0, -1.68838351964950561523e-01) (1, -3.26878815889358520508e-01) (2, -1.04869425296783447266e+00) (3, -6.96760320663452148438e+00) (4, -6.11377191543579101562e+00) (5, 2.27915859222412109375e+01) (6, 1.73087820410728454590e-01) (0, -2.70669293403625488281e+00) (1, 4.08770442008972167969e-01) (2, -7.15191602706909179688e-01) (3, 5.15166968107223510742e-02) (4, -3.60594600439071655273e-01) (5, 9.05622422695159912109e-01) (6, 7.94237673282623291016e-01) (0, -3.95325350761413574219e+00) (1, -2.67329239845275878906e+00) (2, -9.22846794128417968750e-01) (3, 2.91572976112365722656e+00) (4, 7.18804776668548583984e-01) (5, 1.86726689338684082031e+00) (6, -1.98770761489868164062e+00) (0, -4.43341255187988281250e+00) (1, -1.54225718975067138672e+00) (2, -1.23604965209960937500e+00) (3, 5.91537809371948242188e+00) (4, 3.81289631128311157227e-01) (5, 5.23549616336822509766e-01) (6, -1.70438718795776367188e+00) (7, 2.82231640815734863281e+00) (8, 1.04843354225158691406e+00) (9, 1.52041804790496826172e+00) (10, 1.44070088863372802734e+00) (11, -2.20696377754211425781e+00) (12, -2.20626926422119140625e+00) (13, 1.91243326663970947266e+00) (14, 8.73336672782897949219e-01) (15, -1.84689238667488098145e-01) 
