FANN_FLO_2.1
num_layers=3
learning_rate=0.500000
connection_rate=1.000000
network_type=0
learning_momentum=0.000000
training_algorithm=2
train_error_function=1
train_stop_function=0
cascade_output_change_fraction=0.010000
quickprop_decay=-0.000100
quickprop_mu=1.750000
rprop_increase_factor=1.200000
rprop_decrease_factor=0.500000
rprop_delta_min=0.000000
rprop_delta_max=50.000000
rprop_delta_zero=0.100000
cascade_output_stagnation_epochs=12
cascade_candidate_change_fraction=0.010000
cascade_candidate_stagnation_epochs=12
cascade_max_out_epochs=150
cascade_min_out_epochs=50
cascade_max_cand_epochs=150
cascade_min_cand_epochs=50
cascade_num_candidate_groups=2
bit_fail_limit=3.49999994039535522461e-01
cascade_candidate_limit=1.00000000000000000000e+03
cascade_weight_multiplier=4.00000005960464477539e-01
cascade_activation_functions_count=10
cascade_activation_functions=3 5 7 8 10 11 14 15 16 17 
cascade_activation_steepnesses_count=4
cascade_activation_steepnesses=2.50000000000000000000e-01 5.00000000000000000000e-01 7.50000000000000000000e-01 1.00000000000000000000e+00 
layer_sizes=10 3 2 
scale_included=0
neurons (num_inputs, activation_function, activation_steepness)=(0, 0, 0.00000000000000000000e+00) (0, 0, 0.00000000000000000000e+00) (0, 0, 0.00000000000000000000e+00) (0, 0, 0.00000000000000000000e+00) (0, 0, 0.00000000000000000000e+00) (0, 0, 0.00000000000000000000e+00) (0, 0, 0.00000000000000000000e+00) (0, 0, 0.00000000000000000000e+00) (0, 0, 0.00000000000000000000e+00) (0, 0, 0.00000000000000000000e+00) (10, 3, 5.00000000000000000000e-01) (10, 3, 5.00000000000000000000e-01) (0, 3, 0.00000000000000000000e+00) (3, 3, 5.00000000000000000000e-01) (0, 3, 0.00000000000000000000e+00) 
connections (connected_to_neuron, weight)=(0, -1.28097648620605468750e+01) (1, 1.39860305786132812500e+01) (2, 7.53362670898437500000e+02) (3, -2.26001510620117187500e+01) (4, 2.35164146423339843750e+01) (5, 1.44502221679687500000e+03) (6, -1.49581140136718750000e+03) (7, 9.32052230834960937500e+00) (8, -2.20848560333251953125e+00) (9, 3.04451912641525268555e-01) (0, -2.09941272735595703125e+01) (1, 2.50047898292541503906e+00) (2, 6.03747367858886718750e+00) (3, 8.67528152465820312500e+00) (4, 4.88874015808105468750e+01) (5, -5.37107181549072265625e+00) (6, -3.37035102844238281250e+01) (7, -3.20898342132568359375e+00) (8, -1.89779911041259765625e+01) (9, 2.59287309646606445312e+00) (10, -2.23874735832214355469e+00) (11, 2.27597928047180175781e+00) (12, 8.52133393287658691406e-01) 
