FANN_FLO_2.1
num_layers=4
learning_rate=0.400000
connection_rate=1.000000
network_type=0
learning_momentum=0.000000
training_algorithm=2
train_error_function=1
train_stop_function=0
cascade_output_change_fraction=0.010000
quickprop_decay=-0.000100
quickprop_mu=1.750000
rprop_increase_factor=1.200000
rprop_decrease_factor=0.500000
rprop_delta_min=0.000000
rprop_delta_max=50.000000
rprop_delta_zero=0.100000
cascade_output_stagnation_epochs=12
cascade_candidate_change_fraction=0.010000
cascade_candidate_stagnation_epochs=12
cascade_max_out_epochs=150
cascade_min_out_epochs=50
cascade_max_cand_epochs=150
cascade_min_cand_epochs=50
cascade_num_candidate_groups=2
bit_fail_limit=3.49999994039535522461e-01
cascade_candidate_limit=1.00000000000000000000e+03
cascade_weight_multiplier=4.00000005960464477539e-01
cascade_activation_functions_count=10
cascade_activation_functions=3 5 7 8 10 11 14 15 16 17 
cascade_activation_steepnesses_count=4
cascade_activation_steepnesses=2.50000000000000000000e-01 5.00000000000000000000e-01 7.50000000000000000000e-01 1.00000000000000000000e+00 
layer_sizes=7 5 5 2 
scale_included=0
neurons (num_inputs, activation_function, activation_steepness)=(0, 0, 0.00000000000000000000e+00) (0, 0, 0.00000000000000000000e+00) (0, 0, 0.00000000000000000000e+00) (0, 0, 0.00000000000000000000e+00) (0, 0, 0.00000000000000000000e+00) (0, 0, 0.00000000000000000000e+00) (0, 0, 0.00000000000000000000e+00) (7, 3, 5.00000000000000000000e-01) (7, 3, 5.00000000000000000000e-01) (7, 3, 5.00000000000000000000e-01) (7, 3, 5.00000000000000000000e-01) (0, 3, 0.00000000000000000000e+00) (5, 3, 5.00000000000000000000e-01) (5, 3, 5.00000000000000000000e-01) (5, 3, 5.00000000000000000000e-01) (5, 3, 5.00000000000000000000e-01) (0, 3, 0.00000000000000000000e+00) (5, 3, 5.00000000000000000000e-01) (0, 3, 0.00000000000000000000e+00) 
connections (connected_to_neuron, weight)=(0, -1.41741711425781250000e+03) (1, -1.50000000000000000000e+03) (2, -1.50000000000000000000e+03) (3, 1.37527575683593750000e+03) (4, -1.08875415039062500000e+03) (5, 1.36208999633789062500e+02) (6, 1.61329865455627441406e-01) (0, -1.14552915096282958984e+00) (1, -4.22537773847579956055e-01) (2, 8.98332059383392333984e-01) (3, -2.53644514083862304688e+00) (4, 5.84415197372436523438e-02) (5, 5.29638290405273437500e-01) (6, 6.63897097110748291016e-01) (0, 3.90565419197082519531e+00) (1, -5.35804414749145507812e+00) (2, 7.41552019119262695312e+00) (3, -1.74974906444549560547e+00) (4, -2.76060295104980468750e+00) (5, -1.08438456058502197266e+00) (6, 1.84524369239807128906e+00) (0, -1.71824598312377929688e+00) (1, -3.71641740202903747559e-02) (2, 1.03746204376220703125e+01) (3, -1.34879529476165771484e+00) (4, -4.55907249450683593750e+00) (5, -5.33251941204071044922e-01) (6, 2.57034754753112792969e+00) (7, 1.50000000000000000000e+03) (8, -5.28500137329101562500e+01) (9, 8.72151489257812500000e+01) (10, 8.01328468322753906250e+00) (11, -7.39692020416259765625e+00) (7, 1.50000000000000000000e+03) (8, 1.13671207427978515625e+01) (9, -2.32198009490966796875e+01) (10, 1.66632499694824218750e+01) (11, -1.38688170909881591797e+00) (7, 1.50000000000000000000e+03) (8, 9.71018409729003906250e+00) (9, 1.71865482330322265625e+01) (10, -9.11376953125000000000e+00) (11, -4.43475675582885742188e+00) (7, 1.50000000000000000000e+03) (8, -5.43023204803466796875e+00) (9, 6.85506134033203125000e+01) (10, -3.30939407348632812500e+01) (11, -7.74722993373870849609e-01) (12, -6.65224373340606689453e-01) (13, -3.45634198188781738281e+00) (14, -7.65837371349334716797e-01) (15, -2.07937002182006835938e+00) (16, 1.41883969306945800781e+00) 
