FANN_FLO_2.1
num_layers=3
learning_rate=0.400000
connection_rate=1.000000
network_type=0
learning_momentum=0.000000
training_algorithm=2
train_error_function=1
train_stop_function=0
cascade_output_change_fraction=0.010000
quickprop_decay=-0.000100
quickprop_mu=1.750000
rprop_increase_factor=1.200000
rprop_decrease_factor=0.500000
rprop_delta_min=0.000000
rprop_delta_max=50.000000
rprop_delta_zero=0.100000
cascade_output_stagnation_epochs=12
cascade_candidate_change_fraction=0.010000
cascade_candidate_stagnation_epochs=12
cascade_max_out_epochs=150
cascade_min_out_epochs=50
cascade_max_cand_epochs=150
cascade_min_cand_epochs=50
cascade_num_candidate_groups=2
bit_fail_limit=3.49999994039535522461e-01
cascade_candidate_limit=1.00000000000000000000e+03
cascade_weight_multiplier=4.00000005960464477539e-01
cascade_activation_functions_count=10
cascade_activation_functions=3 5 7 8 10 11 14 15 16 17 
cascade_activation_steepnesses_count=4
cascade_activation_steepnesses=2.50000000000000000000e-01 5.00000000000000000000e-01 7.50000000000000000000e-01 1.00000000000000000000e+00 
layer_sizes=7 9 2 
scale_included=0
neurons (num_inputs, activation_function, activation_steepness)=(0, 0, 0.00000000000000000000e+00) (0, 0, 0.00000000000000000000e+00) (0, 0, 0.00000000000000000000e+00) (0, 0, 0.00000000000000000000e+00) (0, 0, 0.00000000000000000000e+00) (0, 0, 0.00000000000000000000e+00) (0, 0, 0.00000000000000000000e+00) (7, 3, 5.00000000000000000000e-01) (7, 3, 5.00000000000000000000e-01) (7, 3, 5.00000000000000000000e-01) (7, 3, 5.00000000000000000000e-01) (7, 3, 5.00000000000000000000e-01) (7, 3, 5.00000000000000000000e-01) (7, 3, 5.00000000000000000000e-01) (7, 3, 5.00000000000000000000e-01) (0, 3, 0.00000000000000000000e+00) (9, 3, 5.00000000000000000000e-01) (0, 3, 0.00000000000000000000e+00) 
connections (connected_to_neuron, weight)=(0, -2.45529388427734375000e+02) (1, -5.00819873809814453125e+00) (2, -2.24047908782958984375e+01) (3, 3.22124481201171875000e+01) (4, -6.03854596614837646484e-01) (5, 8.45153212547302246094e-01) (6, -1.30349767208099365234e+00) (0, -1.42192018032073974609e+00) (1, -1.23285126686096191406e+00) (2, -2.21640610694885253906e+00) (3, 1.60959279537200927734e+00) (4, 1.54249101877212524414e-01) (5, 6.96053171157836914062e+00) (6, -4.04352045059204101562e+00) (0, -3.28238320350646972656e+00) (1, 1.04395353794097900391e+00) (2, 8.23154449462890625000e-01) (3, -2.18518042564392089844e+00) (4, -2.73287057876586914062e+00) (5, 9.34306621551513671875e-01) (6, 6.79046273231506347656e-01) (0, 3.71720170974731445312e+00) (1, -1.32023918628692626953e+00) (2, -3.47573876380920410156e-01) (3, 3.76788377761840820312e+00) (4, 4.06364011764526367188e+00) (5, -2.36203640699386596680e-01) (6, -2.02754926681518554688e+00) (0, -2.36478164792060852051e-01) (1, -1.35059964656829833984e+00) (2, 1.01012268066406250000e+01) (3, -2.57288002967834472656e+00) (4, 5.48422515392303466797e-01) (5, -1.82048273086547851562e+00) (6, -6.06098556518554687500e+00) (0, -1.23181831836700439453e+00) (1, -1.24224209785461425781e+00) (2, -2.24559760093688964844e+00) (3, 3.03710103034973144531e+00) (4, 2.36113555729389190674e-02) (5, 7.34547472000122070312e+00) (6, -5.22847986221313476562e+00) (0, -2.11253309249877929688e+00) (1, -3.35272699594497680664e-01) (2, -5.76260626316070556641e-01) (3, -1.25971193313598632812e+01) (4, -3.13438892364501953125e+00) (5, 2.61123256683349609375e+01) (6, 3.29207807779312133789e-01) (0, -3.29735493659973144531e+00) (1, -4.81704664230346679688e+00) (2, -2.96599888801574707031e+00) (3, -4.05819863080978393555e-01) (4, 4.06913042068481445312e+00) (5, 1.12742543220520019531e+00) (6, -2.65686213970184326172e-01) (7, 9.03776611328125000000e+02) (8, 1.71812343597412109375e+00) (9, -3.65292334556579589844e+00) (10, 4.29124563932418823242e-01) (11, 2.69664907455444335938e+00) (12, 1.97862374782562255859e+00) (13, -2.14539361000061035156e+00) (14, 2.40793514251708984375e+00) (15, -2.71336853504180908203e-01) 
