FANN_FLO_2.1
num_layers=3
learning_rate=0.400000
connection_rate=1.000000
network_type=0
learning_momentum=0.000000
training_algorithm=2
train_error_function=1
train_stop_function=0
cascade_output_change_fraction=0.010000
quickprop_decay=-0.000100
quickprop_mu=1.750000
rprop_increase_factor=1.200000
rprop_decrease_factor=0.500000
rprop_delta_min=0.000000
rprop_delta_max=50.000000
rprop_delta_zero=0.100000
cascade_output_stagnation_epochs=12
cascade_candidate_change_fraction=0.010000
cascade_candidate_stagnation_epochs=12
cascade_max_out_epochs=150
cascade_min_out_epochs=50
cascade_max_cand_epochs=150
cascade_min_cand_epochs=50
cascade_num_candidate_groups=2
bit_fail_limit=3.49999994039535522461e-01
cascade_candidate_limit=1.00000000000000000000e+03
cascade_weight_multiplier=4.00000005960464477539e-01
cascade_activation_functions_count=10
cascade_activation_functions=3 5 7 8 10 11 14 15 16 17 
cascade_activation_steepnesses_count=4
cascade_activation_steepnesses=2.50000000000000000000e-01 5.00000000000000000000e-01 7.50000000000000000000e-01 1.00000000000000000000e+00 
layer_sizes=19 3 3 
scale_included=0
neurons (num_inputs, activation_function, activation_steepness)=(0, 0, 0.00000000000000000000e+00) (0, 0, 0.00000000000000000000e+00) (0, 0, 0.00000000000000000000e+00) (0, 0, 0.00000000000000000000e+00) (0, 0, 0.00000000000000000000e+00) (0, 0, 0.00000000000000000000e+00) (0, 0, 0.00000000000000000000e+00) (0, 0, 0.00000000000000000000e+00) (0, 0, 0.00000000000000000000e+00) (0, 0, 0.00000000000000000000e+00) (0, 0, 0.00000000000000000000e+00) (0, 0, 0.00000000000000000000e+00) (0, 0, 0.00000000000000000000e+00) (0, 0, 0.00000000000000000000e+00) (0, 0, 0.00000000000000000000e+00) (0, 0, 0.00000000000000000000e+00) (0, 0, 0.00000000000000000000e+00) (0, 0, 0.00000000000000000000e+00) (0, 0, 0.00000000000000000000e+00) (19, 3, 5.00000000000000000000e-01) (19, 3, 5.00000000000000000000e-01) (0, 3, 0.00000000000000000000e+00) (3, 3, 5.00000000000000000000e-01) (3, 3, 5.00000000000000000000e-01) (0, 3, 0.00000000000000000000e+00) 
connections (connected_to_neuron, weight)=(0, 5.94176769256591796875e+00) (1, -2.57541447877883911133e-01) (2, 6.73342561721801757812e+00) (3, 2.51605796813964843750e+00) (4, -5.73171472549438476562e+00) (5, 7.30514144897460937500e+00) (6, 4.34989976882934570312e+00) (7, -2.93982553482055664062e+00) (8, 2.12258386611938476562e+00) (9, -4.67056560516357421875e+00) (10, 6.44846057891845703125e+00) (11, -5.75790739059448242188e+00) (12, -3.60976648330688476562e+00) (13, 1.27802240848541259766e+00) (14, -5.88805484771728515625e+00) (15, -2.10299372673034667969e+00) (16, 5.59581947326660156250e+00) (17, -6.71545219421386718750e+00) (18, -5.88775444030761718750e+00) (0, -5.69140243530273437500e+00) (1, -1.50663793087005615234e+00) (2, -4.14704418182373046875e+00) (3, -5.33464372158050537109e-01) (4, 6.08955240249633789062e+00) (5, -5.26497554779052734375e+00) (6, -3.41451191902160644531e+00) (7, -1.82512328028678894043e-01) (8, 3.42665284872055053711e-01) (9, 3.54596209526062011719e+00) (10, -6.08665132522583007812e+00) (11, 4.43546533584594726562e+00) (12, 4.15868139266967773438e+00) (13, -2.05343079566955566406e+00) (14, 3.77211213111877441406e+00) (15, 2.42494583129882812500e+00) (16, -5.85243415832519531250e+00) (17, 6.73595285415649414062e+00) (18, 2.43244075775146484375e+00) (19, -2.07154798507690429688e+00) (20, -1.76037025451660156250e+00) (21, 1.07598626613616943359e+00) (19, 2.06799268722534179688e+00) (20, 1.74336159229278564453e+00) (21, -1.06293082237243652344e+00) 
