FANN_FLO_2.1
num_layers=4
learning_rate=0.500000
connection_rate=1.000000
network_type=0
learning_momentum=0.000000
training_algorithm=2
train_error_function=1
train_stop_function=0
cascade_output_change_fraction=0.010000
quickprop_decay=-0.000100
quickprop_mu=1.750000
rprop_increase_factor=1.200000
rprop_decrease_factor=0.500000
rprop_delta_min=0.000000
rprop_delta_max=50.000000
rprop_delta_zero=0.100000
cascade_output_stagnation_epochs=12
cascade_candidate_change_fraction=0.010000
cascade_candidate_stagnation_epochs=12
cascade_max_out_epochs=150
cascade_min_out_epochs=50
cascade_max_cand_epochs=150
cascade_min_cand_epochs=50
cascade_num_candidate_groups=2
bit_fail_limit=3.49999994039535522461e-01
cascade_candidate_limit=1.00000000000000000000e+03
cascade_weight_multiplier=4.00000005960464477539e-01
cascade_activation_functions_count=10
cascade_activation_functions=3 5 7 8 10 11 14 15 16 17 
cascade_activation_steepnesses_count=4
cascade_activation_steepnesses=2.50000000000000000000e-01 5.00000000000000000000e-01 7.50000000000000000000e-01 1.00000000000000000000e+00 
layer_sizes=10 5 3 2 
scale_included=0
neurons (num_inputs, activation_function, activation_steepness)=(0, 0, 0.00000000000000000000e+00) (0, 0, 0.00000000000000000000e+00) (0, 0, 0.00000000000000000000e+00) (0, 0, 0.00000000000000000000e+00) (0, 0, 0.00000000000000000000e+00) (0, 0, 0.00000000000000000000e+00) (0, 0, 0.00000000000000000000e+00) (0, 0, 0.00000000000000000000e+00) (0, 0, 0.00000000000000000000e+00) (0, 0, 0.00000000000000000000e+00) (10, 3, 5.00000000000000000000e-01) (10, 3, 5.00000000000000000000e-01) (10, 3, 5.00000000000000000000e-01) (10, 3, 5.00000000000000000000e-01) (0, 3, 0.00000000000000000000e+00) (5, 3, 5.00000000000000000000e-01) (5, 3, 5.00000000000000000000e-01) (0, 3, 0.00000000000000000000e+00) (3, 3, 5.00000000000000000000e-01) (0, 3, 0.00000000000000000000e+00) 
connections (connected_to_neuron, weight)=(0, -3.82710576057434082031e+00) (1, 2.49572324752807617188e+00) (2, 3.00789260864257812500e+00) (3, -4.50132989883422851562e+00) (4, -3.12398493289947509766e-01) (5, 6.35900795459747314453e-01) (6, 2.49304842948913574219e+00) (7, -5.98050594329833984375e+00) (8, 8.11828553676605224609e-01) (9, 1.02911472320556640625e+00) (0, -5.35455656051635742188e+00) (1, 6.42359113693237304688e+00) (2, 4.12916302680969238281e-01) (3, -4.17829418182373046875e+00) (4, 4.47574406862258911133e-02) (5, 1.25944185256958007812e+00) (6, -9.20179784297943115234e-01) (7, -5.18509960174560546875e+00) (8, 2.94792234897613525391e-01) (9, 8.34049433469772338867e-02) (0, -2.84363436698913574219e+00) (1, 1.67060625553131103516e+00) (2, -4.32625160217285156250e+01) (3, 3.28150957822799682617e-01) (4, 1.08746755123138427734e+00) (5, -4.48450058698654174805e-01) (6, 4.29656867980957031250e+01) (7, 4.78184968233108520508e-01) (8, 3.32658976316452026367e-01) (9, 6.99636459350585937500e-01) (0, -2.78768134117126464844e+00) (1, 2.05235099792480468750e+00) (2, -4.38730392456054687500e+01) (3, 5.44921383261680603027e-02) (4, 8.17274272441864013672e-01) (5, -6.06017112731933593750e-01) (6, 4.30627326965332031250e+01) (7, 2.82392084598541259766e-01) (8, 7.39016234874725341797e-01) (9, 7.41581737995147705078e-01) (10, 6.36058616638183593750e+00) (11, 3.76156735420227050781e+00) (12, 4.75101661682128906250e+00) (13, 4.73731231689453125000e+00) (14, -3.62948083877563476562e+00) (10, 4.17280197143554687500e+00) (11, 4.26915454864501953125e+00) (12, 2.14261031150817871094e+00) (13, 2.25590801239013671875e+00) (14, -1.17624461650848388672e+00) (15, 4.71716284751892089844e-01) (16, 3.32101911306381225586e-01) (17, 7.47022330760955810547e-02) 
