FANN_FLO_2.1
num_layers=3
learning_rate=0.400000
connection_rate=1.000000
network_type=0
learning_momentum=0.000000
training_algorithm=2
train_error_function=1
train_stop_function=0
cascade_output_change_fraction=0.010000
quickprop_decay=-0.000100
quickprop_mu=1.750000
rprop_increase_factor=1.200000
rprop_decrease_factor=0.500000
rprop_delta_min=0.000000
rprop_delta_max=50.000000
rprop_delta_zero=0.100000
cascade_output_stagnation_epochs=12
cascade_candidate_change_fraction=0.010000
cascade_candidate_stagnation_epochs=12
cascade_max_out_epochs=150
cascade_min_out_epochs=50
cascade_max_cand_epochs=150
cascade_min_cand_epochs=50
cascade_num_candidate_groups=2
bit_fail_limit=3.49999994039535522461e-01
cascade_candidate_limit=1.00000000000000000000e+03
cascade_weight_multiplier=4.00000005960464477539e-01
cascade_activation_functions_count=10
cascade_activation_functions=3 5 7 8 10 11 14 15 16 17 
cascade_activation_steepnesses_count=4
cascade_activation_steepnesses=2.50000000000000000000e-01 5.00000000000000000000e-01 7.50000000000000000000e-01 1.00000000000000000000e+00 
layer_sizes=7 9 2 
scale_included=0
neurons (num_inputs, activation_function, activation_steepness)=(0, 0, 0.00000000000000000000e+00) (0, 0, 0.00000000000000000000e+00) (0, 0, 0.00000000000000000000e+00) (0, 0, 0.00000000000000000000e+00) (0, 0, 0.00000000000000000000e+00) (0, 0, 0.00000000000000000000e+00) (0, 0, 0.00000000000000000000e+00) (7, 3, 5.00000000000000000000e-01) (7, 3, 5.00000000000000000000e-01) (7, 3, 5.00000000000000000000e-01) (7, 3, 5.00000000000000000000e-01) (7, 3, 5.00000000000000000000e-01) (7, 3, 5.00000000000000000000e-01) (7, 3, 5.00000000000000000000e-01) (7, 3, 5.00000000000000000000e-01) (0, 3, 0.00000000000000000000e+00) (9, 3, 5.00000000000000000000e-01) (0, 3, 0.00000000000000000000e+00) 
connections (connected_to_neuron, weight)=(0, -1.13411731719970703125e+01) (1, 1.11863660812377929688e+01) (2, -4.62507343292236328125e+00) (3, -2.59308910369873046875e+00) (4, -3.63264322280883789062e-01) (5, -4.86492395401000976562e+00) (6, -2.50450402498245239258e-01) (0, 2.52563781738281250000e+01) (1, -1.79297676086425781250e+01) (2, 7.61761951446533203125e+00) (3, 3.96611747741699218750e+01) (4, 6.54975843429565429688e+00) (5, -4.68534803390502929688e+00) (6, -4.86160850524902343750e+00) (0, -3.34430503845214843750e+00) (1, -7.25303983688354492188e+00) (2, 1.66458530426025390625e+01) (3, -1.04240737855434417725e-01) (4, 4.14313554763793945312e+00) (5, 4.61477375030517578125e+00) (6, -2.53834056854248046875e+00) (0, -8.58633232116699218750e+00) (1, 7.84013032913208007812e-01) (2, -1.68474149703979492188e+00) (3, 1.09515249729156494141e+00) (4, -3.39500236511230468750e+00) (5, 4.08134126663208007812e+00) (6, 7.34037923812866210938e+00) (0, 1.96930618286132812500e+01) (1, -2.20940742492675781250e+01) (2, 3.31009674072265625000e+00) (3, -2.46655607223510742188e+00) (4, -1.66122674942016601562e+00) (5, -4.87084484100341796875e+00) (6, 7.01888847351074218750e+00) (0, -1.47133195400238037109e+00) (1, -2.00141787528991699219e-01) (2, 8.36511993408203125000e+00) (3, -4.80106019973754882812e+00) (4, -1.34233665466308593750e+00) (5, 7.87836074829101562500e+00) (6, -1.74856710433959960938e+00) (0, 6.80270051956176757812e+00) (1, -6.82238578796386718750e+00) (2, -1.74662852287292480469e+00) (3, -8.03153800964355468750e+00) (4, 1.18978166580200195312e+00) (5, 5.31443643569946289062e+00) (6, -6.53571653366088867188e+00) (0, 7.24539661407470703125e+00) (1, -5.66103410720825195312e+00) (2, -6.27546577453613281250e+01) (3, 2.85965061187744140625e+01) (4, -9.43718948364257812500e+01) (5, 6.69466733932495117188e+00) (6, 3.67728304862976074219e+00) (7, -7.85460615158081054688e+00) (8, -8.70535910129547119141e-01) (9, -3.88374209403991699219e-01) (10, -7.47305095195770263672e-01) (11, -2.35167002677917480469e+00) (12, -2.57995605468750000000e+00) (13, -8.60442829132080078125e+00) (14, -2.56256222724914550781e-01) (15, 2.29417777061462402344e+00) 
