FANN_FLO_2.1
num_layers=3
learning_rate=0.400000
connection_rate=1.000000
network_type=0
learning_momentum=0.000000
training_algorithm=2
train_error_function=1
train_stop_function=0
cascade_output_change_fraction=0.010000
quickprop_decay=-0.000100
quickprop_mu=1.750000
rprop_increase_factor=1.200000
rprop_decrease_factor=0.500000
rprop_delta_min=0.000000
rprop_delta_max=50.000000
rprop_delta_zero=0.100000
cascade_output_stagnation_epochs=12
cascade_candidate_change_fraction=0.010000
cascade_candidate_stagnation_epochs=12
cascade_max_out_epochs=150
cascade_min_out_epochs=50
cascade_max_cand_epochs=150
cascade_min_cand_epochs=50
cascade_num_candidate_groups=2
bit_fail_limit=3.49999994039535522461e-01
cascade_candidate_limit=1.00000000000000000000e+03
cascade_weight_multiplier=4.00000005960464477539e-01
cascade_activation_functions_count=10
cascade_activation_functions=3 5 7 8 10 11 14 15 16 17 
cascade_activation_steepnesses_count=4
cascade_activation_steepnesses=2.50000000000000000000e-01 5.00000000000000000000e-01 7.50000000000000000000e-01 1.00000000000000000000e+00 
layer_sizes=7 5 2 
scale_included=0
neurons (num_inputs, activation_function, activation_steepness)=(0, 0, 0.00000000000000000000e+00) (0, 0, 0.00000000000000000000e+00) (0, 0, 0.00000000000000000000e+00) (0, 0, 0.00000000000000000000e+00) (0, 0, 0.00000000000000000000e+00) (0, 0, 0.00000000000000000000e+00) (0, 0, 0.00000000000000000000e+00) (7, 3, 5.00000000000000000000e-01) (7, 3, 5.00000000000000000000e-01) (7, 3, 5.00000000000000000000e-01) (7, 3, 5.00000000000000000000e-01) (0, 3, 0.00000000000000000000e+00) (5, 3, 5.00000000000000000000e-01) (0, 3, 0.00000000000000000000e+00) 
connections (connected_to_neuron, weight)=(0, -3.41852784156799316406e+00) (1, -3.74986076354980468750e+00) (2, -2.27812385559082031250e+00) (3, 3.70137000083923339844e+00) (4, 1.06693196296691894531e+00) (5, 8.44359219074249267578e-01) (6, -2.27919554710388183594e+00) (0, 2.08595776557922363281e+00) (1, -3.37288808822631835938e+00) (2, -3.67684936523437500000e+00) (3, -1.08314685821533203125e+01) (4, 1.92971134185791015625e+01) (5, -3.71197795867919921875e+00) (6, -2.55141645669937133789e-01) (0, -8.09413194656372070312e-01) (1, -2.28839421272277832031e+00) (2, 4.06657791137695312500e+00) (3, 9.92982292175292968750e+00) (4, -1.12047040462493896484e+00) (5, -7.06737756729125976562e-01) (6, -7.45992469787597656250e+00) (0, 1.47241020202636718750e+00) (1, -1.94692504405975341797e+00) (2, -3.19784426689147949219e+00) (3, 1.58532845973968505859e+00) (4, -1.02171635627746582031e+00) (5, 7.53778123855590820312e+00) (6, -4.12523698806762695312e+00) (7, 4.38030099868774414062e+00) (8, 1.91718542575836181641e+00) (9, 1.33530914783477783203e+00) (10, 1.64599990844726562500e+00) (11, -2.28288578987121582031e+00) 
