FANN_FLO_2.1
num_layers=3
learning_rate=0.500000
connection_rate=1.000000
network_type=0
learning_momentum=0.000000
training_algorithm=2
train_error_function=1
train_stop_function=0
cascade_output_change_fraction=0.010000
quickprop_decay=-0.000100
quickprop_mu=1.750000
rprop_increase_factor=1.200000
rprop_decrease_factor=0.500000
rprop_delta_min=0.000000
rprop_delta_max=50.000000
rprop_delta_zero=0.100000
cascade_output_stagnation_epochs=12
cascade_candidate_change_fraction=0.010000
cascade_candidate_stagnation_epochs=12
cascade_max_out_epochs=150
cascade_min_out_epochs=50
cascade_max_cand_epochs=150
cascade_min_cand_epochs=50
cascade_num_candidate_groups=2
bit_fail_limit=3.49999994039535522461e-01
cascade_candidate_limit=1.00000000000000000000e+03
cascade_weight_multiplier=4.00000005960464477539e-01
cascade_activation_functions_count=10
cascade_activation_functions=3 5 7 8 10 11 14 15 16 17 
cascade_activation_steepnesses_count=4
cascade_activation_steepnesses=2.50000000000000000000e-01 5.00000000000000000000e-01 7.50000000000000000000e-01 1.00000000000000000000e+00 
layer_sizes=10 5 2 
scale_included=0
neurons (num_inputs, activation_function, activation_steepness)=(0, 0, 0.00000000000000000000e+00) (0, 0, 0.00000000000000000000e+00) (0, 0, 0.00000000000000000000e+00) (0, 0, 0.00000000000000000000e+00) (0, 0, 0.00000000000000000000e+00) (0, 0, 0.00000000000000000000e+00) (0, 0, 0.00000000000000000000e+00) (0, 0, 0.00000000000000000000e+00) (0, 0, 0.00000000000000000000e+00) (0, 0, 0.00000000000000000000e+00) (10, 3, 5.00000000000000000000e-01) (10, 3, 5.00000000000000000000e-01) (10, 3, 5.00000000000000000000e-01) (10, 3, 5.00000000000000000000e-01) (0, 3, 0.00000000000000000000e+00) (5, 3, 5.00000000000000000000e-01) (0, 3, 0.00000000000000000000e+00) 
connections (connected_to_neuron, weight)=(0, 7.31611108779907226562e+00) (1, 9.18437540531158447266e-01) (2, 6.14487230777740478516e-02) (3, 7.69055938720703125000e+00) (4, -5.65063285827636718750e+00) (5, -1.18729507923126220703e+00) (6, -1.02551746368408203125e+01) (7, 4.45100478827953338623e-03) (8, -1.59839403629302978516e+00) (9, 6.06494605541229248047e-01) (0, 4.11171436309814453125e-01) (1, 6.53583347797393798828e-01) (2, -2.26672506332397460938e+00) (3, 2.17232012748718261719e+00) (4, -1.68216857910156250000e+01) (5, -3.95984351634979248047e-01) (6, 7.41201114654541015625e+00) (7, 1.60593700408935546875e+00) (8, -1.71419829130172729492e-01) (9, 5.37028729915618896484e-01) (0, -3.54311752319335937500e+00) (1, 6.86422169208526611328e-01) (2, 2.47637701034545898438e+00) (3, -3.36114907264709472656e+00) (4, -2.52250242233276367188e+00) (5, -4.17744517326354980469e-01) (6, 1.94332647323608398438e+00) (7, -3.99861723184585571289e-01) (8, -4.34893965721130371094e-01) (9, -1.11869716644287109375e+00) (0, -7.73542356491088867188e+00) (1, 3.54201316833496093750e+00) (2, -3.24160194396972656250e+00) (3, -3.33951091766357421875e+00) (4, -2.02662634849548339844e+00) (5, -5.28807044029235839844e-01) (6, 3.63835358619689941406e+00) (7, 3.44685387611389160156e+00) (8, 2.46392786502838134766e-01) (9, 5.51210999488830566406e-01) (10, 3.54154157638549804688e+00) (11, 3.58292007446289062500e+00) (12, 9.24713492393493652344e-01) (13, 4.37295436859130859375e+00) (14, -2.83602380752563476562e+00) 
