FANN_FLO_2.1
num_layers=4
learning_rate=0.400000
connection_rate=1.000000
network_type=0
learning_momentum=0.000000
training_algorithm=2
train_error_function=1
train_stop_function=0
cascade_output_change_fraction=0.010000
quickprop_decay=-0.000100
quickprop_mu=1.750000
rprop_increase_factor=1.200000
rprop_decrease_factor=0.500000
rprop_delta_min=0.000000
rprop_delta_max=50.000000
rprop_delta_zero=0.100000
cascade_output_stagnation_epochs=12
cascade_candidate_change_fraction=0.010000
cascade_candidate_stagnation_epochs=12
cascade_max_out_epochs=150
cascade_min_out_epochs=50
cascade_max_cand_epochs=150
cascade_min_cand_epochs=50
cascade_num_candidate_groups=2
bit_fail_limit=3.49999994039535522461e-01
cascade_candidate_limit=1.00000000000000000000e+03
cascade_weight_multiplier=4.00000005960464477539e-01
cascade_activation_functions_count=10
cascade_activation_functions=3 5 7 8 10 11 14 15 16 17 
cascade_activation_steepnesses_count=4
cascade_activation_steepnesses=2.50000000000000000000e-01 5.00000000000000000000e-01 7.50000000000000000000e-01 1.00000000000000000000e+00 
layer_sizes=7 3 3 2 
scale_included=0
neurons (num_inputs, activation_function, activation_steepness)=(0, 0, 0.00000000000000000000e+00) (0, 0, 0.00000000000000000000e+00) (0, 0, 0.00000000000000000000e+00) (0, 0, 0.00000000000000000000e+00) (0, 0, 0.00000000000000000000e+00) (0, 0, 0.00000000000000000000e+00) (0, 0, 0.00000000000000000000e+00) (7, 3, 5.00000000000000000000e-01) (7, 3, 5.00000000000000000000e-01) (0, 3, 0.00000000000000000000e+00) (3, 3, 5.00000000000000000000e-01) (3, 3, 5.00000000000000000000e-01) (0, 3, 0.00000000000000000000e+00) (3, 3, 5.00000000000000000000e-01) (0, 3, 0.00000000000000000000e+00) 
connections (connected_to_neuron, weight)=(0, -6.33378267288208007812e+00) (1, -5.35030221939086914062e+00) (2, -5.71733703613281250000e+01) (3, 5.79714870452880859375e+00) (4, 6.98183298110961914062e-01) (5, -8.33820700645446777344e-01) (6, 6.12214851379394531250e+00) (0, -2.72783112525939941406e+00) (1, 5.62303924560546875000e+00) (2, 2.64708557128906250000e+01) (3, -8.47145938873291015625e+00) (4, -4.67937898635864257812e+00) (5, 1.04354190826416015625e+00) (6, 2.89804482460021972656e+00) (7, 2.18232192993164062500e+01) (8, 8.50774860382080078125e+00) (9, -5.05907964706420898438e+00) (7, 2.05826830863952636719e+00) (8, 3.94851875305175781250e+00) (9, -4.08332681655883789062e+00) (10, -1.04188728332519531250e+00) (11, -2.05407857894897460938e+00) (12, -1.11054348945617675781e+00) 
