FANN_FLO_2.1
num_layers=3
learning_rate=0.400000
connection_rate=1.000000
network_type=0
learning_momentum=0.000000
training_algorithm=2
train_error_function=1
train_stop_function=0
cascade_output_change_fraction=0.010000
quickprop_decay=-0.000100
quickprop_mu=1.750000
rprop_increase_factor=1.200000
rprop_decrease_factor=0.500000
rprop_delta_min=0.000000
rprop_delta_max=50.000000
rprop_delta_zero=0.100000
cascade_output_stagnation_epochs=12
cascade_candidate_change_fraction=0.010000
cascade_candidate_stagnation_epochs=12
cascade_max_out_epochs=150
cascade_min_out_epochs=50
cascade_max_cand_epochs=150
cascade_min_cand_epochs=50
cascade_num_candidate_groups=2
bit_fail_limit=3.49999994039535522461e-01
cascade_candidate_limit=1.00000000000000000000e+03
cascade_weight_multiplier=4.00000005960464477539e-01
cascade_activation_functions_count=10
cascade_activation_functions=3 5 7 8 10 11 14 15 16 17 
cascade_activation_steepnesses_count=4
cascade_activation_steepnesses=2.50000000000000000000e-01 5.00000000000000000000e-01 7.50000000000000000000e-01 1.00000000000000000000e+00 
layer_sizes=19 3 3 
scale_included=0
neurons (num_inputs, activation_function, activation_steepness)=(0, 0, 0.00000000000000000000e+00) (0, 0, 0.00000000000000000000e+00) (0, 0, 0.00000000000000000000e+00) (0, 0, 0.00000000000000000000e+00) (0, 0, 0.00000000000000000000e+00) (0, 0, 0.00000000000000000000e+00) (0, 0, 0.00000000000000000000e+00) (0, 0, 0.00000000000000000000e+00) (0, 0, 0.00000000000000000000e+00) (0, 0, 0.00000000000000000000e+00) (0, 0, 0.00000000000000000000e+00) (0, 0, 0.00000000000000000000e+00) (0, 0, 0.00000000000000000000e+00) (0, 0, 0.00000000000000000000e+00) (0, 0, 0.00000000000000000000e+00) (0, 0, 0.00000000000000000000e+00) (0, 0, 0.00000000000000000000e+00) (0, 0, 0.00000000000000000000e+00) (0, 0, 0.00000000000000000000e+00) (19, 3, 5.00000000000000000000e-01) (19, 3, 5.00000000000000000000e-01) (0, 3, 0.00000000000000000000e+00) (3, 3, 5.00000000000000000000e-01) (3, 3, 5.00000000000000000000e-01) (0, 3, 0.00000000000000000000e+00) 
connections (connected_to_neuron, weight)=(0, 1.86349153518676757812e+00) (1, -1.95005548000335693359e+00) (2, 5.90565633773803710938e+00) (3, 1.03763568401336669922e+00) (4, -6.28334808349609375000e+00) (5, 5.36719846725463867188e+00) (6, -6.71138688921928405762e-02) (7, -3.64327263832092285156e+00) (8, 3.12627077102661132812e+00) (9, -2.39597812294960021973e-01) (10, 2.88779377937316894531e+00) (11, -1.91096568107604980469e+00) (12, -1.61773562431335449219e+00) (13, 1.59570968151092529297e+00) (14, -5.94516515731811523438e+00) (15, -1.39520180225372314453e+00) (16, 5.59654283523559570312e+00) (17, -6.61009550094604492188e+00) (18, -2.49864125251770019531e+00) (0, -3.43429636955261230469e+00) (1, -1.14006996154785156250e+00) (2, -1.20636072158813476562e+01) (3, -4.23976182937622070312e+00) (4, 1.67440547943115234375e+01) (5, -1.28490877151489257812e+01) (6, -1.11462378501892089844e+00) (7, 4.49327135086059570312e+00) (8, -1.73441970348358154297e+00) (9, -6.08352708816528320312e+00) (10, -7.90858805179595947266e-01) (11, 2.64122676849365234375e+00) (12, 2.95013952255249023438e+00) (13, 3.75927567481994628906e+00) (14, 1.40466060638427734375e+01) (15, 1.01496877670288085938e+01) (16, -2.07927455902099609375e+01) (17, 1.87411193847656250000e+01) (18, -2.99803819507360458374e-02) (19, -1.97325468063354492188e+00) (20, -1.35331606864929199219e+00) (21, 7.61896848678588867188e-01) (19, 1.97355210781097412109e+00) (20, 1.35336506366729736328e+00) (21, -7.61314868927001953125e-01) 
