FANN_FLO_2.1
num_layers=3
learning_rate=0.400000
connection_rate=1.000000
network_type=0
learning_momentum=0.000000
training_algorithm=2
train_error_function=1
train_stop_function=0
cascade_output_change_fraction=0.010000
quickprop_decay=-0.000100
quickprop_mu=1.750000
rprop_increase_factor=1.200000
rprop_decrease_factor=0.500000
rprop_delta_min=0.000000
rprop_delta_max=50.000000
rprop_delta_zero=0.100000
cascade_output_stagnation_epochs=12
cascade_candidate_change_fraction=0.010000
cascade_candidate_stagnation_epochs=12
cascade_max_out_epochs=150
cascade_min_out_epochs=50
cascade_max_cand_epochs=150
cascade_min_cand_epochs=50
cascade_num_candidate_groups=2
bit_fail_limit=3.49999994039535522461e-01
cascade_candidate_limit=1.00000000000000000000e+03
cascade_weight_multiplier=4.00000005960464477539e-01
cascade_activation_functions_count=10
cascade_activation_functions=3 5 7 8 10 11 14 15 16 17 
cascade_activation_steepnesses_count=4
cascade_activation_steepnesses=2.50000000000000000000e-01 5.00000000000000000000e-01 7.50000000000000000000e-01 1.00000000000000000000e+00 
layer_sizes=7 5 2 
scale_included=0
neurons (num_inputs, activation_function, activation_steepness)=(0, 0, 0.00000000000000000000e+00) (0, 0, 0.00000000000000000000e+00) (0, 0, 0.00000000000000000000e+00) (0, 0, 0.00000000000000000000e+00) (0, 0, 0.00000000000000000000e+00) (0, 0, 0.00000000000000000000e+00) (0, 0, 0.00000000000000000000e+00) (7, 3, 5.00000000000000000000e-01) (7, 3, 5.00000000000000000000e-01) (7, 3, 5.00000000000000000000e-01) (7, 3, 5.00000000000000000000e-01) (0, 3, 0.00000000000000000000e+00) (5, 3, 5.00000000000000000000e-01) (0, 3, 0.00000000000000000000e+00) 
connections (connected_to_neuron, weight)=(0, -5.05283784866333007812e+00) (1, -6.43369531631469726562e+00) (2, -1.10312433242797851562e+01) (3, -5.55525732040405273438e+00) (4, 9.63655757904052734375e+00) (5, 1.46789157390594482422e+00) (6, 1.52992057800292968750e+00) (0, 1.20843639373779296875e+01) (1, -1.24910192489624023438e+01) (2, 4.96842718124389648438e+00) (3, -1.68240523338317871094e+00) (4, -5.12490630149841308594e-01) (5, -5.29887056350708007812e+00) (6, 6.02164649963378906250e+00) (0, -9.38902473449707031250e+00) (1, 8.20170116424560546875e+00) (2, -2.40136575698852539062e+00) (3, -1.25928699970245361328e+00) (4, -1.18642640113830566406e+00) (5, 3.05043578147888183594e+00) (6, 1.23869967460632324219e+00) (0, -2.86360055208206176758e-01) (1, 2.11335062980651855469e+00) (2, -5.35580776631832122803e-02) (3, -2.25353240966796875000e+00) (4, -2.91597723960876464844e+00) (5, 1.16552925109863281250e+00) (6, 1.54847252368927001953e+00) (7, -7.11715519428253173828e-01) (8, -4.25965929031372070312e+00) (9, -4.33212518692016601562e+00) (10, -6.56697690486907958984e-01) (11, 3.65382814407348632812e+00) 
