FANN_FLO_2.1
num_layers=4
learning_rate=0.500000
connection_rate=1.000000
network_type=0
learning_momentum=0.000000
training_algorithm=2
train_error_function=1
train_stop_function=0
cascade_output_change_fraction=0.010000
quickprop_decay=-0.000100
quickprop_mu=1.750000
rprop_increase_factor=1.200000
rprop_decrease_factor=0.500000
rprop_delta_min=0.000000
rprop_delta_max=50.000000
rprop_delta_zero=0.100000
cascade_output_stagnation_epochs=12
cascade_candidate_change_fraction=0.010000
cascade_candidate_stagnation_epochs=12
cascade_max_out_epochs=150
cascade_min_out_epochs=50
cascade_max_cand_epochs=150
cascade_min_cand_epochs=50
cascade_num_candidate_groups=2
bit_fail_limit=3.49999994039535522461e-01
cascade_candidate_limit=1.00000000000000000000e+03
cascade_weight_multiplier=4.00000005960464477539e-01
cascade_activation_functions_count=10
cascade_activation_functions=3 5 7 8 10 11 14 15 16 17 
cascade_activation_steepnesses_count=4
cascade_activation_steepnesses=2.50000000000000000000e-01 5.00000000000000000000e-01 7.50000000000000000000e-01 1.00000000000000000000e+00 
layer_sizes=10 3 3 2 
scale_included=0
neurons (num_inputs, activation_function, activation_steepness)=(0, 0, 0.00000000000000000000e+00) (0, 0, 0.00000000000000000000e+00) (0, 0, 0.00000000000000000000e+00) (0, 0, 0.00000000000000000000e+00) (0, 0, 0.00000000000000000000e+00) (0, 0, 0.00000000000000000000e+00) (0, 0, 0.00000000000000000000e+00) (0, 0, 0.00000000000000000000e+00) (0, 0, 0.00000000000000000000e+00) (0, 0, 0.00000000000000000000e+00) (10, 3, 5.00000000000000000000e-01) (10, 3, 5.00000000000000000000e-01) (0, 3, 0.00000000000000000000e+00) (3, 3, 5.00000000000000000000e-01) (3, 3, 5.00000000000000000000e-01) (0, 3, 0.00000000000000000000e+00) (3, 3, 5.00000000000000000000e-01) (0, 3, 0.00000000000000000000e+00) 
connections (connected_to_neuron, weight)=(0, 3.21186141967773437500e+01) (1, -4.56864213943481445312e+00) (2, -2.72691273689270019531e+00) (3, -1.75256323814392089844e+00) (4, -3.95003395080566406250e+01) (5, -1.31832866668701171875e+01) (6, 3.87042388916015625000e+01) (7, 1.92525672912597656250e+01) (8, -4.25479412078857421875e+00) (9, 4.36184763908386230469e-01) (0, 2.94068241119384765625e+01) (1, 4.79434108734130859375e+00) (2, 1.74417934417724609375e+01) (3, -6.18743705749511718750e+00) (4, -7.68117370605468750000e+01) (5, -1.29592580795288085938e+01) (6, 1.03065071105957031250e+02) (7, -1.07789182662963867188e+01) (8, -3.26976799964904785156e+00) (9, 5.40436935424804687500e+00) (10, 3.41285820007324218750e+01) (11, -1.70559940338134765625e+01) (12, -1.02957048416137695312e+01) (10, 3.43163719177246093750e+01) (11, -1.69059638977050781250e+01) (12, -1.05488252639770507812e+01) (13, -8.97736191749572753906e-01) (14, -9.00568664073944091797e-01) (15, 8.82541716098785400391e-01) 
