FANN_FLO_2.1
num_layers=4
learning_rate=0.500000
connection_rate=1.000000
network_type=0
learning_momentum=0.000000
training_algorithm=2
train_error_function=1
train_stop_function=0
cascade_output_change_fraction=0.010000
quickprop_decay=-0.000100
quickprop_mu=1.750000
rprop_increase_factor=1.200000
rprop_decrease_factor=0.500000
rprop_delta_min=0.000000
rprop_delta_max=50.000000
rprop_delta_zero=0.100000
cascade_output_stagnation_epochs=12
cascade_candidate_change_fraction=0.010000
cascade_candidate_stagnation_epochs=12
cascade_max_out_epochs=150
cascade_min_out_epochs=50
cascade_max_cand_epochs=150
cascade_min_cand_epochs=50
cascade_num_candidate_groups=2
bit_fail_limit=3.49999994039535522461e-01
cascade_candidate_limit=1.00000000000000000000e+03
cascade_weight_multiplier=4.00000005960464477539e-01
cascade_activation_functions_count=10
cascade_activation_functions=3 5 7 8 10 11 14 15 16 17 
cascade_activation_steepnesses_count=4
cascade_activation_steepnesses=2.50000000000000000000e-01 5.00000000000000000000e-01 7.50000000000000000000e-01 1.00000000000000000000e+00 
layer_sizes=2 5 5 3 
scale_included=0
neurons (num_inputs, activation_function, activation_steepness)=(0, 0, 0.00000000000000000000e+00) (0, 0, 0.00000000000000000000e+00) (2, 3, 5.00000000000000000000e-01) (2, 3, 5.00000000000000000000e-01) (2, 3, 5.00000000000000000000e-01) (2, 3, 5.00000000000000000000e-01) (0, 3, 0.00000000000000000000e+00) (5, 3, 5.00000000000000000000e-01) (5, 3, 5.00000000000000000000e-01) (5, 3, 5.00000000000000000000e-01) (5, 3, 5.00000000000000000000e-01) (0, 3, 0.00000000000000000000e+00) (5, 0, 5.00000000000000000000e-01) (5, 0, 5.00000000000000000000e-01) (0, 0, 0.00000000000000000000e+00) 
connections (connected_to_neuron, weight)=(0, -1.43521804809570312500e+01) (1, 1.69801521301269531250e+00) (0, -1.50950498580932617188e+01) (1, 9.78712856769561767578e-01) (0, -5.51873445510864257812e+00) (1, 1.00559425354003906250e+00) (0, -1.71056404113769531250e+01) (1, 3.77071917057037353516e-01) (2, 6.82915067672729492188e+00) (3, 5.32090663909912109375e+00) (4, 2.17560553550720214844e+00) (5, 4.92053651809692382812e+00) (6, -2.61075210571289062500e+00) (2, 9.55438804626464843750e+00) (3, 1.54328763484954833984e+00) (4, -2.20238000154495239258e-01) (5, 2.85134429931640625000e+02) (6, -2.10412526130676269531e+00) (2, -5.98748588562011718750e+00) (3, 4.37633961439132690430e-01) (4, 5.50497245788574218750e+00) (5, -1.13424849510192871094e+00) (6, 4.38340485095977783203e-01) (2, 9.46065139770507812500e+00) (3, -2.57241897583007812500e+01) (4, -1.25151166915893554688e+01) (5, 2.59971084594726562500e+01) (6, 2.25793719291687011719e+00) (7, 3.78825336694717407227e-01) (8, 2.32825607061386108398e-01) (9, -2.80787444114685058594e+00) (10, 3.62397074699401855469e+00) (11, -1.90995261073112487793e-01) (7, 1.54000771045684814453e+00) (8, 7.39533543586730957031e-01) (9, -1.91878628730773925781e+00) (10, -2.22313213348388671875e+00) (11, 4.76691395044326782227e-01) 
