FANN_FLO_2.1
num_layers=3
learning_rate=0.500000
connection_rate=1.000000
network_type=0
learning_momentum=0.000000
training_algorithm=2
train_error_function=1
train_stop_function=0
cascade_output_change_fraction=0.010000
quickprop_decay=-0.000100
quickprop_mu=1.750000
rprop_increase_factor=1.200000
rprop_decrease_factor=0.500000
rprop_delta_min=0.000000
rprop_delta_max=50.000000
rprop_delta_zero=0.100000
cascade_output_stagnation_epochs=12
cascade_candidate_change_fraction=0.010000
cascade_candidate_stagnation_epochs=12
cascade_max_out_epochs=150
cascade_min_out_epochs=50
cascade_max_cand_epochs=150
cascade_min_cand_epochs=50
cascade_num_candidate_groups=2
bit_fail_limit=3.49999994039535522461e-01
cascade_candidate_limit=1.00000000000000000000e+03
cascade_weight_multiplier=4.00000005960464477539e-01
cascade_activation_functions_count=10
cascade_activation_functions=3 5 7 8 10 11 14 15 16 17 
cascade_activation_steepnesses_count=4
cascade_activation_steepnesses=2.50000000000000000000e-01 5.00000000000000000000e-01 7.50000000000000000000e-01 1.00000000000000000000e+00 
layer_sizes=10 3 2 
scale_included=0
neurons (num_inputs, activation_function, activation_steepness)=(0, 0, 0.00000000000000000000e+00) (0, 0, 0.00000000000000000000e+00) (0, 0, 0.00000000000000000000e+00) (0, 0, 0.00000000000000000000e+00) (0, 0, 0.00000000000000000000e+00) (0, 0, 0.00000000000000000000e+00) (0, 0, 0.00000000000000000000e+00) (0, 0, 0.00000000000000000000e+00) (0, 0, 0.00000000000000000000e+00) (0, 0, 0.00000000000000000000e+00) (10, 3, 5.00000000000000000000e-01) (10, 3, 5.00000000000000000000e-01) (0, 3, 0.00000000000000000000e+00) (3, 3, 5.00000000000000000000e-01) (0, 3, 0.00000000000000000000e+00) 
connections (connected_to_neuron, weight)=(0, -1.67639160156250000000e+01) (1, -6.86844214797019958496e-02) (2, 6.60759544372558593750e+00) (3, 5.63969755172729492188e+00) (4, 2.42510700225830078125e+01) (5, 1.32021703720092773438e+01) (6, -1.29836463928222656250e+01) (7, -2.88064556121826171875e+01) (8, 8.83382987976074218750e+00) (9, -1.15765058994293212891e+00) (0, 4.99868750572204589844e-01) (1, -9.76139545440673828125e+00) (2, 1.62719421386718750000e+01) (3, -2.84419965744018554688e+00) (4, -2.61575651168823242188e+00) (5, -9.11318874359130859375e+00) (6, 4.22234344482421875000e+01) (7, -2.69358024597167968750e+01) (8, -8.86284065246582031250e+00) (9, -2.53933024406433105469e+00) (10, 3.27021193504333496094e+00) (11, 3.30252838134765625000e+00) (12, -2.40811347961425781250e+00) 
