FANN_FLO_2.1
num_layers=4
learning_rate=0.500000
connection_rate=1.000000
network_type=0
learning_momentum=0.000000
training_algorithm=2
train_error_function=1
train_stop_function=0
cascade_output_change_fraction=0.010000
quickprop_decay=-0.000100
quickprop_mu=1.750000
rprop_increase_factor=1.200000
rprop_decrease_factor=0.500000
rprop_delta_min=0.000000
rprop_delta_max=50.000000
rprop_delta_zero=0.100000
cascade_output_stagnation_epochs=12
cascade_candidate_change_fraction=0.010000
cascade_candidate_stagnation_epochs=12
cascade_max_out_epochs=150
cascade_min_out_epochs=50
cascade_max_cand_epochs=150
cascade_min_cand_epochs=50
cascade_num_candidate_groups=2
bit_fail_limit=3.49999994039535522461e-01
cascade_candidate_limit=1.00000000000000000000e+03
cascade_weight_multiplier=4.00000005960464477539e-01
cascade_activation_functions_count=10
cascade_activation_functions=3 5 7 8 10 11 14 15 16 17 
cascade_activation_steepnesses_count=4
cascade_activation_steepnesses=2.50000000000000000000e-01 5.00000000000000000000e-01 7.50000000000000000000e-01 1.00000000000000000000e+00 
layer_sizes=10 5 3 2 
scale_included=0
neurons (num_inputs, activation_function, activation_steepness)=(0, 0, 0.00000000000000000000e+00) (0, 0, 0.00000000000000000000e+00) (0, 0, 0.00000000000000000000e+00) (0, 0, 0.00000000000000000000e+00) (0, 0, 0.00000000000000000000e+00) (0, 0, 0.00000000000000000000e+00) (0, 0, 0.00000000000000000000e+00) (0, 0, 0.00000000000000000000e+00) (0, 0, 0.00000000000000000000e+00) (0, 0, 0.00000000000000000000e+00) (10, 3, 5.00000000000000000000e-01) (10, 3, 5.00000000000000000000e-01) (10, 3, 5.00000000000000000000e-01) (10, 3, 5.00000000000000000000e-01) (0, 3, 0.00000000000000000000e+00) (5, 3, 5.00000000000000000000e-01) (5, 3, 5.00000000000000000000e-01) (0, 3, 0.00000000000000000000e+00) (3, 3, 5.00000000000000000000e-01) (0, 3, 0.00000000000000000000e+00) 
connections (connected_to_neuron, weight)=(0, -1.69959509372711181641e+00) (1, 7.10572862625122070312e+00) (2, 1.97862982749938964844e+00) (3, -3.06186079978942871094e+00) (4, 1.52276480197906494141e+00) (5, 1.40164935588836669922e+00) (6, -3.21910572052001953125e+00) (7, -5.59255647659301757812e+00) (8, -4.66935491561889648438e+00) (9, 1.37399470806121826172e+00) (0, -5.45204997062683105469e-01) (1, 7.98903083801269531250e+00) (2, 1.01837790012359619141e+00) (3, -4.54352283477783203125e+00) (4, 1.14784646034240722656e+00) (5, 7.48440325260162353516e-01) (6, -4.79865980148315429688e+00) (7, -6.85022211074829101562e+00) (8, -1.20743036270141601562e+00) (9, 1.09929180145263671875e+00) (0, -1.25559651851654052734e+00) (1, 4.66940879821777343750e+00) (2, 1.44952762126922607422e+00) (3, -2.98632931709289550781e+00) (4, 1.27457833290100097656e+00) (5, 1.36532032489776611328e+00) (6, -3.11770105361938476562e+00) (7, -4.34875583648681640625e+00) (8, -2.43829226493835449219e+00) (9, 1.32953047752380371094e+00) (0, -6.35710811614990234375e+00) (1, 3.00585508346557617188e+00) (2, -8.61421298980712890625e+00) (3, -2.31024909019470214844e+00) (4, 1.97389364242553710938e+00) (5, 1.15572512149810791016e+00) (6, 1.58914768695831298828e+00) (7, -4.84337611123919487000e-03) (8, 1.82664418220520019531e+00) (9, 2.17209672927856445312e+00) (10, 2.06758141517639160156e+00) (11, 1.03753080368041992188e+01) (12, 2.57719612121582031250e+00) (13, 1.48208265304565429688e+01) (14, -3.57907867431640625000e+00) (10, 1.87715709209442138672e+00) (11, 1.08315401077270507812e+01) (12, 3.59618139266967773438e+00) (13, 1.30790519714355468750e+01) (14, -4.14396047592163085938e+00) (15, 7.00913369655609130859e-01) (16, 1.58880031108856201172e+00) (17, -1.41870939731597900391e+00) 
