FANN_FLO_2.1
num_layers=4
learning_rate=0.500000
connection_rate=1.000000
network_type=0
learning_momentum=0.000000
training_algorithm=2
train_error_function=1
train_stop_function=0
cascade_output_change_fraction=0.010000
quickprop_decay=-0.000100
quickprop_mu=1.750000
rprop_increase_factor=1.200000
rprop_decrease_factor=0.500000
rprop_delta_min=0.000000
rprop_delta_max=50.000000
rprop_delta_zero=0.100000
cascade_output_stagnation_epochs=12
cascade_candidate_change_fraction=0.010000
cascade_candidate_stagnation_epochs=12
cascade_max_out_epochs=150
cascade_min_out_epochs=50
cascade_max_cand_epochs=150
cascade_min_cand_epochs=50
cascade_num_candidate_groups=2
bit_fail_limit=3.49999994039535522461e-01
cascade_candidate_limit=1.00000000000000000000e+03
cascade_weight_multiplier=4.00000005960464477539e-01
cascade_activation_functions_count=10
cascade_activation_functions=3 5 7 8 10 11 14 15 16 17 
cascade_activation_steepnesses_count=4
cascade_activation_steepnesses=2.50000000000000000000e-01 5.00000000000000000000e-01 7.50000000000000000000e-01 1.00000000000000000000e+00 
layer_sizes=10 5 3 2 
scale_included=0
neurons (num_inputs, activation_function, activation_steepness)=(0, 0, 0.00000000000000000000e+00) (0, 0, 0.00000000000000000000e+00) (0, 0, 0.00000000000000000000e+00) (0, 0, 0.00000000000000000000e+00) (0, 0, 0.00000000000000000000e+00) (0, 0, 0.00000000000000000000e+00) (0, 0, 0.00000000000000000000e+00) (0, 0, 0.00000000000000000000e+00) (0, 0, 0.00000000000000000000e+00) (0, 0, 0.00000000000000000000e+00) (10, 3, 5.00000000000000000000e-01) (10, 3, 5.00000000000000000000e-01) (10, 3, 5.00000000000000000000e-01) (10, 3, 5.00000000000000000000e-01) (0, 3, 0.00000000000000000000e+00) (5, 3, 5.00000000000000000000e-01) (5, 3, 5.00000000000000000000e-01) (0, 3, 0.00000000000000000000e+00) (3, 3, 5.00000000000000000000e-01) (0, 3, 0.00000000000000000000e+00) 
connections (connected_to_neuron, weight)=(0, -1.21133689880371093750e+01) (1, 1.46194005012512207031e+00) (2, 3.57578544616699218750e+01) (3, -1.25541210174560546875e+01) (4, -2.45766887664794921875e+01) (5, -8.34231933593750000000e+02) (6, 8.43159973144531250000e+02) (7, -2.75853276252746582031e+00) (8, 1.45811660766601562500e+02) (9, -3.40529108047485351562e+00) (0, -1.57955139875411987305e-01) (1, -1.30977952480316162109e+00) (2, 3.97457885742187500000e+01) (3, -3.12573146820068359375e+01) (4, -6.80209457874298095703e-01) (5, -1.05895068359375000000e+03) (6, 3.17571601867675781250e+01) (7, -1.12531590461730957031e+00) (8, 1.08301855468750000000e+03) (9, -1.12745637893676757812e+01) (0, -2.14451866149902343750e+01) (1, -2.79564332962036132812e+00) (2, -1.27931079101562500000e+03) (3, 1.72832831740379333496e-01) (4, 1.42469620704650878906e+00) (5, -4.81162139892578125000e+02) (6, 1.02899902343750000000e+03) (7, -7.80603742599487304688e+00) (8, 1.06484106445312500000e+03) (9, -9.48546767234802246094e-01) (0, -2.36295150756835937500e+02) (1, -4.16654113769531250000e+02) (2, -1.72907440185546875000e+02) (3, 1.15189962387084960938e+01) (4, 2.51902313232421875000e+01) (5, 1.13829187011718750000e+03) (6, 7.23384948730468750000e+02) (7, -7.77017745971679687500e+01) (8, -7.67108032226562500000e+02) (9, -5.17690002918243408203e-01) (10, -1.50000000000000000000e+03) (11, 3.00703477859497070312e+00) (12, -1.58146047592163085938e+00) (13, -1.50000000000000000000e+03) (14, 7.15712368488311767578e-01) (10, -3.50384616851806640625e+00) (11, -7.50577545166015625000e+01) (12, 4.10872268676757812500e+00) (13, -2.56885738372802734375e+01) (14, 2.96808605194091796875e+01) (15, 2.20499658584594726562e+00) (16, 2.35167765617370605469e+00) (17, -1.45637035369873046875e+00) 
