FANN_FLO_2.1
num_layers=3
learning_rate=0.500000
connection_rate=1.000000
network_type=0
learning_momentum=0.000000
training_algorithm=2
train_error_function=1
train_stop_function=0
cascade_output_change_fraction=0.010000
quickprop_decay=-0.000100
quickprop_mu=1.750000
rprop_increase_factor=1.200000
rprop_decrease_factor=0.500000
rprop_delta_min=0.000000
rprop_delta_max=50.000000
rprop_delta_zero=0.100000
cascade_output_stagnation_epochs=12
cascade_candidate_change_fraction=0.010000
cascade_candidate_stagnation_epochs=12
cascade_max_out_epochs=150
cascade_min_out_epochs=50
cascade_max_cand_epochs=150
cascade_min_cand_epochs=50
cascade_num_candidate_groups=2
bit_fail_limit=3.49999994039535522461e-01
cascade_candidate_limit=1.00000000000000000000e+03
cascade_weight_multiplier=4.00000005960464477539e-01
cascade_activation_functions_count=10
cascade_activation_functions=3 5 7 8 10 11 14 15 16 17 
cascade_activation_steepnesses_count=4
cascade_activation_steepnesses=2.50000000000000000000e-01 5.00000000000000000000e-01 7.50000000000000000000e-01 1.00000000000000000000e+00 
layer_sizes=10 3 2 
scale_included=0
neurons (num_inputs, activation_function, activation_steepness)=(0, 0, 0.00000000000000000000e+00) (0, 0, 0.00000000000000000000e+00) (0, 0, 0.00000000000000000000e+00) (0, 0, 0.00000000000000000000e+00) (0, 0, 0.00000000000000000000e+00) (0, 0, 0.00000000000000000000e+00) (0, 0, 0.00000000000000000000e+00) (0, 0, 0.00000000000000000000e+00) (0, 0, 0.00000000000000000000e+00) (0, 0, 0.00000000000000000000e+00) (10, 3, 5.00000000000000000000e-01) (10, 3, 5.00000000000000000000e-01) (0, 3, 0.00000000000000000000e+00) (3, 3, 5.00000000000000000000e-01) (0, 3, 0.00000000000000000000e+00) 
connections (connected_to_neuron, weight)=(0, -5.36248588562011718750e+00) (1, 1.32902851104736328125e+01) (2, 1.19091901779174804688e+01) (3, -1.56715764999389648438e+01) (4, -4.30802059173583984375e+00) (5, -4.75452613830566406250e+00) (6, 3.00213031768798828125e+01) (7, -1.27449998855590820312e+01) (8, 7.79277145862579345703e-01) (9, -8.39578056335449218750e+00) (0, -3.34429740905761718750e+00) (1, -6.51571691036224365234e-01) (2, -2.65535473823547363281e+00) (3, -2.00300788879394531250e+00) (4, 1.88398303985595703125e+01) (5, -4.16575640439987182617e-01) (6, -9.55145645141601562500e+00) (7, -1.75562012195587158203e+00) (8, -1.26845169067382812500e+00) (9, 8.33922088146209716797e-01) (10, -1.41439116001129150391e+00) (11, 3.73836946487426757812e+00) (12, -2.79297208786010742188e+00) 
