FANN_FLO_2.1
num_layers=3
learning_rate=0.500000
connection_rate=1.000000
network_type=0
learning_momentum=0.000000
training_algorithm=2
train_error_function=1
train_stop_function=0
cascade_output_change_fraction=0.010000
quickprop_decay=-0.000100
quickprop_mu=1.750000
rprop_increase_factor=1.200000
rprop_decrease_factor=0.500000
rprop_delta_min=0.000000
rprop_delta_max=50.000000
rprop_delta_zero=0.100000
cascade_output_stagnation_epochs=12
cascade_candidate_change_fraction=0.010000
cascade_candidate_stagnation_epochs=12
cascade_max_out_epochs=150
cascade_min_out_epochs=50
cascade_max_cand_epochs=150
cascade_min_cand_epochs=50
cascade_num_candidate_groups=2
bit_fail_limit=3.49999994039535522461e-01
cascade_candidate_limit=1.00000000000000000000e+03
cascade_weight_multiplier=4.00000005960464477539e-01
cascade_activation_functions_count=10
cascade_activation_functions=3 5 7 8 10 11 14 15 16 17 
cascade_activation_steepnesses_count=4
cascade_activation_steepnesses=2.50000000000000000000e-01 5.00000000000000000000e-01 7.50000000000000000000e-01 1.00000000000000000000e+00 
layer_sizes=10 5 2 
scale_included=0
neurons (num_inputs, activation_function, activation_steepness)=(0, 0, 0.00000000000000000000e+00) (0, 0, 0.00000000000000000000e+00) (0, 0, 0.00000000000000000000e+00) (0, 0, 0.00000000000000000000e+00) (0, 0, 0.00000000000000000000e+00) (0, 0, 0.00000000000000000000e+00) (0, 0, 0.00000000000000000000e+00) (0, 0, 0.00000000000000000000e+00) (0, 0, 0.00000000000000000000e+00) (0, 0, 0.00000000000000000000e+00) (10, 3, 5.00000000000000000000e-01) (10, 3, 5.00000000000000000000e-01) (10, 3, 5.00000000000000000000e-01) (10, 3, 5.00000000000000000000e-01) (0, 3, 0.00000000000000000000e+00) (5, 3, 5.00000000000000000000e-01) (0, 3, 0.00000000000000000000e+00) 
connections (connected_to_neuron, weight)=(0, 7.72863686084747314453e-01) (1, 1.95345997810363769531e+00) (2, -2.18150806427001953125e+01) (3, -2.82276898622512817383e-01) (4, 1.57834482192993164062e+00) (5, -6.58752024173736572266e-01) (6, 7.17801237106323242188e+00) (7, 2.75750732421875000000e+00) (8, -2.38295912742614746094e+00) (9, 6.98526501655578613281e-01) (0, -1.44684612751007080078e-01) (1, -9.71116638183593750000e+00) (2, -3.83959144353866577148e-01) (3, -3.78697812557220458984e-01) (4, 3.86841440200805664062e+00) (5, -4.04508113861083984375e+00) (6, 7.37425136566162109375e+00) (7, 7.41060495376586914062e+00) (8, -5.89456272125244140625e+00) (9, 1.12367415428161621094e+00) (0, 1.98655533790588378906e+00) (1, -2.95620703697204589844e+00) (2, 3.04963159561157226562e+00) (3, -6.91722917556762695312e+00) (4, -1.46205484867095947266e+00) (5, -9.31818675994873046875e+00) (6, 2.84478455781936645508e-01) (7, -1.16368246078491210938e+00) (8, 7.25091886520385742188e+00) (9, 9.85641896724700927734e-01) (0, -2.17872738838195800781e+00) (1, 2.09012150764465332031e+00) (2, 5.31078910827636718750e+00) (3, -3.74928079545497894287e-02) (4, -1.38357651233673095703e+00) (5, 4.62077331542968750000e+00) (6, -3.17029809951782226562e+00) (7, -8.95856475830078125000e+00) (8, 1.13627862930297851562e+00) (9, 5.59526205062866210938e-01) (10, 3.99298119544982910156e+00) (11, -3.30735421180725097656e+00) (12, -4.69156980514526367188e+00) (13, 1.41900241374969482422e+00) (14, 2.03754246234893798828e-01) 
