FANN_FLO_2.1
num_layers=4
learning_rate=0.500000
connection_rate=1.000000
network_type=0
learning_momentum=0.000000
training_algorithm=2
train_error_function=1
train_stop_function=0
cascade_output_change_fraction=0.010000
quickprop_decay=-0.000100
quickprop_mu=1.750000
rprop_increase_factor=1.200000
rprop_decrease_factor=0.500000
rprop_delta_min=0.000000
rprop_delta_max=50.000000
rprop_delta_zero=0.100000
cascade_output_stagnation_epochs=12
cascade_candidate_change_fraction=0.010000
cascade_candidate_stagnation_epochs=12
cascade_max_out_epochs=150
cascade_min_out_epochs=50
cascade_max_cand_epochs=150
cascade_min_cand_epochs=50
cascade_num_candidate_groups=2
bit_fail_limit=3.49999994039535522461e-01
cascade_candidate_limit=1.00000000000000000000e+03
cascade_weight_multiplier=4.00000005960464477539e-01
cascade_activation_functions_count=10
cascade_activation_functions=3 5 7 8 10 11 14 15 16 17 
cascade_activation_steepnesses_count=4
cascade_activation_steepnesses=2.50000000000000000000e-01 5.00000000000000000000e-01 7.50000000000000000000e-01 1.00000000000000000000e+00 
layer_sizes=10 3 3 2 
scale_included=0
neurons (num_inputs, activation_function, activation_steepness)=(0, 0, 0.00000000000000000000e+00) (0, 0, 0.00000000000000000000e+00) (0, 0, 0.00000000000000000000e+00) (0, 0, 0.00000000000000000000e+00) (0, 0, 0.00000000000000000000e+00) (0, 0, 0.00000000000000000000e+00) (0, 0, 0.00000000000000000000e+00) (0, 0, 0.00000000000000000000e+00) (0, 0, 0.00000000000000000000e+00) (0, 0, 0.00000000000000000000e+00) (10, 3, 5.00000000000000000000e-01) (10, 3, 5.00000000000000000000e-01) (0, 3, 0.00000000000000000000e+00) (3, 3, 5.00000000000000000000e-01) (3, 3, 5.00000000000000000000e-01) (0, 3, 0.00000000000000000000e+00) (3, 3, 5.00000000000000000000e-01) (0, 3, 0.00000000000000000000e+00) 
connections (connected_to_neuron, weight)=(0, 1.67151393890380859375e+01) (1, 4.45484252929687500000e+02) (2, 2.79739403724670410156e+00) (3, 2.48840689659118652344e+00) (4, 2.29739189147949218750e+00) (5, -3.16861897706985473633e-01) (6, -3.85187101364135742188e+00) (7, -2.53021073341369628906e+00) (8, -1.22858752441406250000e+03) (9, 2.85407775878906250000e+02) (0, -3.18198299407958984375e+01) (1, 2.83468292236328125000e+02) (2, -1.20225896835327148438e+01) (3, 1.53359428048133850098e-01) (4, 9.02772426605224609375e+00) (5, -1.59103612899780273438e+01) (6, -1.05532729625701904297e+00) (7, -2.99212856292724609375e+01) (8, -5.94257545471191406250e+01) (9, -5.88468933105468750000e+01) (10, -1.16237622070312500000e+03) (11, 1.18681091308593750000e+03) (12, -9.07581329345703125000e+00) (10, -5.57522338867187500000e+02) (11, 5.72869445800781250000e+02) (12, -1.51798086166381835938e+01) (13, 2.02765130996704101562e+00) (14, -1.32620096206665039062e+00) (15, -5.65858066082000732422e-01) 
