FANN_FLO_2.1
num_layers=4
learning_rate=0.500000
connection_rate=1.000000
network_type=0
learning_momentum=0.000000
training_algorithm=2
train_error_function=1
train_stop_function=0
cascade_output_change_fraction=0.010000
quickprop_decay=-0.000100
quickprop_mu=1.750000
rprop_increase_factor=1.200000
rprop_decrease_factor=0.500000
rprop_delta_min=0.000000
rprop_delta_max=50.000000
rprop_delta_zero=0.100000
cascade_output_stagnation_epochs=12
cascade_candidate_change_fraction=0.010000
cascade_candidate_stagnation_epochs=12
cascade_max_out_epochs=150
cascade_min_out_epochs=50
cascade_max_cand_epochs=150
cascade_min_cand_epochs=50
cascade_num_candidate_groups=2
bit_fail_limit=3.49999994039535522461e-01
cascade_candidate_limit=1.00000000000000000000e+03
cascade_weight_multiplier=4.00000005960464477539e-01
cascade_activation_functions_count=10
cascade_activation_functions=3 5 7 8 10 11 14 15 16 17 
cascade_activation_steepnesses_count=4
cascade_activation_steepnesses=2.50000000000000000000e-01 5.00000000000000000000e-01 7.50000000000000000000e-01 1.00000000000000000000e+00 
layer_sizes=10 5 3 2 
scale_included=0
neurons (num_inputs, activation_function, activation_steepness)=(0, 0, 0.00000000000000000000e+00) (0, 0, 0.00000000000000000000e+00) (0, 0, 0.00000000000000000000e+00) (0, 0, 0.00000000000000000000e+00) (0, 0, 0.00000000000000000000e+00) (0, 0, 0.00000000000000000000e+00) (0, 0, 0.00000000000000000000e+00) (0, 0, 0.00000000000000000000e+00) (0, 0, 0.00000000000000000000e+00) (0, 0, 0.00000000000000000000e+00) (10, 3, 5.00000000000000000000e-01) (10, 3, 5.00000000000000000000e-01) (10, 3, 5.00000000000000000000e-01) (10, 3, 5.00000000000000000000e-01) (0, 3, 0.00000000000000000000e+00) (5, 3, 5.00000000000000000000e-01) (5, 3, 5.00000000000000000000e-01) (0, 3, 0.00000000000000000000e+00) (3, 3, 5.00000000000000000000e-01) (0, 3, 0.00000000000000000000e+00) 
connections (connected_to_neuron, weight)=(0, 1.13112773895263671875e+01) (1, -3.22099208831787109375e+00) (2, -7.15759456157684326172e-01) (3, 3.39682042598724365234e-01) (4, -6.60666406154632568359e-01) (5, -5.61298704147338867188e+00) (6, 2.90555739402770996094e+00) (7, 1.13683807849884033203e+00) (8, -5.00995874404907226562e+00) (9, -2.20315194129943847656e+00) (0, 3.32510209083557128906e+00) (1, -2.13087606243789196014e-03) (2, 1.74912464618682861328e+00) (3, 4.53637808561325073242e-01) (4, -4.49220609664916992188e+00) (5, -4.92040443420410156250e+00) (6, 1.12401723861694335938e+01) (7, 9.00238990783691406250e-01) (8, -1.14624583721160888672e+00) (9, -2.73480415344238281250e+00) (0, 1.13942804336547851562e+01) (1, -2.88845682144165039062e+00) (2, -3.01352113485336303711e-01) (3, -4.10820811986923217773e-01) (4, -6.11467540264129638672e-01) (5, -5.49591064453125000000e+00) (6, 1.09774303436279296875e+00) (7, 8.69459986686706542969e-01) (8, -5.13837718963623046875e+00) (9, -1.29660940170288085938e+00) (0, 4.11054515838623046875e+00) (1, -1.70578205585479736328e+00) (2, 3.01067662239074707031e+00) (3, 5.25179684162139892578e-01) (4, -3.76150226593017578125e+00) (5, -7.56360435485839843750e+00) (6, 1.15123653411865234375e+00) (7, 7.34960222244262695312e+00) (8, -8.97139906883239746094e-01) (9, -1.89477121829986572266e+00) (10, 1.11401901245117187500e+01) (11, -1.00258235931396484375e+01) (12, 4.63061904907226562500e+00) (13, -1.40283813476562500000e+01) (14, 6.43888425827026367188e+00) (10, 1.37433910369873046875e+01) (11, -1.06246252059936523438e+01) (12, 1.17329053878784179688e+01) (13, -1.71033382415771484375e+01) (14, 6.68942260742187500000e+00) (15, 4.98389065265655517578e-01) (16, 2.12618088722229003906e+00) (17, -1.73488628864288330078e+00) 
