FANN_FLO_2.1
num_layers=4
learning_rate=0.500000
connection_rate=1.000000
network_type=0
learning_momentum=0.000000
training_algorithm=2
train_error_function=1
train_stop_function=0
cascade_output_change_fraction=0.010000
quickprop_decay=-0.000100
quickprop_mu=1.750000
rprop_increase_factor=1.200000
rprop_decrease_factor=0.500000
rprop_delta_min=0.000000
rprop_delta_max=50.000000
rprop_delta_zero=0.100000
cascade_output_stagnation_epochs=12
cascade_candidate_change_fraction=0.010000
cascade_candidate_stagnation_epochs=12
cascade_max_out_epochs=150
cascade_min_out_epochs=50
cascade_max_cand_epochs=150
cascade_min_cand_epochs=50
cascade_num_candidate_groups=2
bit_fail_limit=3.49999994039535522461e-01
cascade_candidate_limit=1.00000000000000000000e+03
cascade_weight_multiplier=4.00000005960464477539e-01
cascade_activation_functions_count=10
cascade_activation_functions=3 5 7 8 10 11 14 15 16 17 
cascade_activation_steepnesses_count=4
cascade_activation_steepnesses=2.50000000000000000000e-01 5.00000000000000000000e-01 7.50000000000000000000e-01 1.00000000000000000000e+00 
layer_sizes=10 3 3 2 
scale_included=0
neurons (num_inputs, activation_function, activation_steepness)=(0, 0, 0.00000000000000000000e+00) (0, 0, 0.00000000000000000000e+00) (0, 0, 0.00000000000000000000e+00) (0, 0, 0.00000000000000000000e+00) (0, 0, 0.00000000000000000000e+00) (0, 0, 0.00000000000000000000e+00) (0, 0, 0.00000000000000000000e+00) (0, 0, 0.00000000000000000000e+00) (0, 0, 0.00000000000000000000e+00) (0, 0, 0.00000000000000000000e+00) (10, 3, 5.00000000000000000000e-01) (10, 3, 5.00000000000000000000e-01) (0, 3, 0.00000000000000000000e+00) (3, 3, 5.00000000000000000000e-01) (3, 3, 5.00000000000000000000e-01) (0, 3, 0.00000000000000000000e+00) (3, 3, 5.00000000000000000000e-01) (0, 3, 0.00000000000000000000e+00) 
connections (connected_to_neuron, weight)=(0, 2.48502492904663085938e+00) (1, 9.73755550384521484375e+00) (2, 8.12580287456512451172e-01) (3, -2.51753067970275878906e+00) (4, 1.31752991676330566406e+00) (5, 1.96766483783721923828e+00) (6, -6.61056900024414062500e+00) (7, -1.38261117935180664062e+01) (8, 7.35669255256652832031e-01) (9, 3.15826207399368286133e-01) (0, -8.62983405590057373047e-01) (1, -1.10682411193847656250e+01) (2, -1.46251879882812500000e+03) (3, 6.09380006790161132812e-01) (4, 5.98643371582031250000e+02) (5, 4.08962917327880859375e+00) (6, 5.99426031112670898438e+00) (7, 2.74726915359497070312e+00) (8, 5.59473999023437500000e+02) (9, 1.12554156780242919922e+00) (10, 1.99921092987060546875e+01) (11, 1.50000000000000000000e+03) (12, -8.22464275360107421875e+00) (10, 1.92426166534423828125e+01) (11, 1.50000000000000000000e+03) (12, -8.33798599243164062500e+00) (13, 1.20588779449462890625e+00) (14, 8.39088737964630126953e-01) (15, -1.19201433658599853516e+00) 
