FANN_FLO_2.1
num_layers=4
learning_rate=0.400000
connection_rate=1.000000
network_type=0
learning_momentum=0.000000
training_algorithm=2
train_error_function=1
train_stop_function=0
cascade_output_change_fraction=0.010000
quickprop_decay=-0.000100
quickprop_mu=1.750000
rprop_increase_factor=1.200000
rprop_decrease_factor=0.500000
rprop_delta_min=0.000000
rprop_delta_max=50.000000
rprop_delta_zero=0.100000
cascade_output_stagnation_epochs=12
cascade_candidate_change_fraction=0.010000
cascade_candidate_stagnation_epochs=12
cascade_max_out_epochs=150
cascade_min_out_epochs=50
cascade_max_cand_epochs=150
cascade_min_cand_epochs=50
cascade_num_candidate_groups=2
bit_fail_limit=3.49999994039535522461e-01
cascade_candidate_limit=1.00000000000000000000e+03
cascade_weight_multiplier=4.00000005960464477539e-01
cascade_activation_functions_count=10
cascade_activation_functions=3 5 7 8 10 11 14 15 16 17 
cascade_activation_steepnesses_count=4
cascade_activation_steepnesses=2.50000000000000000000e-01 5.00000000000000000000e-01 7.50000000000000000000e-01 1.00000000000000000000e+00 
layer_sizes=7 5 5 2 
scale_included=0
neurons (num_inputs, activation_function, activation_steepness)=(0, 0, 0.00000000000000000000e+00) (0, 0, 0.00000000000000000000e+00) (0, 0, 0.00000000000000000000e+00) (0, 0, 0.00000000000000000000e+00) (0, 0, 0.00000000000000000000e+00) (0, 0, 0.00000000000000000000e+00) (0, 0, 0.00000000000000000000e+00) (7, 3, 5.00000000000000000000e-01) (7, 3, 5.00000000000000000000e-01) (7, 3, 5.00000000000000000000e-01) (7, 3, 5.00000000000000000000e-01) (0, 3, 0.00000000000000000000e+00) (5, 3, 5.00000000000000000000e-01) (5, 3, 5.00000000000000000000e-01) (5, 3, 5.00000000000000000000e-01) (5, 3, 5.00000000000000000000e-01) (0, 3, 0.00000000000000000000e+00) (5, 3, 5.00000000000000000000e-01) (0, 3, 0.00000000000000000000e+00) 
connections (connected_to_neuron, weight)=(0, -2.82643795013427734375e+00) (1, 1.77681475877761840820e-01) (2, 9.10674476623535156250e+00) (3, -4.19774150848388671875e+00) (4, -2.08021664619445800781e+00) (5, 1.37703287601470947266e+00) (6, 2.59290671348571777344e+00) (0, -9.08973999023437500000e+02) (1, 6.34858741760253906250e+01) (2, -1.16774621582031250000e+03) (3, 1.50000000000000000000e+03) (4, -1.10507165527343750000e+03) (5, 1.50000000000000000000e+03) (6, 6.80100870132446289062e+00) (0, -1.61456928253173828125e+01) (1, 1.38090696334838867188e+01) (2, -8.49766540527343750000e+01) (3, -7.74455738067626953125e+00) (4, -1.48370727539062500000e+03) (5, 1.49982275390625000000e+03) (6, -7.20915031433105468750e+00) (0, -1.50000000000000000000e+03) (1, -1.01979019165039062500e+02) (2, -1.50000000000000000000e+03) (3, 4.71107818603515625000e+02) (4, -5.39683952331542968750e+01) (5, 1.49816516113281250000e+03) (6, -9.99140319824218750000e+01) (7, 1.44842041015625000000e+03) (8, -1.19345140457153320312e+01) (9, -3.77012451171875000000e+02) (10, 6.34436492919921875000e+01) (11, 9.12764549255371093750e-01) (7, 2.66778316497802734375e+01) (8, -7.47524976730346679688e+00) (9, -9.25666141510009765625e+00) (10, 1.51928119659423828125e+01) (11, -2.54206776618957519531e+00) (7, 1.83326110839843750000e+01) (8, 1.79990077018737792969e+00) (9, 2.23368692398071289062e+00) (10, 3.03882360458374023438e+00) (11, -7.11042690277099609375e+00) (7, 2.72994861602783203125e+01) (8, -3.19386267662048339844e+00) (9, -3.54386591911315917969e+00) (10, -8.44436073303222656250e+00) (11, -1.84861969947814941406e+00) (12, -6.18810296058654785156e-01) (13, -9.09829139709472656250e-01) (14, -6.49505734443664550781e-01) (15, -6.95516943931579589844e-01) (16, -5.15965938568115234375e-01) 
