FANN_FLO_2.1
num_layers=3
learning_rate=0.500000
connection_rate=1.000000
network_type=0
learning_momentum=0.000000
training_algorithm=2
train_error_function=1
train_stop_function=0
cascade_output_change_fraction=0.010000
quickprop_decay=-0.000100
quickprop_mu=1.750000
rprop_increase_factor=1.200000
rprop_decrease_factor=0.500000
rprop_delta_min=0.000000
rprop_delta_max=50.000000
rprop_delta_zero=0.100000
cascade_output_stagnation_epochs=12
cascade_candidate_change_fraction=0.010000
cascade_candidate_stagnation_epochs=12
cascade_max_out_epochs=150
cascade_min_out_epochs=50
cascade_max_cand_epochs=150
cascade_min_cand_epochs=50
cascade_num_candidate_groups=2
bit_fail_limit=3.49999994039535522461e-01
cascade_candidate_limit=1.00000000000000000000e+03
cascade_weight_multiplier=4.00000005960464477539e-01
cascade_activation_functions_count=10
cascade_activation_functions=3 5 7 8 10 11 14 15 16 17 
cascade_activation_steepnesses_count=4
cascade_activation_steepnesses=2.50000000000000000000e-01 5.00000000000000000000e-01 7.50000000000000000000e-01 1.00000000000000000000e+00 
layer_sizes=10 5 2 
scale_included=0
neurons (num_inputs, activation_function, activation_steepness)=(0, 0, 0.00000000000000000000e+00) (0, 0, 0.00000000000000000000e+00) (0, 0, 0.00000000000000000000e+00) (0, 0, 0.00000000000000000000e+00) (0, 0, 0.00000000000000000000e+00) (0, 0, 0.00000000000000000000e+00) (0, 0, 0.00000000000000000000e+00) (0, 0, 0.00000000000000000000e+00) (0, 0, 0.00000000000000000000e+00) (0, 0, 0.00000000000000000000e+00) (10, 3, 5.00000000000000000000e-01) (10, 3, 5.00000000000000000000e-01) (10, 3, 5.00000000000000000000e-01) (10, 3, 5.00000000000000000000e-01) (0, 3, 0.00000000000000000000e+00) (5, 3, 5.00000000000000000000e-01) (0, 3, 0.00000000000000000000e+00) 
connections (connected_to_neuron, weight)=(0, -1.75706348419189453125e+01) (1, -1.03457760810852050781e+00) (2, -5.12331008911132812500e+00) (3, -1.19891738891601562500e+01) (4, 3.47596168518066406250e-01) (5, -3.04800581932067871094e+00) (6, 1.02895374298095703125e+01) (7, 1.83436737060546875000e+01) (8, 1.71302280426025390625e+01) (9, -4.34333324432373046875e+00) (0, 9.55879402160644531250e+00) (1, 1.17781524658203125000e+01) (2, 1.01309909820556640625e+01) (3, -2.08677519112825393677e-02) (4, -1.21796238422393798828e+00) (5, 5.32527160644531250000e+00) (6, -2.14177560806274414062e+00) (7, -1.33205757141113281250e+01) (8, -2.98477115631103515625e+01) (9, -2.66646414995193481445e-01) (0, -1.78642826080322265625e+01) (1, -6.75915837287902832031e-01) (2, -6.73855638504028320312e+00) (3, -1.15089282989501953125e+01) (4, 3.80437254905700683594e-01) (5, -1.04148273468017578125e+01) (6, 1.18792524337768554688e+01) (7, 1.00529890060424804688e+01) (8, 2.01071777343750000000e+01) (9, -5.52672743797302246094e-01) (0, 3.33564414978027343750e+01) (1, 1.11090869903564453125e+01) (2, 2.64335012435913085938e+00) (3, 1.07386130839586257935e-02) (4, -8.05882513523101806641e-01) (5, -9.14498805999755859375e+00) (6, -8.21685314178466796875e+00) (7, -5.85741615295410156250e+00) (8, -4.10306777954101562500e+01) (9, -1.67361229658126831055e-01) (10, 1.81531381607055664062e+00) (11, 1.16293406486511230469e+00) (12, 7.45627045631408691406e-01) (13, 1.39874577522277832031e+00) (14, -1.68223226070404052734e+00) 
