FANN_FLO_2.1
num_layers=4
learning_rate=0.400000
connection_rate=1.000000
network_type=0
learning_momentum=0.000000
training_algorithm=2
train_error_function=1
train_stop_function=0
cascade_output_change_fraction=0.010000
quickprop_decay=-0.000100
quickprop_mu=1.750000
rprop_increase_factor=1.200000
rprop_decrease_factor=0.500000
rprop_delta_min=0.000000
rprop_delta_max=50.000000
rprop_delta_zero=0.100000
cascade_output_stagnation_epochs=12
cascade_candidate_change_fraction=0.010000
cascade_candidate_stagnation_epochs=12
cascade_max_out_epochs=150
cascade_min_out_epochs=50
cascade_max_cand_epochs=150
cascade_min_cand_epochs=50
cascade_num_candidate_groups=2
bit_fail_limit=3.49999994039535522461e-01
cascade_candidate_limit=1.00000000000000000000e+03
cascade_weight_multiplier=4.00000005960464477539e-01
cascade_activation_functions_count=10
cascade_activation_functions=3 5 7 8 10 11 14 15 16 17 
cascade_activation_steepnesses_count=4
cascade_activation_steepnesses=2.50000000000000000000e-01 5.00000000000000000000e-01 7.50000000000000000000e-01 1.00000000000000000000e+00 
layer_sizes=7 5 3 2 
scale_included=0
neurons (num_inputs, activation_function, activation_steepness)=(0, 0, 0.00000000000000000000e+00) (0, 0, 0.00000000000000000000e+00) (0, 0, 0.00000000000000000000e+00) (0, 0, 0.00000000000000000000e+00) (0, 0, 0.00000000000000000000e+00) (0, 0, 0.00000000000000000000e+00) (0, 0, 0.00000000000000000000e+00) (7, 3, 5.00000000000000000000e-01) (7, 3, 5.00000000000000000000e-01) (7, 3, 5.00000000000000000000e-01) (7, 3, 5.00000000000000000000e-01) (0, 3, 0.00000000000000000000e+00) (5, 3, 5.00000000000000000000e-01) (5, 3, 5.00000000000000000000e-01) (0, 3, 0.00000000000000000000e+00) (3, 3, 5.00000000000000000000e-01) (0, 3, 0.00000000000000000000e+00) 
connections (connected_to_neuron, weight)=(0, -6.18201828002929687500e+00) (1, 5.87404489517211914062e+00) (2, 2.07283705472946166992e-01) (3, -1.27016878128051757812e+00) (4, -1.48727691173553466797e+00) (5, -4.32625293731689453125e+00) (6, 2.40669995546340942383e-01) (0, -9.82377827167510986328e-02) (1, -2.90211725234985351562e+00) (2, 9.82359409332275390625e+00) (3, -5.23930454254150390625e+00) (4, -3.02803826332092285156e+00) (5, 6.19736051559448242188e+00) (6, -1.01515948772430419922e+00) (0, -1.49964855957031250000e+03) (1, -8.48356819152832031250e+00) (2, -1.48446716308593750000e+03) (3, -1.65856056213378906250e+01) (4, -2.02146972656250000000e+02) (5, 1.50000000000000000000e+03) (6, -1.04276145935058593750e+02) (0, -3.20964241027832031250e+00) (1, -8.94669234752655029297e-01) (2, -6.21644353866577148438e+00) (3, -3.11011600494384765625e+00) (4, 3.09102463722229003906e+00) (5, 1.49268388748168945312e+00) (6, 1.49496883153915405273e-01) (7, 7.03190565109252929688e+00) (8, 3.74562716484069824219e+00) (9, 7.79292602539062500000e+02) (10, 1.56103885173797607422e+00) (11, -2.11283230781555175781e+00) (7, 7.07778215408325195312e+00) (8, 4.55908346176147460938e+00) (9, -3.41152215003967285156e+00) (10, 2.88775491714477539062e+00) (11, -1.90831041336059570312e+00) (12, -2.08675241470336914062e+00) (13, -2.13975286483764648438e+00) (14, -4.21182870864868164062e-01) 
